30920.5 2.60348e+008 
30972.1 2.61728e+008 
31341.6 2.905e+008 
31543.6 3.31929e+008 
32343.7 3.67193e+008 
33581.4 4.42131e+008 
34687.3 4.90131e+008 
35988.6 5.20625e+008 
37324.6 5.43369e+008 
33017.9 2.32066e+008 
33354.4 2.32698e+008 
33840.4 2.59851e+008 
33930.4 3.01977e+008 
34809.2 3.57794e+008 
35969.5 4.27818e+008 
37005.7 4.82929e+008 
38154 5.10259e+008 
38909.2 5.39544e+008 
33998.2 2.01715e+008 
34707.8 2.09943e+008 
35482.6 2.47125e+008 
35711.9 2.79132e+008 
36442.7 3.37222e+008 
37599.2 4.04984e+008 
38561.7 4.33001e+008 
39481.9 4.91065e+008 
40628.2 5.69578e+008 
34579.1 1.88761e+008 
35220.7 1.84723e+008 
36120.8 2.23394e+008 
36394.9 2.62426e+008 
36736.5 3.10265e+008 
37897.5 3.50543e+008 
39130.5 3.90905e+008 
39962.7 4.54472e+008 
40933.4 5.45213e+008 
86.32 484.066 
89.1194 407.499 
91.8197 315.728 
93.9994 229.132 
94.958 179.774 
95.3966 155.318 
95.5924 132.725 
95.1894 128.361 
94.4914 139.126 
86.5221 449.873 
89.4774 358.296 
91.9984 268.096 
93.7001 209.831 
94.3125 190.422 
94.5294 163.64 
94.8939 129.86 
94.791 118.87 
94.2499 131.127 
87.011 422.371 
89.7283 329.256 
91.9278 257.326 
93.3553 210.882 
93.9559 195.011 
94.2811 159.861 
94.6936 124.339 
94.7723 112.848 
94.1831 128.482 
87.638 402.925 
90.2134 321.461 
91.9981 260.582 
93.0718 222.508 
93.7384 197.777 
94.1714 160.158 
94.6435 120.657 
94.8669 110.49 
94.5576 116.091 
169.812 110.535 
171.043 97.8652 
172.022 88.8764 
172.646 80.6373 
173.181 81.271 
173.396 81.9649 
173.24 82.4912 
173.227 89.4277 
173.101 92.6149 
170.234 114.708 
171.326 99.2698 
172.213 92.7447 
172.826 84.5493 
173.308 83.266 
173.593 78.4164 
173.553 75.4728 
173.493 77.0276 
173.41 78.624 
170.298 99.0288 
171.445 94.3697 
172.324 94.0913 
172.906 82.6279 
173.301 82.0714 
173.519 75.8102 
173.61 73.5852 
173.527 73.3757 
173.492 78.0134 
170.079 87.5128 
171.171 84.9522 
172.12 83.5102 
172.854 84.0584 
173.26 86.742 
173.428 75.7782 
173.595 74.2205 
173.52 73.5826 
173.4 74.9109 
186.869 96.6685 
187.732 92.0429 
188.348 87.5516 
188.569 85.7128 
188.633 85.7139 
188.628 87.6757 
188.587 88.5575 
188.529 86.6228 
188.385 86.0159 
185.648 93.9878 
186.385 92.6983 
187.023 91.2541 
187.273 90.7737 
187.252 91.4232 
187.277 90.2094 
187.377 90.0533 
187.456 90.2356 
187.487 88.9372 
185.093 91.1645 
185.824 88.1823 
186.395 87.3339 
186.583 89.7866 
186.505 90.6948 
186.5 92.4664 
186.566 95.9219 
186.588 96.2041 
186.69 93.1331 
185.364 89.4404 
186.004 87.7401 
186.509 84.1354 
186.775 85.3423 
186.722 83.9216 
186.619 86.1172 
186.501 92.0539 
186.357 94.5531 
186.302 93.6052 
5855.5 4.67692e+007 
5768.27 4.77826e+007 
5682.52 4.83016e+007 
5523.41 4.81655e+007 
5542.72 4.84163e+007 
5520.04 4.45792e+007 
5413.57 4.76698e+007 
5198.5 4.78119e+007 
4708.13 3.86831e+007 
6731.12 4.8803e+007 
6539.15 4.82281e+007 
6337.8 4.60077e+007 
6138.79 4.61722e+007 
6136.89 4.59534e+007 
6077.79 4.67936e+007 
6023.12 5.65274e+007 
5789.63 5.37239e+007 
5200.1 4.28798e+007 
6900.88 4.57594e+007 
6814.36 4.74338e+007 
6640.69 4.69668e+007 
6457.43 4.52694e+007 
6435.93 4.80712e+007 
6253.88 5.34489e+007 
5917.08 5.12704e+007 
5665.54 4.77829e+007 
5534.4 4.48985e+007 
6900.08 4.56681e+007 
6870.12 4.65267e+007 
6720.04 4.72893e+007 
6562.28 5.05534e+007 
6455.76 5.27121e+007 
6165.84 5.01693e+007 
5756.32 4.4744e+007 
5428.58 3.83117e+007 
5366.54 3.78582e+007 
4280.31 1.44672e+007 
4226.67 1.41483e+007 
4135.96 1.38394e+007 
4004.14 1.41942e+007 
4018.76 1.47077e+007 
4078.96 1.53551e+007 
4007.77 1.49442e+007 
3885.98 1.50371e+007 
3862.19 1.46144e+007 
5141.9 2.16258e+007 
5046.47 2.01016e+007 
4900.25 1.74875e+007 
4826.14 1.95074e+007 
4769.62 1.96624e+007 
4688.15 2.0439e+007 
4566.76 2.20619e+007 
4473.58 2.10848e+007 
4385.34 2.0674e+007 
5558.2 2.24097e+007 
5540.22 2.26553e+007 
5501.83 2.31166e+007 
5372.74 2.38823e+007 
5170.9 2.29138e+007 
5047.12 2.3634e+007 
4908.02 2.33904e+007 
4898.8 2.41518e+007 
4974.32 2.56898e+007 
5494.92 2.02633e+007 
5531.16 2.18399e+007 
5598.06 2.30281e+007 
5453.02 2.31646e+007 
5241.88 2.36164e+007 
5190.09 2.38167e+007 
5153.43 2.38596e+007 
5196.73 2.53883e+007 
5258.37 2.65961e+007 
5066.92 1.16935e+007 
5159.05 1.20352e+007 
5313.31 1.40004e+007 
5479.52 1.67793e+007 
5667.28 1.95462e+007 
5742.27 2.19045e+007 
5746.29 2.02358e+007 
5851.24 2.07716e+007 
6052.3 1.99999e+007 
5208.46 1.14134e+007 
5410.57 1.14036e+007 
5701.22 1.39304e+007 
5884.02 1.68619e+007 
6070.03 1.92786e+007 
6133.95 2.06569e+007 
6128.52 2.07918e+007 
6258.51 2.12306e+007 
6310.92 2.02628e+007 
5293.25 1.0764e+007 
5527.33 1.18012e+007 
5855.32 1.49235e+007 
6021.57 1.59216e+007 
6088.07 1.68252e+007 
6248.21 1.714e+007 
6394.67 1.80918e+007 
6529.48 1.95531e+007 
6492.27 1.84319e+007 
5313.43 1.11511e+007 
5413.17 1.12572e+007 
5694.67 1.35993e+007 
5835.18 1.38025e+007 
5820.57 1.42563e+007 
6095.47 1.43692e+007 
6311.07 1.46002e+007 
6471.13 1.49432e+007 
6505.15 1.47071e+007 
7299.72 4.53751e+007 
7563.18 4.71495e+007 
8016.82 5.84301e+007 
8414.44 6.67593e+007 
8769.2 7.51506e+007 
9231.91 9.0061e+007 
9984.5 1.05142e+008 
11149.4 1.2187e+008 
12368 1.41225e+008 
6651.31 3.54774e+007 
7116.55 3.92204e+007 
7713.36 5.34317e+007 
8226.87 6.40242e+007 
8948.71 7.97835e+007 
9739.71 1.05514e+008 
10593.8 1.18744e+008 
11505.5 1.29715e+008 
12591 1.43153e+008 
6425.84 3.13373e+007 
6957.8 3.69674e+007 
7601.88 5.30468e+007 
8365.84 6.90201e+007 
9371.48 9.48531e+007 
10576 1.25801e+008 
11769.4 1.4266e+008 
12431 1.44264e+008 
13123.4 1.51996e+008 
6555.92 3.07721e+007 
7063.57 3.72293e+007 
7798.31 5.56218e+007 
8666.83 7.61186e+007 
9628.99 1.0756e+008 
10908.6 1.32485e+008 
12403.8 1.55362e+008 
13213.1 1.60419e+008 
13770.4 1.67148e+008 
4010.22 9.30259e+006 
3948.28 9.26024e+006 
3905.95 8.80241e+006 
3905.45 8.85075e+006 
4012.85 9.50376e+006 
4395.94 1.33956e+007 
4783.56 1.9724e+007 
5146.81 2.13228e+007 
5632.23 2.38261e+007 
4398.76 1.25736e+007 
4405.64 1.31035e+007 
4421.88 1.2059e+007 
4263.2 1.03106e+007 
4264.94 9.63839e+006 
4586.01 1.22278e+007 
4928.33 1.59863e+007 
5287.9 2.02772e+007 
5646.32 2.2189e+007 
4749.21 1.59713e+007 
4831.09 1.7097e+007 
4916.9 1.7071e+007 
4688.88 1.50216e+007 
4627.3 1.26148e+007 
4820.83 1.31292e+007 
5048.22 1.37891e+007 
5375.54 1.74323e+007 
5754.2 2.23488e+007 
5174.1 2.05356e+007 
5219.86 2.0181e+007 
5283.43 2.11565e+007 
5000.98 1.75558e+007 
4814.93 1.47275e+007 
4947.12 1.38176e+007 
5127.98 1.32617e+007 
5348.18 1.46519e+007 
5665.18 1.913e+007 
4407.81 1.44897e+007 
4306.7 1.42077e+007 
4287.07 1.51291e+007 
4216.68 1.52581e+007 
4332.88 1.584e+007 
4612.31 1.71316e+007 
4751.62 1.9512e+007 
4756.68 2.06245e+007 
4701.83 1.89172e+007 
4886.33 1.47269e+007 
4835.99 1.45423e+007 
4765.86 1.35768e+007 
4591.34 1.39773e+007 
4619.04 1.46508e+007 
4743.9 1.51308e+007 
4765.22 1.72565e+007 
4838.85 1.85896e+007 
4775.48 1.79259e+007 
5070.83 1.30364e+007 
5036.97 1.358e+007 
4965.96 1.32983e+007 
4805.42 1.39184e+007 
4749.01 1.4832e+007 
4653.15 1.38477e+007 
4524.25 1.38548e+007 
4581.52 1.45259e+007 
4749.58 1.71332e+007 
5140.63 1.25103e+007 
5122.84 1.31319e+007 
5026.32 1.39104e+007 
4876.57 1.416e+007 
4774.35 1.46304e+007 
4590.43 1.39893e+007 
4377.89 1.23671e+007 
4305.03 1.20225e+007 
4367.75 1.28832e+007 
