49103.8 3.68327e+006 
42695.3 2.24323e+006 
41311.4 2.50705e+006 
36858.3 1.30355e+007 
24923.7 2.255e+006 
27048.5 2.23693e+007 
29479.7 5.62398e+006 
20291.4 8.64511e+006 
26543.9 934448 
49798.8 3.71411e+006 
39007.8 7.47913e+006 
35835.1 1.4284e+006 
34443.8 6.09141e+006 
27184.2 3.35822e+006 
33711.6 1.92338e+007 
36577.4 8.48327e+006 
27811.9 7.31437e+006 
36284.8 6.38401e+006 
50815.7 7.10782e+006 
40590.6 4.46477e+006 
44381.5 7.6759e+006 
51181.9 8.61279e+006 
46579.7 1.08784e+007 
44541.9 2.47437e+006 
43522.8 2.53495e+006 
42880.3 6.81237e+006 
47560.6 7.61694e+006 
30483.6 1.21953e+007 
37710.6 7.52909e+006 
52880.5 1.7829e+007 
67876.7 5.41619e+006 
65161.1 2.43778e+007 
49556.5 9.54048e+006 
35578.4 3.98569e+006 
35222.8 1.7237e+007 
41095.5 2.32474e+007 
88.8699 9.22911 
78.9259 1.263 
79.6947 1.46445 
77.4816 3.33174 
69.2706 4.89194 
66.4066 5.96106 
82.1591 9.93639 
97.1794 3.37655 
98.4587 0.0538637 
88.0064 12.266 
78.2467 0.812054 
78.4495 1.30344 
75.1628 2.40551 
69.0787 1.45849 
69.7675 3.12052 
81.1184 5.80892 
94.5553 5.51691 
97.3524 1.63568 
87.7437 12.7978 
80.0127 0.645446 
79.4844 0.627034 
81.306 1.1753 
80.3625 3.43216 
76.3807 0.745255 
79.2744 2.46527 
87.3116 2.15424 
87.4083 3.74308 
102.261 6.47471 
94.5256 6.62839 
86.9883 5.60906 
87.7431 5.58381 
87.8683 5.77033 
79.9845 0.633614 
83.0598 7.69891 
90.8513 3.15377 
88.0406 1.75142 
171.504 0.290591 
168.247 3.89264 
165.09 1.421 
162.26 2.52857 
153.896 2.77795 
170.493 19.3815 
183.768 1.65164 
173.947 4.38482 
172.465 0.103881 
167.974 1.55795 
159.849 4.08126 
157.102 0.95287 
156.006 2.34033 
148.537 0.890231 
165.654 21.7262 
181.244 3.52714 
173.82 3.32172 
172.336 0.105361 
165.955 1.25359 
159.187 1.33789 
157.578 0.593046 
156.723 2.28597 
155.783 7.27248 
172.714 12.156 
181.802 2.46998 
175.491 0.939557 
175.312 0.53055 
164.96 0.39498 
162.032 0.385369 
162.705 1.0849 
163.753 1.14712 
169.692 18.5213 
186.736 7.31403 
185.729 12.3274 
175.291 0.417168 
175.707 0.107262 
193.918 0.490064 
188.126 3.9905 
180.764 2.83481 
181.804 2.37981 
190.787 2.79505 
192.967 0.823922 
190.443 0.169654 
192.143 0.863263 
194.999 0.144261 
196.107 0.439693 
187.993 4.47202 
180.232 0.737806 
183.943 2.37051 
191.48 1.3339 
193.773 0.306811 
193.727 0.345775 
193.936 0.478505 
194.403 0.155535 
196.501 0.566499 
188.249 4.46648 
183.716 1.3394 
187.762 1.34386 
190.057 0.111177 
190.265 0.208632 
193.814 1.22759 
196.518 0.195951 
195.569 0.451598 
195.542 0.229974 
192.404 0.965972 
193.537 1.49099 
197.647 0.31043 
195.451 1.36866 
191.372 0.423334 
193.236 0.914676 
196.475 0.386906 
195.946 0.450901 
6544.49 2.61834e+006 
8569.75 1.10188e+006 
8398.74 687163 
3786.81 4.23738e+006 
870.275 140497 
669.093 76250.4 
522.175 38381.3 
633.236 34595.8 
616.68 27712.8 
9637.25 452194 
6598.46 3.79344e+006 
4728.9 190641 
4138.69 438407 
2061.89 581665 
1471.26 85535.9 
3208.44 481677 
6491.67 2.99474e+006 
7839.49 8.76506e+006 
11477.1 2.04188e+006 
8608.1 4.07766e+006 
9899.06 4.58468e+006 
16903.2 3.26249e+006 
13426 3.97507e+006 
5974.85 920799 
9476.54 3.29584e+006 
19818.6 7.11365e+006 
22763.4 8.3512e+006 
6793.58 359034 
12186.8 872485 
19584.7 6.90364e+006 
27621.3 2.61895e+006 
22681.5 7.62123e+006 
8345.79 5.99662e+006 
7316.37 1.91555e+006 
17335.8 5.57406e+006 
22049.9 1.20394e+007 
8362.37 2.52807e+006 
9216.1 357526 
8328.75 728007 
6513.95 521322 
3052.21 99327.5 
2681.33 213768 
1782.41 165939 
1355.2 50663.7 
1153.94 16781.1 
9606.46 556558 
6995.69 550725 
6018.82 215150 
5823.34 698041 
3482.76 311088 
3327.6 171304 
2384.39 322168 
1547.25 102693 
2007.4 177011 
9253.16 1.39875e+006 
7139.05 550261 
8476.71 618999 
11174.7 688458 
7261.49 1.09962e+006 
4817.57 180886 
4006.35 183556 
3414.51 244930 
4311.41 702107 
4238.68 119294 
5341.72 294823 
7551.53 530749 
9108.57 676887 
6251.05 890998 
3996.66 174796 
3306.6 118925 
3265.7 151446 
4310.44 862117 
7702.68 772647 
7320.66 124336 
6654.38 376073 
10985.2 219545 
9205.66 352181 
7230.95 1.39334e+006 
7531.76 589537 
4837.3 990191 
3199.86 25766 
8401.21 514243 
6522.47 173187 
7703.62 515460 
9155.5 339470 
8000.37 352245 
7559.57 641343 
6071.3 1.50444e+006 
3238.05 280405 
2817.4 61226.7 
7327.74 331648 
5040.85 245465 
6805.28 580833 
6480.11 318589 
6399.87 690703 
8099.2 296779 
5507.29 1.39151e+006 
2158.43 90021.2 
2341.76 414072 
2196.39 261780 
2160.78 166177 
2998.14 550111 
2540.47 428622 
5201.73 361616 
8629.85 256018 
5763.68 488390 
2256.8 208884 
1442.72 436047 
13597.3 3.26359e+006 
5605.26 771235 
4439.45 627897 
7130.95 145244 
6407.53 524387 
8675.95 1.07104e+007 
12199.8 916855 
8394.34 5.3833e+006 
8984.72 281347 
8896.66 2.57205e+006 
7775.95 675074 
7157.17 815993 
7865.3 402906 
7790.56 558569 
9831.01 3.99242e+006 
10451.5 1.92501e+006 
6007 2.21386e+006 
7868.27 1.56328e+006 
5500.47 1.85542e+006 
4462.65 374049 
5249.35 369049 
3888.67 530317 
7150.8 505708 
11276.8 903827 
7235.42 1.57321e+006 
1756.72 833098 
2689.24 721866 
2360.45 1.02982e+006 
1694.2 70813.6 
1367.47 154825 
586.79 68421.4 
7237.49 1.03011e+006 
16639.9 1.38946e+006 
10309.5 1.31881e+006 
1231.56 368051 
729.481 34446.4 
7904.13 269659 
4565.86 1.14208e+006 
5653.62 270292 
4840.92 93438.3 
3553.39 153613 
5621.05 564806 
5861.01 741219 
4070.28 791444 
11102.3 872064 
6269.42 452109 
4877.94 180153 
5333.55 96693.8 
4221.84 348170 
3663.43 842904 
7847.79 1.49038e+006 
7888.74 922194 
4221.19 831728 
12091.5 919601 
5926.8 375821 
6518.2 451450 
6061.17 711604 
3030.4 498536 
4090.21 562693 
7948.14 1.26696e+006 
6608.19 783831 
2768.41 722693 
4685.72 1.03092e+006 
5602.52 1.17571e+006 
6176.72 400768 
4869.85 1.32405e+006 
2361.48 271838 
3760.08 182377 
4958.29 127486 
3008.29 436254 
1694.34 144436 
1430.32 60583.7 
4992.74 401958 
7417.68 435662 
7836.46 489942 
3600.5 1.1236e+006 
1834.62 56298.1 
2170.13 145662 
1582.55 187365 
1001.04 71412.9 
1486.34 13389 
6987.8 602168 
6237.24 863467 
4893.01 295112 
3239.17 399831 
2185.16 160114 
3674.35 545935 
6573.04 1.14144e+006 
6306.73 1.57746e+006 
3660.76 939623 
11330.5 1.34413e+006 
8821.8 436814 
7889.91 1.27351e+006 
9704.81 4.79086e+006 
8251.28 4.08564e+006 
6425.31 722120 
10689 1.29215e+006 
12963.7 1.03219e+006 
10769 2.21995e+006 
9291.97 1.84959e+006 
10150.4 1.89827e+006 
16508.8 3.84599e+006 
25658.1 1.07141e+006 
20029.3 7.85723e+006 
6986.03 2.51438e+006 
5873.96 1.45473e+006 
9438.52 5.13605e+006 
11132.6 1.93878e+006 
