52576.1 52432.4 49515.3 48910.6 49492.8 49696.5 48752.6 51193.4 48994.6  
43995.9 42806.3 42710.5 46670.7 44009.7 43787.8 42889 43071.1 42816.3  
39905.7 39682.5 42602.1 44446.5 42712.4 42581.4 42657.8 40586.2 42612.6  
39740.4 36212 30986.6 42803 37908.8 32341.3 40342.1 36338.3 32897.8  
24419.4 24579.7 22790.4 24919.3 23898.6 23509.5 23894.3 24113.8 23158.7  
21200.3 28072.8 31319.2 19736.9 26649.5 31725.2 19646.6 27137.5 30114.8  
30956.2 29087.3 26242.7 29350.2 28045.4 25852.8 29853.6 28822.5 26815  
22287.6 16149.8 17605.4 24063 18648.4 19822.7 23228.4 16615.7 16975  
27123.9 28661.4 27141.5 26147.2 26643.3 26771.4 25935.4 27753.7 27078  
49520.9 50641.3 48789.2 53933.7 50920.9 52602.4 50485.8 50541.4 50863  
39926.6 38036.2 35165 44760.9 41783.3 37305.2 41771.5 37864.6 36196.1  
35617.1 36172.3 38165.1 34558.2 36026.6 37244.4 35181.9 35258.6 37101.3  
38284.2 36222.6 31536.9 37940.6 34866.7 32397.6 36894.3 34521.5 32871.2  
28484.2 28907.5 26510.1 27451.7 27550.7 28286.5 25974.2 26920.1 26509.7  
30199.9 34441.3 38668.3 27680.9 33723.3 39107.8 27498.3 33301.5 36843.5  
39672.1 37745.9 33694.3 38652.1 36872.8 33559 39371 37562.3 34952.1  
32318.9 29663 26418.8 31012.3 29699.9 31026.3 30792.3 28927.7 26312  
39467.2 40647.2 35706.8 35706.8 38966 39088.2 35282.6 39264.7 35613.5  
44768.5 47020.5 51381.3 51939.3 47937.5 51436.5 53086.9 51216.1 53967.9  
40112.1 38950 38694.6 44090.4 41910.1 39563.7 43053.2 38711.9 38307.7  
45298.7 47861.2 48050.8 41716.8 45929.7 49646.8 41746.8 45148.9 46246.8  
56331.2 56741.4 49352.1 52157.6 54633.2 54263.1 50429.8 53781.2 50599.9  
53322.8 50157.2 42702.4 49892.1 50581.5 46655.4 46950.1 47352.9 43329.2  
44788.9 45052.1 46267.6 43541.2 45287.5 47109.7 42777.3 44592 45398.6  
43794.9 44006.6 43926.3 44296.7 43780.8 43422.1 45148.8 44580.4 44137  
44762.9 45744.6 45875.9 44489.1 44675 45845.7 45341.9 45639.6 45518.7  
50413.8 51018.9 49447.3 49928.2 49896.2 50260.5 49691.9 50981.8 49600.2  
23826.3 26080.8 33602.3 28115.1 26537.3 30330.5 30306.1 29920.2 34995.9  
32899.5 34145.8 41431.1 35233.4 35162.5 37838.3 37955.9 37415.1 41410.8  
46870.7 50733.2 59180.7 48828.7 50595.5 55781.2 53315.7 55360.1 60277.8  
64847.6 67463.1 69469 67406.7 68307.2 69767.9 70127.5 71834.2 71949.4  
70886.8 65570.8 57306.2 71384.6 66710.4 58828.6 71126.4 66651.3 60110.9  
53163 49659.1 44337.6 53290.2 49982.4 44670.8 52305.2 49175 45946.4  
32223.1 32565.6 35801.2 33850.9 33115.3 34545.5 33974 33602.3 35658.6  
26953.8 27184.7 37476.6 33877 30759.9 33397.9 34276 31305.6 38197.2  
30678.3 31538 42895 42311.7 37360.5 37945.9 43394 38643 45105.9  
91.896 88.8476 83.0106 90.9305 90.3715 86.0224 90.3715 88.4576 84.5558  
78.2241 78.9593 79.8113 77.0972 78.0275 79.64 77.6455 79.1267 79.6564  
78.4223 79.3523 81.8027 80.1759 80.3306 81.4045 79.9886 80.0474 81.5261  
78.9769 77.0152 74.9986 80.6986 78.3434 75.3345 80.1272 77.47 75.8974  
71.0159 68.4744 65.336 72.2047 69.8076 66.2835 71.4071 68.611 66.4327  
63.9221 65.6426 70.0698 63.3166 64.9561 70.0698 63.3568 65.2339 68.3479  
79.1717 82.6729 87.2782 79.3707 82.7367 87.8061 78.554 82.3862 85.5665  
96.7636 99.0204 98.4439 96.4761 98.8138 98.1401 96.3342 98.8817 98.7572  
98.253 98.3289 98.408 98.405 98.3352 98.4554 98.3132 98.356 98.4139  
88.9581 85.2316 82.3762 93.3494 89.8583 84.4993 90.4793 86.1326 83.5751  
77.4768 77.6132 77.6198 78.91 78.3422 78.3191 78.2789 78.0603 77.8895  
78.4985 79.4295 80.0703 77.057 78.4771 79.7157 78.3906 79.5499 80.2676  
76.9949 74.9483 72.9799 77.1701 75.7472 73.2307 77.583 75.1985 73.6954  
70.0207 68.5682 67.3458 70.5727 69.1554 68.0681 70.0379 68.3591 67.2636  
69.0398 69.8428 72.2839 67.2577 69.0147 72.321 67.5858 69.2618 71.0887  
77.3502 79.8161 84.61 79.1199 81.2023 84.2327 78.3209 80.577 83.4888  
89.7848 92.1012 97.1823 93.9742 94.8184 95.474 93.3222 94.2551 97.022  
94.3788 94.8923 98.4069 98.1414 97.1279 97.2748 97.8463 96.9643 98.4125  
90.9183 87.9612 81.7843 93.3954 90.9774 86.4112 89.2742 86.6796 82.8813  
81.2716 80.5644 78.9981 81.2059 80.9622 80.2021 79.5839 79.6552 79.0927  
79.131 79.3215 81.2043 79.4171 79.3612 79.9172 79.8495 79.9208 81.2385  
81.6967 82.7181 81.9994 81.6014 82.3426 83.4927 81.667 82.5154 82.0241  
84.1384 82.7356 78.4797 81.9783 81.9418 80.7774 80.8113 81.1755 78.5681  
78.3274 77.5391 76.0638 76.7465 77.1321 76.8316 76.2667 76.7775 75.9238  
77.3892 79.3324 80.8517 78.0198 80.222 82.2635 77.2458 79.2253 80.2217  
86.0075 86.882 87.047 86.5791 87.6998 87.9872 85.509 86.6855 86.9832  
86.268 85.676 84.8058 86.1531 86.1146 86.0822 85.682 85.3558 84.8568  
106.385 105.443 98.9887 104.029 104.677 102.84 102.48 103.175 99.2487  
99.3836 97.6574 91.5449 96.3603 96.7847 94.5832 94.3971 94.8625 91.2822  
91.359 90.2641 85.4258 89.0495 89.3563 87.7844 86.4181 87.045 84.2193  
90.6196 91.9929 89.3544 86.327 89.5696 91.3564 85.0866 88.6603 87.8044  
92.9359 90.1952 84.4992 89.2252 88.7822 85.3994 89.1221 88.5237 85.5171  
81.0946 80.7836 79.1981 80.3291 80.3924 79.615 80.4897 80.4215 79.4572  
81.9996 85.3164 87.1123 80.7014 84.634 88.9054 79.8867 83.7802 85.1919  
94.7287 94.3437 90.4542 91.099 92.2814 91.54 90.3955 91.7248 89.8979  
91.2687 90.2351 87.2392 88.0858 88.2879 88.1427 87.7631 87.7523 86.3915  
170.642 170.579 171.395 171.954 171.484 171.628 171.484 171.018 171.544  
167.035 165.214 165.678 171.408 168.947 166.618 169.337 166.324 166.202  
162.746 162.856 164.734 165.975 164.823 164.716 164.637 163.76 164.706  
162.3 161.092 160.084 164.772 162.84 160.282 163.981 161.98 161.195  
151.432 150.952 155.181 155.723 153.962 155.61 153.771 152.07 154.175  
163.973 168.553 175.318 166.397 170.167 175.318 165.733 169.424 173.731  
182.106 182.94 182.445 182.073 182.918 181.914 182.703 183.305 183.096  
174.811 172.68 171.969 174.942 172.739 172.09 175.056 172.732 171.925  
172.196 172.438 172.898 172.276 172.641 173.153 172.15 172.415 172.71  
167.913 166.996 165.041 169.026 168.135 166.652 168.165 167.134 165.917  
159.369 158.09 156.434 162.153 159.275 157.468 159.437 158.023 156.832  
155.943 156.36 157.235 157.461 156.246 156.701 155.786 156.277 156.849  
157.163 156.096 154.007 158.084 156.203 153.899 157.52 156.325 155.076  
147.836 148.094 149.041 148.721 148.382 149.994 147.526 147.659 148.226  
159.84 163.92 169.142 159.824 163.849 169.675 159.019 163.517 167.142  
178.811 179.503 179.487 178.849 179.416 179.284 178.638 179.449 179.727  
174.873 173.733 171.929 174.148 173.033 172.465 174.159 173.065 172.04  
172.712 172.788 172.418 172.009 172.421 172.836 171.871 172.211 172.27  
166.085 165.19 163.398 166.89 166.224 164.756 166.437 165.361 164.218  
159.399 158.583 157.228 160.387 159.277 158.215 159.181 158.363 157.505  
157.652 158.434 158.152 157.143 157.841 158.476 156.832 157.808 157.884  
158.876 158.049 154.694 158.027 157.986 156.304 157.73 157.317 155.519  
155.533 157.931 159.069 154.079 157.598 162.034 152.778 156.229 157.413  
171.981 174.787 175.834 169.143 173.921 178.321 167.914 172.845 174.092  
183.522 182.004 178.957 181.854 181.278 178.751 181.696 181.393 179.708  
175.639 175.383 175.188 175.56 175.182 175.051 175.762 175.383 175.312  
175.615 175.979 176.338 175.736 175.884 176.046 175.747 176.053 176.313  
165.318 164.89 163.88 165.718 165.36 164.616 165.349 164.793 164.143  
162.891 162.65 161.673 162.751 162.657 162.306 162.187 162.138 161.474  
163.165 164.181 163.725 161.937 163.102 163.902 161.876 163.513 163.331  
165.58 165.43 162.901 163.916 164.514 163.987 163.87 164.457 162.99  
168.366 172.407 177.2 165.971 171.129 178.022 165.344 170.7 174.03  
188.3 189.742 190.108 185.538 188.582 191.077 185.011 188.225 188.73  
190.507 186.521 180.287 188.98 185.713 179.887 189.643 186.318 182.287  
174.693 174.565 175.162 175.453 175.046 174.977 175.648 175.214 175.438  
175.126 175.54 176.029 175.757 175.896 175.971 175.788 176.09 176.295  
194.308 193.864 193.018 195.374 194.47 193.656 194.47 193.661 193.305  
189.19 187.228 184.571 191.437 188.766 185.81 189.284 187.017 185.381  
180.313 178.918 178 182.089 180.259 178.768 180.547 178.976 178.353  
179.393 180.844 183.618 179.757 180.913 183.296 179.621 180.879 182.693  
188.904 191.227 193.493 188.386 190.366 192.842 188.879 191.17 192.874  
194.289 193.722 192.116 194.007 193.412 192.116 194.078 193.538 192.317  
191.284 190.84 190.157 190.598 190.518 190.301 190.808 190.577 190.091  
191.47 192.037 193.335 190.826 191.769 193.674 191.011 191.883 192.875  
194.928 195.112 195.427 194.602 195.144 195.719 194.548 194.973 195.217  
196.86 196.51 195.094 196.788 196.982 196.312 196.871 196.386 195.751  
189.646 187.21 184.72 191.549 189.571 186.136 190.339 187.391 185.727  
179.841 179.562 179.502 181.522 180.579 179.802 180.416 179.562 179.388  
183.057 184.744 186.213 181.457 183.752 186.14 182.172 184.185 185.402  
191.014 192.027 193.44 189.906 191.507 192.812 190.408 191.925 193.14  
193.41 193.793 194.535 194.303 194.443 194.348 194.402 194.257 194.519  
194.289 194.463 194.273 193.891 194.365 194.795 194.213 194.205 194.111  
195.49 195.195 193.712 193.392 193.912 194.551 193.745 194.119 193.487  
195.136 194.618 193.987 193.998 193.972 194.185 194.153 194.035 193.894  
197.289 196.826 195.121 196.978 197.253 196.441 197.201 196.899 195.851  
190.61 188.919 184.847 191.322 190.233 187.803 189.816 188.392 185.739  
184.957 185.508 183.175 183.81 184.987 185.491 182.068 183.768 182.716  
188.465 189.012 188.357 186.198 188.34 189.273 185.76 187.639 187.789  
190.222 189.827 189.555 189.943 190.074 189.354 189.97 189.804 189.776  
189.344 189.803 190.753 189.849 190.01 190.427 189.873 190.016 190.661  
192.584 193.654 195.732 192.943 193.716 195.514 192.736 193.646 195.088  
196.759 196.819 197.025 196.342 196.409 196.547 196.782 196.801 196.956  
196.339 195.798 195.727 196.208 195.416 195.036 196.917 196.095 195.962  
195.885 195.587 194.836 196.152 195.966 195.403 195.985 195.514 195.015  
193.918 193.655 191.617 193.301 193.341 192.828 192.559 192.673 191.379  
194.315 194.937 194.783 191.959 193.628 194.838 191.959 193.867 194.092  
197.823 198.028 197.777 196.618 197.528 197.822 197.019 197.822 197.719  
196.369 195.752 193.555 196.267 195.668 194.356 195.915 195.359 193.725  
192.393 191.536 190.559 191.759 191.313 190.671 191.4 191.081 190.479  
192.046 192.555 194.734 192.801 193.19 194.328 192.349 192.923 194.413  
195.098 195.85 197.255 196.263 196.466 196.942 196.47 196.64 197.304  
196.68 196.464 195.195 196.395 196.155 195.537 196.853 196.616 195.566  
9231.03 9475.48 7837.73 3999.68 6221.43 6627.47 6128.38 8423.76 7086.12  
10237.9 9853.45 9161.91 6783.57 9118 9740.93 8541.56 9468 9257.11  
8609.25 8492.75 7439.06 10140.1 8827.65 8389.94 8957.26 8369.79 8119.91  
5263.8 3203.94 943.737 7329.5 4561.62 1280.75 5573.53 3126.12 1288.42  
882.853 679.659 555.965 805.81 624.082 572.493 768.396 664.759 592.127  
762.962 729.204 448.136 532.883 497.548 453.946 523.791 652.61 483.411  
382.962 468.261 557.916 483.511 565.408 554.983 269.943 541.127 538.221  
328.09 329.772 797.157 701.763 678.365 792.296 668.645 576.606 747.968  
493.97 372.797 494.902 662.919 493.843 466.343 831.393 466.953 509.102  
9676.96 9831.08 11147.6 9427.5 10024.7 10035.2 10272.4 9875.87 10645.9  
7755.34 6159.95 3993.17 10445.1 8393.4 5770.77 8943.19 6213.22 4596.03  
4141.91 5238.71 4776.15 4764.71 4910.29 5230.72 4503.14 4849.31 5159.2  
5288.87 5243.49 3773.94 4559.13 4480.75 3794.78 4586.29 4076.58 3782.3  
3932.85 2619.15 1381.64 2985.04 2138.72 1603.28 2674.69 1660.01 1462.5  
2059.64 1879.13 1660.77 1378.05 1442.72 1715.76 1337.56 1305.05 1224.07  
3634.29 4046.64 4243.83 3112.58 3701.31 4437.54 3130.92 3597.34 4063.8  
8297.75 9565.68 7304.18 6097.83 8457.98 9607.97 6123.4 8727.22 7439.3  
13228.9 14026.3 6864.64 6617.31 10709.8 10394.4 7003.36 11334.5 6777.98  
8871.94 9153.73 13480.5 11944.4 10534.4 10680 12796.8 11253.3 13172.5  
9233.29 8157.73 5501.85 12388.6 9873.43 7714.38 10810.2 7767.01 6380.81  
9835.6 13173.6 12202.7 6759.85 10804.3 13781.2 8100.91 11382.9 11699.3  
18462.6 19703.8 18951.5 15421.5 18394.2 19827.1 15445.1 18343.5 18342.8  
16896.9 13310.4 10473.7 16075.9 13861.9 10930.4 14989.4 12701 11086.7  
6823.05 5706.98 5143.15 6661.19 5624.97 4966.55 6878.89 5823.18 4896.61  
8741.59 10408.4 12872.2 8769.49 10602.7 12975.1 8729.08 10416 12124.4  
21131 22982.7 23969.4 20564.1 21924.1 23542.2 20890.3 22719.1 23775.8  
26909.9 27545.5 23945 25400.1 25585.1 23478 25447.5 26871.7 24539.9  
6075.86 6360.34 8074.13 6448.08 6328.99 6661.21 7069.87 6897.45 7749.89  
11026.1 11663.5 12689.1 11132 11718.1 12472.2 12218.8 12440.9 13775.3  
17155.2 20244.3 23592.6 15344.5 18483.7 22233.4 18189.9 21465 23873.5  
26563.2 27582.4 30548.6 26585.2 27759.5 29567.9 27572.4 29076.9 30003.8  
24650.3 21341.7 17908.7 25959.7 22298.3 18646.9 25386.5 22461.8 19359.6  
9914.86 7523.59 4612.33 10600.7 7899.32 4358.55 10432.5 8056.3 5714.16  
5478.72 6643.32 9170.71 6296.56 7243.72 9108.87 6165.75 7150.81 8973.13  
13106.4 13794.6 20065 17502.8 15598.7 16868.7 17707 16342.7 20641.8  
15598.5 16099.2 23991.2 24560.8 20123.1 18116.2 25086.2 21387.1 26004  
10155 11026.3 9640.25 5528.79 7772.25 9178.25 7656.01 10564 9280.37  
9970.15 9806.04 8953.44 8487.34 9514.32 9245.14 9574 10074.5 8777.13  
9040.11 8303.78 7632.46 9791.65 9252.86 7770.22 9283.69 8323.21 7797.32  
7473.6 7216.02 5541.01 7150.43 6996.94 6249.45 7282.29 7161.93 6278.27  
2819.95 2820.84 3144.28 2937.09 2750.65 3185.44 2701.76 2880.76 3257.69  
2939.18 2643.99 2316.33 2910.21 2756.45 2346.36 2936.45 2687.95 2496.78  
2132.67 1827.92 1344.4 1996.01 1805.43 1353.41 2060.84 1771.97 1328.57  
1054.82 1162.38 1671.93 1359.41 1414.13 1663.01 1296.8 1306.08 1668.27  
1145.98 1055.59 1157.89 1222.15 1165.69 1237.58 1309.93 1100.46 1126.64  
9070.92 9392.91 11058.8 9880.2 9889.46 10619.9 10085.5 9810.35 10959.7  
6626.9 6721.35 5841.32 8559.67 7669.12 7239.79 7924.52 7093.02 6783.56  
6488.62 6599.33 5635.65 6253.52 6311.54 5863.02 6248.05 5903.08 5893.28  
7596.47 7551.02 5471.68 5851.61 6129.97 5568.29 6139.4 6114.1 5546.82  
4860.63 4265.88 3694.52 3889.86 3482.46 3762.22 3537.32 3295.75 3708.95  
4091.41 3902.91 3517.23 3597.64 3572.74 3817.27 3399.56 3410.78 3402.7  
3327.91 3114.81 1840.48 2781.43 2911.62 2040.23 2832.03 2922.94 1825.12  
2284.66 2056.92 1433.63 1805.72 1883.62 1555.56 1743.05 1855.64 1532.34  
2305.06 2575.78 2434.71 1827.6 2477.07 2998.71 1715.69 2191.2 2146.22  
6994.01 7226.25 10743 9925.72 8730.19 8849.28 10229.8 9260.01 10730.3  
6353.91 6278.01 6146.28 8162.2 6966.54 6696.98 8217.74 7397.17 6883.73  
8211.05 8987.65 9685.08 6976.28 8534.54 8811.03 8441.39 8807.97 9295.72  
12056.8 12570.2 11665.4 11322 11856.9 11504.1 12072.7 12505.6 12181.8  
8681.38 7709.76 7678.32 9183.77 7604.47 7589.78 8857.73 7890.43 8090.52  
5149.4 4985.26 5619.22 5293.45 4908.97 5338.32 5397.05 4985.65 5178.53  
4536.57 4465.42 3854.8 4389.57 4370.13 3678.09 4716.08 4472.58 4040.01  
4405.12 3962.82 3013.65 4010.49 3696.25 3166.51 4142.64 3753.9 3405.19  
3772.36 4550.45 5525.3 4130.32 5124.45 6228.18 3523.72 4289.9 4906.53  
3648.96 3876.62 4664.45 4099.86 3907.29 3977.94 4317.25 4283.54 4757.66  
5079.24 4935.11 4286.79 5412.09 5239.05 4749.73 5793.56 5335.65 4434.8  
6737.14 7331.76 8259.36 6327.88 7411.14 7577.58 7623.16 7919.72 8213  
8976.53 9387.38 9756.55 9571.54 9462.03 9456.11 10230.1 10185.2 10740.7  
6739.98 6050.46 6392.58 8203 6224.15 6207.08 8047.88 6488.8 7186.53  
3654.45 3418.7 4559.17 4485.26 3816.86 4008.88 4678.07 3980.93 4532.5  
2829.53 2865.01 3467.24 3586.6 3343.94 3021.4 3859.22 3482.72 3859.1  
3114.09 2890.06 3023.67 3924.81 3175.94 3038.26 4165.59 3349.63 3446.83  
2906.55 3411.34 5656.04 4190.13 4333.52 5356.98 3631.42 3991.55 5171.34  
6869.53 6829.55 7222.26 9448.97 7678.99 7943.62 7564.14 6529.95 7501  
7003.53 7357.26 6901.37 8018.6 7507.3 7271.88 7470.2 7187.87 7157.01  
6062.56 6446.98 7928.78 6156.79 6886.19 7101.17 6694.07 6718.86 7307.34  
10591.1 10529.2 11484.1 11083.6 11159.8 11222.8 11099.6 11234.4 11494.8  
8993.73 9023.37 8475.76 10028.2 9064.22 8790.33 9293.69 9109.05 8723.37  
5682.03 7105.81 8145.35 5847.69 7100.04 8250.95 5742.5 7126.29 8103.4  
7740.9 7112.08 6890.53 7347.22 7157.42 6862.64 7718.82 7266.76 7036.08  
5639.48 4281.77 3589.72 6038.03 4600.5 3476.66 5892 4355.99 3669.85  
3324.84 3257.45 3109.36 3167.98 3170.39 3026.25 3235.7 3215.23 3126.15  
8524.84 8859.61 7113.3 9548.95 8057.63 8706.9 7937.47 8684.62 8161.77  
6449.26 6569.75 6504.39 5863.68 6388.58 6212.37 5885.98 6600.17 6479.02  
8169.94 8238.97 8910.93 6759.51 7835.18 8511.63 7378.99 8116.08 8041.39  
10233.1 9797.33 9077.7 9772.02 9279.91 9206.45 9656.66 9830.14 9206.23  
7587.63 8544.35 7927.19 8056.13 8633.81 8590.15 7742.5 8859.47 8501.96  
6727.45 7143.59 8163.92 6953.62 7612.42 8166.19 6986.26 7721.01 8008.85  
6973.03 5438.89 4113.84 6828.17 5722.49 4412.21 7236.87 5950.84 4475.37  
3288.86 2967.71 2335.58 3512.16 3092.97 2504.44 3313.46 3108.49 2482.31  
2347.8 2419.19 2830.34 2851.65 2648.74 2663.33 2580.64 2668.11 2777.99  
7195.84 7244.92 6803.93 8701.21 7137.67 7507.54 7793.45 7379.06 7786.3  
4506.3 4456.02 5910.75 4767.01 4677.98 4400.16 5070.36 4560.27 5147.98  
6676.32 6413.2 7362.55 6434.57 6253.53 6524.97 7139.39 6582.97 6954.65  
6197.44 5819.07 5872.65 7011.03 5864.24 5788.57 7168.41 6349.48 6629.57  
5605.99 6985.9 6739.39 5449.67 7185.99 7469.44 5348.25 6924.78 7051.74  
8510.1 8689.52 7750.18 7814.28 8646.02 8806.32 7497.46 7868.75 7461.42  
6780.48 5332.11 3541.84 6331.91 5158.66 3883.21 6458.74 4964.33 3729.49  
2084.9 1948.28 1891.85 2129.96 1994.9 1725.56 2010.29 2015.54 2183.32  
1606.13 1709.37 3132.22 1983.29 2207.1 3748.09 1892.6 1870.36 2458.67  
1569.68 1279.91 2147.87 2783.12 2019.89 1781.77 2324.41 1832.56 2287.59  
1494.74 1462.16 2450.23 2088.26 2021.96 1716.02 2445.58 1798.44 1994.91  
1829.53 1887.04 3191.17 3206.18 2482.19 2434.14 3599.29 2715.06 3378.73  
1397.58 1284.73 2035.02 2982.48 1925.27 1916.81 3012.34 2061.18 2697.43  
4230.91 4779.56 5687.58 4789.44 4995.15 5269.78 4983.72 5298.44 5665.77  
7806.86 8228.13 8627.66 8095.22 8391.02 8583.27 8202.21 8644.96 8779.67  
5512.77 5165.8 5073.81 5656.31 5287.36 5036.2 5800.65 5553.58 5369.63  
2333.86 1942.34 2024.99 2582.51 2231.25 2036.97 2727.4 2338.07 2259.71  
1118.68 954.597 1839.74 1038.31 1272.01 2961.16 1230.42 955.08 1273.81  
12490.6 11192.3 11561.4 17179.8 14694.7 12908 14474.9 12296.4 12131.9  
5407.99 5616.82 5043.5 7582.5 5037.42 4989.86 4843.62 5313.9 5093.42  
4358.8 4631.98 5732.53 3229.52 3967.51 5081.3 3801.8 4232.26 5254.26  
7530.81 7358.08 6710.51 7068.32 6899.56 6747.42 7209.33 6992.49 6916.87  
6722.81 7054.77 5064.05 6065.16 6149.88 5335.73 6204.84 6495.56 5417.57  
4228.53 8350.35 12432.4 3950.77 8914.26 12593.6 4034.01 8618.16 11314.6  
10933.1 10401.4 11703.4 12107.9 11573.4 11468.9 12167.4 11304.9 11647.7  
9675.42 6068.51 5092.41 11453.8 7418.4 5926.84 10859.5 6326.7 5945.88  
8716.84 9740.01 9060.85 8469.43 8748.82 9100.24 8027.13 9409.15 8978.52  
8784.79 8741.1 5453.9 11479.1 8462.36 8526.21 8602.53 8607.9 7046.25  
7564.26 7759.81 8101.56 5500.62 7568.27 7385.61 7284.92 7843.39 7869.87  
6580.22 6585.21 8934 5903.36 6572.18 7506.03 6655.91 6800.09 8009.29  
7510.58 7159.59 7393.2 9245.12 7245.29 7322.53 8142.48 7550.05 7822.51  
6536.97 7626.14 6833.02 7231.11 7580.37 7134.57 7135.47 7973.96 7468.09  
7187.12 9057.02 11342.4 6792.66 9278.7 11163.3 7030.99 9368.31 10478.7  
10296 8989.96 8596.58 10192.8 9064.96 8261.78 10829.5 9372.01 8751.13  
5637.61 3817.52 4218.23 6760.94 4850.67 4722.17 6621.22 4224.57 4783.81  
5074.45 5739.09 7977.05 7836.72 7366.33 7372.63 7047.65 6915.27 7998.16  
5493.28 5450.27 2623.51 7842.1 5255.36 5761.13 5491.26 5413.22 3860.54  
4181.27 4039.98 4690.48 3394.55 4411.49 4160.38 4151.63 4286.6 4290.75  
4916.74 4414.67 5735.7 5119.06 4802.77 4443.29 5033.46 4750.46 5134.39  
3178.97 3051.06 3510.78 4769.98 3087.07 3052.02 4121.11 3380.76 3840.95  
6844.34 7928.99 6995.13 6463.13 7702.09 8004.71 6285.21 7618.85 7423.85  
12437.9 12358.1 10367.1 11145.1 12101.2 12059.7 10207.9 11321.9 10276  
7830.95 6834.76 5243.87 7395.41 6451.46 5534.81 7379.23 6464.62 5406.92  
874.123 813.625 1085.7 1395.81 954.111 1050.34 1297.34 985.651 1026.63  
1018.78 1372.72 2887.98 2456.42 2013.99 2277.76 2061.25 1994.57 2832.84  
1309.6 1183.76 1921.76 3721.09 1493.61 1777.11 2493.14 1421.11 2208.21  
1379.11 1294.28 1652.25 1752.32 1591.38 1499.37 1928.16 1517.71 1654.94  
1222.44 978.101 752.291 1554.54 1361.21 752.51 1649.1 1206.13 851.734  
358.385 324.893 177.704 617.724 372.544 237.917 517.733 405.639 299.975  
7716.57 8335.63 7739.58 6748.47 7653.74 7866.33 7011.4 7852 7631.2  
18108.3 18783.7 16887.2 16499.9 18053.1 18296.7 15785.3 17293.3 16265.4  
11981.7 11483.2 9849.7 10132.1 10535.1 10322.6 9689.52 10263.3 9251.39  
1816.39 1153.26 731.238 1266.54 1046.13 871.567 1088.96 911.805 643.288  
589.913 708.706 630.67 624.191 676.889 814.13 476.92 598.988 637.451  
8134.03 7867.7 7545.29 8882.19 8570.72 7985.64 8442.54 8006.94 7658.78  
4028.79 3860.29 4633.41 7826.7 4719.85 4521.41 4737.2 4301.16 4562.73  
4878.82 5075.41 6328.57 5982.53 5470.08 6324.98 5547.58 5635.42 6338.41  
4816.16 4747.32 4175.57 4981.01 4650.61 4542.51 4857.03 4825.84 4685.71  
3198.32 3353.23 3828.48 3332.31 3482.19 3810.36 3187.3 3313.5 3451.32  
4973.42 6600.42 6390.19 4543.59 5564.02 6473.04 4506.37 5863.6 5997.47  
7483.83 7260.46 4817.54 5892.08 5758.07 4703.89 6183.66 6351.41 5214.24  
4678.58 3541.69 4988.46 3751.89 3704.88 6494.9 3759.69 3268.13 3993.94  
12047.1 12834.5 11756.5 10978.1 11458 11394.8 10932.6 12180.7 11750.6  
6209.98 6057.77 5846.17 7828.36 7377.83 7050.5 6592.61 6370.65 6110.72  
4783.47 5177.18 5065.15 6129.16 4859.27 4927.4 4471.29 4981.54 4878.5  
5274.39 4970.67 5790.12 4987.19 5404.47 5632.38 5512.48 5257.83 5790.67  
3972.37 3380.5 3646.31 4972.59 4273.57 4003.21 4882.69 3861.38 4268.5  
2647.02 3225.89 4852.37 3190.27 3384.84 4891.41 2829.3 3227.48 3550.5  
6681.67 8220.92 9318.84 6158.21 8069.85 9378.57 6155.32 7965.37 9151.89  
8728.67 8430.56 6576.78 8987.88 8125.9 6136.6 8800.64 8218.48 7863.67  
4495.14 3102.68 4700.95 5422.97 3768.55 5950.16 5000.28 3133.03 3610.12  
10573.3 10877.8 12910.2 12463.6 11749.2 12154.7 12241.1 11674.3 12836.7  
5715.12 6458.33 5271.91 4772.28 5468.88 6774.12 5431.23 5993.67 5797.69  
6912.55 7320.36 7427.52 5558.32 6916.03 7542.82 5719.48 6688.2 6940.4  
7284.85 6038.27 4947.22 7428.79 7014.87 5398.63 6288.8 5964.2 5055.12  
3364.09 2761.68 1685.02 3924.61 2856.75 2021.4 3599.89 2957.16 2151.08  
3259.84 3676.75 5365.15 3464.27 3575.53 4759.91 3630.04 3828.99 4247.28  
6134.41 7088.42 9608.01 6719.99 7571.31 8505.19 6900.81 7880.89 9544.9  
6075.44 5927.19 5554.61 7271.33 6342.53 4853.21 7585.7 6793.08 6701.41  
3178.29 2378.88 1541.96 3895.66 2371.92 2066.15 3893.15 2533.04 1377.41  
3309.03 3057.8 4530.81 4278.81 3477.96 4002.5 4421.01 3723.61 4511.41  
3475.49 4593.77 6097.35 4362.56 4546.3 6280.36 5364.46 5818.09 6935.67  
5402.26 5463.5 7274.87 5645.06 5639.04 6237.62 6246.58 6141.28 7282.62  
5268.75 3991.39 3519.78 6849.71 5445.21 3627.8 6441.78 4503.35 3786.53  
2391.95 2399.81 1135.69 2906.3 2342.67 1775.54 2679.29 2410.95 1586.93  
4232.92 4364.03 3813.34 3057.23 3804.1 3854.48 3063.8 3553.15 3877.94  
4695.51 4874.84 5024.27 4625.59 4655.61 4829.51 4721.06 4378.34 5111.2  
2275.19 2160.81 2390.98 3207.83 2415.51 2048.61 3372.77 2471.29 2539.25  
1404.05 1345.7 1301.35 1595.64 1348.14 1381.02 1478.33 1426.6 1281.44  
1397.86 1306.66 1080.53 1231.39 1168.31 1399.2 1204.48 1257.47 1025.96  
5695.94 6041.13 5708.42 3871.22 4554.76 5053.5 4486.64 5372.45 5336.4  
7347.48 6312.46 8016.87 7972.01 8112.83 8018.57 7722.36 6725.68 7968.86  
6956.19 6731.65 7540.74 9145.89 8308.09 7913.75 8373.39 7306.61 7795.38  
4064.95 3157.41 2131.68 5190.13 3640.26 2298.39 4320.29 2997.5 2233.75  
1801.78 1647.85 1721.84 1750.76 1827.58 1815.11 1738.27 1650.18 1716.59  
2614.19 2643.01 1586.8 1951.74 1817.17 1607.37 1903.51 2188.88 1719.13  
2282.77 2017.2 928.966 1523.49 1185.67 908.937 1452.93 1586.26 1050.28  
911.264 765.646 1465.68 758.142 832.172 1469.01 751.7 782.191 949.052  
1395.17 1401.13 1562.08 1646.63 1606.55 1546.22 1598.66 1381.23 1587.02  
7253.39 7758.84 8169.36 5769.63 7108.91 7663.7 6995.36 7191.98 7938.7  
6747.42 5648.16 5659.45 8262.68 6904.68 5769.31 7261.62 5133.29 5589.13  
4961.99 4539.42 4118.28 5889.94 4992.97 4500.66 4883.34 4332.24 4207.43  
3682.82 3090.65 2174.05 3540.1 3457.25 2502.31 3486.75 3089.3 2244.86  
2919.12 2626.09 1821.32 2099.33 2330.54 2304.92 2054.93 1903.43 1817.67  
3452.58 4237.75 4665.1 2800.69 3746.86 4866.68 2588.65 3531.02 4577.3  
6712.26 7725.03 8322.84 6749.23 7346.55 8270.63 6541.06 7500.73 7973.04  
8314.88 8152.45 6426.28 7412.71 7646.08 6685.97 7990.91 7878.71 6464.16  
5937.69 5009.13 2689.85 4109.95 4014.82 3504.45 4694.21 4481.37 3076.43  
10498.4 11487 12458.4 8753.57 10811 11864.4 11344.5 11916.8 12620.6  
8924.78 8697.85 9017.71 9819.71 9064.6 9049 9083.8 8012.64 8664  
8374.16 8833.8 8117.57 8998.25 8519.6 10687.7 6742.88 7660.32 8107.67  
13071.3 12835.6 7666.66 9708.34 12574.1 12069.8 8022.6 10244.8 7453.71  
12034.3 10545.4 5450.72 9255.44 10651.6 7901.08 7839.49 8388.87 5429.12  
5734.04 6223.8 7779.91 5907.18 6434.98 7433.67 5895.22 6711.61 8041.22  
9829.89 11038.6 12859 10139 10855.3 12497.6 10280 11469.8 12134.8  
13089.5 13658.4 14373.3 12493.1 13733.7 14294.9 13108.2 13632.4 13750.4  
13797.5 12783.1 9425.99 11679.3 11487.6 10526 12345.8 12231.6 10350.9  
7746.67 8786.41 10696.7 6700.42 8241.26 9852.08 8736.92 9667.43 11056.9  
8518.05 9327.28 13077.8 9203.7 8952.98 11163.3 9323.17 10181.1 12268.3  
14657.7 16300.7 19865.5 15545.9 15412.1 19155.8 15812.4 17550.9 20174.3  
25159.9 26483.8 25815.4 24743.5 26445.2 26813.6 26115.6 27694.4 26620.5  
23316.1 20699.4 15764.4 22626.8 21734.9 16984 22633 20997.1 16389.9  
8983.06 6830.2 4626.93 8983.51 7166.42 4593.87 8486.03 6821.13 5543.42  
4145.23 4247.47 5848.77 4971.52 4289.66 5007.81 5086.04 4680.6 5666.12  
5178.95 6058.75 10330.3 7004.7 7359.76 9201.43 7108.71 6936.78 9924.18  
9066.89 9057.45 9696.83 10666.9 9786.73 9298.27 11764.6 10452.8 10993.4  
