2663.94 3.02139e+006 
2818.12 3.54661e+006 
3021.17 4.34317e+006 
3470.68 5.32359e+006 
2763.2 3.28361e+006 
2917.19 3.78146e+006 
3093.64 4.48169e+006 
3598.12 5.67574e+006 
2858.46 3.73622e+006 
3019.02 4.29265e+006 
3203.79 5.02671e+006 
3762.61 6.3779e+006 
2907.43 4.10556e+006 
3109.63 5.01353e+006 
3346.51 5.87557e+006 
3945.06 7.22969e+006 
2952.81 4.27834e+006 
3177.85 5.50214e+006 
3496.58 6.63212e+006 
4137.57 8.10042e+006 
3037.18 4.71959e+006 
3300.52 6.15245e+006 
3676.58 7.37705e+006 
4331.59 8.76817e+006 
3131.58 5.48443e+006 
3463.45 6.91823e+006 
3855.35 8.13734e+006 
4483.17 9.10985e+006 
3174.56 5.92281e+006 
3585.04 7.28607e+006 
4013.56 8.52163e+006 
4605.76 9.15719e+006 
3174.43 6.03982e+006 
3645.57 7.54806e+006 
4098.66 8.69407e+006 
4678.72 9.27779e+006 
52.5558 6.0021 
52.2963 6.60739 
51.9851 7.41009 
51.5787 7.91881 
52.5407 6.10602 
52.2772 6.75325 
51.955 7.62416 
51.5397 8.17398 
52.5244 6.24543 
52.249 6.9809 
51.9119 7.83322 
51.4863 8.43377 
52.488 6.38491 
52.1898 7.21438 
51.8385 8.05303 
51.4044 8.66998 
52.4401 6.46593 
52.1143 7.36991 
51.7456 8.27266 
51.2912 8.93656 
52.3843 6.47455 
52.0416 7.42495 
51.6548 8.4094 
51.1712 9.17267 
52.3148 6.52056 
51.9621 7.49495 
51.5649 8.50618 
51.0652 9.25534 
52.2365 6.53725 
51.8713 7.56714 
51.4717 8.58445 
50.9791 9.245 
52.1519 6.50538 
51.7834 7.58784 
51.3868 8.59937 
50.9086 9.244 
90.0502 0.0105171 
90.0531 0.00726196 
90.0546 0.00972071 
90.0583 0.00788415 
90.046 0.011464 
90.0505 0.00860692 
90.0532 0.00922702 
90.0578 0.00698102 
90.0427 0.0129842 
90.0474 0.0100555 
90.05 0.0118523 
90.0559 0.00946159 
90.0393 0.0157752 
90.0457 0.0109774 
90.0495 0.010791 
90.0568 0.00803774 
90.0377 0.015641 
90.0465 0.00990637 
90.0498 0.0101024 
90.0547 0.00849506 
90.0383 0.0145504 
90.0477 0.00915745 
90.0477 0.0115358 
90.0478 0.0159621 
90.0381 0.0141094 
90.0482 0.00850418 
90.0487 0.0108218 
90.0475 0.0147674 
90.0378 0.0142884 
90.049 0.00797462 
90.0517 0.0103682 
90.0523 0.0113967 
90.0391 0.0143796 
90.0497 0.00779742 
90.0539 0.00977815 
90.0569 0.00954118 
94.812 0.00477889 
94.8157 0.00404781 
94.8209 0.0042241 
94.8277 0.00401291 
94.815 0.00520733 
94.8181 0.00439437 
94.8231 0.00436129 
94.8296 0.00408509 
94.8178 0.00564351 
94.8221 0.00513923 
94.8271 0.0050693 
94.8327 0.00470508 
94.8222 0.00668716 
94.8263 0.0059797 
94.83 0.0053271 
94.8345 0.00456123 
94.8256 0.00723003 
94.8273 0.00572001 
94.8317 0.0050807 
94.8382 0.00456039 
94.8265 0.00708988 
94.8281 0.00554489 
94.8343 0.00511526 
94.8436 0.00545482 
94.8284 0.00712825 
94.8307 0.00566233 
94.8361 0.00506351 
94.8461 0.0052032 
94.8306 0.00751781 
94.832 0.00565094 
94.8367 0.00495541 
94.8479 0.00514577 
94.8312 0.0071903 
94.8354 0.0058472 
94.8397 0.00507048 
94.8488 0.00496554 
66.3478 2696.16 
69.5037 3435.91 
72.4169 4165.85 
69.5841 3364.14 
68.9756 2906.09 
71.7482 3641.19 
73.361 4009.44 
70.1788 3275.74 
67.4549 2709.17 
70.2803 3173.08 
72.1876 3953.17 
68.9829 3693.71 
66.4344 2862.39 
68.9273 3737.93 
72.1077 4113.86 
70.1888 4419.34 
65.871 2765.84 
67.5622 3566.73 
68.9394 4140.6 
71.2421 5321.08 
64.6532 2485.06 
66.5243 2965.9 
68.2531 3967.07 
70.1296 4865.88 
65.7945 2785.59 
65.7445 3084.87 
68.5483 3929.02 
68.1631 4020.1 
65.3185 2510.61 
63.9825 2777.3 
65.826 3579.75 
66.692 3561.51 
65.523 2809.33 
65.9254 3126.99 
67.342 3823.92 
67.2734 3500.06 
104.519 3395.74 
105.391 3596.89 
109.638 4060.76 
110.448 4677.77 
106.772 3411.39 
106.951 3868.06 
109.651 4340.43 
111.637 4867.17 
106.332 3622.01 
105.313 3645.8 
108.158 4145.17 
112.087 4881.14 
103.319 3325.22 
105.278 3610.63 
109.028 4201.53 
112.182 4617.58 
100.734 2977.76 
104.343 3449.22 
108.218 4095.21 
112.138 4478.48 
97.9532 2713 
100.234 2949.74 
105.921 4050.86 
111.013 4375.24 
94.5821 2872.54 
98.3251 3217.51 
106.159 4206.89 
113.099 4380.77 
94.2992 2525.67 
99.388 2881.61 
108.199 4007.14 
115.415 4502.28 
95.2711 2708.82 
101.718 3202 
111.354 4015.57 
116.324 4658.48 
636.78 253055 
691.102 313709 
747.401 438159 
844.928 514878 
647.173 271449 
694.664 324977 
748.611 433590 
872.878 576606 
667.272 325137 
712.068 393960 
767.515 495680 
912.693 667350 
689.023 396976 
743.553 478603 
809.816 594947 
966.331 769968 
693.08 404651 
755.435 521441 
845.808 665988 
1015.44 845468 
696.277 376653 
781.271 557815 
885.99 716900 
1057.6 869375 
706.794 408106 
814.681 588785 
934.246 757808 
1081.91 847496 
714.81 466420 
842.143 637560 
977.788 801866 
1107.86 850592 
718.145 455011 
860.465 665696 
998.534 817445 
1130.27 897291 
1568.12 1.46923e+006 
1664.72 1.71328e+006 
1789.59 2.04939e+006 
2120.3 2.65326e+006 
1639.6 1.63426e+006 
1746.61 1.87521e+006 
1854.01 2.19543e+006 
2207.74 2.78582e+006 
1717.47 1.85624e+006 
1831.67 2.0963e+006 
1944.99 2.44193e+006 
2326.03 3.09125e+006 
1753.31 1.96705e+006 
1897.91 2.40682e+006 
2051.08 2.80048e+006 
2464.46 3.48935e+006 
1801.37 2.03644e+006 
1958.25 2.62124e+006 
2175.03 3.1561e+006 
2617.53 3.95525e+006 
1890.92 2.37568e+006 
2058.4 2.98774e+006 
2313.74 3.55909e+006 
2773.01 4.34234e+006 
1979.82 2.86373e+006 
2191.87 3.51164e+006 
2443.61 4.03402e+006 
2893.65 4.60384e+006 
2025.11 3.0665e+006 
2291.23 3.73579e+006 
2553.49 4.22509e+006 
2978.16 4.66706e+006 
2019.54 3.14851e+006 
2326.27 3.87147e+006 
2604.18 4.34259e+006 
3018.22 4.71454e+006 
223.095 12412.2 
221.811 12998 
232.698 15155.5 
255.857 17729.1 
233.578 12468 
231.025 13652.4 
239.77 15049.8 
266.067 18385.8 
234.692 12500.3 
234.277 13448.9 
244.268 15692 
273.771 20150.2 
231.91 13016.3 
231.076 13679.4 
239.062 15683.8 
264.385 19720.6 
229.527 14297.1 
231.365 14733.4 
236.426 16075 
256.497 19542.4 
227.373 15345 
233.802 15788.1 
241.115 16732.3 
257.266 19830.6 
226.059 15255.3 
233.556 15170.7 
241.214 16047.3 
263.09 18027.3 
219.152 14534.5 
230.278 14913.3 
246.47 15875.1 
273.031 17757.3 
219.9 14588.8 
232.572 15553.8 
254.433 17669.6 
281.113 19231.2 
65.0808 1376.97 
65.5925 1385.97 
69.4253 1846.95 
69.5644 1776.88 
67.1022 1532.36 
66.1966 1356.66 
68.2424 1536.2 
69.6208 1706.59 
65.2453 1398.83 
65.4152 1368.71 
66.6728 1394.53 
69.0396 1564.74 
63.43 1174.72 
62.8819 1273.99 
65.4133 1363.55 
67.5204 1534.93 
62.2279 1098.26 
60.8932 983.591 
62.155 1179.97 
64.7182 1527.22 
60.0026 995.203 
60.293 985.568 
61.5597 1182.05 
62.5728 1298.9 
58.5312 1029.16 
59.265 1108.54 
61.5731 1120.21 
63.2575 1118.77 
55.8753 904.051 
58.0141 932.063 
61.785 1146.35 
64.6096 1164.38 
56.0494 848.65 
58.6148 1048.35 
62.8208 1171.26 
65.5154 1431.98 
