3944.03 105465 
3321.82 98450.6 
3488.76 411169 
3218.51 615817 
4624.88 89543.5 
3958.3 137512 
3944.91 569767 
3765.54 736386 
5614.98 183284 
5534.51 609929 
5236.51 524689 
4627.51 391497 
6188 493031 
9322.39 2.99133e+006 
9032.62 3.10117e+006 
5383.07 644217 
6019.59 1.16163e+006 
13144.9 1.26336e+006 
13280.1 1.30131e+006 
5745.5 1.30234e+006 
5893.73 1.02122e+006 
11814.8 1.71466e+006 
10420.4 3.83114e+006 
4224.62 1.0327e+006 
6126.53 642636 
8103.87 707970 
4320.8 1.77596e+006 
1894.01 347084 
6857 760745 
7672.41 428015 
2684.84 204467 
1204 121757 
7394.17 1.25859e+006 
8124.07 789992 
2788.38 97954 
1297.41 85471.5 
52.5092 0.0348558 
51.4784 0.0206778 
51.7434 0.0205532 
52.1274 0.0243116 
52.6143 0.0360647 
51.6764 0.0304238 
52.2566 0.0728238 
52.3985 0.0368856 
52.5324 0.0330909 
52.0475 0.0664866 
53.1253 0.0793544 
52.919 0.041306 
52.5174 0.042346 
52.938 0.239743 
53.778 0.0602451 
52.8613 0.0500864 
53.0094 0.0901922 
54.3618 0.0730175 
54.3715 0.0792976 
52.5621 0.0366964 
53.552 0.0566174 
54.2975 0.0794727 
53.717 0.126424 
52.5053 0.0206445 
53.3792 0.0614128 
52.95 0.204281 
52.4152 0.108462 
52.4621 0.0103646 
52.1385 0.232966 
51.5992 0.245004 
52.0515 0.00542694 
52.2732 0.00800683 
50.953 0.0693047 
50.5778 0.0914482 
52.0376 0.00867348 
52.0624 0.00977299 
90.0723 2.41489e-007 
90.075 1.42122e-007 
90.0743 1.44171e-007 
90.0733 2.01769e-007 
90.072 2.49058e-007 
90.0745 2.05516e-007 
90.0729 4.98902e-007 
90.0726 2.73923e-007 
90.0722 2.30452e-007 
90.0735 4.36094e-007 
90.0707 5.27169e-007 
90.0712 2.75642e-007 
90.0723 2.79547e-007 
90.0713 1.48811e-006 
90.0691 3.51783e-007 
90.0714 3.40129e-007 
90.071 5.71231e-007 
90.0677 4.69738e-007 
90.0677 4.92608e-007 
90.0722 2.36282e-007 
90.0696 3.57476e-007 
90.0647 3.27913e-005 
89.995 0.0038794 
89.924 0.016318 
90.07 4.20099e-007 
90.0523 0.000624659 
89.7411 0.00742225 
89.4315 0.0270849 
90.0734 1.79228e-006 
90.0413 0.00198741 
89.5212 0.00680787 
88.9979 0.01308 
90.0767 5.58623e-007 
90.05 0.00145948 
89.628 0.0092834 
89.1071 0.0157659 
94.7998 1.22226e-005 
94.819 7.1615e-006 
94.8141 7.70611e-006 
94.8068 1.19635e-005 
94.7981 1.26983e-005 
94.8153 1.02597e-005 
94.8046 2.53295e-005 
94.8019 1.49653e-005 
94.7997 1.17689e-005 
94.8088 2.1555e-005 
94.7887 2.61511e-005 
94.7924 1.37044e-005 
94.8001 1.35216e-005 
94.7936 6.81676e-005 
94.7779 1.53974e-005 
94.7936 1.66067e-005 
94.7911 2.69425e-005 
94.7695 2.24445e-005 
94.7691 2.23853e-005 
94.799 1.11712e-005 
94.781 1.63838e-005 
94.7712 3.03224e-005 
94.8095 0.000752874 
94.8581 0.0020246 
94.7842 2.1458e-005 
94.7986 0.000150731 
94.9183 0.00111618 
95.0302 0.00330329 
94.809 0.000100776 
94.8299 0.000279238 
94.9985 0.00069412 
95.1793 0.001402 
94.8335 3.29137e-005 
94.8502 0.000165009 
94.9736 0.000827053 
95.1548 0.00132104 
64.5495 302.561 
70.4076 431.038 
83.9388 1734.4 
135.904 3760.62 
95.7322 201.157 
108.791 2841.76 
184.983 3348.53 
190.953 2087.52 
111.602 501.047 
96.754 3038.3 
225.872 7393.37 
160.162 4400.92 
121.185 981.26 
115.504 3433.87 
411.103 3454.68 
347.491 4349.64 
219.519 6632.4 
702.34 42960.7 
994.001 53603.5 
487.712 10426.3 
212.926 5578.56 
820.14 1088.93 
906.822 15320.2 
333.319 8401.4 
227.352 6251.74 
443.808 40098.7 
369.742 72686.9 
180.429 3097.27 
304.551 2765.2 
268.875 1933.12 
64.3546 136.174 
82.7659 536.192 
349.157 8643.7 
326.65 7385.69 
72.9948 29.1822 
85.7595 79.7246 
110.801 199.879 
130.943 663.732 
194.52 2184.28 
216.704 4635.1 
146.454 3865.56 
141.868 1191.83 
314.215 1613.28 
290.901 3263.07 
281.987 1691.31 
177.935 3034.75 
381.743 4451.81 
259.391 4021.44 
336.5 4069.27 
294.622 9704.01 
505.238 1745.57 
355.305 4185.24 
358.677 10423.2 
874.979 73542.1 
1062.4 68262.7 
477.133 15706.5 
344.725 8871.42 
1118.69 10703 
1174.43 25000 
475.262 9265.54 
248.313 2345.07 
667.03 46380.4 
632.709 86995.7 
364.216 8486.03 
296.862 12156.6 
286.411 8213.44 
164.984 362.65 
237.791 3341.02 
406.744 54142.2 
365.315 31865.9 
141.148 135.538 
206.612 419.552 
612.199 9631.12 
743.975 11832.7 
790.682 5127.42 
719.449 5916.64 
750.615 19210.9 
909.032 16480.3 
1064.55 37153.7 
918.765 34075 
1071.84 39283.7 
1469.18 139801 
1748.44 90772.4 
1114.06 41657.2 
1383.04 182918 
3026.39 354656 
2887.92 222339 
1003.48 38130.6 
1542.73 208474 
4006.22 63391.2 
3403.21 192227 
831.811 8617.09 
1604.19 112307 
3328.01 201244 
2468.62 268553 
717.822 9710.43 
1512.85 49909.3 
2256.13 48102.9 
1226.77 98319.6 
426.613 30280.7 
1611.12 54845.5 
1940.15 25920.3 
725.334 15643.5 
214.34 5958.87 
1640.96 108829 
1684.15 73062.5 
479.902 2602.73 
199.08 2372.23 
2548.55 78478.7 
1816.32 69785.2 
1915.93 110587 
1658.58 219357 
2895.77 24973.5 
2222.35 46273.1 
1795.65 177012 
1733.63 282044 
3465.4 95330.5 
3235.13 160621 
2301.26 139322 
2483.73 155207 
3730.79 65409.9 
4826.98 481486 
3717.29 685239 
2715.68 158038 
3193.51 331548 
5463.94 385119 
4861.59 151873 
2376.89 343189 
2984.93 471904 
4684.58 307187 
3553.18 620656 
1583.63 232497 
3089.19 505877 
3637.5 175771 
1497.45 160575 
688.816 61101.9 
3390.68 429747 
4064.88 256105 
1499.88 103154 
564.489 74011.7 
3709.66 256747 
4501.89 243503 
1668.83 59092 
506.075 56651.5 
503.074 5081.38 
437.954 1690.79 
397.587 37435.3 
372.079 44804.2 
590.829 1896.68 
444.902 1617.09 
450.726 32440.6 
490.656 29385.6 
567.306 3876.02 
453.194 1551.53 
426.943 12740.4 
490.423 11006.9 
512.297 4096.65 
860.859 155415 
1161.96 275545 
740.039 79269.5 
560.227 9030.9 
1477.06 91441.1 
2169.14 18393.3 
1238.68 86796.6 
598.871 11589.5 
1204.47 152868 
1578.03 308350 
882.225 98238.4 
796.31 7187.59 
684.501 9006.8 
290.122 29005.6 
153.757 17386.5 
894.186 10734.2 
787.546 5326.56 
180.681 3463.08 
73.7225 1004.76 
813.921 11379.5 
794.872 7314.17 
341.296 7549.17 
209.831 5640.27 
104.857 587.503 
122.22 418.171 
106.104 3681.8 
115.796 7014.45 
145.48 288.967 
131.361 1392.39 
134.78 2932.87 
140.636 3719.98 
116.845 794.044 
102.32 1217.02 
152.263 787.737 
119.739 1370.22 
104.19 2264.43 
198.042 3870.79 
349.11 6429.29 
221.072 2837.97 
144.933 7373.4 
620.382 33324.5 
789.755 40542.6 
333.277 6205.13 
148.088 3532.33 
658.941 8544.57 
739.279 13780.4 
232.358 7827.29 
252.509 6602.76 
414.906 22262.3 
304.008 49409.8 
80.1736 2416.39 
359.603 1837.62 
324.542 1513.43 
49.605 410.866 
30.8908 494.04 
473.73 14582.9 
451.19 13172.6 
84.2073 62.1207 
90.0509 375.104 
