3987.2 3732.46 3629.37 4382.43 4301.53 3717.78 4129.54 3696.67 4194.87  
3161.98 3216.47 3181.7 3380 3479.41 3179.95 3346.29 3083.84 3518.85  
3485.99 3176.74 3192.07 3436.11 3195.72 3143.63 3150.48 3230.56 3245.77  
3029.33 2771.44 2711.85 2998.93 2825.67 2703.82 2805.74 2814.11 2874.33  
4203.1 4562.17 4520.01 4807.81 5141.31 4580.75 4886.25 4471.97 4903.6  
3525.75 3762.95 3831.16 3731.44 4045 3902.93 3802.86 3656.62 4139.05  
3252.14 3767.67 3379.34 3315.91 4017.28 3669.5 3802.58 3455.36 4370.26  
2879.97 3545.44 3082.19 3094.62 3967.68 3369.14 3647.86 3189.03 4174.5  
4913.22 5601.54 5414.43 5444.9 6057.24 5570.35 5924.91 5294.05 5597.99  
4147.17 5263.14 5157.33 4608.91 5681.17 5471.69 5186.14 4817.94 5961.56  
4378.83 5386.94 4808.27 4565.19 5546.31 5103.25 5400.51 4996.18 6332.29  
4182.69 4936.86 4421.09 4472.78 5117.55 4619.89 5110.69 4682.33 5416.56  
5608.97 5597.07 5822.15 5821.54 5452.75 5594.1 5696 5525.82 5398.15  
5973.26 8930.87 8150.95 7266.19 10305.5 10169.9 7892.32 7529.12 10871.9  
6344.71 9722.32 7826.63 7732.33 11665.1 9872.56 9842.58 8168.68 12184.2  
5427.18 5925.31 5063.32 5786.67 6518.71 5056.05 6998.96 5755.61 6418.85  
5402.56 4990.94 5971.4 5018.59 4311.08 5048.97 4517.78 5281.26 4811.31  
11106.3 12596.2 14000.6 11689.6 12322.7 13745.4 11139.7 12385.5 13135.4  
12628.8 14316.1 13418.7 13654.9 14372 13633 15368.2 14182.5 14714.1  
6639.72 6504.05 5065.99 6788.71 6408.97 4878.84 8378.3 6782.06 6343.56  
4906.43 5403.78 6091.28 4349.39 4749.53 5601.97 4415.69 5173.76 5767.87  
12892.1 11620.1 13719.7 11835.3 9897.71 11793.7 10683.2 12285.1 10149  
14142 11027.4 11562 12727.1 8743.23 9660.71 12032.1 12403 8025.49  
6087.07 4819.08 3822.54 5358.67 3617.31 3451.22 5752.11 5286.72 3568.75  
5846.83 5889.95 6611.74 4917.31 5586.16 6018.48 4872.74 5866.63 6418.94  
9870.47 7538.44 8396.2 8577.12 7539.89 7442.42 7652.53 8745.46 7637.76  
7357.79 3485.26 3916.31 6017.08 3685 3303.97 4714.38 5232.8 2881.37  
3210.84 1568.93 1669.41 2228.65 1363.65 1356.21 1826.01 2198.72 1345.34  
6492.33 7270.16 7281.63 6117.2 7188.42 7553.76 6453.5 6910.19 7861.11  
7507.42 8146.17 7659.04 7695.75 8525.89 8060.17 8227.52 7802.77 8690.7  
2668.21 2336.17 2091.74 3263.82 3042.98 2329.31 3157.18 2418.37 2440.06  
1289.06 971.514 965.908 1198.99 1066.4 840.09 1122.43 1135.37 1047.51  
7876.53 8327.95 8845.32 7771.04 6906.61 8027.95 7791.81 8474.69 7589.44  
8707.75 9199.75 8761.54 9025.83 8209.85 8552.63 9502.31 9314.02 8502.37  
2444.84 2704.07 2344.42 3065.19 3135.56 2710.76 3240.58 2615.89 2802.17  
1049.57 1229.97 999.259 1201.4 1476.29 1214.9 1348.44 1164.48 1410.09  
52.464 52.5351 52.2096 52.6678 52.8144 52.513 52.7824 52.4924 52.6064  
51.3473 51.4649 51.4253 51.3881 51.5283 51.4444 51.4558 51.4065 51.5463  
51.5781 51.7402 51.8549 51.5491 51.6996 51.7925 51.5809 51.6688 51.877  
52.2069 52.2138 52.1842 52.2097 52.229 52.1858 52.2593 52.2071 52.2638  
52.6064 52.5915 52.3086 52.8984 52.8765 52.594 52.8937 52.6086 52.5438  
51.5463 51.5738 51.5149 51.5904 51.6422 51.5785 51.5885 51.5628 51.6449  
51.877 52.2699 52.2728 51.8583 52.2951 52.3011 52.0543 52.0734 52.6144  
52.2638 52.5172 52.3719 52.3273 52.6468 52.4716 52.5796 52.3867 52.7503  
52.5438 52.4434 52.1865 52.8167 52.7494 52.4561 52.7536 52.4895 52.3953  
51.6449 51.8331 51.7953 51.7523 51.9528 51.9618 51.7752 51.7631 52.0167  
52.6144 53.1681 53.1635 52.6052 53.1134 53.1479 52.9084 52.9399 53.484  
52.7503 53.1299 52.8448 52.854 53.2083 52.9314 53.2728 52.9689 53.2661  
52.3953 52.3602 52.079 52.6537 52.6399 52.3757 52.6278 52.3492 52.4202  
52.0167 52.7901 52.4877 52.3621 53.3676 53.0385 52.5774 52.4109 53.5127  
53.484 53.8738 53.8851 53.4165 53.9955 53.8953 53.6578 53.7034 54.2698  
53.2661 52.9627 52.9444 53.1123 52.7705 52.721 53.2509 53.1262 52.7232  
52.4615 52.8583 52.6409 52.7927 53.0419 52.8583 52.9327 52.6531 53.0245  
53.6784 54.4234 54.3523 54.0448 54.4478 54.4654 54.1287 54.2271 54.6251  
54.4095 54.6868 54.7101 54.474 54.4157 54.5565 54.6977 54.7449 54.5413  
52.7366 52.6577 52.4671 52.7307 52.5544 52.426 53.0631 52.6935 52.506  
53.0624 53.4339 53.3618 53.2412 53.461 53.4926 53.3597 53.2848 53.5612  
54.5266 54.2689 54.482 54.3588 53.8259 54.1762 54.1483 54.4157 53.8418  
54.4069 53.9079 53.9976 54.1021 53.4488 53.6887 54.0073 54.1257 53.389  
52.503 52.603 52.3459 52.5337 52.6729 52.4409 52.8276 52.5337 52.6729  
53.5981 53.3119 53.4922 53.4 52.9174 53.239 53.2602 53.4856 52.9378  
53.7024 52.6884 53.0074 53.173 52.2776 52.6057 52.8563 53.1548 52.2164  
53.2364 52.2243 52.4303 52.7358 52.1186 52.235 52.376 52.6493 52.0666  
52.6973 52.4792 52.4762 52.5961 52.4187 52.4223 52.5086 52.5961 52.4187  
52.8873 51.8511 52.212 52.418 51.4386 51.7487 51.9321 52.3032 51.1874  
52.1671 51.2235 51.651 51.7855 50.8557 51.2139 51.255 51.6419 50.6099  
52.0562 52.0302 52.1265 52.0369 51.9413 52.0412 51.9546 52.0423 52.0223  
52.4154 52.3091 52.295 52.3661 52.2398 52.2237 52.3521 52.3607 52.2278  
51.1874 50.6235 50.5499 50.9374 50.9227 50.6735 50.809 50.7089 50.6505  
50.6099 50.1419 50.241 50.4037 50.4341 50.3822 50.1169 50.1868 50.2279  
52.0223 52.0599 52.1706 51.9288 51.934 52.0768 51.91 52.0388 52.0864  
52.2278 52.0899 52.0858 52.1361 51.9977 51.9851 52.161 52.1462 52.0041  
90.0724 90.0722 90.0731 90.0718 90.0715 90.0723 90.0715 90.0723 90.072  
90.0753 90.075 90.0751 90.0752 90.0748 90.0751 90.075 90.0752 90.0748  
90.0747 90.0743 90.074 90.0748 90.0744 90.0741 90.0747 90.0745 90.0739  
90.073 90.073 90.0731 90.073 90.073 90.0731 90.0729 90.073 90.0729  
90.072 90.0721 90.0728 90.0713 90.0713 90.0721 90.0713 90.072 90.0722  
90.0748 90.0747 90.0749 90.0747 90.0745 90.0747 90.0747 90.0747 90.0745  
90.0739 90.0729 90.0729 90.074 90.0728 90.0728 90.0735 90.0734 90.072  
90.0729 90.0722 90.0726 90.0727 90.0719 90.0724 90.0721 90.0726 90.0716  
90.0722 90.0725 90.0732 90.0715 90.0717 90.0724 90.0717 90.0724 90.0726  
90.0745 90.0741 90.0742 90.0743 90.0738 90.0737 90.0742 90.0742 90.0736  
90.072 90.0706 90.0706 90.072 90.0707 90.0706 90.0713 90.0712 90.0698  
90.0716 90.0707 90.0714 90.0714 90.0705 90.0712 90.0703 90.0711 90.0703  
90.0726 90.0727 90.0734 90.0719 90.0719 90.0726 90.072 90.0727 90.0725  
90.0736 90.0716 90.0724 90.0727 90.0702 90.071 90.0722 90.0726 90.0699  
90.0698 90.0688 90.0687 90.07 90.0686 90.0688 90.0694 90.0692 90.0679  
90.0703 90.0711 90.0712 90.0707 90.0716 90.0717 90.0704 90.0707 90.0717  
90.0724 90.0714 90.0719 90.0715 90.0709 90.0714 90.0712 90.0719 90.0709  
90.0695 90.0676 90.0678 90.0685 90.0675 90.0675 90.0683 90.0681 90.067  
90.0676 90.0669 90.0668 90.0674 90.0676 90.0672 90.0669 90.0667 90.0673  
90.0717 90.0719 90.0724 90.0717 90.0722 90.0725 90.0709 90.0718 90.0723  
90.0708 90.0699 90.0701 90.0704 90.0698 90.0697 90.0701 90.0702 90.0695  
90.0673 90.0679 90.0637 90.0677 90.069 90.0518 90.0682 90.0676 90.0689  
90.0676 89.9789 90.0395 90.0445 89.8959 89.939 89.9915 90.0428 89.8836  
90.0723 89.8911 90.0213 90.0209 89.6964 89.8262 89.9037 90.0209 89.6964  
90.0694 90.0702 90.0697 90.07 90.0713 90.0704 90.0703 90.0697 90.0712  
90.0693 90.0718 90.0282 90.0706 90.0729 90.0214 90.0714 90.0706 90.0731  
89.873 89.7051 89.7297 89.8075 89.6586 89.6677 89.7749 89.7889 89.6291  
89.6742 89.3318 89.4678 89.5022 89.178 89.3067 89.4237 89.5022 89.178  
90.0713 90.0742 90.0732 90.0726 90.0754 90.0745 90.074 90.073 90.0761  
90.0732 90.0759 89.9948 90.0743 90.0769 89.9985 90.0758 90.0747 90.0776  
89.603 89.4919 89.4327 89.5679 89.5665 89.4522 89.5754 89.5134 89.5321  
89.1254 88.9019 88.9431 88.9821 88.9331 88.8993 88.9868 88.9451 88.9347  
90.0761 90.0776 90.0778 90.0768 90.0768 90.0775 90.0771 90.0774 90.0775  
90.0776 90.0789 90.0104 90.0782 90.0781 90.0258 90.079 90.0788 90.0787  
89.5321 89.6343 89.5241 89.6386 89.765 89.6514 89.6977 89.5934 89.723  
88.9347 89.0861 88.9851 89.0372 89.276 89.1493 89.1671 89.0038 89.241  
94.8006 94.7993 94.8054 94.7967 94.7941 94.7997 94.7946 94.8 94.7981  
94.8214 94.8192 94.8199 94.8206 94.818 94.8195 94.8193 94.8203 94.8177  
94.817 94.8139 94.8117 94.8176 94.8148 94.813 94.817 94.8153 94.8114  
94.8051 94.8049 94.8055 94.8051 94.8047 94.8055 94.8041 94.8051 94.804  
94.7981 94.7986 94.8038 94.7926 94.7932 94.7985 94.7928 94.7982 94.7995  
94.8177 94.8172 94.8183 94.8168 94.816 94.8171 94.817 94.8174 94.816  
94.8114 94.8041 94.8039 94.8118 94.8038 94.8035 94.8082 94.8077 94.7979  
94.804 94.7995 94.8021 94.8029 94.7972 94.8003 94.7983 94.8018 94.7953  
94.7995 94.8015 94.8062 94.7943 94.7957 94.8012 94.7956 94.8006 94.8023  
94.816 94.8127 94.8134 94.814 94.8105 94.8103 94.8137 94.8139 94.8094  
94.7979 94.7879 94.7878 94.7983 94.7891 94.7882 94.7929 94.792 94.7822  
94.7953 94.7886 94.7937 94.7935 94.7872 94.7921 94.7859 94.7915 94.7862  
94.8023 94.8028 94.8081 94.7974 94.7975 94.8025 94.7978 94.8031 94.8016  
94.8094 94.796 94.8012 94.8033 94.7864 94.7918 94.7997 94.8025 94.7841  
94.7822 94.776 94.7752 94.7839 94.7751 94.7759 94.7802 94.7786 94.7702  
94.7862 94.7918 94.792 94.789 94.7953 94.7961 94.7867 94.7888 94.7962  
94.8008 94.7934 94.7975 94.7946 94.7899 94.7934 94.792 94.7972 94.7903  
94.7814 94.7682 94.7698 94.7749 94.7675 94.7674 94.7732 94.772 94.7646  
94.7681 94.7636 94.7631 94.7673 94.7683 94.7657 94.7637 94.7627 94.7664  
94.7959 94.7972 94.8005 94.796 94.7991 94.8012 94.7905 94.7967 94.7999  
94.7896 94.7828 94.7842 94.7862 94.7823 94.7817 94.7841 94.7855 94.7805  
94.7663 94.7705 94.7689 94.7689 94.7774 94.7782 94.7722 94.7681 94.7772  
94.7686 94.8125 94.7904 94.7857 94.8489 94.8305 94.8057 94.7863 94.8547  
94.8 94.8693 94.8283 94.8251 94.9362 94.895 94.8605 94.8251 94.9362  
94.7798 94.7851 94.7818 94.7834 94.7929 94.7864 94.786 94.7819 94.7925  
94.7794 94.7968 94.8066 94.7881 94.8048 94.8166 94.7937 94.7885 94.806  
94.8611 94.9381 94.9261 94.8922 94.956 94.9511 94.91 94.9006 94.9676  
94.9439 95.0682 95.0205 95.0057 95.1229 95.0776 95.0343 95.0057 95.1229  
94.7935 94.815 94.8073 94.8033 94.824 94.8173 94.8134 94.8055 94.8291  
94.8069 94.8268 94.8461 94.815 94.8348 94.8543 94.8262 94.8179 94.84  
94.9772 95.0127 95.0339 94.9895 94.992 95.0265 94.9849 95.0069 95.0029  
95.1418 95.2143 95.2042 95.1927 95.2024 95.217 95.1837 95.2022 95.202  
94.8291 94.8408 94.8422 94.8344 94.8345 94.8396 94.8372 94.8391 94.8401  
94.84 94.85 94.8734 94.8443 94.8435 94.8652 94.8504 94.849 94.8481  
95.0029 94.9765 95.0103 94.9742 94.9334 94.9723 94.9553 94.9872 94.9468  
95.202 95.1667 95.1915 95.1784 95.1101 95.1493 95.1375 95.1864 95.1217  
40.0954 79.5701 74.1478 38.8964 77.9058 78.9891 78.3829 74.0027 86.8528  
51.246 86.7096 47.5074 46.8315 80.9169 82.3578 86.5399 83.6456 78.147  
51.1839 73.69 56.3834 40.392 88.9652 53.7895 68.5184 56.2731 89.4031  
49.8017 80.1095 63.7504 44.9418 103.831 63.5651 76.9309 60.3832 99.9322  
87.0231 101.019 87.5566 88.7647 122.878 96.5164 99.7902 87.3853 117.624  
78.3003 77.758 43.0838 72.5023 72.084 77.0646 70.4123 70.9803 71.9316  
89.5785 176.402 160.319 114.947 164.876 157.533 159.334 160.005 175.202  
100.128 179.881 166.51 129.379 172.522 166.936 180.679 171.331 168.014  
117.855 114.018 75.9331 149.236 137.873 114.606 137.629 121.933 116.413  
72.0727 20.9351 42.7187 62.8833 44.4715 31.4565 13.7006 52.5154 76.0564  
175.546 158.98 166.388 160.285 212.772 143.211 144.907 166.062 433.581  
168.344 144.876 141.86 160.35 192.792 131.935 145.742 149.971 369.076  
116.641 115.254 52.2184 125.158 163.616 118.686 139.378 102.459 129.631  
76.2056 65.7919 73.2904 67.9548 64.3356 62.9571 65.6632 68.8629 70.52  
434.431 429.421 482.789 456.031 376.004 398.206 408.548 475.372 419.093  
369.8 382.697 423.567 434.014 430.503 373.131 381.948 425.54 447.967  
160.058 173.478 168.569 167.202 169.278 175.495 182.573 166.703 176.23  
117.329 732.797 708.192 618.533 827.335 745.539 679.556 679.488 880.371  
500.034 1170.36 1138.68 964.117 1235.2 1136.61 1165.67 1079.06 1281.15  
503.744 588.564 523.898 526.249 665.945 539.349 690.147 549.723 618.173  
171.902 181.727 170.168 178.686 168.237 169.805 179.316 177.856 167.083  
841.226 835.998 863.209 808.084 817.74 842.9 747.904 834.361 845.355  
1215.83 965.767 995.982 906.656 914.715 959.638 957.433 954.416 962.934  
585.219 384.689 311.322 362.605 355.16 355.455 480.464 357.736 350.391  
163.153 256.798 200.172 209.384 345.954 333.091 251.085 207.677 338.455  
886.432 355.237 428.084 642.661 349.205 429.404 336.923 671.205 368.75  
1021.58 242.836 374.53 618.95 117.021 239.079 252.059 650.298 123.696  
338.226 200.882 194.027 227.654 135.375 182.797 202.416 224.597 133.557  
355.03 342.946 333.718 346.129 326.98 327.659 345.296 347.467 333.76  
329.037 314.705 311.457 289.313 277.238 280.632 314.485 310.847 307.126  
69.0591 43.8007 68.9768 59.604 65.8729 57.2679 38.9996 58.7985 73.2106  
103.767 43.0483 116.584 102.91 77.778 72.9388 41.7361 97.3324 79.7244  
334.415 400.608 467.863 468.385 252.933 365.892 401.838 472.026 271.409  
307.728 395.26 466.931 423.691 241.542 342.305 394.486 466.017 270.339  
73.3542 74.3878 70.9234 66.1034 67.4218 74.1582 59.8993 73.9843 68.0086  
79.8808 89.78 89.6689 85.778 76.7414 102.049 89.3464 83.2048 79.9067  
108.062 134.379 124.987 115.816 130.344 126.723 130.127 121.343 124.445  
127.279 131.155 149.56 126.815 115.014 136.453 118.552 140.364 116.476  
138.836 211.944 151.197 129.445 219.821 173.252 190.584 152.959 226.997  
104.085 192.059 116.35 102.92 216.204 152.684 200.286 121.004 214.736  
124.689 143.628 130.097 127.077 285.777 137.226 136.603 128.418 295.324  
116.704 120.384 97.4616 101.85 117.284 109.476 97.7117 106.615 138.676  
227.442 339.16 297.447 252.145 324.31 308.067 302.558 297.136 363.567  
215.157 302.831 276.844 255.213 300.168 293.263 320.932 277.341 303.577  
295.904 310.158 214.816 274.672 311.063 303.628 302.092 283.259 331.09  
138.948 136.366 130.173 143.771 138.369 127.192 115.31 139.263 142.699  
364.28 322.495 382.067 351.968 415.204 329.854 291.325 375.087 489.115  
304.172 224.538 275.482 274.502 343.238 249.536 246.535 277.322 434.554  
331.739 335.166 240.027 306.619 343.266 358.378 324.745 317.745 266.203  
142.979 193.46 230.536 142.47 272.43 273.25 194.398 151.106 287.113  
490.074 476.559 493.054 445.239 522.882 475.834 459.649 455.373 561.87  
435.407 407.54 350.711 437.041 439.831 315.55 387.671 427.142 448.815  
261.08 318.77 256.565 261.132 350.601 322.476 318.606 277.765 356.305  
321.301 778.971 920.024 541.89 1163.9 956.073 807.38 571.208 1260.55  
618.134 1218.21 1167.53 858.612 1465.15 1181.19 1235.37 933.487 1492.55  
461.544 668.706 406.307 535.188 701.86 441.926 703.58 554.788 579.898  
344.579 326.696 385.46 351.804 251.474 307.072 326.056 347.081 246.08  
1224.83 1193.72 1348.4 1172.71 1067.07 1240.63 1179.15 1212.82 1087.07  
1436.96 1365.75 1324.18 1290.22 1219.14 1271.11 1317.76 1363.82 1288.68  
550.822 606.876 410.16 564.674 603.635 467.299 620.383 557.092 595.531  
243.552 227.846 301.148 243.888 283.478 275.437 253.803 236.156 281.108  
1130.99 642.085 924.016 912.716 504.335 623.811 689.749 930.504 509.559  
1305.6 562.149 838.239 978.345 353.595 516.393 572.558 1034.15 367.87  
581.428 329.744 363.574 510.978 336.03 350.521 324.766 504.117 331.518  
266.496 277.588 290.783 270.215 271.679 271.919 275.523 283.79 285.319  
309.277 273.25 275.74 270.554 268.287 243.665 297.645 277.881 264.776  
189.081 161.371 186.454 177.423 151.407 156.475 149.885 180.574 146.523  
331.451 189.119 294.812 335.162 199.855 199.036 181.806 287.641 202.644  
285.879 368.877 416.232 392.237 208.64 353.174 353.646 411.542 230.822  
265.295 360.757 406.733 362.802 199.446 326.583 360.17 405.937 223.224  
146.811 138.26 149.86 133.094 148.677 162.138 129.262 142.72 153.527  
203.042 228.687 227.966 218.493 194.501 254.861 220.813 218.154 203.177  
707.987 564.933 590.904 701.732 627.994 594.558 619.606 598.625 592.146  
865.297 755.29 784.535 735.054 750.326 753.462 731.786 737.758 826.52  
864.208 771.792 724.641 804.58 786.537 752.049 813.282 757.228 870.766  
666.278 688.768 678.863 667.736 686.409 692.08 678.41 696.084 742.751  
593.307 748.374 707.602 732.929 1012 739.141 873.85 726.284 959.413  
828.141 936.287 974.948 837.356 976.99 1064.77 841.526 869.552 1040.47  
872.474 1149.81 930.497 896.123 1258.79 1088.64 1167.03 947.888 1422.82  
744.208 966.204 791.807 772.325 1081.49 828.457 1042.15 845.712 1166.03  
961.295 980.416 911.584 983.479 1149.08 973.537 1110.87 927.766 1058.92  
1042.51 1328.25 1421.81 1041.36 1555.98 1516.63 1104.52 1161.41 1778.25  
1425.61 1834.7 1686.02 1523.33 2001.33 1697.02 1846.67 1692.99 2335.17  
1168.32 1202.84 948.793 1225.5 1260.43 922.48 1487.91 1211.62 1305.34  
1060.99 986.172 1141.49 1057.29 862.006 1012.33 967.612 1005.94 998.209  
1781.74 2838.24 2684.42 2333.73 3551.67 3141.74 2695.02 2431.74 3750.09  
2339.75 3190.67 2767.41 2777.08 3730.88 3181.08 3259.49 2918.6 3766.4  
1307.9 1071.47 904.802 1269.23 940.005 847.432 1278.02 1237.82 847.397  
1020.87 1266.97 1470.78 786.551 1045.76 1281.69 862.771 1090.24 1369.8  
3775.01 4053.78 3899.33 3644.98 3910.37 4002.45 4108.32 3864.26 4155.96  
3736.11 3856.31 3303.02 3795.38 3797.75 3654.1 4309.06 3755.6 3693.19  
818.273 969.92 787.476 857.258 914.567 845.458 981.331 856.44 910.286  
1380.86 1594.04 1965.07 1184.73 1242.51 1653.86 1210.02 1538.92 1600.34  
4106.32 3491.28 3856.1 3606.89 2731.35 3330.4 3499.32 3775.75 2836.28  
3624.32 2677.8 2594.6 3216.51 2238.4 2382.52 3049.25 3015.25 1976.63  
901.933 801.637 722.937 804.026 771.804 682.387 796.309 793.231 761.441  
1592.6 1601.34 1937.7 1279.02 1266.44 1621.26 1250.6 1613.94 1571.56  
2654.72 2330.04 2586.54 2429.39 2084.67 2229.62 2386.05 2513.33 2129.74  
1773.11 1070.83 1140.18 1786.33 1167.03 974.114 1543.82 1523.5 898.844  
749.47 312.644 403.527 659.261 296.212 238.144 407.553 650.409 292.235  
1537.04 1739.22 1797.67 1427.46 1688.56 1784.27 1493.83 1639.13 1887.47  
2076.62 2099.52 1959.88 1981.38 2109.7 2044.66 2081.99 2022.24 2096.61  
878.344 685.971 559.797 891.942 795.03 691.353 932.546 689.852 580.288  
275.253 201.331 153.928 234.665 157.588 144.583 262.402 222.87 150.699  
1891.17 1784.83 1926.18 1720.3 1381.36 1666.74 1712.62 1874.66 1504.25  
2100.72 1799.47 1743.04 1865.99 1529.44 1613.05 1947.32 1921.6 1570.58  
581.426 430.781 444.459 525.379 508.687 452.789 498.965 461.041 476.999  
150.995 188.874 171.305 182.301 226.064 205.369 182.16 179.078 220.578  
2675.91 2260.34 2211.56 3017.26 2748.44 2260.36 2634.06 2286.88 2658.9  
1605.99 1641.13 1631.17 1895.86 1908.6 1587.8 1783.86 1541.12 1971.38  
2064.58 1744.89 1879.79 2086.37 1700.07 1763.66 1656.58 1874.13 1723.34  
1954.91 1479.84 1624.7 1955.57 1449.13 1540.69 1482.91 1675.46 1390.6  
2664.12 2824.18 2894.4 3133.68 2929.5 2878.12 3012.44 2811.12 2767.93  
1975.24 2097.31 2225.72 2188.09 2278.08 2116.6 2227.89 2119.25 2333.22  
1726.72 1593.98 1502.73 1691.43 1726.89 1570.12 1650.91 1636.62 1877.37  
1393.33 1533.98 1412.24 1484.73 1817.26 1579.05 1510.16 1413.59 1934.13  
2773.36 3545.58 3516.09 3219.73 3825.25 3512.02 3704.23 3284.07 3512.91  
2337.79 3280.04 3068 2791.74 3470.67 3316.87 3412.62 2944.46 3498.14  
1881.05 2467.52 2008.92 2052.5 2361.83 2319.88 2491.63 2246 2494.5  
1937.92 2660.6 2415.65 2232.11 2675.18 2602.27 2542.2 2406.94 2691.31  
3519.8 3613.06 3840.18 3692.83 3461.85 3570.41 3653.15 3563.6 3466.65  
3505 4833.09 4495.38 4101.79 5292.18 5331.83 4202.1 4238.13 5583.79  
2499.39 3890.63 3036.87 3063.47 5010.46 3856.27 3974.04 3272.78 5236.37  
2696.59 2874.77 2533.8 2779.73 3235.57 2397.17 3480.22 2798.87 3166.54  
3361.16 2648.89 3443.47 3142.61 2099.24 2679.68 2495.5 3132.03 2320.91  
5618.23 5036.08 6239.52 5336.33 4480.15 5737.16 4149.83 5577.87 4700.71  
5317.28 4940.02 4769.93 5325.76 4838.04 4694.75 5456.56 5399.71 4865.04  
3098.61 2529 1836.65 2946.23 2316.02 1692.29 3555.93 2825.01 2359.82  
2445.4 2646.58 2947.8 1979.18 2158.04 2717.48 1994.95 2523.46 2887.64  
4685.65 4406.28 5251.88 4388.92 3891.26 4637.86 4075.18 4512.94 3935.29  
4653.24 3625.32 3766.38 4529.4 2909.71 3156.62 4312.8 4148.41 2269.19  
2273.08 1766.6 1284.09 2063.32 1099.6 1133.59 2106.11 2035.62 1084.83  
2987.53 2795.58 3148.99 2166.71 2403.26 2700.44 2087.52 2852.21 2942.6  
3724.36 3358.51 3285.42 3325.54 3537.52 3228.41 3368.39 3337.3 3551.75  
1733.95 1272.91 899.882 1816.29 1779.18 1240.87 1858.08 1177.64 1278.93  
839.196 567.838 570.221 621.866 507.373 473.206 613.852 613.516 500.561  
2981.97 3516.65 3400.27 2724.07 3768.25 3776.73 3071.39 3180.45 4129.93  
3662.5 4239.47 3903.17 3972.33 4776.58 4346.6 4266.96 3958.07 4916.54  
1314.51 1302.72 1129.3 1839.24 1654.7 1243.92 1757.97 1320.18 1371.6  
493.533 478.339 338.35 456.301 450.456 335.186 581.712 462.089 452.377  
4138.03 4188.02 4453.47 3724.98 3810.82 4053.43 3884.24 4156.4 4208.31  
4926.18 5142.1 4780.15 4898.99 4942.5 4792.54 5270.37 5101.5 5140.15  
1374.29 1644.07 1325.24 1853.29 1882.16 1546.02 1994.76 1576.79 1638.05  
453.265 421.292 290.276 425.056 518.439 292.379 519.023 407.267 456.826  
394.15 576.532 515.984 423.681 596.614 546.362 557.438 516.078 604.922  
392.287 466.144 458.744 453.866 497.894 489.516 483.771 452.716 413.321  
289.089 303.987 317.316 305.316 333.265 325.834 346.614 315.08 282.236  
225.553 300.912 195.082 202.719 338.035 218.253 337.501 234.873 384.672  
606.108 592.325 567.31 589.084 624.29 583.226 619.132 572.066 615.128  
414.131 411.726 419.436 432.82 484.767 424.336 441.221 387.438 451.785  
282.79 386.447 392.446 303.86 425.03 421.164 405.414 333.132 413.807  
385.426 462.057 352.698 400.669 496.512 397.768 492.491 403.924 499.859  
616.334 558.68 604.546 649.647 505.018 565.036 540.345 573.689 490.515  
452.671 434.69 437.093 482.494 413.84 409.663 478.418 444.798 381.341  
414.618 464.039 420.4 363.421 429.842 476.893 496.572 385.549 406.899  
500.839 574.385 517.07 472.339 521.748 588.801 557.776 512.549 472.868  
491.477 487.6 499.423 525.2 513.665 467.708 506.284 483.284 476.256  
382.089 793.14 545.401 507.1 937.995 1164.48 528.015 517.602 980.395  
407.697 1316.95 675.193 651.093 1642.61 1568.4 1333.2 676.677 1773.38  
473.795 938.129 563.167 587.59 1184.1 862.71 1220.89 586.318 1207.26  
529.044 497.182 551.918 581.044 553.234 502.962 559.566 534.887 497.944  
1075.81 1233.81 1631.68 1134.21 1191.69 1580.77 846.727 1233.49 1307.53  
2010.62 2138.03 2176.42 2066.28 2038.71 2024.5 2235.25 2292.97 2275.99  
1424.57 1395.58 1137.03 1555.38 1409.47 1002.47 1890.11 1611.27 1456.39  
474.217 540.151 545.015 552.277 773.583 624.22 584.917 494.946 719.191  
1248.23 1013.8 1655.54 1174.03 774.489 1108.56 738.72 1228.72 795.439  
2164.68 1609.67 2033.13 1982.64 771.001 1192.97 1607.63 2083.01 807.712  
1378.85 1026.19 878.306 1314.15 582.278 612.554 1278.32 1296.5 574.46  
705.864 756.597 817.371 797.49 876.18 755.055 776.689 745.27 880.327  
785.075 575.732 629.905 678.13 727.021 563.087 613.285 673.826 723.213  
771.789 169.124 215.01 280.198 216.397 173.224 233.33 288.912 168.873  
519.739 77.4715 85.8405 112.734 63.7073 64.3829 111.326 111.22 62.852  
922.247 993.199 1041.3 952.791 774.69 1002.42 875.209 1041.06 858.809  
753.634 844.781 834.353 841.953 771.245 810.723 891.022 860.025 763.827  
171.425 114.294 119.531 245.362 289.162 130.573 237.575 135.126 187.406  
60.8796 52.7144 45.2425 53.092 110.924 51.2286 49.4205 52.6112 95.4652  
860.494 958.971 950.087 814.112 834.523 987.453 824.153 931.218 935.368  
765.325 893.024 785.897 873.593 917.622 928.896 921.272 808.227 878.875  
187.773 338.995 277.224 406.818 452.942 390.468 468.745 283.49 388.653  
95.6525 215.061 135.225 207.342 348.04 244.05 259.48 197.191 334.261  
60.9911 116.708 111.784 85.0451 120.229 110.783 109.919 99.7402 127.602  
119.876 136.046 110.184 121.571 126.654 130.36 141.784 128.241 113.01  
78.095 70.436 62.7461 70.0055 67.06 75.0442 74.9009 74.8859 53.0308  
28.7076 29.7573 33.1058 25.0443 32.0622 36.5462 29.6991 26.3073 41.6402  
127.853 152.642 133.043 136.277 166.868 146.519 144.443 146.695 148.18  
113.232 119.481 70.515 98.8246 115.795 110.69 124.099 102.782 102.976  
53.1348 121.875 95.9018 57.4066 117.386 123.981 117.323 80.5821 117.497  
41.7218 100.492 82.0904 52.3054 99.7234 103.658 101.449 77.1286 102.889  
148.471 92.6917 91.459 168.128 128.959 101.525 129.751 103.331 88.15  
103.178 62.8478 57.5303 86.6556 57.845 69.8711 61.5716 75.4886 85.0733  
117.728 139.207 144.479 113.69 125.332 136.382 129.404 130.489 173.031  
103.091 129.617 122.24 107.971 124.16 124.875 130.517 123.933 143.413  
88.3228 59.8115 48.8148 114.447 108.343 66.5861 104.835 52.7885 61.1981  
85.2401 207.148 121.917 113.153 186.874 195.687 207.12 121.679 199.981  
173.37 418.1 371.315 339.422 382.239 392.77 407.647 369.876 427.098  
143.694 250.7 287.266 279.076 288.701 260.05 250.209 279.913 300.867  
70.3467 85.6604 80.0956 80.0525 92.9699 86.6563 98.7707 79.6344 90.123  
198.569 760.741 601.832 413.64 749.266 723.442 547.855 459.196 830.248  
446.626 993.172 863.141 644.783 997.176 941.856 966.266 721.655 1106.22  
332.983 352.278 374.637 368.401 401.105 357.344 557.197 384.834 418.997  
89.4804 114.595 77.771 102.706 155.686 129.523 120.431 91.499 147.535  
785.839 678.987 744.617 684.639 615.801 633.36 442.962 720.499 649.582  
1046.99 783.079 847.71 801.678 690.256 697.853 787.26 838.115 720.338  
397.169 233.085 215.73 249.889 204.841 199.933 470.518 246.534 202.091  
154.14 251.795 206.369 220.828 410.852 333.194 253.04 211.38 404.885  
688.903 276.834 542.242 588.686 337.138 368.09 258.139 619.3 354.748  
751.767 167.402 448.468 536.965 51.7714 160.29 254.533 558.303 43.1617  
182.784 80.3508 52.2177 96.1523 24.9482 47.1628 166.1 94.8613 24.6132  
429.542 400.558 417.884 396.538 358.262 390.769 392.251 418.285 365.816  
376.352 374.441 374.441 340.229 322.839 333.9 375.425 373.708 341.825  
45.7903 28.0158 27.6838 50.2438 86.8083 49.7248 40.2039 33.8393 81.0318  
24.1757 6.96255 16.9917 16.8605 69.8035 37.1166 5.34903 12.8273 66.6036  
366.534 626.645 631.487 651.023 418.33 601.273 615.312 628.847 439.282  
342.495 609.134 578.785 600.768 379.296 549.263 608.696 610.736 419.203  
81.1907 77.5736 76.7173 80.5126 75.678 85.1878 88.9525 77.8684 76.9377  
66.7342 86.2781 84.8189 82.4322 112.506 116.195 77.6175 79.5851 115.341  
