0 0 17 14
0 7 17 14
0 14 17 14
0 21 17 14
8 0 17 14
8 7 17 14
8 14 17 14
8 21 17 14
16 0 17 14
16 7 17 14
16 14 17 14
16 21 17 14
24 0 17 14
24 7 17 14
24 14 17 14
24 21 17 14
32 0 17 14
32 7 17 14
32 14 17 14
32 21 17 14
40 0 17 14
40 7 17 14
40 14 17 14
40 21 17 14
49 0 17 14
49 7 17 14
49 14 17 14
49 21 17 14
57 0 17 14
57 7 17 14
57 14 17 14
57 21 17 14
65 0 17 14
65 7 17 14
65 14 17 14
65 21 17 14
0 0 17 14
0 7 17 14
0 14 17 14
0 21 17 14
8 0 17 14
8 7 17 14
8 14 17 14
8 21 17 14
16 0 17 14
16 7 17 14
16 14 17 14
16 21 17 14
24 0 17 14
24 7 17 14
24 14 17 14
24 21 17 14
32 0 17 14
32 7 17 14
32 14 17 14
32 21 17 14
40 0 17 14
40 7 17 14
40 14 17 14
40 21 17 14
49 0 17 14
49 7 17 14
49 14 17 14
49 21 17 14
57 0 17 14
57 7 17 14
57 14 17 14
57 21 17 14
65 0 17 14
65 7 17 14
65 14 17 14
65 21 17 14
0 0 17 14
0 7 17 14
0 14 17 14
0 21 17 14
8 0 17 14
8 7 17 14
8 14 17 14
8 21 17 14
16 0 17 14
16 7 17 14
16 14 17 14
16 21 17 14
24 0 17 14
24 7 17 14
24 14 17 14
24 21 17 14
32 0 17 14
32 7 17 14
32 14 17 14
32 21 17 14
40 0 17 14
40 7 17 14
40 14 17 14
40 21 17 14
49 0 17 14
49 7 17 14
49 14 17 14
49 21 17 14
57 0 17 14
57 7 17 14
57 14 17 14
57 21 17 14
65 0 17 14
65 7 17 14
65 14 17 14
65 21 17 14
0 0 17 14
0 7 17 14
0 14 17 14
0 21 17 14
8 0 17 14
8 7 17 14
8 14 17 14
8 21 17 14
16 0 17 14
16 7 17 14
16 14 17 14
16 21 17 14
24 0 17 14
24 7 17 14
24 14 17 14
24 21 17 14
32 0 17 14
32 7 17 14
32 14 17 14
32 21 17 14
40 0 17 14
40 7 17 14
40 14 17 14
40 21 17 14
49 0 17 14
49 7 17 14
49 14 17 14
49 21 17 14
57 0 17 14
57 7 17 14
57 14 17 14
57 21 17 14
65 0 17 14
65 7 17 14
65 14 17 14
65 21 17 14
0 0 17 14
0 7 17 14
0 14 17 14
0 21 17 14
8 0 17 14
8 7 17 14
8 14 17 14
8 21 17 14
16 0 17 14
16 7 17 14
16 14 17 14
16 21 17 14
24 0 17 14
24 7 17 14
24 14 17 14
24 21 17 14
32 0 17 14
32 7 17 14
32 14 17 14
32 21 17 14
40 0 17 14
40 7 17 14
40 14 17 14
40 21 17 14
49 0 17 14
49 7 17 14
49 14 17 14
49 21 17 14
57 0 17 14
57 7 17 14
57 14 17 14
57 21 17 14
65 0 17 14
65 7 17 14
65 14 17 14
65 21 17 14
0 0 17 14
0 7 17 14
0 14 17 14
0 21 17 14
8 0 17 14
8 7 17 14
8 14 17 14
8 21 17 14
16 0 17 14
16 7 17 14
16 14 17 14
16 21 17 14
24 0 17 14
24 7 17 14
24 14 17 14
24 21 17 14
32 0 17 14
32 7 17 14
32 14 17 14
32 21 17 14
40 0 17 14
40 7 17 14
40 14 17 14
40 21 17 14
49 0 17 14
49 7 17 14
49 14 17 14
49 21 17 14
57 0 17 14
57 7 17 14
57 14 17 14
57 21 17 14
65 0 17 14
65 7 17 14
65 14 17 14
65 21 17 14
0 0 17 14
0 7 17 14
0 14 17 14
0 21 17 14
8 0 17 14
8 7 17 14
8 14 17 14
8 21 17 14
16 0 17 14
16 7 17 14
16 14 17 14
16 21 17 14
24 0 17 14
24 7 17 14
24 14 17 14
24 21 17 14
32 0 17 14
32 7 17 14
32 14 17 14
32 21 17 14
40 0 17 14
40 7 17 14
40 14 17 14
40 21 17 14
49 0 17 14
49 7 17 14
49 14 17 14
49 21 17 14
57 0 17 14
57 7 17 14
57 14 17 14
57 21 17 14
65 0 17 14
65 7 17 14
65 14 17 14
65 21 17 14
0 0 17 14
0 7 17 14
0 14 17 14
0 21 17 14
8 0 17 14
8 7 17 14
8 14 17 14
8 21 17 14
16 0 17 14
16 7 17 14
16 14 17 14
16 21 17 14
24 0 17 14
24 7 17 14
24 14 17 14
24 21 17 14
32 0 17 14
32 7 17 14
32 14 17 14
32 21 17 14
40 0 17 14
40 7 17 14
40 14 17 14
40 21 17 14
49 0 17 14
49 7 17 14
49 14 17 14
49 21 17 14
57 0 17 14
57 7 17 14
57 14 17 14
57 21 17 14
65 0 17 14
65 7 17 14
65 14 17 14
65 21 17 14
0 0 17 14
0 7 17 14
0 14 17 14
0 21 17 14
8 0 17 14
8 7 17 14
8 14 17 14
8 21 17 14
16 0 17 14
16 7 17 14
16 14 17 14
16 21 17 14
24 0 17 14
24 7 17 14
24 14 17 14
24 21 17 14
32 0 17 14
32 7 17 14
32 14 17 14
32 21 17 14
40 0 17 14
40 7 17 14
40 14 17 14
40 21 17 14
49 0 17 14
49 7 17 14
49 14 17 14
49 21 17 14
57 0 17 14
57 7 17 14
57 14 17 14
57 21 17 14
65 0 17 14
65 7 17 14
65 14 17 14
65 21 17 14
0 0 17 14
0 7 17 14
0 14 17 14
0 21 17 14
8 0 17 14
8 7 17 14
8 14 17 14
8 21 17 14
16 0 17 14
16 7 17 14
16 14 17 14
16 21 17 14
24 0 17 14
24 7 17 14
24 14 17 14
24 21 17 14
32 0 17 14
32 7 17 14
32 14 17 14
32 21 17 14
40 0 17 14
40 7 17 14
40 14 17 14
40 21 17 14
49 0 17 14
49 7 17 14
49 14 17 14
49 21 17 14
57 0 17 14
57 7 17 14
57 14 17 14
57 21 17 14
65 0 17 14
65 7 17 14
65 14 17 14
65 21 17 14
