78.3524 4710.98 
77.1234 4112.94 
74.6502 4060.68 
72.6064 3934.8 
73.6483 4160.52 
80.6253 7142.04 
96.5202 17442.9 
121.422 43727.9 
73.705 2621.77 
72.9102 2166.71 
71.1049 2221.53 
69.172 2356.58 
69.7335 2839.2 
75.3249 5622.8 
88.5979 12572.6 
111.752 40090.1 
70.2244 2140.32 
70.0672 1741.18 
68.2159 1650.11 
65.7988 1802.92 
66.3479 2467.26 
71.7014 5568.56 
83.2766 10779.3 
104.125 27819.9 
64.7058 1859.92 
63.9063 1463.47 
61.1873 1407.16 
58.5741 1531.84 
59.7529 2412.97 
65.8543 5690.8 
77.0883 10648.9 
93.8982 17125.1 
59.0452 1789.82 
58.3986 1349.28 
55.9283 1228.41 
53.4397 1298.39 
54.2536 2283.45 
60.3522 5670.6 
71.7717 10607.7 
87.4783 15755.9 
55.2733 1726.44 
54.0833 1289.94 
51.1194 1130.5 
47.8876 1168.84 
48.7181 2228.04 
54.9809 5811.67 
66.1873 10978.5 
82.2467 16469.7 
52.7038 1889.95 
50.2007 1382.51 
46.2829 1144.68 
42.5949 1141.01 
43.7821 2369.88 
51.0727 6041.07 
63.177 11461.7 
79.8384 17215.4 
53.265 1944.9 
50.7605 1415.03 
46.4405 1178.57 
42.4023 1170.06 
43.606 2474.08 
51.2867 6319.6 
63.8342 11863.4 
81.2382 17830.2 
61.311 4404.1 
57.5957 3021.16 
52.7015 2153.38 
48.4308 1942.3 
50.3824 3348.78 
59.3355 7844.54 
73.1352 14000.5 
92.1464 20151.1 
3.82691 4.55705e-005 
3.82619 3.97732e-005 
3.82553 3.74389e-005 
3.82531 3.82359e-005 
3.82543 3.95222e-005 
3.82517 8.95434e-005 
3.82307 0.000379019 
3.818 0.00141134 
3.82761 4.13622e-005 
3.82685 3.71125e-005 
3.82612 3.62636e-005 
3.8257 3.54291e-005 
3.82565 3.74332e-005 
3.82511 8.95804e-005 
3.82293 0.000355639 
3.81771 0.00147775 
3.82829 4.17625e-005 
3.82737 3.62244e-005 
3.82664 3.5188e-005 
3.82623 3.60422e-005 
3.82604 3.90061e-005 
3.8252 9.39315e-005 
3.82288 0.000359235 
3.81812 0.000977425 
3.82881 4.07084e-005 
3.82774 3.59607e-005 
3.82689 3.54522e-005 
3.82645 3.7617e-005 
3.82623 3.98943e-005 
3.82525 9.94001e-005 
3.82277 0.000374117 
3.81853 0.000827418 
3.82921 3.83188e-005 
3.82817 3.54775e-005 
3.82725 3.56e-005 
3.82665 3.71141e-005 
3.82639 4.03792e-005 
3.82537 0.00010659 
3.8228 0.000387931 
3.81862 0.000849208 
3.82933 3.7331e-005 
3.82818 3.23114e-005 
3.82727 3.19061e-005 
3.8268 3.40188e-005 
3.82658 3.84934e-005 
3.82557 0.000114185 
3.82297 0.00040599 
3.81866 0.000878883 
3.82922 3.58697e-005 
3.8281 3.17765e-005 
3.82726 3.06082e-005 
3.82695 3.20223e-005 
3.82681 3.50118e-005 
3.82583 0.000119137 
3.82316 0.000428157 
3.81879 0.00090768 
3.82949 3.56679e-005 
3.82844 3.09984e-005 
3.82771 2.89282e-005 
3.82744 2.95405e-005 
3.82732 3.26381e-005 
3.82626 0.000128627 
3.8235 0.000456557 
3.81909 0.000935935 
3.82993 3.45004e-005 
3.82892 3.06157e-005 
3.82818 2.96766e-005 
3.82788 2.98831e-005 
3.82771 3.26326e-005 
3.82656 0.000139904 
3.8237 0.000483251 
3.81916 0.000965546 
5.78388 0.000187209 
5.78347 0.000219222 
5.78278 0.00027979 
5.78199 0.000330092 
5.78128 0.000371341 
5.78162 0.000403557 
5.78316 0.000373779 
5.78447 0.000351625 
5.78267 0.00020029 
5.78233 0.000235297 
5.7818 0.000293467 
5.78128 0.00034222 
5.78083 0.000380494 
5.78142 0.000409208 
5.78314 0.000375535 
5.78443 0.000356421 
5.78248 0.000226211 
5.7822 0.000254463 
5.78179 0.000308644 
5.78137 0.00035159 
5.78105 0.00038585 
5.78178 0.000409758 
5.78363 0.000369914 
5.78507 0.00033413 
5.78199 0.00026243 
5.78183 0.000279714 
5.7816 0.000327993 
5.78139 0.000366041 
5.78136 0.000388848 
5.78237 0.000396463 
5.78449 0.000347552 
5.78627 0.000299036 
5.7808 0.000315761 
5.78056 0.000338205 
5.78032 0.000387534 
5.78033 0.000423283 
5.78061 0.00044662 
5.78188 0.000448202 
5.78419 0.000387303 
5.78621 0.000328785 
5.77945 0.000337872 
5.77935 0.000353563 
5.77944 0.000394012 
5.77966 0.000430173 
5.78006 0.00045248 
5.78138 0.000460667 
5.78371 0.00040761 
5.78586 0.00033661 
5.77765 0.000405641 
5.77786 0.000418248 
5.77838 0.000456319 
5.77903 0.000488468 
5.77972 0.000507753 
5.78107 0.000511818 
5.78342 0.000451306 
5.7857 0.000366463 
5.77593 0.000489532 
5.77648 0.000490697 
5.77739 0.000510952 
5.7785 0.000529036 
5.77956 0.000538759 
5.78092 0.000544018 
5.78319 0.000474349 
5.78555 0.000375947 
5.77515 0.000561202 
5.77619 0.000536414 
5.77773 0.000532449 
5.77923 0.000528922 
5.78056 0.000534234 
5.78201 0.000532921 
5.7842 0.000474832 
5.78659 0.000393792 
5.77061 0.0034401 
5.76973 0.00279458 
5.77067 0.00251493 
5.77337 0.00251262 
5.77729 0.00260438 
5.78078 0.00266467 
5.78278 0.00258408 
5.78378 0.00247065 
5.77279 0.00328312 
5.77195 0.00260713 
5.7729 0.00228489 
5.77552 0.00230374 
5.77906 0.00245714 
5.78186 0.00256183 
5.78311 0.00257462 
5.78325 0.00251231 
5.77669 0.00275732 
5.77573 0.00208222 
5.77654 0.00175377 
5.77891 0.00178058 
5.78215 0.00196957 
5.78458 0.00211855 
5.7853 0.00216845 
5.78507 0.00208252 
5.78018 0.00238733 
5.77896 0.00177292 
5.77934 0.00149861 
5.78122 0.00153269 
5.78398 0.00167463 
5.78608 0.00177607 
5.7865 0.0017596 
5.78612 0.00164276 
5.78109 0.0022453 
5.77948 0.00163304 
5.7793 0.00137416 
5.78075 0.00140384 
5.78317 0.00152867 
5.78505 0.00161938 
5.78553 0.0015722 
5.78531 0.00144761 
5.78034 0.00224137 
5.77829 0.00159765 
5.77757 0.00131055 
5.77876 0.00132712 
5.78125 0.00145903 
5.78339 0.00155877 
5.78415 0.00151541 
5.78412 0.00139298 
5.78044 0.00229472 
5.77819 0.00164111 
5.77716 0.00133565 
5.77805 0.00133577 
5.78046 0.00146776 
5.78281 0.00157747 
5.78372 0.00154891 
5.78372 0.00142994 
5.78117 0.00229154 
5.77889 0.00164863 
5.77771 0.00133367 
5.77833 0.00133144 
5.78051 0.00145455 
5.78293 0.00157234 
5.78399 0.00155952 
5.78398 0.00144322 
5.78242 0.00245733 
5.77989 0.00180797 
5.77829 0.00144121 
5.77863 0.00140367 
5.78063 0.00150618 
5.78304 0.00160819 
5.78429 0.00160616 
5.78463 0.00149475 
26.6603 1024.41 
25.9916 920.741 
27.4019 965.045 
28.6729 1021.63 
28.8153 1036.68 
28.6394 1066.82 
29.5859 1525.16 
33.2136 5766.19 
25.5713 758.681 
25.668 705.085 
27.1684 763.437 
28.4162 850.304 
28.1268 886.573 
27.2276 916.002 
26.7091 902.171 
27.7448 2085.98 
25.289 707.956 
25.4529 632.75 
27.2801 721.026 
28.3366 792.885 
27.9294 865.677 
27.1487 894.925 
26.1482 916.94 
25.7416 1282.47 
22.3395 637.56 
22.5658 611.443 
23.651 681.129 
24.6945 766.677 
24.6442 813.974 
24.1033 843.517 
23.6301 860.051 
22.7293 852.508 
19.5369 528.259 
19.9274 519.627 
21.0803 614.377 
22.5459 690.005 
22.3262 699.451 
21.2173 669.25 
20.4833 640.999 
19.4612 598.407 
18.1786 508.919 
17.6214 445.029 
18.496 511.407 
18.996 554.035 
18.2653 588.065 
17.1052 574.623 
16.2737 559.778 
15.5019 540.819 
16.507 509.465 
15.1519 419.223 
14.7192 394.964 
14.3504 391.645 
13.8452 407.969 
13.4995 403.085 
13.4089 421.447 
13.2369 439.734 
17.7978 589.683 
16.0227 475.051 
15.1222 450.288 
14.5405 445.127 
13.8308 455.976 
13.4285 445.785 
13.3568 462.273 
13.0329 447.627 
23.9426 1986.44 
20.9709 1338.95 
18.8442 859.758 
18.3086 778.443 
17.6564 787.586 
17.5269 1016.44 
17.9764 1445.83 
18.2846 1418.39 
12.3918 576.344 
11.9981 520.274 
10.8545 493.67 
10.405 469.377 
10.4589 485.185 
10.375 478.369 
10.7676 737.528 
12.6149 2663.38 
9.88476 379.069 
9.37516 356.688 
8.66501 333.668 
8.14936 337.695 
8.0037 337.394 
8.06876 332.625 
8.17922 359.703 
9.80197 1545.01 
7.9578 303.235 
7.88605 271.711 
7.37465 269.058 
6.93557 259.858 
6.6437 253.738 
6.46387 238.181 
6.34022 219.247 
6.32663 247.88 
6.10226 193.538 
5.78324 162.674 
5.64495 164.292 
5.17897 136.4 
5.09406 136.153 
5.28504 180.948 
4.99615 167.458 
4.77832 161.034 
3.99135 89.4131 
4.00803 79.2936 
3.92012 77.8961 
3.41503 68.4401 
3.28711 64.2855 
3.3964 74.862 
3.42932 76.1267 
3.27344 57.3701 
2.66105 39.0124 
2.89252 50.1253 
2.85027 53.4816 
2.53043 50.2899 
2.41099 49.1639 
2.33664 54.254 
2.09718 37.835 
1.88669 23.7649 
2.80118 46.8337 
2.63083 32.564 
2.72337 40.5069 
2.66511 47.1071 
2.45509 45.6113 
2.24301 51.4203 
1.93389 37.1316 
1.67611 20.6533 
2.94605 55.0865 
2.85116 43.2623 
2.93604 48.5083 
2.89197 56.1389 
2.61125 61.7181 
2.27846 53.2975 
2.15928 46.7598 
2.20649 54.1909 
3.93483 121.757 
3.86249 113.281 
3.89681 108.618 
3.4133 91.144 
3.822 208.946 
4.07404 230.529 
3.86851 240.004 
4.2613 345.944 
4.34556 109.421 
4.10524 95.1045 
3.93461 95.4183 
4.06235 129.686 
3.92568 120.179 
4.14087 123.398 
5.79588 577.375 
7.888 1594.38 
5.23847 128.561 
4.42125 102.12 
3.87722 107.949 
4.21736 133.442 
4.3135 142.365 
4.15118 131.319 
5.34725 463.123 
8.85584 2210.2 
5.2482 149.923 
4.75781 124.511 
4.08676 124.509 
3.87781 128.503 
3.79346 125.447 
3.67037 125.034 
3.97617 144.276 
6.06747 955.031 
4.63928 130.681 
4.1154 92.9862 
3.59495 86.3303 
2.99775 84.1199 
2.78988 67.2187 
2.7958 71.2208 
3.12402 82.8235 
3.84285 118.386 
4.19242 86.1718 
3.05914 46.3069 
2.19624 35.4192 
1.84142 27.7199 
2.10518 38.3014 
2.34181 47.5551 
2.32788 45.9647 
2.98102 61.6253 
3.58113 74.5683 
2.63904 34.4251 
1.67596 16.3017 
1.24296 9.28514 
1.43345 14.9692 
1.76641 24.9497 
1.75216 30.1714 
2.09792 40.4347 
3.20865 57.7069 
2.45713 35.9406 
1.5566 17.2297 
1.11591 8.42776 
1.16276 11.3093 
1.39161 19.2931 
1.49607 24.3634 
1.90892 36.582 
2.86435 55.2209 
2.21557 31.1711 
1.43193 13.0681 
1.26235 10.6342 
1.29519 13.0062 
1.38476 18.2736 
1.42322 27.2849 
1.96727 40.1479 
2.85831 52.4775 
2.56106 35.402 
1.97802 20.2839 
1.78882 20.9301 
1.64473 20.3909 
1.59434 21.2938 
2.05232 42.0443 
2.57011 74.5318 
17.5946 769.732 
19.513 826.624 
18.866 823.973 
17.5839 738.66 
19.3101 1197.64 
25.518 3815.99 
36.0581 8147.64 
48.1568 12394.4 
17.6919 719.263 
19.4627 773.152 
19.6236 803.863 
18.373 778.268 
19.8911 1363.05 
26.5806 4394.04 
37.4502 9009.45 
49.5413 12913.2 
17.8906 713.94 
19.5077 732.284 
19.3194 733.076 
17.913 721.427 
19.9807 1529.84 
27.1526 4939.32 
38.4845 9921.07 
51.6008 13866.7 
18.9218 716.019 
19.9354 767.007 
18.8305 760.498 
17.5792 724.494 
19.8987 1664.29 
27.2335 5130.27 
39.0466 10251.3 
53.4549 15052.5 
18.7401 675.547 
20.022 748.612 
19.3907 739.539 
18.201 727.956 
20.3156 1748.03 
27.8255 5177.36 
40.1736 10272.8 
55.7363 15672.8 
19.0755 659.148 
20.4825 719.204 
20.2869 753.125 
18.9048 717.704 
21.6055 1857.13 
29.5328 5418.45 
41.7506 10745 
57.9512 16315.5 
19.2344 670.547 
20.4962 703.858 
20.237 728.893 
19.2215 716.481 
22.3798 1982.93 
30.5334 5682.93 
43.1039 11124.6 
59.4817 16849.5 
18.7537 658.918 
20.3028 695.286 
19.9462 698.049 
18.7027 691.032 
22.1357 2049.58 
31.0491 5963.86 
43.9957 11493.8 
60.596 17430.4 
18.342 611.331 
19.2486 604.051 
19.0451 652.183 
18.0939 655.246 
21.9261 2048.83 
31.4389 6273.45 
44.2346 12155.9 
61.2269 18373.9 
6.89895 179.203 
6.08346 118.473 
5.14843 113.533 
4.48512 99.9078 
4.24881 88.8496 
4.69138 457.26 
5.93012 909.384 
9.76058 3602.23 
6.60664 167.756 
5.9218 112.992 
4.93758 105.503 
4.21112 98.7799 
3.9682 85.8268 
3.81622 87.8241 
5.58979 1450.4 
9.15566 3956.63 
5.84576 140.814 
5.10881 85.4864 
4.10173 68.6601 
3.63387 65.7395 
3.5914 57.8091 
3.15155 49.559 
4.07789 542.661 
8.41456 4048.27 
5.56401 125.178 
4.76953 81.2437 
3.93931 58.9126 
3.25482 45.079 
3.16414 43.9819 
2.93975 33.3592 
2.76163 58.9317 
4.55537 576.913 
5.69724 131.726 
4.91916 78.6588 
3.88287 60.4635 
2.9752 46.2102 
2.7249 35.6599 
2.59037 27.2488 
2.52993 24.2861 
3.00836 47.8399 
5.73537 153.756 
4.80316 83.0211 
3.63302 52.986 
3.1876 47.8083 
3.02743 42.2122 
2.7431 31.0978 
2.69789 30.9883 
3.02464 41.1095 
5.78226 140.301 
4.74806 79.6888 
3.7408 63.9462 
3.12293 47.3334 
2.8381 38.3762 
2.80996 31.2061 
2.64979 29.2316 
2.78268 29.2169 
5.95244 142.579 
4.80574 75.9343 
3.53487 52.389 
2.77663 43.7788 
2.57345 33.9037 
2.57662 29.325 
2.28977 20.4389 
2.46266 26.6535 
6.0049 157.244 
4.85296 99.8001 
3.41412 49.7534 
2.663 36.483 
2.46758 31.37 
2.35977 24.8667 
2.30164 23.7702 
2.46507 26.5812 
10.4612 625.361 
9.43205 543.383 
8.44477 494.842 
7.39712 440.093 
6.88946 399.475 
7.26068 487.18 
8.38256 941.508 
9.78815 1406.71 
8.7119 296.116 
8.06125 238.679 
6.83305 203.834 
5.80495 198.302 
5.43021 172.864 
5.4805 190.425 
5.32239 197.656 
6.65209 608.003 
7.99308 253.951 
7.35389 198.066 
6.05334 161.756 
5.1019 142.002 
4.40926 119.686 
4.11427 109.183 
4.24966 121.794 
5.97353 873.666 
7.13893 187.95 
6.73694 155.654 
5.52662 117.957 
4.86882 111.569 
4.16189 98.6706 
3.49696 80.8049 
3.52982 93.8514 
4.53748 495.654 
6.88721 174.958 
6.46289 142.401 
5.45815 102.425 
4.46118 91.373 
3.49454 69.9454 
2.98082 62.8101 
2.82766 55.1843 
3.01791 56.8335 
6.04168 163.487 
5.64461 126.477 
4.1773 79.9869 
3.02572 55.5686 
1.97542 32.7293 
1.4967 21.1768 
1.61581 25.2864 
1.78441 28.0085 
5.1703 136.515 
4.71669 109.061 
3.30589 60.5974 
2.11901 37.9476 
1.10124 14.8363 
0.595253 5.13696 
0.584404 4.4375 
0.75211 5.77827 
4.95067 138.389 
4.56254 130.616 
3.46931 71.0629 
2.22805 39.4336 
1.15959 16.5461 
0.569233 4.96784 
0.609443 5.2342 
0.972844 11.0079 
6.22841 312.47 
6.09978 269.365 
5.52326 264.274 
4.16312 169.249 
2.86557 123.956 
2.34156 93.8615 
2.70169 133.279 
3.33842 197.112 
