948.202 47840.2 
1657.66 122183 
2307.26 94382.1 
2845.87 56358.5 
3007.65 56946 
2880.21 131618 
2261.63 243891 
1256.53 181013 
1336.04 143553 
2378.2 200102 
2824.69 19565.7 
3091.73 22594.4 
3227.9 48304.8 
3221.15 10205.9 
3015.14 43573.3 
2117.6 222771 
2418.72 646123 
3608.29 418499 
3523.54 153781 
3228.01 9510 
3270.68 18130.3 
3173.52 12043.2 
3372.09 6054.25 
2867.02 165625 
4041.97 742912 
5316.79 221700 
4794.01 529197 
3433.99 99020.3 
3272.93 53190.5 
3391.3 32128.4 
3604.58 34449.6 
3079.66 123366 
4199.39 492021 
5472.56 287285 
5204.9 700360 
3297.36 158355 
3156.91 136361 
3419.02 41219.3 
3542.09 36361.6 
2903.87 112998 
3163.78 92595.2 
3428.58 427365 
4123.78 414942 
4207.36 86026 
4574.49 283206 
4507.02 181743 
3864.73 143261 
2664.24 170260 
2750.21 30464.6 
2313.32 67281.9 
2390.34 175261 
3439.54 375835 
4391.53 216780 
4616.02 101164 
3718.2 315518 
2310.91 243929 
2138.34 136640 
2580.05 11828.3 
2287.54 48728.6 
2222.11 17036.6 
2771.46 201795 
3141.99 304885 
2492.65 350395 
1460.63 188829 
1097.72 96860.8 
1749.12 237920 
2221.74 102713 
2270.12 12159.3 
2235.28 14675.8 
1989.78 165052 
1280.02 216285 
574.445 66551.5 
3.7748 0.00157294 
3.63994 0.0054865 
3.43974 0.0230151 
3.22239 0.0544676 
3.12082 0.0647759 
3.2878 0.0463047 
3.55203 0.0164999 
3.72896 0.00329103 
3.7477 0.0038658 
3.45704 0.0287223 
2.98709 0.045947 
2.65555 0.0246398 
2.52172 0.00947528 
2.68429 0.0355047 
3.15851 0.0397338 
3.57142 0.00979724 
3.76593 0.0123631 
3.2454 0.0495477 
2.74628 0.00749552 
2.75516 0.054839 
2.70823 0.061653 
2.44867 0.00490944 
2.70536 0.0437271 
3.34763 0.0315021 
3.95159 0.0239427 
3.24756 0.0587243 
2.94131 0.026029 
3.43322 0.0595272 
3.41 0.0413395 
2.72841 0.0442456 
2.55843 0.0170493 
3.18885 0.0444959 
4.17088 0.00525801 
3.71016 0.0761717 
3.34988 0.0296026 
3.65531 0.0140471 
3.51886 0.0441013 
2.82794 0.0420379 
2.65035 0.0215821 
3.18255 0.0409446 
4.21615 0.00676187 
4.24515 0.0189781 
3.94663 0.0457475 
3.75782 0.0155423 
3.43076 0.0179032 
3.06441 0.0443194 
3.08552 0.0493173 
3.36563 0.0186712 
4.08177 0.013028 
4.38467 0.00464801 
4.39652 0.00658296 
4.19714 0.029637 
3.92304 0.0530034 
3.81515 0.0578046 
3.72075 0.0246024 
3.60588 0.00524792 
3.85928 0.00557685 
4.11463 0.0166187 
4.32075 0.0108726 
4.40633 0.00309463 
4.36831 0.00333197 
4.186 0.0111157 
3.90578 0.00833207 
3.74678 0.0013887 
3.78083 0.000140378 
3.8424 0.00368346 
3.98491 0.0107432 
4.12516 0.0100513 
4.13169 0.0123678 
3.96392 0.0101326 
3.82699 0.00118382 
3.8112 9.78198e-005 
5.93059 8.60651e-007 
5.92914 7.37398e-007 
5.93135 2.11654e-005 
5.93758 0.000149763 
5.95158 0.000289859 
5.97697 0.000183357 
5.95176 0.00110191 
5.84316 0.00123228 
5.93395 5.37474e-006 
5.92811 2.21965e-005 
5.91342 7.60663e-005 
5.90447 6.44741e-005 
5.91716 6.68807e-005 
5.95058 0.000177606 
5.93546 0.00104829 
5.83301 0.00121336 
5.94388 3.80834e-005 
5.92675 6.63987e-005 
5.90544 1.44068e-005 
5.91429 0.000335259 
5.93657 0.000407073 
5.95072 0.000130297 
5.92206 0.00110904 
5.82038 0.0011317 
5.96527 9.08276e-005 
5.93542 0.000118959 
5.92693 0.00025608 
5.96575 0.00046972 
5.98929 0.000135965 
5.98371 7.71819e-005 
5.93021 0.00159355 
5.81236 0.00125284 
5.98894 3.40559e-005 
5.9718 0.000205911 
5.97061 0.000273651 
6.00139 0.000138957 
6.01486 2.51419e-005 
6.01466 7.38759e-005 
5.95842 0.0020883 
5.81862 0.00173421 
6.00216 1.16477e-005 
6.00756 6.24333e-005 
6.01086 0.000105301 
6.02144 4.29509e-005 
6.02993 2.58509e-005 
6.03714 5.39065e-005 
5.98321 0.00229591 
5.83303 0.0020192 
5.99447 8.15347e-005 
6.00801 8.14611e-005 
6.01843 4.24865e-005 
6.02188 5.18579e-005 
6.02607 7.56413e-005 
6.03295 0.000142484 
5.98199 0.00238176 
5.84158 0.00174036 
5.95927 0.000169759 
5.97064 0.000250646 
5.98225 0.000309562 
5.98649 0.00030826 
5.98679 0.000341328 
5.98176 0.000480313 
5.93743 0.00157958 
5.83805 0.000875158 
5.91563 0.000218991 
5.91768 0.000313474 
5.92153 0.000394403 
5.9258 0.000387903 
5.92548 0.00039261 
5.91712 0.000348902 
5.88786 0.000615844 
5.82863 0.000366095 
5.91402 0.000616533 
5.97801 0.00108693 
6.0457 0.00175871 
6.08733 0.00368594 
6.08519 0.0063088 
6.06335 0.00688605 
6.04562 0.00414277 
6.02918 0.000640217 
5.98722 0.00137415 
6.07789 0.00349664 
6.21118 0.00750391 
6.33971 0.0103414 
6.41539 0.0146823 
6.43346 0.0234586 
6.32375 0.017319 
6.11588 0.00414285 
6.07899 0.00184481 
6.21126 0.00598555 
6.40829 0.00799559 
6.58389 0.005428 
6.72599 0.00940125 
6.91295 0.0184638 
6.76157 0.0371921 
6.24882 0.0218669 
6.16262 0.00185502 
6.32508 0.00493349 
6.51099 0.0035052 
6.65349 0.00107522 
6.79997 0.00698274 
7.12616 0.00900148 
7.03507 0.0346368 
6.34252 0.0459605 
6.20342 0.00146322 
6.35978 0.0027914 
6.51336 0.00232523 
6.6404 0.00124731 
6.7864 0.00517373 
7.07402 0.008292 
6.97956 0.0394008 
6.32872 0.0446822 
6.20159 0.00113236 
6.3276 0.0016413 
6.45692 0.00212325 
6.58829 0.00204278 
6.72278 0.00291555 
6.86477 0.00835063 
6.72045 0.0323902 
6.24662 0.0227384 
6.16296 0.00128514 
6.27388 0.00165303 
6.37554 0.00160725 
6.45911 0.00362495 
6.53139 0.00741101 
6.55294 0.0118329 
6.42264 0.0198574 
6.13321 0.011095 
6.07027 0.0013464 
6.14421 0.00285933 
6.22632 0.00385346 
6.27811 0.00422834 
6.29875 0.00520361 
6.28224 0.00583038 
6.18996 0.00954665 
5.99816 0.00587436 
5.94633 0.00157276 
5.97337 0.00256947 
6.02 0.00407738 
6.06975 0.00368221 
6.09036 0.00316972 
6.07442 0.00260962 
6.01776 0.0029705 
5.90297 0.00151481 
51.8363 7073.91 
446.343 16493 
675.182 42297.6 
1555.53 204427 
2227.61 116772 
948.124 263977 
8.52479 254.352 
9.07674 165.275 
22.5552 1809.82 
145.482 11730.7 
443.95 60363.8 
1580.06 244979 
2121.64 110444 
850.052 287012 
0 1e-009 
1.24226 12.3457 
121.394 243.389 
37.6711 2838.22 
444.199 107292 
1414.89 139392 
1376.48 184395 
405.793 173702 
0 1e-009 
0 1e-009 
108.842 1715.33 
75.5093 11441.2 
421.108 91815.7 
1041.28 59665.1 
804.826 110661 
146.817 48616.1 
0 1e-009 
0 1e-009 
0 1e-009 
227.163 25801.7 
448.39 23611.4 
624.114 57952.4 
483.545 36083.3 
284.061 159998 
203.403 89003.4 
0 1e-009 
8.91455 635.753 
189.325 28675.3 
344.385 28371.9 
518.934 50046.1 
1071.24 196040 
1852.7 255697 
1264.73 166860 
119.387 28506.8 
79.1322 902.8 
0 1e-009 
0 1e-009 
145.524 55408.5 
1306.72 192850 
2306.42 192526 
1264.6 307757 
119.387 28506.8 
129.043 1348.37 
37.2211 1216.47 
32.1425 8265.1 
370.543 79576.1 
913.166 18821.9 
786.158 231390 
215.451 40185.5 
4.05816 57.6405 
198.644 1418.7 
166.865 1380.45 
163.965 27122.3 
691.988 11118 
701.723 18746.1 
160.829 11869.7 
64.5466 1695.23 
10.6014 222.913 
65.8289 1429.81 
326.839 106271 
1385.73 50708.4 
1290.34 117159 
191.371 75547.6 
0 1e-009 
9.91048 304.716 
14.6621 324.658 
43.5983 113.467 
301.95 84641.7 
1331.41 58766.8 
1337.08 86683.2 
298.643 65435.9 
0 1e-009 
0 1e-009 
1.26686 12.8395 
163.638 9592.62 
148.975 21262.3 
756.606 77535.6 
1155.02 63301.4 
494.914 37100.7 
0 1e-009 
0 1e-009 
0 1e-009 
210.161 729.479 
93.9496 11363.2 
297.019 19846.7 
588.969 67160.7 
320.682 34123.3 
0 1e-009 
0 1e-009 
0 1e-009 
74.6569 10535.7 
23.9156 3718.71 
0 1e-009 
322.634 77850.1 
613.814 70747 
417.736 82534.1 
189.851 18021.8 
63.2961 14022.4 
13.1565 86.547 
19.7334 0.000309248 
6.57693 86.5122 
363.941 79969.9 
990.292 49082.8 
923.646 69007.9 
392.207 40411 
109.029 16931 
10.965 96.186 
17.542 38.4654 
6.57693 86.5122 
74.2122 15499.6 
557.215 137784 
719.19 70070.1 
350.332 37056.9 
354.518 15823.3 
0 1e-009 
5.48848 240.988 
5.48848 240.988 
104.106 19872.1 
770.7 109893 
923.643 26526.3 
403.807 40902.5 
450.586 1853.6 
5.48848 240.988 
49.4223 0.00193975 
43.9338 241.274 
229.177 55734 
1130.21 67269 
1171.87 56601.2 
357.089 60942.6 
179.079 18925.5 
383.62 10875.4 
530.378 22689.4 
209.181 41298 
0 1e-009 
0 1e-009 
0 1e-009 
0 1e-009 
0 1e-009 
360.583 66773.1 
1111.99 85891.9 
919.352 126809 
125.597 34195.3 
0 1e-009 
5.20209 216.494 
5.20209 216.494 
0 1e-009 
478.512 53383.4 
1470.12 168052 
1690.76 128609 
467.63 210447 
5.20209 216.494 
109.223 5954.14 
128.858 4977.23 
24.8366 2159.01 
566.201 15785.8 
809.729 140129 
1177.58 98612.9 
520.248 80806.5 
65.6538 28822.8 
267.495 60842.9 
277.262 1008.72 
83.9006 10672.6 
270.887 18325.6 
151.571 14974.4 
346.614 111929 
296.241 59088.2 
460.233 14163.9 
719.199 19374.1 
659.148 30822.1 
606.009 98900.9 
0 1e-009 
12.2207 1194.77 
97.8234 1196.19 
118.026 4952.87 
399.782 33263.6 
555.724 42102 
709.95 5974.56 
884.023 1504.31 
0 1e-009 
0 1e-009 
0 1e-009 
0 1e-009 
81.433 13218.6 
375.034 88416.9 
556.057 19594 
452.578 82132.6 
0 1e-009 
0 1e-009 
0 1e-009 
0 1e-009 
152.066 48778.5 
873.379 19071.7 
902.57 44936.8 
270.426 7234.45 
0 1e-009 
0 1e-009 
18.4084 423.586 
46.4903 1347.72 
108.155 14655.6 
560.289 74953.3 
676.961 103962 
232.931 7652.49 
370.732 30704.8 
343.105 40014.3 
37.1693 4960.53 
0 1e-009 
0 1e-009 
0 1e-009 
18.3801 2702.62 
63.2688 8511.72 
789.904 20609.4 
778.143 38709.5 
105.291 22172.5 
0 1e-009 
0 1e-009 
0 1e-009 
126.038 9786.58 
394.281 18195.1 
1006.08 180194 
1407.01 58097.3 
543.632 278509 
42.4538 14418.6 
56.1462 25219.1 
119.887 57032.9 
565.964 198821 
869.874 138342 
1316.21 172110 
1663.23 120016 
1701.91 273733 
769.858 130806 
728.304 162232 
1332.87 241201 
2029.69 257391 
1874.36 197620 
1949.04 192586 
997.453 146470 
1441.36 144170 
880.684 143022 
829.694 150738 
1603.96 103807 
2347.11 200396 
2122.33 230689 
1833.27 352089 
409.114 172268 
209.652 87908.2 
153.28 51728.2 
157.537 47899.8 
415.74 126396 
822.907 218483 
1070.15 156414 
665.171 174008 
137.398 37492 
0 1e-009 
0 1e-009 
0 1e-009 
162.467 14616.5 
335.382 9977.76 
496.264 3920.05 
17.9921 2589.72 
0 1e-009 
0 1e-009 
0 1e-009 
0 1e-009 
144.963 19990.6 
387.676 4918.51 
302.671 24606.1 
5.15635 212.704 
0 1e-009 
0 1e-009 
0 1e-009 
0 1e-009 
7.26398 422.124 
99.4796 4439.86 
92.2157 5357.44 
33.7829 430.661 
0 1e-009 
0 1e-009 
0 1e-009 
0 1e-009 
22.5629 4072.69 
199.616 42114.5 
388.65 27135.3 
72.2247 5366.65 
34.3095 4887.79 
24.689 304.775 
20.5764 338.712 
46.2701 9128.63 
426.097 138347 
1133.21 285591 
1129.22 168952 
618.362 121616 
542.399 252174 
79.4806 14412.8 
57.9913 3513.22 
536.346 148859 
1396.43 295215 
2164.48 35639.5 
1874.18 133150 
1840.56 410759 
2674.37 496712 
1049.41 476232 
128.983 13673.9 
758.591 100997 
1274.36 61443.6 
1285.06 285038 
1114.29 182898 
1864.45 903315 
3572.63 172952 
1831.15 1.0816e+006 
137.364 3820.68 
360.26 49325.4 
343.114 108465 
119.053 25610.8 
88.7141 7516.52 
1259.19 162605 
1827.45 284507 
986.993 362714 
133.457 3588.32 
107.449 8397.54 
112.49 6855.87 
249.714 30694.4 
217.816 35797.6 
1787.97 31950.3 
1144.9 153008 
287.446 18801.6 
147.123 2793.85 
15.7038 863.136 
75.2946 20094.9 
530.63 1212.38 
499.439 21453.1 
1310.72 204384 
858.216 150000 
151.517 15997.1 
59.4625 5624.44 
0 1e-009 
28.6376 4719.78 
303.648 26837.9 
284.471 41976.7 
200.585 50381.1 
170.827 20445.3 
53.1009 483.114 
17.0767 365.531 
31.5551 628.88 
63.7436 352.764 
81.9435 806.21 
59.6181 657.485 
42.4027 11.9809 
10.9947 258.668 
0 1e-009 
0 1e-009 
588.673 241636 
1909.52 163040 
2025.19 317451 
780.876 164918 
47.1758 139.628 
6.32703 80.0627 
0 1e-009 
28.414 6458.86 
761.347 239536 
1939.8 49076.9 
1750.69 311588 
591.589 91971 
30.7281 385.704 
2.10755 35.5342 
8.86176 628.247 
90.0335 33021.4 
801.597 41724.2 
1142.19 188620 
512.789 201796 
98.1261 19129.6 
0 1e-009 
0 1e-009 
146.977 20275.1 
384.658 21736.7 
594.869 49944.2 
369.756 64274.4 
12.568 1263.63 
7.09895 403.16 
40.3633 13033.6 
499.836 185419 
1137.39 568585 
1036.32 281730 
409.359 93668.4 
50.9566 8222.73 
23.5254 4427.56 
23.5254 4427.56 
49.2501 19404.6 
970.737 190441 
2478.35 220289 
2919.73 197854 
1848.19 453549 
646.716 81610.6 
425.224 30007.8 
263.835 20862.1 
206.966 69501.4 
1013.48 134975 
2096.32 230452 
3072.68 220285 
2430.46 379974 
977.62 186303 
681.197 6227.57 
388.725 32940 
680.578 110238 
1679.13 115284 
2098.39 77549.9 
1688 125539 
935.529 286124 
385.213 68594.1 
279.499 33869 
148.415 10002.1 
687.847 40909.1 
1362 175247 
1942.33 163322 
1285.39 137638 
263.629 74405.7 
25.7858 1028.33 
0 1e-009 
0 1e-009 
