808.468 1038.58 1252.21 1332.96 727.811 809.903 1040.42 670.427 853.054  
1388.58 1810.4 2269.92 2152.09 1335.32 1391.05 1813.62 1256.6 1501.35  
1944.92 2433.01 2691.92 2806.6 2155.91 1948.37 2437.32 1949.25 2398.02  
2543.35 3036.14 2938.77 3104.46 2811.59 2547.86 3041.53 2502.61 3086.52  
2656.01 3168.27 2956.05 3183.52 3109.97 2660.73 3173.9 2796.95 3363.48  
2314.13 3004.02 3098.27 2709.37 3189.18 2318.24 3009.36 2816.02 3463.29  
1617.6 2287.2 2750.17 1695.67 2714.18 1620.47 2291.26 2343.73 3034.35  
798.264 1173.66 1607.41 699.582 1698.68 799.681 1175.74 1351.47 2004.31  
1252.21 1431.8 1918.45 1969.6 915.235 1254.43 1434.34 888.818 959.499  
2269.92 2672.65 3095.63 2834.18 1973.09 2273.95 2677.39 1637.97 1969  
2691.92 2845.08 3031.78 3038.09 2839.21 2696.7 2850.13 2595.98 2833.32  
2938.77 3204.59 3185.98 3369.52 3043.48 2943.99 3210.28 2891.78 3037.17  
2956.05 3393.31 3371.97 3381.03 3375.5 2961.3 3399.33 2844.15 3368.5  
3098.27 3241.1 3222.47 3171.47 3387.03 3103.77 3246.86 3139.35 3380.01  
2750.17 3113.83 3320.21 2714.7 3177.1 2755.05 3119.36 3015.36 3170.52  
1607.41 2130.04 2586.38 1378.98 2719.52 1610.26 2133.82 2178.12 2713.88  
1918.45 2810.31 3833.3 3461.63 1691.15 1921.85 2815.3 1317.22 1999.24  
3095.63 3959.07 4885.54 4008.56 3467.77 3101.12 3966.09 2530.23 3460.59  
3031.78 3527.75 4049.51 3315.92 4015.68 3037.16 3534.01 3192.67 4007.35  
3185.98 3208.05 3400.24 3167.09 3321.8 3191.63 3213.75 3048.64 3314.92  
3371.97 3220.59 3521.07 3047.24 3172.72 3377.95 3226.31 3332.16 3166.14  
3222.47 3067.06 3274.12 3366.16 3052.65 3228.19 3072.5 3232.23 3046.32  
3320.21 3406 3557.91 3281.21 3372.14 3326.1 3412.05 3308.07 3365.15  
2586.38 2917.22 3139.93 1950.48 3287.03 2590.97 2922.4 3128.56 3280.22  
3833.3 4705.68 4884.2 5311.07 2832.55 3840.11 4714.03 2769.32 3487.5  
4885.54 5553.07 5918.26 5954.17 5320.5 4894.22 5562.93 4452.93 5309.47  
4049.51 4669.86 4958.55 3860.99 5964.74 4056.7 4678.15 4955.22 5952.38  
3400.24 3362.43 3082.62 2867.53 3867.84 3406.27 3368.4 3690.8 3859.83  
3521.07 3363.37 3298.15 3367.82 2872.62 3527.33 3369.34 3269.95 2866.67  
3274.12 3383.15 3302.57 3880.95 3373.8 3279.93 3389.16 3271.23 3366.81  
3557.91 3578.58 3490.89 3239.27 3887.84 3564.23 3584.94 3657.78 3879.78  
3139.93 3177.46 3111.35 2107.55 3245.02 3145.5 3183.1 3368.72 3238.3  
4884.2 4461.56 3646.93 5170.28 2996.43 4892.87 4469.48 3698.63 3574.17  
5918.26 5511.35 4255 6179.91 5179.46 5928.77 5521.13 5590.49 5168.72  
4958.55 4883.05 4790.2 3613.26 6190.88 4967.35 4891.71 6371.08 6178.05  
3082.62 2957.99 3841.01 2705.04 3619.68 3088.09 2963.24 3806.36 3612.17  
3298.15 3200.27 3904.62 3351.87 2709.84 3304 3205.95 2733.23 2704.23  
3302.57 3256.39 3909.87 3629.21 3357.82 3308.43 3262.17 3393.9 3350.86  
3490.89 3519.1 3714.12 3078.73 3635.65 3497.08 3525.34 3789.77 3628.12  
3111.35 2962.02 2748.79 2004.28 3084.19 3116.87 2967.28 3062.27 3077.8  
3646.93 3010.42 2772.2 3135.81 2781.96 3653.4 3015.77 3285.43 3172.12  
4255 3025.12 2226.54 3660.44 3141.38 4262.55 3030.49 4120.79 3134.87  
4790.2 3981.62 2977.29 4099.41 3666.94 4798.7 3988.69 5151.85 3659.34  
3841.01 4452.14 4210 4792.64 4106.68 3847.83 4460.04 4057.76 4098.17  
3904.62 5037.09 4965.83 5018.9 4801.15 3911.56 5046.04 3693.97 4791.2  
3909.87 4701.95 4820.05 4413.47 5027.81 3916.81 4710.3 4045.52 5017.39  
3714.12 3823.96 3786.18 3082.67 4421.31 3720.71 3830.75 3990.71 4412.15  
2748.79 2540.72 2375.94 1738.86 3088.14 2753.67 2545.23 3105.06 3081.74  
2772.2 2685.8 2550.57 2581.32 2632.89 2777.13 2690.57 3144.25 2917.12  
2226.54 2053 2554.85 1913.13 2585.9 2230.5 2056.65 2618.78 2580.54  
2977.29 2204.61 1971.01 2791.49 1916.53 2982.57 2208.52 2548.49 1912.56  
4210 3509.01 2416.14 3971.66 2796.45 4217.48 3515.24 3529.21 2790.65  
4965.83 4419.64 3496.36 4669.9 3978.71 4974.65 4427.48 4620.77 3970.47  
4820.05 4644.31 3882.55 4319.02 4678.19 4828.61 4652.55 5050.43 4668.49  
3786.18 3547.98 2899.5 2796.46 4326.69 3792.9 3554.28 4442.12 4317.72  
2375.94 2115.55 1691.85 1469.45 2801.42 2380.16 2119.31 3048.9 2795.61  
2550.57 2070.03 1557.61 2501.12 1697.17 2555.09 2073.7 2446.31 1793.42  
2554.85 2677.83 2399.67 2559.05 2505.56 2559.39 2682.58 2781.16 2500.37  
1971.01 2331.56 2523.29 2142.87 2563.6 1974.51 2335.7 2187.02 2558.28  
2416.14 2124.7 2305.87 2280.91 2146.68 2420.43 2128.47 2033.57 2142.23  
3496.36 2604.72 2341.63 2909.9 2284.96 3502.57 2609.34 2913.45 2280.23  
3882.55 2895.29 2340.22 2666.86 2915.06 3889.44 2900.43 3879.07 2909.02  
2899.5 2201.61 1636.41 1670 2671.6 2904.65 2205.51 3578.52 2666.06  
1691.85 1268.95 780.217 858.3 1672.96 1694.85 1271.2 2237.83 1669.49  
1557.61 977.999 687.358 1297.11 783.582 1560.38 979.735 1239.6 796.104  
2399.67 1685.74 903.836 2040.84 1299.41 2403.93 1688.73 2023.18 1296.72  
2523.29 2263.25 1476.9 2297.32 2044.46 2527.77 2267.27 2555.15 2040.22  
2305.87 2295.72 1968.63 2271.38 2301.4 2309.97 2299.79 2381.71 2296.63  
2341.63 2254.06 1916.25 2189.5 2275.41 2345.79 2258.06 2266.09 2270.7  
2340.22 1826.6 1236.26 1456.88 2193.39 2344.37 1829.84 2491.63 2188.84  
1636.41 1020.57 652.889 575.582 1459.46 1639.31 1022.38 2057.14 1456.44  
780.217 408.23 340.808 205.831 576.604 781.602 408.955 1092.35 575.409  
3.78396 3.7573 3.74067 3.69464 3.82312 3.78396 3.7573 3.81192 3.82032  
3.70744 3.61969 3.52645 3.50852 3.69464 3.70744 3.61969 3.71716 3.65841  
3.60793 3.39619 3.13993 3.2786 3.50852 3.60793 3.39619 3.60055 3.4218  
3.50881 3.12856 2.77616 3.03055 3.2786 3.50881 3.12856 3.479 3.16244  
3.46866 3.04724 2.65173 3.13903 3.03055 3.46866 3.04724 3.34255 2.89172  
3.55741 3.28899 2.92127 3.44165 3.13903 3.55741 3.28899 3.39132 3.00409  
3.70719 3.5793 3.37572 3.67145 3.44165 3.70719 3.5793 3.55767 3.3488  
3.79336 3.73813 3.6653 3.7955 3.67145 3.79336 3.73813 3.73313 3.63226  
3.74067 3.73201 3.72516 3.60848 3.81792 3.74067 3.73201 3.81604 3.81632  
3.52645 3.41087 3.25855 3.1096 3.60848 3.52645 3.41087 3.65357 3.60848  
3.13993 2.8633 2.66392 2.67968 3.1096 3.13993 2.8633 3.31451 3.1096  
2.77616 2.52693 2.49928 2.46625 2.67968 2.77616 2.52693 2.96885 2.67968  
2.65173 2.44284 2.42442 2.48037 2.46625 2.65173 2.44284 2.66901 2.46625  
2.92127 2.64769 2.41966 2.90512 2.48037 2.92127 2.64769 2.73517 2.48037  
3.37572 3.1853 2.91345 3.42924 2.90512 3.37572 3.1853 3.15169 2.90512  
3.6653 3.59997 3.49313 3.71812 3.42924 3.6653 3.59997 3.54248 3.42924  
3.72516 3.76322 3.86266 3.495 3.8574 3.72516 3.76322 3.81603 3.88547  
3.25855 3.13987 3.05056 2.82953 3.495 3.25855 3.13987 3.54171 3.495  
2.66392 2.67182 2.76207 2.71177 2.82953 2.66392 2.67182 2.91212 2.82953  
2.49928 2.83015 3.29374 2.87366 2.71177 2.49928 2.83015 2.54664 2.71177  
2.42442 2.77007 3.21199 2.53855 2.87366 2.42442 2.77007 2.48727 2.87366  
2.41966 2.3923 2.55252 2.42996 2.53855 2.41966 2.3923 2.35457 2.53855  
2.91345 2.68694 2.6015 3.07311 2.42996 2.91345 2.68694 2.61295 2.42996  
3.49313 3.4015 3.33484 3.61785 3.07311 3.49313 3.4015 3.24051 3.07311  
3.86266 3.99552 4.13986 3.59219 4.00527 3.86266 3.99552 3.99707 4.11359  
3.05056 3.102 3.33031 2.92097 3.59219 3.05056 3.102 3.4873 3.59219  
2.76207 2.93245 3.13544 3.28348 2.92097 2.76207 2.93245 2.8219 2.92097  
3.29374 3.63664 3.81031 3.65138 3.28348 3.29374 3.63664 3.00962 3.28348  
3.21199 3.47201 3.61649 3.06043 3.65138 3.21199 3.47201 3.34233 3.65138  
2.55252 2.64976 2.72648 2.43768 3.06043 2.55252 2.64976 2.86612 3.06043  
2.6015 2.53658 2.55908 2.88118 2.43768 2.6015 2.53658 2.43413 2.43768  
3.33484 3.26205 3.2453 3.52053 2.88118 3.33484 3.26205 2.97767 2.88118  
4.13986 4.22964 4.26295 4.04689 4.06502 4.13986 4.22964 4.20682 4.21721  
3.33031 3.67121 4.0249 3.46639 4.04689 3.33031 3.67121 3.8033 4.04689  
3.13544 3.32466 3.62756 3.51919 3.46639 3.13544 3.32466 3.14923 3.46639  
3.81031 3.72216 3.65792 3.66108 3.51919 3.81031 3.72216 3.47548 3.51919  
3.61649 3.46372 3.31402 3.06522 3.66108 3.61649 3.46372 3.80794 3.66108  
2.72648 2.68717 2.76031 2.55212 3.06522 2.72648 2.68717 3.18131 3.06522  
2.55908 2.66041 2.87237 2.94173 2.55212 2.55908 2.66041 2.49581 2.55212  
3.2453 3.27586 3.34749 3.5011 2.94173 3.2453 3.27586 2.86862 2.94173  
4.26295 4.24088 4.17669 4.3594 4.04562 4.26295 4.24088 4.20236 4.15365  
4.0249 4.28765 4.43942 4.16645 4.3594 4.0249 4.28765 4.2566 4.3594  
3.62756 3.97252 4.25586 3.89097 4.16645 3.62756 3.97252 3.83981 4.16645  
3.65792 3.77836 3.94957 3.57614 3.89097 3.65792 3.77836 3.64016 3.89097  
3.31402 3.40325 3.59545 3.19072 3.57614 3.31402 3.40325 3.50386 3.57614  
2.76031 3.05316 3.48634 3.07975 3.19072 2.76031 3.05316 3.00525 3.19072  
2.87237 3.16248 3.52019 3.27547 3.07975 2.87237 3.16248 2.74485 3.07975  
3.34749 3.43085 3.51629 3.57612 3.27547 3.34749 3.43085 3.09065 3.27547  
4.17669 4.08572 3.9524 4.29507 3.92817 4.17669 4.08572 4.06864 3.96687  
4.43942 4.42399 4.2934 4.47568 4.29507 4.43942 4.42399 4.376 4.29507  
4.25586 4.43882 4.45052 4.37248 4.47568 4.25586 4.43882 4.40498 4.47568  
3.94957 4.24596 4.43724 4.07257 4.37248 3.94957 4.24596 4.12838 4.37248  
3.59545 3.98208 4.33511 3.94948 4.07257 3.59545 3.98208 3.72254 4.07257  
3.48634 3.93408 4.18749 3.90016 3.94948 3.48634 3.93408 3.50894 3.94948  
3.52019 3.79101 3.87679 3.66457 3.90016 3.52019 3.79101 3.52271 3.90016  
3.51629 3.62103 3.68802 3.66946 3.66457 3.51629 3.62103 3.49169 3.66457  
3.9524 3.84108 3.7888 3.96762 3.77687 3.9524 3.84108 3.8463 3.76697  
4.2934 4.10654 3.94002 4.22128 3.96762 4.2934 4.10654 4.13527 3.96761  
4.45052 4.31591 4.13367 4.38296 4.22128 4.45052 4.31591 4.3947 4.22128  
4.43724 4.42656 4.26471 4.43765 4.38296 4.43724 4.42656 4.46105 4.38296  
4.33511 4.40446 4.25604 4.31731 4.43765 4.33511 4.40446 4.387 4.43765  
4.18749 4.17271 4.02257 4.01472 4.31731 4.18749 4.17271 4.28167 4.31731  
3.87679 3.86279 3.82729 3.76718 4.01472 3.87679 3.86279 4.04898 4.01472  
3.68802 3.74936 3.81206 3.76518 3.76718 3.68802 3.74936 3.73462 3.76718  
3.7888 3.77413 3.79868 3.78017 3.79084 3.7888 3.77413 3.75634 3.77557  
3.94002 3.81774 3.77977 3.87647 3.78017 3.94002 3.81774 3.84946 3.78017  
4.13367 3.96128 3.83873 4.04704 3.87647 4.13367 3.96128 4.03557 3.87647  
4.26471 4.10631 3.9495 4.12773 4.04704 4.26471 4.10631 4.21308 4.04704  
4.25604 4.09259 3.9406 4.00388 4.12773 4.25604 4.09259 4.28803 4.12773  
4.02257 3.90034 3.82465 3.83846 4.00388 4.02257 3.90034 4.1586 4.00388  
3.82729 3.80004 3.79934 3.799 3.83846 3.82729 3.80004 3.91296 3.83846  
3.81206 3.81836 3.82422 3.82107 3.799 3.81206 3.81836 3.79666 3.799  
5.93004 5.93014 5.93101 5.92902 5.93236 5.93004 5.93014 5.9314 5.93112  
5.9307 5.92854 5.92896 5.92838 5.92902 5.9307 5.92854 5.9286 5.92882  
5.93799 5.93155 5.92354 5.93451 5.92838 5.93799 5.93155 5.92971 5.92692  
5.95479 5.9336 5.91282 5.93965 5.93451 5.95479 5.9336 5.9442 5.93028  
5.9744 5.94893 5.92277 5.96199 5.93965 5.9744 5.94893 5.96112 5.93206  
5.99275 5.98 5.96098 5.99071 5.96199 5.99275 5.98 5.97814 5.95543  
5.94846 5.93943 5.93016 5.88577 5.99071 5.94846 5.93943 5.9973 5.98611  
5.83485 5.83022 5.82538 5.77451 5.88577 5.83485 5.83022 5.89112 5.88154  
5.93101 5.9337 5.93855 5.93285 5.93609 5.93101 5.9337 5.93292 5.93567  
5.92896 5.92868 5.9257 5.91616 5.93285 5.92896 5.92868 5.93012 5.93285  
5.92354 5.90831 5.90053 5.9011 5.91616 5.92354 5.90831 5.92315 5.91616  
5.91282 5.89643 5.89576 5.90472 5.9011 5.91282 5.89643 5.91907 5.9011  
5.92277 5.91643 5.91769 5.93225 5.90472 5.92277 5.91643 5.91667 5.90472  
5.96098 5.95449 5.94748 5.97356 5.93225 5.96098 5.95449 5.93868 5.93225  
5.93016 5.92353 5.91249 5.87371 5.97356 5.93016 5.92353 5.97847 5.97356  
5.82538 5.81986 5.81377 5.76542 5.87371 5.82538 5.81986 5.87997 5.87371  
5.93855 5.94552 5.95802 5.93683 5.9454 5.93855 5.94552 5.93955 5.94702  
5.9257 5.92451 5.92276 5.90929 5.93683 5.9257 5.92451 5.9346 5.93683  
5.90053 5.90212 5.90818 5.90696 5.90929 5.90053 5.90212 5.9099 5.90929  
5.89576 5.92023 5.95157 5.93506 5.90696 5.89576 5.92023 5.89607 5.90696  
5.91769 5.94488 5.97945 5.94718 5.93506 5.91769 5.94488 5.9073 5.93506  
5.94748 5.95129 5.97289 5.96294 5.94718 5.94748 5.95129 5.9287 5.94718  
5.91249 5.90634 5.91088 5.85896 5.96294 5.91249 5.90634 5.96512 5.96294  
5.81377 5.808 5.80324 5.75334 5.85896 5.81377 5.808 5.8654 5.85896  
5.95802 5.96998 5.98319 5.94895 5.9684 5.95802 5.96998 5.9595 5.97137  
5.92276 5.93043 5.94987 5.92503 5.94895 5.92276 5.93043 5.93962 5.94895  
5.90818 5.92846 5.9519 5.95453 5.92503 5.90818 5.92846 5.91264 5.92503  
5.95157 5.97917 6.0003 5.99178 5.95453 5.95157 5.97917 5.92911 5.95453  
5.97945 5.99575 6.01123 5.99035 5.99178 5.97945 5.99575 5.96804 5.99178  
5.97289 5.98342 6.00156 5.98192 5.99035 5.97289 5.98342 5.97661 5.99035  
5.91088 5.91387 5.92839 5.85485 5.98192 5.91088 5.91387 5.97528 5.98192  
5.80324 5.79906 5.79901 5.74148 5.85485 5.80324 5.79906 5.85643 5.85485  
5.98319 5.99351 6.00005 5.98288 5.98782 5.98319 5.99351 5.98394 5.9924  
5.94987 5.97328 5.99629 5.97246 5.98288 5.94987 5.97328 5.96537 5.98288  
5.9519 5.97381 5.99767 5.99315 5.97246 5.9519 5.97381 5.94835 5.97246  
6.0003 6.00874 6.01764 6.0135 5.99315 6.0003 6.00874 5.97702 5.99315  
6.01123 6.01742 6.02549 6.01717 6.0135 6.01123 6.01742 6.00681 6.0135  
6.00156 6.01776 6.02904 6.0214 6.01717 6.00156 6.01776 6.00853 6.01717  
5.92839 5.94703 5.95693 5.87464 6.0214 5.92839 5.94703 6.00056 6.0214  
5.79901 5.80487 5.81067 5.73902 5.87464 5.79901 5.80487 5.86088 5.87464  
6.00005 6.0045 6.00468 6.00853 5.99809 6.00005 6.0045 5.99759 6.00144  
5.99629 6.01235 6.01955 6.01468 6.00853 5.99629 6.01235 5.99946 6.00853  
5.99767 6.01505 6.02614 6.02046 6.01468 5.99767 6.01505 5.99638 6.01468  
6.01764 6.02529 6.03048 6.02832 6.02046 6.01764 6.02529 6.00741 6.02046  
6.02549 6.03294 6.03769 6.03642 6.02832 6.02549 6.03294 6.02171 6.02832  
6.02904 6.04086 6.04832 6.04665 6.03642 6.02904 6.04086 6.02666 6.03642  
5.95693 5.96913 5.97751 5.89233 6.04665 5.95693 5.96913 6.03366 6.04665  
5.81067 5.81826 5.82395 5.74832 5.89233 5.81067 5.81826 5.8825 5.89233  
6.00468 5.9919 5.9749 5.99925 5.99015 6.00468 5.9919 6.00271 5.99006  
6.01955 6.00844 5.99186 6.01442 5.99925 6.01955 6.00844 6.01131 5.99925  
6.02614 6.01795 6.00449 6.02014 6.01442 6.02614 6.01795 6.02422 6.01442  
6.03048 6.01966 6.00649 6.0201 6.02014 6.03048 6.01966 6.0298 6.02014  
6.03769 6.0252 6.00877 6.02787 6.0201 6.03769 6.0252 6.03202 6.0201  
6.04832 6.03099 6.00688 6.03398 6.02787 6.04832 6.03099 6.0413 6.02787  
5.97751 5.9619 5.94356 5.89142 6.03398 5.97751 5.9619 6.05617 6.03398  
5.82395 5.8263 5.8277 5.76371 5.89142 5.82395 5.8263 5.89947 5.89142  
5.9749 5.95497 5.93196 5.96066 5.95426 5.9749 5.95497 5.97328 5.95352  
5.99186 5.96733 5.93944 5.9737 5.96066 5.99186 5.96733 5.98294 5.96066  
6.00449 5.97883 5.94554 5.98169 5.9737 6.00449 5.97883 5.99896 5.9737  
6.00649 5.9829 5.94777 5.98235 5.98169 6.00649 5.9829 6.00614 5.98169  
6.00877 5.98333 5.94672 5.97923 5.98235 6.00877 5.98333 6.00628 5.98235  
6.00688 5.97464 5.93548 5.97091 5.97923 6.00688 5.97464 6.00797 5.97923  
5.94356 5.91889 5.89256 5.87102 5.97091 5.94356 5.91889 6.00663 5.97091  
5.8277 5.82657 5.8255 5.78308 5.87102 5.8277 5.82657 5.88329 5.87102  
5.93196 5.91258 5.8814 5.91247 5.91376 5.93196 5.91258 5.93074 5.91322  
5.93944 5.91347 5.87944 5.91377 5.91247 5.93944 5.91347 5.9352 5.91247  
5.94554 5.91686 5.87913 5.92 5.91377 5.94554 5.91686 5.94233 5.91377  
5.94777 5.92235 5.8813 5.92367 5.92 5.94777 5.92235 5.94702 5.92  
5.94672 5.92144 5.88065 5.91695 5.92367 5.94672 5.92144 5.94805 5.92367  
5.93548 5.91157 5.8758 5.90829 5.91695 5.93548 5.91157 5.942 5.91695  
5.89256 5.87801 5.85353 5.84925 5.90829 5.89256 5.87801 5.93028 5.90829  
5.8255 5.82142 5.81367 5.79358 5.84925 5.8255 5.82142 5.8581 5.84925  
5.89099 5.9187 5.95442 5.9518 5.89091 5.89099 5.9187 5.88637 5.9233  
5.95538 5.98955 6.036 6.02446 5.9518 5.95538 5.98955 5.93111 5.96885  
6.00749 6.05543 6.13852 6.08098 6.02446 6.00749 6.05543 5.99665 6.04484  
6.02163 6.09028 6.23317 6.08819 6.08098 6.02163 6.09028 6.04054 6.11931  
5.99502 6.08274 6.27056 6.07452 6.08819 5.99502 6.08274 6.03423 6.14369  
5.96201 6.06314 6.24707 6.0582 6.07452 5.96201 6.06314 6.00905 6.13104  
5.96849 6.0503 6.17224 6.0415 6.0582 5.96849 6.0503 5.98312 6.11793  
6.00246 6.0285 6.0654 6.01492 6.0415 6.00246 6.0285 6.00441 6.07448  
5.95442 5.99998 6.04745 6.04542 5.96119 5.95442 5.99998 5.9407 5.98139  
6.036 6.1 6.1701 6.17431 6.04542 6.036 6.1 5.99378 6.04542  
6.13852 6.25065 6.35775 6.32969 6.17431 6.13852 6.25065 6.08623 6.17431  
6.23317 6.39166 6.52581 6.43071 6.32969 6.23317 6.39166 6.19185 6.32969  
6.27056 6.47078 6.64832 6.48646 6.43071 6.27056 6.47078 6.25957 6.43071  
6.24707 6.47927 6.75287 6.4598 6.48646 6.24707 6.47927 6.26284 6.48646  
6.17224 6.32924 6.55029 6.21023 6.4598 6.17224 6.32924 6.23062 6.4598  
6.0654 6.10376 6.15854 6.00519 6.21023 6.0654 6.10376 6.12048 6.21023  
6.04745 6.09413 6.1389 6.15595 6.04338 6.04745 6.09413 6.02203 6.06751  
6.1701 6.24244 6.31517 6.34962 6.15595 6.1701 6.24244 6.09956 6.15595  
6.35775 6.45629 6.51977 6.56017 6.34962 6.35775 6.45629 6.26735 6.34962  
6.52581 6.63511 6.66752 6.69199 6.56017 6.52581 6.63511 6.45329 6.56017  
6.64832 6.77784 6.81164 6.91172 6.69199 6.64832 6.77784 6.57426 6.69199  
6.75287 7.00264 7.14006 7.01888 6.91172 6.75287 7.00264 6.72313 6.91172  
6.55029 6.77782 6.93548 6.475 7.01888 6.55029 6.77782 6.74967 7.01888  
6.15854 6.20312 6.23729 5.99173 6.475 6.15854 6.20312 6.337 6.475  
6.1389 6.17454 6.20151 6.2573 6.11598 6.1389 6.17454 6.1132 6.14875  
6.31517 6.36344 6.39092 6.44907 6.2573 6.31517 6.36344 6.21389 6.2573  
6.51977 6.54189 6.54479 6.61785 6.44907 6.51977 6.54189 6.4148 6.44907  
6.66752 6.66466 6.65077 6.72101 6.61785 6.66752 6.66466 6.60959 6.61785  
6.81164 6.80986 6.78744 7.00794 6.72101 6.81164 6.80986 6.71936 6.72101  
7.14006 7.19697 7.1807 7.27309 7.00794 7.14006 7.19697 6.99168 7.00794  
6.93548 7.0229 7.0169 6.64356 7.27309 6.93548 7.0229 7.19218 7.27309  
6.23729 6.25853 6.24948 5.9781 6.64356 6.23729 6.25853 6.57634 6.64356  
6.20151 6.20946 6.2164 6.29339 6.14477 6.20151 6.20946 6.1756 6.17868  
6.39092 6.38287 6.36531 6.45007 6.29339 6.39092 6.38287 6.28825 6.29339  
6.54479 6.53388 6.50404 6.59826 6.45007 6.54479 6.53388 6.46042 6.45007  
6.65077 6.65115 6.63426 6.7194 6.59826 6.65077 6.65115 6.60958 6.59826  
6.78744 6.80431 6.7851 6.96197 6.7194 6.78744 6.80431 6.70821 6.7194  
7.1807 7.11728 7.00281 7.1664 6.96197 7.1807 7.11728 6.97703 6.96197  
7.0169 6.9159 6.77934 6.58259 7.1664 7.0169 6.9159 7.25565 7.1664  
6.24948 6.23275 6.2051 5.97541 6.58259 6.24948 6.23275 6.64832 6.58259  
6.2164 6.2067 6.19395 6.27404 6.14518 6.2164 6.2067 6.18224 6.17267  
6.36531 6.33565 6.31355 6.3945 6.27404 6.36531 6.33565 6.29035 6.27404  
6.50404 6.46491 6.42957 6.5285 6.3945 6.50404 6.46491 6.42731 6.3945  
6.63426 6.59253 6.5503 6.66101 6.5285 6.63426 6.59253 6.57271 6.5285  
6.7851 6.72296 6.6567 6.80193 6.66101 6.7851 6.72296 6.70828 6.66101  
7.00281 6.85858 6.69831 6.85712 6.80193 7.00281 6.85858 6.90084 6.80193  
6.77934 6.64208 6.49876 6.40939 6.85712 6.77934 6.64208 7.01883 6.85712  
6.2051 6.17807 6.15254 5.98612 6.40939 6.2051 6.17807 6.49581 6.40939  
6.19395 6.16366 6.11425 6.22867 6.11731 6.19395 6.16366 6.15716 6.13402  
6.31355 6.28562 6.21587 6.33517 6.22867 6.31355 6.28562 6.25822 6.22867  
6.42957 6.38054 6.31153 6.40965 6.33517 6.42957 6.38054 6.36808 6.33517  
6.5503 6.44165 6.36274 6.47773 6.40965 6.5503 6.44165 6.48836 6.40965  
6.6567 6.5017 6.38772 6.50955 6.47773 6.6567 6.5017 6.61296 6.47773  
6.69831 6.50474 6.3711 6.49008 6.50955 6.69831 6.50474 6.69006 6.50955  
6.49876 6.3435 6.23998 6.21429 6.49008 6.49876 6.3435 6.6848 6.49008  
6.15254 6.08385 6.0227 5.95188 6.21429 6.15254 6.08385 6.32293 6.21429  
6.11425 6.062 5.99624 6.1007 6.0434 6.11425 6.062 6.09195 6.04761  
6.21587 6.13812 6.04424 6.1772 6.1007 6.21587 6.13812 6.16702 6.1007  
6.31153 6.22155 6.10953 6.24378 6.1772 6.31153 6.22155 6.263 6.1772  
6.36274 6.26418 6.1459 6.27835 6.24378 6.36274 6.26418 6.33732 6.24378  
6.38772 6.27547 6.15456 6.26697 6.27835 6.38772 6.27547 6.3841 6.27835  
6.3711 6.25321 6.1305 6.24447 6.26697 6.3711 6.25321 6.38263 6.26697  
6.23998 6.14342 6.03968 6.05304 6.24447 6.23998 6.14342 6.36116 6.24447  
6.0227 5.96409 5.9017 5.87067 6.05304 6.0227 5.96409 6.13144 6.05304  
5.99624 5.93315 5.86816 5.94375 5.9274 5.99624 5.93315 5.99112 5.92779  
6.04424 5.95545 5.88106 5.97255 5.94375 6.04424 5.95545 6.01988 5.94375  
6.10953 6.00272 5.90725 6.03081 5.97255 6.10953 6.00272 6.07231 5.97255  
6.1459 6.0604 5.94736 6.07931 6.03081 6.1459 6.0604 6.12687 6.03081  
6.15456 6.07556 5.96962 6.06733 6.07931 6.15456 6.07556 6.1574 6.07931  
6.1305 6.05398 5.97195 6.04843 6.06733 6.1305 6.05398 6.14573 6.06733  
6.03968 5.99231 5.94039 5.93889 6.04843 6.03968 5.99231 6.11969 6.04843  
5.9017 5.88707 5.87052 5.83162 5.93889 5.9017 5.88707 5.96929 5.93889  
49.0396 17.4642 0 284.867 17.4953 49.1266 17.4953 31.0382 0  
627.847 497.718 325.965 497.718 285.373 628.962 498.602 379.709 275.195  
596.272 733.972 623.096 1194.18 498.602 597.33 735.275 663.424 434.49  
1338.62 1775.55 1739.88 2585.65 1196.3 1341 1778.7 966.274 1277.76  
2012.56 2349.4 2164.46 1604.32 2590.24 2016.13 2353.57 2105.42 2852.41  
712.263 810.104 721.709 0 1607.17 713.527 811.542 1422.86 1733.94  
38.3275 0 0 0 0 38.3956 0 0 0  
28.0713 0 0 25.4982 0 28.1212 0 0 0  
0 0 112.969 90.0278 0 0 0 0 0  
325.965 90.0278 0 90.0278 90.1876 326.544 90.1876 206.396 90.0007  
623.096 387.159 591.894 875.294 90.1876 624.203 387.846 325.867 90.0007  
1739.88 1833.1 1777.94 2447.73 876.848 1742.97 1836.35 1090.73 875.031  
2164.46 2150.6 1524.69 1572.43 2452.07 2168.3 2154.41 2460.85 2446.99  
721.709 614.63 338.649 0 1575.22 722.99 615.721 1489.59 1571.96  
0 0 0 0 0 0 0 0 0  
0 0 0 11.1803 0 0 0 0 0  
112.969 112.969 112.969 112.969 113.17 113.17 113.17 150.58 150.58  
0 0 0 0 113.17 0 0 112.935 112.935  
591.894 653.126 592.249 913.291 0 592.944 654.285 0 0  
1777.94 1659.88 1403.24 1724.88 914.913 1781.09 1662.82 896.194 913.017  
1524.69 1071.75 810.989 811.584 1727.94 1527.4 1073.65 2115.95 1724.36  
338.649 65 0 0 813.025 339.251 65.1154 1219.76 811.34  
0 0 0 0 0 0 0 0 0  
0 0 0 0 0 0 0 0 0  
112.969 112.969 0 112.969 113.17 113.17 113.17 150.58 150.58  
0 0 340.544 0 113.17 0 0 112.935 112.935  
592.249 592.249 638.03 780.846 0 593.3 593.3 0 0  
1403.24 1130.16 826.598 1130.16 782.232 1405.73 1132.17 780.611 780.611  
810.989 537.913 529.111 349.316 1132.17 812.428 538.868 1402.82 1129.82  
0 0 0 0 349.936 0 0 622.204 349.211  
0 0 0 0 0 0 0 0 0  
0 0 0 0 0 0 0 0 0  
0 0 0 0 0 0 0 0 0  
340.544 340.544 340.544 340.544 0 341.148 341.148 0 0  
638.03 340.544 340.544 714.052 341.148 639.162 341.148 340.441 340.441  
826.598 373.508 373.508 373.508 715.32 828.065 374.171 1038.51 713.837  
529.111 373.508 763.803 207.348 374.171 530.051 374.171 826.349 373.396  
0 207.348 1390.86 207.348 207.716 0 207.716 128.277 207.285  
0 207.348 1000.57 0 207.716 0 207.716 0 207.285  
0 0 0 0 0 0 0 0 0  
0 0 80.2309 0 0 0 0 0 0  
340.544 340.544 0 340.544 0 341.148 341.148 0 0  
340.544 340.544 0 714.052 341.148 341.148 341.148 340.441 340.441  
373.508 373.508 161.31 870.742 715.32 374.171 374.171 713.837 713.837  
763.803 1261.04 1573.07 1898.62 872.287 765.159 1263.27 373.396 870.48  
1390.86 2256.64 2780.87 1759.41 1901.99 1393.33 2260.65 1032.53 1898.05  
1000.57 1369.11 1369.11 358.022 1762.53 1002.34 1371.54 1390.44 1758.88  
0 0 0 0 358.658 0 0 357.915 357.915  
80.2309 80.2309 96.7233 0 80.3733 80.3733 80.3733 106.942 106.942  
0 0 0 0 0 0 0 0 0  
0 0 0 0 0 0 0 0 0  
161.31 0 45.0999 780.447 0 161.597 0 161.262 0  
1573.07 1411.76 1066.56 2215.5 781.832 1575.86 1414.26 941.474 780.212  
2780.87 2573.52 1390.01 1793.08 2219.43 2785.81 2578.09 2422.12 2214.83  
1369.11 1161.77 368.546 358.022 1796.26 1371.54 1163.83 1999.82 1792.54  
0 0 0 0 358.658 0 0 357.915 357.915  
96.7233 140.769 167.863 60.5378 141.019 96.895 141.019 128.926 187.635  
0 44.0454 109.168 0 60.6453 0 44.1236 16.4875 60.5196  
0 0 0 289.282 0 0 0 0 0  
45.0999 534.447 733.027 817.661 289.796 45.1799 535.396 45.0863 289.195  
1066.56 1058.68 733.027 769.393 819.113 1068.45 1060.55 825.299 817.415  
1390.01 542.477 18.2483 259.263 770.759 1392.47 543.439 1389.59 769.162  
368.546 18.2483 18.2483 18.2483 259.723 369.2 18.2807 609.377 259.185  
0 0 0 0 18.2807 0 0 0 18.2428  
167.863 235.806 250.33 193.966 170.986 168.161 236.225 136.945 227.509  
109.168 191.637 191.637 194.164 194.31 109.362 191.977 125.623 193.908  
0 129.041 180.128 583.526 194.509 0 129.27 65.1034 194.105  
733.027 779.6 811.297 733.027 584.562 734.329 780.984 487.715 583.351  
733.027 771.355 785.506 318.621 734.329 734.329 772.724 732.807 732.807  
18.2483 109.952 198.075 109.952 319.187 18.2807 110.148 245.092 318.525  
18.2483 71.6249 126.207 36.4966 110.148 18.2807 71.7521 18.2428 109.919  
0 0 4.12311 0 36.5614 0 0 18.2428 36.4856  
125.753 78.4256 44.1305 61.2209 17.2352 125.976 78.5648 30.5768 30.5768  
232.347 413.053 351.832 1154.84 61.3296 232.76 413.786 81.6033 0  
1348.65 1612.43 1550.73 1612.43 1156.89 1351.04 1615.29 926.41 1297.68  
1204.72 1260.59 1198.89 518.806 1615.29 1206.86 1262.83 1536.34 1808.75  
0 0 0 0 519.727 0 0 691.534 511.075  
0 0 0 0 0 0 0 0 0  
42.4382 0 0 4.24264 0 42.5135 0 0 0  
46.6808 4.24264 0 20.1165 4.25017 46.7637 4.25017 5.65515 0  
44.1305 44.1305 26.9258 26.9258 44.2088 44.2088 44.2088 58.8229 58.8229  
351.832 351.832 207.909 1020.25 26.9736 352.457 352.457 26.9177 26.9177  
1550.73 1445.98 1088.66 1686.31 1022.06 1553.48 1448.55 1166.95 1019.94  
1198.89 1334.48 1371.03 666.063 1689.31 1201.02 1336.85 1550.26 1685.81  
0 240.333 490.279 0 667.245 0 240.76 383.306 665.862  
0 0 0 0 0 0 0 0 0  
0 0 0 0 0 0 0 0 0  
0 0 0 11.4018 0 0 0 0 0  
26.9258 222.502 195.576 222.502 222.897 26.9736 222.897 35.8903 296.58  
207.909 0 0 452.341 222.897 208.278 0 26.9177 222.435  
1088.66 628.832 435.079 1119.11 453.144 1090.59 629.948 911.89 452.205  
1371.03 1119.11 925.358 666.77 1121.1 1373.46 1121.1 1578.46 1118.77  
490.279 490.279 490.279 0 667.954 491.149 491.149 666.569 666.569  
0 0 0 0 0 0 0 0 0  
0 0 0 0 0 0 0 0 0  
0 0 0 0 0 0 0 0 0  
195.576 195.576 195.576 195.576 195.923 195.923 195.923 260.69 260.69  
0 0 0 258.588 195.923 0 0 195.517 195.517  
435.079 258.588 0 508.534 259.048 435.852 259.048 258.511 258.511  
925.358 508.534 237.542 249.946 509.437 927.001 509.437 925.08 508.382  
490.279 249.946 237.542 0 250.39 491.149 250.39 666.569 249.871  
0 0 0 0 0 0 0 0 0  
0 0 0 0 0 0 0 0 0  
0 0 0 0 0 0 0 0 0  
195.576 0 19.7231 0 0 195.923 0 260.69 0  
0 0 19.7231 0 0 0 0 195.517 0  
0 0 0 0 0 0 0 0 0  
237.542 541.926 541.926 801.458 0 237.963 542.888 0 0  
237.542 801.458 801.458 801.458 802.881 237.963 802.881 237.47 801.217  
0 544.155 544.155 284.623 802.881 0 545.121 237.47 801.217  
0 284.623 284.623 284.623 285.128 0 285.128 0 284.537  
0 0 0 0 285.128 0 0 0 284.537  
19.7231 19.7231 19.7231 19.7231 0 19.7581 19.7581 0 0  
19.7231 19.7231 19.7231 19.7231 19.7581 19.7581 19.7581 19.7172 19.7172  
0 0 0 0 19.7581 0 0 19.7172 19.7172  
541.926 541.926 304.385 801.458 0 542.888 542.888 0 0  
801.458 1284.56 1047.02 1284.56 802.881 802.881 1286.84 801.217 801.217  
544.155 1027.26 1027.26 767.723 1286.84 545.121 1029.08 801.217 1284.17  
284.623 284.623 284.623 284.623 769.086 285.128 285.128 284.537 767.492  
0 0 127.063 0 285.128 0 0 284.537 284.537  
19.7231 19.7231 0 19.7231 0 19.7581 19.7581 0 0  
19.7231 19.7231 0 19.7231 19.7581 19.7581 19.7581 19.7172 19.7172  
0 0 0 0 19.7581 0 0 19.7172 19.7172  
304.385 0 58.6003 0 0 304.925 0 0 0  
1047.02 483.1 905.132 483.1 0 1048.88 483.958 563.747 0  
1027.26 483.1 952.598 483.1 483.958 1029.08 483.958 1046.7 482.955  
284.623 125.399 231.465 366.348 483.958 285.128 125.622 767.492 482.955  
127.063 439.019 443.261 469.433 366.999 127.289 439.798 411.562 366.238  
0 0 0 0 0 0 0 0 0  
0 0 49.3964 0 0 0 0 0 0  
0 0 49.3964 0 0 0 0 0 0  
58.6003 58.6003 261.76 440.581 0 58.7044 58.7044 0 0  
905.132 898.088 1358.97 898.088 441.363 906.739 899.682 187.792 440.449  
952.598 945.553 1247.18 563.572 899.682 954.289 947.232 904.86 897.817  
231.465 231.465 275.374 481.129 564.573 231.876 231.876 823.102 563.403  
443.261 453.39 337.098 483.804 481.983 444.048 454.195 476.514 480.984  
0 0 0 49.3964 0 0 0 0 0  
49.3964 49.3964 49.3964 49.3964 49.484 49.484 49.484 49.3815 49.3815  
49.3964 49.3964 49.3964 0 49.484 49.484 49.484 49.3815 49.3815  
261.76 261.76 203.16 811.461 0 262.225 262.225 0 0  
1358.97 1358.97 936.936 1358.97 812.902 1361.38 1361.38 811.217 811.217  
1247.18 1247.18 777.685 697.481 1361.38 1249.4 1249.4 1358.56 1358.56  
275.374 149.975 100.538 168.547 698.719 275.863 150.241 697.272 697.272  
337.098 33.2196 88.7679 41.0678 168.846 337.696 33.2786 403.239 168.496  
443.944 443.944 400.378 530.553 202.172 444.732 444.732 309.773 232.346  
399.094 485.702 873.623 356.253 531.495 399.803 486.565 591.748 649.12  
0 86.6083 518.095 0 356.885 0 86.7621 359.418 474.861  
0 0 0 0 0 0 0 0 0  
0 0 0 0 0 0 0 0 0  
0 0 0 0 0 0 0 0 0  
0 0 0 0 0 0 0 0 0  
0 0 0 0 0 0 0 0 0  
400.378 432.828 365.124 952.474 36.685 401.089 433.596 174.259 48.812  
873.623 1371.13 1569.48 1371.13 954.165 875.174 1373.57 667.41 952.188  
518.095 974.926 1314.21 439.468 1373.57 519.014 976.656 787.502 1370.72  
0 0 0 0 440.248 0 0 250.787 439.336  
0 0 0 0 0 0 0 0 0  
0 0 46.8188 0 0 0 0 0 0  
0 0 46.8188 0 0 0 0 0 0  
0 0 0 0 0 0 0 0 0  
365.124 538.421 744.664 945.73 283.659 365.772 539.377 146.435 377.429  
1569.48 1800.18 1368.69 2192.23 947.408 1572.26 1803.37 1032.03 945.445  
1314.21 1936.97 1505.48 1246.5 2196.12 1316.55 1940.4 1569.01 2191.57  
0 392.051 392.051 0 1248.71 0 392.747 536.979 1246.13  
0 0 0 46.8188 0 0 0 0 0  
46.8188 158.501 272.992 158.501 46.9019 46.9019 158.783 46.8047 46.8047  
46.8188 158.501 272.992 111.683 158.783 46.9019 158.783 46.8047 158.454  
0 0 0 0 111.881 0 0 0 111.649  
744.664 473.588 379.54 447.858 546.145 745.986 474.429 652.336 631.261  
1368.69 656.597 317.309 1048.65 448.653 1371.12 657.763 971.056 447.723  
1505.48 1048.65 819.346 807.033 1050.51 1508.15 1050.51 1760.21 1048.33  
392.051 392.051 502.037 0 808.466 392.747 392.747 995.339 806.79  
0 0 544.065 46.8188 0 0 0 0 0  
272.992 272.992 901.02 272.992 46.9019 273.476 273.476 46.8047 46.8047  
272.992 272.992 356.955 226.173 273.476 273.476 273.476 272.909 272.909  
0 0 76.3217 0 226.574 0 0 226.105 226.105  
379.54 206.243 0 206.243 278.325 380.214 206.609 505.901 274.907  
317.309 0 0 109.986 206.609 317.872 0 206.181 206.181  
819.346 109.986 109.986 109.986 110.182 820.801 110.182 819.1 109.953  
502.037 109.986 109.986 291.812 110.182 502.929 110.182 819.1 109.953  
544.065 544.065 544.065 544.065 292.33 545.031 545.031 291.724 291.724  
901.02 789.338 674.848 781.389 545.031 902.62 790.739 543.902 543.902  
356.955 716.552 724.475 885.981 782.776 357.589 717.824 609.026 781.154  
76.3217 772.606 895.019 653.281 887.554 76.4572 773.978 433.146 885.714  
0 0 0 0 0 0 0 0 0  
0 0 0 109.986 0 0 0 0 0  
109.986 109.986 0 109.986 110.182 110.182 110.182 109.953 109.953  
109.986 109.986 0 291.812 110.182 110.182 110.182 109.953 109.953  
544.065 544.065 0 544.065 292.33 545.031 545.031 291.724 291.724  
674.848 674.848 0 666.899 545.031 676.046 676.046 543.902 543.902  
724.475 724.475 593.693 893.904 668.083 725.761 725.761 666.698 666.698  
895.019 895.019 914.5 775.695 895.491 896.608 896.608 893.635 893.635  
0 0 0 0 0 0 0 0 0  
0 0 0 0 0 0 0 0 0  
0 0 0 0 0 0 0 0 0  
0 0 0 0 0 0 0 0 0  
0 122.348 122.348 365.636 0 0 122.565 0 0  
0 598.058 848.258 598.058 366.285 0 599.119 0 365.526  
593.693 598.123 783.155 354.835 599.119 594.746 599.185 283.777 597.878  
914.5 218.215 157.519 251.457 355.465 916.123 218.602 686.593 354.729  
0 0 0 0 0 0 0 0 0  
0 0 0 0 0 0 0 0 0  
0 0 0 0 0 0 0 0 0  
0 0 0 0 0 0 0 0 0  
122.348 122.348 122.348 756.42 0 122.565 122.565 0 0  
848.258 988.842 988.842 1064.51 757.763 849.763 990.598 615.651 756.193  
783.155 1039.63 1090.19 405.555 1066.4 784.545 1041.47 848.003 1064.19  
157.519 273.407 228.172 241.755 406.275 157.799 273.893 289.58 405.433  
0 0 0 0 0 0 0 0 0  
0 0 0 0 0 0 0 0 0  
0 41.4005 41.4005 41.4005 0 0 41.474 0 0  
0 83.8504 83.8504 83.8504 41.474 0 83.9993 0 41.388  
122.348 42.45 42.45 433.234 83.9993 122.565 42.5253 0 83.8252  
988.842 390.784 140.584 517.015 434.003 990.598 391.478 756.193 433.104  
1090.19 614.484 307.039 223.7 517.933 1092.13 615.575 1114.74 516.859  
228.172 228.172 166.455 112.712 224.097 228.577 228.577 455.985 223.633  
129.294 413.931 718.497 413.931 405.949 129.524 414.666 229.787 481.008  
129.294 413.931 718.497 143.283 414.666 129.524 414.666 172.34 551.742  
0 0 0 0 143.537 0 0 0 190.986  
0 0 0 0 0 0 0 0 0  
0 0 0 0 0 0 0 0 0  
0 0 0 0 0 0 0 0 0  
0 0 165.421 0 0 0 0 0 0  
22.3607 71.3913 310.358 71.3913 0 22.4004 71.518 0 0  
718.497 859.653 1089.58 859.653 738.984 719.773 861.179 536.834 724.986  
718.497 859.653 1089.58 315.75 861.179 719.773 861.179 718.281 859.395  
0 0 0 0 316.311 0 0 315.655 315.655  
0 0 0 0 0 0 0 0 0  
0 0 0 0 0 0 0 0 0  
0 0 0 0 0 0 0 0 0  
165.421 165.421 165.421 306.651 0 165.714 165.714 0 0  
310.358 539.872 517.511 549.922 307.195 310.909 540.83 165.371 306.559  
1089.58 1328.42 1283.41 1600.23 413.925 1091.51 1330.78 552.645 364.23  
1089.58 1600.23 1659.68 1326.98 1603.07 1091.51 1603.07 1089.25 1599.75  
0 271.812 1017.91 0 1329.33 0 272.295 674.769 1326.58  
0 0 382.084 0 0 0 0 0 0  
0 0 505.316 0 0 0 0 0 0  
0 0 713.489 365.494 0 0 0 0 0  
165.421 808.98 1461.41 950.21 366.143 165.714 810.416 0 365.384  
517.511 1112.04 1601.9 756.595 951.897 518.43 1114.01 306.559 949.924  
1283.41 1710.16 1918.58 1430.16 867.64 1285.69 1713.19 534.124 1102.95  
1659.68 1771.97 1412.75 2529.25 1432.7 1662.62 1775.12 1295.27 1429.73  
1017.91 1646.56 1646.56 1374.74 2533.74 1019.72 1649.48 1900.03 2528.49  
382.084 757.281 757.281 393.3 1377.18 382.762 758.625 745.872 1374.33  
505.316 1048.93 1048.93 1442.44 393.999 506.213 1050.79 164.935 393.182  
713.489 1543.56 1644.95 2232.53 1445 714.755 1546.3 713.274 1442  
1461.41 2324.18 2954.13 1983.67 2236.5 1464 2328.31 1283.15 2231.86  
1601.9 2129.37 2793.53 1242.28 1987.2 1604.74 2133.15 1394.04 1983.08  
1918.58 2000.61 2194.14 888.903 2086.68 1921.99 2004.16 1859.59 2666.68  
1412.75 671.914 307.902 1374.74 890.481 1415.26 673.107 1342.29 888.635  
1646.56 1374.74 628.647 1374.74 1377.18 1649.48 1377.18 2169.38 1374.33  
757.281 757.281 375.197 393.3 1377.18 758.625 758.625 1374.33 1374.33  
1048.93 1048.93 543.614 1543.83 393.999 1050.79 1050.79 393.182 393.182  
1644.95 1644.95 931.458 2285.24 1546.57 1647.87 1647.87 1543.36 1543.36  
2954.13 2310.57 1492.73 1868.68 2289.3 2959.38 2314.68 2649.94 2284.56  
2793.53 2149.97 1642.04 1311.55 1871.99 2798.48 2153.78 2511.48 1868.11  
2194.14 1626.24 1058.59 875.209 1825.8 2198.04 1629.12 2924.64 2167.66  
307.902 54.4518 54.4518 0 876.763 308.449 54.5485 1150.52 874.946  
628.647 0 0 0 0 629.763 0 628.458 0  
375.197 0 0 0 0 375.863 0 628.458 0  
543.614 0 0 101.39 0 544.579 0 228.247 0  
931.458 101.39 222.913 418.203 101.57 933.111 101.57 830.089 101.36  
1492.73 629.95 222.913 730.32 418.945 1495.38 631.068 1366.79 418.077  
1642.04 1103.17 439.014 878 731.617 1644.96 1105.13 1357.31 730.101  
1058.59 453.09 0 261.962 683.57 1060.47 453.894 1411.03 603.938  
54.4518 0 0 0 262.427 54.5485 0 603.276 261.883  
0 0 0 0 0 0 0 0 0  
0 0 0 0 0 0 0 0 0  
0 0 0 0 0 0 0 0 0  
222.913 222.913 222.913 346.852 0 223.308 223.308 0 0  
222.913 346.852 412.228 548.612 347.468 223.308 347.468 222.845 346.748  
439.014 562.954 407.429 530.658 549.586 439.794 563.953 424.545 548.448  
0 0 0 0 161.929 0 0 0 0  
0 0 0 0 0 0 0 0 0  
0 0 0 0 0 0 0 0 0  
0 0 0 0 0 0 0 0 0  
0 0 0 0 0 0 0 0 0  
222.913 222.913 0 412.228 0 223.308 223.308 0 0  
412.228 412.228 189.315 412.228 412.96 412.96 412.96 412.104 412.104  
407.429 189.315 189.315 0 412.96 408.152 189.651 515.117 412.104  
0 0 0 0 46.4072 0 0 0 0  
0 0 0 0 0 0 0 0 0  
0 0 0 0 0 0 0 0 0  
0 0 0 0 0 0 0 0 0  
0 0 0 0 0 0 0 0 0  
0 0 0 65.3758 0 0 0 0 0  
189.315 65.3758 0 65.3758 65.4919 189.651 65.4919 189.258 65.3562  
189.315 65.3758 0 0 65.4919 189.651 65.4919 189.258 65.3562  
15.5563 42.4264 42.4264 0 42.5017 15.584 42.5017 27.6474 75.402  
0 0 0 0 0 0 0 0 0  
0 0 0 0 0 0 0 0 0  
0 0 0 0 0 0 0 0 0  
0 0 0 0 0 0 0 0 0  
0 0 203.066 0 0 0 0 0 0  
101.435 274.876 625.22 418.034 0 101.615 275.364 0 0  
174.604 439.347 698.014 439.347 418.776 174.914 440.127 204.326 508.399  
42.4264 48.4107 277.07 21.5407 48.4967 42.5017 48.4967 56.5515 64.5282  
0 0 228.659 37.0135 21.5789 0 0 0 21.5342  
0 37.0135 37.0135 37.0135 37.0792 0 37.0792 0 37.0024  
0 37.0135 37.0135 0 37.0792 0 37.0792 0 37.0024  
0 0 294.002 122.43 0 0 0 0 0  
203.066 555.229 1071.15 1000.75 122.647 203.427 556.214 0 122.393  
625.22 1402.51 2204.12 1545.94 1002.52 626.33 1405 386.847 1000.44  
698.014 1113.14 1867.87 684.651 1548.68 699.253 1115.11 890.812 1545.47  
277.07 580.197 1496.69 580.197 629.645 277.562 581.227 369.315 773.363  
228.659 558.656 1857.17 37.0135 581.227 229.065 559.648 250.125 580.022  
37.0135 37.0135 419.042 37.0135 37.0792 37.0792 37.0792 37.0024 37.0024  
37.0135 37.0135 37.0135 225.639 37.0792 37.0792 37.0792 37.0024 37.0024  
294.002 870.8 870.8 1173.03 226.04 294.524 872.346 0 225.571  
1071.15 1827.75 1624.68 2376.17 1175.11 1073.05 1830.99 416.306 1172.68  
2204.12 2210.47 1823.51 2219.31 2380.38 2208.03 2214.4 1844.65 2375.45  
1867.87 1805.18 1538.03 1129.99 2223.25 1871.19 1808.39 2405.1 2218.65  
1496.69 2213.39 2390.5 3124.51 1109.67 1499.34 2217.31 1171.59 1342.02  
1857.17 3124.51 3847.66 2117.69 3130.05 1860.47 3130.05 1878.15 3123.57  
419.042 911.12 1457.15 49.93 2121.45 419.786 912.737 1036.46 2117.05  
37.0135 180.964 180.964 406.603 50.0186 37.0792 181.286 37.0024 49.9149  
870.8 1051.76 757.763 1181.63 407.325 872.346 1053.63 225.571 406.481  
1624.68 1272.52 756.599 1375.42 1183.73 1627.57 1274.78 1172.68 1181.28  
1823.51 981.41 179.8 1029.42 1377.86 1826.75 983.152 1988.61 1375.01  
1538.03 1048.09 241.499 801.385 1031.25 1540.76 1049.95 1748.57 1029.11  
2390.5 2254.71 1433.07 3711.86 631.416 2394.75 2258.71 1072.45 632.586  
3847.66 3711.86 2508.19 3237.28 3718.45 3854.49 3718.45 3846.5 3710.75  
1457.15 1457.15 1075.13 49.93 3243.03 1459.74 1459.74 3042.16 3236.31  
180.964 180.964 180.964 180.964 50.0186 181.286 181.286 49.9149 49.9149  
757.763 251.569 251.569 201.639 181.286 759.108 252.015 406.481 180.91  
756.599 70.6045 70.6045 70.6045 201.997 757.942 70.7299 887.366 201.578  
179.8 0 0 39.4462 70.7299 180.119 0 530.8 70.5833  
241.499 39.4462 0 39.4462 39.5162 241.928 39.5162 117.641 39.4343  
1433.07 1364.46 1613.66 1797.63 956.163 1435.61 1366.89 360.784 1004.46  
2508.19 1496.78 986.401 1338.22 1800.82 2512.64 1499.44 2507.44 1797.09  
1075.13 727.322 201.903 157.686 1340.59 1077.03 728.613 2236.85 1337.81  
180.964 157.686 157.686 0 157.966 181.286 157.966 49.9149 157.639  
251.569 70.6045 70.6045 70.6045 0 252.015 70.7299 180.91 0  
70.6045 70.6045 70.6045 316.242 70.7299 70.7299 70.7299 201.578 70.5833  
0 330.802 550.898 330.802 316.804 0 331.39 70.5833 316.147  
0 330.802 550.898 85.1645 331.39 0 331.39 0 330.703  
1613.66 1854.56 1759.72 1687.95 1868.95 1616.53 1857.86 1626.28 2206.24  
986.401 1047.51 952.666 401.288 1690.95 988.152 1049.37 1500.34 1687.44  
201.903 201.903 201.903 178.302 402.001 202.261 202.261 595.31 401.168  
157.686 157.686 157.686 0 178.618 157.966 157.966 178.248 178.248  
70.6045 0 0 0 0 70.7299 0 0 0  
70.6045 0 0 465.733 0 70.7299 0 70.5833 0  
550.898 550.898 550.898 550.898 466.56 551.876 551.876 536.177 465.593  
550.898 550.898 550.898 85.1645 551.876 551.876 551.876 550.732 550.732  
1759.72 1136.69 481.721 1082.95 1117.05 1762.84 1138.71 2079.82 1237  
952.666 743.362 339.466 229.28 1084.88 954.357 744.682 1592.63 1082.63  
201.903 20.6155 37.5366 20.6155 229.687 202.261 20.6521 401.168 229.211  
157.686 0 0 0 20.6521 157.966 0 178.248 20.6093  
0 0 0 0 0 0 0 0 0  
0 0 37.6431 220.095 0 0 0 0 0  
550.898 220.095 63.2751 220.095 220.486 551.876 220.486 465.593 220.029  
550.898 220.095 25.632 0 220.486 551.876 220.486 550.732 220.029  
481.721 46.6154 46.6154 46.6154 74.4556 482.576 46.6982 579.966 0  
339.466 84.1521 84.1521 84.1521 46.6982 340.068 84.3015 427.852 46.6014  
37.5366 37.5366 37.5366 37.5366 84.3015 37.6033 37.6033 84.1268 84.1268  
0 0 0 41.0366 37.6033 0 0 37.5254 37.5254  
0 41.0366 41.0366 78.6796 41.1094 0 41.1094 0 41.0242  
37.6431 78.6796 78.6796 67.0539 78.8193 37.7099 78.8193 37.6317 78.656  
63.2751 119.106 119.106 81.4626 67.173 63.3874 119.317 37.6317 67.0338  
25.632 81.4626 81.4626 52.0517 81.6072 25.6775 81.6072 25.6243 81.4381  
44.8803 42.3831 46.7765 42.3831 42.4583 44.96 42.4583 41.6042 33.7208  
0 0 0 0 42.4583 0 0 31.2031 25.2906  
0 0 0 0 0 0 0 0 0  
0 0 0 0 0 0 0 0 0  
643.455 818.876 791.599 1579.2 0 644.598 820.33 0 0  
1601.87 2193.92 2173.49 2709.37 1582 1604.71 2197.81 1393.15 1729.35  
1435.4 2012.32 1959.53 1273.4 2714.18 1437.95 2015.89 2343.73 3034.35  
526.547 658.678 599.037 143.229 1275.66 527.481 659.847 1141.49 1495.91  
46.7765 46.7765 46.7765 18.9737 46.8596 46.8596 46.8596 62.35 62.35  
0 0 0 0 19.0073 0 0 18.968 18.968  
0 0 0 0 0 0 0 0 0  
0 0 0 255.726 0 0 0 0 0  
791.599 1002.38 1062.99 1686.17 256.18 793.004 1004.16 0 255.65  
2173.49 2071.25 1765.85 2170.72 1689.16 2177.35 2074.92 1649.76 1685.66  
1959.53 1545.9 903.854 862.11 2174.58 1963.01 1548.65 2628.51 2170.07  
599.037 477.033 200.998 121.828 863.64 600.1 477.88 1121.94 861.851  
46.7765 27.8029 0 0 27.8522 46.8596 27.8522 62.35 37.0594  
0 0 0 0 0 0 0 18.968 0  
0 0 79.7559 0 0 0 0 0 0  
0 0 260.492 549.81 0 0 0 0 0  
1062.99 787.763 843.691 1015.81 550.786 1064.88 789.162 549.644 549.644  
1765.85 1015.81 662.956 465.998 1017.61 1768.98 1017.61 1549.36 1015.5  
903.854 228.044 0 0 466.825 905.458 228.449 1416.61 465.857  
200.998 0 0 63.8905 0 201.354 0 416.893 0  
0 0 0 0 0 0 0 0 0  
0 0 0 0 0 0 0 0 0  
79.7559 212.699 397.461 339.9 0 79.8975 213.077 0 0  
260.492 393.435 578.197 687.518 340.504 260.954 394.134 206.894 339.798  
843.691 474.819 180.736 347.618 688.739 845.189 475.662 810.058 687.312  
662.956 294.083 0 0 348.235 664.132 294.605 716.275 347.514  
0 0 0 0 0 0 0 113.112 0  
0 0 0 63.8905 0 0 0 0 0  
0 0 0 363.27 0 0 0 0 0  
0 787.03 1078.64 1117.35 363.915 0 788.428 0 363.161  
397.461 1600.62 2635.89 1364.55 1119.34 398.167 1603.46 0 1117.02  
578.197 994.323 2259.43 663.999 1366.97 579.224 996.088 524.504 1364.14  
180.736 180.736 1000.11 53.535 665.178 181.056 181.056 578.023 663.8  
0 0 297.941 0 53.6301 0 0 53.5189 53.5189  
0 0 211.729 0 0 0 0 0 0  
0 0 211.729 0 0 0 0 0 0  
0 0 0 443.251 0 0 0 0 0  
1078.64 1113.62 1165.97 1851.97 444.038 1080.55 1115.6 443.118 443.118  
2635.89 2803.77 2775.39 3117.68 1855.26 2640.57 2808.74 1816.44 1851.41  
2259.43 3269.03 3586.62 2828.63 3123.22 2263.44 3274.83 2555.59 3116.74  
1000.11 1876.83 2275.15 1119.66 2833.65 1001.89 1880.16 1818.48 2827.78  
297.941 571.212 718.413 485 1121.65 298.47 572.226 636.207 1119.33  
211.729 485 764.94 485 485.861 212.104 485.861 211.665 484.854  
211.729 211.729 344.469 0 485.861 212.104 212.104 211.665 484.854  
0 278.196 694.125 611.684 0 0 278.69 0 0  
1165.97 985.768 1602.19 1492.12 612.77 1168.04 987.518 495.447 611.5  
2775.39 2002.7 1769.11 2613.19 1494.77 2780.31 2006.26 1933.46 1491.67  
3586.62 3351.32 2154.75 3191.21 2617.83 3592.99 3357.27 3189.7 2612.4  
2275.15 2402.43 1402.32 1605.66 3196.88 2279.18 2406.7 3115.55 3190.25  
718.413 766.714 468.773 632.2 1608.51 719.688 768.075 1511.03 1605.18  
764.94 764.94 553.212 617.74 633.322 766.298 766.298 632.01 632.01  
344.469 344.469 132.74 132.74 618.836 345.08 345.08 617.554 617.554  
694.125 792.567 908.029 1357.63 277.164 695.357 793.974 237.57 368.787  
1602.19 1890.42 1901.64 2329.77 1360.04 1605.03 1893.77 1172.05 1357.22  
1769.11 2310.95 2436.36 1832.98 2333.91 1772.25 2315.05 1785.85 2329.07  
2154.75 1531.65 1311.08 1022.67 1836.23 2158.58 1534.37 1810.23 1832.42  
1402.32 525.604 127.287 485.998 1024.49 1404.81 526.537 1900.36 1022.36  
468.773 195.502 48.3011 147.201 486.861 469.605 195.849 968.971 485.852  
553.212 279.941 0 132.74 147.462 554.194 280.438 420.345 147.156  
132.74 132.74 0 132.74 132.976 132.976 132.976 405.889 132.7  
908.029 695.577 390.412 1007.13 491.733 909.641 696.812 522.691 568.595  
1901.64 1360.56 578.651 1713.13 1008.92 1905.02 1362.97 1420.32 1006.83  
2436.36 2005.88 1168.44 1634.86 1716.17 2440.68 2009.44 2356.54 1712.61  
1311.08 1170.51 870.321 602.006 1637.76 1313.41 1172.58 1856.47 1634.37  
127.287 40.2492 110.325 0 603.075 127.513 40.3207 722.069 601.825  
48.3011 0 41.2311 0 0 48.3869 0 94.1531 0  
0 0 0 0 0 0 0 0 0  
0 0 0 0 0 0 0 0 0  
