0 0 4 4
0 2 4 4
0 4 4 4
0 6 4 4
0 8 4 4
0 10 4 4
0 12 4 4
0 14 4 4
2 0 4 4
2 2 4 4
2 4 4 4
2 6 4 4
2 8 4 4
2 10 4 4
2 12 4 4
2 14 4 4
4 0 4 4
4 2 4 4
4 4 4 4
4 6 4 4
4 8 4 4
4 10 4 4
4 12 4 4
4 14 4 4
6 0 4 4
6 2 4 4
6 4 4 4
6 6 4 4
6 8 4 4
6 10 4 4
6 12 4 4
6 14 4 4
8 0 4 4
8 2 4 4
8 4 4 4
8 6 4 4
8 8 4 4
8 10 4 4
8 12 4 4
8 14 4 4
10 0 4 4
10 2 4 4
10 4 4 4
10 6 4 4
10 8 4 4
10 10 4 4
10 12 4 4
10 14 4 4
12 0 4 4
12 2 4 4
12 4 4 4
12 6 4 4
12 8 4 4
12 10 4 4
12 12 4 4
12 14 4 4
14 0 4 4
14 2 4 4
14 4 4 4
14 6 4 4
14 8 4 4
14 10 4 4
14 12 4 4
14 14 4 4
16 0 4 4
16 2 4 4
16 4 4 4
16 6 4 4
16 8 4 4
16 10 4 4
16 12 4 4
16 14 4 4
0 0 4 4
0 2 4 4
0 4 4 4
0 6 4 4
0 8 4 4
0 10 4 4
0 12 4 4
0 14 4 4
2 0 4 4
2 2 4 4
2 4 4 4
2 6 4 4
2 8 4 4
2 10 4 4
2 12 4 4
2 14 4 4
4 0 4 4
4 2 4 4
4 4 4 4
4 6 4 4
4 8 4 4
4 10 4 4
4 12 4 4
4 14 4 4
6 0 4 4
6 2 4 4
6 4 4 4
6 6 4 4
6 8 4 4
6 10 4 4
6 12 4 4
6 14 4 4
8 0 4 4
8 2 4 4
8 4 4 4
8 6 4 4
8 8 4 4
8 10 4 4
8 12 4 4
8 14 4 4
10 0 4 4
10 2 4 4
10 4 4 4
10 6 4 4
10 8 4 4
10 10 4 4
10 12 4 4
10 14 4 4
12 0 4 4
12 2 4 4
12 4 4 4
12 6 4 4
12 8 4 4
12 10 4 4
12 12 4 4
12 14 4 4
14 0 4 4
14 2 4 4
14 4 4 4
14 6 4 4
14 8 4 4
14 10 4 4
14 12 4 4
14 14 4 4
16 0 4 4
16 2 4 4
16 4 4 4
16 6 4 4
16 8 4 4
16 10 4 4
16 12 4 4
16 14 4 4
0 0 4 4
0 2 4 4
0 4 4 4
0 6 4 4
0 8 4 4
0 10 4 4
0 12 4 4
0 14 4 4
2 0 4 4
2 2 4 4
2 4 4 4
2 6 4 4
2 8 4 4
2 10 4 4
2 12 4 4
2 14 4 4
4 0 4 4
4 2 4 4
4 4 4 4
4 6 4 4
4 8 4 4
4 10 4 4
4 12 4 4
4 14 4 4
6 0 4 4
6 2 4 4
6 4 4 4
6 6 4 4
6 8 4 4
6 10 4 4
6 12 4 4
6 14 4 4
8 0 4 4
8 2 4 4
8 4 4 4
8 6 4 4
8 8 4 4
8 10 4 4
8 12 4 4
8 14 4 4
10 0 4 4
10 2 4 4
10 4 4 4
10 6 4 4
10 8 4 4
10 10 4 4
10 12 4 4
10 14 4 4
12 0 4 4
12 2 4 4
12 4 4 4
12 6 4 4
12 8 4 4
12 10 4 4
12 12 4 4
12 14 4 4
14 0 4 4
14 2 4 4
14 4 4 4
14 6 4 4
14 8 4 4
14 10 4 4
14 12 4 4
14 14 4 4
16 0 4 4
16 2 4 4
16 4 4 4
16 6 4 4
16 8 4 4
16 10 4 4
16 12 4 4
16 14 4 4
0 0 4 4
0 2 4 4
0 4 4 4
0 6 4 4
0 8 4 4
0 10 4 4
0 12 4 4
0 14 4 4
2 0 4 4
2 2 4 4
2 4 4 4
2 6 4 4
2 8 4 4
2 10 4 4
2 12 4 4
2 14 4 4
4 0 4 4
4 2 4 4
4 4 4 4
4 6 4 4
4 8 4 4
4 10 4 4
4 12 4 4
4 14 4 4
6 0 4 4
6 2 4 4
6 4 4 4
6 6 4 4
6 8 4 4
6 10 4 4
6 12 4 4
6 14 4 4
8 0 4 4
8 2 4 4
8 4 4 4
8 6 4 4
8 8 4 4
8 10 4 4
8 12 4 4
8 14 4 4
10 0 4 4
10 2 4 4
10 4 4 4
10 6 4 4
10 8 4 4
10 10 4 4
10 12 4 4
10 14 4 4
12 0 4 4
12 2 4 4
12 4 4 4
12 6 4 4
12 8 4 4
12 10 4 4
12 12 4 4
12 14 4 4
14 0 4 4
14 2 4 4
14 4 4 4
14 6 4 4
14 8 4 4
14 10 4 4
14 12 4 4
14 14 4 4
16 0 4 4
16 2 4 4
16 4 4 4
16 6 4 4
16 8 4 4
16 10 4 4
16 12 4 4
16 14 4 4
0 0 4 4
0 2 4 4
0 4 4 4
0 6 4 4
0 8 4 4
0 10 4 4
0 12 4 4
0 14 4 4
2 0 4 4
2 2 4 4
2 4 4 4
2 6 4 4
2 8 4 4
2 10 4 4
2 12 4 4
2 14 4 4
4 0 4 4
4 2 4 4
4 4 4 4
4 6 4 4
4 8 4 4
4 10 4 4
4 12 4 4
4 14 4 4
6 0 4 4
6 2 4 4
6 4 4 4
6 6 4 4
6 8 4 4
6 10 4 4
6 12 4 4
6 14 4 4
8 0 4 4
8 2 4 4
8 4 4 4
8 6 4 4
8 8 4 4
8 10 4 4
8 12 4 4
8 14 4 4
10 0 4 4
10 2 4 4
10 4 4 4
10 6 4 4
10 8 4 4
10 10 4 4
10 12 4 4
10 14 4 4
12 0 4 4
12 2 4 4
12 4 4 4
12 6 4 4
12 8 4 4
12 10 4 4
12 12 4 4
12 14 4 4
14 0 4 4
14 2 4 4
14 4 4 4
14 6 4 4
14 8 4 4
14 10 4 4
14 12 4 4
14 14 4 4
16 0 4 4
16 2 4 4
16 4 4 4
16 6 4 4
16 8 4 4
16 10 4 4
16 12 4 4
16 14 4 4
0 0 4 4
0 2 4 4
0 4 4 4
0 6 4 4
0 8 4 4
0 10 4 4
0 12 4 4
0 14 4 4
2 0 4 4
2 2 4 4
2 4 4 4
2 6 4 4
2 8 4 4
2 10 4 4
2 12 4 4
2 14 4 4
4 0 4 4
4 2 4 4
4 4 4 4
4 6 4 4
4 8 4 4
4 10 4 4
4 12 4 4
4 14 4 4
6 0 4 4
6 2 4 4
6 4 4 4
6 6 4 4
6 8 4 4
6 10 4 4
6 12 4 4
6 14 4 4
8 0 4 4
8 2 4 4
8 4 4 4
8 6 4 4
8 8 4 4
8 10 4 4
8 12 4 4
8 14 4 4
10 0 4 4
10 2 4 4
10 4 4 4
10 6 4 4
10 8 4 4
10 10 4 4
10 12 4 4
10 14 4 4
12 0 4 4
12 2 4 4
12 4 4 4
12 6 4 4
12 8 4 4
12 10 4 4
12 12 4 4
12 14 4 4
14 0 4 4
14 2 4 4
14 4 4 4
14 6 4 4
14 8 4 4
14 10 4 4
14 12 4 4
14 14 4 4
16 0 4 4
16 2 4 4
16 4 4 4
16 6 4 4
16 8 4 4
16 10 4 4
16 12 4 4
16 14 4 4
0 0 4 4
0 2 4 4
0 4 4 4
0 6 4 4
0 8 4 4
0 10 4 4
0 12 4 4
0 14 4 4
2 0 4 4
2 2 4 4
2 4 4 4
2 6 4 4
2 8 4 4
2 10 4 4
2 12 4 4
2 14 4 4
4 0 4 4
4 2 4 4
4 4 4 4
4 6 4 4
4 8 4 4
4 10 4 4
4 12 4 4
4 14 4 4
6 0 4 4
6 2 4 4
6 4 4 4
6 6 4 4
6 8 4 4
6 10 4 4
6 12 4 4
6 14 4 4
8 0 4 4
8 2 4 4
8 4 4 4
8 6 4 4
8 8 4 4
8 10 4 4
8 12 4 4
8 14 4 4
10 0 4 4
10 2 4 4
10 4 4 4
10 6 4 4
10 8 4 4
10 10 4 4
10 12 4 4
10 14 4 4
12 0 4 4
12 2 4 4
12 4 4 4
12 6 4 4
12 8 4 4
12 10 4 4
12 12 4 4
12 14 4 4
14 0 4 4
14 2 4 4
14 4 4 4
14 6 4 4
14 8 4 4
14 10 4 4
14 12 4 4
14 14 4 4
16 0 4 4
16 2 4 4
16 4 4 4
16 6 4 4
16 8 4 4
16 10 4 4
16 12 4 4
16 14 4 4
0 0 4 4
0 2 4 4
0 4 4 4
0 6 4 4
0 8 4 4
0 10 4 4
0 12 4 4
0 14 4 4
2 0 4 4
2 2 4 4
2 4 4 4
2 6 4 4
2 8 4 4
2 10 4 4
2 12 4 4
2 14 4 4
4 0 4 4
4 2 4 4
4 4 4 4
4 6 4 4
4 8 4 4
4 10 4 4
4 12 4 4
4 14 4 4
6 0 4 4
6 2 4 4
6 4 4 4
6 6 4 4
6 8 4 4
6 10 4 4
6 12 4 4
6 14 4 4
8 0 4 4
8 2 4 4
8 4 4 4
8 6 4 4
8 8 4 4
8 10 4 4
8 12 4 4
8 14 4 4
10 0 4 4
10 2 4 4
10 4 4 4
10 6 4 4
10 8 4 4
10 10 4 4
10 12 4 4
10 14 4 4
12 0 4 4
12 2 4 4
12 4 4 4
12 6 4 4
12 8 4 4
12 10 4 4
12 12 4 4
12 14 4 4
14 0 4 4
14 2 4 4
14 4 4 4
14 6 4 4
14 8 4 4
14 10 4 4
14 12 4 4
14 14 4 4
16 0 4 4
16 2 4 4
16 4 4 4
16 6 4 4
16 8 4 4
16 10 4 4
16 12 4 4
16 14 4 4
0 0 4 4
0 2 4 4
0 4 4 4
0 6 4 4
0 8 4 4
0 10 4 4
0 12 4 4
0 14 4 4
2 0 4 4
2 2 4 4
2 4 4 4
2 6 4 4
2 8 4 4
2 10 4 4
2 12 4 4
2 14 4 4
4 0 4 4
4 2 4 4
4 4 4 4
4 6 4 4
4 8 4 4
4 10 4 4
4 12 4 4
4 14 4 4
6 0 4 4
6 2 4 4
6 4 4 4
6 6 4 4
6 8 4 4
6 10 4 4
6 12 4 4
6 14 4 4
8 0 4 4
8 2 4 4
8 4 4 4
8 6 4 4
8 8 4 4
8 10 4 4
8 12 4 4
8 14 4 4
10 0 4 4
10 2 4 4
10 4 4 4
10 6 4 4
10 8 4 4
10 10 4 4
10 12 4 4
10 14 4 4
12 0 4 4
12 2 4 4
12 4 4 4
12 6 4 4
12 8 4 4
12 10 4 4
12 12 4 4
12 14 4 4
14 0 4 4
14 2 4 4
14 4 4 4
14 6 4 4
14 8 4 4
14 10 4 4
14 12 4 4
14 14 4 4
16 0 4 4
16 2 4 4
16 4 4 4
16 6 4 4
16 8 4 4
16 10 4 4
16 12 4 4
16 14 4 4
0 0 4 4
0 2 4 4
0 4 4 4
0 6 4 4
0 8 4 4
0 10 4 4
0 12 4 4
0 14 4 4
2 0 4 4
2 2 4 4
2 4 4 4
2 6 4 4
2 8 4 4
2 10 4 4
2 12 4 4
2 14 4 4
4 0 4 4
4 2 4 4
4 4 4 4
4 6 4 4
4 8 4 4
4 10 4 4
4 12 4 4
4 14 4 4
6 0 4 4
6 2 4 4
6 4 4 4
6 6 4 4
6 8 4 4
6 10 4 4
6 12 4 4
6 14 4 4
8 0 4 4
8 2 4 4
8 4 4 4
8 6 4 4
8 8 4 4
8 10 4 4
8 12 4 4
8 14 4 4
10 0 4 4
10 2 4 4
10 4 4 4
10 6 4 4
10 8 4 4
10 10 4 4
10 12 4 4
10 14 4 4
12 0 4 4
12 2 4 4
12 4 4 4
12 6 4 4
12 8 4 4
12 10 4 4
12 12 4 4
12 14 4 4
14 0 4 4
14 2 4 4
14 4 4 4
14 6 4 4
14 8 4 4
14 10 4 4
14 12 4 4
14 14 4 4
16 0 4 4
16 2 4 4
16 4 4 4
16 6 4 4
16 8 4 4
16 10 4 4
16 12 4 4
16 14 4 4
