29842.3 2.43913e+008 
29710.6 2.58043e+008 
30369.8 2.84665e+008 
31219.3 3.12178e+008 
32063 3.42233e+008 
33118.2 3.4004e+008 
35026.6 4.25395e+008 
36142.4 5.09168e+008 
36068.7 5.22175e+008 
32852.9 2.45444e+008 
32430.7 2.54735e+008 
33007.8 2.73214e+008 
34325.7 2.91107e+008 
35545.4 3.21396e+008 
36770.5 3.37692e+008 
38616.3 4.18127e+008 
39498.7 4.67803e+008 
39200.8 4.64819e+008 
35802.9 2.34354e+008 
35384 2.3843e+008 
35809.9 2.46411e+008 
37292.8 2.80108e+008 
38383.2 3.03746e+008 
39307.6 3.22855e+008 
40738.1 3.9435e+008 
41414.8 4.13252e+008 
41795.9 4.01865e+008 
37749.3 2.0909e+008 
37362.8 2.14114e+008 
37647.4 2.16701e+008 
38874.8 2.53796e+008 
39825.4 2.75398e+008 
40359.8 2.91374e+008 
41363 3.53273e+008 
42332.2 3.77505e+008 
43639.5 3.78636e+008 
78.9016 672.235 
82.1947 620.091 
85.1261 538.824 
87.344 451.989 
89.2653 369.884 
90.5676 295.478 
91.7108 220.467 
92.441 191.161 
92.8297 167.747 
79.276 614.727 
82.6365 568.726 
85.6937 491.825 
87.9078 396.378 
89.7331 306.118 
90.522 248.71 
90.9408 203.889 
91.3871 174.941 
91.7685 151.646 
80.1011 540.129 
83.3086 504.495 
86.3706 435.431 
88.5896 346.538 
90.3066 264.292 
90.9833 213.632 
91.0182 189.041 
91.0528 167.382 
91.1055 137.045 
80.7883 475.139 
83.9826 444.268 
86.9128 380.995 
88.965 310.756 
90.5606 247.23 
91.3544 204.006 
91.4718 185.267 
91.443 157.333 
91.1991 119.918 
166.529 107.393 
167.196 109.021 
168.21 103.763 
169.402 100.083 
170.054 92.7681 
170.521 88.191 
170.867 86.6593 
170.821 81.5884 
170.529 88.4159 
166.837 105.276 
167.598 102.408 
168.68 96.6129 
169.674 87.7426 
170.034 75.8935 
170.236 78.2324 
170.229 79.1426 
170.067 78.6027 
169.7 82.3769 
167.189 97.365 
168.03 91.1558 
169.141 88.7524 
169.992 80.771 
170.307 74.2858 
170.339 74.0684 
170.086 74.349 
169.834 77.2765 
169.476 80.3924 
167.507 91.1805 
168.306 82.719 
169.388 78.0267 
170.274 70.8846 
170.707 68.5093 
170.722 69.0459 
170.458 69.0425 
170.247 70.4906 
170.009 72.0579 
186.819 87.7553 
187.585 82.6633 
188.481 74.165 
189.034 67.6509 
189.278 66.8192 
189.466 63.6946 
189.276 67.5205 
188.962 79.1969 
188.746 84.1156 
185.414 87.6361 
186.132 84.7962 
186.826 79.875 
187.277 75.3202 
187.411 75.3609 
187.369 73.1834 
187.161 78.0242 
186.983 87.6043 
186.949 88.9696 
184.041 82.5476 
184.89 82.0921 
185.426 80.7541 
185.677 80.2814 
185.717 82.1034 
185.46 81.817 
185.154 86.886 
185.137 91.3226 
185.408 87.6637 
183.362 78.7875 
184.315 76.3589 
184.932 74.5301 
185.122 76.6048 
185.156 83.1874 
184.871 84.5422 
184.453 87.5425 
184.336 89.451 
184.645 86.2466 
5052.82 2.99214e+007 
5248.2 3.46486e+007 
5694.83 4.14412e+007 
5828.63 4.23156e+007 
5637.46 3.99279e+007 
5661.02 3.84346e+007 
5954.49 3.83111e+007 
6066.97 4.10418e+007 
6028.96 4.35444e+007 
6190.66 4.10219e+007 
6357.45 4.37986e+007 
6684.64 4.54073e+007 
6895.83 4.48241e+007 
6921.96 4.64015e+007 
7064.06 4.70485e+007 
7275.3 4.82144e+007 
7291.08 5.15647e+007 
7021.81 4.7614e+007 
7218.12 4.25051e+007 
7376.12 4.68061e+007 
7583.52 5.02431e+007 
7638.37 4.77043e+007 
7601.97 4.67e+007 
7615.41 4.69672e+007 
7543.37 4.57241e+007 
7456.61 4.52475e+007 
7230.88 4.41354e+007 
7601.3 4.28357e+007 
7611.62 4.43279e+007 
7659.27 4.48319e+007 
7661.05 4.51467e+007 
7551.44 4.5858e+007 
7364.89 4.45999e+007 
7263.54 4.16458e+007 
7256.48 4.17314e+007 
7259.3 4.28628e+007 
3521.99 9.48894e+006 
3609.74 1.14565e+007 
3767.43 1.35526e+007 
3825.86 1.34225e+007 
3782.44 1.2585e+007 
3821.98 1.2454e+007 
4060.12 1.44138e+007 
4236.45 1.66901e+007 
4180.27 1.68457e+007 
4244.35 1.06682e+007 
4307.44 1.25001e+007 
4460.55 1.35975e+007 
4604.41 1.28794e+007 
4590.97 1.29924e+007 
4575.43 1.34208e+007 
4675.53 1.46284e+007 
4692.31 1.46869e+007 
4608.95 1.44466e+007 
4805.87 1.05656e+007 
4861.34 1.18855e+007 
5041.21 1.45014e+007 
5235 1.44971e+007 
5119.36 1.41072e+007 
4941.29 1.29355e+007 
4908.17 1.22857e+007 
4914.16 1.31245e+007 
4956.44 1.41199e+007 
5152.66 9.46888e+006 
5157.78 1.01511e+007 
5242.07 1.12848e+007 
5399.85 1.25493e+007 
5284.44 1.23282e+007 
5085.7 1.24486e+007 
5045.15 1.19211e+007 
5120.02 1.33182e+007 
5254.3 1.50489e+007 
4740.54 1.21449e+007 
4683.75 1.24728e+007 
4691.26 1.35139e+007 
4854.33 1.40188e+007 
5047.87 1.64318e+007 
5220.03 1.72058e+007 
5381.68 2.14513e+007 
5286.92 1.96863e+007 
5037.21 1.78153e+007 
5028.81 1.18636e+007 
4932.1 1.19254e+007 
4939.67 1.2962e+007 
5169.48 1.33302e+007 
5404.05 1.65061e+007 
5620.48 1.80883e+007 
5717.83 1.9904e+007 
5534.64 1.70844e+007 
5355.31 1.6325e+007 
5361.23 1.23966e+007 
5264.78 1.26968e+007 
5261.46 1.28636e+007 
5515.24 1.3677e+007 
5736.4 1.50225e+007 
5845.57 1.55294e+007 
5920.17 1.55043e+007 
5773.01 1.47611e+007 
5661.14 1.39217e+007 
5684.74 1.37336e+007 
5635.68 1.36512e+007 
5633.39 1.29959e+007 
5763.84 1.34687e+007 
5918.06 1.36994e+007 
5966.99 1.31587e+007 
6048.33 1.32176e+007 
6083.43 1.33111e+007 
6077.24 1.24467e+007 
9033.55 5.60708e+007 
8912.07 5.39998e+007 
8951.86 5.9053e+007 
9362.62 7.15572e+007 
10019.5 8.1132e+007 
10404.1 8.14977e+007 
10697.9 9.68552e+007 
10920.9 1.14014e+008 
11089.1 1.23839e+008 
8736.88 4.53509e+007 
8515.25 4.21244e+007 
8506.66 4.94686e+007 
8929.85 6.16621e+007 
9509.65 7.05107e+007 
10111.4 8.01313e+007 
10802.8 1.05492e+008 
11131.6 1.21385e+008 
11396.9 1.31593e+008 
8572.98 3.80261e+007 
8296.79 3.47813e+007 
8269.14 4.08974e+007 
8821.96 5.32059e+007 
9576.68 6.55589e+007 
10500.4 8.82333e+007 
11374.2 1.24632e+008 
11681.1 1.24645e+008 
12174.3 1.388e+008 
8592.41 3.23016e+007 
8418.62 2.9526e+007 
8645.35 3.60763e+007 
9291.02 5.07807e+007 
10167.3 7.16556e+007 
11190.9 9.726e+007 
11938.6 1.27629e+008 
12234.5 1.21353e+008 
12950.2 1.3784e+008 
4008.29 9.57883e+006 
3755.52 1.01684e+007 
3670.76 9.21605e+006 
3672.49 8.38963e+006 
3824.9 1.06062e+007 
4073.82 1.31083e+007 
4583.86 1.96635e+007 
4987.46 2.31834e+007 
5014.35 2.33671e+007 
4554.14 1.24055e+007 
4244.64 1.19553e+007 
4232.09 1.19221e+007 
4377.65 1.03056e+007 
4520.91 1.21457e+007 
4553.06 1.19033e+007 
4978.5 1.74989e+007 
5473.55 2.13117e+007 
5498.46 2.1786e+007 
5103.22 1.52917e+007 
4902.61 1.48138e+007 
4890.94 1.54675e+007 
5131.27 1.54073e+007 
5194.73 1.45922e+007 
5110.39 1.35259e+007 
5406.75 1.49169e+007 
5839.69 1.84682e+007 
6016.06 2.09948e+007 
5647.1 1.81892e+007 
5554.04 1.84108e+007 
5448.05 1.74383e+007 
5628.54 1.81402e+007 
5690.63 1.70881e+007 
5514.95 1.44837e+007 
5571.14 1.4392e+007 
5815.54 1.53914e+007 
6123.34 1.73372e+007 
3485.06 9.31242e+006 
3501.32 1.03027e+007 
3593.63 1.10081e+007 
3675.38 1.17775e+007 
3750.86 1.27067e+007 
3937.26 1.36879e+007 
4348.56 1.59786e+007 
4643.72 1.7828e+007 
4718.82 1.91497e+007 
4098.03 1.09807e+007 
4073.78 1.16832e+007 
4184.22 1.21801e+007 
4348.52 1.26247e+007 
4597.9 1.38678e+007 
4846.15 1.54284e+007 
5166.31 1.79463e+007 
5375.54 1.9038e+007 
5319.41 1.78352e+007 
4741.47 1.2177e+007 
4682.39 1.25186e+007 
4763.61 1.28654e+007 
4950.99 1.31116e+007 
5154.05 1.40739e+007 
5294.53 1.53331e+007 
5585.45 1.73266e+007 
5750.24 2.00922e+007 
5757.08 1.77233e+007 
5071.08 1.22815e+007 
4985.07 1.21049e+007 
5019.23 1.25754e+007 
5130.54 1.29722e+007 
5213.52 1.36431e+007 
5236.45 1.36901e+007 
5496.27 1.33191e+007 
5822.24 1.73968e+007 
5975.11 1.94519e+007 
