37891.6 5.16805e+006 
38538.6 6.27505e+006 
48081.6 1.64893e+006 
57330.4 2.08992e+006 
48985.6 6.91416e+006 
47830.7 8.13881e+006 
54970 1.15183e+007 
44314.3 1.75775e+007 
29432.5 9.30538e+006 
41350.4 8.29409e+006 
36055.4 3.66735e+006 
33399.2 1.07244e+007 
46373.3 6.65709e+006 
42808.9 6.59818e+006 
43910.7 9.09344e+006 
56596.1 7.60236e+006 
43314.4 1.72605e+007 
23842.5 4.54106e+006 
44844.8 1.53618e+007 
34101 1.84793e+006 
30499.1 6.25999e+006 
42392.4 1.37903e+007 
41998.9 1.59712e+007 
44885.5 2.96221e+007 
53412 4.13337e+006 
43653.9 1.35204e+007 
34248.9 6.31066e+006 
41118.5 1.09791e+007 
39851.8 2.29383e+006 
46755.2 3.84398e+006 
59301.8 6.29186e+006 
52189.7 1.32133e+007 
42194.6 1.0362e+007 
46607.9 4.29887e+006 
47150.6 1.10764e+007 
46441.4 3.51989e+006 
97.8079 2.73462 
91.4612 11.1345 
80.821 18.5477 
80.4305 8.10748 
77.5645 3.42664 
80.5639 3.40881 
83.1198 3.73313 
77.4019 0.723732 
86.0428 20.7441 
93.4176 7.1743 
81.8464 9.5657 
70.293 1.53686 
73.4559 0.380905 
73.207 0.253843 
77.6251 6.69085 
83.6157 1.27158 
80.9299 0.524501 
90.2373 16.1967 
84.8773 2.85207 
79.5455 0.354684 
77.5521 2.16007 
78.0613 2.62775 
75.6451 4.9232 
77.9636 6.21942 
79.4041 2.276 
77.7463 2.06843 
86.6292 9.67079 
89.8096 4.03496 
88.1044 6.99601 
87.932 6.17697 
87.6598 3.65015 
88.5984 4.98406 
90.5816 8.23724 
81.7287 4.21508 
76.5148 0.546666 
84.4717 6.46626 
169.367 0.518318 
168.412 0.448408 
167.398 1.81143 
164.109 3.98125 
158.327 5.47069 
157.291 1.32177 
171.887 21.3941 
186.858 1.15999 
180.594 9.98943 
169.422 0.779794 
164.606 3.76662 
157.987 8.93834 
152.166 8.49781 
146.974 4.89261 
150.893 2.85308 
171.875 30.2575 
187.862 1.1023 
179.824 12.1558 
168.024 1.70633 
160.174 3.75444 
151.949 1.68742 
147.927 0.280024 
144.552 1.14031 
146.847 3.06397 
169.395 30.7411 
187.31 1.84655 
179.554 8.03481 
165.73 1.19813 
159.433 0.930641 
155.427 2.00294 
155.767 3.06428 
154.57 3.86115 
153.491 5.40993 
172.669 32.0371 
187.749 3.21732 
179.357 8.53874 
195.538 1.00585 
192.054 2.18687 
190.644 1.95907 
188.253 0.970524 
189.689 0.2331 
190.833 0.45255 
189.221 0.329331 
191.001 0.360581 
191.344 0.279646 
194.172 0.679006 
188.667 3.46083 
187.024 2.5824 
186.332 1.03874 
189.175 0.839756 
189.874 0.283408 
186.946 0.195887 
189.374 1.46035 
191.531 0.48675 
194.704 0.966641 
186.075 2.25741 
182.81 1.00014 
186.994 1.2316 
192.601 0.709705 
193.637 0.41881 
189.869 0.623835 
190.11 1.79462 
192.6 1.40725 
194.252 0.523753 
188.394 1.29074 
186.796 3.88991 
192.511 3.48491 
196.109 1.07032 
195.403 0.303994 
192.212 0.333671 
191.272 1.26245 
194.041 0.845227 
334.638 83294.6 
5879.4 2.46966e+006 
17724.7 3.6388e+006 
16534.5 1.59022e+006 
8836.65 6.62117e+006 
11577 2.54941e+006 
9875.75 1.36065e+006 
3486.16 823488 
3004.77 2.17227e+006 
3613.63 380290 
4763.51 450481 
9005.01 1.65287e+006 
8017.96 1.85292e+006 
3525.98 1.36835e+006 
5194.26 1.44687e+006 
4674.85 1.38036e+006 
1548.26 244181 
1143.84 330322 
7844.11 1.03441e+006 
5922.74 1.08984e+006 
7814.77 1.30331e+006 
9822.24 7.68456e+006 
10976.6 2.49505e+007 
13023.7 2.25935e+007 
6601.9 3.93255e+006 
3772.26 2.24505e+006 
11623.4 5.81164e+006 
6685.49 827624 
8687.48 440759 
15745.3 1.29967e+006 
20623 6.4992e+006 
22068.1 5.53971e+006 
19839.1 6.25904e+006 
8175.83 5.03038e+006 
6753.8 5.15497e+006 
21000.7 8.76106e+006 
2164.59 797558 
9345.04 1.03162e+006 
17656 1.53868e+006 
13938.3 2.07718e+006 
6854.94 3.80031e+006 
11118 985742 
12801 2.98696e+006 
6279.73 5.8589e+006 
3839.01 2.40358e+006 
4871.96 511690 
8139.84 1.30176e+006 
10302.1 4.53905e+006 
7363.66 2.38666e+006 
3771.87 702217 
8204.59 546075 
8527.27 692812 
2536.26 925503 
1517.07 347364 
7066.19 188864 
7672.58 135476 
5477.2 477271 
5835.49 391419 
4850.04 376024 
4466.11 633028 
5552.38 734019 
3342.88 551960 
2759.37 559618 
4945.24 936800 
7612.91 1.01906e+006 
6936.12 384398 
5998.01 309176 
4748.12 471786 
4807.48 113662 
6136.79 202083 
3973.38 462186 
3529.99 288095 
8462.58 1.19128e+006 
8366.05 465560 
5005.67 2.34278e+006 
4721.12 654067 
6054.68 1.00466e+006 
8559.09 1.93527e+006 
10303.1 1.48143e+006 
8999 1.70232e+006 
5883.9 675491 
10696.9 755546 
9429.45 365454 
4741.76 2.07869e+006 
3660.08 127638 
4791.19 1.3326e+006 
8338.97 820031 
10475.1 820764 
8473.93 1.09083e+006 
4600.15 509072 
8711.29 1.72128e+006 
7702.13 406593 
4879.81 505027 
4983.43 153391 
4690.1 203953 
4593.62 1.13502e+006 
7840.78 576741 
7785.52 1.02012e+006 
3940.32 644926 
6118.59 1.37983e+006 
6098.31 62107 
4884.76 165554 
4040.73 364531 
3322.04 330183 
3417.71 1.10868e+006 
7395.34 1.07941e+006 
8883.36 2.19613e+006 
4717.01 1.96975e+006 
23859.1 1.0738e+007 
11054.3 1.57078e+006 
3061.08 2.06847e+006 
6202.95 1.3176e+006 
7673.49 1.47272e+006 
4957.53 1.88004e+006 
9466.11 2.58341e+006 
17154.9 4.92171e+006 
13076.6 2.10411e+006 
16489.9 6.96314e+006 
8039.87 1.06657e+006 
2901.2 881396 
10315.1 4.47664e+006 
12813.8 1.55111e+006 
6044.77 1.49162e+006 
13948.1 2.19083e+006 
22947.5 4.30663e+006 
13982.2 2.45765e+006 
10381.2 1.21725e+007 
4175.52 294571 
3297.65 54897 
9173.33 3.19235e+006 
9761.11 3.35458e+006 
6472.07 2.06079e+006 
15060.3 1.73271e+006 
17708 6.24083e+006 
7967.25 2.00325e+006 
10573.8 6.38932e+006 
4938.97 360720 
3294.89 124194 
3388.37 475154 
2299.32 282601 
5302.94 1.4524e+007 
15434.9 3.97025e+006 
15451.5 7.81314e+006 
5138.19 1.11972e+006 
2542.75 461659 
2511.76 49836.1 
1990.41 188703 
10729.5 1.56086e+006 
12664.5 1.07685e+006 
5103.65 996477 
6766.37 601846 
5136.8 714184 
1517.41 190942 
3176.64 671787 
2624.15 173424 
2841.56 382749 
12572 1.23349e+006 
13621 415804 
8011.14 1.13334e+006 
10165.6 1.16541e+006 
5147.48 2.88474e+006 
1372.37 435874 
4300.84 563083 
3467.03 421989 
4322.94 883768 
6709.81 900614 
6059.03 1.80062e+006 
7345.6 1.24081e+006 
10241.9 1.30769e+006 
6580.94 2.90353e+006 
2682.13 199163 
5415.35 483477 
5215.47 99172.5 
5641.04 550792 
6809.34 351647 
4538.41 1.22191e+006 
3074.22 925625 
6579.67 1.36803e+006 
6626.64 2.52385e+006 
2767.98 81796.2 
527.887 11725.9 
1382.05 168065 
2643.65 696392 
5204.08 55352.9 
6901.3 916655 
6515.39 445794 
5757.7 1.09159e+006 
3257.71 415436 
2110.83 537941 
2501.35 174261 
3058.6 205059 
3607.61 268251 
4444.42 88182.4 
4285.13 269983 
8116.92 697598 
8805.18 424851 
2661.02 831227 
1226.89 326417 
6541.23 970141 
5160.99 260631 
4706.72 271492 
5868.09 871295 
5662 1.99392e+006 
8984.39 809581 
8114.72 353156 
4464.28 223218 
5276.42 876209 
7379.98 867807 
7298.61 219822 
10253.1 1.07421e+006 
18442.3 3.09359e+006 
15213.7 3.16287e+006 
5753.23 928568 
2885.39 994220 
5461.91 237536 
9287.54 375960 
