40619.7 36291.7 35181.8 41700.6 41495.5 36878.1 38209.3 36446 35002.6  
37989.2 40566 44080.6 35493.5 37979.6 41287.4 37167.5 39015 41859.2  
46213.5 47740 49511 47683.4 48237.8 48951.8 47842.3 46116.9 46654.7  
57707.3 57658.9 54959.5 57131.7 57579.5 55724 55908.7 57080.5 55879.6  
48305.1 45155.5 46843.1 50963.2 48557.8 49095.1 50955.3 48204.1 43810.8  
46191.2 46385.5 51410.4 46957.4 50780.4 55359.7 46672.7 47800.1 46541  
56149.6 54348.2 48928.9 58728.7 55746.1 50395.4 60715.3 56032.2 53903  
47525.7 42386.9 37166.1 48115.3 43105.5 36505.7 49721.6 45376.6 39522.6  
31047.8 24905.9 25533.9 30313.5 29233 27924.6 26587.8 30982.9 23663.8  
40690.2 39291.8 36186.3 45186.8 43937.3 40428.5 44802.6 39347.8 37302.8  
38029.6 33828.4 34556.6 38645 37383.4 35785.3 36966.1 37743 32386.4  
34455.9 28442.1 30174.5 36963.6 34566.3 31417.5 33707.8 34383.9 28177.6  
49084.6 47413.6 45536.4 45664.7 49464.5 47692.5 42672.8 50107.1 45632.9  
42831.2 43643 46782.7 43665.3 43944.9 47178.3 45428 42741.7 42316  
42812.8 44712.7 48493.2 45399.2 45551.9 50383.4 47041.3 43053.1 45252.3  
57623.5 56860.9 53395.9 59942.9 57740.3 54274.5 61502.6 57503.1 55838.2  
44939.6 42036.6 37492.3 45870.7 41489 34791.1 50348.1 42355 39599.9  
22409.2 22237.8 21303.1 22293.3 23109.3 22095.8 23034.2 22362.4 21672  
40966.9 42179.3 38436.5 50960.7 45363.3 42075.6 50595 41748.9 41732.9  
33373 33187.6 32343.4 36291.7 34752.4 33635.1 35877 32568.2 33717.1  
27599.3 32324.4 35021.5 28405.9 30600.9 32955.6 29198 27541.6 33534.9  
40559.1 47614.1 47453.4 39761.1 46158.2 47425.3 40497 41821.7 47997.5  
38197 46498.6 47209.6 42102.2 45837.4 48671.1 45241.1 38117.1 45505.8  
39171.2 49463.6 53085.3 44591.3 47873.8 55276.8 45718.1 39579.1 50649.6  
52109.6 54066.8 53187.1 54987.6 53310 53087.6 57732.6 52000.7 54011  
44695.3 42483.1 38224.5 45095.1 41180.3 35546.8 49602 42539.7 42329.6  
31328.8 34857.2 33522.9 32221.3 33911.7 33257.9 30473.5 31263.3 38110.5  
40709.7 37361 36654.2 46409.1 39545.3 37824.5 41785.7 41375.1 37985.3  
42931.3 38184.7 38578.6 41357.3 39599.4 38657.5 41076.4 41638.7 38504.7  
49052.8 45549.5 50127.3 45760.6 46445.5 47675.8 44779.3 46785.1 46313.1  
60657.6 61369.6 62165.7 59118 60991.2 62311.5 59536 58696.8 63232.9  
51900.7 55137.5 50406.4 57243 55146 52574.7 59851.8 49277.4 56646.4  
41351.2 41675 47382.8 43246.9 45354.9 50183.6 40697.3 41615.7 45088.2  
47694.5 43624.5 46504.7 48055.1 45591.7 47081.7 48420.7 48119.7 43584.7  
49271.3 47908.6 41642.2 50048.3 46119.1 39787.3 51474.7 47792.3 45401.2  
47722.4 47781.2 46133.9 46858.1 48756.9 46611 43238.6 48130.2 49220  
99.9118 99.4131 97.7087 95.2408 98.5752 99.7264 96.8694 100.625 98.9064  
93.4651 88.5403 85.7542 95.8607 92.5201 89.3074 93.4276 92.5411 85.6943  
83.4416 75.578 74.8847 86.0916 81.5543 77.6787 81.9084 83.4416 73.3806  
83.3671 77.6631 76.8119 83.5671 81.0292 78.3775 79.6779 82.8791 75.6932  
79.0127 75.0479 75.6217 79.2111 77.408 76.7947 76.741 79.0127 74.3763  
80.305 78.7993 81.36 80.0172 81.2458 82.0336 76.1556 81.7798 80.0981  
82.8114 81.8913 79.6579 83.5313 81.5567 79.3362 83.6186 82.8114 82.3423  
76.7572 77.9364 78.1244 76.7572 76.3763 77.8674 77.7045 76.0715 78.3903  
85.2777 90.5472 94.6667 84.1904 89.2572 94.4285 82.1595 85.2777 90.8895  
97.127 91.6652 88.906 94.7922 95.2906 92.1723 95.2608 97.0796 89.7394  
83.0499 79.1948 76.7647 86.1069 82.085 79.233 83.5397 81.4855 77.7862  
68.9561 69.3557 69.1652 71.6786 69.879 69.3279 71.3875 68.9561 69.4728  
73.793 73.736 73.0246 73.2263 73.749 73.0646 72.9829 73.715 72.7085  
72.9809 72.9043 73.8775 72.7334 72.7401 73.6248 73.102 72.9809 72.7302  
76.7025 78.5509 82.3154 76.1286 79.3095 82.6055 74.6833 78.6105 80.4551  
84.6722 83.7629 81.9809 84.3968 83.5486 81.738 85.544 84.6722 83.3398  
81.212 81.15 80.5281 81.2284 80.6353 80.5995 82.1523 80.6661 80.6735  
89.9882 93.0247 97.2726 88.7398 92.9437 97.5445 84.6017 89.9882 93.3684  
85.796 84.1348 82.286 87.3476 87.2522 84.7584 87.7808 84.8472 83.6917  
78.5935 79.5608 79.1377 79.9749 79.8422 79.7807 79.7841 78.2601 79.9117  
76.0186 79.2572 79.1104 76.536 77.6783 78.3812 78.1221 76.0186 79.8559  
76.5763 80.0653 79.3418 77.7501 78.4586 78.8107 79.0192 76.1005 80.8578  
72.7399 77.5464 77.8311 73.7952 75.0798 77.6508 76.38 72.7399 79.6161  
75.8929 79.1625 81.5978 76.3927 79.5014 82.3605 75.8036 77.5735 81.6219  
80.3414 77.9135 76.5664 80.594 78.9744 77.2456 80.4908 80.3414 77.6782  
79.4839 76.7397 75.7929 78.9363 77.1837 76.2218 78.434 79.0809 75.5327  
90.9925 87.149 90.1523 88.035 89.732 90.8937 82.3902 90.9925 85.6089  
88.5079 91.9165 91.0518 90.5047 91.7777 91.9165 91.9231 86.8721 92.674  
85.2836 90.7598 91.2641 86.564 89.0113 90.9794 87.4048 84.2312 91.8407  
85.1912 90.5166 90.2954 87.1687 88.7385 90.1998 87.9924 83.8396 91.3474  
85.359 89.7065 89.0727 87.4056 88.2364 89.2577 87.8989 84.3673 90.2726  
86.2611 90.332 91.1555 86.7758 88.6838 90.9341 87.2395 85.7421 91.3586  
87.2641 93.1064 93.6528 89.0268 91.9561 92.6997 89.6313 87.1109 94.844  
80.1992 80.9828 79.0945 82.2398 80.4169 79.0945 85.5805 79.7011 81.3392  
77.0367 76.1862 75.7557 77.0837 75.7708 76.4739 77.6165 75.8603 75.2518  
84.7421 87.0452 88.3256 84.0855 86.7185 88.3512 81.2883 83.8657 86.506  
169.282 168.959 168.653 171.023 169.876 168.977 170.693 169.146 168.977  
168.824 167.589 167.23 168.809 168.663 168.019 168.359 168.739 166.934  
168.545 165.87 165.118 168.536 167.845 166.414 167.262 168.545 164.862  
166.242 162.618 161.865 166.659 165.094 163.307 164.774 165.959 160.977  
160.419 156.096 155.862 161.321 158.78 157.148 159.942 160.419 154.836  
157.983 155.876 157.054 158.222 157.919 158.409 156.401 158.189 155.808  
171.555 174.569 180.242 169.195 174.317 180.069 164.302 171.555 174.706  
187.474 187.941 187.929 187.474 187.921 187.728 186.63 187.722 188.149  
181.21 178.629 174.558 182.189 178.7 174.578 185.12 181.21 178.63  
169.562 169.3 168.404 171.481 170.166 169.304 170.839 169.552 169.207  
165.688 162.708 160.944 166.907 165.409 163.042 165.951 165.097 161.307  
159.941 154.262 152.798 160.652 158.126 155.087 158.463 159.941 153.571  
155.573 149.485 148.464 155.567 152.981 150.15 152.446 155.131 148.315  
149.728 144.555 145.232 150.062 147.622 146.374 147.693 149.728 143.895  
152.412 149.968 152.526 152.367 152.585 153.716 149.336 153.28 150.166  
172.711 175.609 181.826 169.901 175.562 181.409 163.4 172.711 174.962  
188.645 188.982 189.093 188.696 188.818 188.72 187.832 188.763 188.792  
180.732 178.162 173.818 181.957 178.056 173.676 185.895 180.732 177.728  
168.952 167.563 166.368 170.368 168.823 167.635 169.582 169.045 167.229  
161.205 159.084 157.028 163.33 161.238 158.857 162.466 160.111 157.777  
151.674 150.695 149.715 153.476 151.863 150.547 152.969 151.674 150.804  
147.598 148.183 147.667 148.379 148.04 147.814 148.379 147.236 148.497  
143.051 145.238 145.456 144.122 144.438 145.457 145.404 143.051 146.159  
145.377 147.366 149.384 145.851 147.945 150.688 145.51 146.413 148.769  
170.138 173.076 178.481 167.102 173.327 178.692 160.438 170.138 173.057  
187.717 187.94 188.768 187.749 188.452 188.84 185.534 188.001 188.306  
178.242 177.811 174.861 180.091 177.083 174.653 184.296 178.242 178.085  
166.375 165.231 164.113 167.672 166.111 165.231 166.848 166.322 165.099  
159.306 159.497 158.285 161.344 160.11 159.349 160.538 157.974 158.97  
153.047 155.955 156.148 154.511 155.126 156.016 154.802 152.309 156.23  
153.225 156.693 156.719 154.423 155.455 156.679 154.932 152.31 157.515  
151.969 156.163 155.868 153.487 154.387 155.903 154.171 151.038 157.413  
150.913 155.017 156.023 151.874 153.54 157.053 151.969 150.51 156.586  
171.69 177.21 180.769 169.681 175.683 180.769 163.776 170.696 177.991  
186.547 188.364 189.113 186.834 188.248 188.963 184.674 186.735 189.147  
178.424 176.505 174.982 179.547 176.472 174.932 183.057 178.657 176.717  
195.264 194.101 194.03 196.883 195.633 194.412 196.247 195.226 193.978  
191.907 189.903 189.43 192.983 191.57 190.377 191.676 191.638 189.123  
190.433 188.64 188.229 190.44 189.95 189.2 189.163 190.433 188.147  
187.965 186.828 187.124 188.071 187.687 187.48 187.275 188.006 186.713  
189.51 189.702 189.979 189.336 189.749 189.853 188.598 189.51 189.503  
190.861 190.38 189.803 190.796 190.159 189.812 191.131 190.452 189.747  
189.154 188.499 188.906 189.132 189.094 189.218 188.979 189.154 188.103  
191.132 191.199 191.808 191.132 191.845 192.028 190.252 191.623 191.439  
191.016 190.743 190.572 191.188 190.747 190.473 191.772 191.016 191.004  
193.628 193.291 192.399 195.132 194.148 193.504 194.691 193.821 193.365  
188.754 186.314 185.465 190.929 188.538 186.57 189.323 188.356 185.329  
186.407 184.715 185.259 186.482 185.36 184.938 185.254 186.407 184.266  
185.081 185.403 186.105 185.18 184.926 185.649 185.03 185.233 185.975  
188.943 190.253 190.485 188.492 189.564 190.132 187.858 188.943 190.616  
189.722 190.131 189.143 189.766 189.376 188.807 190.609 189.321 190.001  
186.738 186.813 186.876 187.131 186.936 187.008 187.317 186.738 187.062  
189.614 190.026 191.303 189.631 190.697 191.704 188.074 190.264 190.527  
192.027 192.402 192.272 192.128 192.01 191.882 192.782 192.027 192.153  
194.375 194.054 192.78 195.424 194.435 193.946 195.372 194.74 194.209  
185.746 185.338 183.89 188.548 186.481 185.212 187.779 184.962 184.891  
181.533 182.063 183.288 181.617 181.691 182.783 181.296 181.533 182.573  
185.533 186.386 187.488 184.997 185.977 187.292 184.868 186.062 187.362  
192.799 193.15 193.594 192.076 193.159 193.346 190.745 192.799 193.086  
193.894 194.499 193.452 194.04 193.522 192.765 194.977 193.359 194.082  
189.531 190.601 189.948 190.233 190.003 189.67 191.839 189.531 190.862  
189.651 191.111 192.373 189.878 191.43 192.72 189.268 190.232 191.845  
191.9 194.121 194.561 192.562 193.357 194.398 192.919 191.9 194.561  
194.374 194.322 193.601 195.203 194.172 194.322 194.421 194.35 194.7  
188.117 189.167 187.836 190.558 189.082 188.984 189.54 186.664 189.242  
184.894 188.211 189.59 184.876 186.118 188.751 184.595 184.157 189.083  
190.353 193.473 194.656 190.298 192.199 194.298 190.346 190.128 194.695  
194.98 197.296 197.026 195.61 196.79 197.123 195.509 194.443 197.527  
195.753 196.298 194.916 196.065 195.303 194.735 196.404 195.076 195.569  
192.118 192.742 191.807 192.799 192.366 191.807 193.509 191.876 192.896  
190.279 191.956 193.031 190.522 192.081 193.216 190.182 190.756 192.902  
193.931 194.543 195.633 193.755 194.476 195.738 193.051 194.004 194.872  
265.42 148.749 1166.22 375.7 123.522 163.751 222.995 278.109 126.059  
5651.65 7179.8 8835.03 3874.98 5573.02 7973.81 4420.18 6838.26 7829.83  
18810.6 20416.6 19809.6 16492.9 18440.4 20079 15588.3 18771.3 20062.6  
16460.2 15553 14561 17193.8 16162.3 14953.4 17385.7 15475.1 14505.1  
8059.96 4824.86 5833.58 9385.07 7678.51 7391.27 10373.1 8043.11 3610.46  
12488.7 9609.43 9326.26 12368.7 11727.7 11355.8 11063.1 12227.6 7773.5  
9913.79 8977.28 7585.27 10143.1 9781.61 8194.67 10513.3 9893.07 7972.93  
3620.7 2226.06 2048.55 3665.61 3352.23 2383.48 3722.72 3888.02 1817.7  
3533.82 722.661 770.851 3427.56 2485.6 1602.89 1324.49 3526.44 449.293  
2890.85 4160.16 4376.71 3400.81 3921.74 4024.62 4280.3 3029.05 4309.03  
4963.34 4632.29 3712.09 5607.75 5544.04 4998.09 5398.57 4996.41 3660.21  
11012.4 8205.26 8187.62 9635.18 9763.94 9662.24 7734.81 10989.4 8336.96  
9429.45 6294.23 6527.21 9399.92 8906.6 8054.87 8749.28 9039.12 6695.39  
3294.18 2379.38 3125.7 4212.75 3796.14 3610.41 4996.66 3287.3 2154.41  
5010.64 5528.22 5457.02 5262.9 5841.51 5554.45 5800.03 4859.7 5227.29  
4831.88 4699.65 3760.89 5087.71 4887.19 3951.23 5324.3 4821.78 4409.2  
1379.77 1303.89 1008.54 1512.44 1226.9 953.505 1534.81 1477.47 1270.44  
356.078 816.703 928.824 534.9 905.169 1058.68 803.783 355.333 838.865  
7041.41 8693.48 8774.69 7761.24 8125.38 8356.16 8565.72 7316.24 9561.77  
5906.25 5603.28 4078.37 7742.47 6834.73 5627.6 7176.58 5410.85 5203.47  
6686.19 9315.55 9480.39 7398.06 8730.47 9252.16 8335.33 6672.22 9238.24  
6268.26 12252.9 13930.5 8084.88 10783.6 13216.2 10214.2 5944.13 13232.8  
4343.44 16046.3 18154 6977 12186.9 16682.8 10662.9 4334.36 16739.4  
7449.52 19767.7 17828.5 10545.3 14739.8 16450.2 17727.9 7285.22 19894.5  
4881.48 8773.88 6458.72 6300.44 6970.99 6328.52 10739.4 4871.27 9357.89  
2383.3 3720.89 5486.98 2585.52 4133.1 6203.64 1828.51 3002.48 6158.36  
9378.02 13112.3 14799.1 10830.2 12518.7 14344.3 9118.03 9358.41 15744  
7996.46 6141.42 7377.64 5708.19 6228.8 6217.61 5668.89 8330.19 6723.96  
10347.5 8473.77 8013.25 9085.67 9006.42 8275.55 8577.19 9058.95 8560.92  
17320.2 16688.9 16878.3 16707.7 16341.8 16864.5 15939.6 14948.7 17373.3  
20288.9 22308.5 24999.1 20404.1 21893.8 24393.1 20229 17591.4 24683.4  
21795 24905.1 25074.2 22476 24557.3 24929.6 23267.4 19250.9 25929.5  
21836.9 20357.2 17408.7 23317.7 20400.7 16823.5 25839.5 20034.8 19639.1  
8667.02 6507.33 4940.2 10111 7123.74 5001.49 12571.1 8708.71 6732.12  
5542.58 6572.57 9964.45 5611.34 8728.02 11824.7 3639.56 7208.46 8628.78  
21816.9 22928.6 26059.8 21083.5 24084.1 26452 18024.8 22383.6 24122.7  
2225.39 2621.85 4328.87 973.593 1698.78 2811.95 1062.47 2331.78 2671.2  
9825.82 9661.32 10988.2 8351.93 9427.61 10216.7 8338.16 10132.4 10073  
17666.4 17552.2 16695 16026.5 17822.3 17510.8 15892.3 17629.5 16749.4  
12860 12702 11902.6 13352.9 12722.1 12482.2 13712.4 12677.2 11306.8  
5911.64 4787.25 5108.68 8201.13 5877.44 5881.49 8658.77 5899.28 3827.81  
11243.3 11246 11580.7 11101.8 12402.6 13332.2 10045.3 11911.8 10162.5  
14456.2 11185.8 10063 14734.1 14289.2 11755.7 13123 14425.9 10222.6  
8260.32 2981.58 2265.36 8362.8 6217.99 3238.86 7237.82 7343.13 2074.46  
4949.29 1461.13 1525.87 4782.93 3808.8 2820.55 2677.98 4938.94 793.327  
3984.85 5097.91 5540.19 4020.77 4955.5 5894.07 4849.4 4165.12 4842.3  
8950.58 6581.79 6966.89 9046.44 8660.46 7887.44 7626.36 9157.77 5801.92  
12103.4 7856.18 7772.11 11215.5 10997.1 9103.88 9219.09 12078.1 6465.13  
7892.55 5529.37 5338.23 8361.66 7020.27 6545.64 7041.01 7638.54 4592.91  
3250.95 2801.11 3467.61 4901.68 3536.45 3844.89 4158.55 3244.16 2762.74  
8732.78 8657.5 8714.51 8327.42 9052.67 9295.2 7745.31 9163.27 7261.97  
9392.94 7997.92 7004.68 9383.06 8962.28 7870.62 9368.14 9373.31 7515.71  
2372.74 1415.32 1030.12 2396.34 1816.39 1240.08 3613.91 1938.24 1966.09  
681.425 1023.23 1057.57 850.602 1091.9 1286.76 1009.16 680 910.837  
6796.53 7215.82 7507.89 6628.7 6951.43 7040.34 6980.89 6849.39 7634.95  
7670.67 8131.13 8202.37 7452.37 7715.17 7816.48 7543.38 7795.47 8333.38  
5220.23 5811.06 7507.3 5490.57 5291.53 6176.66 5441.95 5209.32 5852.03  
5529.93 6286.23 6237.14 6790.57 6078.04 6069.79 6758.11 5290.41 6334.59  
5087.18 5207.6 3814.41 5424.15 5254.98 4729.54 5801.26 5076.55 5246.18  
3256.28 4965.7 5145.41 3850.74 4502.03 5225.39 4096.96 3366.85 4986.9  
3954.61 5750.2 5351.41 4844.29 5321.35 5161.25 5430.92 3946.34 5887.81  
2492.75 2920.36 2501.98 2833.09 2799.74 2056.23 3727.67 2393.45 3015.57  
1602.43 2433.42 2259.79 1801.24 2078.46 2340.42 1757.3 1599.08 2573.85  
6394.58 3880.9 4114.61 5234.69 4538.69 3929.04 4507.19 6573.9 4052.83  
9214.04 6364.02 6654.16 8156.3 7021.52 6416.73 7379.26 9372.37 6765.22  
7686.73 5983.99 7598.99 7345.25 6257.25 6404.5 6700.48 7608.23 6044.9  
6618.78 5655.85 5455.78 6814.38 6140.04 5478.22 6584.85 6512.4 5225.25  
5422.18 4536.65 3252.5 5229.04 4988.95 4323.51 5600.43 5615.6 4400.37  
4833.11 4819.17 4913.94 4718.82 4772.43 5225.67 4361.02 5308.76 4955.09  
6000.49 5782.27 5396.03 6169.17 5905.04 5462.98 6144.69 6229.72 5653.95  
3819.65 3346.54 3126.94 3867.04 3550.75 2750.91 4484.29 3539.79 3146.81  
3144.11 2953.13 2963.47 3112.82 3126.25 2936.53 2781.3 3006.46 3006.89  
8443.12 9095.53 8512.12 6086.64 8793.86 9041.04 7990.04 7637.24 9314.1  
7738.2 8233.64 8682.38 7374.2 7660.41 8048.24 8068.47 7640.9 8781.69  
3723.7 3062.12 3491.88 7124.26 5055.05 3572.95 6901.77 3715.92 3029.86  
6082.03 4584.6 3976.87 5738.78 5547.96 4714.86 5043.98 6256.03 4037.68  
6765.34 5914.56 8128.85 7032.35 6266.62 8147.56 5694.55 6751.2 5899.24  
7892.04 9853.62 10921.3 8023.79 9491.54 10686.5 9008.8 8179.58 10216.8  
11128.8 10318.8 7936.28 11486.7 10728.5 8294.9 11604.7 11105.6 9989.11  
8992.56 7949.99 7224.9 9104.12 7654.16 7597.69 9215.09 8380.61 6892.63  
5145 5495.23 5687.15 4974.08 5658.8 5974.83 5880.47 5134.25 4623.02  
11037.7 9949.81 9178.9 9380.49 11293 10455.5 10504.4 10270.2 9283.09  
9697.6 8519.18 9192.99 8883.7 8910.86 8661.42 8829.5 9566.05 8293.96  
3426.6 3239.89 3199.83 6225.77 4530.57 3135.21 6241.63 3419.43 3285.94  
3435.63 3743.49 2887.97 3596.62 3911.52 3409.12 3061.58 3353.83 3885.98  
4263.46 4908.33 7409.73 4336.01 5037.34 7171.75 3769.65 4254.55 5447.37  
9206.06 8753.27 9383.59 8842.47 8845.08 9680.16 9214.39 9614.34 9012.38  
11109.2 10649.3 8885.9 11085.9 10263.1 9149.92 11743.4 11085.9 10601.3  
7172.06 8356.16 7707.48 7635.22 7944.83 7502.81 8951.86 6693.76 7562.19  
3485.57 4344.83 4053.91 3901.09 4514.34 4409.74 4634.11 3478.28 3872.32  
8844.62 7116.14 6277.87 9789.05 8717.16 7712.41 9105.55 8966.19 6407.45  
7810.51 6715.34 7061.97 7720.52 7368.91 7086.92 7328.75 7683.48 6678.9  
4445.57 4240.03 4878.93 4815.93 4345.75 4373.16 4546.21 4436.28 4398.82  
4966.29 5596.07 4993.8 4525.72 5356.26 4982.61 4443.87 5267.41 5203.94  
4939.52 4684.4 3836.48 5061.66 5359.56 4908.88 5340.61 4929.2 4511.54  
5949.59 3184.37 3903.16 6190.09 4999.48 5335.6 3695.13 5920.08 3284.55  
8675.24 6802.42 7721.24 8732.65 7555.75 7595.16 7317.17 8657.11 6748.36  
7999.78 6834.73 6047.21 7721.59 7471.56 5639.05 8888.75 7595.05 6847.35  
4251.76 3019.79 2238.04 3967.99 4093.36 2787 3747.56 4242.87 3341.7  
5605.83 5043.15 4841.43 8507.8 5481.94 5105.72 7122.84 5793.55 4718.83  
6317.7 5954.53 5778.19 6105.19 6138.31 5977.81 6543.1 6394.21 5890.08  
4992.68 4172.13 4680.45 4960.33 4992.17 4388.85 5265.7 5247.16 4296.58  
4783.22 3779.68 3437.13 4373.5 4376.73 3525.96 4447.94 5299.2 3396.19  
3969.24 3188.33 2574.37 4181.25 3321.93 2896.43 4009.22 4150.43 2992.64  
2975.58 3636.23 5094.29 3362.23 3534.49 5637.86 1605.16 3159.09 4268.72  
7000.72 7802.07 9661.32 7022.35 7864.99 9781.18 7002.49 7170.05 7397.94  
10020.4 8383.97 6859.27 10236.4 8832.63 6223.07 11490.4 9192.55 7323.73  
5811.17 3848.11 1872.36 5735.01 4526.66 1866.96 5627.34 5340.22 3679.95  
27032.7 22302.7 18966.2 30172.7 28215.1 22739.7 26222.2 23833.7 20803.6  
11523.1 11424 10702.6 12981.8 12034.8 11001.8 13191.1 10926.1 10761.6  
2299.67 1609.24 1804.09 4959.12 2966.89 1816.94 5550.69 2294.86 1610.59  
6784.94 7321.21 7470.84 6327.48 6421.13 6170.05 4342.29 6691.27 8682.68  
7678.46 9393.14 9221.4 7958.7 7411.93 7547.63 7383.03 7662.4 10740.9  
3411.66 5645.87 7605.19 3755.81 5913.56 6850.92 5006.91 4455.49 7014.13  
9224.66 11567.3 12215.2 9208.6 9905.29 11052 10091.6 9205.37 12435.1  
18927.9 20724.5 19087.1 19162.7 17363.7 17562.3 19789.1 17937.4 21326.8  
13958.2 15174.6 14997.1 13726 13789.8 14019.8 14218.2 13929 16083.7  
18221.3 15178.7 11769.1 21391.5 18684.9 14942.9 18979 17434 14053.5  
9691.65 8454.43 8327.98 10026.5 8641.31 8023.66 9157.25 9310.11 8509.45  
2501.46 2260.4 2328.64 4590.95 3297.28 2123.54 4824.58 2496.23 2436.88  
10967.8 13167.8 12973.5 8020.66 11944.8 12065.3 7467.53 12229.4 13258.2  
14160.9 14815 14658.2 12830.7 13483.2 13798.8 13521 14131.3 14851.7  
5654.32 5009.92 6231.83 7747.37 5054.28 7188.08 8841.2 5275.13 6122.26  
14196.7 14460 16579.6 14743.7 14344.9 16453.4 14433.5 14167.1 14445.7  
26412.9 24706.8 23704 26156.8 24595.2 22046.7 25309.5 25351.3 23919.4  
16477.3 14869.2 13338.2 15541.7 14756.2 12729.9 15140.2 16442.9 15113.5  
9357.59 7885.68 4378.6 15731.8 11652.4 8031.15 15019.8 9557.41 5454.86  
4775.21 3645.23 4059.03 5134.68 4090.34 3828.38 4282.05 4655.99 3466.2  
3139.88 3330.67 3697.44 3279.62 3399.31 3374.11 2981.73 3133.31 3436.05  
11308.3 10885.3 10272.5 7973.89 11420.4 10740 7331.36 12730.5 9209.37  
12781.7 9414.24 8918 12008.9 11389.6 9898.94 11285.8 12755 7465.04  
6528.61 4441 7604.13 8390.47 6406.85 9907.48 6115.75 6285.64 5534.07  
15160.6 15383.6 17646.3 15541.5 15287.3 17663.5 15509.9 15128.9 15315.8  
20699.2 18998.4 15848.2 20372.9 17757.7 13627.4 22305 19427.6 16565.5  
9834.7 8257.63 6324.41 9248.75 8251.42 6192 8896.37 9814.14 7309.91  
7666.14 9681.78 7475.21 15203.7 11575.7 9801.9 13028.3 7475.57 9384.91  
4066 5784.23 5340.55 5007.8 5180.35 5790.53 5183.7 4005.1 5228.99  
3483.99 3382.35 3565.65 2632.68 3386.58 3553.75 2741.61 3669.86 3312.05  
4618.15 3215.99 2787.96 3634.81 3368.02 2967.61 3618.94 5016.49 2941.82  
2947.66 2047.94 1748.67 2910.49 2023.19 1784.74 2838.82 3104.91 1899.05  
2749.74 5128.57 11742.7 2611.61 7105.52 13704 431.467 3816.94 7922.2  
14475.9 16635.5 19419.4 14577.9 16127.9 19660.3 14249.1 14648.7 16756.9  
16510.4 18041.4 11419 17023.1 14034.7 9108.17 19159.5 15461.6 15136.8  
4794.87 5770.88 3050.55 4956.58 4938.03 3122.59 5461.11 4813.05 5527.84  
2155 1718.1 1815.01 3523.32 2202.66 1709.73 2296.09 1843.31 1731.36  
2348.07 2491.23 2749.7 2203.89 2218.37 2444.52 2083.68 2483.55 2688.58  
1727.15 1952.78 3170.64 1481.53 1805.94 2173.87 1707.34 1723.53 2095.83  
10232.4 12143.6 12034.5 9395.8 11319.9 11928.1 9992.2 10523.2 12256  
12099.7 13958.4 13132.4 11454.1 13029.4 13107.3 12971.5 12074.4 14105.2  
4084.97 4731.91 6498.73 4679.49 4669.83 6304.15 5536.28 3967.02 5612.35  
5881.25 7659.9 7073.17 6509.33 6556.43 7092.3 8250.51 5868.96 7704.49  
4903.24 6019.89 4221.5 4964.07 4999.14 3534.18 6729.12 4723.62 5090.19  
1137.55 1007.82 1446.63 1107.34 1342.07 1643.97 1011.47 1135.17 899.036  
2519.01 2224.66 2300.66 4549.71 2682.56 2389.98 3737.82 2327.09 2047.36  
2324.41 2703.41 3401.6 2083.83 2195.61 3049.82 2208.57 2475.52 3167.21  
2351.04 3277.87 4275.79 2309.25 2705.33 3155.75 2426.04 2346.12 3737.58  
12788.3 14095 13501.6 11692.1 13043 12948.5 11743.9 13151.8 13354.1  
13584.5 14613.8 14021.2 12848.2 13515.5 14092.2 14058.4 13556.1 13890.4  
6381.28 7784.43 9272.98 6941.43 7798.98 9288.41 7420.07 6420.95 8469.44  
9659.74 9569.23 8864.09 10408.4 9803.79 8707.1 10750.1 9639.55 9543.25  
5534.36 4158.48 2507.81 5848.19 4031.09 1940.17 7193.02 4923.55 3290.57  
653.964 523.186 1092.96 620.649 944.924 1376.77 576.009 652.597 547.098  
3033.95 3841.15 3683.97 5098.93 3520.35 3791.47 4638.14 2979.75 3839.86  
2545.21 4033.24 4241.12 2739.21 3293.85 4058.05 3624.06 2623.36 4231.52  
3851.97 5381.45 5566.21 3089.2 4258.69 5272.4 3433.48 3843.92 6050.99  
8217.52 6298.42 5729.13 7313.08 6754.24 6316.91 5977.11 8373.97 6844.27  
7615.46 4823.78 4940.25 7678.9 6243.02 5446.49 5745.01 7599.54 4630.57  
6756.47 6857.7 8325.67 6544.84 7443.6 8625.91 4808.03 7503.63 6697.23  
10516.6 8650.27 8409.08 10923.9 9649.82 8751.41 9799.32 10494.6 8291.54  
7211.12 5542.09 3942.8 7689.05 5419.75 3558.7 8133.14 6113.22 4837.27  
2049.35 2471.99 2296.26 2090.37 2200.92 2243.8 2400.09 2045.07 2525.73  
4615.19 4772.02 4370.02 5840.45 4510.74 4831.23 5179.62 4483.34 4643.73  
5013.81 4909.76 4965.91 5254.86 4892.08 4984.88 5549.06 5144.99 4527.78  
5810.52 5977.01 6736.37 4505.11 5690.07 6488.86 4575.39 6116.52 5803.33  
7699.76 6784.05 6182.07 7274.59 6998.08 6546.53 7359.07 8050.44 6696.32  
4741.89 4049.69 3102.22 6387.08 4990.88 3331.13 6583.13 4933.18 4156.29  
2803.96 2367.79 4027.9 2288.59 4001.7 4738.29 1565.02 3910.2 3408.04  
7783.78 5338.83 5596.55 6816.23 6238.83 5665.98 6244.88 7605.38 5453.74  
7833.23 6441.82 4598.4 7707.92 5387.18 3773.82 8076.48 6477.46 5584.37  
2656.92 2710.63 2421.32 2720.76 2581.88 2455.64 2821.78 2662.88 2840.67  
498.051 404.769 393.364 568.667 461.604 411.906 415.53 521.861 356.2  
902.365 1576 2122.74 706.682 1065.36 1602.36 1065.9 993.863 1724.47  
1985.88 3147.13 4539.8 1599.12 2147.19 3798.36 2201.9 1981.73 3106.37  
5287.79 5354.52 5013.69 5122.86 5406.11 5475.35 5432.16 5457.57 5091.41  
7790.03 6277.33 5418.21 6931.89 8293.91 7019.82 5874.35 7773.75 5627.21  
7070.57 5298.69 5478.24 7027.83 6575.17 6830.05 6012.31 7058.58 5761.7  
5544.88 4639.12 4056.04 6646.86 4485.12 4005.86 7132.17 5533.29 5578.82  
2820.95 2484.92 2318.65 2855.94 3518.25 2189.19 3027.75 3103.79 2320.84  
2324.01 1044.54 1106.27 2295.58 2147.95 1862.57 1475.14 2319.15 815.47  
2036.45 2680.55 3020.77 2443.55 2399.58 2721.51 2451.61 2122.43 2767.5  
2402.02 2937.33 2955 2996.8 3431.1 3164.85 3745.89 2237.2 2953.69  
3060.95 3602.47 4410.48 2986.99 3272.11 4236.86 3261.63 3054.55 3915.1  
4570.84 4583.66 4307.94 4593.81 4638.36 4669.06 4609.5 4694.38 3846.36  
4277.19 4125.42 4100.32 4536.04 4576.28 4660.3 4923.82 4268.25 3209.42  
7827.75 8979.38 9433.31 8277.64 8959.43 9377.06 8020.26 7719.73 9158.95  
8433.04 9484.76 8300.74 9234.17 9478.96 8142.23 9883.22 8415.42 9323.06  
2067.79 2096 1534.32 2321.69 1874.59 1107.86 3744.96 1970.67 1591.21  
754.854 660.711 831.686 844.375 896.815 1233.93 870.924 753.276 389.402  
5892.82 7427.07 7813.46 5950.97 6396.57 7144.11 6284.91 6079.91 8834  
4665.17 5059.38 4700.54 5502.47 5449.44 5217.67 5922.18 4399.08 5803.63  
4255.43 4245.68 3891.27 4332.55 4575.14 4507.09 4459.31 4246.53 4558.72  
4268.75 6295.14 6290.29 5072.98 5765.66 6099.81 5772.4 4215.25 7172.54  
3429.69 6322.27 7546.49 4951.62 5403.35 7004.4 6405.46 3422.52 6913  
9230.76 10247.1 10278.5 9069.92 9782.01 9732.2 9274.25 9217.67 10252.4  
8921.1 8706.42 7600.34 8644.91 8524.82 7587.82 8935.89 8902.45 8409.59  
3909.21 4466.72 4397.35 3893 3598.43 4461.78 4718.97 4007.88 4905.54  
4212.58 5562.03 5605.27 4282.75 4768.82 5350.4 4554.16 4203.77 6615.31  
8431.5 7841.75 8475.31 5914.31 7209.48 7939.03 6278.87 8718.56 8461.06  
7972.24 6698.42 7826.53 7747.46 7360.76 7211.97 7844.12 7663.09 7531.73  
9758.69 9345.13 10667.5 9609.54 9777.7 9975.37 9556.56 9194.69 9482.89  
16648.8 19625.6 19303.7 16616.6 18214.6 19400.1 17296.2 16226.9 20289.9  
13024.8 16409.8 14654.4 16059.2 15263.7 15309.2 17552.8 12222.3 17268.6  
6151.85 5365.99 4195.32 6947.95 5540.05 4054.3 6895.16 5385.9 4895.04  
3766.67 1558.52 1491.27 3358.52 2331.24 1509.77 2208.36 3757.16 1590.05  
5545 5122.37 5674.13 5602.45 5585.82 6106.58 4624.56 5912.48 5580.67  
9498.49 9569.91 9766.39 9249.38 9500.03 9777.26 8522.26 9924 10042  
