296.094 2067.54 
303.033 925.251 
304.286 661.918 
304.129 748.124 
303.802 789.319 
309.019 635.932 
313.323 320.069 
313.805 336.804 
295.152 1770.96 
301.417 810.078 
304.088 659.18 
304.754 752.007 
305.721 650.478 
310.253 474.422 
313.445 271.558 
314.177 325.52 
297.82 1380.55 
301.277 802.61 
302.537 878.741 
303.52 969.188 
305.408 645.776 
309.924 419.552 
313.508 236.094 
315.247 244.181 
300.328 1410.82 
301.54 1052.8 
300.099 952.094 
301.584 946.954 
305.632 581.34 
309.954 421.863 
314.434 185.616 
316.036 188.463 
298.301 2011.88 
300.358 1393.07 
298.699 1283.68 
301.199 1028.8 
307.556 495.002 
311.827 286.334 
315.142 152.812 
315.494 189.955 
296.367 1952.41 
300.235 1499.09 
300.174 1381.24 
304.034 868.433 
310.532 425.887 
313.908 185.853 
315.448 98.5977 
315.302 157.98 
294.722 1882.99 
296.693 1785.28 
299.386 1363.88 
305.577 649.799 
311.589 263.537 
314.949 105.499 
316.398 94.0602 
316.514 181.007 
293.025 2058.05 
293.628 1963.69 
297.465 1274.96 
303.115 764.847 
309.193 388.462 
314.453 123.817 
317.197 65.0915 
317.868 96.8588 
294.217 1961.77 
295.178 1674.64 
299.081 1217.18 
302.318 946.606 
306.634 664.249 
313.14 239.848 
316.234 132.291 
317.682 151.469 
69.2991 20.5113 
68.8484 22.1904 
68.3109 25.3413 
67.7465 29.0362 
67.1546 32.1119 
66.5371 33.8025 
65.9175 33.5448 
65.3073 32.3011 
69.2834 20.8166 
68.8404 22.2217 
68.3043 24.8294 
67.7218 28.1591 
67.0605 32.3827 
66.3851 35.3343 
65.7596 35.3497 
65.1924 33.0189 
69.2263 21.3225 
68.8164 22.4286 
68.2932 24.9251 
67.6649 28.8748 
66.9571 33.6834 
66.2655 36.3268 
65.6115 36.6068 
65.0727 34.29 
69.1497 21.8038 
68.7985 22.7152 
68.3038 25.0928 
67.6104 30.0532 
66.8475 36.3218 
66.1049 38.6934 
65.434 38.0221 
64.9454 35.533 
69.1047 22.1246 
68.7888 23.1747 
68.3112 25.4528 
67.6275 29.5506 
66.8689 35.2258 
66.0379 39.6623 
65.3302 39.6125 
64.8509 36.9851 
69.1144 22.1186 
68.787 23.2643 
68.2904 26.0079 
67.6381 29.0231 
66.9514 32.2766 
66.1301 36.946 
65.3929 38.0146 
64.8552 36.282 
69.1247 22.2536 
68.7982 22.9387 
68.3145 25.0515 
67.6562 28.0517 
66.9527 31.2734 
66.1732 35.2275 
65.4642 35.004 
64.8712 33.9694 
69.0806 22.6086 
68.75 23.0037 
68.3221 24.0788 
67.6885 26.6614 
66.95 30.6356 
66.0933 35.7796 
65.371 35.3423 
64.7783 34.06 
69.0195 22.7486 
68.6901 22.7477 
68.2753 23.4422 
67.6542 25.9363 
66.9256 29.9124 
66.0605 34.608 
65.313 35.513 
64.6886 35.6993 
122.238 0.00361761 
122.231 0.00975183 
122.213 0.0247512 
122.172 0.0618911 
122.137 0.0935609 
122.114 0.110297 
122.117 0.101057 
122.145 0.0780484 
122.239 0.00302088 
122.225 0.0114086 
122.204 0.0250132 
122.178 0.0557866 
122.154 0.071929 
122.123 0.126016 
122.115 0.136158 
122.142 0.0865863 
122.23 0.0104662 
122.202 0.0419438 
122.182 0.045627 
122.179 0.0494366 
122.173 0.0575352 
122.154 0.09059 
122.141 0.121626 
122.15 0.0880682 
122.227 0.00922634 
122.203 0.0378901 
122.184 0.0499053 
122.178 0.0545642 
122.177 0.0685944 
122.178 0.0640454 
122.175 0.0811073 
122.176 0.0700669 
122.231 0.0134473 
122.226 0.0112157 
122.213 0.0161643 
122.192 0.0453319 
122.181 0.0819403 
122.182 0.0697856 
122.183 0.0600261 
122.185 0.0553917 
122.239 0.00428478 
122.237 0.00295275 
122.228 0.0088733 
122.21 0.0238636 
122.197 0.0682591 
122.191 0.0732093 
122.185 0.0670093 
122.185 0.0662361 
122.245 0.00031371 
122.235 0.00917207 
122.219 0.0324485 
122.208 0.0271768 
122.203 0.0434258 
122.206 0.0482624 
122.206 0.0450509 
122.203 0.0476118 
122.246 0.000310253 
122.236 0.00504546 
122.219 0.0203846 
122.203 0.0386799 
122.2 0.0480694 
122.217 0.0262452 
122.227 0.0195708 
122.225 0.0251078 
122.245 0.000963581 
122.236 0.0106525 
122.228 0.015349 
122.219 0.017954 
122.216 0.0288496 
122.229 0.0145607 
122.237 0.013635 
122.233 0.0129058 
128.708 0.0120334 
128.725 0.0163453 
128.743 0.0208921 
128.773 0.0332907 
128.805 0.0475088 
128.829 0.0569672 
128.843 0.0571368 
128.846 0.0481367 
128.709 0.0109855 
128.726 0.0155581 
128.745 0.021108 
128.773 0.0332525 
128.804 0.0446348 
128.83 0.0571325 
128.846 0.0621036 
128.849 0.0498694 
128.711 0.0121358 
128.731 0.0203476 
128.754 0.0268391 
128.779 0.0355509 
128.8 0.0418812 
128.818 0.0476503 
128.838 0.0555505 
128.848 0.0486947 
128.714 0.0130983 
128.735 0.0240125 
128.76 0.0327909 
128.781 0.036846 
128.798 0.0418471 
128.813 0.0434696 
128.83 0.0472237 
128.84 0.0437643 
128.717 0.0136856 
128.735 0.0200928 
128.757 0.0286413 
128.777 0.0354745 
128.794 0.0439583 
128.814 0.0464466 
128.831 0.0463079 
128.841 0.0432521 
128.716 0.0145964 
128.729 0.0150982 
128.747 0.0198915 
128.771 0.0282763 
128.789 0.038657 
128.807 0.0426795 
128.828 0.0452716 
128.841 0.0444052 
128.711 0.012189 
128.722 0.0132688 
128.741 0.0183161 
128.767 0.0232043 
128.786 0.0306333 
128.798 0.0359658 
128.816 0.0363858 
128.831 0.0363316 
128.709 0.0103946 
128.722 0.0122438 
128.741 0.0198381 
128.764 0.0263561 
128.782 0.0303137 
128.797 0.0337197 
128.81 0.0310266 
128.825 0.0302007 
128.711 0.0106149 
128.724 0.0127744 
128.74 0.0172178 
128.759 0.0243616 
128.779 0.0313616 
128.796 0.0324883 
128.808 0.0299042 
128.825 0.0294328 
21.1576 353.45 
20.4026 278.872 
19.4862 222.594 
19.2216 140.538 
19.2937 130.812 
19.1295 149.643 
18.5566 146.231 
17.474 130.234 
19.7052 231.136 
19.5787 179.047 
19.4934 137.008 
19.3006 120.754 
18.9949 115.392 
18.5436 112.598 
18.1878 132.963 
16.9133 125.128 
19.1901 210.327 
19.0596 139.996 
18.8521 100.809 
19.5726 145.17 
19.6525 130.739 
18.6408 105.678 
17.256 116.509 
16.4913 100.053 
19.8164 268.817 
19.6809 145.626 
19.3015 105.149 
19.7423 178.263 
19.8597 151.674 
18.86 138.285 
18.3054 141.532 
18.0138 124.26 
20.1386 322.309 
20.9883 200.035 
21.6994 192.41 
20.4321 175.703 
19.5596 138.6 
19.3129 158.824 
19.3018 154.08 
18.9868 148.351 
20.4443 255.793 
22.0742 236.321 
24.0907 261.753 
22.5795 213.695 
20.6665 164.405 
20.0862 160.558 
19.3601 134.418 
19.0494 135.603 
20.7087 253.018 
21.1125 232.099 
23.0332 252.806 
23.0697 252.314 
21.7002 208.285 
20.7909 165.79 
20.3957 139.526 
20.0639 142.566 
19.9851 281.512 
20.7084 227.908 
22.1563 206.68 
21.9539 184.098 
21.2258 165.442 
20.7151 152.48 
21.3752 177.287 
21.4378 157.778 
21.2066 477.525 
22.5696 378.304 
22.7458 265.764 
21.2402 192.318 
19.5459 160.6 
19.4385 118.847 
20.4137 145.222 
20.3326 141.037 
23.1043 138.092 
23.4874 122.059 
23.4563 114.872 
24.0576 117.126 
25.3074 143.514 
26.8421 151.217 
25.4269 141.737 
23.7488 135.41 
22.0534 116.939 
23.3858 122.01 
23.4987 100.898 
23.4972 99.8744 
25.1223 114.956 
26.5385 136.077 
25.018 127.331 
23.2089 123.229 
21.4698 94.9363 
22.5237 74.1057 
23.0476 81.2491 
23.3478 100.92 
24.5649 109.688 
25.2876 114.657 
24.016 111.047 
22.9963 103.244 
23.0487 132.987 
23.4048 103.508 
23.8866 94.4367 
23.7078 84.8062 
24.0926 117.156 
25.2749 159.175 
25.2647 134.801 
24.2087 102.847 
22.7866 162.764 
23.5888 120.521 
24.2497 110.72 
24.3354 102.483 
24.808 141.764 
25.8344 155.8 
26.7402 135.501 
25.7251 143.175 
21.6537 139.868 
23.5724 122.49 
25.3629 132.862 
26.0147 118.493 
25.5609 134.023 
25.6796 146.834 
26.9063 136.666 
26.5209 165.027 
21.548 115.988 
23.2095 106.128 
25.1116 117.116 
26.5317 106.031 
26.5366 120.313 
26.8083 163.46 
28.0372 170.75 
27.207 151.408 
21.0977 108.735 
21.9223 110.814 
23.6035 115.372 
25.8635 115.352 
27.35 134.019 
28.3134 170.967 
29.2949 183.167 
28.019 160.061 
20.8796 120.426 
21.9305 121.436 
23.7791 118.437 
25.3987 166.847 
25.6628 142.143 
26.7741 128.581 
27.9825 158.332 
27.4374 173.579 
63.7276 771.147 
65.9134 655.41 
64.8767 619.24 
66.3071 525.146 
69.7366 459.223 
74.0299 550.858 
76.6261 507.296 
77.3399 591.526 
61.5537 757.459 
64.1997 659.31 
65.4007 610.771 
67.4529 527.637 
72.3857 498.557 
77.5791 516.793 
79.2581 602.94 
80.2445 652.796 
62.0088 749.445 
63.4713 670.59 
65.4087 673.644 
66.605 553.217 
69.788 577.043 
75.2053 553.384 
78.3435 500.272 
81.1652 539.693 
63.8846 776.623 
65.1941 685.542 
65.7257 651.208 
65.4189 545.344 
67.9539 577.819 
72.9856 575.669 
75.951 430.359 
77.8368 367.171 
63.2817 706.418 
64.5443 622.771 
64.3065 608.138 
66.2746 539.915 
70.2338 506.487 
73.3924 597.481 
76.4381 503.867 
77.7294 410.767 
61.0005 688.49 
62.8808 609.986 
63.372 608.03 
68.0669 567.692 
71.79 536.752 
73.251 550.981 
76.9113 492.641 
79.7565 505.244 
62.5291 766.302 
63.127 648.694 
62.9016 599.05 
67.8119 596.108 
72.4256 543.143 
74.5249 476.898 
77.4114 415.513 
79.8531 408.686 
62.8343 799.264 
62.9761 809.433 
62.9585 626.95 
66.3117 585.943 
71.4802 578.747 
76.4861 473.846 
78.2202 377.717 
78.5872 376.617 
60.9715 690.616 
61.4627 789.69 
63.8744 705.318 
67.1142 670.857 
71.1457 624.225 
76.3735 535.796 
78.3378 392.522 
79.5077 454.427 
132.582 1716.87 
136.147 1449.44 
139.458 1362.38 
137.669 1408.57 
133.792 1532.45 
134.857 1617.11 
139.832 1340.89 
145.367 1364.25 
138.008 1614.83 
137.621 1262.84 
138.561 1134.95 
138.07 1196.29 
134.832 1152.37 
134.842 1286.92 
139.793 1430.52 
145.434 1474.02 
141.073 1208.67 
139.722 1143.74 
139.647 1030.87 
139.308 1291.38 
136.806 1019.09 
137.236 1067.67 
142.668 1213.99 
145.595 1072.93 
139.359 1030.86 
137.426 1123.27 
137.2 1047.5 
138.962 1356.46 
139.766 1180.65 
139.741 1112.88 
143.003 1179.25 
144.601 1052.41 
135.802 1161.12 
133.891 1163.4 
130.957 1216.79 
133.995 1176.09 
138.484 1138.92 
138.152 1183.5 
140.146 1294.17 
142.894 1249.17 
134.275 1251.14 
132.131 1266.43 
127.454 1267.08 
130.149 1040.32 
135.955 1213.63 
136.22 1297.4 
137.397 1197.59 
139.926 1216 
135.681 1265.91 
133.505 1218.25 
131.687 1339.48 
133.155 1030.18 
135.621 1215.22 
135.745 1289.85 
134.417 1157.67 
137.092 1202.49 
140.314 1212.29 
137.583 1195.55 
136.012 1241.82 
135.574 1028.89 
136.746 1194.84 
136.491 1203.82 
134.588 1215.86 
136.444 1134.73 
143.163 1378.01 
139.01 1208.53 
135.837 1302.82 
134.699 1291.07 
138.456 1200.89 
139.048 1008.46 
136.312 1235.95 
137.954 1275.83 
35.7319 266.577 
37.3367 247.973 
37.3981 207.77 
36.6008 175.152 
36.2723 161.324 
35.8304 168.436 
35.5287 164.383 
33.6523 125.239 
35.0592 228.599 
36.4845 185.875 
36.8584 171.262 
36.8965 151.653 
36.249 136.238 
35.8704 148.451 
34.9163 146.16 
32.9806 133.512 
35.0665 261.713 
36.1487 193.406 
35.8371 166.459 
35.8652 158.567 
36.1807 168.799 
36.1389 149.553 
34.5121 137.334 
32.986 133.106 
35.0622 226.356 
35.7647 193.191 
34.9449 150.875 
35.4436 149.19 
35.5501 169.912 
35.2576 178.733 
34.6377 146.03 
34.2371 138.428 
37.0103 252.035 
37.1502 216.974 
37.3699 188.317 
37.1638 189.192 
36.1604 165.786 
36.5741 154.094 
35.2029 148.886 
33.4301 118.1 
38.6046 271.234 
38.9784 214.019 
38.6306 213.779 
37.1992 199.612 
37.4686 183.217 
39.0158 176.32 
36.9239 142.83 
33.217 102.955 
35.1883 252.425 
36.7229 222.479 
36.7004 223.321 
35.5058 166.098 
35.8996 152.085 
37.2839 160.489 
37.3255 137.598 
34.7252 116.646 
32.1902 218.684 
33.4246 185.154 
34.2658 204.254 
34.7847 153.358 
34.2982 147.967 
34.1531 119.522 
35.6521 118.168 
35.7685 106.753 
32.2067 242.032 
33.7972 219.68 
34.4578 171.425 
35.1943 168.549 
34.7941 172.761 
34.4587 123.753 
35.4058 126.971 
35.2951 135.566 
19.7901 144.541 
19.7463 164.421 
19.6104 158.593 
20.273 146.34 
19.3999 105.885 
18.3302 102.804 
17.3526 98.6446 
16.2235 99.0648 
18.7719 135.129 
20.1465 134.111 
20.2766 131.772 
19.5367 120.58 
18.1368 93.1788 
16.8795 71.5758 
16.2718 86.9422 
15.3961 86.4139 
19.012 166.932 
20.3515 123.385 
19.7443 106.487 
18.8221 104.942 
18.4161 113.572 
17.4157 89.9908 
16.7132 100.186 
16.0137 75.7494 
19.1575 126.709 
20.0689 111.275 
19.0403 83.2797 
18.3097 89.5552 
18.4095 99.8634 
17.8346 89.4942 
17.2718 97.0844 
17.1388 86.9039 
19.2811 95.943 
20.1953 104.073 
20.1171 99.6516 
18.9978 109.094 
18.3107 94.0422 
18.5605 83.5818 
17.3132 69.66 
16.7285 79.2886 
20.3891 112.417 
20.5985 86.6353 
21.2637 103.367 
20.0247 121.404 
19.0909 120.964 
19.6551 117.535 
17.9492 77.0716 
16.8323 70.4093 
19.0665 104.681 
19.0164 92.7803 
19.9523 119.174 
19.5031 98.4085 
19.406 108.182 
19.7961 117.285 
18.8106 93.7947 
17.573 78.8588 
16.6038 83.4668 
17.0134 84.2384 
18.4698 100.256 
18.6266 71.3986 
18.0929 88.9317 
18.2937 77.2336 
18.0669 78.2778 
17.6111 76.762 
15.7903 82.4633 
16.4072 81.2506 
18.3867 106.774 
18.6712 96.1763 
17.0293 70.6327 
17.0469 56.5504 
17.7824 80.6504 
17.1549 88.3434 
