317.518 5.32514 
316.333 4.71445 
321.207 4.30891 
322.855 0.24741 
322.715 0.252395 
321.86 0.264507 
321.948 0.142365 
322.293 0.356804 
313.704 6.96282 
311.968 3.09862 
320.411 8.94591 
323.127 0.158258 
323.15 0.0856725 
322.118 0.132262 
322.063 0.113703 
322.803 0.172718 
316.399 3.63012 
314.609 2.55763 
320.38 4.55177 
322.688 0.342492 
323.069 0.0916684 
322.917 0.0911688 
322.874 0.089728 
322.113 0.564639 
321.666 0.394832 
321.035 0.599429 
321.908 0.151638 
322.546 0.249749 
322.269 1.42696 
320.564 2.96891 
320.953 2.99895 
321.353 0.612605 
311.305 65.3227 
312.319 50.4024 
321.515 4.36947 
322.386 0.277771 
319.638 7.75114 
315.392 1.46457 
317.708 4.85701 
321.898 0.774559 
292.778 9.31728 
296.566 19.4993 
320.429 10.504 
321.967 0.168691 
318.183 4.6279 
315.026 2.35289 
318.689 5.71573 
322.973 0.228502 
296.872 35.5347 
296.539 14.8955 
316.888 18.5703 
322.15 0.827112 
320.616 1.5085 
320.657 1.26424 
322.654 0.53517 
323.042 0.0942809 
313.778 32.2481 
303.543 2.19603 
308.545 25.6201 
320.94 1.63249 
322.849 0.25084 
322.922 0.121302 
323.018 0.084391 
322.987 0.0885232 
313.649 19.3694 
307.167 18.583 
310.613 26.6019 
320.684 0.883255 
322.808 0.247273 
322.834 0.104769 
322.321 0.278821 
322.281 0.275131 
70.764 0.0558033 
70.84 0.0216198 
69.5789 0.0838792 
68.8021 0.100998 
68.5738 0.0192807 
67.8938 0.0364719 
66.6215 0.253063 
66.1984 0.0310925 
70.9253 0.110446 
70.9528 0.0342703 
69.4304 0.0850986 
68.4627 0.132113 
68.4855 0.0306228 
67.8412 0.0598568 
66.4068 0.15937 
66.1511 0.0487728 
71.0269 0.0713001 
70.8574 0.0356975 
69.4546 0.0573104 
68.3574 0.108713 
68.288 0.0436538 
67.9342 0.0906477 
66.8271 0.0697342 
66.5395 0.0650928 
71.0007 0.0200091 
70.7657 0.0276509 
69.6364 0.0345997 
68.5218 0.0614757 
68.1983 0.0302387 
68.1395 0.0637622 
67.1307 0.0291622 
66.6156 0.0726103 
70.7977 0.0307035 
70.7729 0.0294032 
69.7662 0.0344404 
68.6784 0.0374967 
68.2557 0.0177978 
68.269 0.0620992 
66.9898 0.0339162 
66.1916 0.178273 
70.5743 0.0437814 
70.7699 0.0357411 
69.7972 0.0419387 
68.8225 0.0326768 
68.3219 0.0164224 
68.0747 0.119128 
66.711 0.0324032 
65.577 0.360061 
70.4103 0.0364724 
70.6187 0.0361668 
69.7482 0.0451875 
68.9203 0.035112 
68.2082 0.030145 
67.4606 0.233731 
66.2892 0.0200083 
64.8213 0.362189 
70.2978 0.0205682 
70.3889 0.0298105 
69.6346 0.0390246 
68.8416 0.0497922 
67.9652 0.0573514 
66.9404 0.235999 
66.0503 0.0204953 
64.1546 0.2911 
70.2657 0.0149046 
70.2099 0.0273938 
69.4695 0.0356351 
68.7448 0.0515096 
67.8913 0.0491784 
66.9253 0.172644 
66.2692 0.0662022 
63.9305 0.250419 
122.242 3.91729e-007 
122.242 1.54165e-007 
122.245 5.9936e-007 
122.247 7.72704e-007 
122.248 1.47296e-007 
122.25 2.88288e-007 
122.254 2.12469e-006 
122.255 2.62747e-007 
122.242 7.84667e-007 
122.242 2.45454e-007 
122.246 5.97145e-007 
122.248 1.0361e-006 
122.248 2.41283e-007 
122.25 4.80995e-007 
122.254 1.35003e-006 
122.255 3.9418e-007 
122.242 6.36344e-007 
122.242 8.91686e-007 
122.246 6.49447e-007 
122.249 8.71407e-007 
122.249 3.37289e-007 
122.25 7.43902e-007 
122.253 5.90626e-007 
122.254 5.1691e-007 
122.266 0.00022285 
122.27 0.000326039 
122.255 9.53641e-005 
122.248 7.13771e-006 
122.249 1.04719e-006 
122.249 5.20479e-007 
122.252 2.42568e-007 
122.254 5.79426e-007 
122.036 0.0121401 
121.958 0.0232738 
122.047 0.0150914 
122.158 0.0041257 
122.229 0.000385156 
122.249 4.56173e-006 
122.253 2.89201e-007 
122.255 1.5483e-006 
121.549 0.0294809 
121.195 0.0353901 
121.417 0.0274895 
121.816 0.0165509 
122.126 0.00392174 
122.234 0.00030465 
122.253 2.09838e-006 
122.257 3.29917e-006 
121.331 0.030404 
120.748 0.00596718 
120.949 0.010813 
121.474 0.0196354 
121.959 0.00617255 
122.198 0.00179392 
122.254 1.45537e-005 
122.259 3.44606e-006 
121.604 0.0305359 
121.035 0.0222254 
121.063 0.0115015 
121.431 0.0114766 
121.864 0.0053423 
122.174 0.00374453 
122.255 3.38044e-005 
122.261 2.99106e-006 
121.951 0.0128371 
121.532 0.017351 
121.404 0.0130285 
121.56 0.00691537 
121.871 0.00470694 
122.173 0.00377447 
122.254 3.65559e-005 
122.262 2.71818e-006 
128.666 2.03236e-005 
128.664 7.98972e-006 
128.689 3.15303e-005 
128.704 4.33185e-005 
128.709 8.17007e-006 
128.724 1.65335e-005 
128.753 0.000128983 
128.763 1.59111e-005 
128.663 4.10379e-005 
128.662 1.29403e-005 
128.692 3.15857e-005 
128.712 5.93418e-005 
128.712 1.38675e-005 
128.725 2.80876e-005 
128.758 8.24181e-005 
128.764 2.30981e-005 
128.661 2.63931e-005 
128.664 1.31401e-005 
128.691 2.14055e-005 
128.714 5.1083e-005 
128.716 1.91212e-005 
128.723 4.41507e-005 
128.748 3.59791e-005 
128.754 2.99179e-005 
128.669 4.30856e-005 
128.674 6.82206e-005 
128.691 1.94946e-005 
128.711 2.7757e-005 
128.717 1.29827e-005 
128.718 3.06929e-005 
128.74 1.43779e-005 
128.751 3.38712e-005 
128.768 0.00166717 
128.804 0.0029689 
128.778 0.00217694 
128.748 0.000668691 
128.725 6.3681e-005 
128.715 3.26682e-005 
128.744 1.77067e-005 
128.762 9.6408e-005 
128.931 0.00301503 
129.053 0.00328334 
129 0.00305995 
128.886 0.00223597 
128.775 0.000806366 
128.727 0.000100788 
128.751 1.47752e-005 
128.777 0.000212978 
129 0.00325744 
129.196 0.00066446 
129.164 0.000598127 
129.031 0.00172666 
128.86 0.00123208 
128.76 0.000234068 
128.76 7.98042e-006 
128.796 0.000226816 
128.921 0.00356862 
129.123 0.00221651 
129.146 0.000547594 
129.068 0.000807793 
128.914 0.000933369 
128.785 0.000412099 
128.766 1.12604e-005 
128.814 0.000194694 
128.804 0.00192877 
128.977 0.00226724 
129.058 0.00108565 
129.033 0.000658122 
128.913 0.000853274 
128.785 0.000466051 
128.761 3.9073e-005 
128.822 0.000164994 
16.6382 5.24576 
15.5851 12.617 
17.2744 22.6949 
18.9333 4.77803 
13.66 1.32736 
11.2246 0.721664 
8.22676 3.40571 
13.8722 2.76168 
7.34989 13.0254 
4.86131 2.88368 
9.42597 2.4462 
15.326 1.5305 
14.2692 1.77065 
9.67594 1.49586 
8.81072 2.6839 
14.1306 2.89967 
9.57287 5.36423 
11.3178 5.55058 
10.7461 2.88814 
10.4371 1.63768 
10.4129 1.1149 
7.32027 1.54861 
8.86483 2.45783 
13.3965 2.64908 
13.8737 16.5961 
21.6146 6.41392 
18.0662 4.02382 
10.7865 3.62179 
13.8859 1.69893 
13.1976 1.18404 
9.84526 2.81909 
14.6405 3.56254 
25.8352 15.855 
30.5565 7.24205 
18.6472 9.13937 
13.1879 3.72365 
21.8921 6.88666 
22.4754 8.61171 
11.3789 6.27151 
11.9642 3.75717 
28.2443 6.92467 
24.1901 13.0315 
13.283 5.41451 
14.303 3.41968 
19.8825 4.84418 
20.5167 6.75411 
14.9072 16.5918 
15.6446 6.69808 
21.4767 18.0787 
16.0481 12.5549 
9.96115 2.53001 
11.9493 2.00044 
14.3442 4.23045 
14.7963 8.9799 
15.5307 19.143 
18.3709 2.79932 
17.6313 3.92191 
17.2736 6.18099 
10.0306 3.07211 
9.22357 0.633915 
11.1162 0.948406 
10.5196 1.60789 
10.1512 4.19914 
10.299 3.64259 
9.96054 3.09038 
13.6172 4.89463 
12.0595 6.64389 
9.13369 2.10659 
6.81692 3.84939 
4.87511 2.3069 
6.05189 1.17857 
6.14221 1.29532 
10.5536 2.27829 
13.3758 10.6448 
25.9069 22.0809 
32.2303 9.7261 
22.6188 7.81286 
22.4146 3.16781 
19.7713 3.94367 
18.8896 3.27173 
11.1136 6.13911 
7.92489 3.21593 
13.4548 8.96062 
21.1151 4.18611 
22.0388 6.81368 
19.903 3.25955 
18.8284 5.24487 
18.0748 2.29507 
15.0991 6.77462 
11.3483 4.98469 
9.26716 4.82834 
11.8824 6.50098 
19.2213 10.9691 
15.9603 3.78195 
13.2115 6.19567 
18.6359 4.63612 
21.8479 18.6242 
29.2046 34.9609 
21.6206 14.7897 
11.835 7.60172 
20.0547 8.18579 
22.7454 5.49332 
16.7119 9.27914 
20.7062 5.57405 
31.1618 51.5387 
45.8787 12.979 
32.6202 29.0485 
14.5152 8.14654 
21.2112 6.23412 
23.867 6.00593 
17.8465 3.08834 
18.06 6.81778 
36.7762 38.5127 
44.0713 14.176 
29.8441 17.7867 
17.1419 7.55308 
23.7089 7.41935 
24.8646 12.1613 
17.2624 3.38629 
14.5061 4.77651 
46.2138 8.76668 
43.6529 41.0215 
22.5743 18.9748 
15.2658 5.52425 
22.5097 7.05617 
26.9361 2.09769 
18.778 9.08366 
12.9034 2.15472 
41.6419 48.7637 
39.363 64.4047 
19.0544 10.4555 
15.1227 2.40146 
17.5195 2.27912 
17.1367 6.29925 
15.5872 5.8453 
14.6161 4.29058 
23.1701 7.49784 
22.1984 16.2038 
15.9711 8.35994 
15.7224 4.47668 
11.3272 3.42378 
6.98621 3.05447 
10.9763 3.28569 
13.6746 4.77148 
47.6781 69.7764 
50.5829 50.6132 
68.4253 37.1594 
75.6077 22.4101 
81.6176 29.2341 
95.0847 22.4751 
89.0706 14.5498 
74.307 11.8404 
43.4294 30.5793 
39.3795 34.606 
58.3597 18.3013 
66.1041 18.2469 
75.1995 5.81031 
89.3264 28.7049 
89.9624 23.5953 
80.9437 43.8092 
64.895 60.5981 
61.9047 47.7127 
67.6987 19.4037 
70.7989 15.2185 
82.3216 17.1402 
84.6066 12.6794 
80.6772 21.4567 
77.1012 37.7322 
68.659 13.9641 
68.1007 4.65419 
70.9735 13.163 
74.669 5.82016 
78.3514 27.3278 
75.3319 47.5748 
76.9067 61.3097 
82.9713 14.9818 
53.8807 52.7253 
50.738 74.9131 
58.0165 27.4603 
73.6746 15.5407 
74.8716 23.9028 
61.9345 21.6383 
68.4535 24.482 
90.8929 67.5616 
51.9182 23.6884 
55.2866 33.6547 
64.2608 21.9167 
77.4298 24.4269 
82.4997 10.1145 
72.773 15.305 
70.8212 13.6174 
89.4591 67.5773 
60.9825 27.5278 
66.8064 10.1239 
69.3144 8.63862 
77.5716 19.9207 
83.926 13.6916 
87.2163 16.2747 
83.4835 31.3191 
91.2031 33.251 
57.1198 28.9428 
54.5612 51.9693 
55.2193 26.6508 
69.8867 23.6894 
74.2139 10.4375 
71.0414 17.6382 
74.4726 37.8815 
92.5223 39.9463 
60.2692 7.48889 
52.1213 74.4346 
46.2586 39.0268 
67.574 22.2057 
72.4142 9.27638 
61.5434 12.436 
60.0449 18.2334 
74.4382 45.6731 
194.924 112.449 
185.958 278.632 
155.903 238.438 
139.644 44.8299 
149.518 25.0088 
149.213 10.7953 
170.4 63.9712 
175.783 25.8882 
217.167 145.761 
223.324 160.293 
187.45 64.9085 
158.406 35.0225 
153.518 33.5848 
157.725 28.4243 
170.465 71.7323 
173.308 46.5384 
178.311 119.28 
179.16 240.003 
178.82 77.7555 
174.323 25.5195 
157.17 48.6023 
164.606 21.4023 
174.37 47.9067 
160.923 45.2771 
142.617 104.28 
120.556 105.841 
150.981 49.326 
177.85 62.427 
156.292 32.2485 
155.106 15.8772 
169.065 102.201 
148.821 87.8241 
131.918 161.632 
105.804 78.7347 
149.608 93.0108 
177.62 39.7791 
141.624 87.6527 
140.017 86.4718 
175.569 48.7788 
162.41 94.7982 
130.699 66.9154 
118.813 65.9538 
155.674 56.6729 
167.244 48.0141 
133.878 64.957 
129.018 78.8732 
169.109 71.1974 
168.305 64.6007 
136.028 81.9986 
124.449 120.521 
154.502 69.5628 
161.75 30.4422 
148.515 35.9955 
140.547 57.7923 
160.239 18.1067 
159.882 14.7411 
137.412 249.273 
116.154 222.633 
153.739 50.1149 
165.101 13.2952 
169.776 30.9573 
177.386 122.849 
182.533 108.6 
169.164 93.1662 
153.519 121.007 
128.123 153.301 
146.5 148.261 
151.631 56.5849 
180.564 60.6617 
206.846 48.3231 
208.491 37.4647 
193.883 24.4098 
32.6038 14.6988 
34.9531 15.0806 
36.4236 6.92239 
36.8096 4.79932 
37.2739 6.84953 
31.0417 6.21969 
27.4767 11.9064 
30.2767 9.66172 
25.6663 17.273 
29.0422 25.9701 
38.8481 5.40727 
40.8656 13.3159 
37.8632 11.3845 
33.9306 2.89836 
26.7396 17.0769 
28.8605 8.77715 
35.0674 23.8382 
37.012 20.9621 
39.5649 5.89943 
39.6261 18.8205 
38.1444 18.8353 
40.1649 5.35972 
36.669 17.8738 
38.9637 20.0273 
54.7181 10.2994 
54.9273 7.56014 
41.3895 6.97042 
37.0003 8.31052 
40.0955 11.0492 
41.3103 4.34532 
37.4565 9.07144 
39.7433 22.6487 
45.4826 8.36432 
51.1824 8.09362 
44.0906 7.66117 
32.6678 9.38488 
37.9005 10.2182 
41.9287 9.67978 
31.9683 10.2538 
29.8577 9.08032 
27.4819 14.4079 
36.6226 17.5189 
44.5293 19.662 
34.693 14.7418 
36.358 7.60431 
41.6211 13.2088 
33.2416 6.34981 
26.4807 4.58492 
16.9795 7.85482 
29.738 13.9337 
48.5492 28.629 
43.7455 11.761 
37.9992 12.3334 
36.7892 8.38181 
32.9644 10.9043 
29.3082 4.55145 
35.4517 32.5561 
46.6886 63.0281 
47.6085 32.7449 
44.6471 15.1887 
38.6008 5.37796 
35.4819 7.7658 
31.0484 13.3218 
27.2104 4.11628 
47.6444 18.0655 
63.0164 27.4088 
62.9345 24.0786 
58.2008 14.177 
41.5608 12.1582 
32.5576 8.31544 
26.5093 4.50809 
24.6309 7.28762 
15.1195 5.1189 
15.8787 12.964 
17.2735 8.78618 
19.6311 4.11997 
18.0259 5.18458 
12.8813 2.45743 
7.00205 8.01325 
9.16433 3.4899 
8.97698 6.49851 
7.43667 5.86673 
12.8731 2.50351 
21.3101 3.47236 
20.2612 5.42941 
11.5576 4.35942 
7.25666 5.07701 
7.48516 0.686495 
13.4533 4.61489 
13.8653 10.5016 
14.2829 5.69808 
15.6203 2.05528 
15.7983 2.92137 
10.2595 2.00321 
9.08153 1.75995 
13.0926 5.28206 
19.9508 6.25111 
26.6319 6.38336 
18.8773 5.11905 
10.4056 1.71746 
13.589 3.76169 
12.8727 3.63714 
10.9676 1.49897 
14.4709 3.10905 
23.0271 4.88161 
28.1592 6.81237 
18.5324 7.47922 
10.7208 3.28349 
22.138 7.67187 
25.169 3.29738 
12.4919 8.36871 
8.71242 3.57642 
17.6586 8.67863 
17.5823 10.3149 
12.8379 2.36932 
11.1554 2.07003 
21.8554 9.38123 
26.2324 5.30149 
13.3471 8.39402 
8.57823 0.978091 
15.1918 2.17243 
15.8444 3.51888 
11.9871 3.00361 
11.8675 1.35929 
13.3217 3.41254 
14.372 7.73328 
11.6588 4.08659 
11.3745 1.17213 
24.5209 4.47547 
29.5027 10.8137 
22.8932 6.90032 
16.9587 9.15133 
11.6234 1.59869 
11.3567 4.14424 
9.22654 5.16053 
9.17483 0.883526 
19.0861 7.87086 
28.0907 6.24279 
26.889 5.64574 
18.4221 11.7798 
10.1249 1.86914 
10.0251 3.05141 
10.2481 3.62536 
9.51222 2.86244 
