302.245 993.551 
304.69 635.23 
304.675 733.571 
304.682 729.112 
308.98 578.524 
313.054 337.192 
313.64 338.64 
314.163 326.558 
300.862 873.065 
303.449 744.244 
304.251 812.741 
305.398 646.054 
309.473 467.585 
312.994 300.8 
314.569 310.985 
316.204 216.213 
300.836 969.664 
301.86 875.496 
303.13 910.724 
305.684 636.291 
309.734 426.545 
313.788 239.656 
315.481 234.013 
316.865 151.007 
301.067 1200.05 
299.736 1065.95 
301.12 1032.18 
305.687 629.713 
309.966 407.681 
314.632 189.678 
315.78 198.92 
316.214 156.995 
300.217 1433.31 
299.258 1302.97 
301.642 991.729 
307.823 527.668 
311.981 280.128 
314.84 155.664 
315.266 175.747 
315.551 166.127 
298.992 1672.7 
299.908 1433.03 
304.218 839.176 
310.354 407.918 
313.868 186.035 
315.091 126.124 
315.676 166.572 
315.99 173.205 
295.121 1885.81 
298.644 1357.15 
304.695 682.85 
310.791 304.772 
314.917 116.836 
316.795 95.8376 
317.29 134.852 
316.706 132.114 
293.95 1906.84 
297.327 1343.09 
302.049 906.071 
307.999 490.224 
314.024 155.516 
316.969 74.9629 
317.956 102.253 
317.969 95.9541 
295.873 1591.83 
299.516 1176.7 
302.458 975.559 
305.831 716.476 
312.026 338.582 
315.681 157.948 
317.319 153.896 
317.976 125.172 
68.8921 21.9836 
68.3639 24.8178 
67.7848 28.4066 
67.1561 32.1679 
66.534 34.3267 
65.9264 33.9819 
65.3447 32.4862 
64.8189 32.1487 
68.8709 22.1533 
68.3531 24.5899 
67.7538 27.9407 
67.0875 32.0781 
66.4107 35.3038 
65.7716 35.641 
65.2189 33.4333 
64.6961 32.7042 
68.8393 22.5385 
68.3485 24.7671 
67.696 29.0225 
66.9878 33.8074 
66.2932 36.4827 
65.6106 36.914 
65.0817 34.9558 
64.613 33.5559 
68.8143 22.8599 
68.357 24.8808 
67.6671 29.5905 
66.896 35.8398 
66.138 39.1098 
65.4449 38.5905 
64.9552 36.265 
64.5348 34.5 
68.801 23.2318 
68.3464 25.5334 
67.6877 29.0299 
66.934 34.0593 
66.1198 38.9408 
65.3921 39.4184 
64.8852 37.0975 
64.4484 35.2101 
68.8098 23.0876 
68.3394 25.6276 
67.6945 28.5947 
67.0051 31.5751 
66.2293 35.6939 
65.4909 36.8905 
64.912 35.8557 
64.3983 34.8499 
68.8141 22.895 
68.372 24.5377 
67.7245 27.4669 
67.008 30.9624 
66.2218 34.98 
65.4973 34.9399 
64.901 33.7102 
64.3333 33.9748 
68.7541 22.961 
68.3537 23.7455 
67.7466 26.0776 
67.0054 30.0807 
66.1417 35.2816 
65.3835 36.0955 
64.7911 34.7532 
64.1991 34.755 
68.7011 22.6542 
68.2949 23.3109 
67.6976 25.6108 
66.9841 29.5338 
66.1559 33.6041 
65.3718 35.3296 
64.7348 36.0124 
64.0868 35.9254 
122.231 0.00722947 
122.214 0.0215248 
122.179 0.0532669 
122.144 0.0850031 
122.117 0.116734 
122.115 0.10972 
122.142 0.0795908 
122.167 0.0690411 
122.219 0.0174443 
122.199 0.0264709 
122.181 0.0485325 
122.16 0.0641718 
122.134 0.112432 
122.122 0.133623 
122.141 0.0921331 
122.165 0.0693004 
122.201 0.0438917 
122.18 0.0527298 
122.177 0.0505444 
122.174 0.0612759 
122.163 0.0797529 
122.151 0.111324 
122.154 0.0888742 
122.165 0.0679946 
122.211 0.0288398 
122.192 0.0404233 
122.18 0.0536586 
122.177 0.0700664 
122.18 0.0627397 
122.178 0.0723611 
122.179 0.0698545 
122.181 0.0791034 
122.231 0.00707166 
122.221 0.010863 
122.199 0.0374446 
122.185 0.0797824 
122.184 0.07292 
122.182 0.0610965 
122.184 0.0581324 
122.19 0.0664598 
122.237 0.00511989 
122.227 0.0130517 
122.212 0.019049 
122.201 0.0548596 
122.196 0.0672544 
122.191 0.061135 
122.19 0.0602945 
122.194 0.0535489 
122.236 0.00698747 
122.22 0.0274934 
122.207 0.0323134 
122.203 0.0385428 
122.209 0.0413785 
122.212 0.0379587 
122.209 0.0419033 
122.202 0.0541812 
122.237 0.00535201 
122.223 0.0144208 
122.209 0.0299116 
122.206 0.037312 
122.219 0.0235693 
122.229 0.0176728 
122.227 0.0203099 
122.218 0.0454352 
122.235 0.0125396 
122.228 0.0159483 
122.223 0.0155164 
122.221 0.026057 
122.23 0.0143524 
122.238 0.0123071 
122.234 0.0130055 
122.22 0.0362451 
128.723 0.0154524 
128.74 0.0201662 
128.769 0.0317717 
128.803 0.0460656 
128.828 0.0571743 
128.843 0.0586089 
128.846 0.0489219 
128.848 0.0422796 
128.726 0.0161007 
128.746 0.0219233 
128.773 0.0319638 
128.8 0.0418788 
128.824 0.0533308 
128.843 0.0604033 
128.848 0.0507995 
128.851 0.0423813 
128.732 0.0218794 
128.755 0.0282277 
128.778 0.0350439 
128.797 0.0413639 
128.815 0.04551 
128.834 0.0528358 
128.846 0.048539 
128.853 0.0422183 
128.734 0.0227419 
128.757 0.0323102 
128.779 0.0371328 
128.797 0.0419768 
128.812 0.0439117 
128.829 0.0463558 
128.84 0.0442971 
128.848 0.0416892 
128.732 0.0180964 
128.752 0.0252634 
128.774 0.033421 
128.792 0.0428759 
128.811 0.045712 
128.83 0.0463083 
128.84 0.0440113 
128.847 0.0405204 
128.727 0.0143324 
128.744 0.018247 
128.769 0.0252937 
128.787 0.0349251 
128.802 0.0404535 
128.822 0.042295 
128.837 0.0421418 
128.847 0.0387399 
128.721 0.0130839 
128.738 0.0182411 
128.763 0.0231454 
128.783 0.0287673 
128.797 0.0347828 
128.812 0.0346358 
128.828 0.0344806 
128.844 0.0358653 
128.722 0.0123173 
128.739 0.018323 
128.76 0.0255824 
128.779 0.029869 
128.796 0.0330418 
128.809 0.0314115 
128.824 0.0300463 
128.842 0.0330495 
128.724 0.0132478 
128.739 0.0165083 
128.756 0.022304 
128.776 0.0290889 
128.792 0.0305188 
128.806 0.0292683 
128.823 0.0293882 
128.844 0.0326662 
20.6914 280.981 
19.8443 210.477 
19.3048 147.242 
19.1105 128.194 
19.1399 140.769 
18.7595 163.417 
17.4352 129.474 
15.9454 100.555 
19.4941 179.224 
19.3521 136.915 
19.2979 122.601 
19.0369 106.709 
18.343 100.206 
17.6446 116.504 
16.7327 122.033 
15.7855 118.46 
18.519 128.355 
18.5679 108.932 
19.1939 157.593 
19.7123 139.901 
19.0391 132.98 
17.7365 118.996 
16.8713 102.723 
15.8284 106.046 
20.1644 174.786 
19.8063 122.122 
19.3152 161.229 
19.6544 151.576 
19.2082 153.03 
18.6568 141.224 
18.3849 127.871 
17.0049 90.7001 
21.5928 229.112 
22.5887 213.428 
21.0569 173.457 
19.4733 126.173 
19.3858 145.028 
19.2109 141.793 
18.9431 138.87 
17.6493 112.065 
21.375 226.472 
23.7502 243.343 
23.3194 223.556 
21.2884 194.923 
20.6225 165.769 
19.7064 138.884 
19.4004 137.41 
18.5643 140.282 
20.5411 209.005 
22.2734 219.592 
22.7234 244.483 
21.8881 204.984 
20.8551 173.18 
20.7986 168.512 
20.7127 151.504 
18.983 121.408 
21.2131 255.175 
22.3411 215.607 
21.5855 193.686 
20.4213 144.197 
20.4468 141.696 
21.2651 182.659 
21.1077 155.452 
19.7719 130.511 
22.685 408.509 
22.8098 282.024 
21.4706 199.515 
19.6617 167.932 
19.1422 120.179 
19.8107 126.595 
19.3448 126.655 
18.677 134.532 
23.4846 126.615 
23.6489 124.758 
24.0726 117.817 
25.6859 128.914 
26.7853 139.929 
25.2536 143.045 
23.2638 124.345 
22.5931 97.5163 
22.9991 98.5244 
23.4135 100.853 
23.5527 103.463 
24.8635 108.615 
25.8687 120.846 
24.7676 126.88 
23.3176 118.076 
22.6184 101.44 
22.642 79.2766 
22.9567 80.2982 
23.0907 93.5134 
24.082 104.145 
25.1029 116.738 
24.5387 104.798 
23.5317 96.1628 
23.4295 99.748 
23.2809 116.107 
23.9749 95.3988 
24.0351 86.7391 
24.1397 114.962 
25.3524 149.962 
25.6601 127.849 
24.7287 112.797 
24.6154 115.515 
23.8444 131.526 
24.5334 123.706 
24.9795 110.051 
25.0058 135.863 
25.549 144.576 
26.9071 152.518 
26.0161 156.194 
24.9965 127.295 
23.141 119.869 
25.2534 127.996 
26.3404 121.656 
26.0259 123.56 
26.0429 150.02 
27.0379 148.466 
26.7111 150.024 
25.4798 124.799 
22.727 110.188 
24.6032 114.163 
25.9152 101.274 
26.7709 118.658 
27.2601 159.285 
28.3488 175.96 
27.5494 144.259 
25.6867 130.177 
21.8598 121.918 
23.2592 114.333 
25.1199 122.419 
26.9351 127.496 
28.3164 154.706 
29.0378 178.525 
28.1247 176.551 
26.9329 156.28 
21.9156 121.501 
23.8104 120.496 
25.2827 164.805 
25.213 138.917 
26.0138 121.271 
27.1376 154.901 
26.7458 168.457 
26.258 161.67 
65.3141 660.518 
65.856 643.281 
66.8691 534.35 
70.7537 475.523 
75.2578 531.316 
77.4394 549.038 
77.6818 593.415 
79.7483 613.577 
63.696 678.654 
65.2673 599.926 
67.5591 533.838 
71.5578 517.384 
76.3934 508.884 
79.2187 582.237 
80.4506 611.248 
83.287 628.731 
63.3502 675.82 
64.8108 676.89 
66.0059 565.94 
68.8488 567.116 
74.3376 570.73 
77.729 476.628 
80.7064 474.137 
85.2153 481 
65.2021 684.645 
66.2154 652.398 
66.3921 572.834 
68.2494 556.983 
72.8326 583.715 
76.3973 451.369 
78.1427 388.416 
81.6089 405.378 
63.9572 631.795 
63.5407 612.95 
66.6741 553.427 
70.4775 516.705 
72.7098 570.873 
76.6515 545.281 
78.0674 477.265 
80.2303 424.03 
62.293 603.827 
62.3377 592.78 
66.2172 569.411 
70.6141 517.926 
73.4183 534.508 
76.3377 508.371 
79.5955 472.008 
81.9182 510.989 
62.9641 744.253 
63.4757 589.064 
67.1458 582.3 
71.7251 552.01 
75.3455 476.935 
77.5441 427.672 
79.3414 410.891 
80.2752 444.241 
62.3824 833.48 
62.8229 682.776 
66.4462 618.496 
71.8191 571.254 
76.5797 507.592 
78.5192 383.178 
78.7781 397.782 
80.126 449.212 
61.5097 735.06 
63.7083 696.651 
66.7955 680.187 
70.5554 656.081 
75.2308 575.009 
78.2871 442.433 
79.9917 469.16 
80.9557 472.87 
135.822 1413.33 
138.501 1304.91 
137.608 1334.29 
134.001 1370.08 
134.146 1478.12 
139.477 1433.65 
146.094 1389.61 
149.704 1108.9 
138.159 1297.5 
139.157 1095.42 
138.923 1161.36 
136.172 1080.37 
135.842 1199.51 
140.077 1423.36 
145.322 1338.82 
148.229 1085.4 
140.162 1161.82 
140.014 1062.37 
139.853 1291.57 
138.144 995.586 
137.508 1016.32 
141.708 1130.47 
144.615 1056.29 
144.992 1014.4 
136.115 1106.55 
134.863 1093.13 
137.293 1247.58 
139.334 1138.08 
139.392 1135.48 
142.445 1206.5 
143.77 1083.39 
144.328 919.439 
133.207 1170.8 
130.493 1223.53 
132.905 1110.75 
137.973 1114.58 
138.487 1213.02 
139.506 1295.36 
142.349 1220.26 
144.125 992.322 
132.933 1326.5 
128.938 1325.17 
130.758 1065.35 
135.865 1177.23 
135.586 1306.68 
136.469 1167.05 
139.062 1169.7 
141.033 1166.23 
134.97 1265.42 
132.74 1309.07 
133.554 1068.64 
135.491 1206.76 
135.763 1221.16 
134.778 1195.35 
136.424 1182.42 
140.654 1176.27 
138.91 1204.5 
136.632 1270.71 
135.557 1119.29 
136.401 1066.44 
136.408 1138.76 
134.677 1246.38 
136.734 1178.76 
139.678 1038.93 
139.796 1211.12 
137.01 1205.73 
135.797 1248.52 
139.05 1141.14 
140.48 1022.31 
137.437 1213.27 
139.104 1246.34 
140.992 1160.59 
37.0906 235.5 
37.1411 197.019 
36.6284 163.176 
35.9271 139.888 
35.7655 158.85 
35.1579 165.938 
33.2397 130.474 
31.1985 111.707 
36.1014 181.331 
36.0992 160.884 
35.7731 139.95 
35.6132 145.288 
35.667 134.203 
34.6824 143.573 
33.1832 129.871 
31.5527 112.228 
35.9395 207.274 
35.7794 177.835 
36.2071 166.455 
36.4858 160.683 
36.0801 159.242 
34.943 133.974 
33.3868 132.039 
32.1279 132.764 
36.028 206.628 
35.3984 155.544 
35.5736 149.064 
35.8627 170.391 
35.3247 171.981 
34.4865 142.728 
33.8312 133.14 
32.9892 121.824 
37.5261 217.576 
37.6752 195.32 
36.7908 191.204 
36.3672 162.877 
37.1631 158.33 
35.4445 152.339 
33.3223 128.211 
32.8202 106.561 
38.9743 237.88 
38.6834 238.004 
37.4441 200.471 
37.4656 177.876 
38.4954 182.157 
37.048 148.552 
33.7332 100.271 
32.6154 121.845 
35.6343 215.625 
36.1955 228.122 
35.8301 171.274 
35.736 153.426 
36.2665 141.349 
36.7944 140.754 
35.4073 120.043 
34.0317 121.386 
33.0071 188.687 
34.096 191.686 
34.746 160.106 
34.5891 150.061 
34.4303 137.311 
35.662 126.817 
35.8251 114.337 
34.5976 133.403 
33.6331 212.071 
34.1152 171.511 
34.6321 177.159 
34.5762 180.209 
34.4998 126.139 
35.4083 129.304 
35.2718 137.858 
34.9207 140.435 
19.8421 146.516 
19.699 138.24 
20.1919 142.177 
19.2045 98.2811 
17.8856 90.7236 
16.9668 98.1923 
15.925 94.8467 
14.9744 77.7009 
20.4128 127.164 
20.1591 123.366 
19.1453 112.459 
18.1547 93.7244 
17.3594 73.376 
16.6036 96.7412 
15.5626 84.5394 
14.7317 67.12 
20.2231 137.374 
19.7303 107.917 
18.7799 96.7314 
18.4119 103.655 
17.6655 101.066 
17.1335 103.779 
16.3696 81.8456 
15.2721 81.0173 
20.2764 110.507 
19.478 93.7822 
18.5115 92.8796 
18.446 81.5434 
17.8556 86.9065 
16.9862 92.0309 
16.9221 85.8178 
15.6675 68.2274 
20.0896 95.4207 
20.4268 98.5218 
19.2353 108.085 
18.5258 108.988 
18.6861 95.9274 
17.12 68.1779 
16.5674 75.1473 
15.7298 64.21 
20.275 90.9193 
20.9447 103.297 
20.1385 112.856 
19.0946 109.008 
19.7033 122.065 
18.492 84.5936 
17.174 71.2624 
16.3793 70.8357 
18.284 93.7975 
19.3559 114.8 
19.5263 94.5923 
19.18 98.4792 
19.427 98.844 
18.5307 94.3528 
17.8546 84.5553 
17.0756 73.4105 
16.5774 79.2434 
18.1754 91.2333 
18.595 75.9758 
17.8328 76.8352 
17.8435 75.5357 
17.8084 81.4452 
17.3862 80.8002 
16.8623 71.8452 
16.3339 76.2878 
18.0625 99.954 
18.4799 86.43 
16.7747 70.0929 
16.6593 65.026 
17.5997 85.3793 
16.8604 80.0049 
16.1727 63.1892 
