313.846 6.32632 
320.568 4.65155 
323.022 0.311954 
322.972 0.136217 
322.048 0.155064 
321.976 0.118669 
322.58 0.235558 
322.582 0.181293 
312.975 1.83859 
319.585 6.36466 
322.926 0.54644 
323.139 0.093762 
322.459 0.245412 
322.245 0.219456 
322.666 0.160399 
322.813 0.108523 
316.681 4.81456 
319.921 3.21844 
322.457 0.538283 
323.003 0.110646 
322.885 0.107162 
322.841 0.105805 
321.639 0.48841 
321.335 0.428146 
321.126 0.555255 
321.714 0.381434 
322.486 0.224353 
321.475 4.42126 
318.9 2.71344 
319.649 4.5469 
321.373 0.658173 
320.957 0.172797 
305.962 54.2631 
320.975 6.85729 
322.055 0.412597 
318.887 6.57425 
315.013 2.63463 
317.575 5.02802 
321.981 2.18081 
322.257 0.452415 
296.871 22.9407 
317.843 22.3007 
321.939 0.552747 
319.352 1.56722 
317.196 3.89989 
319.666 4.89536 
322.458 1.82596 
323.01 0.0941086 
298.15 14.7831 
311.829 34.4451 
322.101 1.77279 
321.873 0.957587 
321.559 1.00711 
322.395 0.649328 
323.009 0.128702 
322.993 0.0890226 
303.737 8.30425 
307.651 25.2756 
319.668 7.51028 
322.694 0.287013 
322.895 0.109095 
322.951 0.101283 
322.979 0.0888239 
322.934 0.0881258 
312.973 27.6845 
313.047 19.4765 
319.328 6.83897 
322.294 0.385879 
322.767 0.139166 
322.106 0.146675 
322.085 0.176631 
322.762 0.224569 
70.8612 0.035976 
69.6309 0.113469 
68.7234 0.129534 
68.5988 0.0291205 
67.9776 0.0483324 
66.5871 0.220225 
66.1402 0.0463064 
65.7948 0.0493142 
70.936 0.0464404 
69.5888 0.120855 
68.4636 0.13312 
68.4008 0.0419767 
67.9872 0.0910571 
66.6896 0.137606 
66.2282 0.0641342 
65.5916 0.070353 
70.8424 0.0423943 
69.6524 0.0877088 
68.4702 0.0875238 
68.213 0.0442103 
68.0508 0.0871298 
67.0963 0.0791507 
66.5793 0.0615851 
65.4635 0.137267 
70.7832 0.0336541 
69.8025 0.0578958 
68.6741 0.0545419 
68.2295 0.0248502 
68.2085 0.0537481 
67.2507 0.0595789 
66.557 0.0946697 
65.1753 0.204879 
70.7887 0.034158 
69.9037 0.0575881 
68.825 0.0505337 
68.3076 0.0185008 
68.2149 0.0743466 
67.0732 0.0964564 
66.0526 0.255716 
64.5076 0.285759 
70.7109 0.0413293 
69.8911 0.0671088 
68.9619 0.0507134 
68.3583 0.0221251 
67.9045 0.166389 
66.77 0.115207 
65.4251 0.412435 
64.0428 0.279198 
70.5196 0.0373695 
69.8268 0.0627831 
68.9819 0.0557175 
68.2037 0.0510906 
67.3028 0.258887 
66.3198 0.0885536 
64.7714 0.303952 
63.849 0.339254 
70.3091 0.0301319 
69.6746 0.0518271 
68.8634 0.0670941 
67.9934 0.0747183 
66.9458 0.2204 
66.171 0.0710124 
64.2223 0.254417 
63.2441 0.82555 
70.1256 0.0273278 
69.485 0.0517069 
68.7799 0.0596145 
67.9884 0.0449967 
67.0395 0.152541 
66.4218 0.0772137 
64.2751 0.285331 
62.7893 1.28734 
122.242 2.57714e-007 
122.245 8.14585e-007 
122.248 9.92757e-007 
122.248 2.24765e-007 
122.25 3.82406e-007 
122.254 1.86171e-006 
122.255 3.80164e-007 
122.256 4.09631e-007 
122.242 3.30946e-007 
122.245 8.58911e-007 
122.248 1.04597e-006 
122.249 3.28224e-007 
122.25 7.34012e-007 
122.254 1.16259e-006 
122.255 5.18694e-007 
122.257 6.08887e-007 
122.243 1.13092e-005 
122.245 1.71927e-006 
122.248 7.04907e-007 
122.249 3.39848e-007 
122.25 7.10511e-007 
122.252 6.62464e-007 
122.254 4.86926e-007 
122.257 1.22198e-006 
122.251 0.00169237 
122.249 0.000450138 
122.248 4.55842e-005 
122.249 2.18772e-006 
122.249 4.70035e-007 
122.252 4.99612e-007 
122.254 7.80166e-007 
122.258 1.86966e-006 
121.783 0.0301194 
121.901 0.0212542 
122.092 0.00625113 
122.215 0.000803267 
122.248 2.46352e-005 
122.252 9.95584e-007 
122.255 2.26515e-006 
122.26 2.6483e-006 
121.039 0.0350444 
121.245 0.0262623 
121.692 0.0190048 
122.057 0.0057734 
122.223 0.000756518 
122.252 1.88638e-005 
122.257 3.8824e-006 
122.262 2.59471e-006 
120.811 0.0136954 
120.899 0.0096333 
121.391 0.0213201 
121.879 0.010187 
122.176 0.00319058 
122.251 0.000144542 
122.259 3.5124e-006 
122.262 3.26034e-006 
121.212 0.0238829 
121.122 0.0126774 
121.414 0.0136188 
121.817 0.00992879 
122.147 0.00531739 
122.249 0.000338155 
122.261 3.91021e-006 
122.264 8.46841e-006 
121.692 0.0179873 
121.547 0.0207307 
121.609 0.0105425 
121.847 0.0069573 
122.146 0.00532626 
122.249 0.000343185 
122.261 4.28137e-006 
122.266 1.32137e-005 
128.664 1.36154e-005 
128.688 4.27804e-005 
128.706 5.56453e-005 
128.709 1.26893e-005 
128.722 2.18719e-005 
128.754 0.000113343 
128.764 2.26081e-005 
128.77 2.48304e-005 
128.663 1.741e-005 
128.689 4.51959e-005 
128.712 6.01725e-005 
128.713 1.88937e-005 
128.722 4.32108e-005 
128.752 7.14457e-005 
128.762 3.0539e-005 
128.775 3.783e-005 
128.664 1.6072e-005 
128.687 3.2938e-005 
128.712 4.04935e-005 
128.717 1.9278e-005 
128.72 4.18859e-005 
128.742 4.00701e-005 
128.753 2.8182e-005 
128.779 7.76352e-005 
128.687 0.000356123 
128.693 0.000100477 
128.708 3.11742e-005 
128.717 1.06996e-005 
128.717 2.5812e-005 
128.738 2.96229e-005 
128.753 4.66008e-005 
128.787 0.000119919 
128.863 0.00357624 
128.831 0.00267558 
128.774 0.000937513 
128.731 0.000135628 
128.717 4.22674e-005 
128.743 5.0335e-005 
128.766 0.000143408 
128.804 0.000173161 
129.102 0.00364015 
129.06 0.00286466 
128.936 0.00237987 
128.806 0.00104661 
128.737 0.00014761 
128.75 5.49382e-005 
128.781 0.000248653 
128.816 0.000168642 
129.178 0.00148279 
129.177 0.000437672 
129.061 0.00159238 
128.896 0.00150288 
128.775 0.000409647 
128.761 2.91219e-005 
128.797 0.00019351 
128.821 0.000218117 
129.071 0.00259519 
129.13 0.000665463 
129.072 0.000855759 
128.932 0.00138652 
128.798 0.000719267 
128.766 4.3898e-005 
128.813 0.000171127 
128.839 0.000590668 
128.926 0.00237689 
129.012 0.00163652 
129.015 0.000896131 
128.923 0.00118369 
128.796 0.000820499 
128.76 6.6434e-005 
128.813 0.000187294 
128.852 0.000922251 
12.0923 12.6842 
13.6561 20.8216 
17.1413 5.97964 
14.5017 2.81668 
11.0049 1.01004 
8.62077 2.87963 
13.0395 3.59428 
13.9647 1.54069 
6.16148 5.70939 
8.77581 2.42134 
13.4267 3.81996 
13.7441 3.00936 
9.67995 2.89445 
9.15239 2.79561 
13.0626 3.40056 
11.5593 2.57978 
13.7911 7.87317 
12.2907 6.71083 
9.45025 0.909661 
10.6701 2.48647 
9.0065 3.95925 
8.98946 2.07767 
13.6752 3.59451 
11.4763 1.80499 
23.3138 16.0332 
18.3088 5.21353 
11.64 4.56143 
14.2734 5.76796 
14.2361 3.91261 
9.45731 2.36676 
13.4304 2.86015 
14.2483 1.93358 
29.4368 11.8745 
19.0809 11.2685 
14.8631 6.47461 
21.8131 7.58763 
22.7603 7.3361 
12.7041 8.38046 
11.0724 3.23023 
11.9011 2.32404 
22.897 10.0423 
14.1376 9.48636 
13.7759 2.33212 
18.0984 3.44672 
20.241 5.63556 
17.1774 23.6909 
17.5524 7.35502 
14.4072 21.0246 
15.3524 9.53587 
9.92361 5.94519 
10.6889 1.78255 
12.6448 2.41024 
13.1831 2.75937 
14.3996 12.5641 
16.6098 6.97439 
16.0323 15.5078 
16.185 7.16683 
10.6138 3.5848 
9.11273 0.654928 
10.4768 1.32579 
9.34299 2.96519 
8.54887 2.3515 
8.60763 5.57419 
12.1153 5.60645 
15.4814 6.00233 
14.0578 3.84125 
8.82113 4.56044 
5.36053 2.35113 
4.6555 3.10674 
6.31178 1.00918 
6.945 1.30259 
8.04892 2.29371 
11.334 6.2257 
19.8449 24.4028 
28.4202 17.6711 
24.0544 7.46613 
22.4838 3.51267 
20.2505 3.94346 
17.9707 3.25195 
19.6622 2.30813 
8.11321 2.30765 
10.5922 8.94656 
17.9614 7.73189 
23.7012 4.67931 
19.8083 3.63242 
17.6987 7.69176 
19.1471 2.54378 
16.7883 2.80184 
14.8373 14.5601 
11.2368 10.9001 
10.6943 4.01278 
17.3765 5.0073 
17.4294 6.47048 
14.5518 8.59144 
19.6266 8.78431 
18.0322 1.46541 
33.8906 35.1446 
24.1183 27.2353 
11.8106 8.43183 
18.3604 6.88221 
22.375 3.54425 
16.4116 6.53002 
19.2833 4.66864 
19.5539 2.10983 
44.7139 20.5206 
34.5425 29.3746 
16.7038 17.3586 
22.4155 11.0154 
25.6232 5.91089 
18.113 3.95051 
15.4379 7.06981 
15.9672 6.95188 
43.4924 32.7919 
30.541 16.4526 
19.8814 10.8325 
22.5236 7.99898 
24.8989 9.96702 
19.2885 5.94009 
15.7444 3.56454 
15.5498 9.69559 
42.0534 43.8729 
22.7766 28.3912 
15.6348 6.62167 
20.2875 6.56074 
24.6848 6.10016 
18.9649 9.16821 
13.8041 3.73084 
13.0872 8.34604 
33.7922 60.9175 
19.6955 31.3244 
14.611 3.41406 
15.209 6.80804 
14.3022 10.6222 
14.1151 6.63759 
13.0216 5.03536 
17.3439 3.47552 
23.7054 13.1532 
19.4184 10.9478 
17.0715 4.49554 
11.374 5.16764 
6.8661 3.12775 
10.6131 3.30752 
14.6819 2.9399 
18.316 8.80784 
44.1097 56.702 
62.733 41.0359 
73.0186 20.2197 
77.251 19.4048 
90.1314 26.0363 
89.4085 15.5333 
77.3382 24.0844 
69.744 23.0691 
44.1103 40.5853 
56.7517 24.6386 
63.6094 13.0963 
76.1835 14.2226 
89.5163 30.0315 
91.5966 23.1947 
82.474 54.279 
75.2167 16.7622 
65.6698 22.8905 
69.4742 23.9085 
72.8278 12.5983 
79.685 34.5397 
83.2652 5.70937 
81.5027 22.3812 
78.8109 14.4428 
75.9601 18.7837 
66.4779 12.9164 
67.2619 15.1544 
74.2214 5.62662 
75.4223 20.6261 
67.4825 41.0133 
72.0523 42.5372 
85.4211 35.0412 
91.967 33.6493 
47.1065 29.7815 
56.1633 30.8614 
73.7684 22.3417 
79.5446 23.4634 
67.3478 32.2237 
68.9006 23.1578 
89.717 66.2072 
108.548 26.6275 
58.3274 20.4712 
65.9829 23.0392 
78.156 30.4346 
82.3047 14.1946 
78.002 26.979 
74.0335 22.43 
89.18 73.4557 
114.088 38.3391 
66.2713 12.6681 
65.5175 12.4281 
74.7629 22.4118 
81.5187 20.3277 
84.9934 29.6685 
84.2384 32.7725 
94.0836 34.4851 
107.379 30.2283 
50.5798 44.7641 
50.8013 36.4492 
67.9112 21.5756 
73.4754 8.27804 
68.502 14.2409 
69.4154 43.8164 
84.584 49.6827 
96.7261 29.1238 
59.2658 92.7459 
50.754 50.3097 
66.6948 33.7925 
72.3478 9.18051 
60.3353 17.4241 
57.1072 17.1561 
68.8884 34.4882 
82.2969 16.9103 
202.48 268.662 
172.276 237.34 
146.523 58.1291 
148.552 35.5097 
151.711 20.1116 
169.737 81.1256 
178.987 31.2262 
167.058 57.4836 
214.127 202.605 
193.299 116.772 
168.374 67.0733 
152.488 29.0377 
155.737 40.1114 
167.191 65.2218 
169.255 43.4241 
174.209 19.6998 
163.166 292.707 
171.258 130.121 
176.901 35.4608 
160.585 33.4799 
160.573 39.9466 
169.708 70.6991 
155.053 107.563 
161.212 57.0053 
115.679 140.338 
149.525 112.189 
178.513 55.4904 
157.37 54.3325 
156.791 37.4909 
174.971 63.7767 
153.656 84.163 
148.622 22.7882 
111.546 90.4982 
146.511 121.916 
171.243 69.6289 
140.081 135.68 
135.138 79.7069 
172.446 60.5035 
168.682 58.0835 
153.235 31.411 
121.235 69.4904 
145.51 77.125 
161.24 43.0812 
141.13 73.0282 
126.995 51.5999 
158.036 85.5553 
163.664 69.7392 
146.717 106.475 
129.463 209.391 
157.458 102.86 
163.603 35.1855 
154.746 52.9263 
148.216 58.6776 
159.466 46.4965 
157.926 11.6541 
141.345 63.331 
124.179 286.186 
150.587 98.1952 
161.458 24.6986 
173.224 27.0724 
187.36 101.302 
191.982 127.02 
180.058 107.097 
152.828 92.4267 
123.126 126.044 
132.285 136.461 
148.269 81.3983 
181.592 83.0758 
208.426 69.8971 
211.113 35.6578 
197.26 21.9093 
180.744 71.1729 
31.5567 17.3328 
36.5124 5.57067 
37.7064 7.07137 
38.7108 5.59247 
33.2355 6.87382 
26.5994 13.2566 
27.5145 7.08564 
39.0775 43.3061 
31.6038 31.598 
38.6324 14.6487 
41.2841 14.5121 
38.1738 9.17669 
35.5916 4.70416 
28.509 19.5292 
30.146 15.7269 
34.6581 8.00222 
41.6881 50.7388 
40.0346 8.00341 
39.1734 10.2032 
39.5832 20.9275 
41.1011 3.06946 
38.5832 12.1382 
41.4301 22.874 
40.6713 9.50235 
54.1806 8.48742 
42.6767 11.793 
34.8886 11.0214 
40.0554 10.624 
41.9901 6.63307 
35.9889 7.6854 
36.4364 8.31475 
33.8352 16.0183 
48.047 19.5455 
46.4947 6.70225 
33.6907 8.78557 
34.2661 7.89039 
39.1962 9.85565 
32.048 8.74477 
28.4458 3.81309 
25.2669 8.50158 
35.3018 18.873 
47.6369 21.6672 
37.3804 18.023 
35.8484 8.3388 
41.8648 9.11928 
35.4803 5.61313 
26.8282 5.43393 
23.8015 11.3259 
28.0508 16.8555 
43.1701 28.669 
45.212 8.78109 
40.1947 9.42609 
36.5738 4.87686 
33.2355 14.4199 
29.3541 3.95779 
31.3608 6.7564 
50.1165 35.6689 
51.5369 29.3434 
48.4907 26.385 
38.9677 6.64543 
33.775 7.37296 
30.2671 10.6251 
27.5029 7.22044 
29.594 14.9114 
64.0982 28.8399 
67.6086 20.3055 
59.0598 20.2036 
41.389 23.0054 
31.9576 10.5048 
25.7155 4.32193 
24.4049 5.94528 
23.8618 2.86752 
12.2726 13.8101 
15.5452 7.31439 
20.2121 4.69629 
19.9024 7.65451 
13.4814 2.29593 
7.36042 9.19443 
7.72981 2.13315 
13.0763 8.57036 
8.85964 5.19157 
11.5337 4.33043 
18.2706 7.35893 
18.8482 4.59158 
12.1252 5.73407 
8.09792 3.93156 
8.58171 4.77929 
10.3821 4.82267 
17.5282 13.8628 
15.6268 4.04153 
13.4099 5.86377 
15.1039 2.16213 
11.5095 3.67055 
9.50613 1.20721 
13.0429 4.85954 
13.9835 2.03095 
27.584 8.5217 
19.8238 5.79827 
11.4122 3.77766 
15.9935 15.3909 
16.0251 18.1307 
10.7674 1.54074 
13.1453 3.24236 
12.7308 2.81672 
25.112 8.49642 
18.1829 11.05 
11.7859 5.4413 
20.7672 8.74041 
24.9474 3.32825 
13.3639 9.00983 
8.62642 1.6935 
7.33854 2.39435 
15.6175 4.75015 
14.0346 4.15428 
11.5054 1.61491 
19.4471 19.2504 
25.1941 14.7974 
15.6503 9.01926 
9.48906 1.62063 
8.44693 2.97821 
16.9593 19.9398 
12.9825 10.4049 
12.199 2.35908 
12.4812 1.92923 
13.9077 2.77024 
12.091 6.88232 
11.2312 1.68648 
13.7892 5.03664 
28.8851 8.52838 
24.4163 5.11094 
18.0846 8.57939 
11.3405 2.8513 
9.61372 2.22993 
8.62266 6.15171 
9.20398 1.39505 
14.3259 6.71626 
27.2965 9.03921 
28.9233 5.54307 
19.4119 13.3466 
10.23 4.01503 
10.5265 5.17598 
11.2455 1.50263 
9.90495 6.53606 
9.49479 3.52479 
