304.343 820.386 
304.101 852.75 
307.249 554.739 
312.705 249.913 
313.915 332.64 
315.644 256.924 
316.657 207.937 
313.983 665.294 
302.594 912.776 
304.044 789.299 
308.054 480.186 
313.008 236.799 
314.964 227.533 
316.123 201.986 
316.769 166.048 
314.776 392.836 
299.909 1153.16 
302.874 916.612 
308.251 499.541 
313.111 247.949 
315.664 160.74 
315.907 186.346 
316.361 147.43 
316.252 181.54 
300.501 1176.23 
304.795 728.272 
311.193 388.448 
313.879 198.059 
315.089 144.381 
315.646 164.599 
316.052 149.11 
317.182 155.281 
302.352 1015.75 
307.442 524.848 
313.431 227.502 
314.823 118.011 
315.38 138.111 
316.383 185.982 
316.292 181.071 
316.989 169.097 
301.729 923.679 
307.119 477.936 
313.063 185.143 
316.562 73.1199 
317.154 96.0613 
317.549 128.123 
317.245 100.48 
316.953 99.9696 
300.179 1161.65 
303.653 863.91 
310.788 349.92 
316.417 85.8398 
317.317 102.691 
318.257 108.985 
318.496 95.3033 
317.441 84.2202 
301.974 979.045 
303.707 924.481 
308.411 530.315 
314.267 270.789 
316.431 185.363 
317.44 151.587 
318.379 116.057 
317.973 93.6705 
303.123 855.715 
305.451 773.654 
308.848 575.151 
314.197 288.254 
317.127 140.97 
317.951 74.6508 
318.883 49.8442 
318.336 69.1264 
68.0415 26.2479 
67.4087 30.0136 
66.7697 33.7651 
66.0234 36.2404 
65.3869 35.1451 
64.9031 33.1927 
64.3585 33.2269 
63.8008 34.9122 
68.0353 26.8632 
67.2872 32.3585 
66.6036 36.2099 
65.8928 37.6808 
65.2629 35.9386 
64.7951 34.3764 
64.3175 33.5554 
63.7372 34.7906 
68.045 26.8567 
67.2481 33.0682 
66.4632 38.5127 
65.736 39.822 
65.1552 37.1413 
64.7328 35.3231 
64.2595 34.0545 
63.6777 35.0366 
68.0415 26.9398 
67.3269 31.046 
66.5257 35.9297 
65.7198 39.631 
65.0969 38.2052 
64.694 35.611 
64.1717 34.4465 
63.6312 35.1663 
68.0468 26.5216 
67.3753 29.6173 
66.6201 33.1767 
65.8213 36.5853 
65.1415 36.4312 
64.693 34.7733 
64.1174 34.5612 
63.5892 34.6625 
68.0676 25.4124 
67.3893 28.8455 
66.592 33.3517 
65.7953 35.7736 
65.1214 34.694 
64.6144 33.5623 
64.0351 34.4839 
63.5505 34.4528 
68.0393 24.6192 
67.3827 27.6909 
66.5585 32.7702 
65.692 36.2307 
65.0042 35.8262 
64.4736 34.7073 
63.8897 35.2357 
63.4196 34.4897 
67.9665 24.3909 
67.3288 27.5842 
66.574 31.884 
65.7405 33.9319 
65.0104 35.3908 
64.4152 36.2598 
63.7841 35.5139 
63.2849 34.1679 
67.9197 24.5235 
67.3093 27.6089 
66.601 32.2312 
65.827 32.6573 
65.0665 34.3375 
64.3966 37.097 
63.7344 35.644 
63.2321 34.3884 
122.186 0.0413428 
122.173 0.0513081 
122.15 0.0795625 
122.129 0.129244 
122.13 0.119692 
122.155 0.0760254 
122.17 0.0675489 
122.137 0.101897 
122.175 0.0518242 
122.177 0.0592458 
122.172 0.063363 
122.16 0.0952762 
122.156 0.102146 
122.164 0.0722517 
122.169 0.0630194 
122.134 0.100472 
122.189 0.0388472 
122.179 0.0672377 
122.179 0.0696089 
122.18 0.066556 
122.18 0.0686673 
122.183 0.0677098 
122.178 0.0861778 
122.146 0.111204 
122.214 0.0143661 
122.192 0.0583103 
122.184 0.089764 
122.183 0.0658297 
122.181 0.0637342 
122.186 0.060448 
122.192 0.0744952 
122.177 0.0806935 
122.218 0.0170377 
122.203 0.0328772 
122.198 0.0674662 
122.197 0.057634 
122.192 0.0597118 
122.192 0.0537651 
122.197 0.0546163 
122.184 0.0589971 
122.21 0.0357916 
122.2 0.0396424 
122.206 0.0401735 
122.215 0.0350383 
122.215 0.0320686 
122.209 0.0436792 
122.198 0.0629004 
122.17 0.0847228 
122.217 0.018342 
122.207 0.0364233 
122.215 0.0247592 
122.23 0.016223 
122.232 0.0133581 
122.225 0.0272895 
122.21 0.0565085 
122.176 0.083935 
122.227 0.0117436 
122.224 0.0211395 
122.228 0.0170201 
122.239 0.0105769 
122.238 0.00979618 
122.229 0.0205878 
122.209 0.0513135 
122.174 0.073626 
122.226 0.0176063 
122.236 0.00706273 
122.241 0.00559519 
122.246 0.00331143 
122.246 0.00419192 
122.232 0.0215407 
122.204 0.0703718 
122.163 0.099434 
128.76 0.0278362 
128.787 0.0356692 
128.812 0.0457921 
128.834 0.0572804 
128.849 0.0573912 
128.85 0.0462063 
128.857 0.0412102 
128.887 0.0522497 
128.769 0.033328 
128.791 0.0395028 
128.806 0.0426058 
128.824 0.0491984 
128.841 0.0505564 
128.849 0.0444753 
128.858 0.0398621 
128.889 0.0507833 
128.769 0.0355153 
128.789 0.040796 
128.805 0.0444619 
128.822 0.0460518 
128.835 0.044684 
128.843 0.0420964 
128.855 0.0410962 
128.884 0.0486476 
128.761 0.0272573 
128.782 0.0374687 
128.801 0.0463324 
128.821 0.0456334 
128.837 0.0461853 
128.843 0.0420424 
128.852 0.0396054 
128.875 0.042532 
128.754 0.0198816 
128.778 0.0285856 
128.794 0.0380417 
128.811 0.0396786 
128.831 0.0421184 
128.84 0.0392602 
128.852 0.03717 
128.871 0.037781 
128.751 0.0211546 
128.774 0.0263671 
128.79 0.0320259 
128.804 0.034689 
128.821 0.0334765 
128.834 0.0337763 
128.853 0.0364754 
128.875 0.0401702 
128.749 0.0224932 
128.771 0.03013 
128.787 0.0318974 
128.803 0.0323161 
128.818 0.0303391 
128.833 0.0306206 
128.852 0.034725 
128.877 0.0386559 
128.748 0.018806 
128.767 0.0265798 
128.784 0.029812 
128.797 0.0276792 
128.815 0.0280991 
128.833 0.0303956 
128.855 0.0347667 
128.881 0.0379487 
128.747 0.0192944 
128.76 0.0204828 
128.777 0.0250481 
128.79 0.0228706 
128.808 0.0238288 
128.832 0.030022 
128.86 0.0393997 
128.892 0.0472386 
19.0557 136.837 
19.6934 131.534 
18.5434 107.636 
17.5726 93.5017 
17.366 130.93 
16.289 118.707 
15.2812 92.2111 
14.4189 69.128 
19.1213 152.766 
19.5287 142.127 
19.1344 135.662 
18.5576 142.492 
17.4793 108.21 
16.3388 109.169 
15.5647 94.8731 
14.4465 77.178 
19.9599 177.889 
19.1878 140.129 
19.4744 147.382 
19.3105 170.273 
18.4777 128.113 
17.9566 125.183 
16.4418 83.1994 
15.5651 87.3283 
22.2603 234.335 
20.2164 145.356 
19.6258 135.45 
19.7386 142.317 
18.8575 130.312 
18.2978 128.121 
17.2217 105.004 
16.8912 103.071 
23.9301 243.973 
22.672 216.065 
21.198 187.554 
20.9016 159.685 
19.7689 124.358 
18.6855 132.172 
18.2318 131.152 
18.4233 97.9831 
22.1969 187.143 
22.3995 225.053 
21.0941 162.417 
21.259 179.614 
21.3927 159.958 
19.9146 129.415 
18.375 118.322 
18.0867 88.1726 
21.7375 194.985 
20.8179 195.634 
19.6857 106.505 
20.6849 158.733 
21.4883 171.869 
20.3312 149.43 
18.705 112.145 
18.2819 82.1249 
22.0934 212.59 
21.1226 218.794 
19.1095 138.031 
18.993 122.138 
19.7232 118.393 
18.3942 133.635 
18.182 112.049 
18.6727 94.9518 
21.9108 266.219 
20.9912 253.203 
18.8652 170.006 
17.5409 108.611 
16.9467 108.002 
15.8002 93.5968 
16.6276 85.6267 
17.3804 83.276 
23.1225 96.1481 
23.9573 113.762 
24.9308 112.96 
25.6727 119.398 
24.0579 105.529 
22.8864 100.844 
22.995 92.251 
22.9736 101.285 
22.6282 83.3806 
23.3386 96.2229 
24.1929 121.408 
25.5891 139.193 
24.5843 98.1067 
23.1579 99.6091 
23.831 100.515 
24.1431 113.849 
23.936 84.8122 
24.5608 107.316 
24.792 151.014 
25.9376 155.434 
25.7825 118.26 
24.2039 138.696 
24.6308 107.641 
25.7571 123.129 
25.1429 122.299 
25.1722 124.609 
25.5016 140.054 
25.9327 131.526 
26.8536 152.374 
25.632 164.114 
24.4084 102.179 
26.15 100.751 
25.6509 110.473 
26.1465 104.182 
26.9305 122.862 
27.0641 142.856 
27.3204 158.916 
26.0014 131.558 
24.7594 117.137 
26.542 111.073 
25.0098 95.1936 
26.031 98.496 
27.1167 133.347 
28.4354 183.223 
28.3883 177.929 
26.4513 121.668 
24.6904 136.662 
25.9204 118.177 
24.4296 127.399 
25.9838 135.692 
27.2632 135.222 
28.9945 169.091 
29.2496 175.52 
27.4099 162.544 
25.8626 138.201 
25.9753 91.9259 
25.0771 138.977 
25.5006 159.079 
24.8945 122.526 
26.6431 134.372 
27.2917 166.967 
26.1285 171.628 
25.7753 161.333 
26.4843 136.742 
25.4154 103.221 
25.4691 102.558 
24.147 114.644 
24.2684 132.393 
24.3279 115.208 
23.9004 109.239 
24.3117 115.344 
25.8454 140.846 
66.3345 569.02 
68.9737 500.233 
73.4665 550.761 
78.7131 538.335 
79.1359 564.372 
81.9891 657.519 
85.3768 602.995 
85.0254 653.596 
64.0484 622.726 
67.2323 542.936 
71.1907 593.095 
76.0599 521.601 
78.0483 401.048 
82.0182 439.429 
86.3165 490.987 
85.9485 607.451 
66.0048 642.339 
67.6027 520.596 
70.2909 547.871 
74.9444 549.397 
77.4558 436.918 
79.4539 411.218 
83.5346 393.734 
84.924 493.39 
65.2787 631.879 
69.1111 485.352 
72.0995 531.31 
74.5576 550.787 
77.9069 549.63 
79.2661 489.697 
81.2222 423.768 
84.9266 515.781 
63.5313 585.875 
68.0382 552.918 
72.5182 506.562 
75.3798 475.469 
77.4465 488.883 
80.2542 438.869 
82.4671 534.264 
85.5453 598.363 
65.0286 564.619 
69.9596 594.594 
74.1587 515.823 
77.1642 447.867 
78.1613 399.371 
79.2791 370.558 
80.8024 480.587 
83.2574 562.589 
65.3529 663.658 
69.9918 664.47 
75.2424 537.948 
77.7006 453.388 
79.1622 355.5 
80.2682 447.45 
81.2786 497.665 
82.0495 513.051 
65.8211 676.417 
69.3028 664.776 
73.0514 639.584 
76.0527 512.865 
79.5336 450.382 
81.8129 483.861 
81.2983 521.476 
80.6127 499.145 
67.1598 507.667 
71.1724 625.626 
72.9154 668.855 
75.7757 475.149 
80.1644 480.955 
82.4385 522.547 
81.6552 572.3 
81.7645 586.186 
140.624 1152.68 
136.662 1094.43 
137.337 1173.05 
139.015 1173.67 
142.967 1448.16 
147.633 1086.05 
147.837 960.352 
147.75 949.262 
140.808 1310.59 
138.686 1192.38 
139.849 1057.96 
139.779 1033.48 
142.361 1049.08 
146.062 1038.56 
144.098 1016.23 
145.563 1039.37 
134.934 1273.09 
138.11 1287.11 
140 1150.74 
139.525 1247.92 
142.336 1156.76 
145.209 1123.9 
143.89 868.931 
144.32 970.503 
130.601 1192.63 
135.737 1113.71 
138.122 1134.97 
138.111 1310.88 
139.986 1227.67 
144.172 1195.68 
144.847 889.962 
141.596 801.176 
130.555 1171.86 
134.215 982.773 
136.105 1177.86 
134.295 1202.59 
136.256 1153.45 
140.984 1129.4 
142.101 1123.67 
137.814 980.132 
134.388 1166.58 
134.53 997.107 
136.736 1201.06 
134.521 1240.73 
133.994 1190.78 
138.473 1008.89 
142.758 1208.25 
139.955 950.729 
136.246 1210.41 
134.198 1118.62 
136.696 1073.69 
135.447 1220.13 
133.309 1193.11 
138.025 1122.7 
142.67 1018.38 
141.352 735.016 
136.581 1238.52 
135.603 1237.31 
140.222 1030.16 
139.88 1127.79 
137.122 1170.98 
140.785 1158.53 
143.007 1161.22 
141.134 975.569 
136.718 1278.1 
136.776 1326.9 
141.91 1140.01 
144.109 1158.73 
142.403 1029.25 
143.656 1027.58 
144.233 1097.93 
141.501 1084.31 
35.6642 144.036 
35.7272 158.444 
35.225 151.834 
34.6904 127.398 
34.0542 143.518 
32.2401 120.52 
30.9009 112.826 
30.0822 111.36 
36.6451 182.686 
36.3628 179.125 
35.8687 148.72 
35.5124 145.293 
35.3001 133.553 
32.9392 135.6 
31.8215 140.167 
30.6645 113.117 
36.0605 172.766 
35.28 166.55 
35.7059 153.668 
35.5488 153.507 
34.6495 141.253 
33.0622 135.18 
32.5506 117.062 
31.4106 97.1156 
37.4678 197.043 
35.9695 171.982 
36.7735 156.459 
37.1711 161.885 
34.9573 148.179 
32.4435 128.953 
32.9515 109.532 
32.6625 133.64 
38.1214 219.855 
37.0747 174.655 
37.4428 164.899 
37.7012 169.813 
36.3884 119.656 
33.3563 117.419 
32.7561 109.004 
32.9592 143.949 
35.7702 205.353 
35.4276 146.548 
35.3914 138.836 
35.7803 132.991 
36.5053 117.955 
35.5421 128.352 
33.9905 114.316 
33.7135 144.938 
34.0654 183.858 
34.6483 176.377 
34.4208 158.924 
35.5426 153.644 
36.4404 130.998 
35.2997 136.833 
33.6891 151.796 
33.7058 162.294 
34.3175 167.83 
34.2542 187.626 
34.4668 152.716 
35.7558 108.062 
35.6254 143.657 
34.4756 139.114 
34.2355 141.036 
34.2491 152.165 
34.9688 141.557 
33.7227 129.088 
34.2003 127.935 
36.0643 107.9 
36.5508 168.749 
35.757 166.717 
35.6677 154.955 
35.2165 135.017 
19.5426 122.968 
19.088 109 
17.7458 79.7975 
17.0411 86.0315 
16.3345 110.694 
14.6069 66.3601 
14.2662 59.8005 
13.7332 61.912 
19.3429 111.674 
18.8956 102.895 
17.8186 98.1565 
17.5103 101.669 
17.1912 103.431 
15.6069 79.7021 
15.1374 81.853 
14.0108 51.2978 
19.0137 111.399 
18.1322 91.9874 
17.9875 71.5985 
17.8448 87.0426 
16.9621 86.2056 
16.0209 83.0459 
15.3138 65.1195 
14.2755 61.5679 
19.7505 108.037 
18.5885 113.911 
19.0713 110.787 
18.3674 83.377 
16.5283 68.076 
15.8342 70.6188 
15.401 58.4499 
14.9558 72.7385 
20.5628 120.362 
19.2953 102.777 
19.2371 105.611 
19.4818 109.427 
18.2003 81.9401 
17.1013 66.2649 
15.9773 65.8297 
15.7055 69.6364 
19.3359 111.695 
18.7713 72.961 
18.5666 85.4625 
19.4017 92.1962 
18.7132 91.8274 
17.8894 76.3188 
16.629 71.1328 
16.0192 61.9398 
18.3482 80.7764 
18.0137 68.7748 
17.4792 75.0889 
18.0477 75.0577 
17.6668 77.9017 
16.9234 78.0391 
16.2906 63.2832 
16.0764 56.2227 
18.0841 107.17 
17.9232 69.3932 
16.6671 70.8228 
16.9421 78.6804 
17.1351 82.4046 
15.8433 58.8113 
15.8813 62.3176 
16.8204 61.1593 
16.9498 66.9171 
17.3195 61.056 
16.8101 58.082 
16.4379 62.6286 
16.7347 75.0737 
16.3992 63.64 
16.3879 72.782 
16.6285 63.3996 
