322.372 0.651826 
323.162 0.100617 
322.946 0.156619 
322.53 0.240675 
322.497 0.251827 
322.768 0.156936 
322.815 0.152547 
323.044 0.0939688 
321.845 0.281775 
323.02 0.114223 
322.872 0.195838 
322.779 0.177221 
322.785 0.1262 
320.959 0.277388 
321.093 0.313789 
322.991 0.140989 
322.007 0.147399 
322.805 0.114942 
318.439 4.53889 
317.9 2.24794 
321.582 4.91888 
320.873 0.0973693 
320.96 0.12672 
322.917 0.161067 
322.079 0.145533 
321.247 1.09419 
314.95 4.03485 
314.65 1.00283 
321.39 6.66535 
322.659 0.306214 
322.66 0.288984 
322.874 0.29556 
322.051 0.389523 
321.323 1.05702 
318.237 2.67541 
318.365 3.14137 
322.47 1.37401 
323.04 0.101794 
323.044 0.0924606 
322.989 0.134079 
320.465 13.0792 
322.422 0.508688 
322.182 0.633571 
322.259 0.632957 
323.006 0.114512 
323.027 0.0973613 
323.008 0.0935376 
323.034 0.0842613 
317.018 19.3935 
321.455 0.738195 
322.944 0.0976695 
322.903 0.0895546 
322.915 0.0998639 
322.983 0.0992053 
322.928 0.0897392 
322.979 0.0861565 
318.882 3.97361 
321.081 0.826713 
322.409 0.306257 
322.678 0.147352 
321.873 0.108829 
322.078 0.130832 
322.953 0.0924895 
323.043 0.0921367 
322.024 0.544299 
321.876 0.229942 
321.442 0.343545 
322.07 0.356326 
321.734 0.221001 
322.061 0.134388 
322.982 0.100646 
323.094 0.0879092 
69.0538 0.0156497 
68.1393 0.0312981 
67.9988 0.10584 
67.811 0.226119 
66.4272 0.0433588 
65.9411 0.0478404 
65.112 0.0566486 
62.4697 0.299464 
69.1653 0.0354029 
68.2056 0.0137951 
67.8486 0.0511527 
67.8498 0.16897 
66.9142 0.0126638 
66.1989 0.0408019 
64.6342 0.242575 
61.6026 0.138062 
69.3059 0.0605402 
68.3976 0.0038928 
68.0009 0.0168564 
67.8368 0.189969 
66.9432 0.0087161 
65.9637 0.101954 
64.0195 0.464988 
61.3591 0.0818993 
69.3659 0.0677066 
68.5295 0.0038574 
68.1404 0.00895119 
67.5809 0.245996 
66.6467 0.0149494 
65.1563 0.16246 
63.1692 0.586917 
61.1936 0.152268 
69.3473 0.0472384 
68.6242 0.00896442 
68.1574 0.00472553 
67.0634 0.220187 
66.352 0.0298345 
64.5128 0.0850943 
62.6819 0.74226 
61.3538 0.166647 
69.32 0.034153 
68.5714 0.0222822 
67.8784 0.013522 
66.3769 0.113701 
65.9516 0.128179 
64.1783 0.0231432 
62.3606 0.877678 
62.0115 0.0792983 
69.2415 0.0205271 
68.4244 0.0214338 
67.6231 0.0136111 
66.1443 0.0624058 
65.7153 0.521685 
63.8861 0.0472717 
61.4796 0.822634 
62.1165 0.032819 
69.134 0.00784079 
68.3558 0.019964 
67.7383 0.0157044 
66.3864 0.0531249 
65.7088 0.91973 
64.1223 0.07141 
61.0518 0.52917 
61.9385 0.0720854 
69.061 0.00728677 
68.2431 0.0310587 
67.8254 0.0183974 
66.3936 0.0509622 
65.1517 0.966283 
64.4341 0.0691654 
61.5625 0.276503 
61.9828 0.180144 
122.247 1.17899e-007 
122.249 2.41202e-007 
122.25 8.35234e-007 
122.25 1.9308e-006 
122.254 3.77184e-007 
122.256 3.87325e-007 
122.258 5.30264e-007 
122.266 2.99699e-006 
122.247 5.81538e-007 
122.249 1.09017e-007 
122.25 4.00458e-007 
122.25 1.39146e-006 
122.253 1.15063e-007 
122.255 3.60195e-007 
122.26 2.33226e-006 
122.269 1.29997e-006 
122.24 0.000448972 
122.246 7.24451e-005 
122.25 2.50636e-007 
122.25 1.59924e-006 
122.253 7.61419e-008 
122.256 9.96472e-007 
122.262 4.4312e-006 
122.27 7.99123e-007 
121.898 0.0173458 
122.123 0.0031299 
122.239 0.000172383 
122.251 2.21342e-006 
122.254 1.23821e-007 
122.258 1.61635e-006 
122.264 5.52089e-006 
122.27 1.54753e-006 
121.374 0.0231127 
121.862 0.0122001 
122.145 0.00186962 
122.25 5.9514e-005 
122.255 2.97647e-007 
122.26 8.43288e-007 
122.266 7.16826e-006 
122.27 1.68004e-006 
121.121 0.0114701 
121.666 0.0157792 
122.029 0.00388821 
122.248 0.000280656 
122.256 2.69025e-006 
122.261 2.49905e-007 
122.267 9.12459e-006 
122.268 7.53077e-007 
121.3 0.00689696 
121.644 0.010049 
121.994 0.00428761 
122.247 0.000436155 
122.256 1.21287e-005 
122.262 6.70119e-007 
122.27 8.96962e-006 
122.268 3.2058e-007 
121.678 0.0169016 
121.756 0.00638469 
122.003 0.00360744 
122.246 0.000444768 
122.256 2.12014e-005 
122.262 1.21223e-006 
122.271 5.70139e-006 
122.269 6.62555e-007 
122.059 0.00505399 
122.017 0.00423466 
122.102 0.00199894 
122.249 0.000229376 
122.258 2.1625e-005 
122.261 1.20105e-006 
122.27 2.99688e-006 
122.268 1.76089e-006 
128.699 6.42984e-006 
128.719 1.34546e-005 
128.722 4.81623e-005 
128.726 0.000118056 
128.757 2.3451e-005 
128.767 2.28892e-005 
128.787 3.47614e-005 
128.856 0.00020564 
128.697 1.4931e-005 
128.718 6.25648e-006 
128.725 2.28954e-005 
128.725 8.28815e-005 
128.745 7.38464e-006 
128.761 2.27134e-005 
128.799 0.000156214 
128.878 8.56697e-005 
128.7 0.000101343 
128.714 1.6286e-005 
128.721 7.71797e-006 
128.725 9.69279e-005 
128.745 4.75216e-006 
128.767 6.75238e-005 
128.815 0.000294347 
128.882 5.37428e-005 
128.837 0.00214861 
128.769 0.000556201 
128.722 3.81107e-005 
128.731 0.000132696 
128.752 7.48517e-006 
128.788 0.000110684 
128.837 0.000363543 
128.886 0.00010708 
129.036 0.00273769 
128.89 0.00193155 
128.77 0.000477065 
128.744 8.29496e-005 
128.759 1.55389e-005 
128.804 5.78029e-005 
128.849 0.000480555 
128.883 0.00011548 
129.132 0.000601113 
128.986 0.00194322 
128.834 0.000966835 
128.762 3.55735e-005 
128.768 7.25886e-005 
128.813 1.42872e-005 
128.86 0.000643644 
128.87 4.98351e-005 
129.096 0.00033745 
129.005 0.00140023 
128.858 0.000991724 
128.768 4.68752e-005 
128.775 0.00032869 
128.822 2.65062e-005 
128.887 0.000652 
128.87 2.16951e-005 
128.985 0.00151575 
128.968 0.000985341 
128.851 0.000879557 
128.762 5.0844e-005 
128.776 0.000595193 
128.818 4.03966e-005 
128.899 0.000410878 
128.875 4.29447e-005 
128.828 0.00122167 
128.851 0.000983173 
128.8 0.000463481 
128.76 2.3836e-005 
128.789 0.000601247 
128.809 3.95996e-005 
128.884 0.000216831 
128.872 0.000119174 
11.6291 4.64487 
13.5895 3.76149 
10.9407 7.62789 
9.29942 1.95491 
9.73273 4.92518 
12.6272 2.55061 
9.64439 3.5225 
7.69366 1.00989 
11.6277 5.16321 
9.88979 2.27585 
10.5134 4.45648 
10.6724 4.32983 
9.08122 3.51761 
14.3781 3.10939 
11.6248 3.51433 
6.0927 1.2345 
14.3649 7.48164 
12.1554 7.81901 
15.5424 8.96048 
13.8233 6.89972 
8.89442 4.82328 
14.0001 1.82618 
15.0824 1.8088 
9.84999 1.18213 
15.0022 2.3769 
17.562 18.9053 
24.3855 3.07961 
18.1369 15.1211 
12.7871 9.25818 
11.263 1.84518 
10.6842 4.9876 
11.0299 1.67521 
12.1194 1.41558 
15.3523 6.63348 
19.8755 3.97335 
16.5816 5.49145 
21.7755 8.41498 
18.2286 3.31385 
8.03942 19.2507 
7.39453 1.49607 
8.86482 2.44509 
10.9224 2.1436 
13.3291 2.10734 
11.6332 0.99663 
17.1249 6.98764 
15.8106 6.64259 
9.511 10.732 
8.22535 1.91628 
8.31804 1.37638 
9.6258 1.50797 
10.2318 2.94608 
8.33747 3.88361 
7.56104 3.57318 
8.36642 7.68692 
10.4075 2.3924 
13.1795 1.98041 
13.144 2.38676 
5.87016 2.75919 
3.16452 1.53619 
5.05184 0.817483 
7.27024 0.583174 
7.76364 2.66098 
7.20705 1.15104 
12.0165 2.30712 
13.2944 3.70425 
7.88727 3.08866 
7.62068 4.22035 
8.25268 2.54949 
8.37667 0.334969 
6.90267 0.589824 
3.46936 0.426235 
6.47945 2.70777 
13.9863 19.8575 
18.3968 7.87125 
21.6247 13.8426 
19.6686 3.91047 
16.7875 6.25941 
17.8414 2.84425 
15.0559 3.80397 
10.8784 1.31988 
12.3945 8.0849 
12.1778 5.32941 
17.9004 4.02592 
17.955 7.39323 
14.7131 6.61376 
22.1788 5.8926 
16.4295 3.24119 
6.95536 2.44098 
16.9047 16.9266 
11.6271 12.5123 
21.2933 3.16297 
21.6373 5.74289 
14.7095 3.51173 
21.5739 3.59517 
17.3816 1.94675 
10.9771 6.19852 
22.6234 29.0914 
16.714 15.2463 
27.0409 5.86821 
24.1223 6.56332 
15.2854 3.76929 
16.0978 8.65947 
12.6671 2.2631 
13.45 4.92001 
23.0197 9.05722 
19.6529 5.98659 
24.9262 5.08777 
23.2246 9.45824 
17.5839 1.8184 
16.8806 6.84768 
11.8317 5.69514 
11.2554 4.19886 
16.3243 2.48833 
15.5508 2.96957 
21.9695 5.82473 
22.9818 6.67486 
15.1547 1.38445 
13.1543 4.28963 
11.945 10.1057 
12.8619 9.10032 
13.1086 3.15609 
14.7141 2.07692 
12.9317 11.6008 
12.3628 14.8991 
11.6559 2.95622 
13.2893 10.4169 
17.3934 0.548076 
24.8912 9.0157 
20.1713 5.09744 
15.9149 4.32669 
7.17378 3.57748 
6.56301 1.93811 
12.2046 4.64441 
17.2932 11.6052 
17.772 5.54683 
24.8487 10.5854 
21.3532 6.96183 
15.3845 3.24185 
12.5322 3.58011 
10.3827 4.01956 
12.5795 3.89908 
15.8627 2.07919 
10.1008 1.83389 
10.97 10.1288 
62.2526 8.93629 
70.7398 54.9398 
80.493 14.6653 
92.8045 25.2212 
92.6145 16.1581 
72.2813 36.6209 
75.5023 31.6269 
104.266 45.751 
73.8055 7.1374 
79.6629 34.7327 
78.2211 14.0542 
83.1364 12.5616 
85.4699 22.1746 
77.2319 17.548 
79.3964 21.0615 
100.748 9.54366 
68.4868 10.3568 
76.9809 5.89531 
69.8115 9.98161 
64.1034 27.7136 
77.8592 33.3859 
92.5172 46.1059 
94.7993 34.3499 
101.781 26.986 
63.9113 21.7676 
78.5816 7.29401 
78.8855 33.816 
67.5458 27.9093 
76.3509 19.9907 
103.745 31.4075 
110.596 10.2526 
96.2967 58.8864 
70.9342 13.4727 
82.2455 12.8252 
81.4651 13.1392 
77.9405 31.1632 
76.3144 23.8505 
104.821 90.3484 
118.718 16.7841 
94.5251 98.1279 
63.858 12.4767 
78.2476 7.74814 
79.548 31.7768 
85.1267 31.9914 
83.4111 57.7629 
103.375 36.4567 
113.444 12.5801 
96.9586 46.9215 
56.3643 29.3897 
74.9387 9.75241 
69.662 18.3745 
66.8859 18.0875 
66.9289 60.2334 
90.0494 29.9689 
100.88 27.9358 
84.7424 32.4463 
59.2637 40.121 
75.1774 7.15535 
68.5627 25.5242 
53.1591 13.5071 
55.99 16.4948 
77.9143 27.759 
79.9255 31.7983 
68.6603 34.0985 
70.7934 11.4498 
73.5763 3.369 
72.258 21.933 
60.8697 18.9011 
68.6277 58.4317 
85.7103 7.70156 
70.1737 71.9242 
63.3011 37.9347 
176.398 119.42 
168.102 40.7852 
154.666 37.7067 
155.335 24.1854 
169.851 30.4699 
172.241 28.9531 
176.434 21.4853 
174.421 40.8022 
166.294 45.1101 
174.948 58.2732 
159.306 14.5451 
158.487 46.2772 
168.9 64.6971 
144.42 105.965 
162.249 50.0963 
183.835 28.413 
169.029 88.1727 
177.384 111.774 
150.058 42.9214 
163.014 57.5741 
178.103 56.109 
143.512 34.0612 
151.924 13.2848 
164.655 53.1246 
165.612 42.2512 
162.206 191.011 
123.795 37.8557 
149.557 139.521 
177.971 15.8675 
157.02 54.7862 
156.348 24.1795 
153.347 15.4718 
152.699 55.7806 
154.626 68.7216 
129.636 45.3854 
141.467 107.938 
161.521 29.1189 
148.363 127.185 
152.063 43.3248 
158.895 16.8726 
168.608 39.3629 
162.208 17.8858 
154.105 82.1199 
156.288 73.1149 
162.608 36.0554 
150.574 106.678 
146.566 29.7572 
154.579 11.44 
160.428 17.9817 
162.399 29.4866 
183.596 79.6043 
197.555 149.077 
198.142 102.316 
174.985 205.486 
154.579 48.5594 
152.606 17.6756 
130.835 75.9428 
162.1 173.92 
201.036 118.158 
218.546 42.963 
209.825 57.9633 
188.744 97.6704 
185.857 63.7498 
175.12 59.2045 
137.316 21.322 
163.465 102.92 
177.632 96.8929 
198.283 81.5467 
194.125 93.6404 
179.255 24.742 
209.722 80.3045 
206.165 108.386 
43.7345 6.89596 
35.1301 32.8091 
38.8362 4.34315 
35.7745 7.7585 
26.0381 11.0417 
36.3569 18.8878 
34.7889 7.33432 
18.4399 15.3356 
42.9414 4.50907 
33.9546 14.7521 
42.8998 6.08607 
42.0714 5.60206 
35.2636 10.1585 
47.11 11.9443 
38.147 11.5615 
20.0008 5.75423 
38.548 6.2506 
32.8892 6.57573 
42.6577 5.1726 
39.5702 4.66399 
32.1802 6.35159 
35.9438 10.2243 
29.3061 3.56946 
25.1447 17.7913 
41.8085 12.9112 
32.8297 5.24176 
35.9777 6.1934 
34.2309 14.0736 
29.3378 2.57681 
26.7747 2.441 
23.8318 4.31048 
33.746 19.159 
50.1252 31.1924 
36.8052 11.213 
38.8179 11.2693 
38.2015 16.7471 
33.1655 8.4669 
25.3599 5.46717 
24.6618 12.1018 
38.3375 25.9303 
48.1027 11.8086 
43.6715 5.64948 
39.4718 1.97885 
33.7321 11.2446 
32.9523 10.2328 
27.8267 4.7946 
29.3784 4.13799 
37.1946 16.953 
55.0692 8.80274 
45.5829 24.8019 
36.8282 9.00851 
29.7279 8.10649 
29.8946 4.48497 
25.1365 8.08744 
26.4201 11.9798 
33.1235 15.0514 
68.474 12.7012 
49.414 51.76 
34.5515 12.2194 
27.1426 6.60365 
24.2828 1.94296 
22.3541 4.19292 
24.0362 3.03695 
31.5487 5.30961 
59.0757 30.4718 
49.0502 45.6758 
40.2145 10.7536 
29.5141 3.36127 
24.0578 1.70598 
27.1377 5.72573 
25.686 4.00346 
28.5622 5.37386 
14.3709 6.9301 
17.2034 6.66075 
16.3853 8.63357 
9.64847 0.74387 
7.47227 2.4319 
11.4194 9.63643 
11.3887 5.67051 
7.34541 2.23168 
14.7813 4.45362 
12.3864 3.56645 
14.0309 3.6515 
10.4571 1.8606 
9.35736 1.64867 
15.6402 2.89022 
13.2464 1.8285 
5.35862 3.14518 
14.6734 6.34631 
11.7681 8.8731 
19.0762 18.6287 
15.7512 17.8745 
9.83522 2.17384 
13.325 6.41165 
12.4659 5.28526 
10.5092 4.79109 
13.1212 2.97185 
13.3536 14.5237 
24.8655 2.36375 
21.0573 16.1411 
9.65843 1.60734 
7.75804 0.657641 
8.53266 8.83334 
15.0035 4.48018 
13.154 1.80586 
12.6406 6.34188 
23.5161 20.1119 
20.9498 25.8047 
12.1089 2.40689 
9.38669 1.48525 
7.72968 2.07883 
12.582 7.14804 
14.7071 18.9689 
11.8212 1.58524 
13.7591 1.63051 
12.4969 2.4214 
11.7545 2.18131 
12.2868 5.66345 
12.1638 2.17384 
13.2138 4.01305 
23.7293 2.04957 
14.1937 5.14752 
9.69463 1.00502 
8.03429 4.95654 
8.73302 1.28762 
11.1558 10.6636 
13.2481 2.17249 
14.4358 3.66437 
26.9939 9.46851 
12.6038 11.2261 
7.92117 1.46404 
12.2152 0.866224 
12.3004 0.916876 
8.00848 3.00951 
8.15522 2.04957 
10.8486 2.84149 
20.192 3.01348 
12.5123 6.2833 
11.1853 1.11636 
14.7678 2.05959 
13.9677 1.63785 
7.19262 3.09821 
3.8302 0.545203 
7.616 2.06081 
