2378.88 2.51196e+006 
2504.35 2.69302e+006 
2540.05 2.77995e+006 
2655.56 3.18235e+006 
2419.96 2.48406e+006 
2559.31 2.81623e+006 
2623.89 3.06799e+006 
2754.39 3.29707e+006 
2431.19 2.3011e+006 
2613.88 2.87293e+006 
2722.77 3.18473e+006 
2849.49 3.61522e+006 
2462.44 2.39614e+006 
2647.14 2.83198e+006 
2789.01 3.3178e+006 
2952.03 4.06436e+006 
2503.06 2.57169e+006 
2679.21 2.98939e+006 
2863.77 3.64761e+006 
3070.37 4.43493e+006 
2494.03 2.66078e+006 
2722.5 3.33449e+006 
2981.53 4.14929e+006 
3213.61 5.07742e+006 
2472.66 2.89041e+006 
2785.61 3.76986e+006 
3118.04 4.68845e+006 
3394.44 5.9812e+006 
2481.47 3.04086e+006 
2820.06 3.89489e+006 
3182.1 5.02489e+006 
3528.16 6.44659e+006 
2508.5 3.25122e+006 
2835.68 4.1981e+006 
3201.82 5.47767e+006 
3610.05 6.687e+006 
52.8979 4.88123 
52.6901 5.44769 
52.4825 5.94759 
52.197 6.60991 
52.9142 4.97343 
52.6885 5.5501 
52.4762 6.03826 
52.1899 6.70329 
52.9262 4.9901 
52.6895 5.61049 
52.4671 6.1802 
52.1827 6.8565 
52.9269 4.97598 
52.6925 5.65346 
52.4551 6.32634 
52.1682 7.00362 
52.9151 5.01153 
52.689 5.6922 
52.4284 6.43551 
52.1244 7.15988 
52.8948 5.07724 
52.6698 5.74361 
52.3826 6.5237 
52.0562 7.28236 
52.8653 5.0988 
52.6315 5.78251 
52.3218 6.59818 
51.9725 7.37921 
52.824 5.06998 
52.5721 5.78837 
52.2544 6.61989 
51.8867 7.48314 
52.766 5.06492 
52.4917 5.80683 
52.1766 6.65755 
51.8012 7.56018 
90.0451 0.022419 
90.0493 0.0185775 
90.0569 0.0102818 
90.0644 0.00402066 
90.0395 0.0218118 
90.0454 0.0177067 
90.0543 0.00972076 
90.0626 0.00418179 
90.0285 0.0279316 
90.039 0.0182034 
90.0519 0.00814711 
90.0616 0.00328531 
90.0163 0.0389082 
90.0309 0.0253534 
90.0479 0.0108015 
90.0603 0.00348238 
90.0074 0.0410096 
90.0262 0.0268417 
90.0453 0.0119968 
90.0591 0.00416129 
90.0026 0.0410796 
90.0241 0.0255159 
90.0437 0.0120162 
90.0581 0.00468673 
90.0033 0.0379721 
90.0253 0.0212112 
90.0444 0.00922827 
90.0586 0.00382974 
90.0058 0.0382804 
90.0269 0.0222907 
90.0468 0.00900408 
90.0607 0.00310241 
90.0117 0.034881 
90.0299 0.0213371 
90.0486 0.00865529 
90.0626 0.00300365 
94.8068 0.00536922 
94.8092 0.00515753 
94.8108 0.0043134 
94.8134 0.00363154 
94.8094 0.00575979 
94.8119 0.00542809 
94.814 0.0046694 
94.8165 0.00394999 
94.8153 0.00706563 
94.8159 0.00598802 
94.8158 0.00481288 
94.8175 0.00402142 
94.8228 0.00920535 
94.8206 0.00721457 
94.8178 0.00531621 
94.818 0.00403224 
94.827 0.00984323 
94.8243 0.00792387 
94.8214 0.00589862 
94.8199 0.00437182 
94.828 0.0103522 
94.8262 0.00827675 
94.8247 0.00617388 
94.8235 0.00461207 
94.8287 0.0101008 
94.8263 0.00785078 
94.8254 0.00581183 
94.8268 0.00471844 
94.8287 0.00997733 
94.8259 0.0078228 
94.824 0.00549949 
94.826 0.00434455 
94.8271 0.00917598 
94.8256 0.00744194 
94.8241 0.00530062 
94.8255 0.00426369 
71.7685 4353.01 
68.7876 3177.1 
68.8164 2684.15 
71.0716 2378.7 
66.9608 2143.04 
66.1135 2103.6 
66.1087 2122.41 
68.2283 2482.07 
64.3389 1826.46 
66.3511 2175.75 
64.2097 2052.7 
63.9461 2157.86 
60.8832 1550.99 
64.4703 2254.75 
63.9103 1987.13 
62.9107 2063.3 
61.1453 1541.63 
61.7801 1786.79 
64.6634 2207.97 
65.2984 2825.52 
62.1169 1586.16 
61.5026 1721.87 
63.0846 2274.79 
64.103 2699.27 
62.6529 1830.84 
62.8 2140.08 
60.9323 2147.55 
61.261 2208.16 
63.5826 1805.92 
64.7267 2408.52 
62.8771 2379.19 
62.9653 2519.03 
63.0438 1574.74 
64.4671 2007.65 
65.3116 2406.47 
66.7114 2715.72 
101.755 4413.06 
103.608 4125.83 
106.251 4103.02 
113.019 4221.7 
101.913 4503.07 
104.368 3770.14 
105.064 4099.82 
113.418 4566.92 
102.409 4851.68 
106.495 4016.42 
107.756 3809.62 
111.918 4547.16 
101.234 3872.01 
105.102 3780.16 
106.554 3599.25 
105.968 3665.53 
101.171 3683.99 
102.926 3543.49 
105.646 3497.89 
104.01 3368.39 
98.4932 3629.23 
98.6444 2928.29 
101.325 3259.93 
100.665 3368.16 
93.6029 4330.51 
92.8288 2941.95 
93.7387 2662.39 
95.2009 2707.57 
92.4411 3637.42 
91.9883 2737.57 
94.123 2497.98 
98.7858 2962.95 
91.6787 3024.26 
94.079 2361.48 
94.9589 2437.98 
100.687 2971.41 
534.89 189045 
579.996 201592 
604.646 221644 
631.997 248592 
542.976 198006 
591.155 212415 
614.839 235312 
649.236 254803 
541.092 182984 
591.065 214046 
631.724 250173 
672.054 297072 
545.213 190340 
596.624 220362 
640.481 263172 
685.52 346549 
545.561 199549 
606.609 232807 
660.107 303353 
709.666 397559 
528.588 194764 
596.192 243388 
677.898 342959 
745.329 449399 
513.611 208630 
591.105 267573 
690.25 359044 
780.79 522088 
514.716 207827 
600.736 269832 
704.895 396734 
814.842 583834 
513.52 205795 
604.764 277939 
713.741 423861 
834.281 574031 
1382.77 1.31837e+006 
1458.96 1.39313e+006 
1469.74 1.38449e+006 
1549.91 1.60503e+006 
1417.33 1.28944e+006 
1498.66 1.4614e+006 
1540.05 1.55088e+006 
1632.54 1.69763e+006 
1433.38 1.17748e+006 
1548.43 1.50714e+006 
1622 1.62311e+006 
1705.65 1.86661e+006 
1460.45 1.18408e+006 
1577.82 1.44423e+006 
1679.53 1.69805e+006 
1796.66 2.04403e+006 
1495.31 1.26455e+006 
1604.23 1.47194e+006 
1731.03 1.80705e+006 
1887.09 2.17407e+006 
1512.84 1.35818e+006 
1668.53 1.70465e+006 
1840.1 2.1152e+006 
1997.07 2.55283e+006 
1514.7 1.4994e+006 
1746.09 1.97318e+006 
1981.53 2.45794e+006 
2149.42 3.04156e+006 
1527.05 1.55294e+006 
1775.57 2.05443e+006 
2030.76 2.59537e+006 
2247.25 3.22602e+006 
1564.09 1.70678e+006 
1787.67 2.23003e+006 
2036.02 2.82229e+006 
2308.33 3.45107e+006 
215.127 12248.5 
221.831 12644.8 
220.564 13313.5 
218.366 13454.5 
216.872 12225.4 
224.387 12115.3 
226.624 12866 
223.214 13887.8 
218.64 12404.9 
226.698 12546.8 
224.532 13264.6 
226.794 13292.7 
225.288 13968.2 
231.969 14049.3 
228.258 14102.2 
231.46 13144 
228.928 14148.7 
234.073 14492.6 
234.451 15271.8 
236.387 14210.6 
221.703 14333.4 
229.168 14393.1 
234.057 14976.1 
241.415 15655.5 
218.832 15283.2 
225.952 15247.5 
231.344 15721.4 
246.018 17102.3 
216.129 15667.2 
223.448 15743.1 
230.03 15211.6 
241.21 15159.2 
211.089 16125.3 
221.665 15950.3 
229.88 15816.7 
236.185 15221.2 
72.5629 1645.92 
71.1668 1672.88 
70.0287 1428.08 
71.1986 1310.3 
73.9039 1727.88 
74.6211 1657.86 
71.2077 1526.31 
67.7497 1400.75 
71.3302 1436.94 
74.8488 1572.71 
72.546 1845.12 
69.1286 1672.33 
69.3652 1414.95 
71.1511 1601.36 
70.2782 1589.48 
69.5149 1512.19 
70.9489 1455.19 
69.5897 1551.01 
67.874 1310.16 
67.9173 1540.28 
70.2872 1584.22 
68.4674 1521.78 
65.0642 1252.34 
65.023 1384.8 
69.2637 1378.81 
66.8372 1283.02 
60.2385 1061.9 
61.7445 1236.23 
67.5531 1310.48 
63.5902 1151.76 
59.4225 991.246 
63.1039 1148.89 
65.0811 1312.13 
63.0347 1117.92 
61.9011 1035.82 
63.8639 1264.14 
