5788.28 97876.1 
6213.95 68816.1 
10060.8 943164 
11307.7 1.46192e+006 
4783.23 87231.1 
5770.21 138602 
11163.4 348217 
12105.1 411470 
5093.13 103218 
5860.91 84272.7 
8666.55 703383 
8638.62 1.10397e+006 
6857.03 411295 
9168.98 2.58658e+006 
9666.26 1.57348e+006 
6669.83 427824 
9260.78 422197 
14437.3 1.41211e+006 
13719.1 396666 
6558.59 1.65865e+006 
11605.2 394916 
14778 876878 
11860.4 1.6457e+006 
5497.71 1.12406e+006 
12551.3 221756 
11282.6 848234 
7100.27 1.07857e+006 
4672.78 233252 
12926.9 144471 
10054.2 684918 
5397.97 237427 
4619.09 239008 
13793.4 142339 
9435.75 741692 
3896.67 148479 
3827.89 276108 
52.686 0.00260877 
52.8729 0.00655763 
51.8307 0.149572 
50.5368 0.0225342 
52.7436 0.00466996 
53.2081 0.0262466 
52.8381 0.377173 
51.3984 0.15706 
52.8134 0.0107519 
53.7859 0.0585055 
53.9562 0.129025 
52.246 0.050625 
52.8189 0.0159014 
54.3546 0.0970781 
53.8474 0.0888602 
51.8527 0.0274042 
53.0584 0.0428562 
55.3745 0.0682563 
54.1088 0.0950944 
51.6081 0.00604149 
53.5204 0.0423097 
55.5925 0.100874 
53.9153 0.0795276 
51.8493 0.0263421 
53.7458 0.0128186 
54.8559 0.105042 
52.9269 0.0906718 
51.9575 0.00821279 
53.1343 0.243668 
54.0453 0.228563 
52.2651 0.0284105 
51.6299 0.0103837 
51.0479 0.249291 
52.3089 0.178132 
51.8098 0.0146951 
51.389 0.0063266 
90.0718 1.89409e-008 
90.0713 4.54189e-008 
90.0744 1.07987e-006 
90.0779 1.48375e-007 
90.0717 3.37062e-008 
90.0705 1.73482e-007 
90.0718 2.84851e-006 
90.0756 1.23408e-006 
90.0715 7.36173e-008 
90.069 3.84265e-007 
90.0686 9.27433e-007 
90.0731 3.54935e-007 
90.0715 1.08464e-007 
90.0676 5.81149e-007 
90.069 5.74488e-007 
90.0741 1.86437e-007 
90.071 2.71077e-007 
90.0652 4.56669e-007 
90.0685 6.15472e-007 
90.0747 3.932e-008 
90.0699 2.658e-007 
90.0647 6.92313e-007 
90.0689 4.82513e-007 
90.074 1.89683e-007 
90.0693 8.68369e-008 
90.0664 7.02583e-007 
90.0712 5.57278e-007 
90.08 4.20503e-005 
90.0709 1.77232e-006 
90.0684 1.66294e-006 
90.0729 1.95123e-007 
89.9917 0.00198661 
90.0767 1.88419e-006 
90.0731 1.3094e-006 
90.0741 1.02669e-007 
89.8458 0.00434873 
94.7965 9.0609e-007 
94.7931 2.2644e-006 
94.818 5.75597e-005 
94.8429 7.22301e-006 
94.7953 1.55309e-006 
94.787 8.33812e-006 
94.7987 0.000157997 
94.826 7.03319e-005 
94.7942 3.58829e-006 
94.777 1.83867e-005 
94.7752 4.96378e-005 
94.8062 1.86365e-005 
94.7946 5.2377e-006 
94.7683 2.53662e-005 
94.7783 2.82828e-005 
94.8129 9.27778e-006 
94.7913 1.23608e-005 
94.7529 2.2441e-005 
94.7763 2.9396e-005 
94.8175 1.85341e-006 
94.7841 1.2108e-005 
94.7488 3.4886e-005 
94.7783 2.19783e-005 
94.8125 1.01144e-005 
94.7804 4.12528e-006 
94.7592 3.44113e-005 
94.7927 2.55349e-005 
94.8133 1.86084e-005 
94.7917 9.47385e-005 
94.7737 8.83187e-005 
94.8046 9.77017e-006 
94.8548 0.000319248 
94.8347 0.000104016 
94.8079 7.13297e-005 
94.8131 5.21189e-006 
94.9063 0.000478698 
18.1819 20.229 
20.4826 111.452 
410.282 4959.28 
449.476 1809 
13.5509 13.8741 
69.5474 408.767 
229.613 3510.47 
183.578 4536.16 
9.53908 13.1964 
78.541 29.9368 
152.421 1631.55 
96.6988 1470.24 
15.7238 20.3673 
129.473 5342.88 
440.534 763.56 
331.503 6169.02 
42.1335 203.421 
602.374 102687 
934.175 104484 
348.686 4564.46 
56.6745 93.7468 
892.312 1121.56 
951.532 9249.18 
80.8449 5135.34 
56.1356 234.386 
488.058 102782 
498.017 106638 
36.4948 158.205 
319.862 35926.2 
244.547 14897.7 
58.4641 42.7749 
54.8548 150.138 
711.953 10364.3 
415.179 13777.3 
74.9735 25.1437 
78.111 126.966 
54.0769 168.157 
77.6518 243.639 
337.116 4160.64 
360.601 2238.53 
36.6305 59.3848 
169.021 2167.35 
344.859 1619.77 
224.889 2427.9 
39.2553 25.8461 
239.378 1092.51 
347.52 6736.49 
141.293 3489.71 
48.1551 277.887 
417.938 11031.6 
700.773 521.881 
311.242 9660.95 
110.64 2156.79 
744.613 40856.1 
1029.67 34047.9 
368.809 12537.8 
118.936 2488.77 
713.987 11689.4 
770.702 9364.73 
164.052 1522.02 
63.8976 286.83 
326.982 36208.4 
362.372 46143.2 
95.8319 1673.32 
937.464 214783 
797.073 140295 
52.5974 119.54 
70.8354 333.807 
2563.49 265962 
1851.95 215751 
77.0442 92.5942 
112.268 387.288 
1371.01 10927.7 
1590.69 12800 
1288.6 15616 
1370.56 48290.5 
1012.64 11065.6 
1282.21 15593.1 
1951.74 36988 
2135.18 45332.1 
960.79 3256.11 
1412.09 28741.1 
2237.18 26082 
1992.01 25966.3 
1340.33 39978.1 
2402.2 164447 
2501.03 18985.9 
1268.72 64791.8 
2179.23 68739.4 
3610.59 48905.7 
2838.42 14723.4 
1103.37 24121.8 
2550.81 34521.7 
3326.83 128468 
2138.86 62067.5 
988.584 11103 
2472.51 25702.5 
2406.88 10238.2 
1374.67 27713.5 
952.344 11558.9 
3115.56 78370.4 
2496.57 52360.4 
899.711 18686.5 
841.359 11671.5 
4031.01 81890.7 
2979.7 87839.7 
576.245 10541.9 
625.724 5624.27 
3927.9 34898.2 
4086.49 25005.3 
4943.99 287748 
5862.76 578189 
3480.3 36803.5 
3828.18 77843.1 
6058.02 110329 
7142.32 82308.4 
3921.04 75334.3 
3699.25 45000.2 
4923.4 293360 
5588.26 233194 
5282.54 203263 
4782.96 503636 
4186.3 286758 
4085.78 46477.5 
6731.12 186455 
6992.16 104158 
5515.02 148832 
3601.22 370132 
8606.6 383450 
8040.39 298115 
5412.55 73514.2 
3226.76 438647 
9728.91 133937 
7596.76 375306 
4094.67 123000 
3049.24 149639 
8003.59 984098 
5950.19 857123 
3935.14 131861 
3301.81 177351 
5440.51 280095 
3400.87 362649 
2798.69 104818 
2740.46 244213 
386.22 6566.39 
408.627 2621.52 
2361.58 121349 
2505.06 79534.2 
223.85 1440.17 
357.071 601.043 
2198.75 108769 
2088.84 143947 
158.522 423.189 
335.111 1801.14 
853.497 235391 
726.113 183501 
163.294 131.492 
1166.47 287080 
1506.2 416363 
568.604 75675.1 
172.337 392.243 
1935.34 138415 
2733.44 35637.9 
984.521 176434 
221.33 493.655 
1332.79 420682 
2010.93 514349 
894.1 91246.6 
184.875 401.833 
305.895 24103.3 
554.71 62197 
453.987 20938 
348.534 26501.1 
341.177 12237.1 
356.222 464.341 
295.077 405.336 
710.007 14760.4 
471.021 4687.91 
285.693 295.012 
222.496 216.265 
30.8917 55.0843 
30.0076 46.9622 
719.264 3709.94 
759.203 1647.94 
16.2577 44.8857 
64.1863 658.318 
380.459 13242.5 
330.292 19666.5 
3.99058 3.19199 
96.5451 23.2723 
152.525 3136.75 
94.2439 2982.93 
6.98945 4.55048 
269.945 10560.8 
331.421 13793.5 
103.986 439.912 
25.3278 298.258 
552.242 7357.28 
668.378 11173.7 
151.988 1093.72 
50.8749 211.444 
471.676 18379.5 
575.862 21276.7 
143.373 387.516 
44.9964 171.714 
157.99 11563 
215.828 16324.1 
84.8773 956.193 
201.934 7914.63 
224.62 7246.57 
95.835 126.795 
55.1488 74.4228 
336.389 425.979 
317.045 787.784 
84.0253 192.63 
48.8311 55.5228 
