6148.75 5865.62 6105.33 5726.1 5466.28 6066.22 5248.1 6018.66 5449.5  
6556.68 6392.05 6361.14 6281.31 5914.26 6507.35 6058.92 6125.94 5727.86  
8278.29 10773.3 10466.2 8784.9 10902.4 10495.4 10136 9372.03 11339.1  
9276.56 11778.5 10661.2 9925.36 12221.8 11046.1 12376.7 11081.4 13401.3  
5392.56 4571.59 4689.74 5048.48 4604.31 4718.2 4349.14 5009.78 4665.29  
6263.66 5840.44 6458.33 5717.7 5415.59 5946.43 5422.28 5529.67 5337.77  
11688.6 11134.3 12243.6 11444 10627.8 11404.9 10613.5 11132.3 10182  
12649.7 11744 11424.7 12819.6 11552 11517.8 12631 13108.8 11498.4  
4614.76 5157.71 4952.95 4814.81 5460.54 5066.13 5068.73 4945.56 5757.02  
5774.7 5790.18 6399.96 5486.02 6018.02 5805.1 5814.26 5453.82 6206.17  
10145.6 8018.04 9416.28 9543.72 7765.27 8407.36 8111.94 8976.64 7614.11  
10304 7735.89 7861.02 10012.9 7684.8 7846.71 8836.16 9796.09 7669.97  
5762.09 7054.71 6766.33 6208.28 7548.7 7010.38 6846.41 6480.17 8036.23  
6519.08 10310.3 8926.27 7565.03 11173.8 10147.8 8936.25 7585.86 11356.5  
8025.02 10469.6 9536.93 8281.04 11307.4 10420.9 9420.43 8102.72 11432.3  
6971.99 5962.67 5674.67 6872.12 6827.34 5867.73 7808.71 6934.93 7108.34  
8150.54 9544.83 9401.54 8396.66 9772.67 9486.86 9212.92 8971.07 10409.9  
13148.1 16057.5 15712.3 13088.9 14815.3 15708.5 13141.6 13309.1 14954.5  
12478.2 14543.2 14078.3 13022.7 13910 14292.3 13941.3 13218.6 13987.2  
5769 5652.75 4786.21 6968.02 6694.77 5456.58 9423.84 7312.14 6964.01  
10474.6 12044.6 12101.9 10802.8 11794 12187.9 11298.1 11332.5 12410.5  
16383.6 14856.8 15637.8 15248.3 13612.2 15033.5 13765.6 15038.9 13425.2  
13902.3 11064.8 12078.8 13207.6 10157.8 11196.4 12091.9 13026.2 10018.3  
5166.8 4719.63 3865.05 6134.2 5401.16 4543.57 7645.2 6383.41 5620.37  
12389.1 12866.9 13229.1 11950.5 12256.1 13019.9 11768 12572.3 12910  
12963 10351.8 10064.8 12215.9 11000.8 10475 11574 12048.1 10849.7  
8934.49 6008.93 6652.4 8162.79 6244.38 6080.4 7609.7 8050.68 6158.63  
4589.05 4373.28 3700.01 5002.82 4769.86 4191.69 5248.72 5205.93 4973.64  
12882.1 12952.1 13007.6 12415.1 13027.8 13250 12276.8 12903.1 13627.9  
9628.63 9450.94 8238.17 10756.5 10639.4 9685.51 10969.7 10536.6 10582.2  
5536.75 5054.43 5346.02 5834.94 4811.85 5018.73 6264 5889.13 4825.87  
4497.01 4355.26 3797.85 4892.83 4544.82 4074.54 5435.81 5183.86 4789.8  
13214 13877 13543.1 13548.6 13436.7 13753.9 14374.8 14085.3 14306.8  
9276.3 8936.14 8067.98 10387.1 9049.75 8695.41 10916.3 10283.8 9309.02  
4449.9 3701.31 4107.73 4204.47 3299.63 3661.97 4105.98 4196.79 3342.27  
3961.14 3392.52 3183.83 4232.39 3550.31 3199.44 4737.46 4454.11 3739.78  
52.6294 52.7335 52.697 52.7044 52.7506 52.7117 52.7238 52.6003 52.6231  
52.7324 52.8506 52.7848 52.8743 52.9546 52.8195 52.99 52.8903 52.9594  
51.5139 51.6592 51.1412 51.8436 52.1819 51.5946 52.4205 51.8281 52.2932  
50.4136 50.5888 50.413 50.5084 50.7782 50.6186 50.424 50.3296 50.7564  
52.7499 52.8077 52.8607 52.7334 52.7575 52.7934 52.6504 52.6397 52.6998  
52.9511 53.3649 53.4233 53.0142 53.2904 53.2712 53.1399 53.0568 53.3609  
51.9254 52.8438 52.0316 52.5477 53.4987 52.6439 53.6381 52.7371 53.6762  
50.8175 51.5559 50.9858 51.0662 51.8897 51.4251 51.6174 51.1737 52.0543  
52.859 52.8887 53.0144 52.7856 52.7714 52.8891 52.6497 52.7369 52.7258  
53.6427 54.0362 54.2322 53.5003 53.7924 53.9599 53.5039 53.5632 53.8426  
53.401 53.8456 53.4387 53.9791 54.2371 53.8206 54.5836 54.0935 54.2065  
51.9641 52.1657 51.8858 52.2672 52.3633 52.1601 52.6817 52.388 52.3375  
52.8798 52.9194 53.0416 52.757 52.7866 52.9189 52.5951 52.7142 52.7578  
54.2073 54.6095 54.5821 53.9409 54.6534 54.583 53.9582 53.965 54.692  
53.7667 53.6017 53.2675 53.9537 54.1129 53.6093 54.2809 53.9367 54.0968  
52.0071 51.6805 51.7094 52.0532 51.7425 51.7454 52.0534 52.0258 51.6565  
53.0111 53.254 53.3825 52.8657 53.1139 53.2311 52.7072 52.8486 53.1115  
55.1306 55.7128 55.7121 55.1225 55.3972 55.6426 54.9904 55.1912 55.4714  
53.7863 53.9324 53.6552 54.2885 54.1679 53.9353 54.7501 54.2933 54.1702  
51.5474 51.5216 51.6104 51.6375 51.6441 51.6248 51.791 51.5409 51.5552  
53.4589 53.7081 53.8342 53.3398 53.5797 53.7081 53.16 53.3221 53.5723  
55.8043 55.8717 56.037 55.5843 55.264 55.8717 55.0508 55.5843 55.264  
53.7848 53.7544 53.5948 54.1574 53.7534 53.7544 54.5273 54.1574 53.7534  
51.5612 51.8209 51.7921 51.7586 52.0225 51.8723 52.1171 51.7088 51.9902  
53.7897 53.8462 53.8975 53.6791 53.7305 53.8462 53.4987 53.6787 53.7454  
55.5022 54.9369 55.0959 54.861 54.6209 54.9369 54.2672 54.861 54.6209  
53.3568 52.6448 52.7489 53.2317 52.6341 52.6448 53.2151 53.2317 52.6341  
51.9227 51.8799 51.9563 52.0716 51.8789 51.9231 52.1099 52.0428 51.8319  
53.7645 53.1195 53.5163 53.4691 52.2192 52.8991 53.159 53.5888 52.4728  
54.8185 54.0526 54.2371 54.3937 53.2168 53.8402 53.9132 54.4891 53.4469  
52.457 52.1416 52.159 52.4106 52.0757 52.1071 52.4887 52.4466 52.0994  
51.7537 51.5582 51.7309 51.725 51.5073 51.6125 51.6528 51.6852 51.4433  
52.1572 50.8005 51.2065 51.3076 50.5853 50.8416 50.7633 51.3683 50.4005  
53.2023 52.2454 52.4623 52.5114 51.8618 52.2476 51.8382 52.586 51.8247  
51.938 51.6946 51.6505 51.9232 51.7436 51.6852 51.9657 51.938 51.7495  
51.4546 51.365 51.5401 51.4158 51.3665 51.4501 51.3017 51.3354 51.2715  
90.072 90.0717 90.0718 90.0718 90.0716 90.0717 90.0717 90.072 90.072  
90.0717 90.0714 90.0716 90.0713 90.0711 90.0715 90.071 90.0713 90.0711  
90.0752 90.075 90.0763 90.0744 90.0735 90.0751 90.0728 90.0744 90.0733  
90.0782 90.0778 90.0782 90.0779 90.0773 90.0777 90.0782 90.0785 90.0774  
90.0716 90.0715 90.0714 90.0717 90.0716 90.0715 90.0719 90.0719 90.0718  
90.0711 90.0701 90.0699 90.071 90.0702 90.0703 90.0706 90.0709 90.0701  
90.0743 90.0718 90.074 90.0726 90.07 90.0723 90.0696 90.0721 90.0695  
90.0772 90.0751 90.0767 90.0765 90.0742 90.0755 90.075 90.0763 90.0737  
90.0714 90.0713 90.071 90.0715 90.0716 90.0713 90.0719 90.0717 90.0717  
90.0694 90.0684 90.0678 90.0697 90.069 90.0686 90.0697 90.0696 90.0689  
90.0702 90.0689 90.07 90.0686 90.0679 90.069 90.067 90.0683 90.068  
90.0739 90.0732 90.074 90.0731 90.0727 90.0733 90.0719 90.0727 90.0728  
90.0713 90.0713 90.0709 90.0716 90.0716 90.0713 90.0721 90.0718 90.0717  
90.0679 90.067 90.067 90.0687 90.067 90.0671 90.0687 90.0686 90.0669  
90.0691 90.0697 90.0705 90.0687 90.0684 90.0697 90.0679 90.0687 90.0685  
90.0736 90.0745 90.0744 90.0735 90.0743 90.0743 90.0736 90.0736 90.0746  
90.071 90.0705 90.0701 90.0714 90.0708 90.0705 90.0719 90.0715 90.0709  
90.0658 90.0644 90.0643 90.0659 90.0652 90.0645 90.0663 90.0657 90.065  
90.0693 90.069 90.0697 90.0681 90.0684 90.069 90.0669 90.0681 90.0684  
90.0749 90.0749 90.0747 90.0746 90.0746 90.0746 90.0743 90.0749 90.0748  
90.07 90.0694 90.0691 90.0703 90.0697 90.0694 90.0708 90.0704 90.0698  
90.0641 90.0639 90.0635 90.0647 90.0655 90.0639 90.0661 90.0647 90.0655  
90.0694 90.0693 90.0698 90.0684 90.0692 90.0693 90.0674 90.0684 90.0693  
90.0748 90.0741 90.0742 90.0743 90.0735 90.074 90.0733 90.0744 90.0736  
90.0692 90.069 90.0689 90.0695 90.0693 90.069 90.0699 90.0695 90.0693  
90.0648 90.0661 90.0657 90.0664 90.0669 90.0661 90.0679 90.0664 90.0669  
90.0702 90.0719 90.0717 90.0705 90.072 90.0719 90.0705 90.0705 90.072  
90.0738 90.0863 90.0891 90.0811 90.071 90.0882 90.0795 90.0797 90.0717  
90.0692 90.0709 90.0699 90.07 90.0734 90.0715 90.0708 90.0697 90.0727  
90.0664 90.0684 90.0679 90.0675 90.0707 90.069 90.0688 90.0673 90.0701  
90.0724 90.0732 90.0732 90.0726 90.0734 90.0733 90.0724 90.0725 90.0734  
90.0634 89.9667 89.9877 90.0133 89.9282 89.934 90.0302 90.0371 89.9649  
90.0736 90.0773 90.0762 90.076 90.0779 90.0772 90.0775 90.0758 90.0784  
90.0707 90.0732 90.0726 90.0726 90.0743 90.0732 90.0745 90.0724 90.0744  
90.0738 90.0744 90.0745 90.0738 90.0743 90.0745 90.0737 90.0738 90.0743  
89.9086 89.7993 89.7835 89.8735 89.787 89.7492 89.9473 89.9185 89.8451  
94.7976 94.7956 94.7964 94.7962 94.7953 94.7961 94.7959 94.7982 94.7976  
94.7957 94.7935 94.7948 94.7932 94.7916 94.7941 94.791 94.7929 94.7915  
94.8233 94.8219 94.8316 94.8169 94.8115 94.823 94.8056 94.8178 94.8099  
94.8443 94.8423 94.8452 94.8426 94.8384 94.8411 94.8456 94.847 94.8398  
94.7953 94.7942 94.7932 94.7956 94.7951 94.7944 94.797 94.7973 94.7961  
94.7916 94.7842 94.7832 94.7905 94.7856 94.7859 94.7882 94.7897 94.7844  
94.8173 94.7986 94.815 94.8049 94.7853 94.8028 94.7821 94.8011 94.7815  
94.8383 94.8224 94.834 94.8332 94.8154 94.8251 94.822 94.8313 94.812  
94.7933 94.7928 94.7905 94.7946 94.795 94.7928 94.7971 94.7955 94.7959  
94.7794 94.7726 94.7689 94.782 94.7771 94.7739 94.782 94.7809 94.7764  
94.7866 94.7771 94.7849 94.775 94.7696 94.7776 94.7629 94.7725 94.7702  
94.8128 94.8072 94.8126 94.8066 94.8035 94.8074 94.7982 94.804 94.804  
94.7932 94.7929 94.7906 94.7955 94.7954 94.7929 94.7986 94.7964 94.7961  
94.7698 94.764 94.7635 94.775 94.7644 94.7644 94.7753 94.7746 94.7638  
94.7786 94.7833 94.7884 94.7753 94.7749 94.783 94.7699 94.7757 94.7753  
94.8098 94.8161 94.8152 94.8092 94.8151 94.8148 94.8095 94.8097 94.8167  
94.7917 94.788 94.7857 94.7943 94.7905 94.7884 94.7974 94.7948 94.7908  
94.7562 94.7468 94.7465 94.7573 94.7528 94.7478 94.7603 94.7563 94.7517  
94.7816 94.7796 94.7844 94.773 94.7751 94.7793 94.765 94.7731 94.7753  
94.8187 94.8191 94.8173 94.817 94.8167 94.8171 94.8146 94.8189 94.8185  
94.7847 94.7809 94.7786 94.7869 94.7832 94.7809 94.7903 94.7874 94.7836  
94.7451 94.7432 94.7406 94.7496 94.754 94.7432 94.7595 94.7496 94.754  
94.7819 94.7808 94.7843 94.775 94.7798 94.7808 94.7678 94.775 94.7798  
94.8182 94.8128 94.8135 94.8144 94.8089 94.8118 94.8077 94.8153 94.8095  
94.7796 94.7786 94.7778 94.7815 94.7806 94.7786 94.7849 94.7818 94.7806  
94.7484 94.7571 94.7544 94.7596 94.7631 94.7571 94.7706 94.7597 94.7631  
94.7861 94.7974 94.7956 94.7874 94.7977 94.7974 94.7874 94.7874 94.7977  
94.8106 94.814 94.8132 94.8094 94.8211 94.8136 94.8084 94.8096 94.8201  
94.7799 94.7914 94.784 94.7849 94.8102 94.7959 94.7906 94.7831 94.8048  
94.7591 94.7731 94.7694 94.7669 94.7905 94.7775 94.7761 94.7652 94.7855  
94.8009 94.8069 94.8065 94.8019 94.8081 94.8075 94.8006 94.8012 94.8077  
94.8281 94.866 94.8577 94.845 94.8794 94.8775 94.8367 94.8361 94.8664  
94.8115 94.8398 94.8318 94.8297 94.8433 94.8386 94.8412 94.8287 94.8478  
94.7903 94.8083 94.8034 94.8049 94.8164 94.808 94.8189 94.8035 94.8174  
94.8107 94.8153 94.8162 94.811 94.8143 94.8155 94.8102 94.8107 94.8142  
94.8885 94.9218 94.9275 94.8984 94.9246 94.938 94.8694 94.8831 94.9058  
22.2402 12.9524 21.2805 21.0155 13.0372 21.5337 15.0832 24.3011 12.1933  
17.5709 21.5329 46.2524 18.6655 10.7047 21.789 19.9049 22.4291 5.49378  
405.963 490.522 504.039 355.262 411.045 494.88 330.895 402.988 296.942  
407.715 480.53 469.796 404.169 455.449 458.894 513.417 482.165 373.151  
12.8717 12.8717 22.2549 13.2839 13.0249 13.0248 14.1093 13.8341 6.68305  
44.2464 83.9889 105.186 43.7782 76.4795 79.2881 74.3531 43.177 75.4292  
387.094 223.251 213.172 230.559 193.785 245.328 175.227 206.981 191.123  
343.36 141.968 125.058 240.148 124.001 162.232 175.244 205.458 134.733  
5.21814 8.87028 14.0893 5.53928 16.059 8.97578 11.683 5.60828 9.80865  
75.5806 76.8067 93.8746 76.4795 77.7203 77.696 76.629 75.4292 76.6529  
200.008 106.587 145.751 193.785 141.162 106.785 96.8347 176.773 204.103  
144.221 53.2262 87.7181 136.207 81.3557 56.0709 45.0787 122.572 143.84  
10.0642 11.8702 16.0344 20.1305 22.0419 11.3441 22.639 12.7577 14.632  
147.608 150.837 311.158 82.86 70.6749 163.16 86.3114 78.9817 73.6676  
366.145 450.921 440.943 452.675 432.634 449.943 454.714 465.173 451.655  
241.983 333.77 163.471 373.895 365.918 297.711 397.2 411.331 398.251  
17.0022 45.1631 69.9365 36.2399 46.9739 47.141 49.5203 25.427 41.7976  
150.444 908.524 642.228 176.596 891.893 872.236 663.638 184.416 931.388  
458.263 1230.2 775.111 549.699 1275.75 1175.68 1076.77 574.041 1292.07  
330.417 349.944 185.014 364.595 375.048 312.138 433.628 407.936 379.456  
52.7321 54.9349 81.0579 51.3699 61.8041 55.5883 57.3887 45.3981 49.7967  
963.981 874.956 888.958 923.03 875.432 885.362 845.328 910.353 863.409  
1214.12 902.757 878.759 963.24 909.415 913.494 935.06 950.011 896.926  
278.409 50.5162 54.8209 50.7451 44.4881 47.7092 100.281 53.623 47.0112  
62.959 37.6958 71.782 74.7892 66.1834 38.1441 69.8942 49.3059 34.4669  
863.245 278.227 755.52 829.925 41.1539 281.536 483.801 818.527 40.5888  
883.636 277.404 718.729 856.75 42.2823 280.704 535.958 844.984 41.7016  
43.1055 27.8977 30.2069 37.0817 30.522 26.8312 68.2263 39.1847 25.3968  
39.9805 334.755 162.968 224.038 607.565 464.244 289.996 154.218 600.991  
37.3177 264.168 186.934 178.649 434.573 252.459 250.366 154.844 441.614  
42.0544 56.1072 54.3453 61.0873 64.0389 61.4227 62.8605 61.7723 62.4878  
45.1293 59.0935 71.3498 57.0845 68.1215 67.0054 32.9438 43.5061 49.4595  
575.644 794.42 593.22 615.254 798.688 763.916 803.36 619.503 843.576  
277.299 323.672 282.937 460.573 480.224 309.571 646.326 464.662 491.346  
73.642 82.4243 75.3949 66.8177 77.207 82.9954 73.1194 69.7765 73.3844  
76.3723 83.7092 92.4917 75.4856 91.4344 87.5686 57.1578 65.1168 73.6628  
65.6593 44.3325 63.2101 66.8184 48.9597 49.8685 69.6379 51.4325 26.7729  
70.3132 75.5828 120.792 73.7884 77.4816 69.0204 74.8325 70.7237 66.3315  
293.257 435.399 391.532 243.295 349.063 428.229 276.747 321.404 295.121  
293.245 403.391 339.054 286.834 382.269 391.363 432.737 383.186 333.331  
26.5192 31.4574 37.42 45.1801 48.3888 30.2185 46.6006 29.8161 34.074  
105.837 201.542 209.692 141.616 220.628 177.573 98.7318 138.087 227.478  
398.091 399.516 346.316 332.388 346.468 381.999 281.44 291.602 325.908  
311.736 215.96 169.871 250.659 180.867 216.141 295.037 218.521 165.206  
32.5419 37.3087 37.4695 48.9006 42.2915 32.568 37.2515 40.3922 44.574  
229.847 263.762 224.419 234.755 274.316 242.623 167.235 229.414 288.03  
374.718 295.781 300.755 330.826 411.272 291.012 255.484 324.165 543.664  
165.776 46.0838 113.456 159.235 144.638 76.9897 133.698 164.327 267.436  
39.6787 78.4714 54.6519 37.2614 43.7404 74.9933 31.8595 30.6228 42.1163  
464.927 528.498 582.988 339.398 380.663 525.72 270.069 298.002 371.177  
683.654 682.977 707.593 704.289 722.331 673.352 733.732 670.17 728.859  
240.327 223.673 170.662 358.645 349.245 205.153 478.162 386.668 388.644  
134.407 181.231 147.846 66.0868 80.0956 175.88 85.0253 58.6001 66.591  
565.812 1037.53 813.105 477.265 845.985 1013.02 605.655 496.255 846.896  
680.781 1169.66 909.834 862.925 1261.43 1137.46 1157.28 900.763 1186.87  
250.764 294.216 234.721 404.933 434.504 262.431 595.174 450.247 392.292  
181.955 148.301 205.745 81.3038 80.5654 150.065 84.2551 70.7309 67.5015  
932.083 691.544 770.795 783.311 607.293 699.769 569.58 772.554 598.953  
930.262 675.854 677.807 892.258 716.939 683.892 772.206 880.004 707.093  
178.586 129.859 131.98 162.386 154.561 125.065 262.108 171.153 160.767  
82.8806 47.6045 95.2168 66.0378 74.1823 48.1707 45.2469 47.9565 67.7822  
614.809 241.689 478.21 498.919 58.8869 244.563 255.611 492.067 58.0782  
662.225 253.804 428.607 585.675 46.3904 256.823 404.443 577.631 45.7533  
121.198 69.0729 73.5826 115.338 56.9118 74.0684 187.272 115.085 49.9581  
170.321 1023.68 660.893 682.587 1629.09 1175.17 926.621 528.755 1640.06  
142.325 937.288 573.553 612.055 1323.87 1018.37 801.977 441.012 1323.21  
46.4448 61.3069 32.0515 49.2558 63.9822 64.2111 48.4004 42.8269 64.897  
65.2144 84.9377 78.9359 56.8033 84.615 97.5145 55.2494 34.8676 79.3809  
1692.43 3049.36 2131.44 2121.91 2960.26 2929.2 2781.57 2137.04 3268.18  
1160.43 1891.8 1125.75 1795.52 2344.73 1807.95 2405.57 1689.16 2446.64  
71.2327 92.4784 70.6885 65.0268 82.0858 90.2131 70.0218 67.9063 83.7446  
94.8635 131.66 119.733 92.0576 129.85 142.698 93.2909 86.0982 120.164  
1514.01 1454.57 1456.59 1369.88 1359.07 1461.25 1222.24 1296.79 1204.68  
1650.04 1637.19 1694.76 1668.23 1566.57 1636.09 1589.23 1583.35 1290.74  
987.866 1312.42 1233.56 1250.83 1410.44 1281.12 1426.88 1301.35 1392.97  
992.259 1453.38 1160.12 1189.43 1628.47 1394.84 1486.77 1308.42 1721.38  
1244.99 962.378 973.983 1132.04 952.733 1003.86 921.549 1032.02 890.213  
1397.5 1376.68 1499.75 1242.57 1216.97 1366.4 1105.47 1156.94 1177.55  
1604.56 2127.24 2127.79 1742.6 2081.61 2094 1988.84 1722.18 2076.83  
1751.58 2158.84 1856.7 2092.03 2336.69 2085.11 2404.02 2140.62 2391.01  
878.548 990.991 941.827 904.603 1023.06 988.807 960.67 899.411 1059.19  
1334.49 1523.07 1499.27 1202.74 1570.64 1453.71 1228.51 1197.48 1698.92  
2165.95 2306.71 2214.55 2103.87 2485.75 2135.47 2148.39 2040.43 2533.53  
2142.64 1823.48 1745.74 2200.93 1983.8 1792.44 2127.28 2133.2 1978.57  
1127.88 1377.42 1384.54 1157.4 1606.63 1351.39 1171.77 1162.46 1723.46  
1859.72 2536.45 2217.78 2061.68 3018.65 2486.82 2282.14 2051.92 3104.67  
2659.27 2473.76 2310.65 2472.55 2656.93 2465.29 2455.04 2307.6 2708.2  
1764.67 980.286 1108.23 1539.86 1064.58 1020.75 1402.09 1398.9 1139.12  
1921.7 2315.62 2330.47 1835.68 2433.5 2318.88 1886.51 1968.74 2601.94  
3243.9 3769.03 3505.83 3454.28 3941.33 3717.56 3441.82 3516.1 3905.44  
2742.14 2949.79 2656.46 2850.59 2840.36 2914.08 3049.31 2867.52 2675.54  
1042.02 1083.17 967.333 1047.39 1107.76 1002.03 1527.11 1073.17 1080.33  
2674.69 2645.82 2920.02 2403.8 2344.65 2677.29 2300.72 2519.23 2471.08  
3900.85 3184.69 3409.57 3670.01 2806 3222.56 3360.66 3619.61 2767.47  
2480.04 1955.96 1887.24 2420.45 1899.86 1979.23 2366 2387.21 1873.77  
886.592 967.14 833.092 950.165 1050.02 923.863 1198.84 993.039 1094.5  
2418 2662.01 2618.24 2210.73 2433.93 2693.68 2321.21 2328.84 2565.98  
2581.77 2425.57 2177.05 2387.97 2428.24 2454.42 2456.85 2355.18 2394.89  
1643.46 1244.27 1225.6 1528.84 1218.07 1259.07 1543.52 1507.85 1201.35  
947.943 933.781 741.416 1007.03 906.518 895.028 1157.32 1044.84 937.215  
2711.6 3296.74 3060.58 2794.07 3489.66 3332.71 2967.3 2892.31 3495.06  
2226.03 2517.72 2110.51 2406.12 2850.38 2541.4 2669.03 2384.97 2763.01  
1015.77 786.187 952.017 958.008 740.913 765.04 1138.75 999.724 740.994  
845.243 772.272 698.354 908.937 777.327 712.674 1030.92 977.705 848.804  
3692.46 4120.8 4360.99 4195.95 3497.33 3982.34 4343.92 4258.16 3827.13  
2747.19 3006.86 2703.16 3336.58 2648.86 2895.82 3529.94 3211.71 2737.14  
684.2 514.862 595.506 613.312 452.566 508.601 772.073 605.37 439.713  
712.139 599.033 575.446 673.162 529.089 558.579 733.525 703.348 547.195  
4069.99 4005.69 4098.83 3757.07 3762.23 4099.32 3550.3 4100.01 3907.7  
4342.03 4255.41 4020.82 4061.92 3935 4301.86 3903.25 3966.93 3991.16  
4139.07 5190.43 4931.48 4388.56 5458.1 4890.49 5071.59 4456.75 5969.46  
4879.4 5990.11 5289.73 5202.39 6514.64 5449.39 6354.11 5622.04 7463.02  
3835.26 3373.17 3384.78 3570.13 3404.23 3441.73 3110.79 3642.93 3559.71  
4298.82 3779.88 4193.25 3901.29 3478.44 3912.54 3684.83 3809.74 3394.81  
6000.35 6156.49 6816.89 5995.36 5862.02 6247.09 5937.31 6004.08 5502.61  
6951.81 7169.94 6714.06 7231.94 7074.55 6925.39 7557.46 7659.1 6996.61  
3514.74 3977.46 3787.77 3648.48 4208.85 3898.35 3908.85 3850.07 4494.76  
3657.46 3523.27 4139.91 3454.06 3679.36 3640.34 3964.6 3494.2 3740.02  
5449.88 4779.61 5724.23 5152.86 4234.52 5131.24 4965.13 5008.81 3864.34  
6130.72 5407.7 5019.38 6100.41 5136.04 5331.88 5986.03 6206.52 4975.68  
4442.19 5406.71 5141.14 4822.8 5689.71 5396.74 5442.84 5115.7 6085.06  
3688.86 4846.42 4243.1 4268.01 5869.74 4797.4 5100.05 4319.46 5913.6  
3885.63 4316.88 4393.19 3594.47 5002.46 4373.91 3549.51 3589 4971.62  
4363.58 3812.32 3797.4 4098.67 4172.91 3778.59 4230.36 4252.64 4265.52  
5910.59 6781.38 6572.35 6279.72 7009.35 6731.5 7013.51 6766.36 7515.3  
6870.31 7457.54 7499.87 6720.37 6806.02 7341.35 6597.98 6788.65 6847.31  
5948.89 5622.02 6245.4 5490.82 5022.57 5620.46 5035.21 5482.39 5167.4  
3578.6 2955.98 2884.23 3998.66 3430.78 2982.43 4858.2 4101.22 3620.85  
7328.33 8910.58 8552.18 7992.3 9038.74 9016.56 8577.47 8454.06 9589.16  
7652.25 8782.07 7823.78 7412.07 8422.48 8886.52 7767.23 7310.28 8306.81  
5615.23 5666.1 5638.43 5260.76 5057.72 5733.5 5564.46 5188.51 4988.26  
2801.4 2759 2283.07 3570.1 3248.31 2664.36 4632.69 3697.2 3384.67  
9547.8 9922.25 10239.7 9334.58 9455.47 10040.3 9079.57 9903.39 10037.1  
7846.94 7083.62 6215.31 7903.82 8169.38 7167.87 8131.45 7795.28 8057.19  
4182.82 3716.51 3539.02 4095.86 4473.44 3760.72 4632.03 4039.61 4412  
2656.17 2942.09 2319.39 3107.73 3426.58 2793.11 3339.5 3251.09 3607.52  
9753.63 7554.96 8751.71 8339.9 6494.91 7498.92 7482.72 9104.23 7051.39  
6907.63 5049.67 4949.26 7110.33 5248.26 5189.99 6562.66 7265.04 5268.9  
3950.38 3680.68 3878.19 4301.42 3511.21 3676.92 4569 4334.08 3514.39  
3189.64 3062.38 2555.8 3527.16 3308.31 2832.88 3960.32 3775.45 3504.36  
6408.92 4780.08 5472.68 5731.5 4962.48 4976.36 5380.88 6147.83 5103.82  
4384.6 2977.25 3294.5 4026.95 2680.04 2960.16 3401.89 4146.99 2735.4  
3231.39 2655.15 3067.49 3088.18 2299.28 2613.26 2798.5 3093.31 2341.67  
2771.8 2307.65 2114.15 3132.62 2548.61 2136.71 3584.54 3331.86 2736.17  
439.225 323.715 438.207 471.977 259.758 402.152 363.027 501.932 275.991  
455.394 373.214 433.558 431.675 301.068 446.979 440.612 446.006 349.133  
1735.37 2593.87 2595.89 1822.83 2569.73 2629.05 2440.74 2142.32 2724.47  
1934.55 2677.94 2623.25 2098.44 2543.34 2604.13 2774.54 2474.04 2815.32  
253.512 175.13 249.951 268.205 181.033 209.729 235.23 270.324 171.531  
379.924 311.549 387.036 360.463 332.554 336.421 385.498 355.015 365.176  
2648.95 1909.02 2376.12 2636.66 1847.52 2087.68 1929.19 2537.16 1816.41  
2640.76 1819.7 2257.14 2523.84 1619.97 1872.66 1919.38 2523.15 1623  
180.855 138.405 166.915 201.81 162.963 135.993 146.013 148.557 145.185  
380.88 301.692 350.094 419.311 313.202 299.248 289.353 361.049 301.172  
1703.4 425.227 868.587 1538.98 387.21 610.175 552.019 1227.45 368.425  
1523.54 357.212 778.854 1259.09 293.453 510.833 481.714 1047.25 283.073  
137.097 175.054 163.257 161.442 176.497 170.955 166.91 153.048 165.391  
262.469 1891.19 1258.04 673.323 1500.83 1811.02 862.852 691.563 1546.92  
325.866 2114.14 1332.23 853.709 2084.29 2024.1 1816.43 858.41 2146.66  
306.818 479.968 342.021 395.675 756.935 447.199 1187.08 390.348 811.384  
161.66 191.765 214.035 162.598 170.896 185.103 159.703 145.415 159.861  
1973.51 2281.09 2623.57 1769.08 1733.62 2187.36 1238.54 1810.6 1800.67  
2229.97 2835.95 2809.85 2676.83 2764.52 2741.65 2879.44 2775.8 2886.94  
472.371 787.573 387.802 1034.95 1172.9 735.331 1825.02 1148.1 1296.65  
199.587 235.28 268.346 223.05 199.542 238.078 217.674 216.898 193.511  
2303.86 968.946 2175.2 1819.55 582.233 980.47 796.049 1794.56 574.237  
2889.2 1415.12 2367.66 2909.99 1157.25 1431.96 1915.83 2870.03 1141.36  
829.843 678.713 430.822 1251.49 776.248 655.206 1312.76 1310.61 801.204  
227.775 164.689 162.089 198.622 176.127 166.648 188.435 199.532 179.958  
734.157 250.235 282.244 296.6 233.939 253.211 179.421 292.526 230.726  
1151.77 404.345 523.229 713.428 362.68 409.154 366.448 703.631 357.699  
685.597 341.306 433.847 621.383 296.956 342.389 420.268 637.555 306.586  
176.65 490.261 176.491 184.231 509.331 499.953 405.733 146.794 547.357  
258.147 391.947 215.202 231.009 465.403 405.997 435.324 185.375 482.189  
392.998 377.31 352.315 370.455 325.947 362.418 329.342 360.605 334.604  
288.841 316.945 323.355 288.593 260.377 303.031 308.196 300.012 266.348  
522.128 782.063 642.999 585.197 870.872 766.855 726.106 605.163 888.681  
389.976 419.259 406.491 465.096 552.058 413.33 586.618 461.842 544.52  
305.792 284.067 245.969 285.938 291.197 286.076 298.59 271.454 302.153  
255.904 218.747 223.297 214.412 199.105 213.684 232.972 224.958 219.386  
37.6209 24.3586 27.2078 39.3444 23.2174 32.1088 27.8161 44.187 22.1639  
21.3362 29.1105 44.9559 27.0224 23.4319 31.6032 31.0924 36.5118 25.0043  
716.77 750.632 809.705 724.122 704.05 771.66 589.116 747.219 660.107  
769.396 773.158 779.272 744.099 697.646 747.483 815.133 811.537 695.107  
19.409 16.5807 21.3523 19.6399 4.90018 19.6399 20.8602 20.8602 3.07653  
37.3286 86.7994 63.4176 27.9824 90.5251 74.199 73.3912 26.713 97.3208  
649.568 318.754 363.332 506.401 296.355 348.787 301.501 370.261 269.169  
650.426 237.58 301.858 480.995 215.872 256.282 279.814 361.912 187.884  
2.86251 4.67202 4.87466 5.47961 7.31063 1.43099 4.26345 1.51991 3.50142  
96.4423 101.58 92.3818 98.676 102.788 91.4769 87.9354 96.2491 101.376  
251.611 104.121 162.408 223.398 105.359 132.679 94.0825 199.017 100.05  
197.118 48.191 115.879 157.039 45.5133 78.492 62.3709 122.217 21.3747  
5.18701 5.18701 6.70423 9.24032 10.0879 4.95711 10.3918 5.57483 5.57483  
95.499 356.879 313.215 139.749 333.288 363.647 334.827 145.937 346.463  
104.458 430.876 352.332 203.352 408.76 434.364 411.012 212.357 425.276  
54.6087 132.663 92.8809 105.38 117.75 118.331 113.8 95.0484 105.417  
5.18701 29.6754 66.9008 16.3289 31.8564 28.3601 18.6599 6.52802 24.4541  
344.078 603.771 627.713 491.32 596.398 577.01 594.003 513.076 622.807  
418.125 735.623 681.683 591.839 745.402 703.018 743.256 618.047 778.41  
94.8142 181.863 127.106 117.499 173.779 162.216 184.713 131.466 194.437  
37.3181 49.7023 74.6012 51.0199 68.7281 50.2935 60.5908 26.1493 39.4708  
630.539 354.563 569.517 640.319 318.75 358.78 426.721 631.525 314.372  
773.451 448.964 628.909 760.926 416.562 454.304 538.321 750.476 410.842  
191.974 134.407 131.268 149.317 127.534 127.357 138.511 157.785 132.208  
49.7023 32.6587 42.0638 65.6975 50.1556 33.0471 63.6828 43.2706 24.6896  
322.075 72.5008 156.48 298.641 69.1859 73.3631 66.8842 294.54 68.2357  
410.569 112.593 217.209 382.229 101.515 113.933 127.307 376.979 100.121  
135.038 59.1302 101.561 114.257 52.3693 60.2701 76.1286 118.178 46.9636  
29.9513 251.727 194.933 190.273 297.22 279.045 204.439 76.792 293.021  
57.1727 290.152 202.717 218.325 316.892 277.291 250.384 105.353 303.296  
89.1021 92.8402 77.0996 94.7165 105.757 88.7253 115.648 90.1252 108.501  
62.9368 59.6359 70.0562 54.2454 46.0677 61.4355 48.1882 52.3179 41.4551  
322.376 350.305 341.721 298.742 347.077 335.203 339.001 317.647 375.431  
316.813 317.298 255.139 302.414 343.837 308.573 345.907 309.454 353.968  
83.6438 72.3247 52.6843 85.1971 97.2949 80.8282 93.6817 88.9698 101.603  
50.059 51.7215 58.7151 44.6509 52.2183 60.1966 35.9773 42.7312 43.2098  
