283.241 4627.46 
297.01 1960.85 
303.465 893.706 
304.396 679.845 
303.936 760.42 
304.365 763.166 
309.455 613.457 
313.484 319.033 
284.325 3670.35 
295.825 1721.61 
301.645 812.03 
304.544 654.182 
304.937 748.773 
306.029 638.918 
310.647 451.995 
313.49 294.048 
287.76 2912.2 
297.917 1343.48 
301.146 818.038 
302.992 867.41 
303.986 934.688 
305.7 618.781 
310.253 389.828 
313.851 251.823 
292.482 2659.74 
300.553 1300.58 
301.212 1006.18 
300.373 930.728 
302.339 905.636 
306.266 556.925 
310.504 374.866 
314.947 171.617 
292.366 3039.75 
298.62 1921.53 
300.162 1339.96 
298.741 1271.7 
301.818 993.364 
307.958 493.63 
312.044 274.649 
315.454 138.561 
291.547 2749.6 
296.729 1958.92 
300.329 1465.49 
300.27 1326.19 
304.51 828.259 
310.887 416.355 
313.929 194.409 
315.7 97.3885 
291.59 2330.1 
294.447 1903.27 
297.235 1740.55 
300.094 1287.56 
306.162 585.055 
312.329 239.634 
315.284 105.977 
316.314 99.8516 
291.155 2546.74 
292.686 2079.21 
294.317 1855.57 
298.039 1225.06 
303.869 701.785 
310.375 311.03 
315.246 97.625 
317.05 70.8496 
291.878 2544.09 
294.34 1892.68 
295.943 1577.39 
298.952 1237.22 
302.462 963.75 
307.407 591.652 
314.012 197.422 
316.396 127.756 
69.716 19.0327 
69.2557 20.6457 
68.8012 22.4463 
68.245 25.759 
67.682 29.5247 
67.1006 32.3845 
66.4832 33.6556 
65.8638 33.0533 
69.6945 19.7749 
69.2361 20.935 
68.795 22.4225 
68.2426 25.1271 
67.6504 28.6098 
67.0072 32.7251 
66.3371 35.2076 
65.6987 34.9512 
69.6537 20.4655 
69.1776 21.428 
68.7674 22.6491 
68.2348 25.1987 
67.5886 29.2942 
66.9054 33.8128 
66.2174 36.2593 
65.5455 36.2997 
69.6037 20.7864 
69.1107 21.826 
68.7484 22.9669 
68.2464 25.4325 
67.5292 30.7082 
66.7721 36.7318 
66.053 38.5577 
65.3779 37.5262 
69.5534 20.9062 
69.0723 22.1254 
68.7368 23.4694 
68.2532 25.7226 
67.5535 30.0507 
66.7667 36.0661 
65.9555 40.1107 
65.2681 39.2055 
69.5347 21.0067 
69.0793 22.1585 
68.7278 23.6304 
68.2295 26.3063 
67.5772 29.2561 
66.8552 32.911 
66.032 37.6327 
65.3133 38.0921 
69.5111 21.5935 
69.0962 22.2564 
68.7406 23.2078 
68.2543 25.2919 
67.5976 28.3332 
66.8695 31.7154 
66.0925 35.4446 
65.3886 35.0658 
69.4489 22.3267 
69.0599 22.5833 
68.7038 23.173 
68.2696 24.2238 
67.6325 27.0002 
66.8614 31.3193 
66.0105 36.0138 
65.3059 35.1538 
69.3642 22.605 
69.0014 22.7148 
68.6471 22.8942 
68.2174 23.6787 
67.6023 26.2834 
66.847 30.4601 
65.9654 34.9462 
65.228 35.7537 
122.243 0.000596662 
122.236 0.00495995 
122.229 0.0122762 
122.209 0.0293168 
122.167 0.0669562 
122.132 0.0987888 
122.112 0.109797 
122.117 0.0986676 
122.245 0.000215822 
122.238 0.00319617 
122.223 0.0110181 
122.203 0.0273359 
122.177 0.0548757 
122.148 0.0790808 
122.12 0.129449 
122.115 0.130625 
122.244 0.000413356 
122.229 0.0119455 
122.2 0.0422265 
122.183 0.0422405 
122.18 0.0490095 
122.17 0.0578865 
122.15 0.096967 
122.138 0.123756 
122.238 0.00490764 
122.226 0.00975505 
122.2 0.0421229 
122.181 0.0515647 
122.177 0.0577166 
122.178 0.0650992 
122.176 0.0661941 
122.173 0.0846473 
122.232 0.0201614 
122.23 0.0112112 
122.224 0.0129682 
122.208 0.0202505 
122.188 0.0535474 
122.18 0.0835767 
122.182 0.0654716 
122.183 0.0603576 
122.237 0.00791764 
122.238 0.0047036 
122.236 0.00358665 
122.226 0.00845289 
122.207 0.0290445 
122.194 0.0763591 
122.189 0.0723668 
122.183 0.0686373 
122.244 0.000456347 
122.244 0.000736067 
122.234 0.011356 
122.218 0.0305461 
122.207 0.0258742 
122.203 0.0455802 
122.205 0.0499065 
122.204 0.0473707 
122.246 0.000200475 
122.245 0.000443141 
122.234 0.00635833 
122.217 0.0230999 
122.202 0.0420961 
122.202 0.0441448 
122.217 0.0270219 
122.226 0.0207718 
122.246 0.000206076 
122.244 0.00144649 
122.235 0.0118858 
122.226 0.0133798 
122.218 0.0207072 
122.216 0.0276264 
122.229 0.014551 
122.236 0.0133464 
128.694 0.0083164 
128.711 0.0129904 
128.726 0.0172768 
128.746 0.0220414 
128.776 0.0349099 
128.808 0.0493511 
128.831 0.0572847 
128.844 0.0564354 
128.694 0.00851516 
128.711 0.0114901 
128.728 0.016057 
128.747 0.0221049 
128.776 0.0336905 
128.807 0.046651 
128.832 0.0583436 
128.848 0.0615054 
128.695 0.00899798 
128.713 0.0125985 
128.734 0.0205735 
128.756 0.0271679 
128.781 0.0354529 
128.802 0.041957 
128.821 0.0492542 
128.841 0.0562771 
128.699 0.0105014 
128.715 0.0135485 
128.738 0.0254984 
128.762 0.0331313 
128.783 0.0368838 
128.799 0.0417983 
128.815 0.0440677 
128.832 0.0474923 
128.702 0.0131752 
128.718 0.0135773 
128.738 0.0212403 
128.759 0.0304674 
128.779 0.0368686 
128.797 0.0447208 
128.816 0.0463039 
128.833 0.0460388 
128.704 0.0142785 
128.718 0.0147701 
128.731 0.0154286 
128.75 0.0212729 
128.774 0.0302843 
128.792 0.0408714 
128.81 0.0435171 
128.831 0.0460192 
128.702 0.0116424 
128.713 0.0125049 
128.725 0.0136933 
128.744 0.0183439 
128.769 0.0238239 
128.788 0.0318574 
128.801 0.0366176 
128.818 0.0371358 
128.701 0.0101909 
128.71 0.0105265 
128.724 0.0130176 
128.743 0.020421 
128.766 0.026595 
128.784 0.0299979 
128.799 0.0338487 
128.812 0.0310597 
128.702 0.0102326 
128.711 0.0106821 
128.726 0.0132592 
128.742 0.0177262 
128.761 0.0258059 
128.781 0.0316735 
128.797 0.0324047 
128.811 0.0301768 
22.4778 538.668 
21.4158 363.512 
20.7526 289.422 
18.975 214.565 
19.5011 154.571 
19.7514 141.207 
19.2271 151.146 
18.4693 150.644 
20.2528 415.15 
20.0815 226.234 
19.8863 190.075 
18.9948 139.651 
19.3013 124.912 
18.9986 117.236 
18.6578 112.951 
18.1908 148.525 
18.8139 341.862 
19.2934 198.096 
19.3455 143.905 
18.8903 110.965 
19.7764 149.597 
19.3829 124.108 
18.4169 101.843 
17.1334 109.904 
19.837 424.844 
19.8045 246.982 
19.5608 128.689 
19.1724 110.705 
19.8838 172.535 
19.6258 143.278 
18.6449 134.874 
18.052 132.78 
21.1102 606.52 
20.133 292.891 
21.1982 194.873 
21.4034 192.286 
19.7661 153.354 
19.3195 141.11 
19.2381 159.917 
19.0956 151.972 
21.5378 423.007 
20.6085 259.505 
22.6215 261.401 
23.9721 264.875 
21.8039 202.193 
20.2541 154.224 
19.8575 155.697 
19.2149 130.324 
21.4407 342.881 
20.8295 239.94 
21.1075 232.353 
23.3052 254.703 
23.2342 264.166 
21.6372 203.021 
20.8592 160.415 
20.4196 135.782 
20.3189 397.113 
20.2829 261.082 
20.772 220.362 
22.3086 191.293 
22.1976 202.615 
21.1196 162.361 
20.8077 160.818 
21.4927 177.781 
20.5916 508.73 
21.2645 442.938 
22.5598 344.947 
22.4603 241.933 
21.3161 201.049 
19.2565 141.466 
19.4484 119.652 
20.7605 148.254 
22.0102 153.793 
23.2134 137.633 
23.5494 121.099 
23.1667 111.317 
24.0205 119.81 
25.7725 148.86 
26.6819 149.781 
25.1907 138.587 
21.1531 127.124 
22.2324 119.981 
23.4352 126.556 
23.2264 106.344 
23.4849 101.893 
25.4678 112.343 
26.6283 129.499 
24.7699 129.329 
19.557 80.4508 
21.6388 95.292 
22.7843 78.5829 
22.843 84.215 
23.5946 108.673 
24.5237 111.632 
25.2561 111.442 
23.9094 110.242 
20.9736 93.915 
23.1098 130.123 
23.5682 96.7439 
23.6525 89.6008 
23.7072 89.9765 
23.8399 120.303 
25.4604 159.733 
25.2728 126.629 
22.2826 140.224 
22.9164 160.19 
23.5817 117.056 
24.2943 110.366 
24.2922 108.3 
24.6825 139.913 
26.0612 149.693 
26.8405 137.062 
22.1551 160.821 
21.9188 136.844 
24.0625 121.546 
25.4055 136.638 
25.8337 116.051 
25.5021 132.977 
25.6759 137.741 
27.0676 143.502 
21.5406 152.892 
21.7763 110.945 
23.5726 109.001 
25.2513 116.76 
26.6403 108.575 
26.6286 122.197 
27.0239 160.386 
28.0324 164.158 
20.7307 124.752 
21.1473 104.699 
22.0708 108.746 
24.0285 110.788 
26.296 123.523 
27.3868 136.066 
28.2407 166.529 
29.0672 181.072 
19.9817 122.64 
20.8694 115.577 
22.2211 125.136 
23.9417 125.421 
25.6564 169.242 
25.7186 137.706 
27.108 135.392 
28.2175 166.001 
58.7043 807.558 
64.1439 776.444 
65.8606 633.437 
65.1438 610.76 
66.5 534.848 
69.9879 464.998 
73.9518 552.054 
75.8887 497.764 
58.165 853.274 
62.1546 756.497 
64.4287 636.597 
66.0625 596.819 
68.3508 532.655 
72.8424 499.142 
77.9894 519.963 
79.2711 595.487 
59.4054 891.391 
62.5714 750.621 
63.5706 663.878 
65.557 659.261 
67.0142 540.927 
70.4982 577.443 
75.936 543.476 
78.9739 498.091 
62.0792 927.014 
64.1587 765.448 
64.7974 676.121 
65.4037 657.758 
65.1908 523.988 
68.4928 580.145 
73.5176 561.288 
76.3132 406.902 
62.0863 863.79 
63.6307 690.879 
64.1041 623.667 
64.7859 622.886 
66.7611 532.118 
70.3791 515.073 
73.8415 590.714 
76.9385 497.948 
59.5657 795.615 
61.7804 683.899 
62.7584 607.03 
63.8573 610.385 
68.5667 570.007 
72.0567 524.832 
73.8009 555.176 
77.3485 512.31 
59.2817 814.312 
62.9618 750.72 
63.0915 602.613 
62.8028 574.155 
68.0179 611.748 
72.8063 524.946 
74.9179 471.263 
77.3535 413.367 
60.4526 872.944 
62.8243 798.97 
62.6181 773.016 
62.948 581.078 
67.1779 592.329 
72.4837 558.905 
76.6004 464.232 
78.0565 366.531 
60.5749 826.343 
61.1354 686.152 
61.6176 790.892 
64.3433 704.892 
67.7274 675.714 
71.8918 612.758 
76.7849 514.734 
78.8542 380.49 
126.356 2198.19 
132.182 1690.16 
135.914 1444.93 
140.062 1391.1 
137.341 1508.48 
133.001 1553.62 
135.041 1579.15 
141.107 1356.03 
133.835 1892.68 
137.066 1596.35 
137.442 1238.13 
139.29 1169.53 
137.597 1214.34 
134.158 1195.04 
134.694 1265.11 
140.293 1530.87 
139.031 1369.6 
140.355 1198.63 
139.541 1159.63 
140.124 1073.28 
138.922 1283.49 
137.056 1031.26 
137.433 1072.39 
142.929 1239.49 
137.718 1300.96 
139.244 1039.35 
137.565 1137.26 
138.081 1074.32 
139.627 1374.41 
140.115 1108.38 
139.729 1104.42 
143.336 1149.44 
132.593 1518.38 
135.646 1113.43 
133.508 1123.94 
131.281 1220.15 
135.392 1209.22 
138.76 1123.52 
138.133 1167.89 
140.52 1292.9 
130.996 1517.12 
133.826 1204.37 
131.101 1273.3 
127.555 1276.72 
131.83 1051.25 
136.51 1196.33 
136.187 1285.21 
137.83 1198.33 
135.784 1668.4 
134.65 1239.52 
133.241 1249.8 
131.478 1360.54 
133.484 1014.35 
135.741 1224.31 
134.981 1309.01 
134.487 1132.11 
140.93 1535.09 
139.442 1167.58 
137.617 1198.21 
135.245 1231.87 
135.047 1070.47 
136.728 1206.5 
136.432 1226.19 
134.454 1189.77 
143.078 1524.29 
143.028 1334.36 
139.176 1220.71 
135.506 1314.82 
134.163 1332.52 
138.599 1106.24 
138.843 1016.89 
135.3 1232.84 
34.3961 247.127 
36.0187 261.4 
37.5798 235.333 
37.343 210.628 
36.3896 180.335 
36.3884 159.477 
36.0041 177.468 
35.5655 162.527 
33.4431 277.416 
35.1669 212.864 
36.4959 188.214 
36.9355 171.663 
36.6971 160.556 
36.3418 139.886 
35.6627 142.52 
34.7612 148.852 
33.8203 305.319 
34.9352 242.351 
35.7233 186.978 
36.0051 165.313 
35.7916 159.928 
36.0248 170.969 
35.7239 149.092 
34.1757 128.572 
34.411 291.624 
34.988 223.832 
35.6766 187.913 
35.1495 147.398 
35.429 153.593 
35.8406 173.814 
35.2874 168.486 
34.6845 139.317 
35.9212 302.102 
36.904 248.265 
37.2818 213.356 
37.0971 185.091 
36.9098 192.403 
36.4847 158.985 
36.4106 143.329 
34.9303 143.313 
37.0883 264.443 
38.399 254.236 
38.9036 216.418 
38.3817 212.981 
37.0224 197.124 
37.5386 177.576 
38.8953 173.227 
36.5339 136.299 
34.6193 231.554 
35.3019 244.923 
36.8938 220.684 
37.0545 220.993 
35.3872 165.814 
36.2154 157.466 
37.6491 170.562 
37.2789 136.559 
32.4179 242.166 
32.3807 208.214 
33.8165 179.91 
34.6321 208.009 
34.5431 151.397 
34.4799 143.054 
34.6943 123.85 
35.8485 113.265 
31.6489 234.903 
32.2425 230.486 
33.7354 201.039 
34.3147 170.524 
34.9298 169.892 
34.7498 163.257 
34.7072 122.332 
35.4572 136.236 
19.2969 133.374 
20.036 143.857 
19.8089 160.808 
19.7054 153.275 
20.1835 141.945 
19.4631 107.362 
18.5487 110.453 
17.2627 100.606 
17.4769 115.328 
19.1243 131.324 
19.9568 134.406 
20.0354 129.242 
19.505 122.91 
18.2203 94.4622 
17.0151 71.169 
16.2049 91.3057 
17.1332 133.136 
19.1236 161.524 
20.1812 119.966 
19.5727 106.485 
18.8879 108.985 
18.2146 110.421 
17.4868 90.6582 
16.7301 97.2594 
17.4631 125.112 
19.2487 127.613 
20.0441 113.309 
18.914 87.3077 
18.5005 95.8347 
18.3515 100.336 
17.8644 95.1095 
17.2887 96.3606 
18.3735 98.865 
19.3901 97.5804 
20.4888 105.162 
19.8785 98.5008 
18.6969 108.596 
18.332 90.1986 
18.3603 79.1857 
17.1285 70.5647 
20.2037 114.85 
20.1959 102.78 
20.8825 87.2384 
21.0983 107.882 
19.4529 121.725 
19.0259 119.721 
19.5122 115.637 
17.7057 72.5417 
18.9232 112.596 
18.9275 98.6184 
19.3278 91.4759 
20.2022 122.336 
19.3985 98.1542 
19.3007 111.081 
19.8524 116.985 
18.743 90.5732 
16.305 82.0648 
16.6087 79.0754 
17.4226 86.6146 
18.8773 97.2181 
18.6079 76.4911 
18.1767 86.8475 
18.4711 77.8957 
18.1316 78.1658 
16.0032 93.1254 
15.7999 75.3462 
16.6336 82.7518 
18.3863 103.404 
18.6686 91.832 
17.1911 70.7632 
17.1204 57.8184 
17.8062 78.3313 
