322.378 0.374325 
317.516 3.40608 
317.021 3.99692 
322.188 1.24274 
322.776 0.270451 
322.558 0.259384 
321.821 0.219455 
321.905 0.196904 
323.028 0.834525 
313.299 6.32743 
311.928 3.17233 
321.154 5.13968 
323.165 0.116169 
323.113 0.0987016 
322.084 0.120045 
322.037 0.103874 
323.012 0.571269 
316.019 3.35069 
314.234 1.8163 
320.78 3.04885 
322.938 0.305236 
323.062 0.0923484 
322.888 0.104169 
322.835 0.109254 
322.695 0.347854 
321.575 0.713908 
320.78 1.04148 
321.758 0.628179 
322.708 0.264827 
321.983 2.10549 
321.091 2.43431 
321.717 2.39238 
319.578 13.3971 
313.448 55.4118 
315.611 33.1354 
322.244 0.289715 
322.376 0.392432 
319.021 8.98108 
315.851 1.52975 
318.705 6.80807 
313.583 40.1523 
293.055 6.44638 
299.441 31.1901 
321.274 5.77995 
321.849 0.197383 
317.474 5.73429 
314.804 1.98031 
319.121 6.29178 
315.044 28.1488 
294.873 17.4144 
298.249 20.1187 
319.089 13.0219 
322.093 0.428692 
320.381 1.31062 
320.348 1.3737 
322.58 0.801459 
320.327 7.86126 
311.08 31.7806 
303.277 4.00517 
311.18 29.2186 
321.369 0.782285 
322.894 0.18003 
322.853 0.179562 
322.966 0.133676 
317.602 9.70036 
312.552 21.9689 
306.162 14.9392 
311.402 25.1356 
320.815 0.965223 
322.879 0.199489 
322.836 0.0834027 
322.369 0.279035 
71.7367 0.284861 
70.816 0.0490003 
70.7273 0.0358068 
69.4862 0.0600491 
68.6897 0.0907214 
68.5748 0.0247822 
67.898 0.0335845 
66.4798 0.178107 
71.8088 0.589399 
70.9923 0.0730492 
70.8222 0.0650618 
69.3186 0.0615388 
68.3328 0.0881918 
68.4466 0.0522963 
67.8836 0.0670527 
66.2822 0.112426 
71.8844 0.496566 
71.049 0.056826 
70.7396 0.0658708 
69.3565 0.0480672 
68.2281 0.0690498 
68.2115 0.0662528 
67.9708 0.0889735 
66.7479 0.0584075 
71.451 0.2198 
71.0325 0.0189403 
70.6568 0.0516292 
69.5406 0.0338583 
68.406 0.0405115 
68.1108 0.0364965 
68.086 0.0872535 
67.0793 0.0203996 
70.7722 0.0932957 
70.8672 0.0185787 
70.6582 0.0523944 
69.6593 0.0384107 
68.5827 0.0249725 
68.1871 0.0160325 
68.1332 0.141839 
66.9496 0.0272525 
70.2726 0.0326771 
70.6575 0.0316998 
70.6615 0.0546651 
69.6938 0.049887 
68.7254 0.0248164 
68.262 0.0128311 
67.8754 0.216865 
66.6881 0.0292139 
70.0631 0.00395903 
70.4814 0.0324717 
70.5323 0.0449412 
69.6489 0.0516841 
68.8189 0.0319814 
68.1547 0.0240202 
67.2344 0.269424 
66.3159 0.0218995 
70.0572 0.00226568 
70.339 0.0205099 
70.3137 0.0340009 
69.5555 0.0418704 
68.7347 0.0466606 
67.8904 0.0445814 
66.6988 0.219273 
66.0578 0.0389011 
70.0736 0.00233863 
70.2983 0.0110324 
70.1423 0.0291052 
69.4056 0.0306912 
68.6314 0.0460099 
67.8091 0.0371245 
66.6764 0.152371 
66.2002 0.149265 
122.24 1.85833e-006 
122.242 3.46804e-007 
122.242 2.55559e-007 
122.246 4.24736e-007 
122.248 7.0155e-007 
122.248 1.89762e-007 
122.25 2.65852e-007 
122.254 1.49008e-006 
122.24 3.58192e-006 
122.242 5.25817e-007 
122.242 4.67209e-007 
122.246 4.37303e-007 
122.249 6.89602e-007 
122.249 4.12472e-007 
122.25 5.52302e-007 
122.255 9.62273e-007 
122.24 2.99866e-006 
122.241 4.00456e-007 
122.242 4.70286e-007 
122.246 3.42933e-007 
122.249 5.55476e-007 
122.249 5.15828e-007 
122.25 7.35635e-007 
122.253 5.00209e-007 
122.248 5.34699e-005 
122.266 0.000230964 
122.266 0.000219307 
122.252 3.60408e-005 
122.249 3.20949e-007 
122.249 2.79367e-007 
122.249 7.14372e-007 
122.252 1.66934e-007 
122.181 0.00225017 
122.052 0.0135044 
122.018 0.0205943 
122.105 0.0106049 
122.192 0.0018578 
122.241 0.000111642 
122.249 1.21277e-006 
122.253 2.30881e-007 
122.025 0.0137011 
121.539 0.0330521 
121.27 0.0369431 
121.524 0.0246588 
121.913 0.0123368 
122.166 0.0021951 
122.245 7.57492e-005 
122.254 2.51672e-007 
121.959 0.0205166 
121.258 0.0288507 
120.737 0.00477787 
121.024 0.0127311 
121.58 0.0199009 
122.009 0.00467126 
122.223 0.00090596 
122.255 2.38304e-006 
122.07 0.00887003 
121.515 0.0287104 
120.956 0.0165057 
121.068 0.0122169 
121.484 0.0149704 
121.903 0.00515777 
122.202 0.00255152 
122.255 1.58927e-005 
122.196 0.000904992 
121.889 0.0131936 
121.452 0.0165073 
121.376 0.0119834 
121.567 0.00774935 
121.899 0.00508814 
122.2 0.00280585 
122.255 3.47225e-005 
128.65 8.98038e-005 
128.665 1.8034e-005 
128.667 1.34222e-005 
128.691 2.27437e-005 
128.707 3.95221e-005 
128.709 1.06417e-005 
128.724 1.52716e-005 
128.756 8.97089e-005 
128.651 0.000161019 
128.662 2.81181e-005 
128.665 2.48565e-005 
128.694 2.27427e-005 
128.715 3.98193e-005 
128.712 2.37658e-005 
128.724 3.28099e-005 
128.761 5.84135e-005 
128.649 0.000133802 
128.661 2.10339e-005 
128.666 2.48678e-005 
128.693 1.78436e-005 
128.717 3.22666e-005 
128.718 2.93782e-005 
128.722 4.39585e-005 
128.75 3.07824e-005 
128.656 8.42593e-005 
128.667 3.50841e-005 
128.674 4.05958e-005 
128.691 1.00288e-005 
128.713 1.91153e-005 
128.719 1.56665e-005 
128.719 4.24385e-005 
128.742 9.98523e-006 
128.698 0.000588077 
128.762 0.00188072 
128.782 0.00273004 
128.756 0.00168813 
128.736 0.000379781 
128.721 1.5855e-005 
128.718 7.46002e-005 
128.745 1.41754e-005 
128.759 0.0020129 
128.936 0.00340632 
129.031 0.00353246 
128.967 0.00292663 
128.853 0.00180415 
128.756 0.000473846 
128.727 9.31111e-005 
128.751 1.45399e-005 
128.783 0.00269851 
129.024 0.00312835 
129.201 0.000530647 
129.145 0.000854782 
128.998 0.00202541 
128.837 0.0010264 
128.753 9.55114e-005 
128.76 1.03028e-005 
128.749 0.00140176 
128.952 0.00328301 
129.15 0.00147036 
129.146 0.000525115 
129.052 0.0012482 
128.896 0.000964472 
128.776 0.000242658 
128.766 2.19673e-005 
128.703 0.000210031 
128.829 0.0019265 
129.008 0.00198128 
129.068 0.000911899 
129.032 0.000792084 
128.9 0.000980409 
128.778 0.00032813 
128.763 9.64094e-005 
14.7113 3.87584 
16.89 5.68787 
17.0697 16.5689 
17.6221 17.5268 
18.6876 5.63803 
13.3058 1.79567 
10.8705 0.704513 
7.92871 4.15336 
16.1614 11.6507 
6.89519 10.7869 
5.60592 4.76447 
10.2947 4.9575 
15.6024 1.53028 
14.0213 1.84814 
9.8608 0.823443 
8.64638 2.69558 
18.8695 38.516 
9.77033 5.87982 
10.4685 5.00725 
10.3062 2.0477 
10.8444 1.92006 
10.6231 1.92543 
7.71398 2.09028 
8.54546 2.28893 
14.7322 19.7243 
14.5509 18.379 
20.8097 5.98187 
16.8154 5.37219 
10.5448 3.55346 
13.6506 2.25352 
12.8047 1.90532 
9.34744 2.15395 
14.9796 5.44632 
26.0339 18.4806 
29.7205 9.51795 
17.4589 6.78211 
13.1115 5.92831 
21.5475 8.42519 
20.5898 11.036 
10.7099 3.82473 
20.7402 5.8083 
27.1229 10.2112 
24.3639 15.536 
13.5053 5.74059 
14.5734 3.70921 
20.6732 5.67042 
19.7862 8.18012 
15.8617 18.0343 
20.7096 5.45061 
21.3996 20.9899 
16.1341 14.4129 
10.3564 3.08586 
12.3075 1.76097 
15.1549 4.79276 
15.1053 9.51933 
17.5758 18.7107 
14.5537 5.13399 
18.6212 2.6936 
16.0425 5.51248 
9.22204 2.59065 
9.48128 0.778886 
11.3416 1.02315 
10.8641 1.33082 
11.0086 5.34196 
7.95551 3.93011 
10.822 3.64175 
13.5148 5.46977 
11.1767 5.09609 
8.3653 1.39097 
7.14596 4.31488 
5.69344 1.86942 
6.42682 1.23372 
17.348 11.1146 
10.5389 2.16342 
15.8914 23.7827 
27.2095 20.1942 
32.5666 9.23404 
21.9131 8.0456 
21.4354 5.14741 
19.3656 5.00511 
20.8239 13.7879 
10.3443 5.17869 
9.02665 7.25294 
14.7586 13.4598 
22.086 5.45505 
22.0425 7.16562 
20.389 2.71168 
18.8229 4.6708 
22.4263 13.3206 
14.4593 7.60484 
10.5521 3.85936 
9.1297 5.08823 
12.829 8.16526 
20.0922 11.4721 
16.3447 4.91121 
13.2669 6.19422 
17.6724 6.6502 
22.7217 20.3765 
27.2055 32.7608 
18.8977 11.1002 
11.202 6.55378 
20.6542 6.46176 
22.2129 6.68861 
15.8783 5.54853 
13.8392 12.5007 
33.5085 51.1302 
44.3242 19.8396 
29.0679 39.1647 
13.4304 6.67082 
21.183 7.22425 
22.7592 4.21172 
17.2294 2.565 
20.1901 25.3434 
36.4301 29.9241 
42.4632 16.8729 
28.7513 19.9135 
16.6367 9.35179 
24.194 9.68623 
24.4696 12.3836 
16.9945 3.84009 
28.366 54.1529 
46.2236 8.39587 
40.8407 52.4225 
22.2997 17.8948 
15.7794 6.55151 
23.9893 4.77976 
26.8014 2.08804 
17.6623 6.23584 
22.5389 52.8902 
43.7901 32.1491 
37.0075 59.3623 
18.1624 10.2717 
15.8208 1.90029 
17.8401 2.39419 
18.3105 6.53082 
15.7735 5.25882 
15.9064 7.20237 
24.1603 9.40263 
21.7001 19.9586 
15.7528 8.51714 
15.0714 3.17934 
10.5225 3.86534 
7.91755 3.3689 
11.6767 2.77215 
69.5762 129.191 
49.0415 71.7478 
55.2266 45.5249 
72.0387 30.9381 
78.3369 27.5782 
83.8915 28.3465 
95.4002 16.5571 
87.9673 20.2697 
61.5247 123.187 
41.9346 31.552 
40.4162 32.4867 
59.6443 16.961 
68.5916 31.1525 
75.7035 5.63214 
90.1144 28.5022 
89.4082 21.8191 
66.438 46.6427 
62.9703 63.9395 
59.4583 47.5177 
66.8493 21.3827 
70.7058 29.6464 
80.7966 17.0425 
85.4679 18.4608 
82.9092 28.5219 
69.8383 3.97201 
69.4112 12.8884 
67.5202 5.74315 
72.2014 10.7817 
75.9349 8.54885 
77.3176 26.3011 
77.1685 49.7563 
80.6798 56.0139 
60.7679 24.1691 
55.7856 55.7395 
53.2519 66.6955 
61.0933 21.8101 
75.306 10.2288 
73.3773 24.2432 
60.6865 10.2913 
70.2265 27.6283 
52.4368 7.74694 
51.9381 26.0515 
55.2063 44.4901 
63.3607 24.5795 
78.0506 22.2572 
82.7469 10.9897 
71.4202 13.2965 
70.2486 9.78262 
50.51 8.96889 
62.465 22.706 
66.0529 11.7266 
69.3421 8.90332 
79.8918 16.1256 
84.8774 10.9266 
87.5677 16.4033 
81.1468 27.3529 
45.4236 18.435 
58.4768 29.7417 
54.1108 52.9348 
58.2216 16.6128 
73.1456 18.5933 
74.1203 14.0308 
73.3358 19.9423 
75.6799 45.1834 
54.7864 19.4495 
59.6562 12.7923 
47.4049 64.3678 
47.7208 30.848 
70.253 19.3366 
71.6505 11.6855 
61.0979 16.5819 
60.9408 19.3751 
174.67 177.957 
192.433 116.205 
175.651 329.059 
151.171 185.974 
137.813 27.1752 
148.588 18.619 
151.02 19.5658 
172.41 49.2223 
170.631 425.837 
221.126 91.7995 
217.456 225.388 
184.06 117.398 
156.828 39.2398 
152.155 24.7444 
156.711 28.0639 
172.893 58.2012 
150.792 218.599 
181.941 138.634 
182.559 220.73 
180.641 78.0463 
175.108 28.8748 
155.746 39.9968 
163.621 23.9937 
174.974 42.4304 
157.523 37.6635 
140.361 125.097 
126.226 136.71 
155.274 48.6964 
178.218 53.5467 
155.39 19.7598 
156.022 23.2571 
168.545 83.2712 
173.242 65.0398 
128.126 155.689 
108.087 112.449 
153.577 100.418 
178.082 66.43 
140.85 81.8949 
146.741 84.5382 
177.67 30.4005 
174.034 95.1161 
130.92 50.5297 
120.368 96.3301 
157.806 60.4941 
168.04 56.7873 
130.42 70.1928 
134.41 115.606 
171.417 63.318 
176.883 206.837 
133.08 44.8687 
128.691 155.909 
153.578 71.7428 
159.73 25.0379 
145.547 37.2456 
140.029 75.3138 
159.485 22.906 
194.646 218.183 
132.029 222.305 
123.89 233.262 
157.295 53.5392 
165.266 12.5697 
169.597 39.4405 
173.18 132.146 
178.541 108.028 
201.082 204.781 
149.525 103.538 
131.493 161.512 
150.057 114.274 
155.643 39.3519 
182.837 64.4478 
205.647 49.4852 
206.605 38.2977 
32.6047 31.2028 
33.195 13.3169 
35.8062 10.3484 
36.3361 5.68952 
36.3908 4.76468 
36.8771 6.45597 
30.9474 5.98323 
27.7112 13.9443 
38.8929 16.1066 
24.6215 8.33051 
31.0039 35.5417 
38.746 6.65435 
38.6011 21.1691 
38.5701 7.56668 
33.7412 2.84815 
25.5041 12.2088 
45.2407 13.8937 
33.7238 18.2853 
37.6461 15.9116 
40.0886 6.53918 
37.7476 30.2516 
39.5259 13.0582 
39.6446 6.49559 
34.3444 16.3614 
45.307 29.5023 
54.2293 12.1745 
53.2746 16.2136 
41.0076 6.24597 
36.6138 8.40908 
41.0727 9.91181 
40.6315 3.80578 
36.7604 10.7339 
39.7065 4.42255 
46.2846 8.92019 
51.8826 5.07538 
43.0629 7.15637 
31.6942 5.39516 
39.1182 9.42243 
41.4155 10.4796 
31.6562 8.95298 
31.1822 9.81068 
28.7573 18.762 
38.5127 14.9627 
44.6985 17.6135 
33.439 8.5912 
36.2954 8.33325 
39.7306 15.6459 
32.297 5.75448 
24.9184 18.7422 
17.0714 9.00369 
31.5475 12.567 
51.0764 19.0991 
42.6016 13.6484 
36.698 8.29061 
35.93 13.0127 
34.1138 8.63474 
27.9105 18.7947 
33.8764 37.8596 
44.4194 70.7902 
46.5909 31.5044 
42.7951 8.30002 
38.5271 5.11651 
35.468 8.85297 
31.9722 11.9424 
27.2229 52.1637 
48.0549 18.0044 
63.1985 28.8231 
60.8853 22.7464 
55.1101 17.6848 
40.7136 10.9391 
31.9643 9.04017 
26.7439 5.89705 
13.4669 9.41494 
15.418 5.78853 
17.3759 13.5112 
17.8112 7.37993 
18.9813 5.92994 
17.9827 4.02004 
12.1473 1.04816 
6.52208 6.75719 
14.9932 11.468 
8.37729 5.1308 
8.41926 8.65329 
13.6509 5.30476 
21.4552 4.29953 
20.6208 5.78748 
11.2681 3.43469 
6.76253 4.84253 
19.2453 13.9803 
13.1546 4.1902 
13.5496 9.77818 
13.7651 5.292 
15.7028 2.67373 
16.2782 3.46095 
10.0949 2.12642 
8.79471 2.08107 
17.6221 3.8366 
20.3005 7.88197 
25.7435 7.66366 
17.5619 4.75491 
10.1945 1.41348 
13.8977 2.80159 
12.2518 1.95987 
10.5055 0.993442 
17.0421 2.49072 
23.7098 5.6754 
28.3445 6.78437 
17.9843 7.4305 
10.7516 4.40685 
22.9456 6.10527 
23.6598 7.30876 
11.2133 5.66913 
14.9992 4.00108 
17.8858 8.50581 
18.527 11.4215 
13.1526 3.53452 
11.1097 2.55994 
23.1437 7.37514 
24.9875 6.75629 
12.3017 5.51056 
13.6563 4.61773 
14.6337 1.77428 
14.9821 4.18097 
12.4358 2.27899 
11.7821 0.849831 
14.1138 5.71427 
14.9151 14.9672 
12.5968 5.51144 
15.2542 14.619 
24.2859 5.5094 
27.807 16.5603 
21.6883 11.4949 
14.861 8.37195 
11.4681 1.64768 
11.6942 4.02047 
9.99061 3.14804 
10.6495 7.90198 
20.3336 7.3164 
28.8512 4.66832 
25.8098 4.28026 
16.3727 9.62682 
10.0092 1.5832 
10.5157 2.78587 
9.97602 3.32662 
