291.964 2815.65 
302.12 1098.02 
304.27 709.431 
304.691 730.688 
303.301 833.907 
306.969 725.083 
312.333 379.754 
313.726 334.575 
291.335 2359.09 
300.893 965.183 
302.668 720.268 
304.308 766.546 
304.725 713.418 
308.116 587.477 
312.878 266.479 
313.773 330.796 
294.882 1837.7 
301.502 882.186 
300.934 881.415 
302.72 988.817 
305.132 706.772 
308.353 507.819 
313.083 220.483 
314.719 249.754 
297.529 1938.25 
301.946 1143.54 
299.615 1024.51 
300.651 1032.67 
304.494 689.056 
308.457 496.646 
313.542 229.787 
315.703 183.596 
295.934 2471.71 
300.529 1496.96 
299.017 1269.41 
300.476 1104.01 
305.473 624.78 
310.792 360.549 
314.313 190.498 
315.093 180.102 
294.204 2250.53 
299.036 1608.19 
299.573 1497.96 
302.895 988.529 
308.442 541.845 
313.287 256.897 
314.997 114.979 
314.987 151.848 
293.648 2088.74 
295.465 1829.26 
297.22 1555.18 
303.917 823.317 
309.26 375.041 
313.83 141.163 
316.466 77.2011 
316.55 128.254 
292.746 2244.75 
292.61 2066.48 
294.892 1561.15 
301.507 964.673 
306.41 576.679 
312.309 210.165 
316.933 65.9295 
317.626 91.6848 
293.299 2265.07 
293.935 1826.23 
298.006 1293.16 
301.631 986.229 
304.551 833.177 
310.416 388.242 
315.467 174.926 
317.117 157.1 
69.4385 20.1934 
68.9816 21.5118 
68.5006 24.1699 
67.9381 27.5293 
67.3606 30.9271 
66.7686 33.3367 
66.082 34.1438 
65.4432 33.1259 
69.4255 20.6439 
68.9555 21.7941 
68.4898 23.9841 
67.9258 26.9362 
67.2747 30.9606 
66.6296 34.5143 
65.9434 35.8911 
65.3157 34.1711 
69.3954 21.0104 
68.9292 21.9932 
68.4726 24.1826 
67.8907 27.6558 
67.146 32.8271 
66.4902 35.9502 
65.8174 37.1835 
65.207 35.0464 
69.3346 21.345 
68.9118 22.1264 
68.4733 24.3062 
67.8766 28.0836 
67.0635 34.7688 
66.3193 38.6563 
65.6426 38.9209 
65.0938 36.0404 
69.2768 21.727 
68.902 22.4381 
68.4695 24.7094 
67.8989 27.6794 
67.1371 32.9653 
66.3059 38.1411 
65.5534 40.1796 
64.9962 37.722 
69.2628 21.9895 
68.9175 22.4279 
68.4546 24.8953 
67.8918 27.6357 
67.2166 30.7403 
66.4168 35.0202 
65.6311 37.9364 
65.0195 36.9834 
69.244 22.3429 
68.9369 22.3376 
68.4695 24.2547 
67.8924 26.8185 
67.2143 29.9167 
66.4294 34.209 
65.6745 35.4166 
65.0395 34.5076 
69.1865 22.6492 
68.8848 22.6004 
68.4562 23.7432 
67.8924 25.676 
67.2164 28.8934 
66.3721 34.3553 
65.5777 35.7581 
64.9472 34.8171 
69.1311 22.5944 
68.8262 22.5214 
68.4291 23.0866 
67.8378 25.107 
67.1669 28.5263 
66.3599 33.062 
65.5661 34.6561 
64.8866 35.8211 
122.241 0.00153492 
122.233 0.00625511 
122.222 0.0163899 
122.189 0.0441331 
122.15 0.078965 
122.121 0.108408 
122.113 0.107175 
122.133 0.0855344 
122.241 0.0017029 
122.229 0.0108521 
122.208 0.0197821 
122.186 0.0461662 
122.167 0.057344 
122.135 0.10539 
122.116 0.138793 
122.131 0.103763 
122.236 0.0040564 
122.211 0.0316326 
122.185 0.0506103 
122.178 0.0465979 
122.178 0.0553154 
122.163 0.0741761 
122.146 0.114437 
122.148 0.0990814 
122.232 0.00797081 
122.213 0.0236009 
122.192 0.0460726 
122.18 0.0483044 
122.177 0.0725052 
122.178 0.0639255 
122.176 0.0765303 
122.177 0.0726778 
122.231 0.018051 
122.23 0.00753995 
122.222 0.0109761 
122.201 0.0280768 
122.184 0.0738733 
122.181 0.0823228 
122.182 0.0623948 
122.184 0.0570075 
122.239 0.00501411 
122.239 0.00227364 
122.232 0.00884974 
122.216 0.0150515 
122.201 0.0486645 
122.194 0.075209 
122.189 0.0627015 
122.187 0.0652191 
122.246 0.000192961 
122.24 0.00364379 
122.226 0.0254974 
122.21 0.0309063 
122.202 0.0380119 
122.206 0.0467665 
122.209 0.042266 
122.207 0.0422057 
122.247 0.000180913 
122.24 0.00245705 
122.226 0.0144544 
122.209 0.0298585 
122.199 0.050018 
122.214 0.0283567 
122.227 0.0197097 
122.228 0.0182928 
122.247 0.000216584 
122.239 0.00693342 
122.23 0.0206394 
122.223 0.0134458 
122.217 0.0301795 
122.226 0.0172708 
122.237 0.0131759 
122.236 0.0105087 
128.703 0.0100163 
128.72 0.0146775 
128.736 0.0188214 
128.761 0.0273903 
128.793 0.0417231 
128.821 0.0547757 
128.841 0.0582583 
128.848 0.0522173 
128.703 0.00972471 
128.721 0.0141473 
128.739 0.0190231 
128.764 0.0292425 
128.793 0.0388873 
128.82 0.0520102 
128.841 0.0613646 
128.85 0.054873 
128.705 0.0105149 
128.726 0.0180936 
128.748 0.0254273 
128.772 0.0337999 
128.794 0.0402847 
128.811 0.0442509 
128.831 0.0536894 
128.845 0.050755 
128.708 0.0118373 
128.727 0.0194471 
128.752 0.0307269 
128.774 0.0361398 
128.793 0.0414029 
128.808 0.0430341 
128.825 0.0469945 
128.836 0.0443174 
128.711 0.0139874 
128.727 0.0166871 
128.749 0.0243384 
128.769 0.0314187 
128.788 0.0414617 
128.808 0.0471341 
128.826 0.0466131 
128.838 0.0444594 
128.711 0.0142451 
128.723 0.0140781 
128.74 0.0169374 
128.762 0.0235126 
128.783 0.0337018 
128.8 0.0413732 
128.82 0.0432962 
128.836 0.0446083 
128.707 0.0118939 
128.717 0.0123295 
128.733 0.0167824 
128.758 0.0215894 
128.78 0.0277213 
128.793 0.0344556 
128.809 0.0358559 
128.826 0.0357226 
128.706 0.010307 
128.717 0.0108639 
128.734 0.0175189 
128.756 0.0246546 
128.777 0.0303404 
128.791 0.0327714 
128.806 0.0317698 
128.82 0.0300051 
128.707 0.0103485 
128.719 0.0116595 
128.735 0.0164255 
128.752 0.0208839 
128.774 0.0301611 
128.79 0.0321446 
128.802 0.0289874 
128.819 0.0290271 
20.7682 363.292 
20.1996 279.445 
20.1866 262.653 
18.8802 143.071 
19.0593 122.974 
19.0261 137.169 
18.3249 136.728 
17.6353 145.504 
19.1203 271.714 
19.1548 177.024 
19.6556 160.144 
19.1924 119.033 
19.2936 115.213 
18.1425 107.413 
17.9039 106.779 
17.5555 129.258 
18.8698 273.487 
18.5302 136.886 
18.8984 107.887 
19.3137 137.607 
19.5523 135.594 
18.8567 126.338 
17.9174 123.157 
17.18 99.4972 
19.8938 343.964 
19.8269 175.375 
19.7112 121.2 
19.5902 170.99 
19.3937 145.484 
19.055 150.508 
18.7659 155.37 
18.0408 117.738 
20.5611 418.007 
21.007 235.186 
21.8893 210.989 
21.0454 219.597 
19.5288 135.97 
18.9506 144.686 
19.7003 152.312 
18.746 137.447 
20.545 293.76 
21.0397 219.959 
23.2616 242.028 
23.0165 232.641 
21.4102 188.533 
20.3538 165.924 
20.3515 146.077 
19.119 125.956 
20.8519 286.746 
21.2324 220.289 
22.096 207.091 
22.7239 208.896 
22.1491 219.409 
20.931 165.273 
21.4208 163.963 
20.6393 142.819 
19.5377 292.911 
20.8576 223.545 
21.6738 214.002 
21.5598 168.999 
21.2202 169.077 
20.4454 122.705 
21.5155 177.109 
21.8244 168.659 
20.6717 457.967 
22.2101 409.829 
23.1169 317.062 
21.6531 199.487 
20.4746 205.234 
19.4479 124.481 
19.7411 125.824 
20.0975 128.007 
21.9075 141.791 
22.7595 114.313 
24.1556 134.048 
23.4642 116.242 
24.7746 121.861 
26.9847 145.537 
25.5739 140.224 
24.0015 140.581 
21.2336 107.653 
22.8568 99.0262 
23.8527 104.095 
23.1055 98.611 
24.2921 103.866 
25.8314 124.551 
25.4662 122.851 
24.0289 117.938 
20.6716 83.6657 
22.6551 84.5261 
22.9763 80.5485 
22.4706 87.854 
23.7828 106.785 
24.7808 122.754 
24.8828 116.034 
23.8601 99.7152 
22.296 124.923 
23.6047 136.598 
23.8039 109.848 
23.3463 83.5772 
24.0678 112.039 
24.7301 150.952 
25.6853 156.099 
24.8924 108.729 
22.7453 161.975 
23.6832 142.672 
23.9439 119.287 
24.1734 101.745 
25.0278 139.777 
25.2598 149.705 
26.4897 135.787 
26.4087 144.826 
21.7584 151.698 
23.0518 123.244 
24.6747 114.664 
26.1582 115.222 
25.9484 125.026 
25.9787 139.632 
26.7833 139.762 
26.7235 159.63 
21.4521 142.017 
22.6634 105.4 
24.1123 106.39 
26.1553 97.5578 
26.0964 101.268 
26.8132 148.609 
28.3793 187.698 
27.7208 159.318 
20.925 125.422 
21.6036 114.841 
22.6352 113.386 
24.9113 108.757 
26.3087 120.01 
27.8506 154.174 
29.3297 173.214 
28.8871 168.14 
20.6757 127.578 
21.204 112.333 
23.2584 109.263 
25.0321 151.524 
25.3622 153.562 
25.8597 118.263 
27.3799 141.059 
27.8496 165.404 
61.6895 774.853 
65.5922 708.827 
65.8397 633.721 
65.9992 553.024 
68.1643 453.504 
73.3002 527.048 
77.395 565.068 
77.0529 568.446 
59.9517 793.49 
64.0214 709.146 
64.7075 645.628 
65.8273 520.808 
70.3997 485.741 
76.1259 544.468 
79.1827 593.85 
79.0691 588.555 
61.1012 808.208 
63.7824 708.948 
64.1768 664.852 
64.8215 560.052 
68.3804 551.847 
73.4106 602.836 
76.9109 496.198 
79.1631 457.264 
63.1412 831.339 
65.3483 707.185 
65.5488 638.424 
65.4225 612.293 
67.5948 547.127 
71.0848 576.142 
75.2757 505.358 
77.0342 375.354 
62.4633 753.533 
64.445 639.102 
63.289 603.279 
65.5227 592.257 
69.3061 481.063 
72.0255 586.471 
75.8266 544.349 
77.5113 456.336 
60.375 746.813 
62.9493 643.358 
62.1506 600.51 
66.3265 583.283 
70.486 552.201 
72.5171 542.263 
75.5809 492.791 
78.8035 516.326 
60.9225 782.286 
62.7951 741.412 
62.6351 600.01 
66.2066 546.833 
71.2855 578.239 
73.9204 503.028 
76.813 433.485 
78.6175 409.53 
62.3293 778.474 
62.785 815.485 
62.1738 703.315 
64.9007 597.133 
70.097 590.688 
75.3665 505.644 
78.0036 393.628 
78.2639 329.305 
61.3774 700.411 
61.1888 710.396 
62.3324 710.717 
65.796 679.815 
69.4109 646.753 
74.1448 577.517 
76.6262 452.048 
79.5004 428.665 
133.36 1842.89 
137.324 1429.54 
137.46 1399.5 
138.834 1269.24 
135.352 1448.76 
134.143 1582.19 
137.983 1372.87 
145.138 1486.5 
138.983 1676.87 
139.315 1321.61 
137.812 1187.02 
139.692 1148.98 
135.929 1118.19 
135.189 1251.6 
138.346 1242.54 
143.409 1528.01 
141.157 1241.89 
140.312 1111.91 
139.02 1072.6 
140.231 1277.41 
137.902 1078.1 
137.835 1099 
140.855 1081.01 
143.689 1060.39 
138.864 1070.76 
137.401 1051.25 
135.784 1091.33 
138.128 1286.56 
139.864 1291.41 
140.284 1152.4 
141.21 1195.16 
143.893 1056.92 
135.096 1316.96 
134.89 1154.7 
131.478 1183.96 
133.374 1170.79 
137.812 1201.31 
138.872 1111.13 
138.462 1253.04 
141.75 1243.56 
133.751 1324.21 
133.781 1211.22 
129.025 1205.59 
129.456 1062.27 
134.404 1185.16 
136.103 1199.99 
135.425 1210.22 
138.478 1183.25 
136.99 1427.29 
134.427 1134.66 
132.576 1259.91 
133.381 1116.51 
134.756 1081.93 
136.247 1187.23 
133.364 1250.01 
135.289 1200.02 
141.494 1412.37 
138.28 1201.91 
136.681 1246.6 
136.597 1119.2 
136.209 1071.96 
136.815 1114.55 
134.433 1218.21 
134.695 1145.65 
143.014 1518.23 
140.504 1287.27 
136.871 1264.41 
135.675 1324.83 
137.158 1325.2 
139.166 1016.9 
138.466 1142.31 
136.669 1220.23 
34.6874 241.567 
36.7285 270.742 
36.936 208.321 
37.1269 160.083 
36.5354 156.388 
35.4556 139.912 
35.5454 184.297 
33.696 152.421 
33.9723 252.449 
35.7665 181.294 
36.299 177.347 
36.9704 139.677 
36.264 144.446 
35.5955 156.902 
35.1832 149.832 
33.798 143.073 
34.7593 300.779 
35.9737 192.585 
35.7789 173.873 
36.5969 156.951 
36.5581 175.277 
35.9574 155.818 
35.2127 142.477 
34.1217 136.732 
34.8219 248.786 
35.7954 181.944 
35.2451 162.865 
35.5599 157.71 
35.0549 163.34 
35.3659 160.058 
34.809 162.404 
34.4984 132.5 
36.1668 262.246 
36.933 207.795 
37.9995 198.679 
37.1671 189.581 
35.4991 163.188 
36.8515 154.152 
35.8385 150.368 
34.0773 133.51 
37.482 284.367 
38.2696 212.651 
39.3095 222.535 
37.7286 218.401 
36.9064 177.956 
38.5949 179.813 
37.9974 165.144 
34.6628 107.398 
34.6352 251.775 
35.5909 217.149 
36.3698 211.703 
35.9712 180.005 
35.5417 150.183 
36.5437 159.919 
37.1361 148.323 
35.9375 124.109 
32.0234 226.329 
32.3152 183.295 
33.7523 183.747 
34.986 168.435 
34.5439 156.521 
34.0164 128.864 
35.2995 128.402 
36.0164 108.093 
31.7805 235.524 
32.8528 226.715 
34.5363 175.236 
35.1655 161.911 
34.7379 185.023 
34.6866 137.098 
35.6464 122.412 
35.608 138.125 
19.551 145.906 
19.5158 166.526 
19.6922 153.453 
20.3866 142.413 
19.4154 109.587 
18.0596 86.8303 
17.5109 100.946 
16.2023 101.598 
18.0741 135.302 
19.7792 127.963 
20.3408 134.099 
19.521 113.723 
18.5467 104.254 
17.2318 81.741 
16.7964 79.0615 
15.9127 88.8595 
18.3238 159.063 
20.2478 125.327 
20.0833 120.583 
19.2859 100.868 
18.9566 115.777 
17.5127 96.8045 
17.3042 99.5238 
16.7059 83.2244 
18.5115 116.915 
19.9696 102.861 
19.5215 95.4617 
18.6044 87.6258 
18.518 101.581 
17.9375 84.9184 
17.7956 102.597 
17.3442 84.9164 
18.9005 87.6233 
19.5714 99.2473 
20.4177 105.802 
19.193 108.502 
18.2984 106.08 
18.8325 91.6851 
17.9966 73.2888 
16.6002 73.5544 
20.2918 116.033 
19.9442 88.9408 
21.1511 95.9759 
20.209 120.781 
19.2876 117.45 
19.7394 117.934 
18.8588 90.509 
17.2005 73.7726 
18.7967 107.32 
18.7565 99.2886 
19.4299 108.411 
19.4796 107.098 
19.4324 96.3119 
19.374 111.188 
19.3526 99.0071 
18.346 88.9713 
16.4369 79.9299 
16.7691 83.5359 
17.9758 98.4677 
18.5521 79.0468 
18.0315 76.994 
17.8151 79.2705 
18.3515 75.2601 
17.9388 73.7917 
15.7798 87.7985 
15.9749 77.5353 
17.8911 92.3621 
18.309 104.446 
17.4073 74.0654 
17.1114 63.6635 
17.6069 75.7996 
17.3925 82.7723 
