319.349 10.7393 
315.305 5.64252 
317.707 10.7799 
322.963 0.230224 
322.902 0.191219 
322.172 0.357496 
322.01 0.119458 
322.079 0.450914 
317.701 17.9309 
312.747 2.88662 
316.459 17.8807 
322.87 0.440999 
323.183 0.0882898 
322.465 0.260414 
322.133 0.14674 
322.436 0.302215 
319.332 8.92723 
316.032 4.06823 
317.962 9.81954 
322.061 0.485849 
323.072 0.10229 
322.929 0.0930571 
322.868 0.093339 
322.456 0.383066 
321.909 0.257381 
321.476 0.398541 
321.736 0.274465 
322.14 0.213132 
322.791 0.178922 
319.785 3.50333 
319.768 2.98936 
322.059 1.32715 
309.205 69.819 
306.915 70.5488 
318.509 18.3909 
322.271 0.234779 
320.99 1.8739 
315.163 2.18785 
316.124 1.28744 
322.209 1.809 
297.383 35.7051 
293.179 4.34743 
314.86 38.7166 
322.046 0.335376 
320.066 1.27679 
315.976 3.28195 
317.503 4.62253 
322.738 0.77583 
305.431 62.7691 
295.216 13.2181 
309.494 32.503 
321.95 2.99041 
321.453 1.70142 
321.099 1.18858 
321.968 1.15319 
323.008 0.120294 
320.045 12.2512 
304.271 5.06104 
303.574 6.93868 
319.554 6.47303 
322.383 0.671814 
322.936 0.0895008 
322.992 0.0906601 
322.951 0.087825 
316.973 6.27573 
309.885 23.7029 
309.273 24.1015 
319.605 3.46058 
322.196 0.75026 
322.774 0.16774 
322.442 0.225456 
322.059 0.209866 
70.7484 0.0821243 
70.9867 0.0117854 
70.0199 0.140364 
69.0921 0.0408151 
68.4424 0.0281042 
68.073 0.0706199 
67.3095 0.379741 
66.1229 0.0203011 
70.6992 0.143979 
71.1191 0.0142906 
69.9221 0.162467 
68.8869 0.0899185 
68.3813 0.0359353 
67.8243 0.0604568 
67.1062 0.382624 
66.2938 0.0320564 
70.8891 0.10248 
71.0317 0.01638 
69.8751 0.121537 
68.8395 0.130091 
68.3095 0.0192662 
67.7518 0.0551554 
67.288 0.19101 
66.7956 0.0198049 
70.8783 0.0311592 
70.9174 0.00806776 
69.9647 0.0683747 
68.9548 0.11376 
68.343 0.00704799 
67.9858 0.0591338 
67.4148 0.102081 
66.8968 0.0268875 
70.5511 0.0405964 
70.8945 0.00245965 
70.0672 0.0464742 
69.0391 0.0798296 
68.4296 0.00988077 
68.2099 0.0325205 
67.24 0.105976 
66.5856 0.063512 
70.2696 0.0418221 
70.8677 0.00697064 
70.0811 0.0392651 
69.1207 0.0415841 
68.5042 0.0120669 
68.2107 0.00748183 
66.8998 0.086696 
66.1985 0.181298 
70.1496 0.0228755 
70.7186 0.0130665 
70.0189 0.0303315 
69.1692 0.0239936 
68.4267 0.0272301 
67.8549 0.065372 
66.3379 0.0579869 
65.5578 0.402673 
70.1299 0.00849823 
70.5158 0.0121839 
69.8708 0.0253456 
69.1125 0.028137 
68.2644 0.0443223 
67.4785 0.113505 
66.0225 0.0318951 
64.8929 0.712622 
70.1082 0.00905476 
70.35 0.0139043 
69.7081 0.0315263 
69.0378 0.0308241 
68.1955 0.0395997 
67.4762 0.0949176 
66.2271 0.0415875 
64.647 0.840862 
122.242 5.25607e-007 
122.242 8.32239e-008 
122.244 1.00916e-006 
122.247 3.08027e-007 
122.249 2.15193e-007 
122.25 5.55491e-007 
122.252 3.28024e-006 
122.255 1.75819e-007 
122.242 9.23206e-007 
122.241 9.99319e-008 
122.245 1.17187e-006 
122.247 7.0413e-007 
122.249 2.7826e-007 
122.25 4.78204e-007 
122.252 3.28626e-006 
122.255 2.80586e-007 
122.242 1.3098e-006 
122.242 3.33641e-006 
122.245 2.13854e-006 
122.247 1.04256e-006 
122.249 1.53426e-007 
122.25 4.44633e-007 
122.252 1.60385e-006 
122.253 1.70867e-007 
122.259 0.000218354 
122.269 0.000690287 
122.258 0.000313146 
122.248 3.43366e-005 
122.249 4.10617e-006 
122.25 4.81031e-007 
122.251 8.47338e-007 
122.253 2.13075e-007 
122.046 0.00861317 
121.874 0.024643 
121.936 0.0223779 
122.085 0.00889667 
122.198 0.000998549 
122.248 2.02346e-005 
122.252 9.05856e-007 
122.254 5.28974e-007 
121.68 0.0248961 
121.155 0.036381 
121.223 0.030493 
121.625 0.0205834 
122.026 0.00648867 
122.204 0.000825568 
122.252 9.73568e-006 
122.255 1.59696e-006 
121.599 0.0270352 
120.887 0.0194038 
120.803 0.006523 
121.264 0.0144592 
121.83 0.00866728 
122.124 0.00290735 
122.253 7.17583e-005 
122.257 3.79289e-006 
121.854 0.0207886 
121.251 0.0293649 
121.026 0.0117882 
121.315 0.00773493 
121.751 0.00682292 
122.076 0.00479659 
122.253 0.000167065 
122.259 7.49218e-006 
122.107 0.00672174 
121.71 0.0148645 
121.451 0.0167052 
121.544 0.0102959 
121.781 0.00527258 
122.075 0.00474945 
122.252 0.000178807 
122.26 9.61819e-006 
128.667 2.48867e-005 
128.662 4.30842e-006 
128.68 5.36873e-005 
128.698 1.69695e-005 
128.712 1.2093e-005 
128.72 3.20629e-005 
128.738 0.000203146 
128.764 1.07406e-005 
128.668 4.38389e-005 
128.659 5.18245e-006 
128.683 6.28143e-005 
128.703 4.00638e-005 
128.714 1.58578e-005 
128.726 2.77739e-005 
128.742 0.000202353 
128.761 1.73646e-005 
128.664 3.17182e-005 
128.661 5.91108e-006 
128.683 4.6962e-005 
128.704 6.00934e-005 
128.716 8.73105e-006 
128.727 2.61953e-005 
128.737 9.68882e-005 
128.748 1.05668e-005 
128.672 7.77314e-005 
128.678 0.000181992 
128.689 7.87834e-005 
128.702 5.02556e-005 
128.714 3.89733e-006 
128.721 2.82706e-005 
128.734 5.11152e-005 
128.746 1.23554e-005 
128.762 0.00127152 
128.833 0.00308991 
128.817 0.00283481 
128.772 0.00128719 
128.737 0.00019115 
128.717 1.81093e-005 
128.739 5.59627e-005 
128.753 3.19495e-005 
128.884 0.0027192 
129.064 0.0034834 
129.057 0.00316322 
128.948 0.00265466 
128.819 0.00126525 
128.738 0.000217998 
128.747 3.86501e-005 
128.763 0.000100101 
128.913 0.00305289 
129.15 0.00210435 
129.196 0.000322841 
129.09 0.00102469 
128.917 0.00141275 
128.787 0.00058808 
128.76 1.94884e-005 
128.778 0.000239996 
128.834 0.00267344 
129.049 0.00332335 
129.148 0.000727791 
129.095 0.000353872 
128.961 0.00106117 
128.82 0.000812552 
128.768 1.89105e-005 
128.795 0.000458496 
128.742 0.00112159 
128.906 0.00217066 
129.034 0.00152235 
129.03 0.000914543 
128.952 0.00088208 
128.821 0.000813315 
128.763 3.16397e-005 
128.803 0.000559252 
15.1426 2.43483 
14.5297 9.96039 
17.4091 24.3711 
17.317 9.13433 
14.3045 2.88111 
12.129 2.02997 
9.80488 2.22246 
12.2543 6.08138 
11.4982 14.4962 
4.90167 3.16831 
8.21575 4.10098 
14.2032 3.25225 
14.5257 2.73344 
10.2345 5.19694 
9.89753 2.05663 
12.5915 6.3081 
10.6545 8.5288 
12.3157 7.51464 
12.0764 5.35512 
10.6072 2.0948 
10.2397 1.18669 
7.96508 2.86608 
9.78362 2.13352 
11.3514 6.68044 
12.1458 13.6433 
21.7501 9.27376 
20.4472 6.46158 
12.4016 4.91765 
13.3932 3.0073 
13.7157 1.55839 
11.6185 4.16414 
11.7583 9.60543 
21.6146 17.3008 
29.436 9.78705 
22.5449 17.5483 
14.1047 3.55524 
20.5572 13.0468 
24.2991 4.58682 
14.4391 17.0152 
11.7082 4.59524 
26.8565 10.8067 
22.8205 9.05466 
15.7035 12.3265 
13.6804 2.98725 
18.2169 5.19938 
21.5049 2.78545 
14.3696 6.57321 
18.7996 9.27439 
21.5066 8.12204 
16.0976 6.78354 
10.7099 4.38473 
11.0492 2.62554 
13.0555 3.51924 
14.6369 5.38137 
12.128 5.23767 
18.881 5.73812 
15.1927 5.92322 
18.9134 3.75611 
12.1952 3.35099 
8.78732 1.40705 
10.5919 1.31999 
10.497 3.01237 
9.10714 2.88202 
9.86437 4.39842 
8.601 2.02163 
13.8715 4.67152 
13.9009 6.38339 
10.9093 3.73702 
6.56593 2.95578 
4.16747 4.25199 
5.37973 1.11198 
6.74739 1.03642 
11.2749 4.54938 
10.7145 3.15442 
23.52 24.2661 
29.4667 16.7896 
24.7298 18.3561 
22.8314 2.31338 
20.5298 3.0759 
19.5305 5.42388 
14.6351 10.1607 
7.81729 2.3336 
12.4588 7.49029 
19.1393 7.53015 
21.0805 7.57645 
19.3183 4.98526 
19.664 3.91546 
18.6063 2.80623 
17.0985 4.49603 
13.3545 6.67892 
11.3657 8.07641 
11.5066 5.23613 
15.7532 9.83676 
16.0042 3.33089 
15.1454 7.64973 
16.1013 8.83739 
19.0142 10.9415 
30.5663 30.6879 
26.9917 19.7096 
14.1861 9.21767 
16.2446 16.1568 
22.5464 4.05738 
19.9177 15.352 
17.031 8.3135 
22.9857 24.8162 
44.2755 12.9046 
38.8001 10.5253 
18.2686 14.4175 
19.558 11.9591 
25.4151 7.62487 
20.4437 7.58734 
16.2593 3.30108 
33.7668 58.2419 
44.2348 15.4913 
33.3924 17.7852 
20.131 8.54333 
21.604 6.47872 
25.0202 8.31051 
19.4663 7.78612 
15.7909 3.6672 
42.3754 24.5681 
46.5046 7.25381 
25.6969 26.5119 
16.1645 5.88052 
18.2822 8.67535 
25.427 4.44945 
22.4962 9.97317 
14.11 2.22731 
33.62 56.7995 
42.297 48.2696 
22.4741 17.1526 
14.3172 2.93412 
16.3365 3.23168 
15.2518 6.50862 
15.9197 8.40932 
14.2557 4.28188 
20.9746 5.35512 
24.7665 11.1815 
17.7429 9.45073 
17.1601 7.3059 
13.6847 3.25864 
6.23007 2.96653 
8.78552 5.83313 
13.8396 3.92815 
50.6817 74.4951 
42.7443 58.0174 
60.1426 40.8662 
72.1026 17.6065 
79.4652 26.2925 
89.8484 41.7077 
89.6288 12.3492 
79.3486 18.2279 
48.0448 18.651 
39.4267 31.085 
53.6683 30.423 
63.0451 7.03683 
75.1126 17.2617 
83.7825 30.9815 
90.38 27.3441 
89.1035 27.8412 
66.0907 43.7411 
65.168 36.3248 
66.201 21.2272 
71.477 10.1481 
83.1684 21.2523 
81.5909 8.53941 
79.8202 14.3201 
82.3784 20.3962 
67.4419 8.77123 
69.2801 4.56618 
66.7242 18.3228 
72.6357 7.4249 
80.1854 11.2808 
72.4921 27.1265 
70.9726 48.4311 
82.8549 21.4578 
52.7857 38.4819 
49.4909 58.8909 
52.3248 22.332 
68.326 22.4371 
77.412 9.72825 
68.8489 43.5796 
65.3623 25.1093 
82.0629 29.4889 
51.1031 11.067 
56.5772 14.7823 
64.9767 16.7443 
72.6518 26.9434 
80.1191 13.1826 
77.658 15.4727 
72.9195 22.4824 
79.6088 51.2124 
54.524 26.5735 
67.9781 9.48081 
68.6994 8.86403 
70.9126 21.4837 
80.2474 14.425 
84.1712 18.6958 
87.9971 16.5801 
87.6923 43.6298 
52.3412 23.1247 
57.3474 31.5035 
48.8796 40.7797 
62.6791 23.2197 
74.8794 8.97474 
68.2069 11.2205 
73.1307 29.0398 
82.3619 88.5709 
60.3198 7.27907 
61.4275 48.0862 
43.7119 61.1166 
61.4011 29.909 
74.3454 11.8804 
63.9489 14.4942 
58.0127 20.3131 
64.5969 46.4203 
198.837 93.637 
199.305 222.898 
162.487 313.12 
147.371 102.444 
151.103 53.9005 
148.485 12.9694 
161.973 53.4033 
173.97 16.9208 
199.862 220.855 
225.067 105.33 
190.597 78.2626 
164.545 63.9239 
159.417 46.5676 
159.203 22.3134 
160.985 63.6922 
168.407 27.2481 
168.745 78.6304 
173.337 231.789 
171.619 103.135 
170.816 23.4717 
166.112 90.7129 
164.033 21.9708 
166.882 67.7139 
166.53 66.7779 
151.531 65.1297 
118.547 94.8789 
140.079 113.724 
171.989 89.7626 
164.481 96.9735 
154.037 11.0776 
165.833 123.964 
163.85 130.03 
148.888 163.229 
110.345 67.5676 
136.843 153.306 
172.026 42.7101 
151.157 177.593 
130.252 60.0083 
165.181 125.231 
174.026 45.1477 
142.227 212.353 
122.974 61.9784 
144.759 92.7728 
162.862 52.7167 
146.405 92.1694 
123.083 20.4638 
157.663 124.729 
168.865 48.7006 
150.657 211.59 
123.029 60.2582 
153.021 86.6434 
163.377 53.8105 
155.501 26.5354 
144.478 49.9816 
157.357 48.6304 
160.028 15.19 
159.443 210.862 
109.986 93.1234 
147.196 52.8265 
163.155 18.5331 
167.487 32.8542 
182.649 97.3892 
187.183 164.312 
178.75 157.792 
168.916 144.507 
126.331 109.528 
137.911 163.499 
144.344 106.95 
172.134 100.828 
205.295 100.668 
212.813 53.4283 
200.047 54.0548 
30.0637 18.3039 
33.6152 17.5294 
36.9681 6.30991 
37.5978 6.18401 
36.2946 8.04704 
33.2424 10.1686 
30.076 11.3941 
28.9941 8.59858 
31.7468 44.3325 
27.7084 12.4778 
39.3902 8.24823 
43.0887 6.47961 
34.6255 18.3327 
35.7574 5.94977 
31.9071 18.1662 
26.3527 5.58055 
41.6011 38.9987 
37.1325 39.8527 
40.5469 9.63477 
42.2796 3.34359 
33.5087 24.2999 
41.2037 5.57207 
41.2227 12.3784 
35.5012 17.2532 
52.8948 18.7437 
55.2762 6.13241 
44.8781 17.7718 
38.5715 8.87559 
36.024 11.2915 
42.3111 4.65079 
39.2314 6.05791 
34.7755 16.9693 
42.5562 14.2244 
47.2845 22.7206 
46.9082 7.67258 
37.3335 20.4823 
34.4023 7.02661 
40.4338 10.5817 
33.9389 12.3705 
29.4235 3.87415 
26.9865 8.13261 
30.9352 30.1388 
42.2789 26.1587 
40.7818 37.6997 
36.5951 5.53921 
41.8968 10.8742 
35.3063 9.30426 
29.6132 10.8107 
20.2377 10.9172 
24.9994 28.2262 
39.5105 43.2825 
48.0923 18.084 
42.2889 16.377 
38.0517 3.51561 
30.9166 8.82185 
30.6681 6.08779 
36.6343 25.4894 
46.2058 55.7891 
48.5496 35.779 
49.6936 21.7795 
40.5806 9.25965 
35.6056 7.87616 
29.3488 10.9065 
28.9628 4.77419 
42.4268 36.3823 
58.4619 37.5091 
66.9353 28.4494 
62.451 12.5139 
44.3632 25.3808 
34.382 13.9409 
26.697 4.29824 
25.7188 2.89464 
13.3491 4.70577 
14.3963 10.9699 
17.18 11.6667 
19.1078 5.15668 
17.0048 6.65588 
15.6366 7.8379 
9.99721 5.36929 
7.98112 4.24968 
11.9133 9.11099 
7.82666 4.52472 
12.1284 2.00739 
18.8478 7.70464 
18.4221 5.21752 
14.1691 13.3214 
9.30006 2.41882 
7.37423 1.15668 
15.1421 4.93268 
14.7247 9.44663 
16.153 6.66379 
15.3741 3.12239 
14.2904 2.15677 
12.1331 4.87249 
10.0138 1.14429 
10.594 3.95313 
18.8814 6.25438 
26.056 5.63451 
22.6165 11.3633 
12.3568 4.59336 
12.4627 5.99329 
14.6833 7.96643 
12.1951 3.79923 
11.7896 5.21987 
20.3753 5.64111 
26.0832 7.77998 
21.0878 15.6917 
12.2128 4.47742 
17.9037 15.264 
25.914 1.66413 
16.7597 17.4671 
8.72904 1.76916 
16.4435 6.58714 
15.6379 7.67423 
13.7496 4.42155 
11.9385 1.63492 
17.1254 14.2493 
26.8129 6.11327 
17.7785 18.7535 
10.0606 2.26456 
16.1301 3.89238 
16.6067 5.66896 
11.8567 5.88449 
12.3544 3.18207 
12.0783 0.739629 
14.3343 2.99224 
11.0728 4.03159 
11.6282 1.41363 
22.8133 7.64711 
29.5217 7.71704 
24.2799 5.08395 
20.9212 6.00304 
12.5079 2.77774 
10.7263 3.36555 
8.30243 8.42578 
8.75631 1.3295 
15.7355 8.74992 
25.027 12.6491 
29.071 6.77783 
23.3396 11.1078 
11.102 4.14049 
8.75151 2.57834 
10.7541 4.04169 
11.1096 2.25192 
