28269.6 2.14603e+008 
28883.7 2.24352e+008 
30325.4 2.37995e+008 
31660.7 2.73001e+008 
32676.8 3.33551e+008 
33341.9 3.63433e+008 
34441.6 3.88154e+008 
35454.7 4.14077e+008 
36127.4 4.59304e+008 
31084.8 2.28263e+008 
31662.1 2.30867e+008 
33119.6 2.3001e+008 
34794.4 2.71941e+008 
36209.9 3.08817e+008 
36948.7 3.28337e+008 
37720.4 3.48446e+008 
38634.6 3.87722e+008 
39750.2 4.1487e+008 
34086.2 2.0402e+008 
35012.4 2.14015e+008 
36216.9 2.12138e+008 
37799.2 2.67112e+008 
39673.8 3.00403e+008 
40686.6 2.98312e+008 
40999.3 2.94978e+008 
41678.5 3.38376e+008 
43096.3 3.71708e+008 
35536.4 1.74325e+008 
36859.2 1.75184e+008 
38380.4 1.71134e+008 
39942 2.38042e+008 
41429.9 2.67749e+008 
42136.7 2.57415e+008 
42532.8 2.52581e+008 
43197.4 3.06489e+008 
44321.6 3.44463e+008 
77.8204 682.319 
80.6426 642.864 
83.6263 570.236 
85.9726 508.936 
87.5893 451.505 
89.712 357.167 
91.7835 268.31 
92.8763 207.005 
93.6392 162.631 
77.5311 636.594 
80.2676 593.422 
83.2699 515.533 
85.4505 460.11 
86.9569 391.444 
89.0735 296.215 
91.0229 211.142 
91.9381 170.114 
92.2962 145.016 
78.0567 567.953 
80.8233 522.017 
83.5373 459.035 
85.3906 408.677 
86.8458 330.931 
88.5485 245.329 
90.0717 179.024 
90.8477 153.935 
91.0975 130.646 
79.183 530.636 
81.8935 472.823 
84.4808 404.28 
86.4221 355.248 
87.937 287.086 
89.0859 223.478 
89.7803 175.809 
89.9796 157.839 
90.2736 126.757 
165.607 81.842 
166.689 80.7115 
168.155 85.3231 
169.593 95.2612 
170.699 95.6385 
170.841 77.5189 
170.911 68.6231 
171.226 65.5332 
171.41 63.606 
165.863 84.9627 
166.94 81.2953 
168.283 77.372 
169.393 80.1255 
170.084 79.8384 
170.128 74.3146 
170.081 69.8013 
170.171 67.8507 
170.33 67.4605 
166.108 81.8334 
167.159 76.8974 
168.421 71.3073 
169.172 69.5966 
169.52 71.2446 
169.606 70.6636 
169.54 70.0219 
169.392 68.5348 
169.439 66.6133 
166.301 72.5725 
167.321 65.8493 
168.458 63.0709 
168.916 60.8662 
169.054 64.2329 
169.103 67.5629 
169.098 70.7346 
169.04 71.3322 
169.083 67.6002 
186.12 81.2654 
186.955 75.5808 
187.743 66.0007 
188.205 60.4061 
188.191 67.7151 
188.217 73.209 
188.596 73.2804 
188.865 72.8267 
188.824 77.313 
184.905 81.2643 
185.615 78.1446 
186.309 71.9591 
186.668 66.5885 
186.661 70.4871 
186.758 74.9185 
187.033 77.5739 
187.17 80.0773 
187.068 83.2233 
183.668 76.6933 
184.193 76.5082 
184.781 74.0037 
185.028 70.8299 
184.954 76.2687 
185.217 78.0212 
185.525 79.652 
185.546 80.3436 
185.47 82.533 
182.862 72.4555 
183.461 74.1771 
183.957 72.1914 
183.964 74.0587 
183.81 85.0836 
184.12 84.2287 
184.527 82.5084 
184.65 82.1144 
184.792 79.3775 
4261.16 2.12731e+007 
4440.43 2.41845e+007 
4536.6 2.66652e+007 
4697.95 2.92522e+007 
4793.3 2.78455e+007 
4770.7 2.72146e+007 
4793.13 2.98672e+007 
4839.68 3.17208e+007 
4924.42 3.44515e+007 
5111.56 2.41315e+007 
5288.53 2.53586e+007 
5474.47 2.61007e+007 
5700.55 2.80234e+007 
6051.31 3.0484e+007 
6129.64 3.16133e+007 
5914.3 2.99587e+007 
5848.62 3.07005e+007 
5902.39 3.16566e+007 
6015.27 2.46785e+007 
6231.62 2.73859e+007 
6367.73 2.70513e+007 
6535.87 2.70532e+007 
6914.02 3.03901e+007 
7137.22 3.38687e+007 
6971.65 2.98162e+007 
6934.06 2.91742e+007 
6810.17 3.20283e+007 
6177.52 2.16714e+007 
6431.92 2.50731e+007 
6472.44 2.57352e+007 
6724.6 2.69502e+007 
6975.63 2.70046e+007 
7040.46 2.96689e+007 
7104.69 2.97347e+007 
7257.17 2.98294e+007 
7106.88 3.03572e+007 
3526.91 7.04047e+006 
3548.86 7.47815e+006 
3512.25 7.58997e+006 
3568.55 7.75265e+006 
3715.35 9.05456e+006 
3813.57 1.00108e+007 
3868.32 1.08921e+007 
3931.74 1.14145e+007 
4023.31 1.34779e+007 
4117.14 8.31457e+006 
4191.84 8.52781e+006 
4250.44 8.35987e+006 
4387.99 9.21758e+006 
4603.8 1.01442e+007 
4607.06 9.59227e+006 
4639.87 1.07624e+007 
4723.76 1.15817e+007 
4795.81 1.2584e+007 
4689.69 8.71463e+006 
4816.79 9.00874e+006 
4861.46 9.02308e+006 
5082.09 9.56663e+006 
5304.69 9.98715e+006 
5221.69 9.11027e+006 
5253.32 1.01256e+007 
5433.41 1.09624e+007 
5570.73 1.19888e+007 
5026.99 8.21772e+006 
5196.32 8.66368e+006 
5172.71 8.6923e+006 
5429.8 9.2668e+006 
5551 9.93073e+006 
5434.74 9.22531e+006 
5569.18 9.90323e+006 
5799.29 1.12766e+007 
5902.25 1.22412e+007 
4934.45 9.90077e+006 
5025.73 1.0747e+007 
5305.15 1.17479e+007 
5488.85 1.24269e+007 
5722.45 1.47805e+007 
5925.98 1.6677e+007 
5896.84 1.64926e+007 
5733.59 1.72425e+007 
5610.32 1.71351e+007 
5106.32 1.02783e+007 
5338.49 1.11109e+007 
5634.73 1.23573e+007 
5784.62 1.43174e+007 
5948.07 1.36584e+007 
6124.06 1.47237e+007 
6215.01 1.52354e+007 
6137.36 1.48481e+007 
6084.39 1.44995e+007 
5478.21 1.07478e+007 
5659.16 1.14616e+007 
5874.16 1.17434e+007 
6053.04 1.35778e+007 
6280.89 1.22834e+007 
6371.55 1.28599e+007 
6423.86 1.3127e+007 
6482.88 1.3704e+007 
6687.38 1.35179e+007 
5861.65 1.07607e+007 
6024.11 1.18693e+007 
6272.34 1.19325e+007 
6428.49 1.37517e+007 
6609.47 1.2475e+007 
6703.29 1.24078e+007 
6705.83 1.14341e+007 
6756.54 1.25192e+007 
7009.35 1.2447e+007 
7558.05 4.12111e+007 
7882.72 4.27863e+007 
8803.43 5.61948e+007 
9652.63 7.27923e+007 
10082.2 8.74849e+007 
10026.4 7.91508e+007 
10210.7 8.96882e+007 
10358.2 1.00291e+008 
10367.8 1.02602e+008 
7428.9 3.49965e+007 
7601.58 3.48914e+007 
8284.13 4.48645e+007 
9047.66 5.96022e+007 
9471.88 6.85004e+007 
9737.42 7.76335e+007 
10280 8.9629e+007 
10491.4 1.07446e+008 
10775.4 1.10788e+008 
7445.92 2.96821e+007 
7626.6 3.02768e+007 
8160.41 3.69051e+007 
8705.68 5.41911e+007 
9314.8 6.68826e+007 
9894.56 8.43369e+007 
10347.4 9.33462e+007 
10565.5 1.09509e+008 
11219.1 1.18622e+008 
7533.49 2.35182e+007 
7840.52 2.71564e+007 
8590.98 3.77493e+007 
9097.07 6.51953e+007 
9689.19 7.56354e+007 
10218.2 8.5864e+007 
10495.6 9.59979e+007 
10650.4 1.01611e+008 
11308.5 1.08766e+008 
4300.36 8.36323e+006 
4193.12 7.48174e+006 
4338.7 8.98971e+006 
4409.87 9.71034e+006 
4447.99 9.92014e+006 
4648.81 1.08328e+007 
5094.24 1.61112e+007 
5642.34 2.28704e+007 
5918.13 2.56384e+007 
4992.74 1.48728e+007 
4813.48 1.16252e+007 
4875.68 1.05217e+007 
5113.29 1.24114e+007 
5196.71 1.22079e+007 
5273.8 1.25125e+007 
5473.31 1.2498e+007 
5926.76 1.84911e+007 
6351.17 2.16621e+007 
5480.11 1.72283e+007 
5589.44 1.77836e+007 
5684.59 1.4766e+007 
5884.02 1.50582e+007 
5981.25 1.56427e+007 
6035.84 1.44602e+007 
6006.98 1.29755e+007 
6115.21 1.33565e+007 
6568.19 1.78867e+007 
5661.87 1.4739e+007 
5977.5 1.80177e+007 
6319.36 1.88151e+007 
6427.49 1.68962e+007 
6482.05 1.66848e+007 
6500.09 1.56317e+007 
6386.56 1.40628e+007 
6354.67 1.26202e+007 
6634.1 1.36702e+007 
3688.67 1.0438e+007 
3792.81 1.18536e+007 
3829.28 1.27312e+007 
3842.88 1.2884e+007 
3915.51 1.32206e+007 
4156.48 1.4509e+007 
4578.35 1.82397e+007 
4949.17 2.06184e+007 
5283.37 2.24094e+007 
4328.12 1.09472e+007 
4428.18 1.15472e+007 
4600.15 1.30385e+007 
4760.33 1.35999e+007 
4938.15 1.36347e+007 
5076.74 1.36102e+007 
5197.99 1.50389e+007 
5506.68 1.82092e+007 
5841.08 1.91443e+007 
4977.04 1.14875e+007 
5088.76 1.21162e+007 
5268.52 1.2587e+007 
5538.49 1.3413e+007 
5878.12 1.44692e+007 
6025.77 1.46744e+007 
5996.06 1.47942e+007 
6147.38 1.5703e+007 
6240.75 1.62877e+007 
5274.9 1.24049e+007 
5388.79 1.26582e+007 
5552.54 1.20519e+007 
5834.53 1.31828e+007 
6122.58 1.36071e+007 
6239.93 1.36e+007 
6270.97 1.35513e+007 
6379.34 1.43738e+007 
6360.58 1.62129e+007 
