36907.4 600593 
35340.4 4.41166e+006 
52109.5 2.86844e+006 
66653.9 5.47042e+006 
58534.6 2.58845e+007 
45460 633427 
53183.6 7.95337e+006 
48204.8 1.03691e+006 
39441.6 3.72521e+006 
40830.8 1.47998e+006 
33986.2 2.03403e+006 
33407.5 1.62388e+007 
39112.4 2.65658e+007 
31107.9 2.56034e+007 
34102 1.98877e+007 
55166.5 7.32069e+006 
49562.3 3.88351e+006 
37444.8 7.22787e+006 
45021.4 3.58378e+006 
36418.1 1.35782e+006 
33241.7 8.30698e+006 
35467.4 2.65992e+006 
32862.5 4.89054e+006 
39759.9 2.35597e+007 
53665.6 3.01314e+006 
48963 2.32863e+006 
45320.2 9.33114e+006 
43655 2.06347e+006 
39602.3 997507 
49878.4 3.87429e+006 
55669.1 1.12697e+007 
42956 1.40776e+007 
33649.2 2.21678e+006 
43601.5 1.17646e+007 
47639.3 2.43287e+006 
40333 6.70474e+006 
94.046 1.17815 
91.0769 7.47392 
80.6779 14.5119 
81.0437 9.09118 
81.804 4.87328 
84.6301 5.39446 
88.5032 6.00109 
77.8039 1.69441 
75.4321 5.07989 
88.5041 4.8239 
81.1855 5.98648 
71.0256 0.608388 
73.8954 1.20022 
73.6539 2.28307 
73.0119 4.01207 
82.0678 0.60399 
80.0213 2.20313 
81.2745 11.2792 
80.4634 0.437222 
79.7299 0.686069 
77.1876 3.16045 
77.8465 5.08458 
77.1894 6.76511 
76.7322 9.99879 
81.066 1.04317 
77.5123 1.7832 
77.0803 4.80243 
85.9809 6.18235 
89.4064 7.14905 
88.9691 8.63439 
89.4594 5.4607 
92.918 6.33909 
93.814 11.1174 
85.9984 7.73442 
76.6733 0.806104 
81.256 13.035 
168.726 0.0544954 
169.244 0.0161097 
167.514 1.20736 
160.545 5.7593 
154.945 6.76137 
155.332 3.05652 
165.109 7.30639 
182.6 2.07278 
184.516 1.98945 
168.259 0.323921 
165.343 1.74385 
158.394 7.84537 
148.39 6.0709 
143.466 1.67481 
145.667 2.14033 
160.598 13.3905 
180.355 2.00657 
180.762 2.29992 
166.568 1.65724 
159.623 2.94408 
152.728 1.10993 
148.217 2.16912 
145.793 2.73828 
145.723 2.47234 
162.059 22.8012 
184.295 4.33932 
183.826 4.14315 
165.522 1.1009 
160.161 0.863719 
159.216 2.33149 
160.021 4.01979 
158.029 4.22544 
155.819 3.85615 
171.369 37.1812 
191.534 4.68866 
185.33 14.8042 
196.633 0.418766 
197.226 0.169748 
197.95 0.144032 
193.609 1.15587 
191.351 0.534432 
192.318 0.58745 
189.857 0.364307 
189.497 0.247877 
193.55 0.306098 
195.969 0.148363 
192.51 2.04912 
192.729 1.80965 
190.076 0.39146 
189.272 0.782094 
191.504 0.225165 
187.903 0.162995 
187.168 0.488481 
189.371 1.4782 
195.935 1.80319 
187.056 2.39462 
187.044 0.82548 
191.343 0.323406 
193.642 0.525852 
193.911 0.418453 
189.57 0.287385 
187.555 0.289219 
188.488 0.164357 
194.086 1.48353 
188.197 1.04306 
190.196 1.65513 
195.6 1.20052 
196.671 0.345865 
195.38 0.169937 
191.999 0.2493 
190.457 0.197388 
191.848 0.887854 
388.541 15403.7 
3926.5 780921 
14883.9 2.71289e+006 
22935.5 5.02997e+006 
20890.1 9.08272e+006 
16373 4.16185e+006 
12645.5 3.02128e+006 
6976.26 198419 
8269.83 571931 
2854.43 211228 
3757.54 444261 
6733.58 3.15109e+006 
6244.99 4.86685e+006 
4477.33 9.44643e+006 
5314.4 1.11971e+007 
6902.74 1.57678e+006 
5605.89 788665 
6190.56 651526 
6552.79 542378 
5608.35 748515 
7779.42 1.88033e+006 
11881.4 4.51577e+006 
13821.7 8.76713e+006 
12777.4 1.81147e+007 
8769.51 6.78609e+006 
6150.61 1.34054e+006 
12912.1 3.49229e+006 
5407.13 865739 
5889.62 197868 
11431.9 186051 
17527.3 2.74681e+006 
18184.4 1.38512e+006 
16078.6 1.99575e+006 
9669.95 3.94033e+006 
5060.66 928739 
10722.3 3.07707e+006 
1675.9 395837 
8651.79 3.68337e+006 
21290.7 3.9031e+006 
21466.3 4.73919e+006 
12223.9 7.75277e+006 
9037.96 302432 
10315.9 528948 
8975.67 110897 
6382.92 176424 
5254.53 423483 
7825.71 1.08954e+006 
10263.3 7.32442e+006 
8483.38 5.85706e+006 
4628.79 1.82786e+006 
6085.74 463236 
8370.12 374928 
6883.71 1.00836e+006 
5879.48 436250 
8658.41 563697 
7697.2 485370 
5227 255202 
5523 190543 
4557.46 195380 
5162.53 431562 
7880.95 365143 
7239.26 1.07152e+006 
7381.22 354022 
6130.3 491833 
8083.49 428289 
7592.61 81995.5 
5548.43 84296.3 
3874.65 388504 
4346.29 298582 
6087.04 1.45983e+006 
4657.67 1.38877e+006 
5058.84 997499 
10968.7 3.04763e+006 
11548.2 1.23702e+006 
8006.61 2.29833e+006 
3673.82 393119 
4151.66 131559 
6160.1 2.38294e+006 
9549.57 920281 
10295.5 1.65842e+006 
5851.6 503355 
12951.9 824206 
12133.8 187725 
6963.7 1.62564e+006 
4540.98 248246 
3311.78 26093.3 
4966.88 923823 
9822.08 452071 
9719.2 1.38353e+006 
5396 523484 
9199.36 2.04372e+006 
8467.71 1.05367e+006 
5290.63 284320 
3633.5 307123 
2746.29 107641 
3654.04 673477 
8073.02 994729 
9868.98 270608 
5755.94 988921 
6844.12 685982 
6717.7 131044 
5093.51 505382 
2113.85 293749 
1196.55 75581.7 
2444.71 366815 
5674.03 229189 
8509.46 356166 
5861.27 140672 
18777.2 5.63559e+006 
6990.73 2.86134e+006 
3232.82 764793 
5815.42 1.09035e+006 
6578.23 630398 
3263.54 725839 
8167.47 2.83743e+006 
12463.4 1.04579e+006 
8462.96 1.7608e+006 
12551.8 2.26577e+006 
4293.3 200221 
2563.26 200327 
7190.85 352892 
6936.76 29553.8 
4931.72 486787 
12790.1 3.40609e+006 
16292 1.61061e+006 
10260.6 3.50196e+006 
9085.73 1.34275e+006 
4362.59 135268 
3562.77 209643 
2934.54 1.26402e+006 
2190.93 1.24171e+006 
4617.13 1.46878e+006 
12310.4 2.21202e+006 
13454.7 2.13402e+006 
6610.12 1.24988e+006 
12474.3 3.5629e+006 
5646.4 330507 
3576.56 613697 
1313.15 170007 
709.65 28845.1 
2430.52 1.00711e+006 
13807.1 1.05631e+006 
20537.9 4.42806e+006 
9217.08 1.15886e+006 
4204.44 216323 
2600.3 9404.65 
2247.41 27971.5 
8235.72 451940 
8676.97 132456 
3638.65 349727 
5408.57 852746 
4788.27 79205.9 
3825.93 301057 
4766.13 103868 
2786.24 105396 
3160.54 114762 
9332.15 156998 
8703.5 171178 
7564.97 1.18964e+006 
10381.4 359860 
6203.35 1.64829e+006 
4127.59 811527 
6037.31 486029 
4814.91 668094 
4596.55 374760 
3549.72 293095 
2280.19 581282 
6609.17 1.82381e+006 
9948.6 297154 
6395.58 1.65866e+006 
3882.16 230772 
7450.27 348825 
6502.56 189228 
6290.43 1.16854e+006 
5697.52 1.01276e+006 
3075.24 892977 
1739.73 388159 
4154.91 810999 
4466.61 915250 
2398.18 199722 
892.625 26374.5 
1622.95 70483.3 
2447.98 32333.3 
4527.22 312444 
6013.8 569080 
6986.73 755336 
7096.5 71713 
4705.68 361623 
6648.35 730601 
2452.06 91064.2 
3189.6 63830.4 
3723.14 38233.6 
3320.09 375094 
3049.7 558253 
5238.29 915586 
6900.1 480887 
4858.17 449821 
5590.57 1.68878e+006 
5487.8 284739 
5467.36 148267 
6785.36 1.6239e+006 
7945.2 1.31976e+006 
7265.92 1.58588e+006 
6939.62 1.34104e+006 
6683.05 813342 
5853.84 372863 
8778.62 1.53495e+006 
5348.95 384122 
6762.54 915617 
15893.4 6.41949e+006 
23468.9 8.74972e+006 
15915.5 9.11367e+006 
6609.31 1.01006e+006 
4208.46 535815 
4407.02 752803 
7075.36 930999 
