35580.5 35786.8 36220.2 37673.5 36613 36428 36314.4 36229.3 36528.4  
33334 36233.1 37827.9 32244 34473.2 36344.4 32550.3 34465.5 36642  
52158.1 50805.9 54071 49485.5 51180.9 51977.6 49913.2 51913.2 51387.2  
68411.5 63770.5 65915.8 65221.6 67273.8 64252.7 64348.8 68747.4 62913.7  
65085.9 52533.5 53386 63565.4 58743.5 52937.1 58900.9 63495.7 51528.6  
46237.4 44910.3 46003.9 47219.9 45492.6 46006.4 44949.3 46136.6 45230.4  
50898.1 57606.7 54776.4 52988.5 55319 55288.3 52152.9 51646.2 58670.1  
48519.5 49069.7 48011.1 50149 48561.3 47693.8 49655 48433.4 48484.8  
40312.1 35746.3 39769.5 39808.9 38415 38909 41817.9 40525.8 35628.5  
41486.4 39898 38524.9 41752.3 41010.4 39959.4 40435.5 41371 38983.2  
36599.3 33096.8 33485 33493.7 33591.5 33403.6 32515.7 36578.5 32935.3  
39439.7 29286.1 30792.4 36085.2 32184.7 29034.4 33868.2 39104 29159  
46835.8 34726.4 35332 41268 38307.6 32867 37018.7 46590.3 33452.1  
38595.3 26294.6 26848.9 31516.2 28349.6 25732.2 29334.5 37925.8 25656.1  
38710.1 31260.9 35492.6 29858.9 32548.6 35111.1 25613.2 40418.8 32915.9  
56984.5 55105.8 55592.2 54563 56011.1 56163.9 47977.4 58360.4 56974.8  
49027 49897.2 47517.6 52792.4 49029.2 47946.7 53143.8 47003.8 48891.3  
32681.6 35499.6 37379.6 34090.2 35946.7 38203.9 40081.4 32555.2 35537.2  
43682.6 45302.1 42728.4 46379.8 46662.2 44805.9 46460.6 42331.3 43695.3  
35385.7 37394.6 36447.3 37832.3 37768.3 37527.4 37514.9 34688.6 37001.2  
29199.1 36483.4 34664.8 32399.4 33956.9 37559.7 33727.9 29171.8 37070.5  
33739.9 37857.6 35133.6 34305.7 36034.3 37693.1 34932.7 34001.9 37497.6  
29913.1 34049 33358.3 34028 34252.9 34076.2 33647.2 29251.4 33875.7  
32557.7 41805.1 45114.3 39242.5 42843.8 45021.9 36916 33794.6 42606.5  
50574.8 53724.5 53048.3 56075.9 55189.5 52799.3 53131.4 52082.3 54658.2  
47171.4 48514.4 47214.9 50736.9 48962.1 48216.4 50515.9 46435.9 48515.2  
40023.4 45752.3 48813.6 42927.5 46339.9 50007.8 44241.5 40009.6 46108.6  
43780.3 42954.3 40287.6 43655.6 45034.2 43073.5 43812.5 42679 43110  
40120.8 38694.3 41401.1 38669.3 39389.9 39844.5 38972.5 40919.5 40455.2  
49098.9 49269.3 52991.6 48302.3 49641.3 51592 47961.2 48905.5 52104.9  
51966.8 58580 57111.2 55544.7 57204.6 58946.1 57021.9 50542.7 59877.3  
39550.4 45943.2 40231.9 47598.5 46017.6 43578.2 50457.3 39004.1 45055.5  
33786.6 32630.9 32775.8 33692.1 33266.8 32475.9 34596.8 35761.8 32581.8  
46833.2 39471.3 40090.8 44829.6 41557.1 39095.8 44184.6 48703.8 40747.2  
49224.7 45800.6 46983.7 48655.4 47456.2 45406 46935.8 49379.9 46225.9  
44060.2 37788.4 43280.5 41496.7 41479.5 39811.8 37646.8 45616 38565.9  
94.9056 95.0173 94.6179 91.7032 94.4212 94.3232 93.4463 95.1302 94.6055  
94.5369 88.6549 87.8451 94.2142 91.3503 88.5101 92.6789 94.097 87.6058  
85.7767 75.8703 77.1857 84.22 80.2726 77.1425 80.9054 85.4153 75.578  
85.5178 77.4096 78.8219 82.5208 80.5146 78.3428 78.4327 85.3381 77.3924  
84.3814 79.2747 80.6228 81.4781 80.5237 79.8584 78.6656 84.635 79.2465  
85.9815 81.3534 84.7956 83.0516 83.2558 84.6012 80.606 86.7972 82.5554  
90.9295 85.9393 85.0422 90.7072 87.955 85.349 88.9724 90.9756 86.2862  
78.344 77.5906 75.8456 79.3699 78.3776 76.5329 79.449 77.6672 76.8623  
72.9145 75.646 77.9239 74.1077 76.6678 79.821 73.3565 73.5369 76.3814  
92.3472 86.5803 87.7421 89.0343 88.3769 85.9686 88.7107 92.0557 86.2852  
84.4343 79.6852 78.0804 84.3699 81.1519 78.7861 83.2846 83.2611 78.7861  
71.2178 70.2104 70.0168 72.0316 70.7963 69.9985 71.8802 70.7121 70.0717  
74.8657 72.7378 73.554 73.605 73.5941 72.4835 72.8557 75.0374 72.5542  
75.8424 72.5945 72.5799 73.6834 72.7662 72.099 73.2473 75.5007 72.2546  
73.0903 71.7447 74.7121 70.0518 71.7234 74.7499 69.7559 74.2684 73.2895  
82.2182 81.8859 81.5302 82.4191 81.8984 81.4806 82.1047 82.8797 82.6844  
79.7738 81.3823 80.7422 81.7107 82.2164 80.8551 80.9983 79.6058 80.922  
80.8903 82.9925 87.9654 82.4177 85.5932 87.4911 80.0296 81.4862 83.7013  
80.5167 80.3921 80.7952 81.6845 80.7697 80.1606 81.8534 80.1647 80.5998  
78.9929 80.6529 79.3675 80.4706 80.4598 80.3057 80.8544 78.647 80.3057  
74.4224 78.923 78.3984 76.8913 78.1132 79.1052 77.7623 74.3966 79.0956  
74.4471 80.2377 79.0735 77.7145 78.9827 80.2977 78.8932 74.2631 80.3107  
73.3807 80.3707 77.8703 76.8814 78.3468 79.8587 78.9235 73.0535 80.0713  
71.9564 79.2814 79.7935 74.1713 77.6534 81.2317 75.8361 73.2585 80.3532  
80.9438 81.4224 80.2004 82.0319 81.1811 80.1586 83.4184 81.6468 81.7861  
79.3224 77.6376 76.1618 79.5372 78.0812 76.3945 78.9172 78.5202 76.7188  
75.8615 77.8156 79.9929 75.493 78.3246 81.0238 74.3812 76.1641 78.181  
82.5882 88.7951 88.8104 85.6673 86.3058 88.7228 86.3092 82.3064 89.2407  
85.7733 92.5642 90.9567 88.6524 90.739 92.6485 89.5465 84.77 91.822  
84.9257 92.405 90.8347 88.739 90.6829 92.4797 89.8023 83.9223 91.6668  
86.0674 92.0659 90.694 89.2266 90.6253 92.2223 89.8513 85.568 91.6477  
89.5719 95.3305 94.6087 91.4318 93.6173 95.7187 92.1431 88.8058 95.2929  
88.8766 97.1602 95.9561 92.9374 95.3689 97.822 94.2925 88.2063 97.0807  
85.3965 87.278 82.7957 88.7485 86.225 83.658 92.4579 84.6963 86.4721  
77.4513 77.1211 75.2442 78.2316 77.0446 76.3712 77.8132 76.3894 76.0125  
78.1267 82.5964 84.1623 78.1892 81.7594 86.189 75.6726 77.5904 82.1435  
168.436 168.502 168.77 169.136 168.574 168.7 168.75 168.471 168.65  
169.167 169.349 169.399 169.163 169.399 169.227 169.236 169.211 169.303  
168.814 166.786 166.35 168.653 167.778 166.174 168.705 168.772 166.535  
163.832 158.356 158.19 162.952 160.367 157.706 162.166 163.164 157.498  
158.417 151.697 152.529 156.89 154.54 152.171 155.28 158.266 151.593  
157.382 152.885 155.442 155.123 154.93 154.953 152.738 157.833 153.571  
164.333 164.481 168.761 162.335 165.021 168.664 159.657 164.773 165.199  
181.618 182.363 183.908 180.952 182.424 183.691 179.374 182.436 183.07  
186.143 184.903 183.346 185.403 184.226 182.19 185.874 185.606 184.392  
168.404 167.647 167.082 168.919 168.066 167.612 168.535 168.315 167.378  
166.96 164.003 163.666 166.112 165.043 163.5 165.597 166.755 163.5  
162.225 156.083 155.319 160.925 158.147 155.094 160.296 161.944 155.57  
152.193 146.491 145.961 150.957 147.946 145.532 149.99 151.205 145.747  
145.172 142.133 142.135 144.064 142.776 141.884 143.702 145.087 142.067  
146.437 144.36 146.762 144.06 144.911 146.209 142.884 147.29 145.28  
159.677 160.601 165.597 156.507 160.663 165.648 153.252 160.456 161.55  
179.262 180.858 181.451 178.425 179.977 181.794 177.952 179.827 181.518  
181.211 180.97 178.004 180.819 179.532 178.128 182.147 180.865 180.577  
167.208 165.215 164.003 167.669 166.282 164.875 167.162 166.787 164.493  
160.923 157.637 156.882 160.409 158.682 157.08 159.762 160.323 157.08  
152.938 152.233 150.855 153.621 152.384 151.817 153.796 152.52 151.971  
146.24 149.821 147.924 148.593 148.837 149.409 149.533 145.723 149.519  
143.212 147.676 145.947 145.487 146.386 147.315 146.912 143.076 147.518  
143.335 146.759 147.029 144.181 145.821 147.861 144.975 143.974 147.282  
159.024 163.855 168.325 157.02 163.051 169.156 153.775 159.919 164.791  
182.613 185.422 186.976 181.986 184.775 187.069 181.159 183.795 186.548  
185.275 184.036 181.478 185.634 183.174 180.485 187.453 184.896 183.57  
165.292 164.855 163.369 166.488 165.68 164.602 166.39 164.437 164.027  
158.552 160.041 159.264 160.101 159.887 159.868 160.337 157.933 159.7  
156.64 160.445 159.682 158.329 159.392 160.569 158.801 156.132 160.246  
157.083 162.156 160.712 159.7 160.864 162.031 160.486 156.301 161.756  
155.132 160.37 158.481 158.302 159.139 159.923 159.361 154.23 159.708  
152.855 157.923 156.895 155.411 156.675 158.023 156.262 152.32 157.491  
166.65 174.335 179.144 165.944 173.222 180.277 161.544 166.789 174.79  
188.65 192.901 194.271 189.054 191.931 193.929 188.941 189.534 193.833  
187.01 185.025 180.818 188.476 184.233 179.623 192.897 186.581 184.711  
196.77 196.981 197.665 195.87 196.254 197.059 196.244 197.336 197.36  
197.861 196.949 197.535 196.875 197.237 197.004 196.682 197.95 197.034  
198.562 198.134 198.176 198.274 198.232 197.846 198.31 198.587 198.153  
194.454 193.37 192.818 195.394 193.981 192.95 195.906 193.906 192.845  
192.089 190.292 190.933 192.129 191.612 191.066 191.882 192.114 190.439  
193.47 191.581 191.75 192.971 192.61 191.565 192.116 193.406 191.359  
190.98 189.374 189.78 190.113 189.889 189.421 189.919 190.901 189.176  
190.006 189.286 190.249 189.436 189.449 190.222 188.983 190.091 189.649  
193.97 193.343 193.413 193.632 193.329 193.517 192.497 194.143 193.313  
195.886 196.129 195.264 195.728 195.819 195.747 196.217 196.006 195.751  
194.178 190.611 191.295 193.178 192.001 190.28 192.517 194.136 190.28  
195.161 191.431 192.372 192.935 192.047 191.58 191.876 195.349 191.608  
190.85 190.367 189.494 191.085 190.067 190.282 191.217 190.243 190.297  
187.888 190.042 190.023 188.794 189.608 190.513 189.104 188.187 190.305  
191.072 192.052 191.151 192.115 191.963 191.164 192.106 190.861 191.604  
188.351 187.659 187.487 188.071 187.795 187.371 188.402 188.059 187.27  
187.885 186.336 187.102 186.689 186.501 186.894 186.302 188.177 186.592  
190.783 188.202 187.535 189.162 187.97 187.671 188.714 190.735 188.055  
196.974 194.781 193.148 196.561 195.672 194.142 196.579 196.45 193.759  
187.456 185.045 184.551 187.885 185.944 184.614 187.434 186.757 184.614  
187.288 186.288 187.204 185.571 185.867 186.723 185.019 187.523 186.553  
191.17 191.332 191.749 190.353 190.991 191.863 190.199 191.423 191.677  
192.722 194.106 194.384 192.796 193.643 194.522 192.756 192.954 194.25  
193.99 194.464 192.98 194.634 194.048 193.439 195.055 193.457 193.908  
188.936 190 189.024 189.497 189.514 189.553 190.358 188.512 189.653  
186.541 187.725 187.35 186.897 187.147 187.467 187.681 186.681 187.678  
188.315 188.273 187.828 188.551 188.138 187.918 188.184 188.418 188.318  
194.764 192.911 191.553 194.741 193.949 192.708 194.572 193.991 192.088  
186.504 187.972 187.096 188.04 187.654 187.837 188.037 185.788 187.439  
188.47 190.882 191.279 188.26 189.804 191.291 188.071 188.464 190.803  
194.125 196.412 196.799 194.425 195.76 196.956 194.464 194.18 196.513  
195.682 197.445 196.874 196.837 197.092 197.259 196.885 195.488 196.917  
195.738 195.683 194.847 195.947 195.487 194.983 195.986 195.357 195.134  
191.733 191.847 191.563 192.366 191.772 191.602 193.077 191.415 191.653  
189.736 190.554 190.159 190.388 190.3 190.327 191.084 189.48 190.364  
190.303 192.63 192.384 191.381 192.434 192.952 190.763 190.249 192.62  
331.451 435.776 703.283 313.495 383.687 431.204 375.894 330.773 465.318  
3638.35 4516.58 5111.74 2508.28 3660.24 4726.27 2763.97 3978.09 4848.44  
15002.6 15227.8 17598.7 12486.8 14330.7 16582.7 12039.8 15684.9 15889.9  
25907.5 20093.8 24106.1 22382.4 23779.4 22764.3 20898.9 27016 20599.3  
25976 17116.6 19569.9 23145.4 21345.8 19015.6 20257.9 25714.5 17342.8  
19932.7 15756.4 14949.9 19810.3 15891.3 14399.7 18601.2 18496 15375.2  
14118.4 13482.2 11531.6 14850.5 13020.4 11067.5 16566.2 13744.3 13008.3  
6776.34 7249.04 7452.43 6625.43 7229.19 7136.26 7716.4 7142.55 7315.6  
9202.23 7437.9 9182.75 8565.44 8896.9 8176.37 7342.84 9282.1 7249.17  
2619.32 3289.69 3705.07 3136.68 3171.06 3345.75 3195.62 2703.36 3455.93  
5059.94 3497.24 3103.02 4363.61 3768.65 3354.13 4093.96 5072.76 3307.1  
9757.81 5437.58 5807.05 6748.81 5863.41 5420.96 4968.18 10111.8 5511.89  
9396.81 4050.49 4870.36 6504.19 4837.08 3965.39 5017.3 9755.86 4033.04  
8770.63 1605.35 2148.28 4017.7 2440.21 1720.47 3123.34 9025.48 1620.23  
11272.7 2406.97 3624.56 4798.52 3161.98 2976.71 2861.19 10838.9 2582.73  
9337.66 5978.97 5746.12 6496.31 6027.2 5940.96 6472.46 9059.72 6155.55  
4307.51 6195.93 5262.52 4166.57 5361.95 6743.06 5074.72 4452.42 6393.19  
5436.24 6944.77 6740.64 5252.02 6320.46 7299.28 5035.31 5394.62 6863.84  
6020.92 7279.97 7555.65 6717.91 6937.93 7316.24 6907.82 6100.8 7455.06  
5460.21 5540.59 5132 7437.01 6232.91 5439.38 7273.34 5067.55 5363.12  
5624.63 9079.04 8609.63 6811.74 8139.99 9524.9 8016.81 5787.88 9199.82  
8484.19 13468 13114 9538.95 12183 14078.7 10633.4 8883.45 13871.9  
9070.24 15490.6 16175.4 13268.4 15047.3 16237.6 13010.1 8920.69 15681.4  
5751.62 15505.2 14750.7 15043.8 15432.1 15196.2 16544.6 5372.61 15351.5  
4354.49 9963.83 8229.94 10453.5 10012.1 8389.63 12850.4 4258.71 9447.72  
4205.72 5729.27 7311 5039.03 6633.94 8040.14 4614.67 4904.29 6236.57  
11697.5 14435.7 16021.7 13207.1 14992.4 15969.3 10652.9 11635.5 14686.2  
6595.04 5011.47 5754.81 4157.13 4563 5334.56 4331.91 7222.07 5658.65  
6581.02 5244.3 5545 6024.61 5600.44 5420 6190.91 6277.44 5611.93  
11339.9 11609.4 11738.4 11419.7 11398.1 12092.9 11472 11332.1 12196.9  
15747.2 18668.5 19330 15722.9 17981.4 19423.4 15737.2 16151.2 20059.5  
16140.7 18730.5 19408 17127.8 18591.2 19108 17822.4 16578.4 19577  
16243.9 15679.8 14640.5 18037.9 15999.8 14570.7 19541.7 16330.3 15947.3  
10789.1 8242.94 7368.12 11447.1 9223.14 6595.32 12667.6 10911.1 8089.36  
4967.7 3402.92 6333.41 4808.84 5516.78 5273.96 3926.02 5897.53 4038.89  
13177.7 9509.25 13051 11722.7 12157.4 10929.9 8494.74 14191.1 10437.2  
1178.95 1527.63 2212.63 830.608 1191.69 1810.62 916.196 1296.71 1862.57  
6921.96 8552.16 10791.3 5550.65 6956.18 9388.56 5837.8 8105.67 9747.27  
20362.2 20859.4 22347.9 17291.7 19891 21405.5 17710.3 21168 21379.2  
22908.9 19017.2 18856.6 21773.9 21037.1 18477.1 22109.6 22230.4 17836.7  
14119.5 8964.88 8578.84 15237.3 11652.9 8612.43 14026.4 13621.6 8742.46  
8762.64 8786.63 8954.76 10190.7 9282.55 8735.52 8364.41 8326.49 8836.86  
8876.28 10854.4 10715.9 10714.1 10502.5 10324.3 10319 9100.24 11135.8  
8747.26 9084.12 8953.04 8648.29 8424.76 8831.09 9372.44 9006.96 8981.11  
6884.76 5970.97 7003.19 6338.3 6844.51 6874.28 6714.04 7041.58 6158.71  
4622.33 5668.47 6251.45 4629.58 5063.73 5845.45 4838.79 4878.56 5942.93  
8841.33 6876.15 7955.93 7402.95 6920.57 7249.14 7049.68 9477.29 7147.51  
13845.5 7552.03 8849.2 9995.62 9228.66 7597.04 8594.23 14207.5 7514.39  
12022.8 5861.03 6820.2 9098.33 7472.36 5598.99 7736.32 11460.5 5661.29  
6095.73 3048.1 3296.37 4924.25 3627.57 3161.46 4428.92 6031.81 3184.31  
6515.53 5908.97 6365.61 5669.87 6135.39 6358.94 4769.86 6697.05 6077.93  
7486.09 8331.77 7733.71 7484.87 8132.33 8158.38 8506.37 7590.74 8416.58  
5781.6 6196.62 5666.57 4978.98 5778.44 6699.54 6537.33 5797.47 6350.93  
4690.66 6112.25 6157.72 4915.61 5918.09 6015.74 4972.47 4901.47 6032.73  
8042.36 9602.91 9627.55 8810.4 9055.4 9542.59 9029.44 8259.23 9823.7  
7540.16 8569.46 7561.32 9033.44 8275.05 8293.8 8751.07 7534.07 8177.52  
4555.42 5419.15 5774.57 5161.44 4969.51 5738.34 5279.27 4527.3 5392.02  
4931.36 5876.44 5334.1 5616.27 5721.3 5682.1 5746.95 4745.23 5808.06  
4467.37 5038.93 3953.95 4741.18 4928.71 4955.46 4602.58 4401.63 5117.43  
5558.93 5314.18 5156.64 4892.57 5063.62 5493.11 4236 5912.24 5316.8  
7969.59 7262.75 6956.19 7800.62 7149.9 7134.71 7426.46 8179.01 7260.52  
5555.39 6218.05 7353.15 5920.92 6825.99 7791.36 5997.22 5936.05 6939.06  
6555.96 7766.49 7421.07 6790.49 7243.31 8098.05 7126.14 6279.36 7506.24  
7191.11 5902.25 6288.54 5465.25 5787.83 5863.54 5789.29 7510.41 5963.4  
9181.63 7913.4 7452.88 8537.39 8288.75 7594.22 8643.77 9337.19 7806.91  
7406.84 7220.89 7772.27 7792.47 7397.14 7621.64 8262.69 7730.02 7684.31  
5688.41 5560.58 5257.93 5567.01 5637.19 5315.14 5800.04 5804.31 5739.51  
4725.29 3904.45 3040.98 4215 4187.35 3539.03 4051.3 4786.96 4043.42  
4741.35 4056.79 4302.36 4045.36 4297.06 4010.79 3638.8 5203.16 4187.33  
6876.68 4460.26 5491.12 6427.09 5542.83 4534.75 6057.52 7471.11 4797.95  
4801.36 2731.29 4925.93 4543.71 4513.65 3699.62 4382.84 5685.86 3396.03  
6761.64 3921.52 4909.7 5671.45 4817.69 4327.49 4966.78 6976.89 4076.34  
8272.58 12623 12271.6 8832.46 10424 12726 9374.99 9116.43 13205.4  
10194.6 12664 12715.3 10884.2 11903.6 12578.9 11613.1 10124.2 12791.5  
8125.92 7695.5 6731.5 10466.2 8711.02 6770.31 11427 7335.77 7001.07  
3014.6 4095.4 2733.29 4244.53 3709.66 3461.45 4578.22 2715.61 3693.58  
3739.25 4710.93 4174.11 3791.07 4124.01 4474.43 3871.24 3663.95 4623.83  
4847.85 6782.36 8739.58 4601.04 6549.15 8491.69 4550.57 5641.72 7572.89  
9280.29 10278 10656.4 9263.18 10139.1 10535.2 8912.29 9595.5 10602.7  
11905.4 10446.1 8238.51 12057.4 10050.9 8039.35 11452.5 11300.1 9619.88  
6518.55 5159.5 5015.1 6400.78 5172.99 5117.55 6667.23 6466.53 5149.97  
13642.9 12516.6 11363.3 12521.4 12714.2 12534.4 11608.7 13999.5 11923.9  
12224.3 11943.3 12732.6 11473.2 12038.1 12390.4 11110.2 12232 12216.7  
7442.19 6272.69 5954.77 9450.19 7262.75 6037.64 9634.88 6667.81 6101.77  
4695.36 4704.85 3933.94 5404.3 5113.46 4180.96 5046.34 4546.95 4203.36  
3231.48 3474.8 3535.09 3340.31 3627.34 3421.88 3412.87 3247.39 3454.2  
4220.62 5065.61 5899.16 3656.43 4949.54 6330.76 3588.24 4782.03 5874.23  
10000.5 10121.1 10026.5 9577.52 9832.83 10539.9 8046.21 10278.1 10430.3  
11585.2 9463.55 8529.66 11515 9410.98 7981.99 10588.8 10875 8660.28  
5830.85 4456.09 4746.64 5477.87 4874.94 4500.27 6549.81 5820.69 4450.18  
10784.5 7851.32 7062.93 10003.4 9314.53 7664.19 9238.46 10458.3 7112.96  
10016.4 7642.49 8405.54 7936.12 7826.09 7914.7 7264.81 10145.7 7803.74  
6093.09 5051.75 4981.29 6193.99 5147.46 5138.67 5943.39 5975.13 5200.15  
4607.79 3800.61 3196.41 4506.48 4183.16 3354.42 3888.08 4485.73 3376.79  
3402.03 2735.34 2739.23 3052.28 2972.43 2651.34 2869.43 3401.55 2667  
4399.14 2867.88 3301.4 3173.18 3065.15 3138.17 2431.6 4616.34 2940.47  
9137.74 7694.93 7787.14 7673.32 7846.22 7804.59 5570.17 9384.82 7980.61  
9578.84 10134.9 9689.53 9966.58 9760.08 9695.28 10484.6 9131.84 10177.4  
4168.71 5471.6 5402.56 4912.78 5134.65 5527.04 7416.18 4054.48 5351.27  
6145.67 6866.22 6253.5 7535.04 7869.12 6709.64 7342.59 5034.49 6825.77  
6737.95 6667.89 7532.9 7026.3 7118.88 6876.66 7021.42 6470.79 7014.3  
5448.09 4731.9 5089.59 6409.12 5465.38 4783 6698.32 5455.42 5070.03  
2815.06 2009.53 1511.64 2933.89 2375.58 1668.9 2896.19 2904.36 1737.25  
1677.03 1184.56 868.922 1334.09 1126.67 1130.42 1153.04 1707.58 950.877  
2321.06 2808.3 2838.36 1609.43 2611.42 3099.72 1027.41 2711.99 2663.02  
6125.88 5459.08 5614.5 5297.55 5438.83 5793.58 4667.24 6467.43 5625.91  
9147.92 7958.95 7660.44 8675.53 7695.19 7645.08 9273.68 8876.09 8044.49  
5793.56 5753.35 5402.39 5508.66 5269.53 5284.23 6337.6 5671.44 5659.53  
21203.3 16062.4 16058.2 21777.4 19612.9 16432.9 20195.7 20873.5 15915.3  
8684.19 6040.97 4651.29 9312.93 7677.54 5004.77 8153.13 8207.74 4620.04  
4048.73 2149.02 2326.97 4796.68 3472.47 2336.3 4112.01 3192.83 2191.36  
4349.62 7100.22 6482.8 4873.97 6211.76 6459.19 4635.73 4393.89 7008.37  
5255.03 7069.08 7319.97 6218.47 7011.83 7241.65 6749.69 5081.53 6781.01  
2026.02 3084.13 4134.54 3108.13 3733.44 3991.69 5281.23 2411.92 3083.83  
7171.27 9594.27 9786.61 7088.06 9871.51 10141.3 5333.17 7418.16 9981.28  
11823.5 13629.9 13460.6 13031.5 13355.2 13754.4 10641.1 12058.4 13762.2  
7350.78 8817.31 8666.05 9045.23 8184.86 9313.74 11996 7323.87 8620.58  
13661.1 11198 10398.1 14339.5 12681.3 10865.3 13548.5 13008.6 10548.6  
4804.95 4203.37 3614.73 4954.78 4618.44 3806.44 4679.25 4269.18 3753.07  
2012.72 2628.63 2648.28 2964.41 2634.94 2636.21 3455.78 1667.12 2700.13  
6990.29 8011.65 7259.78 6456.36 7707.54 7594.27 5888.96 7233.43 7782.86  
7079.68 7203.01 6918.15 6876.1 6985.77 6988.53 6738.63 6801.21 6911.64  
3628.22 5283.14 5096.06 4352.18 4956.43 5467.23 4842.25 4028.66 5407.54  
12697.9 13895.1 13856.6 12862.1 13856.4 14226.7 7914.81 13215.4 14474.5  
17320.3 17226.9 18145.3 18593.5 17389.4 17317.8 15773.5 17010.4 17260.8  
9798.58 10353.7 11434.7 10884.4 10777.7 11424.9 15734.2 9712.62 10089.6  
9048.13 8134.01 7307 9934.14 9282.49 7882.36 9576.31 8273.5 7456.07  
3885.45 4181.3 4499.95 3763.8 4463.78 4261.28 4038.52 3616.16 4201.54  
3238.19 3205.47 3452.39 4124.24 3712.65 3272.14 4528.58 2892.49 3326.68  
4861.03 2077.03 2282.08 3412.38 2720.46 1908.77 3134.46 5051.71 1908.59  
4248.13 1185.55 1694.23 2452.82 1910.46 1161.44 1871.66 4099.77 1170.81  
4579.42 3401.23 5447.64 3415.59 4378.27 4558.99 2018.56 4909.85 3768.27  
13620.8 11275.2 11997 12467.5 12198.4 11380.6 8692.8 14184.6 11744.5  
15856.1 13319.4 12090.5 15063.6 12825 11864.2 14311.3 15400.1 12974.9  
7679.91 5771.5 6389.14 6442.04 5933.77 5991.93 9169.69 7501.2 5704.57  
10733.7 12641 10101 14884.9 14499.2 12235 14255.6 9332.92 12169.4  
4513.45 5857.59 5984.04 5513.81 5742.71 5899.23 5549.97 4594.24 5750.85  
3417.91 2695.36 3139.94 4975.01 3434.18 2812.27 5064.03 3216.51 2919.75  
1460.2 858.749 905.461 2016.3 1224.53 963.646 1981.47 1460.98 849.333  
641.781 1044.79 500.455 616.254 748.888 1013.65 660.547 635.878 637.731  
2283.64 2151.73 3409.22 918.564 2223.47 3315.45 554.906 2823.99 2125.17  
12384.5 14424.1 14482.4 12912.1 14160.6 15174 12793.4 12524 14843.2  
18127.1 23442.6 20467.7 20492.7 21032.7 21482.5 22057.6 16637.1 22505.6  
7897.6 10592.6 9278.04 8549.33 9150.04 9535.24 9938.84 7071.5 9733.6  
3801.15 4072.65 3785.32 5191.56 4163.8 3972.65 4709.96 3763.67 3970.85  
2471.17 2691.27 2550.36 2662.83 2664.51 2667.22 2608.24 2579.2 2693.94  
2158.24 2319.12 2280.63 2247.8 2284.43 2291.14 2426.56 2016.22 2330.81  
7863.87 9319.39 9013.25 8094.32 8513.8 8555.96 8371.3 7685.12 9256.66  
8979.73 9223.44 8802.13 9088.37 9108.84 8490.96 8670.66 8657.8 8804.94  
2896.94 3386.76 2688.15 3073.89 2961.93 3775.79 3032.22 3030.61 3427.42  
4199.46 6117.2 5131.88 4156.79 4918.74 6251.97 3866.04 4281.71 6375.73  
4681.58 4633.42 4942.47 4824.39 5024.26 4812.95 4714.93 4883.07 4516.66  
3794.41 2697.86 3533.81 3662.32 3477.55 3594.07 3780.75 3974.04 2930.05  
4684.91 4708.05 4010.08 4912.62 4936 4673.03 4955.31 4502.17 4338.53  
2475.63 3106.35 2870.57 2282.49 2720.79 3225.73 2427.87 2426.18 3180.5  
2705.07 3402.31 3567.94 3166.42 3245.3 3500.79 3471.57 2644.04 3428.54  
9674.01 9545.51 9685.88 9965.58 10075.3 9105.08 9663.72 9633.4 9339.81  
9392.99 8845.36 8778.13 9318.13 9129.71 8377.19 8988.01 8958.3 8435.53  
6497.68 8328.39 8960.31 6412.55 8491.34 8901.45 5833.08 6930.91 8535.72  
9435.01 10627.3 11226.4 10460.4 11211.5 10907.6 10013.3 9852.96 11100.6  
5671.24 5785.77 5608.67 8084.92 6020.15 5128.83 9258.06 5051.53 5471.05  
2450.48 3405.83 3869.47 3674.88 3732.9 3984.1 4645.12 2436.59 3425.63  
5014.81 6477.79 5210.79 5751.29 6493.84 6329.9 6208.59 4449.82 5839.06  
3487.73 5547 5377.68 4194.19 5308.56 5725.47 4705.73 3352.38 5645.2  
3555.84 5023.25 4819.47 4600.04 4851.19 5158.03 5049.73 3616.02 5177.88  
4221.77 3181.08 2876.36 3868.03 3238.99 2878.96 3986.14 4285.28 2959.74  
3499.54 1665.49 1479.7 2565.85 1870.36 1481.48 2432.92 3342.35 1591.94  
6743.48 6907.1 8551.24 5259.83 7341.49 8315.84 3903.94 7596.32 7388.71  
9763.98 10229.4 10736.4 10259.8 10734.3 10514.5 10163.3 10198.9 10688.9  
6833.65 6388.74 5159.01 8463.39 6327.88 4927.93 9181.02 5707.45 5888.66  
2989.15 3399.82 3776.54 3452.91 3646 4376.34 3613.55 3275.91 3546.21  
7581.22 7251.68 6017.59 7106.98 7623.16 7045.35 7338.22 7274.24 6572.36  
6130.32 6490.3 6420.15 5881.91 6462.93 6642.89 5893.93 6361.35 6589.8  
5157.79 5217.59 6003.95 5091.82 5151.01 5860.39 4988.27 5358.62 5645.02  
4791.54 4590.28 4384.4 5419.18 4501.35 4486.61 5579.55 4750.11 4472.52  
3052.33 3185.84 1965.02 3954.3 3335.42 2539.53 4092.75 2936.08 2914.13  
1993.87 1215.95 2176.2 1099.65 1258.15 2080.86 910.956 2789.31 1383.08  
5556.24 3541.97 3687.69 4040.8 3655.83 3661.64 3246.3 6065.16 3804.38  
6415.01 4236.51 3621.3 5432.42 4425.12 3256.3 4197.26 5943.55 4158.67  
2759.79 1743.8 2235.56 2696.24 2216.01 2488.06 2446.08 3185.36 1882.92  
793.028 1065.28 1189.18 728.015 836.944 1054.62 741.641 848.192 1108.97  
1423.72 1768.09 2007.93 1325.13 1611.08 1978.65 1574.02 1470.65 1940.8  
2460.39 2555.07 2785.29 2196.3 2491.35 2591.65 2197.53 2515.49 2594.88  
4367.09 4144.47 4723.81 3852.49 4022.01 4534.67 3755.12 4706.36 4519.11  
7016.41 5448.55 4941.12 6084.81 5500.17 5101.96 5324.99 6756.22 5233.52  
7771.27 7114.02 6536.93 6435.95 7074.2 6611.99 5119.75 8229.78 6934.13  
7252.42 7280.6 6954.08 6915.85 6866.79 6968.07 7156.11 7506.34 7566.36  
4585.37 4027.16 4964.04 4961.89 4477.08 5119.79 5757.62 4042.33 4289.33  
6561.34 5662.7 6368.56 5796.83 5838.2 5833.02 5317.04 6437.67 5520.04  
2255.85 2517.24 2796.88 2212.5 2444.18 2695.49 2288.63 2278.81 2773.35  
3193.13 3470.39 3208.11 3016.72 3525.02 3377.76 3154.81 3101.17 3330.41  
3676.48 3992.84 3965.13 3759.72 3949.67 3841.74 3743.58 3805.76 3902.25  
4056.59 2552.84 2761.82 3839.2 3101.85 2422.3 3666.02 3960.15 2431.78  
4024.76 2117.97 2172.89 3039.73 2538.97 2062.69 2642.77 3861.64 2050.17  
6575.31 4267.82 5546.88 4969.4 4853.91 5075.99 3718.59 7141.22 4437.7  
8027.4 6151.64 7002.73 7681.88 6950.74 6390.41 7024.29 8363.46 6397.24  
4361.18 5028.48 4304.86 5453.38 5068.26 4075.46 5911.38 3816.99 4755.02  
4474.74 4226.94 4430.44 3885.42 4322.57 4979.65 3144.51 4289.25 4675.24  
4771.93 5956.12 5964.5 5162.61 5578.01 6070.64 5500.02 4789.74 6008.44  
4995.79 5913.8 5470.8 5467.77 5661.9 5892.74 5481.38 4972.66 5810.12  
6131.97 8704.73 7027.42 5507.96 7136.08 8727.58 4910.08 6372.92 8773.96  
6633.79 9454.51 8330.62 7363.6 7987.4 9790.1 7543.72 6550.5 9572.58  
5225.81 7933.12 7315.8 7947.47 7523.66 7588.85 8860.49 5085.43 7647.15  
5525.11 7809.48 7906.62 7457.5 7563.21 8319.6 7781.32 5387.2 7840.8  
5728.29 7298.47 7341.63 7421.18 7248.62 7575.25 8428.33 5876.31 7535.96  
5141.71 6723.99 5611.7 6283.31 6589.26 5897.5 5927.09 5356.08 6298.63  
6932.21 8907.18 9802.65 8122.19 9389.76 10045.1 6263.1 7263.1 9314.04  
5533.55 5281.75 5872.19 4506.31 4691.81 5885.41 4754.88 6304.85 5920.44  
6976.41 6520.8 8466.12 5685.3 6176.2 7411.52 5672.46 7878.54 7681.45  
16328.3 17794.2 19247.5 12614.3 16795.5 18421.8 11475.9 15812.8 18588.9  
21464.4 26892.4 25721.8 23885.4 25484.5 27088.4 25027.4 19471.7 27019.2  
13313.3 17893.1 14448.6 20351.1 18028 16247.5 22677.4 12359.2 16932.4  
6202.78 6718.31 5409.13 7981.17 6876.94 5398.41 8923.03 5903.06 6275.91  
5100.77 3343.02 3446.88 4704.91 3535.86 3336.5 4752.56 5264.98 3586.33  
5765.63 4028.27 3974.84 4702.26 4272.77 4048.51 3098.38 6339.75 4082.2  
7669.86 6267.93 8403.87 7348.33 7868.85 7246.87 5462.78 8519.69 6776.27  
