275.425 6119.55 
288.663 3724.16 
300.965 1503.45 
304.134 835.596 
304.804 742.852 
303.963 740.416 
305.75 736.928 
310.906 524.932 
275.679 5838.59 
288.424 3271.84 
300.274 1281.58 
304.067 735.696 
305.29 614.521 
303.774 747.362 
306.622 673.458 
312.212 362.091 
277.583 4920.96 
289.778 2607.65 
299.95 1070.27 
301.85 772.336 
304.044 828.179 
304.228 842.16 
307.302 539.148 
312.359 276.295 
282.797 4193.61 
294.117 2090.91 
301.102 991.235 
300.125 946.295 
302.306 930.361 
304.568 747.182 
308.029 478.892 
312.86 244.016 
286.235 4166.01 
295.188 2461.37 
301.104 1354.9 
299.269 1123.45 
299.567 1169.85 
303.34 855.054 
308.121 500.189 
313.139 244.569 
287.371 3781.73 
293.744 2724.28 
299.248 1706.05 
299.516 1346.38 
299.876 1242.63 
304.788 745.023 
310.658 421.227 
313.76 205.038 
288.177 2951.84 
293.059 2273.65 
296.953 1806.99 
299.21 1574.34 
302.254 1035.77 
307.572 556.291 
313.163 256.68 
314.703 130.938 
288.172 2599.24 
292.456 2256.52 
294.112 1965.77 
296.412 1600.58 
302.089 914.879 
307.589 469.327 
313.047 185.416 
316.621 70.2469 
288.955 2413.12 
292.155 2334.06 
292.642 2007.08 
295.874 1571.93 
300.467 1137.38 
304.162 824.183 
310.738 345.133 
316.391 86.1135 
70.0103 18.0146 
69.576 19.1113 
69.1003 20.8735 
68.6261 23.54 
68.0809 27.1109 
67.5253 30.3401 
67.0065 32.0855 
66.3474 32.4844 
70.0377 18.3222 
69.5561 19.8936 
69.0811 21.1612 
68.6207 23.401 
68.0702 26.3262 
67.4745 30.0605 
66.8813 33.1806 
66.1783 34.602 
70.0175 18.7057 
69.5264 20.5248 
69.0296 21.6044 
68.5994 23.4495 
68.0603 26.1122 
67.3966 30.1766 
66.7566 34.0318 
66.0399 36.1884 
69.945 19.4186 
69.483 20.9352 
68.992 21.8661 
68.585 23.706 
68.0472 26.7071 
67.2714 32.5778 
66.595 36.3641 
65.9077 37.608 
69.8771 20.0415 
69.4305 21.137 
68.9708 21.9941 
68.577 23.9648 
68.0507 26.7616 
67.2427 33.1414 
66.4661 38.3912 
65.7455 39.7744 
69.8328 20.4225 
69.39 21.3659 
68.9614 22.1981 
68.5578 24.4857 
68.0421 26.9576 
67.3277 31.1171 
66.5239 36.0536 
65.7129 39.9768 
69.7939 21.0979 
69.3744 21.8268 
68.9913 22.1669 
68.5618 24.1689 
68.0415 26.6598 
67.3791 29.663 
66.6296 33.1407 
65.8246 36.6782 
69.745 21.8373 
69.3359 22.4384 
69.0051 22.2574 
68.5717 23.7147 
68.0628 25.5947 
67.394 28.8484 
66.604 33.2694 
65.8072 35.673 
69.6847 21.9443 
69.2649 22.7396 
68.9445 22.5471 
68.534 23.42 
68.039 24.766 
67.3794 27.7817 
66.5645 32.8022 
65.7071 36.0189 
122.244 0.000149569 
122.237 0.00340701 
122.226 0.0173848 
122.22 0.0271784 
122.197 0.0376728 
122.147 0.0783788 
122.112 0.113063 
122.102 0.113542 
122.245 0.000142751 
122.243 0.000506151 
122.235 0.00366494 
122.224 0.0111334 
122.199 0.0347164 
122.162 0.0646049 
122.129 0.106489 
122.112 0.118989 
122.245 0.000149903 
122.242 0.00125987 
122.227 0.0129722 
122.204 0.0254122 
122.186 0.0440484 
122.174 0.0502121 
122.15 0.0819651 
122.127 0.128253 
122.242 0.000574858 
122.239 0.00226519 
122.216 0.0212845 
122.188 0.0550608 
122.175 0.0501163 
122.178 0.0594836 
122.173 0.0627864 
122.16 0.0945265 
122.237 0.00447091 
122.233 0.0118674 
122.222 0.0129429 
122.206 0.0331866 
122.187 0.0407734 
122.178 0.0701324 
122.179 0.0682358 
122.18 0.0660628 
122.236 0.00584663 
122.233 0.0160914 
122.235 0.00569218 
122.231 0.00617853 
122.212 0.0170013 
122.191 0.0601796 
122.184 0.0869026 
122.183 0.0652682 
122.24 0.00140952 
122.241 0.00320094 
122.24 0.00227398 
122.233 0.0109743 
122.218 0.0168869 
122.204 0.0330498 
122.199 0.066619 
122.196 0.0586705 
122.243 0.000627899 
122.246 0.000199995 
122.243 0.00141532 
122.229 0.0162379 
122.211 0.0360115 
122.201 0.037692 
122.207 0.0398749 
122.213 0.0363211 
122.244 0.000639728 
122.247 0.000199027 
122.242 0.00209742 
122.231 0.0113265 
122.217 0.0188603 
122.206 0.0379236 
122.214 0.0267899 
122.228 0.0174407 
128.687 0.00757248 
128.7 0.00946733 
128.718 0.0160538 
128.733 0.020454 
128.755 0.0245437 
128.789 0.0399515 
128.816 0.0538409 
128.838 0.0582251 
128.686 0.0076928 
128.699 0.00894842 
128.717 0.0133744 
128.733 0.0176976 
128.753 0.024005 
128.786 0.0377403 
128.816 0.0527396 
128.839 0.0595567 
128.687 0.00788105 
128.7 0.0092629 
128.719 0.0136798 
128.738 0.0191934 
128.76 0.0280179 
128.787 0.0359404 
128.812 0.046471 
128.835 0.057884 
128.69 0.00851977 
128.701 0.0101589 
128.722 0.0166101 
128.745 0.0262941 
128.769 0.0339079 
128.791 0.0397357 
128.806 0.0422031 
128.824 0.0492525 
128.693 0.00971497 
128.705 0.0121104 
128.723 0.0158793 
128.746 0.0275612 
128.769 0.0358776 
128.789 0.0408319 
128.805 0.0438257 
128.822 0.0459612 
128.695 0.0104156 
128.708 0.0144953 
128.723 0.0149878 
128.742 0.020408 
128.762 0.02868 
128.782 0.0386102 
128.801 0.0461888 
128.821 0.0461909 
128.695 0.00990751 
128.706 0.0134597 
128.72 0.0135432 
128.734 0.015122 
128.755 0.0204095 
128.779 0.0290658 
128.794 0.0376727 
128.811 0.0401191 
128.696 0.00977674 
128.705 0.011161 
128.714 0.0115497 
128.729 0.0156011 
128.751 0.0211799 
128.774 0.0259549 
128.789 0.0317141 
128.805 0.03481 
128.697 0.00979202 
128.704 0.0103181 
128.714 0.0106915 
128.73 0.0150956 
128.75 0.0223022 
128.771 0.0299431 
128.787 0.0317245 
128.803 0.0322741 
25.4225 790.236 
23.7666 622.468 
21.8305 458.242 
20.5854 374.161 
19.8002 250.006 
20.9623 185.511 
21.0747 186.216 
18.5497 135.421 
22.4886 684.149 
20.4178 358.265 
20.1631 249.449 
20.6103 271.945 
19.0421 150.436 
19.2696 121.809 
19.2106 134.878 
18.6859 128.151 
21.2707 504.753 
18.8902 307.32 
19.0458 181.433 
19.7104 171.688 
19.0812 129.584 
19.6251 125.047 
18.4889 105.339 
17.7663 95.5777 
21.4943 485.123 
19.0933 340.623 
18.4924 159.937 
18.8149 117.398 
19.3551 156.026 
19.619 148.267 
19.2325 140.863 
18.4855 138.819 
21.9729 632.923 
20.1406 423.717 
20.2846 224.324 
20.3564 149.169 
20.2355 177.778 
19.1684 146.009 
19.5779 150.019 
19.2341 164.129 
21.6061 551.613 
20.8596 456.02 
20.9456 255.049 
22.2953 225.088 
22.3141 241.418 
19.9043 144.623 
19.4303 137.687 
19.7322 150.429 
21.2273 413.045 
20.8133 298.253 
20.5045 207.886 
22.1413 224.354 
23.9687 248.441 
22.5463 222.906 
21.1758 187.983 
20.9333 159.841 
21.2465 413.74 
20.6331 280.547 
20.7835 195.368 
21.0313 180.629 
22.3301 190.7 
22.541 223.844 
21.13 159.044 
21.3036 169.722 
20.541 441.88 
20.0346 367.453 
20.8422 265.112 
21.8398 248.927 
21.989 196.728 
20.8544 196.423 
19.9851 110.334 
20.8584 153.618 
20.8909 143.263 
21.9006 134.555 
23.5879 114.118 
23.5878 115.334 
22.8261 105.512 
25.3181 148.951 
26.4787 176.111 
25.7967 144.059 
21.3068 144.523 
21.3226 126.694 
22.6918 111.707 
24.0343 127.954 
23.4998 128.031 
24.9438 112.306 
26.7151 126.501 
26.3466 128.115 
19.8904 118.716 
20.5209 101.49 
22.7412 91.5689 
23.548 86.8602 
22.9198 100.09 
23.8005 111.31 
25.0428 113.361 
25.7006 120.096 
19.7237 101.022 
20.5466 89.1475 
22.8534 103.859 
23.2385 83.6352 
22.4998 83.4764 
23.3814 97.1398 
24.3102 122.963 
25.6628 139.605 
20.9025 121.332 
21.944 133.121 
23.466 149.978 
23.6502 112.706 
23.9275 84.3422 
24.4288 110.356 
24.9392 149.46 
25.9995 149.682 
21.7136 137.898 
22.3819 152.311 
23.2284 145.988 
24.1145 124.011 
25.1141 121.963 
25.0156 134.91 
25.5728 139.189 
26.1089 133.257 
21.3792 143.032 
21.947 153.879 
22.2869 113.005 
23.7299 114.792 
25.8017 112.166 
26.0703 106.827 
26.6752 125.05 
26.9886 145.971 
20.1945 142.709 
21.2105 127.706 
21.9947 104.329 
23.1943 105.131 
25.1633 94.2885 
25.8754 96.1857 
27.0441 130.349 
28.367 178.498 
19.7777 117.898 
20.7922 119.56 
20.9745 111.195 
22.46 115.223 
24.5743 126.106 
25.8486 130.329 
27.1663 132.108 
29.0057 167.153 
57.1016 912.171 
60.9442 819.25 
65.6355 783.111 
66.2706 622.371 
65.2233 601.591 
67.224 538.633 
69.1659 512.501 
72.9107 539.551 
56.8172 925.752 
60.2638 793.427 
64.422 708.639 
66.4073 625.065 
66.5046 565.149 
68.7538 486.814 
73.4154 484.275 
78.265 542.552 
55.5934 942.462 
59.8547 820.749 
63.4298 719.553 
64.9348 682.004 
66.0445 549.863 
69.0926 524.655 
73.9503 524.123 
78.4543 542.442 
57.6436 916.194 
61.0661 838.331 
64.0766 721.401 
63.9032 652.587 
64.0708 614.971 
67.4299 548.959 
71.4747 583.861 
76.007 514.694 
60.2658 922.686 
62.6087 827.806 
65.13 711.315 
65.0092 643.729 
65.8856 650.651 
67.6096 517.606 
70.2907 548.398 
75.1914 549.698 
59.8588 893.603 
62.3282 798.754 
64.1161 673.542 
63.0686 603.659 
65.0488 639.824 
69.1138 493.393 
71.8271 544.609 
74.5772 570.801 
57.6617 850.603 
60.0915 780.643 
62.5369 651.969 
61.734 538.834 
63.7316 607.302 
68.4087 585.176 
72.3257 524.22 
74.972 498.07 
57.948 919.463 
59.7879 815.14 
62.8544 793.021 
62.7425 644.042 
64.9871 567.217 
70.0146 600.818 
73.9857 511.676 
76.7941 432.386 
59.67 922.077 
61.3334 776.987 
61.9928 763.174 
62.3357 780.066 
65.2035 654.919 
69.706 650.199 
74.9759 537.633 
77.5495 430.853 
120.42 2684.19 
127.835 2220.26 
133.625 1515.43 
137.685 1552.1 
139.747 1532.36 
135.108 1703.7 
132.937 1661.64 
138.66 1332.72 
123.703 2223.44 
133.884 1856.54 
136.959 1382.65 
136.746 1330.44 
139.495 1239.94 
135.129 1312.79 
132.952 1402.37 
136.482 1384.71 
130.906 1942.21 
139.619 1546.7 
140.019 1327.13 
137.687 1194.31 
140.51 1165.09 
136.633 1067.34 
136.847 1185.79 
138.743 1164.64 
133.595 1940.5 
140.776 1254.14 
140.314 1032.13 
138.577 1136.19 
140.485 1337.8 
138.717 1197.59 
139.244 1065.37 
139.671 1066.38 
131.088 1868.85 
136.819 1203.38 
136.237 992.2 
133.602 1121.82 
134.491 1276.54 
138.743 1306.31 
139.566 1149.59 
139.593 1232.73 
130.157 1791.37 
133.188 1386.44 
134.335 1107.99 
131.335 1199.74 
130.475 1220.94 
136.449 1185.01 
137.862 1152.25 
138.079 1328.88 
132.921 1599.52 
133.751 1372.35 
134.072 1163.82 
132.375 1268.73 
130.377 1204.59 
134.231 1046.14 
135.621 1206.42 
134.25 1241.02 
136.786 1510.67 
137.991 1444.32 
135.747 1079.57 
134.734 1179.53 
134.587 1150.85 
134.639 984.315 
136.267 1155.01 
134.367 1225.85 
140.581 1266.17 
141.746 1437.01 
140.744 1248.05 
138.212 1234.74 
136.095 1208.61 
134.84 1098.94 
136.665 1054.61 
135.2 1201.72 
33.0512 265.984 
34.8586 240.521 
36.8403 270.503 
36.7915 227.465 
37.1764 198.676 
35.9663 188.235 
36.471 170.364 
36.2449 191.535 
33.4978 265.408 
33.9734 237.743 
36.5005 239.846 
36.5196 194.048 
36.4563 156.095 
36.2856 144.544 
36.1296 133.269 
35.1247 177.723 
33.1606 317.045 
33.3759 286.836 
35.065 184.729 
35.685 176.16 
35.7721 141.698 
35.8454 156.402 
35.2737 145.99 
34.7079 136.165 
33.3294 323.143 
34.759 316.575 
35.5472 206.832 
35.7102 189.986 
36.5185 179.056 
36.4223 181.265 
35.9137 147.601 
35.5879 146.161 
33.8509 286.302 
35.223 266.569 
36.0714 194.697 
36.5573 194.446 
35.9857 173.874 
35.3078 164.527 
35.6777 153.503 
35.3663 150.096 
35.4887 274.579 
36.1082 252.621 
37.0789 212.719 
38.2756 203.275 
37.2534 210.429 
35.8931 180.076 
36.9094 164.008 
36.9544 168.34 
36.1202 271.801 
36.7686 261.332 
37.6521 237.591 
38.7797 220.481 
37.9235 230.522 
37.0804 178.476 
37.9366 173.072 
37.8458 175.396 
34.1574 286.155 
34.5359 242.841 
34.4732 202.592 
35.7391 202.172 
35.797 197.719 
35.5707 144.839 
35.7756 139.563 
36.2042 133.151 
31.835 221.441 
32.0212 237.372 
32.062 184.748 
33.4681 171.031 
34.1817 172.827 
34.8033 166.94 
34.3194 151.521 
35.6263 143.267 
18.5387 151.017 
19.3578 144.804 
19.4457 144.839 
19.2144 148.936 
20.0315 136.01 
19.3847 129.55 
19.6227 118.697 
18.7431 119.577 
17.8652 123.279 
18.562 131.247 
19.5378 134.383 
19.7497 133.874 
20.2922 133.381 
19.3929 107.824 
18.1994 79.8411 
17.3085 91.3419 
16.7621 140.001 
17.5168 127.467 
19.649 126.7 
20.2849 130.258 
19.7154 118.59 
19.2312 111.205 
17.6995 79.9959 
16.987 84.983 
17.0117 138.069 
17.8759 154.59 
19.8182 127.442 
19.8808 136.642 
19.3769 113.439 
18.9979 107.366 
17.8543 99.0481 
17.4455 102.276 
18.1546 119.229 
18.4531 110.378 
19.9144 102.058 
20.0937 107.28 
19.0412 109.544 
18.0824 94.7007 
18.0699 74.1803 
17.754 85.393 
18.5471 106.286 
18.8781 87.1421 
19.5434 98.1933 
20.4264 102.682 
19.6704 114.955 
18.4116 117.247 
19.056 108.635 
18.3083 84.1639 
18.8676 125.371 
19.6877 109.248 
19.9 95.9041 
20.4502 91.2399 
20.4514 116.857 
19.2348 107.815 
19.4282 109.959 
19.7129 113.895 
17.8399 111.732 
18.2981 93.9859 
18.2591 88.3544 
18.9705 98.9679 
19.2247 106.17 
18.9482 74.2709 
18.8446 85.5196 
19.585 91.3224 
16.5498 84.2946 
16.2283 86.5732 
16.0261 67.9523 
17.5577 84.6063 
18.4242 83.0246 
18.1101 68.6994 
17.6264 72.8875 
18.1507 73.0083 
