321.999 0.12568 
321.518 0.861232 
318.826 0.447164 
319.187 1.21412 
323.035 0.233623 
322.069 0.115836 
321.77 0.279076 
322.306 0.346864 
322.969 0.175212 
320.769 13.7143 
313.37 5.38243 
314.112 10.6444 
322.609 0.646146 
323.104 0.118148 
322.636 0.258843 
322.022 0.115025 
323.097 0.209702 
320.928 11.3176 
314.29 1.65848 
314.718 7.6852 
322.207 1.73872 
323.138 0.161114 
322.863 0.176706 
322.452 0.259342 
323.034 0.317863 
322.016 2.48421 
318.98 4.19038 
318.404 5.88259 
321.687 0.869678 
322.963 0.165516 
322.845 0.183023 
322.774 0.172724 
322.926 0.21656 
321.795 1.38458 
321.392 1.97432 
321.521 0.442802 
322.017 0.217905 
322.736 0.139462 
318.291 2.97099 
318.06 1.96928 
322.666 1.22338 
305.8 62.1532 
298.265 41.8414 
312.122 50.028 
322.048 0.317068 
320.93 1.2939 
314.809 2.84543 
314.906 1.41324 
322.61 1.32668 
303.61 54.8505 
293.337 3.7807 
308.59 54.1938 
321.694 2.9437 
320.948 1.40047 
318.306 2.7201 
318.561 3.94282 
316.631 4.08236 
316.924 30.8795 
299.971 21.7655 
303.132 10.058 
320.682 9.80326 
322.375 0.57935 
322.089 0.715568 
322.176 0.751579 
312.705 3.03654 
321.419 5.32435 
305.483 8.17008 
302.614 3.11453 
317.532 14.5646 
321.648 1.38403 
322.908 0.135448 
322.905 0.0948518 
72.8832 0.0553557 
71.2826 0.173413 
70.7939 0.0296259 
70.4138 0.0560095 
69.4153 0.0200859 
68.5583 0.0507755 
68.3866 0.0535521 
67.877 0.0785535 
73.003 0.0803597 
70.9725 0.212201 
71.0584 0.0203525 
70.3262 0.137032 
69.1486 0.0244657 
68.3556 0.0337691 
68.2108 0.0935781 
67.6636 0.273822 
73.5369 0.129439 
70.97 0.302838 
71.1611 0.021175 
70.2766 0.175952 
69.066 0.0393233 
68.2406 0.04614 
67.921 0.0888209 
67.6398 0.310619 
73.4152 0.34724 
71.1981 0.186677 
71.0703 0.0209938 
70.217 0.136521 
69.1351 0.0676946 
68.2667 0.0213262 
67.8174 0.0402311 
67.6946 0.185838 
72.3085 0.48183 
70.8729 0.0770615 
70.9501 0.0113277 
70.2431 0.0839202 
69.2496 0.0865493 
68.4174 0.0111398 
68.0158 0.0229151 
67.6788 0.17214 
71.205 0.272374 
70.4229 0.0483639 
70.8822 0.00482916 
70.3054 0.0601118 
69.3136 0.0779848 
68.5337 0.0108179 
68.171 0.0148876 
67.4438 0.200882 
70.199 0.0440456 
70.1532 0.0162245 
70.7888 0.0125767 
70.2619 0.0499901 
69.3218 0.0456792 
68.61 0.0137189 
68.1682 0.00639158 
66.9842 0.175765 
69.9859 0.0141533 
70.0574 0.0042992 
70.607 0.0160983 
70.1407 0.032687 
69.3044 0.0318783 
68.54 0.0247479 
67.8698 0.0305254 
66.3612 0.11052 
70.1804 0.0273357 
70.0921 0.00279645 
70.4616 0.00936204 
69.9728 0.0257502 
69.232 0.0242655 
68.4022 0.0265025 
67.6166 0.0402729 
66.1455 0.0665655 
122.237 3.82417e-007 
122.241 1.12736e-006 
122.242 2.16866e-007 
122.243 4.00896e-007 
122.246 1.47855e-007 
122.248 3.93331e-007 
122.249 4.15215e-007 
122.25 6.77648e-007 
122.237 4.76056e-007 
122.242 1.322e-006 
122.241 1.41027e-007 
122.243 9.89594e-007 
122.247 1.78826e-007 
122.249 2.61679e-007 
122.249 7.36151e-007 
122.251 2.3949e-006 
122.236 8.22075e-007 
122.242 1.80149e-006 
122.241 1.42236e-007 
122.244 1.28199e-006 
122.247 2.94546e-007 
122.249 3.5752e-007 
122.25 6.99979e-007 
122.251 2.6508e-006 
122.236 2.16618e-006 
122.243 2.06363e-005 
122.245 7.86617e-005 
122.246 2.8231e-005 
122.247 5.78518e-007 
122.249 1.68665e-007 
122.25 3.13931e-007 
122.251 1.53207e-006 
122.238 3.31564e-006 
122.234 0.000967539 
122.226 0.00438679 
122.231 0.00249425 
122.24 0.000398839 
122.245 6.46808e-005 
122.25 1.83317e-007 
122.251 1.44911e-006 
122.235 0.000299535 
122.005 0.00941209 
121.709 0.0272183 
121.71 0.030915 
121.928 0.0161426 
122.142 0.00237674 
122.243 0.000103834 
122.251 1.98503e-006 
122.231 0.00136553 
121.742 0.0244522 
121.086 0.0346558 
120.981 0.025856 
121.404 0.0225606 
121.893 0.0100723 
122.156 0.00168054 
122.251 5.40167e-005 
122.234 0.00090323 
121.812 0.0198837 
121.086 0.0293351 
120.766 0.00571047 
121.144 0.0118846 
121.697 0.0136997 
122.046 0.00438598 
122.247 0.000374901 
122.24 0.000153188 
122.045 0.00876329 
121.51 0.0245533 
121.134 0.0124395 
121.302 0.0083315 
121.664 0.010374 
122.008 0.00550276 
122.243 0.000805673 
128.629 1.97024e-005 
128.658 5.41104e-005 
128.666 1.1666e-005 
128.673 2.12181e-005 
128.692 7.7884e-006 
128.709 2.21201e-005 
128.713 2.35152e-005 
128.724 4.20366e-005 
128.629 2.12327e-005 
128.664 6.13493e-005 
128.66 7.27762e-006 
128.675 5.29159e-005 
128.697 9.6002e-006 
128.714 1.48175e-005 
128.717 4.22657e-005 
128.729 0.000149366 
128.622 3.87642e-005 
128.664 7.91746e-005 
128.658 7.10187e-006 
128.676 6.90476e-005 
128.699 1.62675e-005 
128.717 2.01825e-005 
128.724 4.03991e-005 
128.73 0.00016242 
128.622 9.53966e-005 
128.659 5.16552e-005 
128.661 1.15624e-005 
128.677 5.40008e-005 
128.698 2.89174e-005 
128.716 9.69664e-006 
128.726 1.80267e-005 
128.728 9.17697e-005 
128.639 0.000162319 
128.682 0.000293188 
128.699 0.000831005 
128.701 0.000484518 
128.701 0.000103086 
128.714 1.66517e-005 
128.721 1.06397e-005 
128.729 8.79407e-005 
128.662 0.000191321 
128.774 0.00156761 
128.889 0.00337489 
128.893 0.00343527 
128.828 0.00205358 
128.761 0.000471884 
128.72 2.88372e-005 
128.734 0.000107844 
128.682 0.000194678 
128.859 0.00306295 
129.081 0.0037354 
129.131 0.002603 
129.027 0.00271949 
128.878 0.00170533 
128.763 0.000412234 
128.746 7.91388e-005 
128.685 0.000134347 
128.843 0.00259799 
129.089 0.00318572 
129.204 0.000358219 
129.126 0.00063707 
128.973 0.00171915 
128.825 0.000946606 
128.762 5.60862e-005 
128.679 4.5821e-005 
128.764 0.00130167 
128.963 0.00295075 
129.113 0.00104625 
129.095 0.000403593 
128.996 0.0013764 
128.85 0.00108625 
128.769 0.000102388 
9.89632 3.42361 
11.6162 5.30157 
20.5934 3.63363 
24.8792 5.97426 
17.1845 4.80051 
11.9767 13.6568 
11.0792 4.39343 
8.97883 2.42133 
12.6468 2.21194 
14.3964 1.7852 
11.7199 14.2161 
12.4284 19.0017 
13.9831 12.055 
15.1962 4.00115 
12.5379 2.90461 
10.2353 0.761292 
26.0531 15.7628 
15.1471 16.9976 
6.59919 4.69962 
7.71617 4.29529 
12.1039 5.13638 
13.6987 3.67945 
10.6436 7.74171 
9.78609 1.86581 
21.3141 1.91431 
11.4425 14.6364 
14.4675 9.03674 
15.4747 8.94254 
11.3638 3.97236 
10.3889 3.15386 
10.3868 4.88634 
10.7271 3.49835 
13.4277 8.37394 
13.9878 16.9734 
23.8964 19.1752 
23.2156 9.6285 
13.9951 6.30014 
13.1908 9.72001 
15.6366 10.1504 
13.2572 7.95237 
18.6378 6.46264 
19.5503 18.3998 
26.592 9.0582 
24.4655 19.9407 
15.4367 3.65044 
18.8293 18.4892 
24.4479 3.61735 
16.9762 17.5818 
23.1267 4.47016 
24.3731 12.5976 
22.1904 12.3175 
17.1523 12.0826 
12.7038 2.78619 
16.088 6.61993 
20.288 4.32078 
16.0624 6.39953 
18.0102 6.28361 
19.2421 4.67537 
17.2805 6.98768 
11.8612 5.31402 
9.38217 3.2909 
11.2589 2.5173 
13.2451 2.64346 
11.5649 2.02248 
15.0426 12.9215 
11.8445 6.39108 
16.8246 7.00642 
12.7885 3.06359 
8.65542 1.6203 
9.67178 1.61359 
9.78796 3.57797 
8.2149 3.79417 
16.7749 8.20261 
11.1147 12.3286 
13.1942 3.2226 
26.702 29.4989 
30.6037 3.59455 
25.0976 33.5163 
17.3391 8.52915 
16.3235 3.67396 
21.104 3.31173 
13.8082 7.73223 
9.41053 1.21143 
17.403 24.7664 
23.6317 25.7417 
25.1271 24.1663 
22.4133 4.79545 
21.2012 2.37159 
29.4322 9.56215 
18.0977 13.1028 
8.96974 3.95581 
10.2306 4.14811 
15.3093 16.7482 
19.3506 7.92878 
20.5617 13.4454 
19.683 4.11947 
21.9374 5.98783 
18.4018 5.00564 
17.471 9.76901 
16.1955 16.3174 
12.4218 5.87149 
13.038 6.7387 
17.7437 4.98601 
18.0759 7.9938 
10.8222 6.62236 
17.8458 9.15426 
34.6829 34.0721 
33.2084 23.5647 
16.3634 13.6032 
13.152 14.7805 
21.2879 3.28828 
20.9066 8.3423 
16.0475 8.54926 
20.3044 12.869 
40.3161 16.7989 
40.9612 13.7106 
22.1542 26.3424 
18.4035 17.8171 
27.0516 5.78801 
22.8863 8.80752 
24.6685 31.5021 
35.2639 49.5141 
45.393 17.8821 
34.7382 28.1874 
22.9134 9.89143 
20.5382 7.6767 
25.0491 6.12975 
22.8192 9.91471 
18.4196 26.7541 
35.7071 49.6415 
46.1721 10.599 
28.8863 37.1025 
16.693 4.99421 
16.247 3.12447 
21.8062 7.24111 
22.649 6.62813 
15.5058 11.4047 
23.6251 27.517 
35.1507 38.7553 
23.0462 27.5375 
13.742 5.40847 
14.6009 2.31336 
12.5439 11.3779 
12.6338 13.1223 
86.0828 35.9764 
73.708 37.4053 
62.8357 70.4788 
70.3272 29.5237 
79.5707 11.307 
85.3005 14.7914 
92.8508 14.1707 
91.8895 7.73095 
90.0013 43.5017 
51.1491 47.1526 
36.9262 29.0095 
50.9361 52.0581 
68.4645 20.7644 
77.6527 19.1227 
82.3251 29.6585 
87.4484 15.4798 
84.5006 50.7865 
53.4347 37.0808 
46.463 41.3963 
52.3766 34.2657 
62.1954 10.2933 
72.8621 50.7137 
81.2484 19.5684 
91.4723 27.8027 
71.4199 17.8837 
69.1139 7.53052 
69.3314 10.7567 
65.7511 13.3017 
73.1622 9.82583 
80.8994 32.7163 
79.122 16.7418 
82.4318 15.3314 
67.3046 7.58802 
67.6416 10.3437 
68.8164 13.7547 
62.5772 12.3737 
69.2133 10.5447 
77.0721 5.99364 
69.4315 12.734 
64.9662 29.5505 
60.4071 12.5802 
51.3471 17.3722 
47.4521 14.5541 
51.0391 34.0165 
65.1206 19.6009 
78.0793 11.1289 
77.0434 32.7766 
67.2463 23.1202 
58.9184 32.1843 
51.6083 7.1048 
60.1224 10.6255 
66.0027 20.7315 
71.3566 15.0333 
81.4279 15.9941 
80.9849 10.47 
78.145 29.0927 
49.5976 28.4169 
50.2894 13.832 
66.8621 9.46161 
63.7593 21.9516 
64.7004 13.6614 
77.9877 7.75941 
79.2148 32.5553 
85.2265 30.259 
50.5891 27.7144 
54.3663 35.4986 
56.5312 8.18226 
41.9332 27.7998 
58.1567 22.5745 
74.6252 9.48743 
68.515 17.6825 
67.3209 17.9411 
173.506 77.954 
187.427 70.1897 
167.492 119.261 
134.2 128.694 
137.316 28.4817 
150.587 112.1 
150.713 16.495 
156.654 35.4864 
152.472 56.2672 
197.132 164.779 
214.79 176.251 
183.836 307.088 
160.643 167.787 
151.457 64.8971 
150.331 26.5272 
159.061 34.8875 
121.875 72.9498 
177.171 215.723 
211.696 164.405 
193.198 142.544 
173.851 112.178 
165.876 47.375 
156.544 40.6705 
155.843 28.9062 
152.82 89.2961 
158.289 65.751 
154.707 254.878 
156.507 173.932 
167.259 41.2466 
171.924 79.024 
159.715 22.1375 
158.862 45.2655 
183.13 40.0112 
157.859 56.8817 
115.774 102.201 
127.652 170.468 
169.778 84.5551 
172.512 138.483 
150.339 51.6895 
164.586 71.7212 
172.512 41.1321 
160.64 176.843 
121.986 73.2132 
128.801 198.486 
165.302 52.6083 
157.801 209.45 
124.82 48.156 
154.176 160.834 
159.443 138.929 
152.365 222.631 
127.284 49.5259 
136.122 108.695 
152.919 57.6598 
152.421 66.7179 
128.935 59.6168 
144.266 112.495 
189.739 244.26 
169.191 248.91 
123.488 121.642 
149.496 115.621 
167.438 41.5561 
160.985 20.0211 
154.941 97.7382 
157.706 84.7154 
195.878 224.357 
176.16 212.585 
123.769 158.174 
145.114 96.5921 
159.485 23.8225 
164.683 41.701 
186.019 91.4203 
197.577 139.79 
27.1585 11.3713 
27.5874 7.80514 
35.6112 6.45074 
39.1652 3.83141 
39.665 8.61151 
35.1846 3.69236 
34.4025 9.52739 
35.3621 27.5948 
34.2167 13.8206 
31.5975 28.681 
29.1694 20.4523 
35.663 11.4679 
38.153 9.43074 
35.1959 8.84517 
36.6581 8.20454 
32.8116 6.48927 
40.5279 10.459 
41.6672 27.1143 
30.5183 13.0968 
39.5063 13.8769 
43.5086 5.96332 
34.2291 23.1573 
38.1478 5.73246 
35.6726 9.81557 
36.1947 9.28018 
48.3747 32.0805 
44.9152 77.6534 
44.7639 22.7267 
42.9565 4.34221 
33.9635 13.4314 
42.1205 7.19815 
42.0365 5.69053 
33.3502 8.65293 
45.6867 18.2532 
51.9893 12.0816 
49.1296 15.367 
38.2616 9.11955 
33.9239 9.2425 
42.5823 5.46688 
39.1746 4.37139 
36.7101 7.0545 
36.0323 26.1478 
39.7592 44.0659 
45.6501 22.205 
40.7028 15.6168 
33.0855 5.69905 
36.4918 6.49766 
33.7435 12.7532 
37.3381 6.41634 
25.3933 10.8215 
24.6887 36.9228 
40.2939 22.9614 
48.6462 35.6808 
37.2119 11.5097 
39.5727 11.6813 
37.3113 17.6755 
28.4414 12.5197 
25.1199 14.5427 
26.5023 42.2689 
33.4347 17.0504 
47.609 11.5599 
43.9885 6.54207 
39.0851 3.1492 
32.8781 10.5333 
23.9778 15.1341 
36.1525 26.362 
46.2969 38.3367 
53.6559 24.9992 
54.4265 13.2276 
44.3123 21.1439 
36.4256 9.37756 
29.2089 7.91276 
8.58058 2.01766 
10.0644 3.95649 
19.0997 1.8454 
23.9138 3.33823 
18.6951 5.23352 
13.923 9.67259 
15.3856 3.55765 
13.0984 3.38039 
12.5275 4.9181 
12.6858 9.29158 
11.3544 15.0075 
13.8454 8.87548 
17.734 10.2149 
18.4746 6.37673 
18.3705 11.1888 
11.2645 0.89596 
20.7089 8.12106 
15.4107 6.18471 
10.0431 3.53127 
11.6904 3.95319 
15.2385 7.42127 
17.1218 5.63886 
15.7179 10.7218 
9.99554 1.58948 
19.3481 2.9543 
16.3943 4.74138 
18.0877 14.016 
19.7115 9.66979 
14.5237 5.39546 
12.7491 3.07016 
13.7575 3.90535 
10.6415 1.85506 
14.8911 3.44366 
18.7735 5.44397 
26.2324 7.26765 
25.7389 11.9252 
14.4064 6.66979 
12.8851 11.5726 
19.0141 19.827 
15.1691 15.2035 
18.3519 1.96261 
17.9257 5.55231 
22.1596 6.77216 
21.2048 15.927 
13.3319 4.24134 
14.7312 16.5886 
24.9538 2.93059 
19.8778 19.9596 
19.1149 4.19034 
14.607 2.63696 
13.6592 4.69444 
14.2811 2.85965 
13.1553 2.0386 
13.2617 8.32371 
23.4772 23.5558 
19.9567 27.4829 
12.424 6.49809 
17.3738 10.0473 
19.6657 19.9489 
15.6942 30.7673 
14.8592 17.6589 
11.9083 1.49391 
13.7968 1.28901 
12.1516 3.95913 
11.7123 6.07708 
19.2705 14.9922 
26.9114 10.2451 
26.0754 5.8074 
23.0655 3.26385 
13.7541 4.69358 
9.61688 1.30806 
7.9502 5.78868 
