271.129 5611.5 
273.574 5661.7 
276.872 5320.27 
287.19 3789.24 
301.126 1579.82 
304.748 946.234 
302.669 976.286 
303.047 816.846 
269.359 5606.31 
270.917 5859.33 
274.477 6168.18 
286.548 4151.08 
300.147 1690.72 
304.215 897.267 
304.394 746.355 
304.352 710.099 
269.373 5908.99 
271.506 5786.13 
275.258 6041.25 
286.54 3733.22 
299.119 1459.2 
304.047 764.364 
305.065 612.36 
303.932 777.749 
271.955 6267.86 
273.307 5514.69 
276.8 5146.41 
287.985 2928.92 
298.596 1259.32 
301.852 755.744 
304.033 776.548 
304.106 862.633 
276.216 6074.54 
275.719 5533.63 
280.736 4566.19 
292.414 2329.6 
300.386 1080.42 
300.385 919.934 
302.36 906.648 
303.678 848.29 
279.956 5570.61 
278.123 5790.71 
284.427 4535.89 
294.352 2542.31 
300.815 1407.31 
299.769 1116.45 
300.088 1052.49 
302.232 979.008 
281.661 4721.87 
280.786 5078.31 
285.816 4164.5 
292.769 2935.62 
299.105 1813.19 
300.105 1271.18 
299.815 1211.89 
303.513 837.465 
283.363 3984.68 
284.269 3925.46 
287.407 3169.18 
292.085 2420.3 
297.003 1816.51 
299.647 1575.78 
300.997 1186.3 
306.545 635.011 
284.994 3737.44 
285.882 3331.95 
287.655 2673.32 
291.738 2306.43 
293.952 1959.59 
295.896 1703.87 
301.203 1003.08 
307.123 477.408 
70.8136 13.5023 
70.4087 15.4402 
70.0262 17.0478 
69.5995 18.404 
69.1293 20.4033 
68.697 22.4937 
68.1841 25.7768 
67.6692 28.8338 
70.863 14.0223 
70.4624 15.9838 
70.0614 17.7152 
69.6281 18.8202 
69.1572 20.7026 
68.6964 23.0796 
68.1483 26.6091 
67.6009 29.9988 
70.8824 14.3153 
70.5022 16.1108 
70.0842 18.2086 
69.6135 19.6047 
69.1456 20.9936 
68.6945 23.0149 
68.1383 25.9668 
67.5459 29.741 
70.8514 14.6989 
70.4915 16.2858 
70.0719 18.5855 
69.5836 20.3021 
69.0943 21.4434 
68.6743 23.0471 
68.1374 25.563 
67.4838 29.5286 
70.7986 14.9044 
70.4324 16.7604 
70.0124 19.1603 
69.5395 20.7978 
69.0417 21.8091 
68.6507 23.3432 
68.1326 25.9773 
67.3826 31.3528 
70.7678 14.7402 
70.3739 17.3334 
69.9488 19.7234 
69.4849 21.0241 
69.002 21.965 
68.6375 23.6277 
68.1354 26.2264 
67.3347 32.4502 
70.7376 14.8448 
70.3259 17.9531 
69.9035 20.0523 
69.4416 21.1656 
68.9907 22.1641 
68.6237 24.1468 
68.1273 26.5449 
67.4068 30.7182 
70.6802 15.3361 
70.2791 18.6524 
69.86 20.6689 
69.4317 21.5048 
69.0243 22.1397 
68.632 23.937 
68.1227 26.4711 
67.458 29.4202 
70.6107 15.5174 
70.2348 18.9356 
69.7977 21.5644 
69.3963 22.1486 
69.0384 22.2406 
68.6408 23.5071 
68.1469 25.3374 
67.4799 28.4929 
122.226 0.00270118 
122.237 0.000869783 
122.24 0.000551053 
122.231 0.00455261 
122.21 0.0267437 
122.204 0.0446472 
122.185 0.0446001 
122.129 0.096746 
122.231 0.00214012 
122.242 0.000209396 
122.244 0.000141484 
122.237 0.00296279 
122.225 0.0177692 
122.22 0.0281708 
122.203 0.0345658 
122.153 0.0693937 
122.231 0.00240065 
122.242 0.000257471 
122.244 0.000138354 
122.243 0.000442551 
122.237 0.00317195 
122.227 0.00975671 
122.205 0.0296867 
122.166 0.0616177 
122.228 0.00355899 
122.241 0.00054258 
122.244 0.000145664 
122.243 0.000708485 
122.231 0.00848246 
122.208 0.0238832 
122.189 0.0394466 
122.175 0.0483245 
122.226 0.00521355 
122.24 0.00114748 
122.243 0.000350827 
122.24 0.00141006 
122.22 0.0166751 
122.188 0.0595447 
122.175 0.0508073 
122.177 0.0556321 
122.224 0.00703407 
122.238 0.00214313 
122.238 0.00312487 
122.234 0.0100717 
122.223 0.0125974 
122.203 0.0394727 
122.186 0.0426178 
122.177 0.0695055 
122.221 0.00916648 
122.235 0.00335728 
122.236 0.00528943 
122.232 0.0176213 
122.234 0.00728562 
122.231 0.00669103 
122.214 0.0151526 
122.192 0.0547245 
122.22 0.010367 
122.234 0.00396769 
122.24 0.00153412 
122.24 0.00388821 
122.241 0.00178812 
122.236 0.00656972 
122.221 0.0144373 
122.206 0.0291591 
122.219 0.0112068 
122.233 0.00439455 
122.243 0.000753943 
122.246 0.000178571 
122.244 0.000659021 
122.232 0.0130896 
122.213 0.0351729 
122.203 0.0338355 
128.702 0.0170632 
128.691 0.00925371 
128.69 0.00729357 
128.703 0.00927577 
128.724 0.0153535 
128.737 0.0202097 
128.757 0.0246791 
128.79 0.041248 
128.703 0.0239161 
128.686 0.00781621 
128.686 0.00733942 
128.698 0.00896969 
128.716 0.0156042 
128.731 0.0200072 
128.752 0.0231333 
128.784 0.0375413 
128.703 0.0301894 
128.685 0.00834286 
128.685 0.007598 
128.697 0.00862305 
128.714 0.0130559 
128.73 0.0171532 
128.749 0.0222905 
128.782 0.0360813 
128.702 0.0270349 
128.685 0.00835779 
128.686 0.00777372 
128.698 0.0089447 
128.716 0.0126663 
128.735 0.0184725 
128.755 0.0259693 
128.784 0.03462 
128.694 0.0127416 
128.685 0.00717599 
128.688 0.00823608 
128.7 0.009762 
128.719 0.0147776 
128.742 0.0258104 
128.765 0.0327644 
128.788 0.0384366 
128.684 0.00678565 
128.684 0.00715081 
128.691 0.00922736 
128.703 0.0117027 
128.72 0.0148689 
128.744 0.0289498 
128.767 0.0362174 
128.787 0.0399912 
128.682 0.00716269 
128.685 0.0077148 
128.694 0.00988938 
128.706 0.0142507 
128.721 0.0146873 
128.741 0.0206337 
128.76 0.0283578 
128.781 0.0375552 
128.685 0.00763775 
128.687 0.00813114 
128.694 0.00943045 
128.705 0.0135123 
128.719 0.0138771 
128.732 0.0145254 
128.753 0.0200821 
128.776 0.0282929 
128.688 0.00791189 
128.689 0.00840373 
128.694 0.00949345 
128.703 0.0111523 
128.713 0.0116429 
128.726 0.01426 
128.747 0.020255 
128.771 0.0251085 
38.4271 2209.12 
34.6303 1825.21 
29.9502 1268.77 
27.9784 1291.13 
25.195 1024.99 
22.4972 687.3 
21.7295 486.858 
22.5364 403.974 
33.817 1501.86 
29.2599 1114.89 
25.7387 831.28 
24.3919 697.581 
22.4392 556.01 
20.855 427.943 
19.7677 267.338 
21.2264 197.025 
28.4248 837.955 
25.4588 724.24 
22.9803 740.526 
20.7498 392.77 
20.445 270.291 
20.8396 292.902 
18.9791 166.041 
19.2803 127.054 
25.9428 694.002 
23.8376 470.414 
21.7613 538.21 
18.9974 329.676 
19.0616 195.432 
19.8328 183.584 
18.8713 117.12 
19.7276 122.25 
25.2816 678.463 
24.0059 530.339 
21.4834 490.155 
18.9934 362.558 
18.2947 172.96 
18.7771 114.771 
18.8724 125.361 
19.6921 154.438 
23.8138 551.154 
23.6543 702.959 
21.9208 633.897 
20.3998 476.454 
19.9753 237.456 
20.2161 145.965 
20.0663 159.473 
19.1715 154.064 
22.4736 362.869 
22.1353 458.176 
21.4872 563.053 
21.0705 507.843 
20.7825 275.644 
22.4171 237.687 
22.5192 247.353 
19.7846 141.455 
22.8861 455.394 
21.1917 437.307 
21.0279 397.322 
21.1192 306.551 
20.4473 206.196 
22.139 247.686 
23.5249 232.09 
22.0306 190.903 
22.3948 434.747 
21.163 443.823 
20.9811 415.379 
21.0089 308.938 
20.4211 201.413 
20.7073 187.681 
22.4165 213.488 
22.5275 232.002 
22.9621 200.775 
20.49 133.495 
20.0648 152.57 
21.987 144.959 
23.7822 103.577 
23.7066 120.086 
23.7801 134.695 
24.6126 142.176 
21.7808 232.943 
20.7014 140.147 
20.6619 139.931 
21.7681 135.565 
23.6487 127.941 
23.3995 113.095 
22.7287 106.029 
24.7366 147.21 
21.5782 200.009 
21.7883 162.353 
21.3996 145.047 
21.7331 135.538 
22.8393 130.98 
23.8928 131.027 
23.3569 122.676 
24.6061 115.306 
20.6831 161.449 
21.2218 153.875 
20.297 128.989 
20.5268 102.815 
22.5417 97.9512 
23.6525 92.2957 
22.9774 100.472 
23.9185 104.693 
20.2289 136.825 
20.0359 130.478 
19.3086 106.83 
20.0032 81.8883 
22.375 104.273 
23.3168 77.8851 
22.5378 80.3837 
23.3918 96.5824 
20.5705 158.842 
20.4507 160.109 
20.5313 130.675 
21.5782 123.589 
23.2484 162.397 
23.7031 118.574 
23.9239 89.5722 
24.3253 98.7005 
20.1948 153.711 
20.7132 149.308 
21.8553 141.279 
22.4356 153.394 
23.1216 161.841 
24.1116 127.782 
24.8274 127.005 
25.031 127.145 
20.0914 124.362 
20.6738 139.046 
21.8382 158.642 
21.923 149.442 
22.1459 120.648 
23.8079 116.467 
25.622 121.512 
26.4147 106.8 
19.8485 118.021 
19.9521 129.974 
20.5484 157.613 
21.1096 128.335 
21.7048 111.409 
23.143 105.896 
24.8308 94.0299 
26.1639 97.894 
52.8336 1170.09 
54.2321 1140.67 
55.6395 999.418 
60.5969 901.852 
65.8248 830.911 
67.1422 605.716 
66.4812 572.352 
66.168 539.83 
51.5738 1079.23 
53.9044 1010.36 
56.6918 935.439 
60.301 834.292 
65.876 812.066 
66.2775 603.031 
64.9388 566.526 
66.8225 529.292 
50.855 958.269 
53.167 928.971 
56.5856 947.673 
59.778 782.559 
64.1862 709.256 
65.8478 614.801 
66.1669 578.705 
68.0807 480.467 
52.1025 942.046 
53.3778 939.949 
55.2934 950.627 
59.2018 829.793 
62.8813 742.256 
64.2702 668.497 
65.7764 552.026 
68.755 511.561 
53.6066 902.048 
54.9044 925.767 
57.003 911.57 
60.5525 852.773 
63.5562 749.777 
63.6416 658.315 
64.4922 617.096 
66.918 540.045 
55.4627 876.496 
57.3901 945.952 
59.6292 902.333 
62.5306 859.181 
65.0817 757.132 
65.5196 657.83 
66.314 645.02 
67.3463 526.787 
57.0288 900.514 
58.9862 930.204 
60.0209 887.77 
61.9745 796.57 
63.687 673.884 
63.2869 591.424 
64.4507 622.135 
68.1946 498.637 
56.1092 854.461 
58.0401 872.693 
58.0598 860.625 
59.5129 779.399 
62.2046 660.876 
62.0397 556.14 
63.2006 596.267 
68.2313 555.938 
54.6847 880.276 
57.3943 911.348 
57.8209 929.006 
59.3372 827.47 
62.5587 786.73 
62.9012 664.732 
64.0821 566.671 
69.7983 593.24 
108.024 3031.08 
117.125 3055.75 
121.59 2905.64 
124.966 2583.51 
132.023 1897.87 
135.582 1696.64 
135.704 1613.99 
135.678 1691.03 
111.281 2964.23 
117.164 2682.59 
120.276 2672.19 
126.003 2325.76 
132.592 1627.12 
137.983 1640.04 
139.581 1533.25 
135.935 1691.2 
114.227 2811.2 
118.581 2435.58 
122.593 2277.61 
131.548 1933.2 
135.637 1491.13 
136.782 1375.4 
139.214 1234.96 
135.795 1326.55 
118.002 2785.63 
122.551 2172.47 
129.642 2070.4 
139.015 1604.86 
139.305 1400.46 
137.645 1213.63 
140.817 1103.36 
136.84 1076.26 
121.176 2774.77 
124.583 2332.06 
132.622 2065.2 
140.433 1325.98 
140.614 1108.86 
138.485 1122.21 
140.55 1189.68 
138.393 1202.04 
122.659 2608.95 
122.845 2398.59 
130.936 1991.53 
136.589 1231.19 
137.164 1079.35 
134.081 1124.08 
135.036 1211.66 
138.315 1334.39 
126.027 2389.34 
125.284 2140.86 
129.528 1889.62 
132.585 1467.17 
134.983 1196.46 
131.771 1247.05 
130.534 1265.04 
135.863 1112.07 
128.401 2364.23 
130.594 1920.86 
131.25 1652.37 
132.526 1355.48 
134.133 1218.01 
132.049 1324.96 
129.983 1240.2 
133.512 987.547 
130.195 2185.61 
134.365 1791.09 
136.085 1531.8 
137.731 1511.48 
136.022 1158.3 
134.627 1207.7 
134.623 1241.78 
134.198 978.32 
30.6179 285.282 
29.8195 266.144 
31.6759 255.671 
33.5225 248.287 
35.3757 298.68 
36.6898 225.703 
35.9463 211.585 
35.0427 187.177 
32.6811 270.513 
32.082 257.584 
32.9574 266.713 
34.7459 231.023 
36.1851 263.603 
37 225.323 
37.81 202.925 
36.0436 180.757 
34.42 298.959 
33.8212 295.967 
33.6545 264.473 
33.9949 234.062 
36.2828 239.256 
36.8241 208.799 
37.1258 163.017 
36.3597 142.492 
34.6806 448.241 
33.6454 339.294 
33.0053 313.671 
33.0665 275.355 
35.2836 207.228 
35.8668 181.033 
35.8342 143.774 
35.8512 140.955 
36.109 381.401 
33.8596 288.805 
33.5131 314.753 
34.7737 319.218 
35.7755 236.818 
35.9771 196.617 
36.3139 176.33 
36.3657 170.586 
37.817 377.99 
35.0726 334.15 
33.5376 279.723 
34.9368 280.259 
35.5813 216.766 
36.0704 198.04 
35.5981 148.414 
34.9762 162.251 
36.7174 303.882 
35.7963 316.57 
34.7693 267.2 
36.1086 262.7 
37.0093 231.601 
37.9516 203.9 
37.6419 192.805 
36.2375 180.879 
36.4013 337.171 
35.9308 334.265 
36.2546 273.432 
37.0811 264.768 
37.8773 256.133 
39.0395 228.492 
38.1801 232.07 
37.2152 184.898 
37.5767 392.527 
34.7284 296.558 
34.3114 301.859 
34.3089 245.486 
34.8763 216.708 
35.9395 210.945 
35.9011 202.7 
35.4714 148.692 
18.2638 161.641 
17.2764 144.662 
17.9512 146.186 
18.1385 113.279 
18.9256 146.033 
19.1301 128.773 
19.0288 99.618 
19.0099 129.501 
18.2246 151.21 
17.8049 110.428 
18.1513 137.805 
19.3388 136.267 
19.4062 139.554 
18.6998 139.563 
19.5674 129.74 
19.5874 129.53 
19.8679 206.705 
18.6898 146.864 
18.0449 127.632 
18.7357 128.546 
19.7282 140.919 
19.8613 137.51 
20.2229 134.368 
19.8102 114.76 
20.5449 279.312 
18.6734 186.598 
16.8009 148.385 
17.1778 120.244 
19.5228 143.168 
20.5843 132.006 
19.7572 116.091 
19.0133 102.525 
19.8141 220.688 
18.3308 178.609 
16.806 140.632 
17.6584 152.436 
19.7701 148.563 
20.1883 135.726 
19.5936 108.082 
18.9182 98.926 
19.634 142.616 
18.7109 156.816 
17.8716 126.445 
18.3173 116.948 
19.764 112.915 
20.1791 113.687 
19.1493 101.21 
18.0984 92.5277 
19.2203 127.213 
17.8712 119.156 
18.1555 107.87 
18.5947 85.8417 
19.5213 103.801 
20.5662 99.7666 
19.8422 106.443 
18.4018 108.799 
19.4742 177.827 
17.839 119.385 
18.9759 125.726 
19.9231 108.112 
20.1943 98.8111 
20.5728 84.499 
20.4865 117.268 
19.1415 104.972 
20.2944 218.084 
18.2791 139.648 
17.9084 117.98 
18.2418 91.1526 
18.3692 87.2769 
18.578 94.6194 
19.3492 110.201 
18.9642 76.3501 
