318.669 3.26506 
320.79 0.297181 
322.076 0.251089 
321.271 0.3079 
321.739 0.191161 
322.656 0.253421 
322.983 0.111414 
321.998 0.145998 
319.46 3.92544 
322.106 0.424735 
322.063 0.103428 
321.63 0.521931 
318.801 0.367217 
319.022 0.604354 
322.914 0.400337 
322.093 0.125669 
310.999 48.7086 
322.865 0.872313 
322.894 0.194943 
321.748 6.56325 
314.129 5.50551 
314.014 7.97181 
322.396 1.38111 
323.059 0.139659 
304.705 77.7166 
322.91 2.46558 
323.11 0.0859509 
321.744 7.65435 
314.184 1.80389 
314.028 5.21788 
322.219 1.5498 
323.171 0.0905277 
310.393 48.2935 
322.883 1.35759 
323.062 0.0867504 
322.227 2.47766 
318.151 4.06713 
317.322 6.19984 
321.695 0.826218 
322.971 0.138116 
316.146 10.4925 
322.315 0.483738 
322.955 0.0885912 
322.129 0.310134 
321.669 0.307472 
321.432 0.350722 
322 0.111667 
322.765 0.120269 
317.65 4.28277 
322.187 0.430486 
322.836 0.297222 
309.805 56.2852 
299.76 57.4763 
310.37 53.1891 
322.073 0.765544 
321.335 0.967242 
319.656 6.22884 
322.659 0.320078 
322.819 0.385152 
306.891 52.7431 
293.163 1.99834 
306.021 50.5878 
321.95 1.47118 
321.326 0.85902 
320.112 8.45188 
317.483 6.36791 
317.349 5.02782 
315.854 29.4727 
298.864 30.0568 
301.949 13.0193 
319.558 14.5099 
322.396 0.337054 
72.5738 0.138707 
72.3062 0.0292748 
71.9663 0.254738 
70.6857 0.193836 
70.3059 0.172716 
70.5386 0.00512805 
69.7393 0.031844 
69.0278 0.12316 
72.3861 0.106599 
72.6356 0.0792067 
72.8944 0.0301927 
71.5247 0.168168 
70.7274 0.036663 
70.5334 0.0301908 
69.4934 0.0276386 
68.6779 0.0690524 
72.2691 0.10223 
73.0733 0.179911 
72.9393 0.0486536 
71.2464 0.275162 
71.0072 0.0240557 
70.5074 0.109815 
69.2083 0.0241153 
68.3766 0.0402806 
72.3139 0.095095 
73.7603 0.215537 
73.5696 0.0487964 
71.2837 0.447309 
71.1544 0.0286384 
70.4824 0.155366 
69.123 0.0251411 
68.2033 0.0489213 
72.4748 0.111449 
73.6818 0.114214 
73.6501 0.145041 
71.4126 0.259086 
71.0981 0.0169129 
70.3848 0.130919 
69.1984 0.041929 
68.2296 0.0275105 
72.5591 0.132363 
72.9591 0.0170382 
72.6546 0.315971 
70.9397 0.0631492 
70.966 0.00800582 
70.3756 0.0875962 
69.3498 0.0647829 
68.4132 0.0115255 
71.7956 0.2008 
71.846 0.286795 
71.5193 0.305201 
70.4647 0.0291526 
70.8699 0.00812257 
70.4313 0.070273 
69.4241 0.0709324 
68.544 0.00864106 
69.9639 0.213206 
69.5955 0.0935268 
70.184 0.0530163 
70.1585 0.00564521 
70.7564 0.0181402 
70.3854 0.06076 
69.4153 0.0493296 
68.6465 0.0119202 
69.5457 0.18143 
69.1416 0.0420923 
69.8935 0.0344554 
70.0701 0.00224956 
70.5851 0.0214039 
70.2474 0.0395397 
69.3886 0.036653 
68.6183 0.0250247 
122.238 9.36474e-007 
122.238 1.86023e-007 
122.239 1.98428e-006 
122.243 1.44434e-006 
122.244 1.41744e-006 
122.243 3.61347e-008 
122.245 2.26052e-007 
122.247 9.24518e-007 
122.238 7.24885e-007 
122.237 4.98658e-007 
122.237 2.13476e-007 
122.24 1.09987e-006 
122.242 2.70708e-007 
122.243 2.1374e-007 
122.246 1.97477e-007 
122.248 5.33814e-007 
122.238 7.06855e-007 
122.236 1.0434e-006 
122.237 2.64536e-007 
122.241 1.71584e-006 
122.242 1.76785e-007 
122.243 7.87379e-007 
122.246 1.72594e-007 
122.249 3.13268e-007 
122.238 6.56227e-007 
122.235 1.2547e-006 
122.235 3.15287e-007 
122.241 2.68386e-006 
122.241 2.07666e-007 
122.243 1.12747e-006 
122.247 1.8031e-007 
122.249 3.82624e-007 
122.238 7.31503e-007 
122.235 6.55341e-007 
122.235 8.83065e-007 
122.241 5.61121e-006 
122.242 1.95767e-005 
122.244 9.11413e-006 
122.246 4.25781e-007 
122.249 2.21324e-007 
122.238 8.37827e-007 
122.237 1.06136e-007 
122.238 2.6462e-006 
122.245 0.000378575 
122.25 0.00205824 
122.25 0.00127088 
122.246 0.000178183 
122.248 2.12104e-005 
122.24 1.5127e-006 
122.24 2.14232e-006 
122.238 6.89397e-005 
122.06 0.00682027 
121.788 0.022547 
121.757 0.0296156 
121.944 0.0166668 
122.137 0.00285624 
122.245 1.70479e-006 
122.246 6.52943e-007 
122.239 0.000396426 
121.822 0.0218507 
121.174 0.0347058 
120.99 0.0257211 
121.385 0.0233194 
121.862 0.0126079 
122.246 1.47958e-006 
122.247 3.55263e-007 
122.241 0.000308872 
121.855 0.0180786 
121.13 0.028681 
120.729 0.00271667 
121.09 0.0118982 
121.649 0.0173581 
128.633 4.63563e-005 
128.638 8.76742e-006 
128.648 0.000113304 
128.672 7.92815e-005 
128.676 8.4112e-005 
128.67 1.84557e-006 
128.685 1.18213e-005 
128.7 5.14178e-005 
128.636 3.64447e-005 
128.632 2.32902e-005 
128.629 1.14458e-005 
128.654 5.292e-005 
128.667 1.47253e-005 
128.67 1.11772e-005 
128.69 1.04294e-005 
128.707 3.01008e-005 
128.639 3.62503e-005 
128.626 4.41841e-005 
128.63 1.09256e-005 
128.659 7.96234e-005 
128.661 9.38798e-006 
128.671 4.21065e-005 
128.696 9.23558e-006 
128.713 1.78736e-005 
128.639 3.36171e-005 
128.616 5.35646e-005 
128.621 1.53042e-005 
128.659 0.000118485 
128.659 1.10382e-005 
128.672 6.07182e-005 
128.698 9.69077e-006 
128.718 2.18132e-005 
128.636 3.56237e-005 
128.618 2.76519e-005 
128.618 4.01738e-005 
128.656 6.93552e-005 
128.66 7.37301e-006 
128.673 5.09807e-005 
128.696 1.7558e-005 
128.717 1.28486e-005 
128.635 3.94995e-005 
128.629 4.95415e-006 
128.633 9.91032e-005 
128.674 0.000162319 
128.688 0.000470729 
128.693 0.000283006 
128.697 4.48957e-005 
128.713 9.34836e-006 
128.65 8.42266e-005 
128.65 0.000117529 
128.655 0.00013508 
128.751 0.00124654 
128.861 0.00294995 
128.877 0.00334097 
128.82 0.0021173 
128.762 0.000485924 
128.688 9.94124e-005 
128.696 3.3614e-005 
128.681 7.27299e-005 
128.83 0.00282529 
129.052 0.0037117 
129.124 0.00262737 
129.028 0.00276266 
128.886 0.00191528 
128.695 8.7307e-005 
128.704 2.14609e-005 
128.686 5.6723e-005 
128.825 0.00244594 
129.073 0.00307663 
129.211 0.000162811 
129.137 0.000643736 
128.987 0.00197485 
13.6165 13.7762 
10.3241 1.41749 
11.2523 0.810238 
10.2232 1.89062 
17.3688 8.86321 
22.1424 6.25176 
14.2256 8.04935 
8.72572 6.88258 
11.322 8.47402 
9.30769 1.26582 
9.07637 1.79302 
11.0061 2.97979 
21.1151 4.69948 
24.5048 6.05337 
16.5273 6.61098 
12.2053 13.9426 
12.1453 4.89601 
7.57177 2.12044 
11.7809 1.35565 
14.8732 1.27089 
13.6842 11.6161 
13.0555 20.5052 
13.6847 14.9355 
16.0478 4.73431 
16.3163 9.10433 
18.7927 16.8436 
24.9238 18.0969 
17.2824 21.5098 
6.01584 5.14085 
6.91816 3.83512 
11.6028 5.29345 
14.2472 2.66882 
16.5093 6.06733 
20.1524 8.79533 
20.9073 1.71146 
13.2122 18.6031 
12.6689 10.1493 
14.7048 7.81373 
11.6378 3.83651 
9.71246 1.50961 
21.6112 15.9755 
14.598 16.3183 
12.5173 8.49683 
12.923 9.69346 
21.8081 20.9261 
23.7792 7.44294 
15.0683 8.18171 
11.829 6.18523 
35.9338 45.903 
21.352 14.155 
17.7286 4.40528 
18.1887 10.1644 
27.4066 6.35352 
26.9308 17.1686 
15.4646 3.50688 
17.2909 18.1339 
32.8438 19.8885 
23.1928 6.77244 
22.9728 4.30565 
23.6606 8.94469 
24.0046 11.3917 
18.8515 12.7648 
12.1219 1.63739 
15.3872 5.83871 
18.2225 14.2994 
17.143 4.60514 
18.2316 4.67412 
18.9755 3.6345 
17.2927 6.14241 
12.0868 4.28727 
9.11985 2.61986 
11.2742 2.64882 
28.6584 17.717 
16.4336 7.66214 
16.0534 1.93678 
14.2129 3.60577 
17.9433 15.6277 
25.2711 13.1927 
21.9811 7.10639 
22.1447 2.53029 
19.4336 7.04933 
15.6936 4.84176 
15.4686 5.01388 
12.2265 11.0382 
12.9403 3.22472 
24.5434 29.5168 
29.5769 3.01652 
25.6703 26.4927 
14.0245 9.62617 
14.858 4.71287 
20.2687 1.24881 
14.8005 8.73484 
9.6256 0.894074 
16.4631 29.0996 
23.6107 28.485 
27.2887 25.8334 
16.0919 12.4176 
19.8514 7.58193 
28.637 9.31462 
20.0561 16.4138 
9.14003 3.75519 
9.85583 5.21049 
14.552 17.7399 
19.4055 6.02521 
17.3063 11.5032 
16.0197 2.21751 
21.6018 5.46893 
19.1348 5.10888 
16.4236 7.53413 
15.0123 13.8839 
11.6481 7.08073 
12.1551 5.12571 
18.6954 27.3574 
9.90032 7.92397 
10.4674 7.81902 
16.4684 7.2795 
31.8531 34.5425 
33.6339 20.9549 
17.879 17.5896 
11.741 12.875 
38.5529 16.5058 
25.1146 26.2589 
16.9202 9.10287 
18.5272 11.0044 
39.4411 20.9007 
43.4064 12.7829 
24.8146 34.4119 
16.6505 15.0643 
53.1155 28.3946 
44.561 28.7452 
28.2998 38.5252 
31.4257 49.6782 
45.3966 17.2826 
37.8719 34.3461 
24.0162 9.09276 
19.6307 6.3373 
40.54 16.1186 
35.1365 13.5741 
21.9346 34.5061 
32.4065 52.3122 
45.9139 6.12405 
31.6668 45.9781 
17.0151 3.49919 
15.4779 3.69949 
83.1793 16.5818 
73.3801 9.02446 
72.4242 11.7924 
80.9341 32.239 
86.0427 6.46036 
78.2744 16.3386 
69.7208 9.6328 
81.2657 30.2589 
86 31.3511 
85.4288 19.8197 
84.0119 37.9132 
77.2619 20.8302 
65.9648 81.2505 
71.2252 30.8689 
78.8969 12.175 
83.9067 16.8701 
66.2165 55.6588 
92.5889 20.5693 
90.0889 18.8852 
55.0832 72.0125 
37.6198 27.7683 
49.9702 55.4564 
68.665 26.0231 
77.2906 21.8854 
48.8819 83.0409 
85.9946 32.0326 
87.1862 21.9562 
54.9177 49.7688 
45.4007 33.5144 
50.319 31.8525 
61.9697 6.55246 
69.9988 42.6024 
45.6116 32.031 
70.5456 33.3243 
72.8784 20.3225 
68.621 9.51245 
69.6945 13.5581 
65.4906 7.83422 
72.3577 9.07831 
78.7345 33.2922 
54.9572 27.6013 
70.6922 17.434 
67.9225 6.18207 
68.7141 5.11462 
69.3215 7.14496 
63.6788 8.39505 
69.1272 12.1233 
76.6968 6.77804 
70.6667 40.9142 
75.5881 26.222 
62.1653 8.95158 
52.881 16.8108 
46.8362 11.8132 
48.1258 25.2708 
62.8889 22.4113 
77.5644 9.58323 
74.7275 50.4376 
75.9549 71.3409 
62.6302 32.6812 
51.3948 5.07258 
59.5 11.3226 
64.4601 21.9148 
70.3916 11.3267 
81.2398 15.9875 
67.8918 24.8148 
63.2614 13.3148 
53.074 25.7404 
49.0106 11.0136 
66.7197 11.1131 
65.3655 15.4852 
65.4306 13.3323 
78.2227 10.6057 
147.434 225.526 
177.269 16.4277 
174.307 11.044 
171.484 19.4719 
149.17 37.6552 
126.409 49.1054 
152.813 48.8473 
160.692 17.1608 
156.951 201.822 
177.798 13.5114 
178.39 46.7342 
182.573 86.7976 
165.143 155.588 
135.786 146.427 
139.63 35.4798 
150.765 111.274 
179.674 201.577 
179.574 36.6912 
156.818 45.6325 
188.952 206.97 
209.867 179.935 
185.816 378.198 
162.662 199.502 
148.09 63.9793 
178.015 116.62 
162.349 64.8514 
124.979 87.1058 
171.762 307.102 
214.055 153.024 
197.813 186.843 
176.907 126.318 
165.153 35.7789 
177.648 117.802 
176.316 61.1226 
154.115 117.712 
158.684 62.3186 
161.913 241.455 
158.93 182.495 
168.159 51.1908 
174.5 50.7142 
172.129 148.39 
191.358 62.449 
187.158 56.7515 
160.617 52.1057 
121.044 135.463 
122.389 164.952 
165.427 93.3939 
177.413 103.623 
134.268 156.338 
153.979 208.859 
172.286 47.1491 
164.845 121.393 
122.029 66.0252 
121.56 177.543 
163.088 48.4529 
163.93 187.188 
114.816 32.7402 
121.957 119.678 
152.288 101.029 
158.254 178.915 
126.716 29.1895 
130.968 121.219 
153.778 52.7756 
155.575 74.9762 
142.098 91.6075 
148.252 83.3566 
180.665 225.002 
176.008 213.466 
128.012 97.875 
145.747 154.501 
166.436 46.3206 
161.384 24.7282 
33.9337 15.9268 
35.4445 10.5255 
36.9169 11.6964 
33.5683 21.5986 
34.6239 8.82305 
46.5276 7.22849 
45.2245 7.22364 
34.3739 9.85487 
35.024 31.3044 
27.0519 9.83584 
27.0522 11.8936 
28.5017 10.8704 
34.5702 6.14695 
39.2821 5.18398 
40.1787 8.53115 
35.5145 4.62077 
30.335 17.188 
22.1718 14.4079 
32.4166 14.6157 
33.9257 24.7385 
30.4078 23.07 
34.6086 15.3147 
37.1028 7.6077 
35.7473 6.92078 
34.5148 9.81043 
23.9928 13.7872 
38.2384 8.49656 
41.6519 20.7341 
29.7254 15.3878 
38.1508 23.5961 
42.4925 7.82099 
36.2887 26.3237 
35.7471 5.61292 
25.2978 7.71422 
35.049 10.3596 
46.0074 25.3733 
41.2489 77.2625 
44.1241 28.409 
42.4248 5.39781 
34.6558 15.4959 
31.2141 22.4356 
24.2175 6.89272 
31.2605 9.15146 
45.5095 20.5436 
52.6229 10.1961 
50.7249 15.8065 
38.8872 5.77762 
33.5732 8.12452 
25.7873 13.5191 
29.466 7.26534 
35.5723 9.42815 
37.6523 21.9532 
41.2665 43.6746 
47.2707 21.6321 
41.9585 9.45644 
32.5179 5.62071 
29.9952 8.02413 
37.8803 12.5661 
37.1257 4.98869 
27.3264 13.037 
23.6463 31.7953 
39.3005 18.5599 
48.725 26.8878 
36.5995 11.831 
38.2837 4.53575 
39.707 9.29621 
30.1281 15.158 
23.8114 11.0687 
23.012 38.5634 
32.1011 11.2544 
48.1037 14.9694 
44.0941 5.1856 
11.8474 21.7469 
7.93856 1.85095 
11.1223 0.847411 
10.8486 2.06035 
16.5912 6.86616 
24.0317 6.54485 
19.0184 4.37321 
14.7957 5.32016 
10.7289 11.2138 
6.82549 0.995826 
8.06389 0.982878 
10.061 2.71227 
19.0682 2.86345 
23.6805 3.8229 
18.1042 5.34329 
14.031 11.3544 
8.60344 8.54866 
6.10099 3.89114 
11.5216 3.35926 
14.1134 7.77415 
12.9252 11.838 
14.1005 12.0577 
16.6706 7.75648 
18.5946 6.45084 
10.8853 4.68318 
11.9293 6.67457 
19.1453 7.16395 
16.0731 7.72332 
9.84658 3.99732 
10.9709 4.7109 
14.6954 7.94441 
18.0778 6.04276 
17.5709 8.37513 
14.552 6.92874 
18.5114 3.8165 
16.567 4.92768 
16.202 12.5456 
19.0606 9.4502 
15.4672 3.92802 
13.2124 3.31789 
17.54 13.7609 
11.5493 5.02126 
13.629 3.70366 
17.8971 3.79928 
25.0188 9.6238 
27.2259 10.4473 
15.6113 6.99208 
11.512 6.74492 
12.4412 2.33832 
16.6878 3.196 
18.1637 2.11719 
17.7106 4.36005 
22.7813 6.37119 
23.0757 15.0777 
13.8588 4.54081 
13.3807 15.0285 
14.1576 2.73545 
19.1128 3.30406 
19.5024 2.50467 
14.8295 2.47805 
13.8991 5.12897 
14.5685 2.93691 
12.9175 1.31458 
12.8939 7.45266 
13.0759 1.52751 
13.9829 2.75134 
13.316 6.07188 
15.6423 8.57777 
17.9134 14.4212 
14.9814 23.0603 
13.4522 13.5451 
11.9431 1.66379 
