4824.06 5448.19 4630.54 5416.34 4845.49 5354.15 5759.42 5162.76 5678.52  
4068.93 4375.51 4096.07 4483.35 4123.42 4404.45 4678.29 4245.89 4547.75  
3612.63 3699.06 3565.26 3650.65 3587.13 3721.44 4007.7 3619.48 3770.38  
3006.45 3261.56 3291.75 3152.15 3142.65 3568.09 2951.13 2916.75 3561.97  
5716.16 5961.4 5552.1 6417.04 5610.59 5846.92 6511.8 5957.91 6172.19  
4543.41 4528.64 4608.37 4972.49 4586.98 4591.55 4820.73 4604.69 4408.65  
3771.26 3954.45 4272.18 3880.31 3994.41 4432.77 3794.4 3930.94 3907.17  
4044.64 5684.26 5336.02 4640.14 4446.59 5841.91 5337.55 4884.29 6375.09  
6183.9 5909.45 5783.87 6610.05 6067.37 5697.98 6448.76 6116.94 5668.54  
4417.01 4465 4451.06 4814.91 4503.09 4550 4673.21 4459.56 4572.91  
3914.58 4199.18 4622.72 4060.08 4503.82 5005.7 3754.01 4057.26 5128.81  
6382.48 7007.04 6982.55 6520.06 6515.28 7006.32 6874.67 6919.08 7964.73  
5601.52 4984.46 5032.14 5507.79 5420.96 4791.95 5116.38 5195.78 4521.38  
4633.95 5072.11 5195.61 4684.83 4750.16 5284.33 4677.97 4837.8 5598.44  
5668.64 9476.66 8145.74 7006.91 6870.29 10886.8 8645.94 7705.43 11996  
8090.71 10528.8 9211.2 8857.57 8321.62 10788.2 11438.1 9847.58 12851.5  
4529.95 3961.15 4054.89 4219.35 4277.72 4036.08 3889.46 4120.72 3916.87  
5609.06 6553.89 6990.85 5278.7 5902.1 6997.46 5678.29 5994.59 7238.54  
12018.8 14745.6 14469.2 13561.8 13694.4 14938.5 13431.9 13878.8 14624  
12233 13304 12473 13119.6 12323.8 12052.3 15008.6 13980.4 13041.8  
3977.38 4226.51 4380.84 4063.06 4209.81 4451.25 3815.11 4095.91 4132.85  
7431.45 8020.31 8718.61 7126.42 7696.71 7844.88 7467.06 7833.99 7572.91  
14326.8 11160.2 12864.5 13115.2 13795.1 9773.92 10716.7 12781.5 8287.25  
11834.8 7697.93 8791.34 10262.1 10288 6168.5 8778.32 10102 4966.38  
4140.69 5142.2 5398.51 4517.93 4930.43 6215.35 4255.58 4671.87 5949.7  
7587.27 7951.72 7948.37 7662.73 7674.18 8218.94 7880.94 7696.16 8223.46  
8302.97 4837.38 5274.13 5973.75 6173.74 3508.98 5652.81 5896.13 4022.97  
4760.21 1645.97 2178.68 2617.35 3034.01 1408.13 1800.89 2497.96 1374.38  
6247.38 7074.85 7827.39 6617.63 7183.75 6976.48 6249.9 6778.58 6854.97  
8408.55 8512.29 8437.97 8867.69 8719.28 8128.28 8793.21 8635.2 8151.18  
3896.42 3215.54 2729.05 3621.32 2973.11 2523.23 4210.75 3611.77 3082.91  
1314.82 1236.16 1148.52 1317.73 1282.55 1288.94 1308.41 1225.37 1336.66  
6825.87 5583.37 6730.09 5753.6 6527.5 4718.4 5041.68 6231.3 4421.43  
8077.88 6595.1 6959.99 7279.63 7529.7 5649.23 6679.7 7353.82 5289.31  
3046.89 2709.35 2390.57 2891.66 2409.52 2369.96 3262.2 2896.19 2534.46  
1385.15 1672.53 1573.58 1649.87 1556.75 1876.21 1633.51 1616.17 1901.43  
52.8507 53.0566 52.7769 52.8597 52.7178 52.8838 53.1599 52.9896 53.1028  
51.4996 51.5937 51.5078 51.599 51.5066 51.6059 51.6666 51.5549 51.6606  
51.5535 51.6035 51.7454 51.5676 51.7169 51.7953 51.4751 51.5782 51.7111  
52.2244 52.4112 52.286 52.2523 52.1586 52.3803 52.4018 52.372 52.664  
53.1017 53.055 52.8194 53.0932 52.9095 52.8544 53.2501 53.0915 53.0337  
51.6751 51.7971 51.7264 51.7694 51.6891 51.8053 51.8339 51.7606 51.8407  
51.7414 51.9354 52.0873 51.8083 51.9648 52.2111 51.7628 51.8668 52.0516  
52.6979 53.109 52.9645 52.7733 52.6738 53.0485 53.0698 53.002 53.3761  
53.0337 52.967 52.7583 53.0399 52.856 52.7801 53.1755 53.0098 52.8972  
51.8407 51.9348 51.8793 51.9143 51.8616 51.9399 51.9611 51.9066 51.9478  
52.0516 52.4196 52.5514 52.1709 52.3927 52.8236 52.1403 52.2481 52.6755  
53.3199 53.6741 53.5535 53.3512 53.3144 53.657 53.7206 53.5923 53.9749  
52.8965 52.9639 52.7023 52.9215 52.7572 52.8697 53.1709 52.8966 53.0293  
51.9522 52.0022 51.9492 52.0005 51.9554 52.0372 52.0368 51.9705 52.1732  
52.756 53.324 53.2157 52.8978 53.1031 53.5988 53.1138 53.0062 53.9564  
53.8864 53.8577 53.7426 53.7216 53.757 53.7727 54.0216 53.9119 54.2297  
53.0293 53.0212 52.8893 53.0842 52.9396 52.9697 53.1866 53.0431 53.0554  
52.1732 52.6734 52.5697 52.4023 52.3483 52.8078 52.6178 52.4642 52.9281  
53.9564 54.5841 54.4258 54.3779 54.27 54.4057 54.5052 54.4614 54.547  
54.0915 54.0835 53.965 54.212 54.0571 53.7557 54.3914 54.3761 53.8698  
53.0709 53.1147 53.1808 53.1143 53.1164 53.1102 53.0442 53.1266 53.0057  
52.9892 53.2324 53.2443 53.0823 53.0537 53.1525 53.1984 53.176 53.1186  
54.485 54.0512 54.096 54.2603 54.1168 53.6238 54.1174 54.2989 53.4411  
53.6356 53.2923 53.2057 53.478 53.3672 53.0723 53.5302 53.5384 53.0185  
53.0057 52.4726 52.8358 52.7023 52.9271 52.224 52.4451 52.7285 51.9967  
53.1186 52.2335 52.5921 52.6919 52.8521 51.7573 52.2929 52.6548 51.5365  
53.4411 52.3691 52.5891 52.6844 52.8001 52.124 52.3815 52.6844 52.0925  
52.9513 52.3894 52.4548 52.5293 52.5709 52.3174 52.4505 52.5545 52.374  
51.8349 51.2718 51.327 51.5621 51.6335 51.2543 51.4995 51.5294 51.2306  
51.3455 50.7648 50.8755 51.0557 51.1234 50.8054 50.8395 51.0188 50.734  
52.0486 51.9577 52.0545 52.0076 52.0627 52.0659 51.7951 52.0024 51.9505  
52.3168 52.1937 52.2006 52.2682 52.2464 52.1209 52.3173 52.3103 52.1677  
51.2232 51.4018 51.1229 51.367 51.2135 51.5348 51.563 51.2579 51.6908  
50.7379 50.9788 50.8281 50.8747 50.8126 51.1992 50.9906 50.8114 51.2984  
51.9541 51.9902 52.0828 51.9751 52.0792 52.077 51.8577 51.9744 52.0031  
52.104 51.96 51.96 52.0512 52.0185 51.867 52.0856 52.0442 51.9021  
90.0714 90.0708 90.0716 90.0713 90.0717 90.0713 90.0706 90.071 90.0707  
90.0749 90.0747 90.0749 90.0747 90.0749 90.0746 90.0745 90.0748 90.0745  
90.0748 90.0746 90.0743 90.0747 90.0743 90.0741 90.075 90.0747 90.0744  
90.073 90.0725 90.0728 90.0729 90.0732 90.0726 90.0725 90.0726 90.0719  
90.0707 90.0709 90.0715 90.0708 90.0712 90.0714 90.0703 90.0708 90.0709  
90.0744 90.0741 90.0743 90.0742 90.0744 90.0741 90.074 90.0742 90.074  
90.0743 90.0738 90.0734 90.0741 90.0737 90.073 90.0742 90.0739 90.0735  
90.0718 90.0707 90.0711 90.0716 90.0718 90.0709 90.0708 90.071 90.07  
90.0709 90.0711 90.0716 90.0709 90.0714 90.0716 90.0705 90.071 90.0713  
90.074 90.0738 90.0739 90.0738 90.074 90.0738 90.0737 90.0738 90.0737  
90.0735 90.0725 90.0721 90.0731 90.0726 90.0714 90.0732 90.0729 90.0718  
90.0702 90.0693 90.0696 90.0701 90.0702 90.0693 90.0691 90.0695 90.0685  
90.0713 90.0711 90.0718 90.0712 90.0716 90.0713 90.0705 90.0713 90.0709  
90.0737 90.0736 90.0737 90.0736 90.0737 90.0735 90.0735 90.0737 90.0732  
90.0716 90.0703 90.0705 90.0713 90.0708 90.0696 90.0708 90.071 90.0687  
90.0687 90.0689 90.0692 90.0692 90.0691 90.0692 90.0685 90.0687 90.0681  
90.0709 90.0709 90.0713 90.0708 90.0711 90.0711 90.0705 90.0709 90.0708  
90.0732 90.0719 90.0721 90.0726 90.0727 90.0715 90.072 90.0724 90.0712  
90.0687 90.0672 90.0676 90.0677 90.068 90.0676 90.0674 90.0675 90.057  
90.0684 90.0685 90.0688 90.0681 90.0685 90.0693 90.0677 90.0677 90.0453  
90.0708 90.0707 90.0705 90.0707 90.0707 90.0707 90.0709 90.0706 90.071  
90.071 90.0704 90.0704 90.0708 90.0709 90.0706 90.0705 90.0706 90.0707  
90.047 89.919 89.9541 89.9752 89.9886 89.8474 89.9438 89.9699 89.8432  
90.0218 89.7199 89.8244 89.8661 89.9093 89.6217 89.7486 89.8416 89.5424  
90.071 90.0724 90.0715 90.0718 90.0712 90.0732 90.0725 90.0717 90.0738  
90.0707 90.0731 90.0721 90.0718 90.0714 90.0744 90.0729 90.0719 90.075  
89.8433 89.7482 89.7174 89.7679 89.7469 89.6706 89.8024 89.7679 89.718  
89.5392 89.2792 89.307 89.4034 89.4154 89.1885 89.352 89.3633 89.1727  
90.0743 90.0758 90.0757 90.075 90.0748 90.0758 90.0752 90.0751 90.0759  
90.0756 90.0771 90.0768 90.0763 90.0762 90.077 90.0769 90.0765 90.0772  
89.718 89.8111 89.7067 89.7514 89.6689 89.8115 89.834 89.7336 89.8626  
89.1427 89.2971 89.1203 89.241 89.1223 89.3565 89.3464 89.1655 89.4196  
90.0759 90.0754 90.0762 90.0755 90.0759 90.075 90.0749 90.0758 90.0745  
90.0772 90.0765 90.0769 90.0768 90.077 90.0758 90.0765 90.077 90.0756  
89.8883 90.0015 89.9471 89.9712 89.9253 90.0163 90.0139 89.9655 90.0323  
89.4471 89.6766 89.5419 89.6409 89.5436 89.7227 89.7558 89.6225 89.7884  
94.7933 94.7896 94.7949 94.7932 94.7959 94.793 94.7876 94.7908 94.7889  
94.8186 94.8168 94.8184 94.8167 94.8184 94.8166 94.8155 94.8175 94.8156  
94.8176 94.8167 94.8139 94.8173 94.8144 94.813 94.8191 94.8171 94.8146  
94.8048 94.8014 94.8037 94.8042 94.8061 94.802 94.8016 94.8021 94.7968  
94.7889 94.7898 94.7943 94.7891 94.7926 94.7937 94.7861 94.7892 94.7903  
94.8153 94.813 94.8144 94.8136 94.815 94.8128 94.8123 94.8137 94.8121  
94.8141 94.8103 94.8075 94.8128 94.8098 94.8052 94.8136 94.8117 94.8081  
94.7963 94.789 94.7915 94.7949 94.7968 94.7901 94.7897 94.7909 94.7842  
94.7903 94.7915 94.7955 94.7901 94.7937 94.795 94.7875 94.7907 94.7927  
94.8121 94.8104 94.8114 94.8108 94.8117 94.8103 94.8099 94.8109 94.8101  
94.8081 94.8014 94.7989 94.8059 94.8018 94.794 94.8066 94.8045 94.7969  
94.7852 94.7788 94.781 94.7846 94.7853 94.7791 94.778 94.7803 94.7736  
94.7927 94.7914 94.7963 94.7922 94.7953 94.7932 94.7875 94.7927 94.7902  
94.8101 94.8092 94.8101 94.8092 94.81 94.8085 94.8085 94.8097 94.8061  
94.7956 94.7866 94.7879 94.7933 94.7894 94.7824 94.7904 94.7916 94.7765  
94.7752 94.7772 94.7785 94.7785 94.7776 94.7792 94.7744 94.7755 94.7722  
94.7902 94.7902 94.7927 94.7891 94.7918 94.7912 94.7871 94.7899 94.7896  
94.8061 94.7971 94.7992 94.8018 94.8029 94.7946 94.7979 94.8008 94.7924  
94.7765 94.7656 94.7689 94.7692 94.7715 94.769 94.767 94.7678 94.7713  
94.7745 94.775 94.7769 94.7724 94.7751 94.7805 94.7698 94.77 94.791  
94.7893 94.7885 94.7874 94.7885 94.7885 94.7887 94.7897 94.7883 94.7905  
94.7913 94.7868 94.7869 94.7894 94.7901 94.7883 94.7873 94.7879 94.7889  
94.7775 94.8296 94.8178 94.8064 94.8053 94.8628 94.8192 94.8076 94.8665  
94.8069 94.9181 94.8841 94.8632 94.8506 94.9556 94.9032 94.8717 94.9839  
94.7905 94.8016 94.7942 94.7965 94.7922 94.8073 94.8017 94.7961 94.812  
94.7889 94.8062 94.799 94.7971 94.7939 94.8161 94.8051 94.7978 94.8207  
94.8665 94.9225 94.9265 94.9065 94.9122 94.9589 94.9026 94.9065 94.9431  
94.9863 95.0915 95.0769 95.0407 95.0363 95.1284 95.0644 95.0547 95.136  
94.8155 94.8267 94.8259 94.8209 94.8197 94.8267 94.822 94.8219 94.8275  
94.8247 94.8362 94.8341 94.8306 94.8293 94.8352 94.8348 94.8314 94.8367  
94.944 94.9146 94.9513 94.9339 94.9636 94.9135 94.9082 94.941 94.8967  
95.1455 95.099 95.1581 95.1121 95.1528 95.0811 95.0779 95.1394 95.0599  
94.8276 94.8234 94.8294 94.8242 94.8274 94.8199 94.8201 94.8268 94.8166  
94.8366 94.8313 94.8347 94.8337 94.835 94.8262 94.8311 94.8351 94.824  
94.8876 94.8455 94.8663 94.8573 94.8732 94.8361 94.8423 94.86 94.8297  
95.0528 94.9808 95.0293 94.9884 95.0239 94.9667 94.9466 94.9967 94.9395  
34.4503 51.1235 50.8965 46.0082 48.5672 55.017 51.0268 48.1841 64.9606  
70.5362 62.9841 64.8382 59.4794 71.1967 60.1539 61.7033 65.1609 69.511  
64.0758 79.7949 88.1257 78.1195 69.3549 84.7865 74.4622 85.2667 99.5347  
77.8258 277.853 260.067 193.863 137.776 282.876 298.38 266.895 351.347  
72.3366 237.389 179.658 144.268 69.2686 218.431 236.94 233.687 250.013  
67.3304 67.0967 63.717 61.5218 64.7252 67.4664 57.7958 55.8332 52.8769  
94.1833 107.264 90.1081 90.4663 94.6189 111.843 104.867 85.9887 90.4824  
310.709 353.141 324.498 306.425 290.331 320.031 359.724 358.218 356.231  
250.487 223.748 170.266 214.114 229.402 220.415 223.077 224.312 248.915  
52.9772 53.0089 63.6478 49.2856 53.5728 58.3049 47.3028 52.2765 55.9779  
90.654 81.7857 78.6219 90.8467 95.2073 94.8674 81.6309 78.4731 128.331  
337.954 159.163 180.297 242.681 283.232 155.482 135.146 207.852 284.709  
255.759 88.7736 128.593 235.99 232.479 84.7679 91.1965 160.534 86.2974  
54.1059 48.8672 55.3913 53.0183 53.3737 56.5304 52.2315 53.5469 74.887  
132.962 172.607 196.128 132.401 171.96 209.134 172.28 158.742 272.747  
318.605 399.745 366.466 363.163 332.658 365.258 380.849 397.406 513.468  
86.461 161.34 116.836 136.446 96.1358 172.962 171.232 127.218 131.984  
75.029 355.838 144.37 71.2104 69.7423 487.477 224.2 89.8041 515.756  
273.264 1323.23 898.609 832.886 751.142 1427.81 1334.4 862.581 1468.39  
482.748 1267.5 993.473 981.025 870.721 1147.27 1460.35 1133.29 1287.39  
117.662 184.125 132.163 128.345 127.346 244.699 126.006 115.559 285.038  
516.503 595.263 684.626 371.143 496.716 627.752 449.438 524.972 673.32  
1458.65 1424.7 1454.83 1412.02 1391.87 1352.29 1471.43 1471.1 1405.13  
1141.99 1017.29 896.467 1109.78 1018.28 916.684 1230.17 1143.27 1079.02  
285.578 350.094 426.238 386.332 397.523 338.445 189.19 397.568 348.719  
674.597 630.06 906.383 657.469 776.742 441.583 572.363 794.547 355.498  
1407.79 530.266 844.937 873.915 1103.02 247.869 643.625 862.56 142.862  
1009.98 268.45 326.206 566.607 668.255 149.742 342.431 482.062 142.636  
349.38 548.038 495.324 426.386 355.283 481.064 387.848 368.119 468.681  
334.172 533.565 446.733 439.617 366.118 473.542 534.909 381.437 451.5  
114.528 116.915 120.759 119.59 126.453 107.279 253.88 120.847 109.835  
125.336 124.284 129.999 122.73 122.722 121.543 126.015 110.428 137.145  
448.131 258.17 317.833 271.649 323.861 247.673 249.482 300.127 247.66  
428.824 257.536 287.943 276.941 313.798 250.401 258.178 287.398 256.046  
106.75 58.7505 112.866 103.133 108.128 56.8338 54.1823 106.351 66.2214  
132.897 79.3438 139.096 124.336 124.928 76.6129 70.6307 141.176 84.8232  
94.289 98.4434 133.893 104.014 119.437 123.14 98.257 99.7905 126.711  
161.127 141.484 156.628 149.213 155.639 144.152 139.364 144.485 159.418  
118.778 130.641 101.653 127.481 95.4753 103.163 130.394 129.531 143.163  
88.0626 194.91 168.439 120.041 125.025 223.131 207.894 158.368 352.45  
165.213 349.746 311.309 259.17 220.025 330.201 349.084 334.123 385.668  
150.847 109.608 137.715 139.948 146.225 116.747 105.755 134.711 108.686  
140.618 112.77 129.597 135.359 110.98 119.668 112.557 127.621 114.036  
367.715 512.962 499.349 445.314 439.228 502.963 527.779 529.451 544.007  
386.399 372.127 342.286 370.679 369.942 355.318 372.06 371.595 423.946  
108.892 113.534 78.4448 129.685 117.688 115.775 123.343 118.318 98.2628  
114.252 156.193 137.546 126.703 124.958 221.615 152.522 135.857 242.956  
516.218 499.798 543.425 509.528 525.091 559.295 491.895 548.011 653.51  
437.594 247.738 270.961 338.609 376.8 208.044 247.906 275.291 190.85  
103.538 120.637 46.7142 132.409 106.912 141.853 149.253 97.9147 227.47  
265.19 298.326 305.546 273.821 305.37 352.349 211.246 275.611 423.034  
634.205 513.446 535.093 540.242 612.618 475.072 471.241 534.65 685.916  
191.212 262.086 183.354 169.233 168.487 367.025 217.3 169.572 228.163  
227.902 728.821 240.974 256.673 239.303 1010.56 704.655 248.691 1082.63  
423.836 1408.87 854.657 819.417 651.133 1538.7 1376 841.773 1693.01  
667.573 1315.49 1088.64 1027.33 862.724 1190.29 1354.36 1172.33 1250.5  
187.943 181.229 306.472 162.764 289.236 321.384 108.077 156.225 193.046  
1081.74 1152.45 1137.92 993.51 1037.95 1120.41 1079.11 1097.46 1121.5  
1677.17 1681.07 1531.63 1602.48 1457.07 1461.86 1755.89 1669.54 1621.48  
1180.67 1105.67 1072.1 1075.56 1074.51 1011.85 1174.57 1175.88 1066.36  
193.412 322.219 542.59 344.987 495.395 334.927 250 353.517 284.85  
1123.62 991.452 1243.47 1137.92 1196.53 555.513 928.024 1199.87 408.605  
1624.55 856.794 1167.21 1351.6 1303.92 350.888 916.095 1334.04 265.724  
1022.28 349.874 588.961 684.808 740.804 291.997 387.655 658.319 276.267  
306.073 723.607 655.399 522.72 453.185 696.639 570.206 427.528 700.4  
417.815 784.426 694.677 657.058 532.357 734.436 761.566 554.632 737.365  
247.641 214.869 202.294 256.211 203.509 152.761 335.463 258.463 187.207  
247.983 181.664 177.388 185.518 216.742 179.085 196.854 180.482 194.715  
697.506 550.909 614.322 523.395 619.579 528.31 449.08 582.712 547.324  
725.225 568.32 602.965 570.213 630.884 546.472 565.7 591.74 568.14  
173.224 130.085 147.195 163.418 141.016 111.704 216.002 167.066 139.425  
186.872 117.431 204.552 189.279 192.791 133.776 125.401 213.243 136.839  
943.768 924.313 712.107 924.031 903.781 955.137 963.802 778.818 996.116  
835.504 1073.24 952.293 828.345 837.194 1128.82 1053.27 928.349 1194.61  
1007.32 1127.4 992.511 983.618 980.246 1147.16 1165.43 1008.7 1205.35  
765.855 695.968 645.838 732.944 716.538 750.091 745.193 662.828 948.943  
1039.3 1049.56 1032.45 1206.66 1070 1001.14 1185.33 1127.9 1090.38  
1165.23 893.323 1022.18 1162.3 1154.89 872.721 911.2 1033.22 798.432  
1198.14 1159.08 1375.45 1191.96 1330.79 1417.89 989.781 1177.81 1259.26  
1164.11 1947.61 1639.94 1448.83 1297.15 1956.9 1944.93 1646.95 2534.08  
1092.45 1222.51 1091 1270.23 1085.03 1173.76 1351.82 1191.68 1115.85  
799.946 861.287 856.918 945.55 829.836 870.651 966.758 863.024 735.522  
1261.64 1755.7 1874.97 1502.48 1642.61 2125.18 1497.79 1613.53 2107.26  
2463.33 3118.26 2918 2673.9 2552.96 3094.2 3113.27 3027.08 3615.78  
1086.93 892.944 861.387 928.071 1019.28 891.818 938.971 842.099 822.721  
752.764 1260.91 1082.62 832.817 801.334 1492.95 1057.87 848.468 1910.27  
2322.05 3774.17 3064.48 2818.46 2709.37 4296.3 3425.05 3007.94 4585.85  
3527.76 3699.18 3352.68 3438.95 3438.67 3767.82 4159.43 3715.28 3880.33  
824.281 717.458 783.689 807.64 805.724 773.246 734.241 762.795 718.257  
1913.89 2367.6 2859.44 1875.29 2169.54 2466.64 1951.07 2312.91 2630.01  
4594.55 4913.7 4999.88 4908.35 4866.8 4659.91 4535.15 4976.12 4606.14  
3695.9 3417.65 3075.62 3740.84 3483.68 3046.72 4061.2 3718.09 3014.04  
737.636 898.931 1019.18 936.837 921.045 1041.41 760.988 948.481 829.857  
2736.37 3165.19 3499.74 2646.95 2924.34 2955.02 2865.2 3093 2642.77  
4471.46 3657.16 3950.6 4104.33 4183.83 2917.53 3673.69 4006.49 2484.1  
2654.99 1619.97 1678.47 2430.01 2275.07 1206.15 2023.29 2162.83 777.472  
831.43 1580.99 1467.17 1119.05 1201.15 1944.16 1388.14 1154.8 1859.34  
2647.78 2744.29 2497.02 2447.92 2402.95 2921.55 2708.66 2440.62 2976.67  
2488.81 1503.27 1445.13 1745.88 1744.17 1232 1699.04 1723.2 1506.73  
761.127 299.841 380.277 454.098 610.415 300.954 335.304 447.138 322.268  
2108.05 2289.31 2634.49 2218.28 2559.02 2166.22 2174.32 2433.58 2281.6  
3142.6 2693.4 3026.13 3200.72 3294.82 2490.13 2962.46 3262.17 2489.42  
1468.74 818.177 931.249 1255.36 1063.89 562.767 1151.13 1296.69 594.66  
319.321 244.22 225.843 315.673 300.255 230.57 283.761 303.926 251.158  
2291.44 1804.26 2284.52 2045.63 2158.41 1519.7 1676.3 2208.94 1491.11  
2440.07 1818.26 2214.28 2323.74 2343.18 1540.68 1872.36 2324.82 1456.33  
536.06 480.904 484.019 569.421 472.095 427.198 621.766 555.386 467.188  
251.907 308.89 280.314 306.202 278.423 417.881 341.071 306.298 449.426  
3242.09 3673.71 3049.98 3708.14 3200.55 3501.83 3931.49 3557.4 3735.81  
2447.41 2521.6 2401.04 2868.46 2484.11 2479.45 2860.16 2562.45 2485.05  
2019.39 1790.94 1900.7 1980.3 2019.42 1823.4 2088.12 1906.21 1703.76  
1669.44 1346.52 1423.87 1551.48 1624.34 1447.29 1241.34 1314.61 1272.06  
3706.22 3550.03 3316.35 4076.18 3534.33 3532.04 3866.53 3551.78 3750.43  
2530.69 2825.58 2725.12 3027.8 2598.7 2905.13 3142.67 2731.04 2919.13  
1742.41 1967.88 2066.47 1863.42 1897.1 2202.39 1998.34 1903.38 1912.75  
1451.47 2036.44 1882.63 1648.83 1558.88 2082.78 1933.45 1678.01 2281.59  
3757.54 3574.95 3686.56 4121.7 3756.08 3475.2 3879 3818.51 3482.49  
2924.66 2993.89 2973.95 3273.7 3008.86 3084.16 3123.58 2963.88 3328.89  
1916.38 1853.72 2123.98 1871.94 2143.73 2224.24 1669.68 1809.78 2274.31  
2286.85 2644.4 2612.11 2397.7 2323.4 2608.9 2609.65 2562.8 2827.87  
3419.31 3336.06 3380.58 3453.13 3408.02 3169.78 3365.47 3470.38 2930.85  
3387.97 3374.68 3721.41 3351.42 3470.51 3286.76 3145.16 3543.4 3059.85  
2585.87 4243.87 3617.16 3309.89 3166.32 4784.71 3943.77 3501.3 5174.41  
2942.26 4137.97 3476.59 3498.96 3105.6 4378 4634.64 3733.37 5146.45  
2936.41 2129.94 2390.91 2480.81 2694.17 2126.17 2041.45 2428.48 2191.13  
3065.66 2664.06 3198.6 2663.74 3004.46 2609.99 2381.04 2876.42 2553.55  
5184.23 5123.86 5393.12 5163.88 5281.9 4939.53 4532.52 5292.87 4838.11  
4858.86 4551.22 4534.66 4753.92 4577.19 4089.44 5178.49 5044.55 4573.2  
2291.25 2054.34 2289.66 2203.93 2282.28 1924.7 1918.34 2226.91 1911.74  
2630.87 2390.19 2820.49 2642.38 2763.12 2343.96 2347.19 2627.72 2365.46  
4700.5 3022.59 3765.24 4040.27 4469.66 2500.95 2678.35 3714.69 1688.94  
4133.19 2437.12 2950.85 3328.13 3499.9 1706.39 2676.2 3288.66 926.725  
1915.37 2040.37 1905.3 1737.55 1795.21 2652.09 1751.97 1803.43 2613.95  
2369.95 2645.27 2389.78 2407.47 2328.03 3292.73 2680.33 2337.58 3477.6  
1692.15 1446.19 1270.59 1376.28 1335.59 1306.53 1728.63 1358.4 1656.98  
917.272 458.741 479.719 498.927 551.772 454.802 431.566 480.27 469.339  
2632.09 2397.58 2769.04 2417.37 2790.19 2542.56 2105.99 2578.21 2458.69  
3512.44 3192.29 3043.55 3375.32 3465.86 3191.01 3172.14 3357.64 3258.55  
1646.99 1540.59 1127.23 1497.35 1263.02 1271.6 1752.04 1494.13 1569.85  
496.345 502.8 457.292 481.512 480.851 503.219 479.873 495.647 490.15  
2468.47 2252.69 2652.33 2202.83 2506.4 1783.33 1988.23 2370.81 1495.03  
3280.47 3055.31 2945.15 3184.16 3169.22 2568.22 3086.65 3192.91 2258.54  
1596.95 1523.95 1213.07 1546.8 1245.79 1367.85 1814.42 1541.49 1434.44  
534.895 774.173 629.928 668.378 635.519 791.365 724.202 615.357 791.457  
403.541 574.377 554.453 517.832 462.257 577.524 588.853 553.667 585.563  
477.605 491.805 445.766 497.347 494.759 504.834 479.569 464.276 546.438  
361.572 477.954 404.745 432.154 371.291 457.766 467.263 424.627 519.556  
342.187 568.27 639.521 449.976 455.88 686.168 325.016 358.244 413.019  
567.141 599.873 558.92 571.222 558.164 601.615 681.191 546.552 534.108  
536.272 557.931 574.092 490.561 528.143 557.147 528.347 572.594 468.013  
502.216 518.876 519.33 509.339 461.902 487.675 509.349 553.463 455.746  
552.681 613.298 777.422 600.169 659.518 766.15 397.423 446.24 433.923  
535.121 372.85 380.734 484.116 480.836 346.871 460.864 383.44 314.141  
468.9 380.444 409.852 359.491 432.284 362.553 349.509 404.974 306.514  
456.61 290.007 336.975 389.557 420.748 278.558 290.095 347.212 320.841  
565.417 429.144 560.205 525.389 639.338 430.38 385.465 402.081 415.338  
318.524 337.713 327.254 450.494 311.04 370.052 376.978 378.699 424.351  
289.474 217.58 257.171 279.35 276.79 242.006 224.112 260.32 261.597  
296.792 828.469 682.048 370.836 326.346 922.784 734.05 626.799 1284.42  
403.557 1222.65 943.183 557.821 461.501 1236.44 1228.81 908.789 1884.71  
425.155 554.79 475.614 509.596 435.527 487.007 585.721 519.03 526.758  
262.093 321.673 374.833 326.014 319.012 315.022 339.001 339.359 324.064  
1286.86 1348.86 1538.33 1288.15 1473.8 1549.64 1017.47 1336.88 1373.51  
1797.05 1728.39 1812.21 1682.51 1669.07 1620.36 1857.02 1897.02 1850.77  
522.083 687.206 510.865 496.74 477.382 668.701 689.377 506.745 620.373  
334.973 511.031 379.5 369.349 337.988 540.421 550.735 341.573 495.265  
1370.33 813.936 1448.14 1331.75 1511.17 915.657 570.395 1303.7 555.854  
1729.12 898.156 1534.15 1561.76 1574.17 768.089 993.715 1632.85 552.652  
621.549 515.024 650.052 562.797 621.227 582.22 469.986 581.213 501.356  
496.205 580.139 546.275 616.714 542.996 639.892 620.495 537.831 642.194  
556.908 353.98 275.926 341.182 311.371 255.542 400.801 336.749 336.948  
522.004 156.555 175.838 179.023 177.286 124.841 179.354 183.061 97.4103  
509.655 566.315 757.335 607.183 627.102 591.761 613.093 581.226 477.548  
659.605 745.852 786.559 742.845 682.96 727.663 820.52 694.932 715.926  
331.496 398.929 261.984 365.471 235.179 343.13 460.86 335.299 484.331  
73.8953 121.784 82.7645 134.981 95.3728 182.562 147.791 87.1595 191.829  
488.306 419.44 552.613 437.314 573.092 366.58 386.175 469.231 355.002  
739.717 607.119 632.512 646.104 718.408 472.34 608.85 666.792 471.25  
495.52 424.18 352.67 422.763 356.339 327.51 467.688 437.449 335.894  
200.073 307.659 237.09 279.46 244.693 363.964 285.92 258.399 341.964  
105.921 126.226 129.215 116.313 110.902 141.493 125.987 124.895 169.357  
76.7505 84.387 75.5101 80.5073 80.5233 87.0421 84.2273 81.1708 92.7243  
41.4918 92.3283 77.5288 48.9733 51.3398 105.169 82.0369 65.1418 99.0157  
63.0742 178.035 154.014 103.847 83.0857 178.537 133.311 155.804 224.15  
165.941 174.79 153.415 159.537 158.806 163.484 192.732 163.867 161.591  
93.049 75.1006 85.546 90.3545 94.2924 72.331 74.9584 77.2898 61.5091  
93.6922 88.5907 91.2202 89.7592 99.0229 93.2971 79.5048 82.6689 74.9009  
197.959 220.814 212.186 190.577 201.481 213.085 174.25 225.412 225.261  
161.898 143.26 113.025 149.22 146.075 126.412 161.944 127.402 83.1953  
61.6257 62.8363 68.2408 57.1948 60.848 58.5627 62.7174 57.0814 47.7473  
75.0429 61.7729 70.6307 78.5522 76.5677 61.2394 62.2923 72.4059 55.1083  
212.707 156.279 168.514 170.861 191.266 158.061 139.242 171.253 167.531  
83.4023 81.2353 63.3663 101.496 73.3478 67.4923 95.8556 68.777 66.3073  
46.0984 49.4287 32.3013 35.8116 41.2471 64.2282 49.3351 34.1492 64.3602  
65.7701 159.216 280.376 101.498 190.917 321.56 159.551 135.042 255.579  
264.323 555.807 537.189 458.424 370.58 565.63 563.156 558.076 740.575  
66.433 135.537 104.493 115.629 77.6761 109.671 139.52 113.616 120.577  
64.4822 115.896 172.631 85.7709 100.042 107.775 78.3281 127.411 132.525  
256.063 627.064 784.638 549.094 669.664 822.912 636.346 568.547 644.828  
730.847 1023.7 968.401 933.969 860.427 958.214 1097.22 1015.12 1065.84  
120.806 220.678 122.5 134.443 112.516 250.349 212.319 141.991 292.794  
130.991 206.19 196.331 103.083 136.586 257.308 175.395 149.255 274.595  
648.728 560.701 714.102 624.386 781.448 625.619 566.917 615.978 531.745  
994.814 619.708 659.309 756.912 846.049 559.328 680.375 698.564 564.151  
293.35 333.515 407.162 367.206 419.926 363.506 206.298 381.345 341.486  
275.116 360.511 365.439 395.236 426.927 367.673 371.074 385.718 362.896  
532.753 146.882 270.337 284.883 375.673 116.155 264.616 281.182 113.712  
527.539 112.513 227.681 233.886 285.477 85.7916 124.579 247.111 66.4565  
342.134 550.005 515.796 425.696 398.978 498.244 398.445 389.919 468.052  
341.915 562.762 440.32 452.125 377.159 511.511 541.61 384.391 498.423  
87.018 126.067 85.5341 127.333 81.0577 85.6956 257.384 106.347 137.033  
51.9366 61.4118 75.2346 77.3181 66.6035 71.9648 74.111 47.7292 71.6656  
432.019 297.899 308.477 272.788 346.157 272.811 292.412 299.473 285.304  
463.574 288.549 277.149 278.476 354.21 271.116 287.964 290.167 278.995  
138.381 91.48 80.7487 86.1231 86.1483 78.8645 88.1402 88.4539 91.2949  
78.51 85.0287 82.603 82.2182 80.3925 92.6096 86.2828 81.7003 96.9188  
