0 0 17 14
0 7 17 14
0 14 17 14
0 22 17 14
8 0 17 14
8 7 17 14
8 14 17 14
8 22 17 14
16 0 17 14
16 7 17 14
16 14 17 14
16 22 17 14
25 0 17 14
25 7 17 14
25 14 17 14
25 22 17 14
33 0 17 14
33 7 17 14
33 14 17 14
33 22 17 14
42 0 17 14
42 7 17 14
42 14 17 14
42 22 17 14
50 0 17 14
50 7 17 14
50 14 17 14
50 22 17 14
59 0 17 14
59 7 17 14
59 14 17 14
59 22 17 14
67 0 17 14
67 7 17 14
67 14 17 14
67 22 17 14
0 0 17 14
0 7 17 14
0 14 17 14
0 22 17 14
8 0 17 14
8 7 17 14
8 14 17 14
8 22 17 14
16 0 17 14
16 7 17 14
16 14 17 14
16 22 17 14
25 0 17 14
25 7 17 14
25 14 17 14
25 22 17 14
33 0 17 14
33 7 17 14
33 14 17 14
33 22 17 14
42 0 17 14
42 7 17 14
42 14 17 14
42 22 17 14
50 0 17 14
50 7 17 14
50 14 17 14
50 22 17 14
59 0 17 14
59 7 17 14
59 14 17 14
59 22 17 14
67 0 17 14
67 7 17 14
67 14 17 14
67 22 17 14
0 0 17 14
0 7 17 14
0 14 17 14
0 22 17 14
8 0 17 14
8 7 17 14
8 14 17 14
8 22 17 14
16 0 17 14
16 7 17 14
16 14 17 14
16 22 17 14
25 0 17 14
25 7 17 14
25 14 17 14
25 22 17 14
33 0 17 14
33 7 17 14
33 14 17 14
33 22 17 14
42 0 17 14
42 7 17 14
42 14 17 14
42 22 17 14
50 0 17 14
50 7 17 14
50 14 17 14
50 22 17 14
59 0 17 14
59 7 17 14
59 14 17 14
59 22 17 14
67 0 17 14
67 7 17 14
67 14 17 14
67 22 17 14
0 0 17 14
0 7 17 14
0 14 17 14
0 22 17 14
8 0 17 14
8 7 17 14
8 14 17 14
8 22 17 14
16 0 17 14
16 7 17 14
16 14 17 14
16 22 17 14
25 0 17 14
25 7 17 14
25 14 17 14
25 22 17 14
33 0 17 14
33 7 17 14
33 14 17 14
33 22 17 14
42 0 17 14
42 7 17 14
42 14 17 14
42 22 17 14
50 0 17 14
50 7 17 14
50 14 17 14
50 22 17 14
59 0 17 14
59 7 17 14
59 14 17 14
59 22 17 14
67 0 17 14
67 7 17 14
67 14 17 14
67 22 17 14
0 0 17 14
0 7 17 14
0 14 17 14
0 22 17 14
8 0 17 14
8 7 17 14
8 14 17 14
8 22 17 14
16 0 17 14
16 7 17 14
16 14 17 14
16 22 17 14
25 0 17 14
25 7 17 14
25 14 17 14
25 22 17 14
33 0 17 14
33 7 17 14
33 14 17 14
33 22 17 14
42 0 17 14
42 7 17 14
42 14 17 14
42 22 17 14
50 0 17 14
50 7 17 14
50 14 17 14
50 22 17 14
59 0 17 14
59 7 17 14
59 14 17 14
59 22 17 14
67 0 17 14
67 7 17 14
67 14 17 14
67 22 17 14
0 0 17 14
0 7 17 14
0 14 17 14
0 22 17 14
8 0 17 14
8 7 17 14
8 14 17 14
8 22 17 14
16 0 17 14
16 7 17 14
16 14 17 14
16 22 17 14
25 0 17 14
25 7 17 14
25 14 17 14
25 22 17 14
33 0 17 14
33 7 17 14
33 14 17 14
33 22 17 14
42 0 17 14
42 7 17 14
42 14 17 14
42 22 17 14
50 0 17 14
50 7 17 14
50 14 17 14
50 22 17 14
59 0 17 14
59 7 17 14
59 14 17 14
59 22 17 14
67 0 17 14
67 7 17 14
67 14 17 14
67 22 17 14
0 0 17 14
0 7 17 14
0 14 17 14
0 22 17 14
8 0 17 14
8 7 17 14
8 14 17 14
8 22 17 14
16 0 17 14
16 7 17 14
16 14 17 14
16 22 17 14
25 0 17 14
25 7 17 14
25 14 17 14
25 22 17 14
33 0 17 14
33 7 17 14
33 14 17 14
33 22 17 14
42 0 17 14
42 7 17 14
42 14 17 14
42 22 17 14
50 0 17 14
50 7 17 14
50 14 17 14
50 22 17 14
59 0 17 14
59 7 17 14
59 14 17 14
59 22 17 14
67 0 17 14
67 7 17 14
67 14 17 14
67 22 17 14
0 0 17 14
0 7 17 14
0 14 17 14
0 22 17 14
8 0 17 14
8 7 17 14
8 14 17 14
8 22 17 14
16 0 17 14
16 7 17 14
16 14 17 14
16 22 17 14
25 0 17 14
25 7 17 14
25 14 17 14
25 22 17 14
33 0 17 14
33 7 17 14
33 14 17 14
33 22 17 14
42 0 17 14
42 7 17 14
42 14 17 14
42 22 17 14
50 0 17 14
50 7 17 14
50 14 17 14
50 22 17 14
59 0 17 14
59 7 17 14
59 14 17 14
59 22 17 14
67 0 17 14
67 7 17 14
67 14 17 14
67 22 17 14
0 0 17 14
0 7 17 14
0 14 17 14
0 22 17 14
8 0 17 14
8 7 17 14
8 14 17 14
8 22 17 14
16 0 17 14
16 7 17 14
16 14 17 14
16 22 17 14
25 0 17 14
25 7 17 14
25 14 17 14
25 22 17 14
33 0 17 14
33 7 17 14
33 14 17 14
33 22 17 14
42 0 17 14
42 7 17 14
42 14 17 14
42 22 17 14
50 0 17 14
50 7 17 14
50 14 17 14
50 22 17 14
59 0 17 14
59 7 17 14
59 14 17 14
59 22 17 14
67 0 17 14
67 7 17 14
67 14 17 14
67 22 17 14
0 0 17 14
0 7 17 14
0 14 17 14
0 22 17 14
8 0 17 14
8 7 17 14
8 14 17 14
8 22 17 14
16 0 17 14
16 7 17 14
16 14 17 14
16 22 17 14
25 0 17 14
25 7 17 14
25 14 17 14
25 22 17 14
33 0 17 14
33 7 17 14
33 14 17 14
33 22 17 14
42 0 17 14
42 7 17 14
42 14 17 14
42 22 17 14
50 0 17 14
50 7 17 14
50 14 17 14
50 22 17 14
59 0 17 14
59 7 17 14
59 14 17 14
59 22 17 14
67 0 17 14
67 7 17 14
67 14 17 14
67 22 17 14
