28787.4 2.55119e+008 
28911.7 2.78407e+008 
29142.9 2.74101e+008 
29738.8 3.08928e+008 
30757.7 3.56611e+008 
31892.4 4.39119e+008 
32821.2 4.75442e+008 
34288.1 5.15797e+008 
35845 5.43283e+008 
31836.1 2.57799e+008 
32031.5 2.61516e+008 
32584.6 2.59157e+008 
33238.2 3.15053e+008 
33850.9 3.59973e+008 
34698.9 4.22412e+008 
35386.1 4.27071e+008 
36665.2 4.63365e+008 
38296.5 5.15058e+008 
33908.3 2.2642e+008 
34240.3 2.26883e+008 
35041.7 2.42314e+008 
35903.3 2.95943e+008 
36612.9 3.54575e+008 
37075.4 4.09169e+008 
37459.6 3.99013e+008 
38986.9 4.41454e+008 
40813.1 5.09143e+008 
34931.2 1.97583e+008 
35348.7 1.99688e+008 
36274.3 2.28867e+008 
37039 2.71005e+008 
37796.5 3.28917e+008 
38349 3.74878e+008 
38885.3 3.77652e+008 
40636 4.24497e+008 
42482.1 5.01828e+008 
83.4847 591.724 
86.7379 509.666 
89.6979 408.844 
91.8673 317.781 
93.1973 241.024 
93.8217 205.895 
93.842 189.227 
93.4178 172.961 
92.818 166.158 
83.8101 540.873 
87.1793 451.121 
90.2699 341.614 
92.3876 262.976 
93.5686 205.124 
93.9626 178.518 
93.9457 162.525 
93.4174 148.429 
92.8082 146.4 
84.6091 489.559 
87.7889 405.826 
90.4875 310.285 
92.3554 238.057 
93.6208 187.068 
94.1006 165.703 
94.2129 144.218 
93.7773 131.696 
93.0532 127.55 
85.3313 441.818 
88.1455 378.947 
90.2272 308.834 
91.806 246.326 
93.2526 192.209 
93.9471 158.676 
94.341 128.503 
94.1472 110.756 
93.3081 108.257 
168.393 111.399 
169.632 108.563 
170.667 100.869 
171.438 93.596 
171.889 90.5387 
171.808 84.7852 
171.599 81.4515 
171.701 93.2702 
171.688 99.1759 
168.865 115.296 
170.02 106.464 
171.018 92.5699 
171.736 87.5726 
171.975 82.962 
171.98 77.9479 
171.886 76.014 
171.901 79.3403 
171.867 83.1931 
168.772 101.701 
169.865 93.2142 
171.077 88.1284 
171.872 84.6921 
172.013 81.4158 
172.015 75.949 
172.048 69.0862 
172.051 70.186 
171.948 75.1017 
168.728 88.4162 
169.921 88.864 
171.198 86.7677 
171.958 82.3456 
172.107 76.6423 
172.179 71.7616 
172.285 65.6178 
172.381 62.23 
172.44 67.0448 
187.765 84.839 
188.669 79.2644 
189.32 72.8078 
189.561 68.6813 
189.509 68.7671 
189.303 72.1294 
189.18 76.3588 
189.041 79.5875 
188.613 80.3319 
186.005 92.0537 
186.9 88.7837 
187.482 84.4816 
187.685 86.509 
187.529 89.822 
187.272 91.9212 
187.242 90.2791 
187.301 88.5032 
187.181 85.9681 
184.562 92.4907 
185.522 90.6293 
186.006 86.8219 
186.137 90.903 
185.963 95.675 
185.696 98.6181 
185.639 97.8108 
185.74 93.8608 
185.925 87.3942 
184.17 89.6178 
185.036 87.7519 
185.523 84.7469 
185.683 87.8936 
185.505 90.7345 
185.304 95.4065 
185.252 96.3215 
185.231 93.7328 
185.324 88.8099 
4879.72 4.10338e+007 
4837.79 4.23858e+007 
4864.16 4.09839e+007 
4913.69 4.0732e+007 
4995.22 4.19247e+007 
5172.52 4.04186e+007 
5360.63 4.30277e+007 
5252.97 4.29651e+007 
4936.11 3.72521e+007 
6052.21 4.74125e+007 
5978.82 4.79406e+007 
5978.17 4.67887e+007 
5928.76 4.67455e+007 
5913.22 4.4811e+007 
6029.43 4.60852e+007 
6000.05 4.67727e+007 
5659.64 4.12098e+007 
5378.18 3.52714e+007 
6676.53 4.81138e+007 
6599.66 4.75527e+007 
6598.2 4.8084e+007 
6553.84 4.7038e+007 
6549.44 4.83366e+007 
6419.07 4.89506e+007 
6172.58 4.38017e+007 
5808.79 3.93062e+007 
5645.46 3.79891e+007 
6959.48 4.71825e+007 
6945.44 4.98167e+007 
6912.35 4.89568e+007 
6786.6 5.24746e+007 
6715.77 5.28525e+007 
6481.53 4.86398e+007 
6277.39 4.99373e+007 
6024.22 4.64779e+007 
5872.48 4.07393e+007 
3817.6 1.53028e+007 
3793.73 1.6194e+007 
3674.13 1.34356e+007 
3624.27 1.20636e+007 
3748.75 1.40976e+007 
3905.85 1.4163e+007 
3922 1.43625e+007 
3936.54 1.48659e+007 
4065.33 1.56949e+007 
4719.88 2.00766e+007 
4763.51 2.2051e+007 
4632.68 1.66068e+007 
4514.81 1.67385e+007 
4525.38 1.86897e+007 
4528.32 1.79952e+007 
4475.17 1.9099e+007 
4412.54 1.83986e+007 
4489.55 1.82928e+007 
5157.92 1.89689e+007 
5238.76 1.73398e+007 
5233.38 1.76872e+007 
5134.64 1.97934e+007 
5040.93 1.95455e+007 
4906.25 1.96619e+007 
4826.35 1.8062e+007 
4853.82 1.99161e+007 
4974.26 2.09362e+007 
5204.18 1.64317e+007 
5226.18 1.74413e+007 
5314.32 2.00536e+007 
5249.11 1.99256e+007 
5150.28 1.942e+007 
5077.81 1.80625e+007 
5055.88 1.95376e+007 
5082.92 2.0124e+007 
5202.55 1.99188e+007 
4881.53 1.16188e+007 
4930.27 1.27961e+007 
4979.61 1.27987e+007 
5190.65 1.50113e+007 
5417.39 1.81944e+007 
5378.08 1.89184e+007 
5270.37 1.75664e+007 
5452.9 2.05862e+007 
5742.45 2.08611e+007 
5279.23 1.20825e+007 
5360.88 1.27655e+007 
5504.55 1.37373e+007 
5722.37 1.73082e+007 
5826.83 1.88134e+007 
5745.37 1.82088e+007 
5675.42 1.73884e+007 
5833.82 1.87904e+007 
6078.89 1.94573e+007 
5513.04 1.26235e+007 
5678.28 1.267e+007 
5845.99 1.42046e+007 
6028.81 1.60723e+007 
6100.6 1.74248e+007 
6073.1 1.73537e+007 
6073.08 1.70274e+007 
6269.41 1.81934e+007 
6489.66 1.834e+007 
5461.24 1.09604e+007 
5622.44 1.1696e+007 
5744.69 1.31257e+007 
5963.3 1.35164e+007 
6065.81 1.42198e+007 
6088.68 1.38137e+007 
6161.57 1.36764e+007 
6451.08 1.46836e+007 
6641.18 1.43622e+007 
7768.64 5.07529e+007 
7942.03 5.52298e+007 
8169.35 5.82391e+007 
8525.81 7.05399e+007 
8959.58 8.05258e+007 
9033.25 9.77368e+007 
9228.7 8.94239e+007 
10318.2 1.14194e+008 
11396.7 1.34684e+008 
7359.3 4.07063e+007 
7471.74 4.30914e+007 
7806.21 4.64637e+007 
8403.19 6.07652e+007 
8994.23 8.12726e+007 
9316.31 1.02922e+008 
9589.97 9.86142e+007 
10741.1 1.24283e+008 
11940.3 1.39266e+008 
7091.34 3.37617e+007 
7279.93 3.54981e+007 
7754.96 4.24331e+007 
8590.23 6.26764e+007 
9361.2 9.05875e+007 
9880.31 1.11076e+008 
10293.4 1.07003e+008 
11596.1 1.38084e+008 
12839.7 1.57088e+008 
6977.38 2.89886e+007 
7319.58 3.49268e+007 
8038.13 5.19991e+007 
8949.73 7.43208e+007 
9752.3 1.06544e+008 
10442 1.20532e+008 
11124.2 1.14997e+008 
12557.8 1.4724e+008 
13712.4 1.69798e+008 
3732.46 7.04253e+006 
3710.68 7.43556e+006 
3671.13 6.86343e+006 
3644.03 7.02038e+006 
3689.06 8.14784e+006 
4035.75 1.16375e+007 
4424.38 1.68207e+007 
4771.55 2.04231e+007 
5120.99 1.98886e+007 
4174.27 1.06352e+007 
4136.35 9.60793e+006 
4219.69 9.32828e+006 
4259.55 1.00112e+007 
4208.29 9.60741e+006 
4420.04 1.17243e+007 
4729.84 1.53296e+007 
5127.25 1.96741e+007 
5541.7 2.11448e+007 
4704.82 1.35757e+007 
4662.36 1.29241e+007 
4787.39 1.34772e+007 
4807.56 1.35795e+007 
4719.52 1.17664e+007 
4818.66 1.17305e+007 
5047.76 1.43321e+007 
5467.47 1.77839e+007 
5884.89 2.04162e+007 
5241.83 1.66202e+007 
5175.29 1.65952e+007 
5258.11 1.56644e+007 
5153.16 1.49042e+007 
5044.02 1.31531e+007 
5108.24 1.30206e+007 
5272.23 1.28001e+007 
5635.15 1.65214e+007 
6051.42 2.03779e+007 
3707.41 1.28974e+007 
3697.19 1.32655e+007 
3784.49 1.39036e+007 
3840.32 1.37991e+007 
3947.68 1.52303e+007 
4366.95 1.66611e+007 
4615.11 1.73042e+007 
4555.96 1.72385e+007 
4583.33 1.6259e+007 
4251.18 1.30312e+007 
4320.24 1.29479e+007 
4443.29 1.37735e+007 
4409.49 1.3653e+007 
4382.95 1.377e+007 
4659.44 1.42646e+007 
4915.64 1.51604e+007 
4890.78 1.57986e+007 
4867.89 1.41055e+007 
4764.63 1.35783e+007 
4781.31 1.32959e+007 
4821.8 1.3304e+007 
4788.24 1.33067e+007 
4841.23 1.39448e+007 
4978.06 1.42183e+007 
5046.51 1.44526e+007 
4991.27 1.43739e+007 
4979.18 1.38159e+007 
5087.03 1.24772e+007 
5059.75 1.31516e+007 
5006.72 1.34085e+007 
4937.15 1.42089e+007 
5068.32 1.53624e+007 
5150.71 1.53885e+007 
4994.06 1.40637e+007 
4884.8 1.31627e+007 
5002.05 1.32571e+007 
