43956.4 9.03128e+006 
42207.5 3.99196e+006 
40218.8 5.35011e+006 
43494.2 2.95478e+006 
37504.4 7.2035e+006 
43905.1 3.1339e+006 
45742.3 1.54398e+007 
27444 4.81454e+006 
22879.2 1.51297e+006 
41312 2.26284e+006 
35882.2 2.5095e+006 
31101.8 2.06222e+006 
39166.8 1.9128e+006 
39350.3 2.09499e+007 
46719.2 7.65422e+006 
45051.9 4.21303e+007 
21562.3 7.28169e+006 
24550.2 1.32379e+007 
49076.3 822711 
37773.1 6.95139e+006 
32805 3.45358e+006 
46162.2 2.14489e+006 
47167.1 2.597e+006 
46944.8 4.2206e+006 
45089.9 1.25243e+007 
28825.4 1.14031e+007 
25433.3 9.19514e+006 
38402.9 2.47327e+006 
39305.1 1.90594e+006 
46555.5 8.82989e+006 
61555.7 5.13158e+006 
63904.9 1.00639e+007 
52583.2 6.22986e+006 
47242.9 3.738e+006 
46471.3 2.67882e+006 
45781.1 5.0276e+006 
96.7781 7.45884 
83.2626 7.71055 
75.1963 2.5196 
77.9979 1.35943 
75.2084 0.625605 
72.666 2.28216 
77.8777 1.74333 
88.2305 15.9459 
98.4845 0.894774 
94.1907 8.70442 
80.6244 5.96964 
72.7615 0.345797 
75.813 0.785818 
74.8959 1.18244 
74.3756 2.09086 
80.5639 0.911605 
91.1371 16.2101 
98.9213 0.348619 
88.1314 8.39993 
79.3747 0.415052 
77.2611 0.108524 
78.1998 1.37144 
77.4757 1.99771 
75.6575 1.68448 
79.1735 2.09848 
90.1487 16.0249 
99.0173 1.25217 
97.4061 4.95566 
90.9284 5.36304 
84.7251 4.727 
83.5965 2.94067 
86.6562 2.40638 
81.3637 4.63642 
77.7088 0.403703 
84.0259 4.23025 
86.2416 0.163231 
170.912 0.381409 
171.701 1.02534 
167.961 1.61745 
163.517 2.02557 
157.206 1.76249 
170.11 40.0435 
189.17 3.60201 
182.16 21.8806 
172.017 0.256401 
170.45 0.0861421 
165.9 2.63983 
156.735 4.51099 
150.627 2.4583 
147.255 3.37278 
168.29 56.4371 
189.445 3.37052 
180.882 21.354 
172 0.256575 
168.676 0.421577 
161.333 3.74164 
151.727 2.15839 
148.05 0.664976 
146.322 1.84213 
165.125 34.6426 
183.435 3.25805 
177.562 11.0828 
171.249 0.260532 
165.887 0.517883 
160.268 1.85166 
155.734 0.656065 
157.1 1.25036 
157.629 2.80705 
173.687 21.7468 
185.873 3.14935 
178.312 5.55951 
175.091 0.113026 
194.68 0.295215 
192.729 0.43008 
190.916 0.699171 
187.478 0.359432 
189.404 0.418156 
191.63 0.292979 
191.38 0.179808 
192.827 0.108658 
193.63 0.151007 
194.859 0.622205 
188.41 1.85969 
184.368 1.00055 
184.661 0.546234 
189.226 0.172474 
190.791 0.174996 
190.814 0.65603 
193.435 0.0931196 
194.559 0.173613 
195.241 0.791405 
186.777 4.05738 
182.407 0.394573 
186.989 1.69879 
191.953 0.148587 
191.703 0.052219 
191.351 0.179322 
193.323 0.32489 
193.334 0.161714 
195.092 0.400136 
190.536 1.93237 
191.023 2.67983 
197.198 1.27158 
198.205 1.75634 
192.656 0.920702 
191.247 0.657111 
195.519 0.540101 
197.411 0.108254 
2469.95 283274 
6255.79 2.16795e+006 
11913.9 2.08578e+006 
10057.7 1.71721e+006 
3590.9 1.37286e+006 
2784.33 701725 
1916.51 258726 
954.842 32362.1 
1080.04 106101 
6070 93111.1 
4923.69 669875 
6040.59 707338 
5755.39 572784 
1967.05 162871 
2286.32 131691 
1713.35 418207 
292.592 13902.1 
324.502 9632.11 
11415.1 140992 
7694.11 3.59745e+006 
5315.31 336807 
11119 1.22835e+006 
14065.1 2.97126e+006 
8503.41 4.68156e+006 
3711.56 666188 
5069.85 2.18307e+006 
4834.85 7.32493e+006 
6413.33 108291 
9380.88 656690 
14725.6 1.88006e+006 
23425.7 5.39226e+006 
28235.2 5.86386e+006 
14955.9 9.94263e+006 
5672.67 1.60565e+006 
16274.5 4.77708e+006 
23112.6 3.03768e+006 
4741.29 935573 
9183.2 1.73164e+006 
10523.6 2.48908e+006 
7995.8 1.27682e+006 
5075.63 810424 
6381.73 734412 
4319.53 796749 
1415.48 109594 
1630.42 57741.6 
6328.06 285880 
6242.25 294770 
4452.32 1.10834e+006 
3850.27 657829 
3558.81 181974 
4026.98 321290 
2558.5 573303 
432.589 27938.5 
751.11 17015.8 
8644.07 98038.6 
7652.67 175978 
6456.02 436824 
7039.55 253824 
4383.4 652934 
3084.81 39344.4 
2459.64 171705 
1476.25 58934.1 
1435.2 41307.4 
4423.76 73890 
6871.72 337365 
7967.63 432742 
6382.45 350339 
3728.68 432457 
3153.29 111406 
3164.99 76215.9 
2614.79 111189 
2566.55 222905 
10477.4 1.05668e+006 
8642.68 196280 
5151.02 760507 
7790.43 613409 
10344.6 4.38285e+006 
13641 639525 
13150.4 4.16473e+006 
7028.86 300249 
3789.98 290700 
10640.6 690285 
9030.04 159677 
5348.83 436514 
5606.62 103487 
7524.03 2.70314e+006 
11742.7 1.49067e+006 
11630.9 2.90029e+006 
5600.68 450269 
3305.39 76871.3 
7241.71 312396 
6333.37 204717 
6126.43 182562 
6032.25 98658.8 
4645.26 397003 
7638.17 381920 
8805.58 407727 
3729.96 443271 
2113.68 74000.7 
4602.19 271573 
3651.47 201665 
4033.51 319053 
3424.59 162244 
2921.04 1.24827e+006 
8673.88 1.2539e+006 
9876.83 1.93994e+006 
3649.87 1.60428e+006 
1331.61 157101 
15156.4 1.14381e+006 
7704.7 3.44103e+006 
2668.24 230280 
5517.38 389637 
7750.93 1.28772e+006 
11766.8 1.41617e+006 
18925.5 2.31463e+006 
14153.2 1.41106e+006 
9214.19 709953 
10816.9 567434 
7280.92 252895 
3867.01 200682 
9598.79 1.08233e+006 
12959.1 1.92085e+006 
14194.9 2.8625e+006 
19185.9 2.83537e+006 
13030.6 2.663e+006 
10332.3 1.61586e+006 
7198.01 943149 
4011.71 365354 
3938.36 165980 
7621.07 467411 
8742.71 1.28438e+006 
11549.6 2.69022e+006 
14388.8 2.02971e+006 
7567.75 2.59557e+006 
5347.17 1.89566e+006 
6633.58 1.27777e+006 
2809.71 128878 
2770.19 100613 
1943.48 199214 
2842.32 4.18616e+006 
12332.9 2.3892e+006 
13302.4 5.69513e+006 
3729.42 2.26531e+006 
1309.46 185744 
7358.73 381737 
4878.58 1.94833e+006 
3688.13 184113 
6313.23 408155 
6740.2 623464 
6090.27 1.11515e+006 
5238.42 521804 
2807.42 256986 
5705.53 653628 
4501.83 131868 
4048.11 75917.5 
4475.85 127651 
7747.21 379734 
9196.51 1.47553e+006 
9541.48 471251 
6825.46 2.96427e+006 
1840.83 177591 
8773.31 4.57263e+006 
5553.1 86708 
4229.39 121097 
5015.86 140177 
5728.94 57954.8 
6362.47 1.34136e+006 
9318.5 771087 
8949.31 1.75539e+006 
4083.05 613187 
6912.53 2.88217e+006 
6662.53 481560 
6092.46 126891 
5031.16 258682 
3704.27 234968 
3515.38 260186 
4772.04 307501 
6663.53 304479 
4609.67 388697 
2274.77 133862 
3752.64 248617 
5542.55 391817 
6273.81 360523 
5819.74 118047 
4002.11 278294 
3240.93 101873 
2191.93 88851.7 
1084.23 32289.9 
1459.08 74211.1 
2954.63 67786.1 
4357.17 56002.3 
6917.21 277638 
6608.57 124734 
4144.88 289382 
4926.75 238158 
3137.82 1.09087e+006 
365.015 33270.2 
1063.54 80105.8 
9024.27 1.22354e+006 
7851.85 1.30738e+006 
5952.99 326745 
8621.33 1.03998e+006 
8968.23 1.46941e+006 
6850.25 430700 
6775.05 249670 
6898.52 876871 
4789.92 1.712e+006 
9667.52 2.04677e+006 
10498.8 171717 
12027.5 987829 
22675.2 2.32169e+006 
22662.2 5.81475e+006 
8695.21 4.30988e+006 
8562.54 2.01026e+006 
15593 4.9171e+006 
15186.1 2.44015e+006 
