43755.9 46176.7 47723.8 42437.5 45837.7 47092.7 45721.2 47206.6 48051  
41698.6 39573.3 40224 44685.4 43410.7 40062.4 43739.5 39907.4 40164.4  
36219.3 36458.1 40111.4 39865.2 37745 39210.8 37974.7 37429.8 39410.4  
41521.9 41711.9 40651.9 43313.6 42906.9 41070.5 43023.7 42445.3 41610.1  
32513.7 35233.6 40076.6 36038.5 36761.8 40935.9 34203.6 34959.3 39001.1  
44303.2 41951.3 41735.6 43995 41479.4 42722.3 43790.1 42253.9 40955.8  
50841.3 45717.1 39204.3 47540.2 44936.4 38406.3 48738.7 45460.8 40697.4  
25738.3 25158.6 26009.5 28326.5 27188.9 25633.5 27961.8 25653.2 27809.5  
22414.5 23344.6 21334.2 23655.5 23182.7 21853.3 22286.7 23193.2 22330.3  
40852.8 41712.5 42452.7 38977.9 41476.5 41915.4 41350 42108.2 42913.3  
34808.8 34039.5 34270.6 38429.9 35985.5 34441.5 36397.9 34493.4 34493.9  
28829.6 29503.4 30552.6 32147.4 30660.8 30548.9 30541.4 30088.8 30356.2  
37483.4 37929 37402.4 38525.7 38956.2 37118.5 38659.7 38983.6 38250.6  
33289.5 37126.4 45798.8 34000.9 37515.8 44426.6 33170.8 37629.1 43956.9  
43332.9 41328.3 48323.1 45660.9 42995.3 48699.3 46148.7 43359.3 44582.6  
49974.5 43145 33970.8 50352.5 43124.4 33401.5 51469.4 43491.4 36629.3  
22787.7 21785.4 16618.6 22269.7 21688.7 17139.9 22579.1 21425.4 21208.3  
22129.3 26052.8 29516.3 24089.6 27925.2 29512.7 20421.1 25310.6 29214.2  
49786.2 49924.1 48815.8 48566.7 50027.5 50080.5 50141.7 49936.9 49520.3  
40067.5 38394.2 33168.8 41742.3 39999.9 36561.3 38434.9 37567.5 34078.3  
32185.3 34160.9 34474 29966.5 32412 35429.9 29755.3 33034.7 33324.8  
47178.9 48010.8 45640.7 43794.6 46882.6 46779.6 44314.1 46674.1 45778.1  
48140 48099.3 47175.2 44978.7 48189.1 49032.1 44180.9 46984.4 46357.3  
46569.5 43686.9 46496.8 46173.3 44270.5 47762.1 46486.2 44995.1 43142.7  
47497.2 44383.1 38323 47178.4 43892.9 38753.8 47693.6 44200.2 40360.6  
32444.2 33219.5 21681 28035.9 31005.3 25367.6 28207.1 30341.7 26381.9  
28203.8 30430.3 25203.3 23784.2 28019.8 26965.1 20194.9 26167.4 25466.6  
36159.1 36239.7 38848.5 37397.5 37462.7 38515.3 39228.5 38522.5 39840.8  
36433 37388.9 40002.1 38452.7 38224.5 39384.5 39273.3 39838.7 40958.7  
41779 44839.2 50141.2 42784.5 44586.1 49548.9 44138.8 47426.5 49352.6  
59108.3 61846.2 62568.9 58647.2 62541.5 65323.7 57774.3 62308.6 59859  
68199.1 66817.6 61659.7 64072.3 66928.8 67171.4 61223.2 63528.6 59675.4  
56521.1 53039.2 49543.1 53889.5 52559.1 51242.8 54239.2 51709.4 48887.5  
48578.1 47597.3 43373 48778.4 48245.2 43864.5 48756.7 48422.5 45154.8  
46132.1 47936.2 46708.5 46251.6 48752.4 47862.1 44913.4 48538.1 48721.8  
48540.7 49211.2 42071.9 45395.8 47446.2 44870.1 43787.6 46632.3 42647  
99.7643 97.3663 91.1092 97.0318 96.6459 92.9363 97.002 96.1149 92.2598  
84.5644 81.3501 78.6308 85.087 82.634 79.6317 82.8144 80.9515 79.2017  
72.5652 72.6914 76.1549 76.0299 74.9355 75.67 75.0001 73.9483 75.704  
77.0708 76.5585 77.2135 79.7696 78.146 76.9889 79.0325 77.3783 77.5669  
74.5263 74.226 74.4272 76.2393 74.9546 75.0983 75.1678 74.2285 74.3427  
72.0441 71.3878 70.1489 71.7878 70.9727 70.3529 72.0552 71.7211 70.681  
76.8691 78.4972 79.092 76.4989 78.5015 79.8368 75.8359 78.0831 78.7523  
86.2962 90.4478 95.5268 85.8458 90.0321 96.0833 84.2473 88.3482 92.01  
98.1856 98.8863 99.4766 98.0966 98.8771 99.487 97.6468 98.5534 99.3283  
95.4511 92.1537 90.7014 99.4711 95.9249 91.3761 97.9355 93.514 92.0716  
81.5074 79.4047 77.1225 85.4411 81.8782 78.8982 82.9935 79.8248 78.3195  
72.9698 73.5056 73.7429 72.7259 72.6966 73.7743 72.1663 72.9217 73.4217  
77.0842 76.132 74.8627 76.9988 76.5782 74.9754 77.2455 76.2454 75.2782  
73.8913 74.4753 76.5535 74.0989 74.5937 76.3571 74.156 74.5147 75.787  
73.2379 72.4547 72.7103 73.0554 72.4028 72.7252 73.8179 73.1783 72.4679  
79.3618 80.6645 81.1937 79.6895 81.3091 82.1974 79.1256 80.5869 81.0001  
89.1937 93.5236 98.1933 88.9163 93.4082 98.6662 87.1214 91.4633 95.338  
98.8413 98.7777 98.9456 98.6339 98.9119 99.1112 98.904 98.7384 98.8361  
91.0897 88.2936 83.5305 92.7889 90.0385 85.9977 90.6004 87.8238 84.8583  
80.3654 79.5983 78.2768 80.0994 79.7682 79.2147 79.3226 79.024 78.5113  
77.3106 77.1543 77.4547 77.0096 77.0917 77.4645 76.8931 77.221 77.3917  
79.599 79.081 76.3763 78.9936 79.0602 77.5435 79.0482 78.7049 76.8686  
78.987 79.7296 77.3139 75.687 77.9607 78.713 75.853 78.0717 76.964  
76.8596 75.3453 73.7256 74.7491 74.4521 74.2385 75.3433 75.1505 73.3004  
77.4551 78.3384 81.6813 78.8641 79.6624 81.7251 78.1594 78.929 80.9789  
86.6303 90.5021 97.5379 89.3 92.3881 96.9198 87.4488 90.3974 95.1963  
98.1263 98.38 99.6369 99.4106 99.3704 99.6468 99.8715 99.4179 99.6107  
100.86 100.429 94.451 98.6899 99.0858 97.8778 97.0932 97.9408 94.5844  
94.896 93.8534 88.3362 91.3517 92.5293 91.1546 89.3955 90.6415 87.5726  
88.1575 86.5851 82.1651 85.4893 85.6088 83.9556 83.263 83.4499 80.834  
85.5118 85.4138 82.3484 82.2751 83.9001 84.0293 81.0048 82.134 81.2797  
87.7334 88.9768 85.7971 84.0875 86.8505 86.7958 84.4332 86.7553 86.3909  
82.2893 79.9097 78.0583 81.4465 79.6351 78.2439 82.9698 80.6032 78.5803  
77.641 77.0384 78.2062 77.8418 77.526 78.6385 77.3349 76.8019 77.2898  
84.1345 86.429 86.8194 83.7008 86.0448 86.9069 81.6835 84.287 85.5707  
86.2889 86.1104 86.6626 86.4167 86.1052 86.2965 86.335 85.5974 86.6311  
170.511 170.99 172.263 170.863 171.054 171.806 170.966 171.23 172.053  
172.065 171.832 172.316 173.315 172.995 172.329 173.531 172.66 172.764  
168.096 167.033 168.008 170.698 168.777 167.454 170.147 168.184 168.449  
163.168 162.071 162.635 166.255 163.93 162.039 165.73 163.42 163.372  
155.943 154.997 157.994 159.373 157.228 157.88 158.526 156.188 157.76  
166.001 172.772 182.177 166.346 172.467 182.253 164.047 169.839 177.188  
190.334 192.119 191.125 187.448 189.893 190.31 188.9 191.47 190.969  
186.456 180.92 173.373 185.034 180.366 173.261 187.28 183.22 177.625  
171.957 171.91 171.987 171.908 171.944 172.149 171.96 171.935 171.858  
170.639 170.726 170.422 170.438 170.666 170.541 170.631 170.803 170.665  
166.875 165.302 164.601 169.121 167.513 165.37 168.25 166.147 165.384  
157.331 155.281 155.105 161.506 158.403 155.609 159.733 156.508 155.94  
150.255 149.155 149.52 154.057 151.388 149.454 152.646 150.247 150.206  
144.942 145.084 150.493 148.096 146.789 149.972 147.059 146.02 149.247  
162.382 170.182 182.191 163.857 171.075 181.522 161.003 168.008 177.467  
188.254 190.326 192.043 189.353 190.613 190.605 190.116 191.302 192.115  
183.944 178.51 172.828 184.756 178.897 172.664 186.811 181.482 176.356  
171.819 171.955 172.228 172.007 172.021 172.258 171.823 172.004 172.138  
168.911 168.528 167.964 169.507 169.086 168.072 169.621 168.93 168.515  
162.732 160.958 158.839 164.985 162.552 159.97 163.589 161.329 159.791  
153.155 151.701 149.661 154.361 152.404 150.329 153.389 151.651 150.251  
149.244 148.774 146.64 148.579 148.41 147.331 148.487 148.257 147.078  
146.478 146.341 148.782 145.132 145.671 149.193 145.001 145.583 147.343  
162.212 168.021 175.317 161.104 167.645 175.125 158.951 165.493 171.941  
182.686 185.194 185.413 182.46 184.571 184.577 182.959 185.182 185.539  
179.772 176.072 171.843 179.544 175.629 171.968 181.163 177.551 173.867  
171.276 171.217 171.295 171.183 171.116 171.245 170.963 171.079 171.226  
166.436 165.886 164.805 166.916 166.37 165.233 166.75 165.921 165.197  
161.777 160.689 158.268 162.422 161.186 159.524 161.056 159.954 158.468  
156.979 156.838 155.315 155.807 156.026 156.085 154.921 155.336 154.575  
158.604 158.925 156.648 156.259 157.603 157.819 155.778 157.193 155.936  
159.652 159.296 158.936 156.42 157.691 160.507 155.519 156.951 156.71  
174.882 178.824 180.059 171.276 177.14 181.245 168.404 175.121 177.444  
187.047 188.786 186.897 185.051 187.466 186.663 184.96 187.748 187.101  
178.853 176.242 174.957 178.977 176.343 174.93 180.581 177.638 175.942  
175.043 175.075 174.91 175.036 175.061 174.949 174.988 175.315 174.953  
194.636 194.458 193.647 195.408 194.723 194.157 194.973 194.57 194.089  
192.498 192.483 191.93 192.464 192.455 192.228 192.673 192.6 192.139  
191.263 190.329 189.931 191.345 190.814 189.907 191.442 190.566 190.205  
187.135 186.682 187.397 188.555 187.865 187.543 188.158 187.164 187.394  
188.481 189.076 190.593 189.209 189.487 190.155 189.198 189.45 190.353  
191.227 191.459 192.483 192.113 191.994 192.45 191.974 191.693 192.142  
190.975 191.362 191.974 191.534 191.623 192.134 191.301 191.38 191.78  
193.216 193.28 192.349 192.514 192.926 192.423 192.588 193.038 192.755  
194.102 194.069 193.884 193.477 193.801 194.244 193.545 193.888 193.609  
195.434 195.011 193.276 195.633 195.347 194.211 195.486 195.109 194.03  
188.429 187.08 186.961 190.961 189.052 187.37 189.581 187.784 187.426  
183.348 182.707 183.964 185.836 184.104 183.581 185.046 183.434 183.898  
183.612 184.486 185.535 183.764 184.147 185.551 183.545 184.24 184.995  
189.265 189.757 189.161 188.4 189.184 189.258 188.606 189.444 189.24  
191.071 191.364 191.406 190.895 191.259 191.424 190.837 191.101 191.254  
190.526 191.031 192.417 190.663 191.078 192.355 190.436 190.979 191.894  
193.568 193.399 193.209 193.719 193.523 193.057 193.686 193.61 193.441  
194.513 194.796 195.023 194.868 194.846 194.965 194.425 194.846 194.994  
196.14 195.615 193.794 196.08 195.806 194.428 196.236 195.655 194.499  
188.607 186.682 183.841 190.463 188.024 185.231 188.42 186.518 184.565  
182.628 182.987 182.968 181.77 182.045 183.011 181.615 182.174 182.429  
186.405 187.617 188.421 184.626 186.351 188.453 184.905 186.77 187.673  
191.732 192.075 191.513 191.245 191.791 191.473 191.374 191.935 191.73  
191.307 191.397 191.815 191.701 191.653 191.591 191.738 191.534 191.869  
191.13 191.403 192.069 191.329 191.513 192.339 191.168 191.359 191.736  
194.35 194.288 192.666 193.252 193.343 192.992 193.237 193.5 192.794  
193.706 193.76 193.513 193.359 193.333 193.278 192.794 193.198 193.482  
196.103 195.59 194.22 195.688 195.652 194.607 195.807 195.322 194.458  
192.373 191.457 188.502 192.286 191.403 190.065 190.704 190.182 188.374  
191.469 192.774 192.761 188.518 190.832 193.105 188.531 191.169 191.673  
197.598 198.529 198.411 195.53 197.403 198.596 195.762 197.954 197.74  
200.018 199.406 196.056 199.175 199.247 196.819 198.348 198.756 195.972  
193.961 193.245 191.149 192.862 192.725 191.653 192.128 192.249 190.894  
190.869 191.046 192.586 190.82 191.299 193.08 190.304 190.785 191.983  
195.225 195.852 196.843 195.175 195.79 196.844 195.181 195.707 196.482  
197.835 197.841 197.15 197.473 197.524 197.291 197.455 197.602 197.052  
2301.71 2360.77 2606.28 2437.92 2400.96 2330.71 2483.22 2386.78 2550.61  
4647.92 5161.81 7532.62 4046.24 5000.39 6764.69 5091.03 5309.41 6360.31  
9993.71 10070.3 12649.6 9778.32 9979.56 11913.4 10159.4 10390.7 12126.5  
9346.11 8880.47 7859.68 11007 9890.93 8424.24 10794.1 9783.13 8771.8  
2085.29 1958.34 2943.21 5370.45 4305.06 3287.35 4596.99 2860.31 2877.03  
1956.81 2031.98 2409.14 3442.51 2709.96 2312.18 2863.32 2246.18 2705.04  
1944.06 1869.41 1423.13 1895.28 1751.43 1306.12 2011.25 1899.09 2005.37  
818.267 869.153 1066.9 1163.5 957.562 1018.95 967.438 926.362 992.794  
1002.27 996.421 616.513 1456.66 1188.12 608.296 1306.67 1146.56 675.536  
6454.74 6434.74 6379.65 6131.11 5956.37 6013.72 6504.57 6384.62 6509.47  
5492.69 4316.94 3718.25 6266.05 5430.49 4250.65 5821.94 4346.41 3905.5  
4268.51 4508.95 6532.68 5515.97 5683.99 6102.83 5658.23 5645.83 6298.19  
4955.49 4792.48 4753.58 6414.93 5663.7 4894.15 6174.01 5827.06 5276.27  
1908.11 1584.88 2241.21 2262.22 1539.51 2316.9 1819.4 1363.84 1773.29  
2067.75 2221.15 1916.42 1936.71 1978.37 1895.11 1969.86 2041.98 2036.77  
1966.45 1978.03 464.102 1769.71 1786.19 503.042 1844.44 1891.91 1110.72  
448.433 342.252 213.057 227.519 232.126 265.284 243.556 337.032 202.478  
307.462 299.07 258.325 289.298 295.1 280.347 263.486 252.657 284.616  
11874.6 12123.8 11405.1 11410.2 11433.4 11567.9 11748.6 12007.3 11565.8  
9578.09 7504.83 4658.52 10688.8 9165.5 6666.42 9143.33 7278.82 5072.43  
5060.42 5161.8 6171.33 4274.12 4977.43 5605.45 4379.36 4925.5 5327.96  
10300.2 11888.3 11936.4 9308.83 11325.3 12645.4 9547.24 11531.5 11872.3  
15276.8 16160.9 12000.9 12620.9 15002.7 14358 12826.8 15286.3 12761.3  
10636.3 8925.37 4607.62 8206.95 8374.42 6071.15 8491.23 8546.31 5385.5  
4111.46 3298.27 3150.26 3505.84 3305.68 3785.9 3432.21 3162.55 2988.39  
6311.98 7675.93 3978.94 3616.5 6161.84 6531.04 3434.79 5869.72 3763.45  
8534.9 8441.94 1509.38 2269.33 4658.28 3800.8 2533.91 5029.1 1814.49  
6298.75 6626.88 6384.34 6041.8 6064.99 6232.01 6566.29 6887.67 6633.57  
8408.83 9137.39 10346.1 8414.11 8864.17 10427.9 8312.98 9337.67 9887.46  
13440.3 14328.3 16237.3 12206 14093.3 15874 12801.2 14477.6 14527.5  
23088.5 24889.9 23775 20501.8 24642 26866.7 18937.2 23117.5 20164.2  
31204.2 31291 24720.3 27368.8 30339 28137.5 25036.5 29092 24221.2  
18341 14923.7 9406.08 16948.1 14924.3 9655.05 17177.8 15376 11930.6  
4606.85 4589.84 7594.95 5104.79 5158.92 8288.26 4845.64 4841.77 6671.03  
14639.3 17210.4 19392.9 15252.1 17211.9 20097.3 14423.4 17161.5 18211.7  
24738.9 25194.1 19666.4 22170.4 23622.9 21583.8 22412.8 23580.1 20888.6  
4459.26 4546.01 6194.93 4449.83 4479.99 5451.53 4792.36 4657.79 5911.33  
6511.41 8756.69 9453.73 7259.39 7955.73 9501.14 7611.08 9078.8 10169.9  
7951.01 8016.22 9400.14 9755.94 9111.41 9105.62 9280.27 8910.09 9294.55  
7866.88 6017.56 6591.44 8799.54 7557.67 6739.74 8575.7 6624.78 6826.53  
3890.71 3727.88 5268.26 6106.86 4843.97 5506.12 5053.82 3930.12 4739.47  
5293.05 5244.08 5541.83 7046.92 5979.89 5321.66 6525.21 5720.7 6019.96  
4452.23 4458.41 2972.91 4398.9 4120.68 2844.61 4523.33 4502.57 3645.12  
1503.84 1384.2 1298.91 1658.14 1274.96 1236.28 1521.91 1426.53 1292.21  
1662.42 1538.19 1372.36 1829.41 1569.77 1264.32 1757.32 1615.05 1670.76  
5834.42 6192.16 7081.66 5787.18 5627.95 6703.77 5968.45 6131.7 7027.55  
5549.24 5629.01 6090.68 6953.67 5979.83 5922.3 6049.96 5689.43 6243.16  
3385.11 3028.06 4028.7 5302.29 4097.49 3648.37 4139.45 2971.79 3741.07  
3487.93 2868.04 3254.53 4792.01 3619.21 3262.23 3883.16 2714.63 3305.92  
3280.06 3411.91 3785.2 3692.71 3404.2 4122.93 3435.52 3438.3 3371.4  
3152.84 3387.6 3538.7 4305.24 4071.72 3671.31 4049.59 3759.76 3788.19  
2457.76 2304.75 1315.3 3132.57 2780.69 1471.9 2879.15 2538.44 2169.06  
649.255 339.77 334.791 436.31 299.414 445.283 441.074 421.837 248.831  
635.353 908.607 822.199 742.693 916.084 931.493 674.049 749.381 840.356  
8724.92 8977.27 8831.22 8053.06 8572.71 9137.28 8389.77 8865.53 8941.73  
8022.87 7939.93 6784.14 8212.63 7707.09 8204.87 7614.86 7673.07 7850.64  
6426.22 6554.6 7537.83 5554.05 6186.85 7612.68 5687.68 6176.84 7154.18  
7952.6 7459.52 6804.6 7557.91 7543.29 6621.87 7639.97 7396.26 6837.84  
4982.93 4814.94 3238.99 5577.79 5116.8 3607.01 5289.63 4985.35 3361.94  
3053.01 3184.98 2952.7 2932.61 3232.58 3248.32 2992.02 3260.76 2911.24  
3092.52 2733.52 1784.74 2546.88 2469.42 2025.22 2616.99 2483.09 2039.42  
1796.34 1743.72 1179.79 1470.21 1442.92 1273.26 1385.14 1464.08 1248.14  
1486.1 1836.87 1159.09 1270.24 1617.4 1502.94 1267.18 1458.47 1365.03  
4524.8 4503.29 4525.59 4283.94 4506.59 4682.28 4716.16 4744.43 4838.7  
6627.49 6969.83 6672.02 5895.94 6841.31 7759.37 6929.31 7370.84 7960.67  
7266.22 7656.15 8740 7086.26 7550.53 8875.16 7442.03 7924.34 9024.36  
6744.22 6391.58 5652.45 7443.14 6373.78 5536.43 7123.87 6666.22 6028.58  
3872.68 3729.12 2700.85 4452.98 4086.83 2577.74 4465.54 4086.44 2999.58  
2680.96 2631.39 3616.51 3057.63 2853.56 3492.18 3249.63 3061.91 3205.04  
3135.53 2759.73 3139.71 3316.07 2716.93 2949.38 3444.87 2921.87 2928.05  
2661.4 3007.19 1945.44 2715.66 2766.54 1998.81 2503.22 2827.06 2562.81  
2215.65 2852.57 2803.35 2233.2 3187.14 3648.43 2121.93 2383.46 2442.31  
9672.93 11199.6 11499.5 8962.22 10659.2 11479.8 10302.9 11403.6 11706.3  
8268.77 8257.52 8468.72 8697.41 8613.98 8581.84 8835.53 8402.72 8914.95  
5361.71 4348.48 4731.96 7018.74 5506.25 4536.92 6134.06 4515.43 4573.68  
6947.77 7900.91 9064.4 7303.15 8135.55 8479.87 7425.15 8165.21 9008.06  
7949.06 10110 13631.5 8145.83 9834.79 12861.1 8228.11 10301 13286  
13504.6 12551.4 13216.6 13345 12313.8 13115.1 14063 13197.7 12546.9  
15435.8 13035.4 9988.29 14668.3 12757.3 10063.5 15310.9 13015.8 10376.9  
6989.15 6796.59 6492.54 7475.71 7235.51 6279.78 7439.52 6620.46 7361.59  
3653.98 3371.5 3441.15 4254.75 3495.49 3044.12 4166.87 3649.47 3748.38  
10023.9 10561 11159.9 8885.88 10192.8 10871.5 9941.46 10860.4 11179.3  
8440.28 8721.53 9016.18 8721.69 8639.86 8711.61 8575.88 8692.01 9042.54  
5652.07 5465.42 4718.2 6472.41 5469.79 5111.57 5841.04 5102.67 4972.01  
5530.41 5281.93 5367.17 5909.15 5743.23 5425.79 5666.47 5339.92 5492.17  
5039.43 6483.15 9244.16 5923.36 7581.55 8928.53 5442.1 7101.27 9088.64  
9830.23 9442.89 13079.8 11998 11213 13048.2 11737.9 10612.6 11835  
12184.5 10442 9826.7 14173.5 11374.5 9464.02 14062.1 10918.8 10028.6  
5739.45 5701.27 4462.72 6164.17 5891.13 4510.88 6134.49 5731.15 5757.72  
3089.11 3094.49 3592.47 3215.54 3595.63 3679.84 3408.23 3154.26 3607.42  
6897.77 6226.94 7220.89 7064.2 6815.11 6608.31 7284.87 6351.9 7034.91  
5581.14 5720.64 6835.6 6269.09 5894.07 5926.78 6047.63 5880.31 6485.6  
5546.98 6597.95 6129.4 5804.82 6084.44 6687.87 5580.83 6601.77 6579.29  
6056.37 5866.58 5468.74 6223.44 6053.41 5517.31 6198.75 5856.57 5714.63  
4675.66 3565.5 4985.74 5026.17 4280.03 4724.83 4870.7 3612.25 4296.23  
7403.17 7013.14 8787.37 7996.09 7258.48 8624.68 7890.07 7431.73 8098.03  
8969.15 8966.6 7707.46 9269.3 8963.55 7354.45 9449.67 9179.28 8433.17  
3752.52 3741.14 2579.87 3840.73 3798.58 2614.64 4050.55 3777.4 3414.25  
1898.55 2113.98 2402.23 1945.38 2442.84 2501.87 1956.19 1848.01 2406.87  
4602.57 3634.41 4278.46 5091.28 4629.01 3998.54 4875.67 3774.48 4277.19  
2981.54 2772.58 3444.49 3945.15 3385.5 3049.08 3859.71 3306.08 3478.01  
2785.53 3756.33 4093.6 3338.84 3557.56 4107.59 3572.64 4377.65 4679.75  
2973.97 2864.38 3323.83 3716.11 3215.83 2980.79 3966.44 3306.86 3765.45  
2087.54 1279.81 4934.67 3200.71 2297.95 4542.96 3132.65 1700.25 3960.01  
7611.41 8308.27 10478.9 7962.28 8415.55 10887.4 8189.63 8293.82 9629.32  
10913.4 10663 7094.97 10183.3 10167.4 7219.06 10417.3 10279.9 7940.08  
4621.83 3808.87 1178.22 4041.16 3660.4 1173.69 3905 3843.99 2300.46  
975.692 1201.12 1803.73 1229.62 1447.47 2061.77 1029.86 1221.18 1594.05  
15533.3 16009.2 15113.2 14492 16673 15909.8 15983.5 16661 15580.8  
9204.68 7307.41 5361.77 10809.7 9414.98 6162.49 9286.1 6884.41 5627.87  
2734.71 2688.54 2433.48 3985.8 2640.81 2482.24 2829.66 2692.6 2545.12  
5163.56 6179.31 5774.54 4700.8 5515.47 5733.71 4807.54 5709.91 5639.72  
7532.31 9531.9 8414.73 5882.9 7935.73 8622.01 5973.07 8311.57 8370.24  
13001.3 12225.2 13225.7 11284.1 11404 13709 11750 11710.4 11588.7  
20903.8 18416.8 18456.3 19785.9 18420.8 18005.3 20233.2 18479.1 18251.7  
13159.8 13045.4 13101.7 13786.3 14020 13018 13810.5 13316.4 14485.9  
8421.22 8979.43 9181.57 8411.15 9520.22 9759.51 8459.01 9200.51 9194.98  
11435.8 11220.3 9936.87 9927.55 11700.7 10281.3 11443.1 11473.1 10424.6  
7243.78 7494.23 7159.41 7339.34 7299.94 6898.07 7325.08 7433.42 7169.32  
3937.61 4356.75 3521.98 4726.07 3581.16 3758.77 3551.91 4006.3 3462.63  
9135.13 10099.2 9811.11 7950.76 9570.04 9514.98 8595.01 10062.1 9830.64  
11313 13289.8 14770.3 10479.9 12897.6 13991.1 11032 13405.5 14687  
14016 12512.8 17402 14094 12495.8 17292.7 14705.2 12906.2 13788.7  
20906.4 18027.2 17393.6 20732.8 17959.4 16662.4 21481.8 18322.2 17583.5  
12989.7 12959.2 9940.43 13298.9 13330.6 10003 13202 12950.9 13415.9  
9328.98 10163.9 12236.3 9634.21 11133.3 12079.8 9171.95 10156.8 11813.2  
7123.25 5899.79 6958.09 8980.93 7905.91 6621.31 8881.39 6907.02 7355.75  
2739.95 3365.21 4865.46 4460.75 4184.26 3898.27 4358.45 4150.56 4679.84  
3114.21 3975.62 4505.67 3686.12 3638.77 4008.63 3470.39 3984.65 4315.56  
6943.3 6901.87 7727.48 7563.67 7425.28 7010.65 7710.01 7362.99 7891.92  
6978.87 7093.99 10344.2 8624.44 8310.32 9307.13 8646.12 8068.79 9731.44  
10055.8 9209.17 14431.2 11799.5 9741.07 13426.2 11984.8 9958.62 11509.2  
14081.5 13023.1 12699.3 15349.8 13054.2 11466.4 15836.9 13444 13615.7  
7044.83 7021.5 4996.02 8441.56 7657.56 4383.78 8403.16 7441.84 8057.38  
3572.92 4360.32 7819.84 6065.63 6087.38 6715.93 4813.25 5048.4 7421.33  
6875.96 5683.84 4404.17 8126.63 6893.36 5556.32 7263.08 5920.54 4835.88  
2480.88 2523.46 2732.67 2777.58 2993.7 2479.86 2824.63 2797.48 2784.78  
2144.49 2669.59 2806.21 2534.56 2817.16 2791.87 2739.4 3289.83 3189.08  
1654.2 1259.27 1909.64 2610.87 1722.4 1581.52 2750.21 1807.23 2105.79  
1222.52 1264.37 6834.85 1971.55 1856.77 7139.63 1884.13 1394.13 4451.29  
10841.7 12695.6 14062.5 10500.9 12620.3 14978.1 10330.9 11771 12321.9  
14921.7 14333.7 8486.1 13975.2 13831.6 8241.87 13965.7 13776.9 10377.9  
4928.37 2986.04 1214.41 4779.64 3122.34 755.544 4618.6 3714.65 2881.44  
684.625 1178.21 1857.38 1511.34 1415.23 1410.29 969.05 1215.63 1950.09  
7936.75 7980.6 8017.24 8201.95 7845.08 7848.63 8086.11 8059.19 8004.49  
6504.26 4060.47 3798.12 7934.77 6301.55 3725.65 6483.03 4134.11 3877.46  
3633.07 4293.71 3687.56 3454.62 3917.91 4081.19 3261.58 4075.95 3881.97  
6167.59 6625.68 6247.7 5514.92 5886.48 6390.65 5327.65 6133.23 5969.79  
7334.74 6940.39 6238.14 6208.61 6178.13 6832.15 6316.48 6218.15 6199.62  
7369.69 6876.59 4517.76 5493.7 5915.04 5313.75 5523.06 6034.44 5058.1  
5839.69 5634.1 4464.91 4699.33 5320.41 4445.35 4480.75 5206.95 4278.44  
2265.94 2005.58 3013.99 2991.83 2661.01 3091.21 2954.26 2326.77 2738.84  
6241.5 6955.39 5627.08 5811.35 6208.33 6093.2 4976.5 5991.43 5880.44  
4537.34 4208.04 4601.99 5137.33 5083.5 4748.88 4733.41 4202.53 4495.39  
3780.51 3718.06 3710.44 4465.61 4342.15 3859.12 4086.92 4117.79 3769.54  
4642.86 4807.48 4122.23 3877.65 4548.81 4475.66 4360.27 4623.03 4296.8  
7656.56 8157.66 7938.09 6704.22 7522.87 7724.02 7192.39 7793.11 7828.53  
8034.11 9081.98 11009.8 7595.5 8534.91 10376.1 7698.61 9027.25 10616.4  
9609.65 8920.4 8296 9053.68 8659.73 8600.83 9274.7 9320.29 8690.05  
8698.87 7079.91 3760.43 7246.97 6238.75 4006.33 7658.63 6706.85 4114.65  
2367.01 2124.84 1461.77 1742.12 1690.76 1660.8 1996.53 1657 1387.71  
8201.52 10417.2 11317 9087.89 10653.1 11164.7 6302.2 9838.59 11346.2  
6053.08 5593.46 5116.52 5662.71 5989 5546.87 5762.33 5451.32 5347.65  
4492.94 4803.94 3882.89 3953.34 4350.71 3973.46 3960.18 4372.92 3841.92  
4989.55 5346.63 4748.65 4577.47 5175.63 5421.91 4788.82 5289.6 4756.81  
5610.4 5313.5 5576.21 5600.86 5983.14 5898.3 5610.86 5879.96 5548.85  
4773.04 5516.24 8055.42 5433.82 6539.99 7699.74 5037.27 6297.71 7641.16  
8183.85 8169.46 10093.5 8952.61 8685.38 10220.4 8824.23 8877.92 9272.59  
10344.8 9226.58 6850.33 9905.51 8698.88 6791.39 10044.4 8824.07 7230.52  
5082.03 4796.55 2818.28 4445.85 4379.01 2747.9 4758.73 4346.88 3882.38  
5823.38 7312.97 9409.78 8112.51 8444.5 8915.02 5390.6 7458.95 9266.37  
5541.65 5605.8 7453.27 6281.94 6165.9 7064.35 6722.7 6275.38 7479.5  
5811.83 5779.78 5877.98 6254.36 6081.73 5573.72 6568.2 6364.85 6120.65  
4764.96 4971.69 3952.76 5475.46 5163.23 4363.58 5677.73 5519.08 4824.37  
3099.29 2780.46 3459.9 3685.95 3128.91 3163.57 3905.2 3212.36 3574.83  
3219.54 3497.96 3559.79 3385.88 3400.62 3534.67 2994.97 2854.95 3342.67  
4471.17 4563.55 5931.66 4563.03 4518.89 5794.58 4313.46 4448.92 4989.74  
6955.57 6421.1 6322.09 7392.35 6934.56 5959.02 7712.94 7199.99 6654.79  
5020.26 5012.13 3510.44 4976.74 5003.7 3551.21 5335.43 5077.11 4700.44  
1962.6 2229.21 2671.28 2611.82 2408.49 2479.88 1780.59 2230.27 2752.86  
3851.99 4080.55 4292.66 3893.57 3779.45 4072.24 4073.07 4038.32 4297.48  
6561.61 6029.42 5609.01 5937.8 6124.06 5326.55 6432.74 6097.94 5213.96  
6545.12 7040.85 7208.73 5871.8 6589.08 7091.43 6309.72 6844.98 6988.57  
6030.03 6108.01 5114.18 5988.19 5920.79 5302.32 6093.49 6029 5394.17  
3721.6 2965.09 3580.76 4323.82 3664.12 3827.15 4035.08 3338.15 3528.72  
3177.69 3022.09 2824.63 3382.78 3156.77 2950.62 3065.56 3344.44 3037.13  
2265.77 2303.04 1898.73 2092.5 2565.8 1741.38 2179.26 2357.28 2139.89  
1001.27 1057.71 1035.42 1251 1039.83 989.32 1268.21 1036.65 938.122  
1433.12 1503.7 1095.51 1892.18 1200.76 1083.81 1620.28 1590.19 1160.17  
2566.65 3096.25 3292.62 3108.89 2915.18 3296.17 2759.02 3055.86 3276.97  
4302.28 4159.72 4575.63 4683.52 4293.29 4799.7 4538.12 4214.36 4363.84  
6943.47 7336.71 7628.87 6253.06 7279.51 7451.74 6990.55 7739.14 7585.51  
6717.89 6729.64 6277.9 6754.63 6837.11 6297.35 7148.7 7246.87 6517.02  
3714.76 3274.77 4748.26 4047.26 3558.03 4691.03 3743.18 3292.98 4420.15  
4656.46 4843.51 4090.15 4273.25 4576.62 4191.18 4411.45 4718.39 4443.93  
3760.55 3313.15 1210.71 3296.9 2984.93 1293.83 3543.31 3113.21 1622.75  
593.847 317.986 205.887 400.691 244.64 254.624 561.536 327.462 195.664  
566.898 1169.55 1290.01 1119.97 1331.95 1376.54 601.208 1158.88 1322.33  
9112.57 11102.8 9284 7395.63 9311.39 10598.8 8074.73 10353.8 9274.38  
9652.47 9059.62 6142.19 8157.73 8698.27 7891.52 7310.43 8211.82 6147.86  
7047.9 6524.32 5381.13 6069.94 6348.91 6093.37 5848.22 6056.37 5190.97  
10316 10581.1 8127.22 7539.86 8552.18 9086.06 7607.3 8646.76 7912.49  
11452.7 10947.7 8550 7695.67 8939.31 9335.3 7510.33 8734.02 8565.24  
7237.41 7184.78 5624.46 6285.59 6978.55 6171.42 6303.77 6919.78 5966.23  
6897.8 7135.08 6130.97 6601.11 7401.14 7330.51 6313.4 7107.14 6053.41  
8456.52 8240.68 6128.08 6221.02 7565.4 7816.99 6174.73 7441.74 6016.27  
6887.97 6364.17 2902.98 4121.07 4769.36 3528.53 4233.79 5324.49 3192.47  
8315.4 10185.5 11802.6 7571.91 9202.86 10981.8 9084.65 10920 11775.9  
10122.4 10205.8 10928.9 11165.5 10058.1 10094.6 10778.4 10661.8 10727.2  
11377.5 11457.1 14311.3 12143.5 11404.4 13536.7 11905.8 11838 13107.5  
21548.1 23660.6 24448.1 20689.3 23458.6 25194.7 21091.4 24198.4 24220.1  
26592.7 25755.3 18909.2 23692.3 24947.6 21238.9 23709.5 24400.8 20700.7  
12574.9 9916.63 6047.43 10857.6 9226.51 6435.53 10977.8 8757.65 6810.88  
8045.09 8829.96 10735.2 8806.7 9435.86 11206.9 8370.26 9402.05 10582.9  
14261 15911.6 19467.2 14486.3 16987.5 20285.5 14127.8 15913.8 18064.9  
17963.3 16556 13269.8 15639.4 15365 13685.9 15473.4 16001.7 13019.1  
