0 0 17 20
0 10 17 20
0 20 17 20
0 30 17 20
0 41 17 20
0 51 17 20
0 61 17 20
0 72 17 20
0 82 17 20
8 0 17 20
8 10 17 20
8 20 17 20
8 30 17 20
8 41 17 20
8 51 17 20
8 61 17 20
8 72 17 20
8 82 17 20
16 0 17 20
16 10 17 20
16 20 17 20
16 30 17 20
16 41 17 20
16 51 17 20
16 61 17 20
16 72 17 20
16 82 17 20
25 0 17 20
25 10 17 20
25 20 17 20
25 30 17 20
25 41 17 20
25 51 17 20
25 61 17 20
25 72 17 20
25 82 17 20
0 0 17 20
0 10 17 20
0 20 17 20
0 30 17 20
0 41 17 20
0 51 17 20
0 61 17 20
0 72 17 20
0 82 17 20
8 0 17 20
8 10 17 20
8 20 17 20
8 30 17 20
8 41 17 20
8 51 17 20
8 61 17 20
8 72 17 20
8 82 17 20
16 0 17 20
16 10 17 20
16 20 17 20
16 30 17 20
16 41 17 20
16 51 17 20
16 61 17 20
16 72 17 20
16 82 17 20
25 0 17 20
25 10 17 20
25 20 17 20
25 30 17 20
25 41 17 20
25 51 17 20
25 61 17 20
25 72 17 20
25 82 17 20
0 0 17 20
0 10 17 20
0 20 17 20
0 30 17 20
0 41 17 20
0 51 17 20
0 61 17 20
0 72 17 20
0 82 17 20
8 0 17 20
8 10 17 20
8 20 17 20
8 30 17 20
8 41 17 20
8 51 17 20
8 61 17 20
8 72 17 20
8 82 17 20
16 0 17 20
16 10 17 20
16 20 17 20
16 30 17 20
16 41 17 20
16 51 17 20
16 61 17 20
16 72 17 20
16 82 17 20
25 0 17 20
25 10 17 20
25 20 17 20
25 30 17 20
25 41 17 20
25 51 17 20
25 61 17 20
25 72 17 20
25 82 17 20
0 0 17 20
0 10 17 20
0 20 17 20
0 30 17 20
0 41 17 20
0 51 17 20
0 61 17 20
0 72 17 20
0 82 17 20
8 0 17 20
8 10 17 20
8 20 17 20
8 30 17 20
8 41 17 20
8 51 17 20
8 61 17 20
8 72 17 20
8 82 17 20
16 0 17 20
16 10 17 20
16 20 17 20
16 30 17 20
16 41 17 20
16 51 17 20
16 61 17 20
16 72 17 20
16 82 17 20
25 0 17 20
25 10 17 20
25 20 17 20
25 30 17 20
25 41 17 20
25 51 17 20
25 61 17 20
25 72 17 20
25 82 17 20
0 0 17 20
0 10 17 20
0 20 17 20
0 30 17 20
0 41 17 20
0 51 17 20
0 61 17 20
0 72 17 20
0 82 17 20
8 0 17 20
8 10 17 20
8 20 17 20
8 30 17 20
8 41 17 20
8 51 17 20
8 61 17 20
8 72 17 20
8 82 17 20
16 0 17 20
16 10 17 20
16 20 17 20
16 30 17 20
16 41 17 20
16 51 17 20
16 61 17 20
16 72 17 20
16 82 17 20
25 0 17 20
25 10 17 20
25 20 17 20
25 30 17 20
25 41 17 20
25 51 17 20
25 61 17 20
25 72 17 20
25 82 17 20
0 0 17 20
0 10 17 20
0 20 17 20
0 30 17 20
0 41 17 20
0 51 17 20
0 61 17 20
0 72 17 20
0 82 17 20
8 0 17 20
8 10 17 20
8 20 17 20
8 30 17 20
8 41 17 20
8 51 17 20
8 61 17 20
8 72 17 20
8 82 17 20
16 0 17 20
16 10 17 20
16 20 17 20
16 30 17 20
16 41 17 20
16 51 17 20
16 61 17 20
16 72 17 20
16 82 17 20
25 0 17 20
25 10 17 20
25 20 17 20
25 30 17 20
25 41 17 20
25 51 17 20
25 61 17 20
25 72 17 20
25 82 17 20
0 0 17 20
0 10 17 20
0 20 17 20
0 30 17 20
0 41 17 20
0 51 17 20
0 61 17 20
0 72 17 20
0 82 17 20
8 0 17 20
8 10 17 20
8 20 17 20
8 30 17 20
8 41 17 20
8 51 17 20
8 61 17 20
8 72 17 20
8 82 17 20
16 0 17 20
16 10 17 20
16 20 17 20
16 30 17 20
16 41 17 20
16 51 17 20
16 61 17 20
16 72 17 20
16 82 17 20
25 0 17 20
25 10 17 20
25 20 17 20
25 30 17 20
25 41 17 20
25 51 17 20
25 61 17 20
25 72 17 20
25 82 17 20
0 0 17 20
0 10 17 20
0 20 17 20
0 30 17 20
0 41 17 20
0 51 17 20
0 61 17 20
0 72 17 20
0 82 17 20
8 0 17 20
8 10 17 20
8 20 17 20
8 30 17 20
8 41 17 20
8 51 17 20
8 61 17 20
8 72 17 20
8 82 17 20
16 0 17 20
16 10 17 20
16 20 17 20
16 30 17 20
16 41 17 20
16 51 17 20
16 61 17 20
16 72 17 20
16 82 17 20
25 0 17 20
25 10 17 20
25 20 17 20
25 30 17 20
25 41 17 20
25 51 17 20
25 61 17 20
25 72 17 20
25 82 17 20
0 0 17 20
0 10 17 20
0 20 17 20
0 30 17 20
0 41 17 20
0 51 17 20
0 61 17 20
0 72 17 20
0 82 17 20
8 0 17 20
8 10 17 20
8 20 17 20
8 30 17 20
8 41 17 20
8 51 17 20
8 61 17 20
8 72 17 20
8 82 17 20
16 0 17 20
16 10 17 20
16 20 17 20
16 30 17 20
16 41 17 20
16 51 17 20
16 61 17 20
16 72 17 20
16 82 17 20
25 0 17 20
25 10 17 20
25 20 17 20
25 30 17 20
25 41 17 20
25 51 17 20
25 61 17 20
25 72 17 20
25 82 17 20
0 0 17 20
0 10 17 20
0 20 17 20
0 30 17 20
0 41 17 20
0 51 17 20
0 61 17 20
0 72 17 20
0 82 17 20
8 0 17 20
8 10 17 20
8 20 17 20
8 30 17 20
8 41 17 20
8 51 17 20
8 61 17 20
8 72 17 20
8 82 17 20
16 0 17 20
16 10 17 20
16 20 17 20
16 30 17 20
16 41 17 20
16 51 17 20
16 61 17 20
16 72 17 20
16 82 17 20
25 0 17 20
25 10 17 20
25 20 17 20
25 30 17 20
25 41 17 20
25 51 17 20
25 61 17 20
25 72 17 20
25 82 17 20
