273.182 6292.68 
283.625 4621.92 
297.924 2053.85 
304.047 961.339 
304.199 779.025 
304.217 758.947 
304.547 765.203 
308.622 712.69 
274.085 6236.48 
283.844 4344.5 
297.059 1878.92 
303.506 867.949 
304.703 686.095 
304.059 759.291 
304.871 722.062 
309.822 539.712 
275.608 5343.33 
285.183 3487.76 
296.648 1614.54 
301.315 849.99 
303.951 748.88 
304.539 781.898 
306.14 591.787 
310.663 414.422 
278.549 4861.31 
289.124 2825.35 
298.446 1323.49 
300.448 909.276 
302.356 904.709 
303.779 879.271 
306.394 578.515 
310.882 347.424 
282.587 4819.36 
292.411 2826.93 
299.874 1468.49 
300.394 1065.76 
300.218 1038.29 
302.065 966.138 
306.597 599.768 
311.025 339.734 
284.209 4533.75 
291.71 3164.78 
298.489 1954.58 
299.919 1326.53 
299.393 1276.07 
302.31 943.367 
308.482 497.01 
312.149 271.036 
286.426 3465.04 
291.125 2664.85 
296.602 1938.98 
299.598 1596.37 
300.63 1272.93 
305.158 769.213 
311.314 391.443 
313.84 192.254 
287.324 2867.66 
290.957 2423.43 
294.044 1922.4 
296.447 1694.89 
300.717 1156.1 
306.29 572.252 
312.308 234.649 
315.69 99.831 
287.987 2513.89 
290.74 2526.45 
292.447 2098.07 
294.291 1748.32 
298.32 1264.22 
302.954 832.348 
309.608 368.886 
315.114 107.6 
70.124 17.3237 
69.712 18.4931 
69.2449 20.322 
68.7833 22.5302 
68.2422 25.9402 
67.7085 29.3506 
67.1943 31.2998 
66.5843 32.116 
70.148 17.8612 
69.7084 19.2132 
69.2366 20.6612 
68.7808 22.5639 
68.2354 25.5802 
67.6556 29.3248 
67.0795 32.4189 
66.4274 33.9054 
70.1525 18.1299 
69.6866 19.8818 
69.198 21.0871 
68.7671 22.5889 
68.2387 25.0879 
67.6172 28.7427 
66.9811 32.8018 
66.2865 35.3725 
70.1056 18.6419 
69.6437 20.4576 
69.1388 21.5595 
68.7369 22.9071 
68.2386 25.3066 
67.538 30.0271 
66.8541 34.5433 
66.1568 36.7604 
70.0463 19.2104 
69.5871 20.7398 
69.0901 21.7786 
68.7171 23.204 
68.2436 25.5447 
67.4859 31.1696 
66.7233 37.0638 
65.9906 39.1544 
69.9966 19.6361 
69.5362 20.8981 
69.0705 22.0063 
68.6999 23.7572 
68.2332 25.9942 
67.5301 30.1024 
66.7525 35.4715 
65.9293 39.9825 
69.9493 20.2396 
69.5213 21.1614 
69.0915 22.03 
68.6994 23.7064 
68.2125 26.1827 
67.5653 29.0769 
66.8525 32.3576 
66.0401 36.684 
69.8882 21.0927 
69.4897 21.8359 
69.0994 22.2072 
68.7137 23.276 
68.2407 25.0919 
67.5941 28.1379 
66.858 31.6812 
66.0632 35.2541 
69.8133 21.5758 
69.416 22.508 
69.0465 22.5663 
68.6698 23.2232 
68.2316 24.1955 
67.6097 26.8544 
66.8365 31.2935 
65.9616 35.875 
122.244 0.000178358 
122.238 0.00246561 
122.225 0.0181316 
122.217 0.0319346 
122.204 0.0371 
122.158 0.0674649 
122.117 0.111216 
122.096 0.126286 
122.244 0.000157723 
122.243 0.000430008 
122.237 0.00338554 
122.229 0.00985534 
122.21 0.0273403 
122.17 0.0613167 
122.137 0.0931825 
122.115 0.111217 
122.244 0.000180175 
122.244 0.000394516 
122.235 0.00575017 
122.217 0.0157646 
122.198 0.0309815 
122.179 0.048756 
122.153 0.0732647 
122.126 0.124371 
122.243 0.000301176 
122.242 0.000790839 
122.225 0.0138613 
122.196 0.0485036 
122.179 0.0488655 
122.179 0.0510514 
122.172 0.0592596 
122.156 0.091307 
122.239 0.00218277 
122.236 0.00745854 
122.225 0.0112204 
122.204 0.0384327 
122.184 0.0476495 
122.177 0.0644971 
122.178 0.0691109 
122.178 0.0665089 
122.236 0.00478795 
122.232 0.017871 
122.232 0.00978693 
122.229 0.00852021 
122.213 0.0167796 
122.191 0.0530357 
122.182 0.0849118 
122.182 0.0684938 
122.238 0.00193855 
122.239 0.00489929 
122.24 0.00347542 
122.237 0.00560225 
122.224 0.0118781 
122.208 0.026373 
122.198 0.0666642 
122.193 0.0664865 
122.241 0.00131161 
122.245 0.000298201 
122.244 0.000798887 
122.234 0.0113513 
122.218 0.030745 
122.206 0.030003 
122.205 0.0406962 
122.208 0.0437749 
122.241 0.00134612 
122.246 0.000275509 
122.244 0.000835006 
122.234 0.00738123 
122.218 0.0192718 
122.204 0.0391842 
122.207 0.0367195 
122.221 0.0230658 
128.686 0.007372 
128.696 0.00862212 
128.714 0.0148073 
128.73 0.0195179 
128.749 0.022696 
128.779 0.0356982 
128.808 0.0506941 
128.833 0.0589359 
128.685 0.00766591 
128.694 0.00839366 
128.711 0.0127016 
128.727 0.0168359 
128.745 0.0215679 
128.776 0.0344898 
128.807 0.0485535 
128.832 0.0572731 
128.685 0.00784476 
128.695 0.00863691 
128.712 0.0118555 
128.73 0.0166344 
128.749 0.0233364 
128.777 0.0329372 
128.806 0.0446596 
128.83 0.0567458 
128.687 0.00813423 
128.697 0.00927094 
128.715 0.013607 
128.736 0.0222823 
128.759 0.029279 
128.783 0.0362124 
128.801 0.0414471 
128.82 0.0482998 
128.689 0.00873211 
128.7 0.0109432 
128.717 0.0140686 
128.739 0.0259878 
128.763 0.0347245 
128.784 0.0386378 
128.8 0.0423974 
128.816 0.0448645 
128.692 0.00940294 
128.703 0.0135367 
128.719 0.0142941 
128.738 0.0202161 
128.758 0.0294574 
128.778 0.0375244 
128.797 0.0453334 
128.817 0.0468119 
128.692 0.00902616 
128.703 0.0133155 
128.717 0.0142352 
128.731 0.0146215 
128.75 0.020265 
128.774 0.0284814 
128.791 0.0381955 
128.808 0.0417153 
128.693 0.00917169 
128.702 0.0110877 
128.712 0.0120018 
128.724 0.0137034 
128.744 0.0187631 
128.768 0.0237344 
128.786 0.0304511 
128.801 0.0356712 
128.695 0.00957039 
128.701 0.0101656 
128.711 0.0104256 
128.725 0.013444 
128.744 0.0204692 
128.765 0.0272868 
128.783 0.0303912 
128.799 0.0331338 
26.7355 959.504 
25.0694 756.787 
23.3462 652.644 
21.5908 509.818 
20.2087 341.652 
21.1535 254.288 
21.4879 227.859 
19.0399 160.402 
23.8375 795.999 
21.7467 476.883 
20.9037 318.651 
20.9711 308.719 
19.1574 201.992 
19.1131 146.121 
19.4362 138.569 
18.8769 135.056 
22.4307 579.666 
19.779 388.14 
19.5161 221.779 
19.9344 194.718 
18.7928 133.171 
19.45 123.403 
19.0247 109.19 
18.1724 98.1929 
21.6228 494.124 
18.9843 367.862 
18.5144 186.583 
19.0161 130.851 
18.8407 124.644 
19.6997 150.105 
19.4412 128.376 
18.6536 121.76 
22.0407 609.697 
20.2674 469.585 
19.7626 253.417 
20.089 147.816 
19.8535 145.909 
19.5303 153.336 
19.4237 137.015 
18.9411 146.048 
21.8393 606.522 
21.064 551.261 
20.5588 307.798 
21.8375 233.204 
22.1924 240.837 
19.7622 150.336 
19.1017 129.006 
19.3028 151.275 
21.3612 384.988 
21.1525 354.957 
20.5251 243.194 
21.9161 250.047 
23.3909 244.73 
22.0732 211.689 
20.8933 180.65 
20.0788 153.088 
21.3489 431.463 
21.3182 337.996 
20.8784 232.761 
21.2146 209.996 
22.5945 222.098 
22.908 260.945 
21.6453 189.373 
20.9838 165.715 
20.666 441.232 
20.1707 386.741 
20.1801 255.822 
21.3559 239.407 
22.0862 201.515 
21.6481 191.677 
20.483 129.331 
20.7455 159.361 
20.3481 139.29 
21.4595 141.22 
23.6072 128.804 
23.4597 108.499 
22.9048 112.299 
24.3109 144.83 
25.4745 171.678 
25.685 154.668 
21.459 145.086 
21.8743 137.199 
22.9695 133.501 
23.5623 126.016 
23.3572 121.532 
24.1812 118.395 
25.9933 132.479 
26.6429 141.261 
20.5838 141.747 
20.6252 111.649 
22.3553 109.927 
23.3853 108.155 
23.1873 111.206 
23.5613 98.3404 
25.1895 105.448 
25.9863 117.085 
19.2666 114.966 
19.6277 82.9221 
21.8263 102.076 
22.9728 78.3883 
22.7809 82.086 
23.2404 99.643 
24.3473 114.614 
25.2004 114.323 
20.0519 131.07 
21.1462 109.24 
22.9435 146.72 
23.452 113.225 
23.8061 94.4414 
23.7802 93.2389 
24.0041 122.896 
25.5084 160.811 
21.6654 144.842 
22.3123 151.343 
22.9967 157.898 
23.7416 126.42 
24.4827 125.482 
24.6563 121.321 
24.937 137.181 
25.7721 140.506 
21.7848 165.47 
21.9681 158.644 
21.985 126.496 
23.5964 119.087 
25.4782 131.442 
26.2709 116.525 
26.0011 122.673 
26.1148 143.391 
20.7706 166.831 
21.207 138.837 
21.7051 112.46 
23.1833 102.868 
25.0108 103.657 
26.2902 104.785 
26.8143 120.179 
27.6142 163.675 
20.1422 126.79 
20.6071 127.646 
20.9102 110.846 
21.7272 112.916 
23.7644 107.688 
25.6357 126.296 
27.0692 123.228 
28.7089 155.41 
56.2111 972.231 
59.6503 867.441 
65.1363 820.012 
66.104 614.938 
65.3656 563.223 
66.4843 551.498 
67.8595 510.206 
70.8915 581.961 
55.9257 951.371 
59.1402 804.484 
63.7938 722.465 
65.4666 619.083 
65.6167 612.286 
67.1645 510.21 
70.8641 458.792 
75.5584 544.41 
55.2085 973.217 
58.4632 860.368 
62.2187 754.519 
64.0513 666.708 
65.5145 587.919 
68.3885 528.927 
73.1171 495.501 
77.812 543.163 
56.3028 931.661 
59.7594 884.361 
62.8062 762.448 
63.5339 675.243 
64.7558 652.55 
66.5716 536.88 
70.4886 544.489 
75.7758 522.204 
58.8131 912.099 
61.9681 895.203 
64.4174 777.047 
64.8969 673.995 
65.802 669.699 
66.6629 547.994 
68.9504 541.982 
73.5059 553.874 
60.0475 907.127 
61.6345 815.325 
63.3523 667.225 
63.599 605.873 
64.4521 645.839 
67.5491 530.117 
70.4726 525.033 
73.4831 591.95 
58.1378 883.428 
59.1994 794.478 
62.1143 685.841 
62.4618 581.039 
63.1685 610.198 
68.0548 581.629 
71.7037 527.544 
74.1743 530.384 
57.7969 935.752 
58.7881 821.322 
62.2512 770.432 
62.6683 643.169 
63.208 555.308 
68.6618 605.268 
72.7011 523.635 
75.439 463.316 
59.2649 937.937 
60.8391 855.861 
62.3504 787.739 
61.9291 784.214 
62.7473 624.104 
67.551 619.127 
72.9329 558.599 
77.0388 474.45 
119.394 2741.68 
123.968 2377.92 
131.247 1752.78 
137.129 1655.11 
138.882 1671.04 
136.497 1773.1 
133.428 1654.46 
137.458 1440.56 
121.439 2404.22 
128.219 2020.31 
133.625 1610.7 
136.526 1389.09 
139.323 1344.16 
137.297 1415.04 
133.413 1414.67 
135.367 1450.31 
127.408 2218.81 
135.861 1733.46 
137.858 1480.63 
138.02 1261.81 
140.363 1172.78 
137.736 1111.66 
135.549 1115.97 
136.525 1189.55 
131.217 2130.08 
138.947 1399.36 
140.496 1155.36 
139.479 1161.17 
140.433 1145.81 
138.779 1198.19 
138.14 969.144 
138.247 1033.67 
130.95 2115.67 
136.629 1304.88 
138.073 1073.51 
135.985 1084.4 
136.255 1172.61 
138.711 1312.26 
140.275 1112.13 
139.863 1160.51 
128.088 1996.25 
132.309 1552.58 
135.381 1186.83 
132.651 1146.4 
130.746 1302.6 
135.371 1191.23 
139.016 1134.66 
138.589 1210.29 
129.288 1722.33 
131.451 1468.58 
134.039 1245.79 
131.993 1284.69 
129.131 1282.32 
132.256 1049.57 
135.965 1194.48 
135.602 1248.86 
134.667 1614.69 
136.602 1617.26 
135.639 1186.26 
134.319 1183.84 
133.552 1310.65 
133.433 1043.08 
135.674 1162.61 
134.912 1231.81 
138.779 1357.56 
141.16 1512.22 
140.463 1233.72 
138.732 1189.04 
136.861 1243.05 
135.187 1135.15 
136.838 1064.75 
135.773 1171.35 
32.625 275.31 
34.347 244.647 
35.4836 257.113 
36.982 236.804 
37.4326 217.77 
35.9576 188.328 
36.2823 180.823 
36.1516 213.443 
33.5124 275.717 
34.0211 240.379 
36.1207 236.081 
37.0505 225.483 
37.1951 185.522 
36.3414 160.35 
35.9966 134.684 
35.3857 171.603 
33.1006 308.323 
33.1917 280.001 
35.4061 214.02 
35.7611 182.629 
36.2848 160.055 
36.1421 151.096 
35.274 141.59 
35.1153 138.671 
33.3521 311.033 
34.4048 313.805 
35.5833 254.206 
35.5234 193.84 
36.0342 172.718 
36.1749 171.465 
35.8798 164.951 
35.5711 150.766 
33.234 291.704 
34.5014 283.876 
35.3008 224.733 
35.8688 194.172 
35.2353 147.244 
34.918 158.385 
35.6445 161.693 
35.2575 160.287 
34.5343 291.873 
35.9542 286.4 
36.7364 242.086 
37.6675 208.022 
37.4647 190.27 
36.5021 188 
36.4582 156.335 
36.578 154.064 
36.6047 293.065 
37.1993 261.752 
37.6571 259.815 
38.9079 223.866 
38.5022 232.907 
37.3254 195.023 
37.6416 179.875 
38.4689 181.061 
34.5787 323.943 
34.5875 250.601 
35.0959 226.303 
36.1326 204.469 
36.5978 208.224 
35.7581 164.698 
36.1113 150.657 
37.169 152.155 
32.3176 233.425 
31.8336 238.649 
32.182 194.62 
33.1648 172.663 
34.3922 187.719 
34.5579 160.404 
34.4541 145.755 
34.7943 133.213 
17.8688 132.225 
19.131 137.954 
19.1041 137.573 
18.7815 143.84 
19.4056 134.243 
19.8136 129.908 
20.0151 127.502 
19.3964 140.318 
17.9121 131.126 
18.8433 127.931 
19.6459 139.219 
19.9298 147.134 
20.0542 145.477 
19.9622 125.573 
19.1674 90.5756 
17.9908 99.0396 
16.8769 153.896 
17.2634 115.727 
19.2937 132.87 
20.1627 133.847 
19.8088 128.153 
19.2611 111.004 
17.9858 87.4467 
17.0524 70.6418 
16.788 149.66 
17.4005 147.046 
19.2199 151.708 
19.9228 132.939 
19.5112 114.099 
19.313 106.17 
18.097 100.68 
17.4343 95.3194 
17.4974 139.963 
17.8986 120.421 
19.3761 113.43 
20.1022 108.678 
19.2655 101.908 
18.4625 96.2752 
18.2996 82.6543 
17.9488 90.5776 
18.035 115.843 
18.4355 89.772 
19.4642 100.099 
20.4225 101.945 
20.0549 108.76 
18.4693 111.544 
18.4959 93.8276 
18.4233 84.0953 
19.2488 130.711 
20.1546 114.394 
20.2812 98.8895 
20.7221 83.893 
20.959 117.029 
19.1771 113.33 
19.1096 108.95 
19.4018 111.114 
18.162 125.848 
18.4544 104.197 
18.4745 90.7151 
18.9296 95.6517 
19.7541 121.826 
19.239 89.0941 
19.3619 101.877 
19.5717 102.462 
16.8173 89.0014 
16.1287 81.498 
16.3615 68.7332 
17.3825 83.7607 
18.4687 86.1988 
18.374 75.4393 
17.8315 80.9748 
18.0544 77.1776 
