321.878 0.199036 
321.766 0.275961 
319.315 0.959348 
319.381 1.55129 
322.718 0.766751 
322.189 0.146761 
321.968 0.127063 
322.377 0.372734 
322.69 0.315153 
322.455 1.49229 
316.204 5.70004 
315.388 5.89212 
321.881 1.76355 
322.931 0.245113 
322.703 0.24037 
321.963 0.167892 
323.003 0.706618 
322.749 2.32919 
314.775 6.511 
313.043 3.10154 
320.792 6.15447 
323.023 0.442537 
323.008 0.15216 
322.252 0.199323 
322.921 1.24244 
322.791 1.0839 
317.883 5.00282 
315.96 4.36883 
320.546 3.33899 
322.787 0.45097 
323 0.103885 
322.883 0.0895827 
322.871 0.726026 
322.445 0.33955 
321.848 0.231219 
321.268 0.549915 
321.765 0.512457 
322.658 0.256069 
320.494 4.13423 
319.601 2.9626 
322.77 0.269722 
315.18 37.0635 
306.132 68.3543 
311.68 47.2193 
321.955 1.17737 
321.863 0.713366 
317.208 6.80947 
315.183 1.52522 
322.788 0.191521 
311.467 46.8904 
294.644 11.4491 
301.637 36.578 
320.064 13.7072 
321.599 1.08144 
317.986 3.88625 
316.42 3.51784 
318.742 5.44992 
316.245 23.528 
298.597 29.8754 
299.593 15.1838 
317.523 24.3678 
322.201 1.21873 
321.384 1.1569 
321.249 1.14311 
312.008 3.28324 
320.339 7.00108 
309.828 22.9449 
303.35 4.35362 
312.601 28.7245 
320.806 2.93754 
322.826 0.335284 
322.897 0.115187 
72.9727 0.0593471 
71.7738 0.178233 
70.7017 0.0734276 
70.5882 0.0205074 
69.6839 0.0513779 
68.9196 0.100942 
68.5628 0.032458 
67.9868 0.0361273 
72.9844 0.0409469 
71.6077 0.311784 
70.9875 0.0600343 
70.6566 0.0699559 
69.4189 0.0672444 
68.5664 0.0727982 
68.4922 0.0570276 
67.9418 0.0637726 
73.6574 0.0616963 
71.7167 0.575355 
71.1196 0.0627739 
70.697 0.111187 
69.322 0.0795202 
68.3137 0.0635849 
68.2514 0.0950448 
67.9194 0.124047 
73.8592 0.100245 
71.8442 0.409959 
71.1197 0.0556313 
70.6043 0.106135 
69.3921 0.0729626 
68.3139 0.0555021 
68.0394 0.0724581 
67.949 0.114171 
72.9983 0.246359 
71.3554 0.246758 
71.0375 0.0337049 
70.5623 0.0780513 
69.5505 0.0630437 
68.5091 0.0447463 
68.0707 0.0278837 
67.9977 0.130798 
71.9472 0.308916 
70.7481 0.1514 
70.8542 0.018305 
70.577 0.0648424 
69.6302 0.0689997 
68.6582 0.0375401 
68.194 0.0140008 
67.9171 0.209433 
70.3992 0.126181 
70.2635 0.0419318 
70.6659 0.0255658 
70.534 0.060368 
69.6201 0.0705093 
68.7722 0.03347 
68.2639 0.013034 
67.5725 0.251723 
69.7974 0.0433198 
70.0432 0.00593961 
70.4812 0.0281792 
70.3908 0.0419779 
69.5768 0.061287 
68.7837 0.041151 
68.0853 0.0279993 
66.9337 0.230723 
70.2182 0.0817587 
70.0778 0.00684797 
70.3602 0.0175351 
70.1986 0.0313555 
69.4792 0.0437664 
68.6671 0.0487039 
67.839 0.0392951 
66.5627 0.170919 
122.237 4.05469e-007 
122.24 1.19054e-006 
122.242 5.20771e-007 
122.243 1.51836e-007 
122.245 3.67784e-007 
122.247 7.71506e-007 
122.248 2.46655e-007 
122.25 2.80252e-007 
122.237 2.38636e-007 
122.24 1.98967e-006 
122.242 4.11e-007 
122.243 4.99967e-007 
122.246 4.80381e-007 
122.248 5.65179e-007 
122.248 4.40947e-007 
122.25 5.33842e-007 
122.235 3.79247e-007 
122.24 3.47467e-006 
122.241 4.17519e-007 
122.242 7.98538e-007 
122.246 5.67516e-007 
122.249 4.97969e-007 
122.249 7.47482e-007 
122.25 1.04609e-006 
122.235 6.13567e-007 
122.24 2.84877e-006 
122.241 2.18465e-006 
122.243 1.75833e-006 
122.246 5.56605e-007 
122.249 4.36186e-007 
122.25 5.64973e-007 
122.25 9.41194e-007 
122.237 1.79401e-006 
122.248 0.000117253 
122.262 0.000667266 
122.261 0.000495369 
122.251 7.23045e-005 
122.248 3.64883e-006 
122.25 2.14584e-007 
122.25 1.08297e-006 
122.239 6.6023e-006 
122.127 0.00462697 
121.92 0.0192774 
121.873 0.02802 
122.008 0.0158238 
122.156 0.00274942 
122.238 0.000202085 
122.25 2.97208e-006 
122.243 3.83177e-005 
121.948 0.0195274 
121.383 0.0419959 
121.127 0.036385 
121.423 0.0253487 
121.854 0.0143875 
122.138 0.00293045 
122.242 0.000217804 
122.244 3.76862e-005 
121.945 0.0182193 
121.255 0.034609 
120.765 0.00887315 
121.021 0.0125897 
121.563 0.0227551 
121.984 0.00690109 
122.217 0.00153609 
122.243 1.01399e-005 
122.088 0.00676242 
121.574 0.0278347 
121.084 0.0185346 
121.153 0.0127873 
121.515 0.0172659 
121.909 0.00851516 
122.197 0.00334336 
128.627 2.08516e-005 
128.649 5.85737e-005 
128.668 2.7539e-005 
128.669 8.33754e-006 
128.686 1.92233e-005 
128.702 4.30829e-005 
128.709 1.38116e-005 
128.722 1.60309e-005 
128.628 1.06745e-005 
128.653 9.48528e-005 
128.662 2.08095e-005 
128.668 2.63979e-005 
128.692 2.55383e-005 
128.709 3.16624e-005 
128.711 2.51098e-005 
128.723 3.20829e-005 
128.619 1.75141e-005 
128.652 0.000154845 
128.66 2.06083e-005 
128.667 4.27236e-005 
128.694 3.00144e-005 
128.715 2.80138e-005 
128.717 4.31265e-005 
128.724 6.37393e-005 
128.615 2.82529e-005 
128.649 0.000109307 
128.66 1.63415e-005 
128.669 4.00717e-005 
128.693 2.79195e-005 
128.715 2.48886e-005 
128.721 3.22688e-005 
128.723 5.61586e-005 
128.627 7.04708e-005 
128.661 0.000143827 
128.675 0.000202663 
128.682 0.000136993 
128.692 2.49084e-005 
128.711 1.99017e-005 
128.72 1.2212e-005 
128.721 6.5031e-005 
128.646 0.00010294 
128.719 0.00105908 
128.811 0.00270754 
128.835 0.00340179 
128.794 0.00219991 
128.751 0.000519997 
128.722 3.49553e-005 
128.723 0.00011218 
128.676 5.75822e-005 
128.784 0.00268828 
128.984 0.00456768 
129.078 0.00370885 
129.007 0.00299856 
128.881 0.00204136 
128.77 0.000606306 
128.735 0.00011481 
128.687 3.29208e-005 
128.791 0.00247507 
129.028 0.00385686 
129.194 0.000997586 
129.149 0.00070512 
129.009 0.00219629 
128.849 0.00130313 
128.763 0.000192077 
128.677 4.17274e-005 
128.744 0.00108317 
128.934 0.00334256 
129.115 0.00187536 
129.127 0.000604309 
129.042 0.00155605 
128.893 0.00146108 
128.782 0.000426031 
9.1062 1.27222 
10.6152 2.01234 
20.1338 7.39293 
23.9592 7.77685 
17.6834 8.55304 
12.7661 13.7483 
9.18759 5.72862 
8.03533 2.32679 
11.4321 1.53272 
14.6536 2.06156 
14.8752 8.01432 
14.6079 18.132 
15.4092 16.3096 
17.4178 6.16115 
13.7337 2.02019 
10.819 0.771712 
21.1021 34.2137 
17.0384 21.8253 
6.52986 5.48099 
6.04925 5.16065 
10.6717 6.70751 
14.7105 3.01385 
13.3125 4.06837 
10.2034 1.83625 
21.7888 3.44044 
16.1688 27.4834 
11.8605 10.3148 
12.8646 7.19942 
11.0904 2.90759 
9.86683 1.21 
10.1753 2.15341 
9.07713 3.48365 
15.148 12.1785 
13.6977 11.0035 
18.3035 20.2516 
22.2405 6.10117 
16.1343 9.09883 
11.1587 4.25743 
13.8371 2.23498 
13.2645 1.81132 
16.3339 5.96534 
16.1095 5.7083 
26.2394 11.6628 
28.5718 13.3212 
17.0344 8.61414 
15.3223 13.2874 
22.9968 6.73609 
20.5625 11.9299 
22.3559 5.50967 
22.0942 4.94484 
24.6844 13.5639 
21.3658 13.4019 
13.5669 7.10631 
14.832 4.58904 
19.6404 3.90982 
18.6205 6.31603 
18.953 6.37006 
19.4966 4.46209 
18.5125 10.1422 
13.9016 8.69675 
9.95399 4.80151 
11.5288 2.55105 
14.0077 2.94143 
13.2485 4.04393 
18.77 8.80763 
13.7182 5.04638 
17.6441 4.87355 
15.2861 4.38149 
9.18393 2.505 
9.43116 1.29378 
11.0348 1.24443 
10.0413 2.15427 
15.5073 3.87841 
13.2164 11.303 
12.9164 3.48846 
22.0647 22.7593 
28.647 4.17132 
26.0988 18.4768 
15.937 6.66866 
15.8657 2.24873 
20.3021 1.71434 
16.2254 9.66659 
10.3273 2.51205 
15.4583 26.7944 
24.3569 29.0307 
29.8001 19.9706 
23.4541 7.91953 
21.7944 3.02165 
26.6191 15.9829 
21.2501 15.5714 
10.1745 5.08833 
9.20382 6.12858 
14.0311 19.5245 
19.9847 6.37254 
22.3989 9.96576 
20.3038 2.35379 
22.0976 5.66123 
20.9076 8.0757 
16.1537 7.07569 
13.2115 9.72977 
10.385 6.23477 
11.7359 5.02105 
17.7861 6.73048 
16.6155 4.9163 
12.2832 9.41424 
16.395 5.62296 
27.053 28.5521 
30.6936 22.7891 
18.8671 16.6927 
11.2835 8.37669 
20.3326 7.21331 
22.413 5.03805 
15.567 11.1657 
15.7833 12.7682 
35.4799 37.2113 
43.7967 18.2475 
28.2031 43.9446 
15.6453 12.4393 
23.4492 12.4352 
23.8787 5.10991 
28.3567 37.7963 
25.9648 46.4552 
39.598 29.6845 
39.4229 29.7029 
27.2171 15.9859 
19.2081 9.71694 
23.3183 8.09738 
23.276 11.0024 
26.3902 44.929 
29.7742 54.9592 
44.0017 11.5797 
36.2913 48.393 
20.2054 16.9928 
15.8329 6.23751 
22.7073 5.61483 
25.2233 4.21655 
20.8285 27.1034 
22.2853 35.8263 
38.7259 46.5636 
31.713 49.0019 
17.0601 17.0487 
15.5874 3.17057 
15.9218 5.67702 
15.7891 9.64256 
81.2539 37.0183 
77.7957 12.662 
70.6365 81.2967 
74.6509 33.7434 
78.3075 15.6637 
81.4274 22.6062 
90.6104 13.6332 
94.0195 13.8501 
90.3562 11.1406 
63.381 104.06 
44.5611 69.2857 
51.6213 52.5165 
69.458 30.231 
77.5067 23.4608 
82.2758 26.6239 
91.4222 21.028 
90.0877 21.3901 
61.5173 95.3071 
45.241 38.1233 
44.8263 37.389 
59.096 18.4455 
67.5094 36.7019 
77.2447 13.3899 
91.1191 26.8259 
75.2014 22.7457 
69.848 20.9948 
67.9882 27.2425 
63.2698 20.6699 
69.1633 16.8809 
74.5018 34.4434 
78.8842 17.2747 
82.9249 13.5821 
67.1042 10.6062 
69.2556 3.82456 
69.6046 6.75118 
65.9543 9.00104 
69.677 13.5652 
76.2023 7.88226 
74.0312 17.414 
70.3395 53.7594 
63.6246 11.1803 
56.7967 20.9767 
50.4179 31.1519 
49.3745 34.0124 
60.7453 23.0533 
75.684 12.8846 
75.759 38.0385 
64.2864 27.5441 
66.7344 36.5375 
53.1079 11.5467 
56.4384 18.2011 
59.8235 29.8148 
66.4675 20.8768 
79.0009 25.1127 
81.1736 11.5326 
74.6379 21.1478 
56.0616 27.8589 
49.7312 16.204 
63.9094 18.3292 
65.7616 11.9411 
66.3666 12.4082 
78.1333 10.8413 
83.017 14.882 
87.3787 15.9567 
50.948 26.3474 
48.7341 34.5003 
56.2386 19.089 
48.6184 38.3928 
56.2617 26.0316 
72.7022 15.7323 
72.083 16.3355 
70.1901 17.1224 
179.193 29.9901 
179.257 96.9307 
163.71 143.961 
136.932 128.613 
137.908 37.7883 
150.316 101.549 
155.937 32.2081 
150.914 34.3678 
160.109 49.6952 
180.825 220.822 
201.293 167.435 
183.809 348.572 
159.17 208.775 
143.323 55.5084 
147.278 17.1544 
153.302 22.6824 
132.72 180.907 
167.657 388.813 
215.334 146.809 
208.693 248.729 
182.585 163.251 
163.944 58.7889 
153.45 27.7023 
154.663 23.5638 
150.624 153.365 
154.012 115.523 
168.605 185.088 
168.598 195.182 
173.38 71.9895 
176.633 27.3164 
160.31 37.9618 
162.321 29.4042 
183.89 68.0623 
161.505 51.1344 
131.196 147.861 
123.674 131.452 
159.349 112.37 
178.044 76.2218 
155.511 34.5063 
159.415 34.0275 
176.877 65.5954 
171.559 94.4147 
128.128 119.171 
115.369 143.687 
155.649 119.355 
170.125 138.085 
135.15 119.873 
145.068 109.618 
150.482 89.5826 
165.595 144.049 
133.322 70.5362 
127.395 112.19 
152.559 91.4338 
160.791 76.3151 
132.715 72.0068 
135.63 116.104 
168.761 234.522 
177.591 238.939 
135.727 95.1401 
139.021 170.663 
160.364 91.9865 
159.983 33.7891 
149.265 40.5777 
147.508 58.4786 
178.384 246.635 
187.965 216.343 
133.302 246.714 
131.514 196.745 
156.511 47.1694 
163.15 19.4847 
175.331 57.9387 
183.967 159.583 
28.7788 14.8406 
30.6128 14.7261 
33.7664 5.36438 
38.8179 7.77717 
41.463 12.0859 
37.0702 7.88491 
35.4655 5.93364 
39.0131 26.4072 
30.0831 18.2848 
33.548 26.8464 
31.2856 19.1944 
34.5152 13.0338 
36.463 4.95906 
36.1164 5.34322 
37.1915 7.47545 
32.3499 6.46445 
36.0058 14.8953 
39.8548 20.6724 
27.9302 17.832 
34.4808 36.606 
40.5666 11.6627 
37.5681 27.4777 
38.0235 6.56965 
34.7963 4.3997 
34.9335 21.1835 
44.2064 17.8982 
38.2181 50.2337 
41.1735 27.6494 
41.4737 7.6905 
35.9825 21.8812 
40.7469 12.3197 
41.2568 5.62109 
30.2819 11.9898 
44.1372 24.4896 
53.0416 10.0413 
52.1575 17.5202 
40.721 9.3087 
35.0746 8.86573 
41.4104 8.22443 
40.4529 4.95434 
33.5157 15.7309 
38.0429 16.9206 
43.0872 28.649 
49.1211 15.6822 
43.8944 7.30614 
32.8678 7.77371 
36.6188 11.5969 
38.0556 16.1641 
35.7486 11.0895 
29.7007 10.6999 
25.6922 22.9682 
37.6454 16.241 
46.6786 27.9375 
35.7651 13.1724 
37.9301 9.4876 
39.8855 13.9117 
33.2902 16.6672 
24.882 13.0188 
20.4125 24.1882 
29.8989 14.3375 
47.9322 24.1661 
44.7926 10.6863 
38.8789 6.92581 
34.4728 9.58003 
29.4336 17.9088 
30.9087 29.6752 
38.884 35.9166 
48.6466 46.0137 
50.4158 28.5993 
44.5057 19.5514 
37.6331 5.97253 
33.0405 13.0324 
8.03944 0.883494 
10.2686 3.11611 
18.1519 4.41144 
22.9565 4.78921 
18.7099 5.42019 
14.51 11.7585 
14.8313 4.31177 
14.5293 2.1485 
10.4082 3.10897 
13.8222 8.09483 
13.8623 8.03196 
15.3764 12.7275 
17.0238 6.34112 
18.7667 6.65127 
18.77 5.42263 
12.2751 1.89542 
16.4688 11.8171 
15.432 11.0096 
9.56584 5.29019 
9.7896 7.75068 
13.8421 8.00855 
19.3058 7.65668 
18.5787 7.60204 
11.1659 5.32321 
18.2761 5.14162 
17.6482 8.41467 
15.0582 7.78629 
16.8431 9.29403 
15.0536 3.32737 
14.0671 3.25776 
15.0975 3.7569 
10.6879 2.98029 
14.1641 5.76059 
17.455 3.43582 
22.6495 9.15964 
26.5474 7.1461 
17.0168 8.28773 
10.8946 3.99555 
15.372 11.9147 
13.7161 8.42071 
16.8516 5.16793 
16.888 4.80587 
22.7787 6.32383 
25.4471 11.3292 
16.4288 10.671 
12.2191 10.961 
23.2343 7.14691 
23.3319 9.90486 
19.1106 2.77558 
15.0045 2.52231 
14.9085 7.90487 
15.9844 5.92329 
13.5751 3.81562 
12.002 4.77764 
23.209 12.413 
24.3693 10.7424 
15.2859 7.71588 
14.7699 7.91356 
16.034 6.2972 
14.7182 13.61 
12.7011 6.99246 
11.9301 1.33246 
13.5077 1.86108 
13.4173 5.4846 
13.6448 2.9428 
16.7276 13.8524 
25.0332 6.90924 
27.5716 10.6863 
23.1693 5.45755 
15.4302 8.05511 
10.8216 2.24103 
9.86986 5.12565 
