29687.8 2.48208e+008 
30028.2 2.57716e+008 
29817.5 2.69204e+008 
29946.4 2.723e+008 
30916.7 3.2766e+008 
32323.4 3.78845e+008 
33737.4 4.28715e+008 
35606.6 4.89269e+008 
37111.8 5.58338e+008 
32688.9 2.49711e+008 
32891.1 2.51682e+008 
32878.3 2.52678e+008 
33390.8 2.67739e+008 
34649 3.28307e+008 
35919.4 3.76701e+008 
36876.4 4.09694e+008 
38773.4 4.60437e+008 
40320.5 5.18894e+008 
34940.8 2.28101e+008 
35231.6 2.22018e+008 
35516.8 2.28015e+008 
36433.9 2.48356e+008 
37741.5 2.99955e+008 
38301 3.50691e+008 
39241.7 3.71573e+008 
41452.5 4.04484e+008 
42971.8 4.68139e+008 
36941.8 2.07621e+008 
36878.3 2.0888e+008 
36906.9 2.17546e+008 
37824.4 2.49402e+008 
38815.5 2.86309e+008 
38761 3.09833e+008 
39968.9 3.34573e+008 
42721.5 3.9442e+008 
44199.2 4.32483e+008 
80.5118 657.475 
83.6167 580.939 
86.5826 505.864 
88.9451 416.146 
90.6927 327.258 
91.8397 245.455 
92.5216 195.138 
92.4798 185.734 
92.7378 159.158 
80.9163 598.995 
84.0562 515.375 
87.4861 429.047 
90.0744 337.977 
91.5392 260.51 
92.255 200.597 
92.4019 178.653 
91.9538 170.296 
91.9782 145.983 
81.6889 546.708 
84.859 461.198 
88.2166 374.797 
90.6409 292.754 
92.0052 220.658 
92.6137 177.313 
92.463 169.07 
91.5902 154.212 
91.298 129.557 
82.6029 477.194 
85.3454 420.772 
88.1889 357.964 
90.3566 291.04 
91.7779 223.619 
92.7092 180.733 
92.5009 164.274 
91.5117 142.658 
91.3072 112.509 
167.319 105.15 
168.498 101.955 
169.492 101.024 
169.903 96.4145 
170.52 95.7961 
170.964 91.0621 
170.862 94.5773 
171.012 91.2087 
171.153 89.9102 
167.895 102.453 
169.217 96.0432 
170.067 90.4545 
170.328 80.0328 
170.673 77.9156 
170.939 81.3545 
170.763 88.2451 
170.698 79.7672 
170.802 78.7065 
168.2 95.1667 
169.525 85.982 
170.371 78.9335 
170.725 70.5462 
171.108 69.9265 
171.252 73.2927 
170.954 79.064 
170.878 71.7248 
171.053 79.0193 
168.4 83.799 
169.711 78.5101 
170.66 74.214 
171.126 68.6476 
171.573 66.8186 
171.686 67.5721 
171.492 70.2324 
171.505 67.531 
171.613 74.9679 
186.7 89.5916 
187.534 84.0708 
188.509 77.3426 
189.127 70.1975 
189.327 67.006 
189.394 66.4919 
189.322 69.8635 
188.9 77.5585 
188.404 84.1651 
185.102 90.285 
186.205 84.5389 
187.086 79.7449 
187.434 77.8422 
187.434 77.802 
187.358 80.5533 
187.233 84.8189 
186.758 91.8481 
186.443 93.1982 
183.742 89.2551 
184.977 84.5117 
185.689 80.8344 
185.752 80.1871 
185.707 82.1296 
185.623 85.7831 
185.498 88.0139 
185.141 90.5611 
185.054 90.5267 
183.324 83.9017 
184.465 83.4693 
185.019 82.722 
185 84.6036 
185.086 87.1148 
185.1 87.7339 
184.985 84.3369 
184.685 84.1613 
184.75 84.9999 
5054.98 3.1331e+007 
4950.52 3.44894e+007 
4871.39 3.64862e+007 
5039.72 3.46975e+007 
5011.5 3.27143e+007 
5081.35 3.30062e+007 
5577.63 4.00117e+007 
5726.79 4.31513e+007 
5654.81 4.13048e+007 
6170.45 4.1981e+007 
6009.55 4.25416e+007 
6035.75 4.28252e+007 
6189.33 4.04762e+007 
6307.04 4.1353e+007 
6437.23 4.63687e+007 
6494 4.58327e+007 
6467.06 4.46462e+007 
6291.17 4.31624e+007 
6785.71 4.28552e+007 
6719.76 4.41544e+007 
6934.25 4.54789e+007 
7215.98 4.54843e+007 
7274.54 4.64748e+007 
7122.54 4.93595e+007 
6939.69 4.58093e+007 
6832.67 4.30812e+007 
6531.84 4.08945e+007 
7216.06 4.2824e+007 
6918.36 4.24568e+007 
6995.47 4.3404e+007 
7182.85 4.60491e+007 
7035.73 4.45709e+007 
6689.31 4.27597e+007 
6601.78 4.25184e+007 
6691.78 4.14083e+007 
6436.69 3.72902e+007 
3900.15 1.59821e+007 
3839.5 1.58462e+007 
3760.6 1.56573e+007 
3891.05 1.72115e+007 
4022.25 1.75388e+007 
4082.7 1.73511e+007 
4117.57 1.74732e+007 
4135.71 1.80261e+007 
4128.96 1.70417e+007 
4619.18 1.62221e+007 
4530.57 1.52919e+007 
4512.21 1.51724e+007 
4612.84 1.51543e+007 
4710.86 1.6629e+007 
4663.26 1.79852e+007 
4512.39 1.76243e+007 
4566.39 1.77e+007 
4639.68 1.82814e+007 
5022.56 1.61066e+007 
4945.27 1.37699e+007 
4996.61 1.42503e+007 
5129.77 1.51627e+007 
5113.05 1.56406e+007 
4900.9 1.6218e+007 
4792.61 1.59638e+007 
4925.31 1.61368e+007 
4994.38 1.80341e+007 
5347.18 1.49489e+007 
5184.54 1.29597e+007 
5229.06 1.46902e+007 
5348.46 1.68339e+007 
5203.31 1.72124e+007 
4969.35 1.6695e+007 
4983.64 1.65378e+007 
5207.89 1.85201e+007 
5181.4 1.86308e+007 
4887.29 1.27574e+007 
5085.33 1.33873e+007 
5099.92 1.46714e+007 
5054.6 1.36474e+007 
5401.1 1.6964e+007 
5560.77 1.81149e+007 
5361.72 1.86868e+007 
5537.76 2.07342e+007 
5608.2 2.01974e+007 
5236.07 1.31712e+007 
5449.09 1.39016e+007 
5447.42 1.47344e+007 
5500.83 1.51471e+007 
5867.63 1.96556e+007 
5942.78 1.97325e+007 
5739.02 1.96556e+007 
5923.94 2.06749e+007 
6086.04 2.10195e+007 
5437.06 1.26097e+007 
5643.22 1.32038e+007 
5632.03 1.34486e+007 
5727.09 1.41964e+007 
6034.13 1.73944e+007 
6012.15 1.73632e+007 
5969.31 1.68018e+007 
6252.63 1.82759e+007 
6421.18 1.79896e+007 
5700.02 1.23038e+007 
5859.84 1.34177e+007 
5812.15 1.354e+007 
5897.75 1.41072e+007 
6101.04 1.47981e+007 
6027.01 1.38588e+007 
6140.32 1.37109e+007 
6547.08 1.50271e+007 
6641.39 1.47041e+007 
8090.56 4.8307e+007 
8579.26 5.34506e+007 
8650.87 6.17073e+007 
8510.52 5.73815e+007 
8834.11 6.78431e+007 
9345.6 7.61725e+007 
9482.03 9.07472e+007 
10310.4 1.02715e+008 
11505.6 1.34148e+008 
7752.01 3.88121e+007 
8107.39 4.11909e+007 
8112.71 4.75445e+007 
8105.3 4.83238e+007 
8616.61 6.20959e+007 
9292.62 7.82234e+007 
9687.88 9.85666e+007 
10604.1 1.1592e+008 
11861.7 1.40105e+008 
7585.7 3.27498e+007 
7896.79 3.43249e+007 
7902.83 3.83954e+007 
8084.74 4.8298e+007 
8851.4 6.7877e+007 
9604.49 9.13079e+007 
10275.4 1.11973e+008 
11455.6 1.34636e+008 
12608.4 1.52949e+008 
7604.61 2.83021e+007 
7947.1 2.9937e+007 
8180.65 3.68188e+007 
8710.01 5.7795e+007 
9605.54 8.43831e+007 
10246.6 1.03067e+008 
11065.3 1.20107e+008 
12324.5 1.46441e+008 
13359.4 1.6153e+008 
3961.98 8.55518e+006 
3896.01 8.076e+006 
3766.97 8.05445e+006 
3637.26 6.72597e+006 
3786.91 8.42473e+006 
4169.8 1.47901e+007 
4603.16 2.02174e+007 
5019.04 2.15199e+007 
5273.75 2.20028e+007 
4499.7 1.08499e+007 
4434.76 9.49516e+006 
4345.52 1.06262e+007 
4315.58 9.5264e+006 
4414.92 1.0599e+007 
4696.74 1.44093e+007 
5123.14 1.96573e+007 
5695 2.22591e+007 
6011.43 2.32566e+007 
5162.23 1.3856e+007 
5141.96 1.36494e+007 
5018.17 1.35016e+007 
4961.27 1.33287e+007 
5046.15 1.31886e+007 
5165.01 1.3029e+007 
5512.1 1.85966e+007 
6116.46 2.23361e+007 
6540.31 2.56641e+007 
5774.58 1.79834e+007 
5760.71 1.77266e+007 
5510.39 1.63137e+007 
5376.73 1.44602e+007 
5460.9 1.51276e+007 
5432.95 1.39212e+007 
5598.16 1.81224e+007 
6161.52 2.14486e+007 
6623.15 2.34516e+007 
3792.83 1.18648e+007 
3677.62 1.16536e+007 
3667.77 1.21915e+007 
3813.26 1.29064e+007 
3860.85 1.2719e+007 
4083.24 1.40393e+007 
4595.3 1.72755e+007 
4876.88 1.89454e+007 
4940.47 1.93576e+007 
4411.49 1.34593e+007 
4359.72 1.35976e+007 
4424.65 1.39654e+007 
4666.98 1.51437e+007 
4731.97 1.4052e+007 
4886.73 1.53657e+007 
5319.97 1.78738e+007 
5516.93 1.9254e+007 
5430.47 1.85978e+007 
4947.53 1.37164e+007 
4884.59 1.37993e+007 
5032.93 1.4716e+007 
5315.09 1.56461e+007 
5422.25 1.52555e+007 
5495.9 1.68228e+007 
5752.56 1.82376e+007 
5869.8 1.79448e+007 
5875.7 1.67036e+007 
5299.38 1.33584e+007 
5207.78 1.36998e+007 
5179.15 1.39926e+007 
5308.63 1.51491e+007 
5408.95 1.58489e+007 
5395.77 1.54709e+007 
5579.68 1.63558e+007 
5788.74 1.75641e+007 
5957.22 1.72935e+007 
