35705.3 6.04313e+006 
43413.4 3.87126e+006 
46333.3 5.08251e+006 
53008.5 6.77617e+006 
46928.4 2.93849e+006 
50970.2 8.14748e+006 
50394.7 4.88038e+006 
31372.2 2.85743e+007 
23394.2 9.79838e+006 
41206.1 2.56218e+006 
37554.2 5.86401e+006 
31125 5.26311e+006 
45445.5 7.15513e+006 
47236.7 7.13166e+006 
52602.4 1.13895e+007 
54561.4 8.76507e+006 
28864.6 2.89114e+007 
18581.3 8.46885e+006 
44764.5 3.53785e+006 
36477 2.30092e+006 
34178.1 1.33601e+007 
47425.6 5.16966e+006 
47391.5 5.87871e+006 
52427.4 1.05781e+007 
52213.1 3.0497e+006 
33530 1.19337e+007 
29664.9 9.90856e+006 
39120.9 4.90805e+006 
39323.3 3.83901e+006 
47292.9 4.25339e+006 
62556.3 3.35616e+006 
56949.4 1.28942e+007 
49224.4 7.14258e+006 
46627.9 2.31374e+006 
41437.4 6.2684e+006 
45980.4 1.35548e+006 
99.3969 3.95093 
87.8247 14.1771 
76.3876 12.3682 
78.1206 5.66657 
77.4721 1.27371 
81.6175 2.1824 
79.587 2.92533 
80.6455 5.22131 
95.67 10.9084 
90.8213 13.5325 
79.2005 4.85941 
70.5654 0.504027 
73.6315 0.491427 
75.3459 2.69952 
81.737 3.01274 
81.3714 0.580501 
82.865 5.11227 
97.6902 7.21056 
85.2219 3.84886 
80.2002 0.467708 
78.5503 0.986328 
78.8595 2.04995 
78.7283 6.36979 
80.6036 1.97327 
77.4756 0.771613 
79.739 3.14447 
92.6224 11.613 
94.0423 5.52435 
91.7977 7.208 
89.4316 5.78649 
88.4656 4.56842 
90.2466 6.36333 
89.1039 3.944 
79.1664 1.62233 
79.1056 5.20176 
86.5683 1.70069 
169.39 0.138914 
167.548 1.20057 
165.169 4.29455 
162.249 5.12356 
156.726 2.89502 
160.516 5.59468 
182.29 14.041 
186.372 2.16568 
173.671 5.33577 
169.454 0.739131 
162.613 4.70487 
154.452 6.97808 
149.972 5.753 
146.515 2.29871 
155.897 12.0866 
182.489 15.9362 
186.943 4.12518 
173.288 5.26435 
167.252 2.01648 
158.668 3.62438 
151.054 0.750666 
148.561 0.472334 
146.24 1.41283 
154.237 19.1647 
179.755 16.7341 
186.107 3.78715 
174.153 4.233 
165.329 0.727349 
159.502 0.784636 
156.423 1.80583 
157.509 3.4524 
157.131 4.89926 
161.793 24.363 
180.893 14.0584 
185.312 5.57345 
175.871 2.36047 
194.505 0.92341 
190.004 1.64428 
187.996 1.19024 
186.591 0.385908 
188.838 0.114252 
189.011 0.523507 
189.243 0.339836 
192.586 0.295386 
192.154 0.374462 
194.025 1.92182 
186.368 3.5458 
184.452 1.04761 
185.749 1.2166 
189.597 0.326617 
188.873 0.261346 
187.554 0.188391 
191.965 0.836716 
192.72 0.273325 
193.88 1.54708 
185.224 1.98624 
183.256 2.32783 
188.075 1.99702 
193.313 0.344213 
192.774 0.299638 
189.555 0.286625 
192.365 1.07572 
193.928 1.63786 
194.433 0.26718 
189.749 1.75596 
190.082 5.02988 
195.256 2.84958 
197.853 0.552691 
195 0.347582 
190.624 0.374564 
192.58 0.67156 
196.431 1.06725 
902.278 585912 
7515.27 2.53857e+006 
18334.9 2.53183e+006 
13742.4 5.96619e+006 
5302.01 6.08675e+006 
6535.61 7.46881e+006 
4274.41 2.9329e+006 
1398.04 499803 
1503.39 629430 
4771.83 176949 
4557.68 263423 
8049.7 2.28083e+006 
6778.17 3.14475e+006 
3032.05 1.14078e+006 
5522.08 343517 
3947.4 1.40271e+006 
640.395 121199 
640.494 110010 
10236.6 591531 
6455.4 1.32829e+006 
6582.16 412440 
11260.5 2.95075e+006 
16071.8 1.44161e+007 
15165.6 7.83666e+006 
6407.44 4.32077e+006 
6255 3.69146e+006 
13485.5 5.11179e+006 
7169.06 531572 
9523.27 172090 
15649.1 857127 
23772.9 3.0496e+006 
25980 2.04617e+006 
16321.9 7.40033e+006 
5441.44 2.20295e+006 
12008.8 6.16917e+006 
25119.5 4.09577e+006 
3259.87 2.26561e+006 
10257.7 1.18077e+006 
15371.5 3.07568e+006 
10659.8 3.06893e+006 
6933.88 1.80533e+006 
10947.4 2.01547e+006 
7983.83 4.89645e+006 
1878.22 2.16658e+006 
1657.78 737867 
5741.72 210517 
6561.09 720637 
6623.75 2.90487e+006 
4821.01 1.34703e+006 
4459.8 1.32413e+006 
7415.42 1.33168e+006 
5270.93 3.54578e+006 
994.776 324805 
884.551 94347.4 
7657.29 85807.3 
7676.84 68020.2 
6300.46 513052 
6230.13 126280 
4830.84 148621 
3971.08 253441 
3384.49 490224 
1932.21 280214 
1885.48 166926 
3807.67 504123 
6884.49 359898 
7317.04 170778 
6120.36 166447 
5103.86 203033 
4384.77 106840 
3913.54 329870 
2963.61 153811 
2681.21 125181 
10221.4 1.46455e+006 
10268.3 353396 
3917.45 1.27239e+006 
4788.3 413126 
8536.45 1.54371e+006 
12483.6 1.30622e+006 
11262.3 639830 
7256.85 949463 
4859.12 1.21018e+006 
11263.9 844643 
10116.1 712983 
4300.82 742556 
4207.41 59884.8 
7678.94 1.71159e+006 
10663.5 1.08761e+006 
10121 555292 
6045.44 1.10904e+006 
3342.18 401142 
7107.5 701158 
6635.05 355548 
5729.49 343029 
5511.68 83154.6 
3726.05 552388 
5916.02 1.10425e+006 
9291.31 457423 
5196.66 1.55592e+006 
2323.9 360401 
4635.6 441724 
4573.65 247196 
4914.55 192284 
3782.36 330539 
3077.5 216455 
7540.7 2.48571e+006 
11101.6 1.28765e+006 
6342.34 1.32635e+006 
1920.88 995049 
17284 6.10428e+006 
10227.2 2.7613e+006 
1981.29 650433 
6462.86 2.16997e+006 
8127.6 2.78605e+006 
8293.36 6.01443e+006 
15924.9 1.26914e+007 
16034.9 4.42366e+006 
10082.4 3.67223e+006 
12708.1 2.64074e+006 
8824.75 1.13982e+006 
2993.64 765523 
11837.7 1.27336e+006 
13552.7 654651 
10762.7 6.81345e+006 
20584 9.55823e+006 
17797.6 9.13906e+006 
9385.99 4.83119e+006 
6586.95 3.39217e+006 
4034.13 189857 
3575.56 165122 
9077.59 2.85697e+006 
8643.22 5.55763e+006 
10871.6 5.33276e+006 
18419.6 2.77024e+006 
11082.2 9.63285e+006 
3814.39 2.73591e+006 
8597.56 1.59554e+006 
3951.62 1.02388e+006 
2963.58 161365 
2201.38 329994 
2054.5 168873 
12055.6 6.70497e+006 
17804.4 1.48553e+006 
8170.75 5.63822e+006 
2069.26 861578 
3141.52 118529 
2932.52 77718.9 
2504.5 1.27673e+006 
11234.1 496342 
12325.8 1.27408e+006 
7844.72 4.17278e+006 
7511.7 1.02602e+006 
3471.83 1.31933e+006 
3825.68 2.1134e+006 
3865.85 265240 
3838.98 226469 
3969.97 1.17454e+006 
12286.8 333581 
13435.5 956159 
10877.6 803490 
9298.27 1.1223e+006 
2465.58 1.17351e+006 
3189.55 2.99966e+006 
5097.81 379464 
4613.34 454576 
5318.37 906457 
6784.44 254840 
5865.73 3.05061e+006 
8143.38 2.49308e+006 
8486.39 868182 
3479.89 1.11516e+006 
2093.08 481780 
6206.87 466777 
5228.12 202441 
5068.95 216943 
6357.09 158155 
4397.51 993641 
3685.9 448697 
5248.54 616402 
3681.55 1.03245e+006 
1646.23 225971 
896.304 131935 
2212.4 131846 
4223.67 930892 
6121.01 105583 
5702.67 914239 
4865.48 482725 
3437.53 614658 
1332.35 435046 
1465.8 186294 
2854.65 188979 
3655.56 84591.1 
5187.09 421069 
5514.27 476652 
5077.72 206499 
7361.19 213553 
5339.8 1.64047e+006 
920.781 339967 
1138.49 113846 
8078.33 1.0382e+006 
7062.22 1.04578e+006 
6672.07 1.30075e+006 
8561.23 2.71078e+006 
8253.91 2.15028e+006 
8359.67 390663 
6223.86 365047 
5584.06 938076 
6062.58 687879 
8704.16 728130 
9162.13 400316 
11379.7 960135 
20322.1 910970 
16336.1 2.7849e+006 
5235.59 965526 
3118.32 935695 
8270.44 1.01828e+006 
12543.3 1.49803e+006 
