34343.3 36056.2 38609.4 32158.7 34422.7 35147.2 32027.6 34062 39601.9  
44205.9 46080.8 45044.5 41968.2 44319.1 46764 43412.9 45256.5 44636.7  
47364.7 44129 45735.3 48179.9 47157.3 47109.4 46242.6 47265.7 39882  
54299.5 51069.9 48299.6 55200.4 53510 50687.9 53860.2 53138.8 47285.9  
47473.8 46164.6 45024.1 47109.9 47954.8 46604.2 43553.4 47374.6 46467.8  
51285.6 50570.3 53501.9 51000.6 53572.4 51745.8 45147.3 53903.2 55068.4  
49011 50513.1 47931.3 48422.7 49836.9 47896.2 48326.9 48908.5 52410.8  
32474.6 26600.9 22839.7 32877.5 26159.2 24167.3 36245.3 29162.1 22703.8  
22421.1 17880.2 21967.5 25881.4 22015.6 23931.9 23895.6 22374.2 16594.1  
42171.6 40220.4 39435.9 40657.2 42705.3 40754.9 41216.6 42662.7 40705.3  
40639.1 36561.2 33866.5 40681.5 38900.9 37240.6 38376.7 40805.9 34287.1  
30772.3 28720.4 32298.9 33527.1 30925.6 31543.4 29864.8 30708 26647.4  
47999.7 43712.2 42249.4 48702.8 46966.2 43792.3 46444.3 46826.1 40228.7  
49378.3 49495.2 49754.9 46186.3 49672.3 50821.8 42300.3 49275.1 48209.1  
53480.4 55227.4 57631.7 51801 56788.1 56161.8 48939.6 56968.4 55980.2  
56784.9 53554.1 48671.1 56862.8 55685.6 49710.4 56024 56666.2 52515.6  
28682.7 23918.1 21097 29162.6 22250 21418.1 34499.6 24628.9 21612.6  
14839.9 14411.1 19221.3 18392.5 17201.8 22263.7 20233.8 14808.9 14020.8  
43405.8 45278.9 43868.8 44506.3 45284.6 44971.3 45726.9 44118.3 45539.1  
35344.1 37169.4 35583.4 38720.3 37930.9 37267 39063.3 34758.7 37801.5  
31340.2 37609 41276.1 30994.1 33841.4 37699.9 32125.5 31274.6 39720  
47529.6 49702.6 49713.2 47694.6 48980 49039.8 47603.6 47081.3 50810.5  
48681.8 47688.8 47598.8 50476.1 50657.6 49813.5 48241.3 48580 46919.6  
53195.1 55638.3 54528.4 55319.3 56695.8 53358.8 51364.2 55067.1 53648.5  
53150.6 52158.1 48985.1 54073.9 52814.8 49251.4 52187.4 53039.5 51559.3  
30736.5 29714.5 30302 31097.8 28627.9 31082.5 36478.3 28505.2 32446.7  
23402.4 28696.4 29919.5 28313.7 28002.5 31027.7 32171 23353.4 31783.6  
40527.2 37817.8 39176.7 36663.4 37638.8 38287 36386.3 42330.1 38766.5  
40273 36468.3 37472.1 41274.1 39036.8 37149.2 41624.9 42091.7 37330.2  
49335.3 45795.3 49572.3 45872.4 46229.5 47749.4 44461.9 51255.7 46574.1  
65093.5 61432.5 63483 62148.8 63078.8 63258.9 61779.9 65832.6 64220.9  
56944.2 57688.9 53187.1 61595.5 58485.6 54851.8 64990.4 55976.8 59534.2  
51499.5 52838.6 48465.3 53246.1 51381.1 47352.7 51801.5 51019.3 51233  
46743.3 46641.8 47720.1 46569.2 47270.2 48312.1 43182.7 46748.5 46508.1  
38020.8 38588.2 41255 38596 40010.3 43585.6 41100.7 38210.6 40715.1  
45823.5 44898.9 44839.5 46008 45794.7 44807.6 47630.3 46193.8 46789.8  
100.894 98.5439 95.9949 102.093 101.162 99.1308 102.049 100.89 97.3893  
89.8113 84.37 81.3126 92.4861 88.9344 85.3991 89.6662 88.9644 81.2965  
78.3197 71.954 72.3143 79.8644 76.5278 74.2732 75.5933 78.3197 70.3473  
80.2671 75.3984 75.2516 80.6032 78.1385 76.2983 77.5417 79.8139 74.5749  
78.3169 76.6535 77.7772 77.9539 77.6858 77.9741 75.649 78.3169 76.7137  
81.5508 83.3201 82.9352 80.9729 81.3878 81.0085 79.5008 82.0367 84.2151  
76.9428 79.6963 80.1663 77.1667 77.7549 79.3461 79.8039 76.9428 80.5143  
78.8648 81.1956 84.4658 78.8648 81.6763 85.9472 79.5695 79.7152 82.8084  
97.9922 99.4627 99.1445 97.1163 98.5551 98.8493 93.9811 97.9922 99.5978  
93.1862 87.2457 84.3582 95.4509 92.0029 87.7721 93.654 92.7292 85.1505  
79.6841 77.5098 75.6521 81.7979 79.3207 77.4847 80.0749 78.7283 76.5986  
69.9442 70.3803 70.2325 70.9263 70.972 70.7985 71.2962 69.9442 71.2069  
74.2504 72.8861 72.6974 74.6968 73.9736 73.2319 74.5225 73.9379 72.8825  
75.2952 76.4372 78.757 73.9803 75.7698 78.1338 72.8792 75.2952 76.3778  
83.7567 83.4762 82.7031 82.3637 82.8665 81.5623 80.9305 84.4538 82.772  
81.0591 80.558 80.9945 80.5296 80.7763 81.0564 81.0826 81.0591 80.1775  
80.985 82.5992 86.3061 81.075 83.8251 88.1886 80.744 81.8507 84.566  
99.8782 100.398 100.043 99.4211 99.9467 99.6624 96.2185 99.8782 100.534  
84.7882 84.3873 82.0137 88.7143 86.9094 84.9663 87.9837 83.9515 84.0582  
79.2609 80.7769 80.4645 80.5136 80.6925 80.7862 80.3646 79.0969 81.3185  
77.7582 79.4281 79.9348 78.062 78.4281 78.7894 79.2926 77.7582 79.7472  
77.0152 80.0538 79.9688 78.6526 78.8 79.5204 80.2294 76.567 80.7239  
76.1435 81.405 81.7149 77.0509 79.6757 81.8121 78.5882 76.1435 82.9587  
81.2271 82.32 80.3028 81.743 81.3833 80.0067 81.4873 81.0632 81.8386  
77.2743 76.5491 77.0701 77.0671 77.3572 77.5251 76.4818 77.2743 76.342  
80.3157 78.237 81.4315 79.3003 81.2522 83.3432 77.4804 81.7754 78.9989  
98.8103 91.7023 92.6125 96.426 94.9366 92.9276 91.4135 98.8103 89.4471  
91.8945 96.4139 95.1501 95.4624 96.0152 96.4139 96.4225 90.5727 97.5592  
89.4379 95.0053 94.4603 91.1106 93.3822 94.9342 92.2111 88.143 95.8043  
86.6236 91.6123 92.2377 88.6899 90.0692 91.7627 89.8076 85.3246 92.1308  
85.6528 90.5865 90.0891 88.1212 89.2364 90.2119 88.8038 84.2648 91.037  
87.7728 92.8517 93.1651 88.4305 90.9639 93.213 88.3643 87.2241 93.9423  
88.4629 90.3214 87.6865 89.3462 87.8642 86.3451 91.8754 86.954 89.7551  
77.8225 78.9362 78.033 78.6036 78.5702 78.033 80.1052 77.4979 79.1311  
77.4881 79.7326 82.5778 77.808 80.9313 84.044 76.0905 78.2642 80.8436  
87.0109 87.3889 87.5739 87.2732 87.3505 87.7013 86.8337 86.0809 86.6184  
169.502 169.295 168.892 169.503 169.614 169.33 169.579 169.529 169.32  
168.383 166.456 165.755 168.752 168.119 166.985 167.998 168.162 165.375  
166.614 162.646 161.888 167.41 165.633 163.683 165.739 166.614 161.275  
164.356 160.065 159.036 164.678 162.895 160.652 162.346 163.948 158.079  
157.842 154.817 155.071 158.224 156.828 156.028 156.484 157.842 153.795  
159.774 159.859 164.232 159.955 161.995 166.124 157.385 160.944 161.635  
184.752 185.991 187.149 183.447 185.619 186.937 179.074 184.752 186.292  
187.385 187.177 184.531 187.385 185.843 182.816 187.969 186.803 186.339  
171.514 171.328 171.559 172.081 171.517 171.646 174.953 171.514 171.351  
169.903 168.975 167.687 170.392 170.092 168.995 170.389 169.922 168.807  
163.795 160.75 158.841 165.459 163.163 160.684 164.073 162.972 159.3  
155.462 151.526 150.219 157.324 154.059 151.624 155.503 155.462 150.935  
152.229 147.752 146.702 152.364 149.805 147.593 149.994 151.659 146.711  
148.247 145.105 146.088 147.407 146.493 146.381 145.037 148.247 144.596  
155.555 155.305 161.413 154.503 157.938 163.701 150.79 157.491 157.632  
186.048 185.405 187.2 184.285 185.982 187.293 179.164 186.048 184.859  
188.767 187.4 184.077 188.638 186.454 182.313 189.051 188.12 185.601  
171.318 171.13 171.328 171.712 171.328 171.491 174.243 171.318 171.023  
167.97 166.034 164.512 168.941 167.839 166.196 168.537 167.951 165.552  
159.244 157.286 155.462 161.475 159.2 157.045 160.429 158.201 156.283  
150.42 150.562 150.081 152.039 150.733 150.187 151.966 150.42 151.067  
147.817 149.267 148.828 148.59 148.592 148.801 149.19 147.456 149.933  
144.956 147.422 147.53 145.748 146.64 147.675 146.718 144.956 148.308  
151.839 155.414 161.443 152.133 157.554 163.843 149.54 154.298 158.697  
182.174 182.836 185.396 180.799 183.247 185.512 176.36 182.174 182.602  
187.44 186.916 183.457 187.689 185.128 181.68 188.383 186.304 185.263  
171.042 173.58 173.199 171.978 172.418 173.133 174.546 171.042 174.285  
165.38 164.814 163.84 166.512 165.62 164.814 166.227 165.173 164.678  
159.035 159.651 158.703 160.971 160.046 159.525 160.468 157.94 159.34  
155.05 157.699 158.148 155.947 156.724 157.848 156.063 154.438 158.127  
155.65 159.272 159.738 156.643 157.902 159.598 157.185 155.023 160.485  
154.698 159.545 159.211 156.616 157.862 159.317 157.981 153.896 160.818  
157.991 164.957 169.576 159.391 165.454 171.635 157.975 159.602 168.231  
181.605 184.187 185.869 180.796 183.467 185.869 178.696 181.503 184.549  
186.97 185.438 181.984 186.796 183.662 180.026 187.831 185.787 183.835  
174.943 174.982 174.732 175.029 174.832 174.646 175.444 175.131 175.252  
194.546 193.633 192.703 195.709 194.879 193.78 195.308 194.309 193.357  
190.342 188.61 188.007 191.333 190.147 188.881 190.31 189.882 187.914  
187.967 186.663 186.386 188.552 187.572 186.786 187.727 187.967 186.388  
186.381 185.948 186.24 186.33 186.276 186.334 185.677 186.509 185.881  
188.838 188.633 188.601 188.695 188.737 188.682 188.172 188.838 188.434  
189.009 187.869 188.053 189.056 188.814 188.848 189.065 188.876 187.412  
189.697 188.651 189.432 189.634 189.643 189.801 188.484 189.697 188.202  
193.001 193.179 193.11 193.001 193.138 192.848 192.068 193.142 193.354  
191.651 192.532 193.213 191.593 192.362 193.165 192.234 191.651 192.805  
194.404 192.942 191.37 196.293 194.954 193.057 195.828 194.238 192.806  
187.029 184.422 183.405 188.825 186.607 184.548 187.528 186.297 183.48  
184.087 183.808 184.831 183.715 183.182 183.987 183.082 184.087 183.503  
184.542 186.252 187.158 184.013 185.269 186.655 184.517 185.028 186.995  
189.193 190.197 189.689 189.313 189.777 189.672 189.71 189.193 190.576  
188.101 188.72 188.739 188.523 188.534 188.867 189.296 187.772 189.058  
187.218 187.656 188.343 187.487 187.742 188.402 187.494 187.218 187.798  
193.002 192.442 192.429 192.927 193.008 192.571 191.508 193.352 192.276  
193.251 192.636 193.188 192.893 193.264 193.61 192.57 193.251 192.496  
193.804 192.757 191.564 195.691 194.387 192.769 195.509 193.782 192.801  
184.629 184.547 183.1 187.427 185.867 184.621 186.97 183.735 184.2  
181.922 184.433 185.597 181.622 182.833 185.071 181.546 181.922 185.365  
186.974 189.046 190.142 186.404 188.043 189.698 186.668 187.67 190.461  
193.386 193.848 194.13 192.947 193.33 193.616 192.655 193.386 194.12  
192.292 192.888 192.703 192.173 192.212 192.119 193.45 192.072 193.121  
189.177 189.425 189.379 189.507 189.179 189.264 190.676 189.177 189.503  
192.091 193.33 193.754 192.448 193.107 193.99 191.806 192.208 193.628  
192.548 195.378 195.23 193.049 194.326 195.347 193.818 192.548 196.096  
193.837 194.647 194.323 194.887 194.674 194.647 194.778 193.575 194.931  
188.285 190.781 190.17 190.931 190.54 190.757 190.983 187.143 191.202  
188.779 192.766 193.381 188.636 190.77 192.966 188.926 188.279 193.629  
194.249 196.753 197.86 194.062 195.948 197.564 194.638 194.657 197.747  
197.634 198.501 198.447 198.334 198.564 198.383 198.87 197.255 198.615  
194.923 195.329 194.189 195.335 194.975 193.999 196 194.422 194.921  
190.154 190.036 189.891 190.561 189.75 189.891 191.421 190.217 190.122  
192.425 192.897 193.618 192.368 192.871 194.012 191.839 192.673 193.46  
196.498 197.587 197.858 196.214 197.255 197.888 195.328 196.575 198.057  
501.733 1482.42 2102.94 384.267 441.297 820.24 355.937 525.718 2783.15  
7883.02 8060.84 10316 5595.91 7376.79 9577.46 5494.35 9106.46 7907.38  
20150.1 18316.9 17715.8 18409.3 19451.5 19207 18067.9 20108 14960.1  
14756.6 11772.1 9685.87 16221 14505.8 12073.2 16148.7 13677.1 8558.9  
6786.27 1623.49 2042.17 7178.14 5766.5 3594.75 4977.62 6772.09 1024.11  
8932.05 2823.52 2596.73 8706.41 6127.28 3221.16 3127.26 8722.13 3220.76  
4193.87 2003.18 1497.17 4834.23 2546 1465.4 2409.4 4185.1 2732.33  
972.718 600.117 627.008 984.786 988.998 1031.5 1599.48 970.685 108.764  
1257.45 946.057 1014.68 1215.18 1487 1516.26 1079.39 1254.82 381.569  
4977.24 5136.77 4681.84 4886.96 5137.62 4938.47 5405.62 5097.33 5290.57  
4842.22 3953.38 4064.85 5335.14 4899.92 4186.6 4703.98 4625.12 3944.77  
9495.82 6734.2 6630.29 8980.69 8780.7 8193 7465.61 9475.97 4541.59  
7592.73 5214.66 4304.99 8880.76 7456.76 6437.99 8090.84 7325.54 2909.74  
1791.73 2540.74 4890.11 2496.97 2559.07 4559.61 2773.45 1787.98 2777.44  
5522.15 5984.05 5819.82 5249.4 5398.41 5427.07 5568.1 5492.13 5975.24  
4503.63 3944.2 1700.3 4644.02 3875 1736.92 5216.4 4494.22 3775.15  
164.053 418.25 418.25 285.235 413.383 407.765 812.037 163.71 638.173  
242.258 635.408 545.625 384.319 623.006 503.423 544.046 241.751 912.074  
10593.9 11085.8 10553.8 10651.4 10947.9 10696.7 11692.9 10775.1 10515.4  
6197.26 6235.99 5105.27 8363.1 7630.63 6089.4 8416.93 5323.96 5934.49  
6018.32 6314.61 6761.67 5928.61 5968.05 6410.3 6290.5 6005.74 6768.28  
10041.9 12232.4 13096.8 10423.2 11464.6 12754.1 10231.5 10681.1 13655.5  
13641.1 19110.9 22512.4 14766.6 17472.9 20813.1 14338.5 13612.6 19842.3  
13925.3 17160.9 15196.6 16682.5 15618.1 13953.7 20012.5 13134 15626.6  
6068.75 6681.8 3524.06 7911.16 6257.73 3380 10843 6056.06 6506.86  
4916.36 6993.12 8575.87 5474.1 6988.46 9057.49 4209.59 5532.22 10134  
10871.5 15581 15623.7 13364.3 14550.8 14712.4 12318 10848.8 17688.5  
7100.95 7299.95 8773.79 6540.33 6417.81 7390.52 6868.66 7475.68 7741.87  
10127.6 9307.79 9673.66 9641.87 9937.75 9562.36 9963.98 9880.53 9494.43  
16754.3 15116.1 15480.9 14889.5 15300.3 15651.1 14301.1 17268.7 15863.1  
24275.6 23766.2 25786.7 23290.7 23673.6 25991 22597.5 25407 26255.4  
26717.6 26960.7 26670.1 26474.9 26820.2 26773.8 27244 26811.7 28148.4  
16770.2 15555.9 11865.6 17507.2 14916.3 11466.8 20486.3 16141.8 14273  
4692.41 4161.49 3823.44 5266.77 4360.69 3870.87 7335.23 4936.32 4373.37  
11724.1 12846.5 15239.3 11823.6 14406.8 16563 8907.07 13536.3 14855.9  
26086.7 26332.9 26947.9 25601 26710.8 26909.8 22621.9 26422.2 27709.9  
3267.86 4359.07 6137.87 1434.64 2232.15 4113.12 1295.94 3421.54 5541.01  
10366.9 10519 12293.7 9011.56 9753.07 10968.5 8842.55 10982.7 11634.7  
16284.1 13507.7 11769.2 16728.4 16361.6 14149.2 15721.9 16250.1 12431.1  
11377.9 8852.02 7590.7 11423.1 11090.2 9580.52 10680.3 11116 6850.97  
7113.76 5830.93 8058.1 6821.3 7591.41 8959.63 6211.48 7098.89 4897.01  
12939.3 9693.39 9188.04 13126.7 10922.2 9584.83 10872.8 12521.2 9294.66  
8509.74 6105.67 3761.69 9506.09 6383.74 3751.46 8396.54 8491.95 6109.03  
828.517 618.217 623.388 838.795 893.37 819.686 1099.73 841.174 437.715  
1207.05 1091.1 1049.85 1166.48 1328.74 1244.54 870.685 1204.53 849.23  
6242.8 5709.05 5564.25 5749.53 6189.07 5573.1 5993.93 6358.98 6251.77  
6870.92 5476.97 6045.8 6846.14 6068.3 5431.59 5361.2 7229.43 6167.29  
7463.56 4758.36 4708.35 7437.8 5790.67 4587.54 4505.59 7447.96 4637.68  
5262.69 3413.31 3177.12 5411.6 4509 3834.59 3783.06 4997.58 3279.15  
3772.3 4664.12 6366.28 3581.02 4750.08 7008.03 3304.95 3764.41 4474.91  
8815.19 6508.29 6124.83 8433.99 7381.87 6625.93 7531.11 8614.76 4927.21  
6245.57 3576.95 1807.29 6723.86 4625.7 2063.51 6331.29 6232.51 2504.86  
339.685 742.894 643.072 553.588 652.822 639.536 855.82 350.159 707.078  
596.403 806.015 761.649 738.663 805.98 733.438 698.195 595.156 802.29  
8000.54 7770.13 7818.25 7575.08 7853.46 7587.47 8052.99 8058.34 7529.3  
7459.45 7786.42 7604.64 7750.97 7620.03 7441.78 8057.08 7384.59 7996.16  
5761.6 7078.47 7375.29 5823.93 5955.27 7181.84 6227.66 5749.55 7402.8  
6060.23 6479.48 6593.57 6019.91 6191.21 6283.88 6579.57 6147.81 6603.4  
4657.31 4654.94 4632.72 5000.65 4997.12 4508.92 5558.18 4647.57 4776.95  
3437.51 4238.4 3959.46 3799.81 3654.94 3779.58 4461.96 3170.77 4123.42  
2329.9 3197.28 2656.84 2934.48 2985.96 2554.77 3304.05 2325.03 3294.32  
1127.69 1771.46 1802.24 1392.59 1663.11 1830.66 1488.95 1129.61 2009.52  
1502.68 1744.02 1805.82 1421.39 1660.46 1786.4 1832.57 1499.54 1750.18  
4424.73 2963.28 3804.69 3568.27 3420.37 3000.04 3181.7 4442.03 2904.34  
7280.88 6405.38 6205.19 6847.37 6606.9 6252.5 6825.84 7406.04 6491.38  
7130.24 7646.24 7411.72 7081.06 6911.23 7825.82 7332.35 7409.75 7962.08  
6332.79 5837.47 5921.35 6220.29 6214.84 5811.43 6384.68 6930.19 5705.52  
5396.45 4937.86 4824.05 5394.72 5607.74 4838.47 5426.74 5660.94 4648.2  
3913.38 4584.19 4553.52 4052.69 4074.62 4489.56 4304.3 3819.56 4719.98  
3463.91 3283.55 2971.56 3720.69 3366.39 3008.42 3439.88 3578.41 3386.77  
2899.37 2611.34 2596.85 2929.69 2722.49 2648.59 2663.88 2662.51 2665.81  
2572.43 2261.87 2366.31 2553.04 2434.32 2491.2 2937.53 2360.41 2244.03  
10944.7 11366.3 11416.2 8462.35 10631.6 10997.3 8813.82 11131.4 12186.1  
10534.1 11373.9 10592.7 10423 10458.4 10625.1 10834.5 10648.3 11205.4  
3533.95 2860.57 2739.76 5615.1 3823.41 2821.02 4979.69 3526.57 2908.53  
5674.07 4431.84 4543.65 5341.02 4966.94 4558.28 3667.38 5500.17 4562.53  
9592.4 9722.17 9956.11 8591.88 9508.83 9651.81 6103.41 9572.35 9713.11  
12835 13448.4 14034.6 12774.7 13524.6 13508.7 13327.4 13604.3 14124.7  
10679 11303.5 11681.3 11318.8 11554.1 12146.5 12698.6 10656.7 11480.5  
7565.25 6465.62 5833.85 7659.1 6849.82 6651.46 7915.22 6878.19 5573.29  
5299.58 3810.87 3308.07 5948.19 4275.78 3390.59 6544.7 5288.5 3560.07  
12892 10758.6 10960.7 10681.3 11501.9 11164.6 10378.9 13161.9 11151.1  
11613.2 9525.74 9342.45 10936.1 10164.7 9699.92 9688.79 11814 9804.97  
3549.2 3846.72 3937.44 5516.99 4243.16 3845.46 5009.29 3541.79 4225.21  
4525.95 4299.36 4314.37 4638.15 4482.91 4234.74 4201.35 4238.32 4163.01  
9312.98 8890.28 8590.22 8019.26 9088.6 8630.4 5402.47 9293.51 8380.16  
11784.2 10646 11291 11127 11937.1 11395.1 9180.28 12630.5 11210  
10350.1 9105.73 9123.87 11172.8 10129.6 9617.44 10901.2 10328.5 9563.17  
5875.99 5250.78 4714.61 6296.23 4939.69 4902.19 7379.4 4995.07 4590.87  
3085.3 2621.83 2655.37 3645.5 2852.15 2786.66 4152.78 3078.86 2370.74  
7309 6178.18 6410.05 7356.15 6587.35 6376.77 6606.56 7566.17 5968.72  
7159.93 5955.83 6140.33 6729.95 6268.95 6190.79 5834.89 7256.81 5776.98  
5864.75 6367.17 6416.36 5042.82 6011.64 6146.91 5167.94 5852.49 6607.12  
5895.51 5743.04 5441.78 5688.15 5592.54 5286.07 6033.43 5656.07 5457.13  
3550.53 3071.91 2650.72 4529.82 3162.99 2810.42 5054.71 3543.11 2991.07  
5767.36 6637.44 7304.43 5833.29 6676.15 6915.7 3773.89 6398.74 6912.54  
10091.6 9637.67 9661.8 9515.85 10227.4 9718.75 8259.34 10070.5 9702.5  
5360.4 3801.39 3262.71 5210.42 4229.44 3556.6 7038.89 4814.94 3670.21  
1951.05 1543.85 1688.11 2379.79 1694.56 1898.81 2643.35 1946.97 1531.61  
4573.87 4085.51 4102.54 4560.77 3995.08 4136.19 4199.51 4734.17 3996  
4410.75 3767.47 3911.48 4653.3 4376.91 3844.38 4615.9 4551.74 3600.43  
5426.84 4875.1 4871.66 4260.66 5240.1 4833.37 4319.69 5696.32 4774.19  
4474.91 3388.2 3102.53 4044.13 3677.92 3146.13 4068.89 4564.38 2992.85  
2869.72 2938.46 2735.67 3828.62 2839.2 2737.53 3773.73 2601.19 2823.15  
7522.34 9533.45 9969.96 7833.33 9408.1 9877.78 5913.9 7564.75 9519.37  
11585.3 12553.9 12573.7 11940 12578.3 12729.6 10429 11630 12233.7  
5766.94 5597.18 5176.91 5941.91 5157.86 5052.46 7948.33 5402.61 5319.52  
1127.04 888.776 1068.61 1183.49 1006.11 1200.77 2613.99 1167.34 740.541  
15598.9 14440.8 13801.1 18167.5 17131.8 14978.8 17576.8 14778 14287.9  
10066.8 10242 6656.08 11829.8 11169 10027.6 12702.2 9351.76 8138.06  
1488.49 1287.68 2361.98 2500.88 1287.78 1406.73 2236.28 1485.38 1346.92  
5053.32 8086.61 8195.46 5049.83 5389.06 6506.86 6029.45 5059.39 9380.59  
6427.58 10398 9347.66 6412.2 7255.1 8277.55 8070.72 6414.14 11567.2  
5886.19 9874.37 12461.2 5799.21 9952.14 11279.7 6594.42 7901.96 12396.6  
15927 20602.4 21137 12772.5 18656.1 20153.6 11244.8 15893.7 21469  
18206.4 15757.7 13411.8 18432.2 14033.1 12999.3 18195.5 16502.3 14256.2  
9648.56 7026.06 8452.65 12683.3 8478.75 8718.86 12201.5 9628.39 7166.91  
12223.3 10964.7 10489.5 13266.1 12464.5 11269.2 11998 12051.4 11137.2  
9512.07 9102.21 6948.72 9974.64 9465.21 9173.92 10257.8 9388.36 7365.76  
1817.37 2912.52 4557.36 3412.81 2581.77 3087.84 4015.9 1813.57 2951.57  
12475.7 12921.2 12902.2 11657.5 11742.6 11816.7 11335.8 12232.7 12881.3  
14391.4 14410.3 12744.7 13338.2 13457.1 12906.6 13673.3 14361.4 14353.9  
8692.85 12660.7 14788.7 8728.93 13997.8 14345.9 8036.98 11834.4 14393.1  
22542 23927 24120.4 19337.4 24436.6 24553.5 15120.4 22494.9 23654.6  
19959.7 15377.8 13590.9 19605.9 14257 13833.1 21542.7 16941.8 13483  
7465.11 6157.31 8054.61 10149.4 7324.43 9185.95 12653.2 7449.51 5693.13  
5824.17 5137.9 4532.94 6632.48 5601.82 5467.95 5746.96 5922.7 5878.72  
4424.02 3531.04 3681.69 4252.37 3679.29 3979.41 3536.94 4744.2 4160.05  
3307.76 3896.74 4671.52 3239.33 3626.44 3673.43 3265.79 3300.85 3823.49  
11432.8 7910.8 7574.92 10494.2 9942.48 8303.46 8561.12 11057.8 6205.36  
11567 6357.55 5543.49 11015 8694.3 7149.36 8675.81 11542.8 4728.36  
11306.9 12587.7 13596.6 10782.7 12939 13390.4 6280.71 13490.7 13368.3  
20021.4 19961.7 20011.7 18278.2 19980 20428.9 15273.1 19979.5 19400.1  
11580.4 8077.89 7227.18 11129.9 7665.86 7446.44 15733.8 9481.67 6488.54  
2287.32 1647.5 2451.58 3443.89 1870.77 3117 6245.36 2282.54 1639.64  
7462.08 8322.83 7640.37 8395.57 8498.94 8426.09 8297.18 7577.52 8310.87  
3348.14 2747 2741.34 5517.77 4317.88 2817.11 5371.99 3753.29 2728.49  
3225.97 2624.34 2598.57 3309.24 3040.45 2548.19 3078.58 3389.87 2111.6  
2673.54 1698.62 1480.97 2065.32 1987.63 1510.73 2076.22 2459.75 1188.96  
1840.3 1910.06 1930.97 2477.75 1892.28 1869 2687.44 1319.88 2011.96  
13300.5 14615.2 14891.3 13539 14333.2 14496.6 10181.4 13527.4 14809.7  
18580.9 18746.5 18842.9 18404.1 18858.7 19076.7 16526.8 18094.8 18440  
6367.98 6155.04 5859.33 6277.68 5797.73 5845.4 9993.17 5097.31 5761.33  
713.834 1344.23 1555.8 846.345 1309.85 1567.51 2229.32 741.843 1409.49  
3223.17 3292.09 3377.25 3056.12 3297.86 3401.03 3371.77 3359.85 3241.78  
3062.6 3173.99 2527.61 3068.67 3385.01 3119.6 3409.16 2780.7 2812.05  
1635.95 2718.65 5498.25 1597.41 1993.47 3933.24 1998.37 1632.53 2689.29  
10874.6 11733.2 11981.9 10757.7 11064.7 11410.6 11163 11113 12143.9  
11411.1 13963.7 11461.7 11296.8 12244.4 11739.5 12043.5 11387.3 14622.5  
5738.97 10300.8 11055.6 5674 8672.09 10433.5 7805.02 6216.33 10873.6  
6600.68 7931.99 7671.27 6757.49 7826.74 8107.48 10208.3 6586.89 7591.41  
3948.39 2617.75 1784.91 3997.37 2615.2 1929.5 5403.13 3234.97 1969.01  
3756.93 3854.94 6541.53 3658.73 4824.7 7326.13 2192.05 3749.07 3720.64  
3573.74 4374.11 4349.61 3654.18 4239.12 4571.63 4235.19 3644.36 3701.45  
3923.47 4498.99 3966.16 3974.86 4384.79 4689.19 4483.01 3994.26 3369.41  
3218.72 4435.4 6858.23 3452.79 3452.65 5201.95 3729.39 3211.99 4707.55  
12244.5 12562.1 12425.6 11774.2 11989.6 11637.5 12438.7 12289.9 12577.9  
14711.3 13945.7 11552.2 13409.1 13972.7 12174.4 12469.3 14680.5 13587.5  
11236.6 12083.9 12375.8 11170.1 11334.8 11587.6 11261.1 11137 12161.3  
8224.11 9022.71 8784.47 9340.63 8706.96 8590.01 11826.9 8206.92 9030.12  
2059.19 1640.59 1250.49 2036.34 1531.37 1171.55 3083.72 1887.24 1495.51  
2594.78 2997.76 5833.71 2541.1 4194.62 7704.77 1419.85 2589.35 2918.7  
4663.9 5652.8 5441.6 4926.72 5252.67 5632.17 4894.14 4740.64 6468.83  
4149.09 5301.43 5363.55 4170.26 4575.36 5474.3 4574.02 4479.91 6011.31  
4527.83 6261.45 6785.03 4739.7 5637.47 6195.72 4630.02 4518.37 6809.5  
6867.48 6902.03 6456.11 7497.3 6974.71 6417.77 6748.16 6608.03 6756.26  
8003.37 4201.43 3353.64 7883.8 6903.67 4882.02 5722.11 7986.64 3420.03  
10401.7 6581.31 6704.35 9784.04 9533.94 7823.48 7572.3 10634.7 6049.59  
8861.03 7195.92 7268.24 9282.13 8204.24 7540.79 7995.58 8842.5 7237.19  
2935.93 2640.69 2534.86 2931.19 2542.14 2406.88 3253.25 2567.97 2528.78  
1442.04 1369.01 2325.15 1552.33 2200.37 3684.57 2234.6 1439.02 1265.21  
7270.56 6034.18 5872.6 5869.63 6547.08 6109.04 5866.97 7797.85 6274.83  
5673.69 4681.39 4849.13 5634.36 4853.07 4763.88 5518.62 6099.42 5007.95  
5159.15 4938.33 5305.07 4631.45 4784.58 4953.64 4230.22 5402.86 4928.1  
6251.71 6495.8 6364.96 5713.31 6687.21 6220.82 5754.53 6191.9 6516.01  
3805.44 4033.19 3474.44 5843.2 4330.45 3737.57 6321.38 3483.83 4231.08  
4619.23 3225.15 3425.82 4606.24 3481.05 3379.07 3881.68 4529.59 3401.53  
5723.51 4703.74 4810.2 5073.95 4896.18 4869.88 3700.68 5704.83 4758.81  
3021.46 2977.29 2661.19 3247.62 2808.15 2690.93 3741.4 2578.93 2780.58  
1334.59 1008.96 1144.13 1632.95 1258.21 1136.76 2460.64 1319.8 996.106  
806.915 1115.46 1774 653.842 688.018 836.683 613.295 845.49 1561.97  
2292.4 2711.13 2658.51 2039.34 2176.8 2445.71 2130.12 2386.65 2939.15  
4272.08 5437.43 5650.3 3328.8 4239.56 5592.2 3238.49 4263.15 5546.08  
6562.95 6194.13 6301.99 6407.75 6493.36 6558.5 6171.35 6673.12 5789.01  
6142.72 4626.37 4158.36 6809.64 5588.6 4381.01 6146.62 6129.88 4643.91  
4954.05 4429.83 4165.68 4919.62 4374.12 3717.88 3420.44 4937.25 5158.13  
3100.64 2566.4 2182.84 3233.53 2870.3 2271.77 3369.21 3094.15 3028.57  
953.374 541.45 558.701 965.202 778.733 735.779 2032.22 734.786 358.797  
1251.51 1151.21 1600.68 1209.44 1620.66 1735.54 1007.27 1248.89 915.704  
2262.56 3277.13 3389.98 2419.07 3173.2 3237.89 3205.03 2348.7 3173.2  
3877.2 4003.91 3498.49 3614.63 3918 4059.39 3881.89 3754.73 3634.92  
5227.62 6033.22 5607.2 4725.99 6076.62 6627.57 5138.99 5216.69 5583.76  
5898.11 5301.58 5125.13 6340.58 6785.33 5830.73 6594.5 5742.02 4417.63  
5398.6 5044.13 5611.5 5341.61 5844.76 5542.8 4676.82 5387.32 4635.25  
7429.39 7344.49 7231.45 7091.59 6738.03 6780.24 7362.12 7259.57 7313.4  
4919.48 3977.53 3134.76 5644.1 3911.67 3148.96 6627.8 4909.2 3987.6  
284.133 487.785 479.681 385.373 455.711 463.947 825.941 290.928 697.992  
856.023 1192.76 1370.37 933.517 1401.6 1349.47 765.762 854.233 1323.83  
7014.27 9454.06 9112.15 7364.46 9041.41 9210.23 8733.32 7055.41 9178.15  
5954.39 8358.65 7687.88 7453.66 8156.65 8091.36 8643.39 5569.27 7922.48  
5859.89 7690.59 9266.24 6219.73 6642.54 8091.65 6543.57 5847.64 8308.8  
7231.76 10434.9 10550 7571.96 8814.46 9994.5 9449.83 6930.43 12132.8  
7262.46 10292.1 8905.83 7280.27 9426.58 9649.6 8892.03 7247.28 11160.9  
8356.35 8432.54 7766.92 8436.91 8273.6 7495.91 9262.88 8238.28 7567.99  
5777.95 5483.73 5862.51 6152.09 5159.41 5628.19 6512.32 5765.87 5418.28  
4815.77 6429.9 6899.09 4959.63 5538.91 6784.43 4753.82 4978.78 7615.71  
5347.8 6810.99 6025.13 6152.03 6025.52 5828.55 6897.03 5336.62 7908.46  
9694.98 9112.04 8982.71 7728.88 8759.52 9225.09 7972.26 10302.8 9538.58  
9431.95 9559.32 10091.3 8979.41 8944.31 9909 9328.62 10400.7 10007.5  
11638.8 10595.3 13904.4 11700.5 10952.9 11937.2 11199.9 12088.2 10935  
21085 20246.2 20826.4 20815 20837.6 20578.9 20898.1 20279.3 21562.1  
16314.7 16908.6 13551.9 17576.3 16995.7 14895.4 19537 16099.2 17671.3  
5373.9 5324.75 3759.06 5707.61 5167.8 3642.85 7033.92 5436.17 4509.49  
2697.29 3192.59 4698.28 2163.6 3209.94 4756.57 1751.13 2804.12 3315.46  
8240.89 8400.9 9721.49 8375.46 9117.33 10785.3 7846.88 8932.97 9331.95  
13988.9 13062.2 11756.7 14191.2 13075.4 11501.6 14766.9 14182.3 13689.7  
