0 0 18 21
0 10 18 21
0 21 18 21
0 31 18 21
0 42 18 21
0 52 18 21
0 63 18 21
0 73 18 21
0 84 18 21
8 0 18 21
8 10 18 21
8 21 18 21
8 31 18 21
8 42 18 21
8 52 18 21
8 63 18 21
8 73 18 21
8 84 18 21
17 0 18 21
17 10 18 21
17 21 18 21
17 31 18 21
17 42 18 21
17 52 18 21
17 63 18 21
17 73 18 21
17 84 18 21
25 0 18 21
25 10 18 21
25 21 18 21
25 31 18 21
25 42 18 21
25 52 18 21
25 63 18 21
25 73 18 21
25 84 18 21
0 0 18 21
0 10 18 21
0 21 18 21
0 31 18 21
0 42 18 21
0 52 18 21
0 63 18 21
0 73 18 21
0 84 18 21
8 0 18 21
8 10 18 21
8 21 18 21
8 31 18 21
8 42 18 21
8 52 18 21
8 63 18 21
8 73 18 21
8 84 18 21
17 0 18 21
17 10 18 21
17 21 18 21
17 31 18 21
17 42 18 21
17 52 18 21
17 63 18 21
17 73 18 21
17 84 18 21
25 0 18 21
25 10 18 21
25 21 18 21
25 31 18 21
25 42 18 21
25 52 18 21
25 63 18 21
25 73 18 21
25 84 18 21
0 0 18 21
0 10 18 21
0 21 18 21
0 31 18 21
0 42 18 21
0 52 18 21
0 63 18 21
0 73 18 21
0 84 18 21
8 0 18 21
8 10 18 21
8 21 18 21
8 31 18 21
8 42 18 21
8 52 18 21
8 63 18 21
8 73 18 21
8 84 18 21
17 0 18 21
17 10 18 21
17 21 18 21
17 31 18 21
17 42 18 21
17 52 18 21
17 63 18 21
17 73 18 21
17 84 18 21
25 0 18 21
25 10 18 21
25 21 18 21
25 31 18 21
25 42 18 21
25 52 18 21
25 63 18 21
25 73 18 21
25 84 18 21
0 0 18 21
0 10 18 21
0 21 18 21
0 31 18 21
0 42 18 21
0 52 18 21
0 63 18 21
0 73 18 21
0 84 18 21
8 0 18 21
8 10 18 21
8 21 18 21
8 31 18 21
8 42 18 21
8 52 18 21
8 63 18 21
8 73 18 21
8 84 18 21
17 0 18 21
17 10 18 21
17 21 18 21
17 31 18 21
17 42 18 21
17 52 18 21
17 63 18 21
17 73 18 21
17 84 18 21
25 0 18 21
25 10 18 21
25 21 18 21
25 31 18 21
25 42 18 21
25 52 18 21
25 63 18 21
25 73 18 21
25 84 18 21
0 0 18 21
0 10 18 21
0 21 18 21
0 31 18 21
0 42 18 21
0 52 18 21
0 63 18 21
0 73 18 21
0 84 18 21
8 0 18 21
8 10 18 21
8 21 18 21
8 31 18 21
8 42 18 21
8 52 18 21
8 63 18 21
8 73 18 21
8 84 18 21
17 0 18 21
17 10 18 21
17 21 18 21
17 31 18 21
17 42 18 21
17 52 18 21
17 63 18 21
17 73 18 21
17 84 18 21
25 0 18 21
25 10 18 21
25 21 18 21
25 31 18 21
25 42 18 21
25 52 18 21
25 63 18 21
25 73 18 21
25 84 18 21
0 0 18 21
0 10 18 21
0 21 18 21
0 31 18 21
0 42 18 21
0 52 18 21
0 63 18 21
0 73 18 21
0 84 18 21
8 0 18 21
8 10 18 21
8 21 18 21
8 31 18 21
8 42 18 21
8 52 18 21
8 63 18 21
8 73 18 21
8 84 18 21
17 0 18 21
17 10 18 21
17 21 18 21
17 31 18 21
17 42 18 21
17 52 18 21
17 63 18 21
17 73 18 21
17 84 18 21
25 0 18 21
25 10 18 21
25 21 18 21
25 31 18 21
25 42 18 21
25 52 18 21
25 63 18 21
25 73 18 21
25 84 18 21
0 0 18 21
0 10 18 21
0 21 18 21
0 31 18 21
0 42 18 21
0 52 18 21
0 63 18 21
0 73 18 21
0 84 18 21
8 0 18 21
8 10 18 21
8 21 18 21
8 31 18 21
8 42 18 21
8 52 18 21
8 63 18 21
8 73 18 21
8 84 18 21
17 0 18 21
17 10 18 21
17 21 18 21
17 31 18 21
17 42 18 21
17 52 18 21
17 63 18 21
17 73 18 21
17 84 18 21
25 0 18 21
25 10 18 21
25 21 18 21
25 31 18 21
25 42 18 21
25 52 18 21
25 63 18 21
25 73 18 21
25 84 18 21
0 0 18 21
0 10 18 21
0 21 18 21
0 31 18 21
0 42 18 21
0 52 18 21
0 63 18 21
0 73 18 21
0 84 18 21
8 0 18 21
8 10 18 21
8 21 18 21
8 31 18 21
8 42 18 21
8 52 18 21
8 63 18 21
8 73 18 21
8 84 18 21
17 0 18 21
17 10 18 21
17 21 18 21
17 31 18 21
17 42 18 21
17 52 18 21
17 63 18 21
17 73 18 21
17 84 18 21
25 0 18 21
25 10 18 21
25 21 18 21
25 31 18 21
25 42 18 21
25 52 18 21
25 63 18 21
25 73 18 21
25 84 18 21
0 0 18 21
0 10 18 21
0 21 18 21
0 31 18 21
0 42 18 21
0 52 18 21
0 63 18 21
0 73 18 21
0 84 18 21
8 0 18 21
8 10 18 21
8 21 18 21
8 31 18 21
8 42 18 21
8 52 18 21
8 63 18 21
8 73 18 21
8 84 18 21
17 0 18 21
17 10 18 21
17 21 18 21
17 31 18 21
17 42 18 21
17 52 18 21
17 63 18 21
17 73 18 21
17 84 18 21
25 0 18 21
25 10 18 21
25 21 18 21
25 31 18 21
25 42 18 21
25 52 18 21
25 63 18 21
25 73 18 21
25 84 18 21
0 0 18 21
0 10 18 21
0 21 18 21
0 31 18 21
0 42 18 21
0 52 18 21
0 63 18 21
0 73 18 21
0 84 18 21
8 0 18 21
8 10 18 21
8 21 18 21
8 31 18 21
8 42 18 21
8 52 18 21
8 63 18 21
8 73 18 21
8 84 18 21
17 0 18 21
17 10 18 21
17 21 18 21
17 31 18 21
17 42 18 21
17 52 18 21
17 63 18 21
17 73 18 21
17 84 18 21
25 0 18 21
25 10 18 21
25 21 18 21
25 31 18 21
25 42 18 21
25 52 18 21
25 63 18 21
25 73 18 21
25 84 18 21
