303.817 818.586 
304.498 756.379 
307.584 565.816 
312.1 299.777 
313.583 340.397 
315.498 252.064 
315.189 290.765 
313.551 755.668 
302.333 930.978 
304.716 740.395 
308.115 512.943 
312.615 259.942 
314.588 244.609 
316.007 198.002 
316.09 218.044 
314.822 421.155 
300.059 1102.17 
303.735 798.181 
308.144 491.266 
313.059 258.742 
315.219 208.564 
315.867 184.438 
316.233 170.546 
316.12 182.118 
300.329 1140.63 
304.584 717.529 
310.04 401.596 
313.556 224.979 
314.717 197.846 
315.535 172.984 
316.332 153.168 
316.964 141.85 
302.553 999.594 
307.242 586.385 
312.175 298.754 
314.318 155.898 
315.157 152.117 
316.127 169.864 
316.632 167.222 
316.734 160.694 
302.577 932.781 
307.783 499.466 
312.966 199.915 
316.201 95.3882 
316.953 105.001 
317.09 137.1 
317.275 117.457 
316.51 126.876 
300.381 1141.61 
304.477 758.092 
311.216 292.05 
316.293 91.2233 
317.518 92.4188 
318.17 90.2494 
318.501 88.6626 
316.839 108.038 
301.301 1071.9 
303.599 920.873 
308.783 500.364 
314.448 225.399 
316.649 165.817 
317.617 126.725 
318.452 124.976 
317.514 113.514 
302.639 873.792 
304.811 852.622 
308.662 585.607 
314.119 301.584 
316.631 163.869 
317.929 80.4763 
318.692 63.1251 
318.234 82.0305 
68.0413 26.3722 
67.4032 30.2193 
66.7549 33.8289 
66.0536 35.985 
65.433 34.6869 
64.9394 33.1782 
64.3808 33.2713 
63.8144 35.0595 
68.0145 27.0867 
67.2897 32.1541 
66.614 35.448 
65.9281 37.1037 
65.3279 35.5072 
64.8466 34.0608 
64.3098 33.4934 
63.7352 34.7738 
68.0154 27.1289 
67.242 33.2279 
66.4691 38.0035 
65.7653 39.0228 
65.2104 36.7662 
64.7685 34.9848 
64.2427 33.9092 
63.6851 34.683 
68.0293 26.8949 
67.3182 31.3395 
66.5017 36.5568 
65.7123 39.7011 
65.1042 38.462 
64.6893 35.8598 
64.1652 34.5457 
63.6448 34.991 
68.0185 26.8508 
67.362 29.9204 
66.6009 33.7905 
65.8117 36.9171 
65.1352 37.1599 
64.6655 35.3962 
64.1123 34.6345 
63.5933 34.7509 
68.0231 26.0339 
67.3574 29.3591 
66.5828 33.6023 
65.8282 35.1263 
65.1614 34.5689 
64.6181 33.9434 
64.0596 34.3391 
63.5579 34.3946 
68.0125 25.1054 
67.3603 28.1587 
66.5389 33.199 
65.7286 35.7153 
65.0589 35.2484 
64.4899 34.4046 
63.9407 34.746 
63.4587 34.4279 
67.9538 24.6701 
67.3176 27.8208 
66.5461 31.9342 
65.7436 34.0917 
65.0252 35.6837 
64.3877 36.0337 
63.7987 35.1134 
63.3139 34.2823 
67.9148 24.4841 
67.2943 27.7692 
66.5739 31.9754 
65.8031 32.92 
65.0571 34.8139 
64.3574 37.0378 
63.7309 35.6326 
63.2323 34.6219 
122.19 0.0408245 
122.174 0.0513583 
122.147 0.0877676 
122.124 0.131275 
122.129 0.111843 
122.155 0.0762525 
122.166 0.0717435 
122.134 0.108104 
122.18 0.0469073 
122.178 0.0583371 
122.169 0.0662201 
122.153 0.103364 
122.15 0.102654 
122.16 0.0757871 
122.163 0.0655828 
122.128 0.108746 
122.185 0.0445171 
122.177 0.0683397 
122.178 0.0644908 
122.177 0.0700865 
122.177 0.0728027 
122.18 0.0734192 
122.173 0.0827872 
122.137 0.117025 
122.208 0.020775 
122.188 0.063498 
122.182 0.0817031 
122.182 0.063866 
122.182 0.0606391 
122.187 0.062013 
122.19 0.0756365 
122.168 0.0885665 
122.218 0.0139813 
122.203 0.0374748 
122.196 0.0680502 
122.193 0.0617266 
122.19 0.0612263 
122.19 0.0552365 
122.194 0.056425 
122.182 0.0624318 
122.212 0.0322456 
122.203 0.036904 
122.207 0.0404192 
122.211 0.0404771 
122.21 0.0390263 
122.203 0.0484319 
122.193 0.0609525 
122.171 0.0811127 
122.216 0.021717 
122.204 0.0419945 
122.214 0.028356 
122.226 0.0204139 
122.228 0.0173872 
122.222 0.0331169 
122.206 0.0590683 
122.173 0.0884552 
122.226 0.0124072 
122.22 0.0270891 
122.225 0.0191625 
122.236 0.0139175 
122.236 0.0111936 
122.228 0.0229076 
122.208 0.0494591 
122.173 0.0765768 
122.229 0.013125 
122.235 0.00848115 
122.239 0.00698361 
122.244 0.00574319 
122.243 0.00673432 
122.229 0.0263878 
122.202 0.0708809 
122.161 0.0980477 
128.76 0.0277683 
128.786 0.0359748 
128.813 0.0472376 
128.836 0.0588023 
128.848 0.0561675 
128.85 0.0461343 
128.859 0.042464 
128.888 0.0529455 
128.767 0.032254 
128.79 0.0395171 
128.806 0.0426467 
128.826 0.0510228 
128.841 0.0510256 
128.849 0.0451877 
128.861 0.0413258 
128.892 0.0524222 
128.769 0.0348241 
128.789 0.0404667 
128.805 0.043293 
128.822 0.0461469 
128.834 0.0450311 
128.843 0.0425915 
128.857 0.041286 
128.888 0.0503885 
128.763 0.0286673 
128.783 0.0385633 
128.803 0.0455234 
128.822 0.0460874 
128.837 0.0458076 
128.843 0.0419772 
128.854 0.0398656 
128.878 0.0449301 
128.757 0.0211112 
128.779 0.0303145 
128.795 0.0390336 
128.814 0.0414933 
128.832 0.0434444 
128.842 0.0403172 
128.853 0.0376628 
128.872 0.0391122 
128.752 0.0209829 
128.775 0.0263851 
128.79 0.0327439 
128.805 0.0350462 
128.822 0.0348989 
128.837 0.0354027 
128.854 0.0368048 
128.875 0.0402535 
128.75 0.0229077 
128.772 0.0302046 
128.788 0.0319022 
128.802 0.0318049 
128.818 0.0304128 
128.833 0.0312062 
128.852 0.0348644 
128.876 0.0392131 
128.748 0.0192395 
128.769 0.0281184 
128.785 0.0307389 
128.798 0.0288084 
128.815 0.0288481 
128.834 0.0306912 
128.855 0.0342528 
128.881 0.0379536 
128.746 0.0185683 
128.762 0.0217568 
128.779 0.0261791 
128.792 0.0242701 
128.81 0.0253805 
128.834 0.0310425 
128.861 0.0395345 
128.891 0.0460435 
19.6113 147.878 
19.5672 120.144 
18.3524 107.125 
17.7552 104.17 
17.6696 123.107 
16.4313 122.318 
15.2747 103.662 
14.4489 69.4983 
19.3453 156.643 
19.5767 134.901 
19.2237 134.473 
18.5334 133.174 
17.6378 101.376 
16.2839 108.545 
15.1828 94.6875 
14.6725 76.275 
19.4911 172.149 
19.3504 153.512 
19.4396 158.066 
19.3152 159.563 
18.2699 124.637 
17.3916 111.945 
16.246 81.7663 
15.8334 86.8893 
21.7057 216.009 
19.9893 145.971 
19.3814 137.46 
20.0336 145.96 
18.812 137.075 
17.9924 121.225 
17.1364 101.474 
16.7344 99.8397 
23.5363 215.06 
22.4414 199.688 
20.9776 169.816 
20.8023 139.903 
19.6639 124.604 
18.5468 132.032 
17.9256 123.261 
18.3113 98.4792 
22.1659 194.76 
22.553 214.798 
21.3703 167.33 
21.5441 162.893 
21.1045 149.981 
19.4409 126.835 
17.5912 105.497 
18.0258 88.4248 
21.551 195.47 
20.8152 175.23 
20.4598 122.328 
21.3332 160.822 
21.4917 168.528 
20.2851 155.085 
18.1931 107.286 
18.3129 97.9521 
22.0207 215.703 
20.7188 205.149 
19.6006 137.77 
19.3482 116.542 
19.8656 127.584 
18.8578 145.189 
18.0445 108.867 
18.5145 99.9572 
21.9451 267.686 
20.5101 223.915 
18.7761 167.565 
17.7302 118.884 
17.2276 102.858 
16.1026 93.0704 
16.7038 84.6133 
17.5773 85.407 
23.2458 105.924 
24.0286 110.184 
25.2637 115.921 
25.9515 133.194 
24.485 119.171 
22.7668 102.51 
22.2509 86.0965 
22.7793 107.491 
22.442 90.4714 
23.5049 101.562 
24.5546 117.929 
25.4535 124.386 
24.5644 102.235 
22.8169 100.66 
23.0629 95.2714 
23.9942 114.455 
23.4632 88.1812 
24.2305 107.622 
24.7911 139.557 
25.8 140.233 
25.5053 120.467 
23.9968 123.606 
24.4258 108.463 
25.5382 130.578 
24.6581 112.231 
24.9968 128.822 
25.2828 135.347 
26.4162 133.23 
26.5659 153.575 
25.5103 154.933 
24.9214 112.065 
26.0787 111.105 
25.965 111.708 
26.1629 116.288 
26.193 128.704 
26.9932 140.46 
26.7776 152.489 
26.2361 137.083 
25.158 119.771 
26.6972 109.718 
25.5073 100.994 
26.2422 99.5874 
26.9029 131.881 
28.4227 177.069 
27.8967 164.828 
26.2615 123.505 
24.9854 134.07 
26.189 122.134 
24.3744 121.072 
25.935 121.758 
27.8097 138.526 
28.9939 165.023 
28.9132 170.406 
27.5569 166.846 
25.8967 124.52 
25.48 100.014 
25.0389 148.246 
25.3783 161.445 
25.4568 118.991 
26.8237 135.208 
27.4225 162.331 
26.3162 170.075 
25.5364 147.189 
26.0546 136.407 
25.3662 111.839 
25.3931 115.472 
24.271 110.035 
24.4591 118.215 
24.9088 111.553 
23.7724 112.082 
24.8855 128.243 
26.3721 151.841 
65.7323 557.462 
69.1545 501.719 
74.5915 545.625 
78.244 554.987 
79.0685 571.462 
81.7381 668.125 
84.2008 643.357 
84.4821 615.469 
64.0615 597.24 
67.5111 557.078 
71.979 594.864 
76.1038 489.233 
78.8117 430.762 
82.787 478.288 
86.1483 541.401 
85.8269 624.282 
65.5655 632.617 
67.288 541.195 
70.5051 563.479 
74.9122 530.299 
77.216 420.3 
79.6896 411.877 
83.5626 382.418 
85.1188 521.504 
65.1308 613.173 
68.5935 510.025 
71.6543 552.056 
74.8133 571.511 
77.5901 528.611 
79.2897 467.864 
81.945 397.933 
85.1356 492.352 
64.5483 580.402 
68.658 565.247 
71.9084 513.114 
74.8185 491.454 
77.6677 483.345 
80.6792 462.751 
82.6863 528.928 
84.7417 551.849 
65.5786 550.441 
70.1254 579.029 
73.384 519.884 
76.4059 438.22 
77.9941 419.536 
79.6865 399.965 
82.0317 504.713 
83.5823 585.772 
65.2577 643.416 
69.6944 614.415 
74.8046 531.897 
77.3219 432.959 
78.3404 361.952 
80.4032 424.015 
81.9982 465.644 
81.6248 537.952 
65.5401 704.709 
68.841 658.852 
72.7339 596.093 
76.3245 496.421 
79.2611 448.433 
81.3953 466.173 
80.9582 487.657 
80.5309 501.114 
67.3178 543.866 
70.4955 635.289 
72.6332 654.469 
76.1612 485.078 
80.5877 495.671 
82.2109 533.534 
81.883 547.809 
82.2439 561.443 
139.314 1208.49 
136.78 1105.62 
136.186 1184.69 
138.428 1280.32 
141.805 1434.95 
147.666 1126.9 
148.349 994.625 
147.624 950.62 
140.343 1363.72 
138.684 1112.25 
138.17 1086.87 
139.743 1100.33 
141.636 1039.93 
146.337 1046.28 
145.635 990.444 
145.096 1090.96 
136.916 1285.08 
139.149 1279.09 
139.281 1149.59 
140.214 1225.75 
142.434 1111.02 
145.748 1026.88 
144.8 905.079 
143.628 1010.9 
132.201 1147.76 
136.547 1166.4 
137.835 1113.64 
137.735 1267.54 
140.891 1250.76 
144.13 1147.13 
144.154 891.362 
141.502 843.695 
130.144 1104.89 
133.466 1093.91 
135.471 1179.43 
134.548 1171.72 
137.655 1207.33 
140.363 1145.17 
142.285 1106.27 
138.83 982.253 
133.723 1181.05 
133.729 1066.41 
135.54 1138.02 
133.764 1216.08 
134.771 1214.26 
139.041 1075.64 
143.294 1148.54 
140.137 975.591 
136.237 1220.67 
135.107 1112.15 
135.702 1088.99 
134.816 1219.44 
134.532 1180.56 
138.374 1095.14 
142.83 961.535 
141.432 778 
136.148 1315.17 
136.963 1311.89 
138.887 1031.5 
139 1100.88 
137.13 1229.71 
140.541 1129.27 
143.302 1158.1 
141.4 996.58 
136.21 1317.78 
137.21 1311.28 
140.919 1075.88 
143.172 1063.52 
141.324 1051.19 
144.084 1021.98 
143.595 1129.41 
140.737 1048.15 
36.2246 150.735 
35.8647 151.865 
35.5807 147.892 
34.7733 142.288 
34.0843 148.861 
32.1996 127.238 
30.7435 111.636 
30.3225 108.033 
36.6568 171.718 
36.3338 172.664 
36.2185 144.278 
35.2611 141.855 
34.7373 137.671 
32.5599 134.996 
31.3133 129.951 
30.9584 122.532 
35.8171 173.862 
35.1691 163.119 
35.8558 158.62 
35.0999 150.785 
34.6158 139.357 
33.1729 134.749 
32.2257 119.691 
31.6076 112.179 
37.1267 201.788 
35.8221 166.078 
36.9414 159.72 
36.428 161.788 
34.262 138.139 
32.8159 124.501 
32.7037 106.629 
32.6538 131.711 
37.9459 214.939 
37.0314 175.058 
38.0224 175.218 
37.7576 171.032 
35.3995 111.495 
33.5586 121.435 
32.6771 116.786 
32.5887 130.587 
36.3497 192.119 
35.7134 151.894 
36.2414 150.576 
36.5089 145.111 
36.565 136.101 
35.1204 126.184 
33.3178 112.836 
32.9762 143.794 
34.6654 182.152 
34.8043 162.496 
34.509 151.342 
35.4671 150.824 
36.4379 122.178 
34.6925 126.164 
33.4969 144.752 
33.9017 168.642 
34.4408 170.88 
34.3825 191.763 
34.8728 141.926 
35.4727 127.02 
35.6243 148.643 
34.4758 138.697 
34.5544 140.025 
34.476 156.594 
34.5656 143.678 
33.957 142.941 
35.0441 131.653 
36.1221 125.496 
36.0493 158.178 
35.5662 161.389 
35.4501 145.538 
34.9136 125.317 
19.6897 124.283 
19.1033 110.582 
17.6094 81.4907 
16.9482 87.2731 
16.4705 96.6008 
14.6958 70.6826 
14.3699 63.4259 
13.8943 61.8685 
19.4842 107.552 
19.1058 113.904 
17.9694 104.59 
17.5199 103.242 
17.2012 94.0411 
15.222 73.4769 
14.7483 75.1577 
14.2739 57.0795 
18.8058 100.072 
18.5475 95.2825 
18.2708 83.1899 
17.717 95.9446 
17.1787 90.9977 
15.8676 78.0868 
14.9731 64.087 
14.3936 59.7696 
19.5059 108.691 
18.635 112.478 
18.9448 105.64 
18.1304 76.9409 
16.5959 69.8037 
15.7971 70.7613 
15.4723 60.7336 
14.8603 72.6024 
20.4134 117.553 
19.4822 112.694 
19.6024 113.296 
19.3986 100.88 
17.9924 76.0409 
16.7427 71.7598 
15.9001 68.7737 
15.5648 66.9518 
19.2522 106.819 
19.4206 89.7295 
19.5272 96.3141 
19.5554 95.4221 
18.6223 90.4545 
17.5395 74.0167 
16.0557 63.5246 
15.5993 57.4267 
18.2948 85.7774 
18.121 72.5516 
17.9303 79.0343 
18.3601 79.3674 
17.8021 79.068 
16.8587 72.2795 
16.0864 63.5579 
16.0881 57.4771 
18.112 104.224 
17.3154 76.2689 
17.2317 70.5621 
17.4787 83.0284 
17.3453 85.7108 
16.0311 61.6562 
16.0566 67.2952 
16.5381 63.5895 
17.2338 71.3179 
17.2457 60.3326 
17.0187 62.7882 
16.4741 75.5098 
16.5333 81.1944 
16.1934 62.3987 
16.1752 65.3663 
16.3907 61.0125 
