321.844 4.81767 
323.066 0.331471 
322.773 0.251628 
322.359 0.241331 
322.393 0.251812 
322.738 0.142769 
322.877 0.116651 
322.962 0.127937 
321.226 2.79923 
322.828 0.495643 
322.929 0.127432 
322.854 0.108774 
322.585 0.358198 
321.331 0.397662 
321.497 0.482255 
322.904 0.197067 
321.792 0.615676 
322.589 0.320127 
319.269 3.07891 
319.18 2.9552 
322.339 1.02035 
321.098 0.260646 
321.033 0.223341 
322.455 0.491994 
322.064 0.340751 
320.922 1.36162 
315.826 2.83971 
315.78 1.84001 
321.612 2.20067 
322.299 0.689139 
322.254 0.455434 
322.191 1.70146 
321.111 6.85265 
320.721 1.68816 
317.786 3.08293 
317.796 4.56226 
321.602 2.28331 
322.806 0.510981 
323.006 0.180144 
322.675 0.854548 
320.572 10.8599 
322.052 1.68148 
321.609 0.960208 
321.748 1.04609 
322.624 0.759414 
322.88 0.364924 
323.009 0.161057 
323.04 0.0855932 
316.799 13.4478 
321.593 3.00593 
322.866 0.199179 
322.894 0.148189 
322.88 0.147999 
322.941 0.111751 
322.95 0.0910338 
322.999 0.0867977 
317.145 10.9558 
321.002 3.42269 
322.46 0.63983 
322.549 0.240112 
322.036 0.159965 
322.3 0.251507 
322.922 0.112769 
323.033 0.0912239 
321.504 2.82158 
321.51 1.68215 
321.518 0.620752 
322.05 0.402631 
321.948 0.134599 
322.189 0.224366 
322.907 0.143315 
323.087 0.0928545 
69.1011 0.10771 
68.4165 0.0783632 
67.9346 0.0793487 
67.4812 0.339062 
66.5212 0.110365 
65.8905 0.0343817 
65.072 0.150418 
62.8769 0.36992 
69.1153 0.128276 
68.3783 0.0612012 
67.8562 0.045797 
67.5501 0.182455 
66.9322 0.0463714 
66.1118 0.0764544 
64.501 0.524168 
62.1289 0.425971 
69.2176 0.123578 
68.4736 0.0405322 
68.0545 0.0370908 
67.5889 0.130563 
66.985 0.0358026 
65.9549 0.175523 
63.8789 0.777676 
61.8886 0.423058 
69.2922 0.103025 
68.5766 0.0329022 
68.2271 0.0246359 
67.4389 0.139941 
66.7114 0.0604174 
65.2583 0.243857 
63.045 0.882832 
61.7702 0.39598 
69.341 0.0657474 
68.6518 0.031606 
68.2357 0.0125085 
67.1092 0.138735 
66.3911 0.134506 
64.7503 0.204844 
62.4753 0.935946 
61.6994 0.248191 
69.3455 0.0484094 
68.5989 0.0445118 
67.9599 0.0557339 
66.5598 0.148764 
65.8298 0.337813 
64.5012 0.161174 
62.2152 0.708204 
61.9672 0.131039 
69.2768 0.045499 
68.472 0.0558235 
67.6839 0.0884038 
66.2852 0.129508 
65.2862 0.747174 
64.1716 0.160195 
61.7446 0.567933 
61.9892 0.129304 
69.1931 0.0402015 
68.4008 0.0520544 
67.7251 0.077409 
66.4676 0.0919221 
65.1485 0.975333 
64.1707 0.194445 
61.5124 0.600678 
61.7209 0.216291 
69.1097 0.0435933 
68.2865 0.0573524 
67.783 0.0798059 
66.5467 0.0839554 
64.8655 0.768009 
64.3667 0.241775 
61.9753 0.525761 
61.639 0.344221 
122.247 8.05957e-007 
122.249 6.0992e-007 
122.25 6.25815e-007 
122.251 2.8993e-006 
122.254 9.49432e-007 
122.256 2.91838e-007 
122.258 1.4551e-006 
122.265 3.68241e-006 
122.247 9.80298e-007 
122.249 4.81594e-007 
122.25 3.627e-007 
122.251 1.51307e-006 
122.253 3.92481e-007 
122.255 6.91697e-007 
122.26 5.14257e-006 
122.268 4.20456e-006 
122.247 7.49463e-005 
122.248 9.84373e-006 
122.25 2.96199e-007 
122.251 1.09341e-006 
122.253 2.95777e-007 
122.256 1.66917e-006 
122.262 7.46332e-006 
122.268 4.14843e-006 
122.024 0.0122041 
122.176 0.00152874 
122.245 6.35319e-005 
122.251 1.29717e-006 
122.254 5.04915e-007 
122.258 2.32708e-006 
122.265 8.33637e-006 
122.268 3.84379e-006 
121.526 0.0222682 
121.942 0.00866046 
122.172 0.00152642 
122.249 8.0831e-005 
122.254 2.25603e-006 
122.259 1.91697e-006 
122.266 9.07355e-006 
122.269 2.43688e-006 
121.166 0.0162104 
121.701 0.0153577 
122.053 0.00563131 
122.235 0.000882166 
122.255 4.15969e-005 
122.26 2.31212e-006 
122.267 7.29681e-006 
122.268 1.27413e-006 
121.254 0.0134596 
121.634 0.0155182 
121.993 0.00920972 
122.22 0.00243243 
122.255 0.000186276 
122.261 7.77478e-006 
122.269 6.084e-006 
122.268 1.28424e-006 
121.568 0.017538 
121.713 0.010457 
121.994 0.00870674 
122.217 0.00283885 
122.254 0.000317125 
122.261 1.61822e-005 
122.27 6.3615e-006 
122.269 2.14162e-006 
121.978 0.00799425 
121.963 0.00689554 
122.074 0.00558707 
122.22 0.00234619 
122.255 0.000318072 
122.261 1.67915e-005 
122.268 5.4645e-006 
122.269 3.48338e-006 
128.699 4.41916e-005 
128.713 3.42599e-005 
128.723 3.63356e-005 
128.734 0.000177802 
128.755 5.85074e-005 
128.769 1.77515e-005 
128.788 9.84443e-005 
128.845 0.000252036 
128.698 5.44268e-005 
128.714 2.7517e-005 
128.725 2.07192e-005 
128.731 9.05491e-005 
128.745 2.39557e-005 
128.763 4.42906e-005 
128.803 0.000349634 
128.864 0.000284287 
128.697 5.98645e-005 
128.712 1.92284e-005 
128.72 1.70855e-005 
128.73 6.5843e-005 
128.744 1.74285e-005 
128.768 0.000111432 
128.819 0.00049862 
128.868 0.000278202 
128.792 0.00165605 
128.745 0.000332916 
128.718 2.2484e-005 
128.734 7.41877e-005 
128.751 3.07774e-005 
128.786 0.000154389 
128.84 0.000549848 
128.871 0.000258704 
128.982 0.00278551 
128.852 0.00146476 
128.754 0.000343728 
128.744 7.01059e-005 
128.758 7.14328e-005 
128.798 0.000123421 
128.855 0.000609882 
128.874 0.000164089 
129.116 0.00102043 
128.963 0.00177615 
128.819 0.00100935 
128.763 0.000108978 
128.772 0.000189484 
128.805 9.71309e-005 
128.864 0.000511827 
128.87 8.54246e-005 
129.106 0.000623209 
128.999 0.00158442 
128.854 0.00143068 
128.777 0.00028187 
128.787 0.000470337 
128.815 0.000102691 
128.88 0.000435219 
128.873 8.80225e-005 
129.016 0.00139333 
128.975 0.00122437 
128.853 0.00145569 
128.774 0.000398855 
128.792 0.000652159 
128.816 0.000122119 
128.887 0.000445607 
128.88 0.000146194 
128.862 0.00152012 
128.873 0.0012733 
128.815 0.00105094 
128.771 0.000340276 
128.799 0.000490604 
128.811 0.000146448 
128.873 0.000378427 
128.881 0.000241081 
12.6726 5.61477 
14.0883 4.34777 
10.7663 7.82892 
10.2107 1.80035 
11.356 5.04437 
11.9996 3.94446 
9.3813 4.76671 
8.13929 1.83542 
10.0447 1.91427 
10.3448 2.12074 
9.58951 4.21225 
10.1283 2.71452 
10.5067 7.97434 
12.6528 4.03369 
10.1541 5.537 
6.78638 2.30946 
13.5026 5.48696 
13.1225 6.85115 
14.1814 4.326 
12.081 4.90978 
10.6236 9.49579 
13.5665 3.02619 
14.3397 3.72342 
10.354 4.09757 
15.8006 6.20072 
19.266 15.9747 
23.7513 5.12001 
16.1318 19.695 
12.1927 6.19366 
11.3778 2.13577 
11.0078 2.58852 
11.8781 2.43178 
13.9022 5.73653 
16.932 6.01293 
20.8362 3.36854 
16.2309 7.43921 
19.8618 8.07578 
17.3635 5.85867 
7.12978 4.11752 
8.33567 1.76425 
10.6243 5.06591 
12.1302 2.7692 
13.9215 3.56939 
12.4129 4.51184 
17.3324 7.31234 
18.0053 5.4258 
9.68861 7.31495 
7.83405 2.30373 
9.1406 2.80926 
10.1705 1.84754 
10.1945 3.48034 
8.96888 3.76202 
8.71828 4.45243 
11.2984 10.0815 
11.4177 2.84557 
12.2745 3.6154 
12.0314 4.15096 
6.3469 2.45776 
4.09774 3.25382 
5.44367 1.4734 
7.27851 1.06392 
8.32992 2.44873 
7.87118 1.46542 
11.8396 2.1795 
12.8227 6.57153 
7.99968 3.71572 
6.49362 3.96202 
7.00911 2.44976 
7.90156 0.703716 
6.89075 1.38865 
4.44759 1.295 
7.3506 3.1979 
16.7576 11.9224 
20.644 8.15656 
20.186 11.459 
19.8803 4.83412 
18.7298 4.01232 
17.0765 3.05337 
14.302 3.45934 
12.0724 2.29232 
11.3161 5.00938 
14.0073 7.7837 
17.1661 5.91758 
17.0049 7.66407 
15.9673 10.9226 
19.8759 7.29255 
15.1263 5.02083 
8.27837 4.37154 
15.0855 11.2295 
14.2862 15.8665 
21.1763 4.38653 
20.402 12.9352 
16.1948 7.58373 
20.6042 5.24923 
16.8321 4.53921 
10.6546 4.53601 
21.6479 23.2589 
19.1361 17.1028 
25.4542 8.42628 
21.6891 8.60212 
15.6767 4.48569 
17.4699 6.66504 
14.4595 4.0737 
13.8911 11.2243 
23.7279 15.8721 
21.2402 8.72433 
24.4854 6.5797 
21.9742 9.22035 
17.416 3.4556 
17.614 4.27327 
12.6228 4.10605 
11.9866 5.95302 
18.2181 13.9789 
17.3488 6.6569 
22.988 7.51975 
23.237 7.30223 
15.9948 5.4603 
13.7673 6.41956 
11.0585 7.47186 
11.7455 5.06091 
15.6016 11.9153 
15.4218 4.40261 
13.9477 9.93631 
14.6448 13.7065 
13.8997 6.34747 
16.1701 11.6648 
17.3302 2.39232 
22.0421 11.9437 
19.3586 10.5511 
14.6624 4.39713 
7.27133 4.23899 
7.82895 5.43103 
13.3118 5.54596 
18.0953 11.768 
17.8838 5.39013 
24.4971 9.4492 
20.9093 7.70503 
15.3979 3.11146 
11.8154 4.60271 
9.67663 7.39865 
11.4197 5.06327 
14.7848 3.46065 
11.2077 4.88272 
12.978 10.4397 
60.4354 14.4875 
73.0766 36.9401 
81.92 25.6294 
90.1603 29.4922 
91.0246 17.273 
75.2241 29.5301 
79.1718 37.4095 
104.777 56.0228 
70.9583 20.586 
80.0465 35.7391 
80.1993 14.3566 
81.3746 18.3503 
83.7446 22.4496 
77.5166 32.5553 
80.3924 44.6944 
97.6651 31.3993 
70.5335 12.9544 
77.7479 10.1783 
71.4977 20.1397 
68.688 37.6441 
81.0348 21.4537 
90.5718 30.6912 
91.9068 38.5789 
96.8357 37.1389 
65.9978 29.7528 
77.2179 14.7633 
74.1501 34.6735 
67.02 28.9052 
77.6516 27.1538 
103.31 41.2184 
108.092 19.3192 
92.5941 55.319 
70.0644 32.7369 
78.478 20.9473 
78.8918 11.5546 
76.0296 26.8523 
77.2596 39.3982 
105.914 92.7378 
116.935 25.9249 
91.2194 79.3225 
67.5449 21.6849 
77.5487 11.7676 
80.8971 25.6444 
86.9463 21.7411 
87.7147 48.9591 
102.377 47.1459 
112.117 22.9747 
97.5019 43.4506 
60.9177 26.429 
73.6304 13.8351 
68.8008 13.4762 
70.1574 29.2464 
75.8151 93.7904 
93.1895 31.8458 
101.376 32.8649 
88.3248 43.8751 
58.6921 54.9162 
72.5902 18.762 
66.1248 23.5957 
56.0407 17.5382 
60.5781 30.4534 
79.6218 26.2972 
81.831 54.3124 
75.6821 57.3843 
69.5575 21.7902 
72.038 10.6993 
68.3123 22.4028 
59.1822 29.1905 
68.3184 74.6194 
82.3153 28.6131 
71.4189 55.8226 
68.7065 33.5133 
172.627 93.1655 
162.798 55.0018 
157.73 36.8805 
157.031 35.0337 
166.087 30.0974 
174.535 21.3539 
177.517 19.6222 
170.269 31.7556 
172.906 55.0394 
170.237 89.8229 
161.549 37.6684 
161.689 56.1252 
166.504 87.7556 
153.997 120.483 
168.415 58.6677 
182.184 41.0812 
170.418 99.9593 
168.663 128.633 
154.322 38.112 
165.753 92.9416 
169.338 123.048 
146.66 50.8529 
153.429 30.1263 
166.702 46.0666 
164.444 97.4713 
155.506 206.936 
130.677 85.9957 
157.626 155.36 
175.716 36.8776 
154.858 41.8531 
152.65 28.4752 
153.949 24.9929 
155.768 88.5606 
152.392 89.0618 
128.916 59.0648 
146.662 120.631 
164.202 55.8673 
147.455 120.525 
154.312 27.7751 
158.636 19.3822 
163.565 68.7371 
158.537 24.4831 
151.144 70.6628 
154.539 80.3982 
158.261 25.8441 
145.228 128.141 
149.141 34.9837 
156.692 23.2667 
158.767 37.2807 
166.366 43.1286 
183.625 90.524 
190.978 182.911 
185.761 179.531 
161.066 227.055 
151.447 45.3867 
154.252 42.7813 
137.63 110.55 
168.167 131.193 
201.181 129.7 
213.918 65.565 
203.422 79.1146 
183.064 105.929 
180.892 93.892 
169.169 60.5995 
135.264 49.7326 
163.271 99.528 
184.815 127.779 
202.609 121.574 
195.912 132.488 
184.44 55.3368 
204.829 83.215 
197.734 103.275 
43.3455 7.38891 
34.8508 15.5563 
36.8724 8.84645 
34.5431 11.832 
26.92 10.2884 
33.9067 11.1729 
32.639 11.551 
19.9494 16.8899 
42.0831 5.00398 
34.6232 17.9568 
40.9604 10.1441 
41.8275 6.67977 
35.819 17.8533 
43.0677 23.4939 
35.1468 18.8243 
21.4908 9.89171 
38.2902 12.8314 
35.7819 11.1161 
41.7587 7.41886 
39.0098 5.03395 
34.3186 10.0889 
36.5228 15.9035 
31.2212 14.182 
26.9734 21.9243 
40.049 26.4865 
33.7602 6.66688 
37.5573 8.61403 
34.5853 13.1074 
30.3893 5.64846 
27.4906 5.39767 
25.9137 5.76071 
34.0555 16.1588 
44.5713 43.0489 
37.0605 10.3491 
40.2686 10.3677 
36.7413 12.8123 
31.0926 12.2655 
25.1316 5.8681 
24.1181 9.51046 
38.4022 23.1088 
47.3806 18.9455 
44.4922 10.3056 
38.7791 6.37979 
32.2643 10.4382 
31.3754 9.30892 
29.7192 9.54807 
29.5634 4.5057 
37.5451 15.6856 
50.4141 26.9968 
42.2802 12.5359 
36.2017 9.31385 
29.9322 10.3553 
29.841 5.06793 
27.986 15.8598 
27.4679 7.76641 
33.0577 12.1793 
63.9797 18.3106 
46.5927 39.5657 
34.9763 13.8482 
27.9839 7.76561 
25.7747 2.83036 
24.0171 6.43076 
25.1488 6.48961 
30.8125 5.85073 
62.775 34.1278 
49.7482 37.3602 
39.3055 18.0898 
30.0209 7.16951 
24.3924 2.59666 
26.2838 4.98048 
26.2226 7.01681 
27.9048 4.22168 
16.0058 8.63815 
17.6075 5.64021 
15.2985 12.2246 
10.5331 3.93424 
8.27581 2.70098 
9.99561 5.58953 
9.8656 3.25479 
7.75502 1.97974 
13.9175 5.30875 
13.5693 2.56472 
13.4644 5.67964 
10.8297 2.54169 
10.0435 3.38875 
14.2211 4.19968 
12.2629 4.30249 
6.49924 6.41134 
13.9619 6.98594 
12.9875 9.34739 
16.3326 15.2329 
13.2466 7.17161 
10.83 4.39468 
13.1733 5.33345 
13.3045 2.69503 
10.936 9.23521 
14.1252 8.46563 
16.0368 16.1107 
24.2361 5.37969 
18.7277 19.9523 
9.98622 4.60632 
7.79314 1.77521 
10.1315 9.49389 
15.8239 4.62187 
13.0774 4.02713 
14.6181 13.5051 
24.3882 13.3374 
20.1587 20.838 
11.7697 5.14044 
9.3272 2.26389 
7.88778 2.35034 
14.0949 6.31748 
13.2388 7.70082 
11.9954 1.33005 
13.8789 1.48215 
12.3492 8.05506 
11.9461 4.92897 
13.7829 7.14828 
11.4399 3.49347 
11.7218 4.84847 
21.9577 8.09374 
13.7249 4.89857 
10.096 2.17071 
8.21318 6.8297 
8.8447 2.30575 
13.2305 12.9742 
13.9117 1.98633 
13.0483 8.78495 
25.4527 10.5101 
12.6427 9.57996 
8.80829 3.50491 
11.3339 1.73426 
11.6711 2.84181 
9.17226 4.21665 
9.29517 3.69602 
11.0325 3.43463 
20.1761 10.6521 
13.0554 10.957 
10.7768 4.00166 
13.5519 3.93566 
14.0038 1.55674 
7.47432 3.62698 
4.78161 1.83576 
8.41327 1.94822 
