303.604 737.107 
304.688 702.188 
305.215 668.748 
308.274 587.183 
312.561 318.739 
313.747 331.344 
314.763 294.83 
313.926 414.161 
302.058 841.37 
303.24 944.301 
304.992 722.802 
308.094 537.953 
312.517 259.247 
314.5 271.733 
316.331 205.639 
316.001 254.104 
300.472 950.532 
301.633 925.623 
305.327 613.986 
308.581 475.674 
313.1 257.804 
315.424 204.815 
316.128 182.656 
316.178 185.359 
298.926 1261.56 
299.956 1102.97 
305.355 630.383 
309.56 397.271 
314.047 215.054 
315.276 203.413 
315.778 187.673 
316.7 139.822 
299.836 1382.94 
302.115 989.809 
307.652 579.268 
311.664 318.737 
314.839 137.763 
314.846 178.193 
315.614 162.664 
316.76 152.144 
298.346 1563.41 
303.95 903.325 
309.563 414.524 
313.33 183.679 
315.667 108.915 
315.639 183.875 
316.403 172.044 
316.913 156.202 
295.669 1531.11 
302.313 920.624 
308.272 433.445 
313.14 170.351 
316.64 78.3244 
317.548 95.7986 
317.694 91.8309 
317.977 85.6894 
296.982 1481.77 
301.068 1071.92 
305.246 747.861 
311.496 314.301 
315.99 135.353 
317.676 123.521 
318.04 109.14 
318.381 125.294 
299.662 1094.29 
302.838 908.999 
304.897 864.155 
310.118 528.183 
314.478 266.611 
316.979 130.922 
317.979 102.48 
318.217 108.499 
68.4911 23.9498 
67.9336 27.0769 
67.2763 31.1444 
66.6343 34.367 
65.9932 35.3116 
65.3877 33.6082 
64.9043 32.6673 
64.3111 33.2029 
68.4712 24.0712 
67.896 27.4163 
67.188 31.7788 
66.526 34.9941 
65.8696 36.4763 
65.2774 34.6073 
64.7847 33.3523 
64.2041 33.3664 
68.4707 24.2641 
67.8627 28.2525 
67.0829 34.2851 
66.3787 37.2029 
65.7135 37.7366 
65.1424 35.7068 
64.7005 34.0948 
64.1453 33.5627 
68.471 24.4973 
67.881 27.8678 
67.1018 33.8175 
66.2937 38.6795 
65.5616 39.9694 
65.0067 37.5713 
64.613 35.1971 
64.074 34.4938 
68.4433 25.1074 
67.8741 27.9058 
67.1744 31.5214 
66.3645 36.3457 
65.5922 38.8727 
64.9873 37.6319 
64.5403 35.3478 
64.0017 34.6986 
68.4558 24.5768 
67.8708 27.4518 
67.183 30.4567 
66.4305 34.2241 
65.6978 35.3873 
65.0396 35.2186 
64.5137 34.3789 
63.9712 34.3251 
68.4708 23.8927 
67.8916 26.1932 
67.1926 29.5733 
66.3797 34.482 
65.6219 35.2456 
64.9907 34.1889 
64.4253 33.865 
63.9024 34.2642 
68.4375 23.2592 
67.8656 25.2699 
67.173 28.6772 
66.3444 33.4899 
65.5482 35.5269 
64.8945 35.8147 
64.2776 35.2647 
63.7357 34.513 
68.396 22.8345 
67.8077 24.8542 
67.1419 28.5983 
66.3752 32.5175 
65.591 33.9388 
64.8947 35.8597 
64.2202 36.6214 
63.6216 35.0697 
122.214 0.0169123 
122.188 0.0474866 
122.159 0.0677698 
122.128 0.11415 
122.112 0.13494 
122.132 0.0944734 
122.161 0.0686177 
122.162 0.079218 
122.193 0.0356683 
122.183 0.0449036 
122.174 0.0527423 
122.154 0.0829186 
122.135 0.124652 
122.14 0.101818 
122.158 0.0720815 
122.157 0.0698215 
122.186 0.0521204 
122.178 0.0503755 
122.178 0.0610151 
122.175 0.0627006 
122.169 0.085602 
122.169 0.0807483 
122.172 0.0730897 
122.161 0.0747142 
122.212 0.020943 
122.192 0.0391788 
122.18 0.0724562 
122.18 0.0692027 
122.181 0.0622272 
122.184 0.0588981 
122.187 0.0698206 
122.178 0.0860074 
122.229 0.00770825 
122.212 0.0185829 
122.195 0.0626391 
122.187 0.0784765 
122.184 0.0665057 
122.184 0.0643644 
122.188 0.0596111 
122.191 0.0679222 
122.226 0.0249588 
122.213 0.0217889 
122.205 0.0372404 
122.203 0.0535318 
122.202 0.0526874 
122.199 0.0537527 
122.195 0.0518327 
122.191 0.057292 
122.225 0.0175788 
122.207 0.0356008 
122.199 0.0485888 
122.211 0.0324399 
122.221 0.0275926 
122.22 0.0287658 
122.213 0.0471495 
122.194 0.0691434 
122.23 0.0134308 
122.22 0.016329 
122.212 0.0316173 
122.221 0.0201905 
122.232 0.0164725 
122.232 0.0135209 
122.223 0.0300757 
122.202 0.0557751 
122.23 0.0150607 
122.23 0.010015 
122.231 0.0149411 
122.235 0.0109676 
122.241 0.00974074 
122.238 0.0110967 
122.223 0.0335378 
122.197 0.0646328 
128.738 0.0187416 
128.762 0.0292072 
128.794 0.0410959 
128.822 0.0543933 
128.843 0.0619982 
128.849 0.0534626 
128.849 0.0437775 
128.862 0.0439028 
128.744 0.0224022 
128.769 0.0323149 
128.794 0.0393768 
128.814 0.0458716 
128.835 0.0564918 
128.847 0.052391 
128.852 0.0445005 
128.867 0.0433621 
128.752 0.0302862 
128.774 0.0345608 
128.794 0.0404916 
128.809 0.0424282 
128.825 0.047855 
128.839 0.046151 
128.847 0.0423488 
128.865 0.0420288 
128.75 0.0274864 
128.771 0.0338968 
128.79 0.0413804 
128.808 0.045159 
128.826 0.0465191 
128.838 0.0442567 
128.844 0.0411675 
128.86 0.0414752 
128.743 0.0195704 
128.765 0.0269353 
128.784 0.0373297 
128.804 0.0438414 
128.824 0.0457263 
128.839 0.0455057 
128.846 0.0409072 
128.857 0.0387763 
128.737 0.0171319 
128.76 0.0214543 
128.781 0.0290115 
128.795 0.0362838 
128.812 0.0380844 
128.829 0.0389945 
128.843 0.0376814 
128.858 0.0370135 
128.735 0.0182162 
128.757 0.0244132 
128.777 0.028229 
128.792 0.0325548 
128.806 0.0324255 
128.821 0.0314989 
128.837 0.0332548 
128.857 0.0363989 
128.734 0.01621 
128.753 0.0224591 
128.774 0.0302585 
128.792 0.0328477 
128.804 0.030555 
128.82 0.0299882 
128.839 0.0312815 
128.859 0.0343248 
128.735 0.01613 
128.75 0.0185225 
128.769 0.0253036 
128.786 0.0288283 
128.799 0.0265189 
128.817 0.0282055 
128.84 0.0326595 
128.865 0.0376277 
19.9567 189.324 
19.4647 141.995 
18.9751 116.435 
18.5748 120.994 
18.2117 131.451 
17.6781 137.49 
15.84 113.958 
14.8088 89.0052 
19.3735 125.563 
19.677 142.982 
19.495 125.345 
18.5029 99.6718 
17.6359 107.118 
16.9856 104.43 
15.8299 121.098 
15.59 90.2061 
18.6736 93.4534 
19.5199 178.484 
19.9448 158.309 
19.2194 141.137 
18.4452 145.748 
17.7166 113.579 
16.6422 106.595 
16.0725 87.6005 
20.921 167.388 
20.1316 184.002 
19.5102 143.097 
19.5767 163.881 
19.4672 161.863 
18.9515 144.678 
17.6244 102.852 
16.5603 85.7881 
23.6691 241.19 
22.5799 215.675 
20.8314 152.592 
19.9159 138.177 
19.8886 136.032 
19.1277 141.241 
18.1421 119.875 
17.8109 99.8735 
22.7035 223.695 
23.4344 238.332 
22.6362 207.511 
21.1435 165.078 
20.8662 139.188 
19.9691 139.264 
18.4799 116.958 
18.1066 112.316 
21.9458 213.541 
21.7752 185.985 
21.9207 184.329 
21.2141 160.722 
21.4837 182.899 
21.5307 169.055 
19.5935 140.13 
17.6876 98.6176 
22.3908 277.174 
21.0494 194.109 
19.9682 162.74 
19.8768 115.668 
20.6549 156.889 
20.5933 149.952 
19.5174 146.238 
18.0528 93.0805 
22.6465 380.327 
21.5816 218.576 
19.9681 217.321 
19.1061 137.037 
18.2916 110.027 
17.6913 102.457 
17.5324 112.384 
17.758 88.1802 
23.7775 120.485 
23.3819 102.675 
24.8861 116.238 
26.6567 133.053 
25.7021 125.133 
24.1276 131.421 
22.7231 107.616 
22.0203 80.9258 
23.1691 85.6818 
23.1957 102.522 
24.4438 110.972 
25.2092 116.168 
24.65 122.066 
23.4595 112.521 
22.6436 100.147 
22.5382 87.3108 
23.2819 94.2648 
22.9941 84.8948 
23.8481 107.29 
24.8945 132.569 
25.3185 138.664 
24.3908 103.363 
23.6645 109.146 
24.1239 109.239 
23.8094 110.302 
23.8916 94.7765 
24.6865 118.699 
25.5768 145.578 
26.4491 140.59 
25.8665 134.263 
24.7193 128.614 
25.0124 101.38 
24.8476 125.585 
25.4635 117.879 
25.2263 121.528 
25.4493 143.298 
26.4268 133.923 
26.5021 160.471 
25.533 135.518 
25.1559 94.9017 
24.3989 112.999 
26.5679 113.948 
26.5724 105.832 
26.5355 142.085 
27.7261 168.883 
26.8483 158.106 
25.6798 127.197 
25.4388 138.432 
23.2697 123.341 
25.6754 114.474 
26.9919 124.823 
27.6883 149.558 
28.6473 176.379 
28.334 173.03 
26.6836 148.956 
25.2078 117.071 
22.9116 124.153 
24.9508 152.804 
25.6427 137.092 
27.06 124.139 
28.2308 169.464 
28.363 184.318 
26.7823 153.807 
25.8477 115.93 
22.9211 115.167 
25.2515 136.439 
24.9086 131.171 
25.2172 109.97 
25.8536 123.716 
25.7907 131.958 
25.0944 138.878 
25.8914 148.021 
65.5599 659.649 
66.717 568.168 
71.2774 496.377 
75.9333 512.465 
78.4311 604.346 
78.9635 637.657 
81.5401 644.502 
83.2232 684.867 
64.6499 682.351 
66.0529 558.227 
69.4312 556.981 
74.2758 546.671 
78.066 529.384 
80.2614 570.178 
84.0425 583.335 
85.0672 582.627 
64.8027 640.214 
64.7953 575.484 
67.3483 544.521 
71.7154 570.85 
75.1194 483.61 
77.3098 397.767 
81.3236 387.519 
85.1946 430.93 
64.4024 623.093 
65.8946 598.462 
69.1344 491.551 
71.8257 591.19 
75.5822 542.333 
77.2441 431.337 
79.5828 420.264 
84.0543 382.032 
62.8071 611.919 
66.6326 598.684 
70.5205 503.876 
71.6919 539.271 
75.054 492.417 
78.5424 506.413 
80.1661 471.289 
82.2562 444.935 
62.0071 578.903 
65.5265 580.215 
70.0346 555.938 
72.7797 497.763 
75.6057 448.858 
78.7834 444.583 
80.6185 458.116 
82.918 564.656 
62.3097 662.631 
65.4213 581.686 
70.2245 566.734 
74.6286 505.507 
77.2736 423.384 
78.3267 366.933 
80.2565 428.772 
83.0628 493.742 
62.954 761.323 
66.3932 673.683 
70.1212 592.999 
74.9988 533.549 
77.5596 437.041 
79.7346 414.528 
81.0239 426.062 
81.4697 478.981 
63.6739 644.093 
66.8412 614.403 
70.0973 656.244 
74.2928 606.251 
78.0183 487.904 
81.2658 499.748 
81.7975 483.278 
81.3232 506.691 
137.008 1237.84 
138.138 1207.38 
134.678 1244.32 
133.676 1350.26 
137.493 1353.01 
143.888 1540.77 
148.286 1180.94 
149.36 968.171 
138.849 1097.89 
139.455 1241.55 
137.173 1086.5 
136.948 1161.34 
140.474 1234.38 
144.433 1208.37 
147.612 1053.09 
147.258 896.556 
138.911 1113.31 
139.816 1285.1 
139.574 1202.66 
139.113 1100.4 
141.603 1177.9 
144.069 1055.17 
146.231 1037.3 
144.921 922.578 
132.542 1170.78 
134.088 1134.76 
137.89 1146.82 
137.791 1108.38 
139.969 1261.79 
142.398 1212.1 
143.986 1014.28 
143.768 857.336 
128.696 1222.48 
129.878 1069.04 
134.776 1175.31 
136.437 1202.42 
137.931 1240.45 
140.115 1219.53 
142.309 1132.09 
142.368 894.618 
131.772 1346.41 
132.014 1158.2 
134.153 1123.06 
135.348 1232.01 
134.528 1229.26 
137.046 1239.62 
141.15 1114.66 
142.177 1112.12 
134.839 1333.67 
135.216 1148.38 
135.768 1158.45 
136.162 1189.41 
135.207 1256 
135.245 1190.11 
138.877 1114.46 
142.724 965.88 
136.347 1338.11 
135.364 1290.27 
137.296 1188.81 
137.403 977.683 
136.492 1260.25 
136.136 1278.42 
139.628 1136.98 
142.704 942.857 
138.479 1227.96 
136.028 1205.07 
137.947 1257.05 
139.987 1007 
139.87 1101.34 
140.691 1126.65 
142.967 1069.74 
142.096 1057.84 
37.0309 203.2 
37.1143 163.861 
36.5204 141.879 
35.8777 151.326 
35.7546 157.602 
33.4037 139.532 
31.8104 121.113 
30.5262 117.559 
35.9045 173.327 
35.7274 160.644 
35.65 158.679 
35.371 148.173 
34.6317 137.279 
33.1968 146.284 
31.7423 123.529 
31.0838 109.996 
35.4048 169.774 
35.7912 160.128 
35.7812 163.703 
35.5586 154.942 
35.1096 160.703 
34.618 142.203 
32.8579 128.084 
31.358 122.982 
37.2173 205.556 
36.7835 171.077 
35.7581 153.864 
36.4075 150.169 
35.0542 154.763 
33.8881 126.643 
33.7264 116.256 
32.2321 107.502 
38.8683 205.949 
37.422 199.416 
36.9785 170.598 
38.6005 168.434 
37.3074 147.728 
33.9727 116.254 
33.3895 113.15 
33.1952 112.146 
37.5558 227.418 
36.5956 186.476 
36.4348 155.906 
37.8313 179.342 
37.884 158.913 
35.1562 118.698 
33.7619 131.233 
32.5682 121.62 
34.5486 221.584 
35.388 179.673 
34.6962 158.184 
34.7142 135.576 
35.6188 132.185 
35.9576 117.74 
34.8432 133.696 
33.2864 131.349 
34.0953 185.859 
34.9374 172.296 
34.6015 175.095 
34.554 139.54 
35.2096 140.024 
35.4353 125.962 
34.567 130.948 
34.3299 149.255 
34.4931 175.13 
35.0755 154.474 
34.7866 171.179 
35.01 136.762 
35.7036 124.544 
35.0757 141.473 
34.6534 139.166 
35.1121 133.57 
20.271 146.876 
19.8718 131.538 
18.8782 111.546 
17.5554 86.6314 
16.9685 88.3693 
15.6858 89.6296 
14.5635 72.4651 
13.9876 68.353 
20.1114 116.554 
19.1314 107.511 
18.7991 118.257 
17.7874 97.9966 
17.0595 93.9324 
16.1634 78.3017 
14.4614 64.8601 
14.4642 63.9581 
19.3984 105.093 
18.717 88.1513 
18.8315 106.953 
18.08 98.3795 
17.5048 105.491 
17.32 89.7923 
15.4084 75.3164 
14.5078 61.3446 
20.0338 104.304 
19.1672 99.9016 
18.376 96.8015 
18.3819 78.8153 
17.5247 73.969 
16.9274 77.6764 
16.1389 76.4929 
15.072 64.6023 
20.9476 97.7764 
20.1393 111.006 
19.3195 116.452 
19.5695 116.212 
18.2313 78.5288 
16.5865 69.1722 
16.0741 66.4922 
15.9739 71.8442 
19.9093 110.81 
19.812 106.863 
19.7321 104.287 
19.6922 116.179 
19.0568 99.7833 
17.8358 80.1967 
16.713 61.7433 
15.7043 62.9711 
18.7558 117.513 
18.8368 92.595 
18.6709 91.5716 
18.7329 81.0855 
18.4093 79.5113 
18.154 81.1151 
17.4406 76.1736 
16.009 66.6353 
18.2836 98.8351 
18.3732 100.484 
17.6156 73.5744 
17.6035 64.3416 
17.8422 76.8918 
17.4132 81.8457 
16.5218 69.6584 
15.977 64.0099 
17.4483 77.5205 
18.0604 80.5102 
17.1893 70.8247 
16.5045 68.695 
16.7411 81.5298 
16.4645 81.2312 
15.9338 54.0888 
16.0357 50.1859 
