317.801 18.8971 
322.633 1.24378 
323.145 0.129653 
322.31 0.206309 
322.031 0.108959 
322.516 0.274053 
322.77 0.118267 
322.881 0.114246 
317.996 10.6072 
321.991 1.90235 
323.075 0.181795 
322.937 0.124256 
322.77 0.158311 
322.442 0.334824 
322.291 0.430082 
322.61 0.401744 
320.662 2.1965 
321.825 1.03348 
322.761 0.248115 
321.975 1.61691 
321.983 1.53736 
322.088 0.720441 
321.016 0.210402 
321.475 0.735876 
321.773 0.885997 
322.292 0.305788 
321.586 2.75824 
317.074 2.94396 
317.274 1.24747 
321.674 1.64526 
321.328 0.402843 
321.63 0.624765 
317.211 29.9891 
321.822 1.49584 
319.701 2.29473 
315.248 2.86126 
316.379 2.88228 
321.915 2.01886 
322.794 0.538093 
322.877 0.180004 
313.136 37.0928 
321.259 5.16666 
320.469 1.1679 
319.923 1.27915 
321.048 2.82856 
322.359 1.41298 
322.894 0.443699 
323.052 0.0893344 
304.549 20.8445 
319.496 10.5317 
322.608 0.626731 
322.646 0.373037 
322.701 0.390553 
322.866 0.211228 
322.951 0.0945081 
323.005 0.0894603 
305.796 17.4037 
317.998 10.9001 
322.135 2.09046 
322.853 0.127004 
322.628 0.237586 
322.558 0.259548 
322.787 0.188346 
322.945 0.0904092 
318.47 9.89804 
319.691 7.10873 
321.423 1.77887 
322.218 0.240585 
322.238 0.24634 
321.946 0.120468 
322.469 0.30823 
322.965 0.121386 
69.8433 0.1731 
68.9191 0.155436 
68.551 0.0458993 
67.9249 0.0551997 
66.9192 0.355085 
66.257 0.0622827 
65.7644 0.0350099 
65.0337 0.251079 
69.8325 0.147163 
68.8005 0.196501 
68.4031 0.0405145 
67.8698 0.0757761 
67.1191 0.177303 
66.6537 0.0525933 
65.7674 0.0850019 
64.2369 0.69387 
69.9113 0.0891366 
68.879 0.149817 
68.3379 0.0274963 
68.01 0.0779262 
67.3501 0.0805216 
66.875 0.0540665 
65.7015 0.182884 
63.4335 0.91443 
70.0157 0.0593389 
68.9952 0.100296 
68.4189 0.0238775 
68.2499 0.0388944 
67.3083 0.0791365 
66.6738 0.0990913 
65.2448 0.233686 
62.7315 0.866334 
70.0819 0.053654 
69.1163 0.0749049 
68.4982 0.027224 
68.263 0.0185773 
67.0992 0.0956274 
66.2876 0.226441 
64.6587 0.214217 
62.0253 0.775836 
70.045 0.0523 
69.2079 0.0534368 
68.4784 0.0429297 
67.9518 0.0999876 
66.6658 0.125769 
65.666 0.436832 
64.3423 0.196239 
61.7362 0.527697 
69.9304 0.044314 
69.1761 0.0572409 
68.3306 0.0779609 
67.519 0.204736 
66.2343 0.115999 
64.9424 0.540345 
64.1549 0.203618 
61.8753 0.420889 
69.7571 0.0458874 
69.0769 0.06324 
68.2129 0.0858554 
67.3719 0.173429 
66.2734 0.101492 
64.5 0.539608 
63.7395 0.459268 
61.7345 0.604259 
69.5574 0.0642392 
68.987 0.0610181 
68.1603 0.0530778 
67.4952 0.142833 
66.5169 0.0691252 
64.4979 0.432045 
63.6956 0.824121 
61.8356 0.569832 
122.245 1.24652e-006 
122.247 1.18794e-006 
122.248 3.54036e-007 
122.25 4.37262e-007 
122.253 3.0533e-006 
122.255 5.2756e-007 
122.256 3.04829e-007 
122.258 2.44882e-006 
122.245 1.06134e-006 
122.248 1.53916e-006 
122.249 3.18711e-007 
122.25 6.13182e-007 
122.252 1.4844e-006 
122.254 4.37829e-007 
122.256 7.54045e-007 
122.261 6.9637e-006 
122.252 6.23023e-005 
122.247 1.27449e-006 
122.249 2.16292e-007 
122.25 6.32113e-007 
122.252 6.58823e-007 
122.253 4.30133e-007 
122.256 1.68491e-006 
122.263 8.98492e-006 
122.14 0.00974815 
122.202 0.00236034 
122.235 0.000227615 
122.249 7.0717e-007 
122.252 6.73373e-007 
122.254 8.23299e-007 
122.258 2.19481e-006 
122.266 8.20039e-006 
121.548 0.0300173 
121.848 0.0153865 
122.122 0.00352398 
122.231 0.000323457 
122.252 6.05939e-006 
122.255 2.01018e-006 
122.26 1.97268e-006 
122.268 7.46459e-006 
120.935 0.0175958 
121.383 0.0193121 
121.889 0.0094396 
122.154 0.00278998 
122.248 0.000183653 
122.256 7.80313e-006 
122.261 1.81519e-006 
122.269 5.28241e-006 
120.913 0.0133787 
121.249 0.015363 
121.737 0.0133557 
122.079 0.00718771 
122.24 0.000842 
122.258 3.55164e-005 
122.261 2.06597e-006 
122.269 4.32681e-006 
121.286 0.0133858 
121.41 0.010284 
121.738 0.0111937 
122.064 0.00836158 
122.234 0.00143735 
122.259 7.62606e-005 
122.263 4.8072e-006 
122.269 6.34081e-006 
121.802 0.0122112 
121.785 0.0124995 
121.866 0.0081263 
122.082 0.00698351 
122.233 0.00143891 
122.259 7.65242e-005 
122.263 8.36859e-006 
122.269 5.98e-006 
128.684 6.59775e-005 
128.702 6.59444e-005 
128.71 2.00023e-005 
128.723 2.56087e-005 
128.747 0.000187574 
128.762 3.21893e-005 
128.771 1.90066e-005 
128.789 0.000165619 
128.684 5.59142e-005 
128.705 8.73976e-005 
128.714 1.83232e-005 
128.725 3.60397e-005 
128.742 9.04601e-005 
128.752 2.65188e-005 
128.771 4.7901e-005 
128.81 0.000479354 
128.684 3.46824e-005 
128.703 6.62794e-005 
128.715 1.22696e-005 
128.721 3.71722e-005 
128.736 3.8931e-005 
128.746 2.48438e-005 
128.773 0.000109072 
128.83 0.000608126 
128.74 0.00156721 
128.724 0.000512259 
128.719 5.38459e-005 
128.715 1.76828e-005 
128.737 4.06211e-005 
128.751 4.92558e-005 
128.786 0.000143977 
128.848 0.000542605 
128.95 0.0034112 
128.864 0.0020792 
128.772 0.000672862 
128.724 7.47008e-005 
128.742 4.91243e-005 
128.76 0.000122284 
128.801 0.000128165 
128.866 0.000497397 
129.156 0.00154603 
129.046 0.00179008 
128.882 0.00142614 
128.769 0.000455777 
128.754 5.26776e-005 
128.775 0.000254027 
128.808 0.000116277 
128.875 0.000360634 
129.174 0.000758117 
129.107 0.000676081 
128.956 0.00142417 
128.816 0.0009894 
128.769 8.69652e-005 
128.794 0.00033699 
128.814 0.000129391 
128.875 0.000303125 
129.08 0.00113386 
129.069 0.000589611 
128.962 0.00131379 
128.828 0.00123506 
128.771 0.00019635 
128.807 0.000357715 
128.827 0.000307821 
128.881 0.000448915 
128.923 0.00166265 
128.948 0.00161884 
128.915 0.00132334 
128.817 0.00115417 
128.765 0.000221301 
128.807 0.000281071 
128.828 0.000546866 
128.878 0.000422112 
9.85431 5.72872 
15.1116 5.75843 
14.8409 3.30759 
10.8213 3.0273 
9.46776 3.12525 
12.7812 6.07752 
13.0052 1.78522 
8.92441 7.85926 
9.04959 2.73798 
10.8629 2.21762 
11.5038 2.30392 
8.28773 3.46871 
9.39364 2.96239 
12.1327 4.34622 
10.8356 2.14682 
8.11777 2.75648 
17.2506 7.3364 
11.3376 4.41421 
12.6915 3.87648 
11.9557 3.48144 
10.7161 3.2373 
13.0138 8.77032 
13.2482 1.83756 
10.961 7.95287 
20.7905 12.5358 
13.8598 4.56772 
18.461 10.4673 
20.0509 14.8132 
12.3061 9.88209 
11.7024 4.95331 
12.128 1.64681 
12.2349 4.53607 
17.9678 18.2964 
15.527 6.28834 
19.5666 7.96869 
22.3246 5.48862 
14.4962 10.9884 
14.7671 7.56276 
13.117 3.40775 
8.44969 4.18917 
13.2886 9.35729 
12.8424 3.26727 
15.0248 6.15837 
17.3688 10.7495 
14.8117 11.4154 
19.5242 8.32846 
19.1415 4.81569 
7.57572 6.96202 
11.3749 5.5435 
9.5708 2.28525 
11.1426 1.08446 
11.5247 2.49678 
10.6707 3.44152 
12.5854 7.33351 
15.5851 5.35187 
10.5637 5.7448 
12.4087 6.34215 
9.75065 1.99315 
8.43161 2.52714 
6.73537 4.28545 
6.6019 2.13639 
6.52717 1.49066 
9.39625 3.2587 
9.71351 2.93485 
14.2154 4.38771 
11.0837 7.00338 
5.86865 2.36964 
4.42075 3.70199 
6.21551 1.7019 
7.74307 1.29477 
7.469 2.33439 
6.67689 3.69201 
14.071 10.7073 
21.6158 8.33691 
22.3974 9.85722 
20.3738 5.77345 
19.8039 4.51185 
18.5258 3.00397 
17.5665 3.26005 
14.7653 3.57453 
8.79233 3.25139 
12.8789 8.3832 
19.2506 11.9008 
17.5019 6.19139 
15.5536 10.7197 
17.8708 7.04452 
17.5966 2.27533 
13.062 4.26725 
19.533 19.7775 
12.9958 6.60942 
17.0195 9.96313 
20.3155 8.66077 
18.5509 9.92798 
18.8394 11.2554 
19.5407 4.63866 
13.6736 7.06901 
34.0804 26.5011 
16.4116 13.7492 
18.081 9.15516 
21.9641 5.36108 
18.8169 5.8436 
17.4299 4.13988 
19.6727 4.65407 
15.9907 2.50248 
35.546 21.4155 
20.2983 22.9143 
22.2038 10.7445 
26.0531 8.94338 
19.2977 8.44305 
14.5239 3.73399 
16.0202 5.67614 
13.8153 3.54153 
28.6179 31.6853 
19.5817 16.8256 
21.6264 10.2905 
26.2983 3.27488 
21.7072 11.8182 
15.2185 5.45802 
14.1701 7.98132 
10.5573 4.62571 
24.7163 28.6029 
16.7316 8.31888 
17.6098 2.79333 
18.5614 7.03339 
19.0147 6.28985 
16.4882 3.49035 
17.2627 5.97729 
15.0494 6.2381 
19.0277 30.2229 
15.7151 10.198 
12.9955 2.54182 
8.86717 7.13837 
11.095 7.3083 
13.2978 5.12203 
17.4347 7.70731 
18.6869 7.74786 
20.5021 7.22945 
19.5584 4.51663 
13.4445 4.35414 
7.95543 3.8454 
7.86547 4.94182 
12.1991 4.41537 
16.1568 10.4097 
14.8167 12.1183 
52.9247 36.8113 
64.8016 15.8765 
75.4321 10.8245 
84.1221 26.3645 
87.7154 22.5522 
84.6689 27.4215 
74.5035 10.5125 
82.4527 46.276 
60.3863 43.0921 
66.0356 21.8585 
79.3762 25.5297 
83.0982 12.9875 
83.169 32.0364 
84.266 47.8808 
73.4943 36.0142 
82.406 54.3418 
70.0368 17.839 
74.2321 9.12979 
80.7838 22.0392 
78.9922 29.519 
79.3412 33.738 
82.7401 21.0636 
83.3111 19.8497 
90.4502 80.0506 
59.7935 28.2609 
70.1611 17.6496 
74.8527 7.13811 
65.6274 24.6463 
65.2906 18.636 
82.6135 41.1669 
101.647 45.2547 
102.617 31.6612 
58.4884 36.0818 
69.6936 36.9864 
79.1418 21.5067 
75.7213 22.3421 
69.6478 16.6496 
80.4802 53.9716 
108.314 47.0893 
110.688 31.8417 
67.8483 13.8203 
74.1208 22.2417 
81.6486 21.8179 
84.659 17.5629 
83.6157 30.8838 
84.1709 28.9587 
105.029 56.2592 
114.269 23.1822 
58.4663 32.5611 
66.6381 24.0337 
75.3785 9.07697 
73.8189 23.5585 
80.3685 26.3705 
91.8811 39.0086 
101.514 29.4905 
104.908 39.1704 
42.5315 40.717 
61.6076 28.2082 
72.4834 11.5029 
65.1891 10.5818 
63.609 19.4027 
71.8679 42.3905 
88.5844 20.642 
92.986 56.4284 
61.4925 54.2547 
66.9556 31.7253 
71.6576 14.4219 
61.984 18.5768 
53.29 15.2199 
65.0837 51.445 
80.6155 22.5579 
73.157 23.7781 
190.781 98.2517 
159.7 80.6498 
154.033 44.5543 
157.309 27.0418 
165.718 87.2615 
172.534 44.0756 
175.943 22.6463 
173.797 22.7639 
189.403 118.466 
175.282 49.0658 
160.872 75.8385 
162.728 29.3243 
167.484 86.6658 
164.248 40.6351 
170.443 30.0659 
179.833 17.2176 
152.494 114.67 
171.383 76.747 
161.542 53.9512 
156.602 16.7756 
161.486 84.9844 
156.024 115.194 
149.988 53.6651 
163.335 39.5987 
138.195 140.378 
173.374 74.253 
155.314 127.477 
144.109 81.2492 
170.762 80.1296 
168.625 91.9719 
148.851 30.3535 
149.836 11.7399 
144.383 136.217 
166.442 65.0532 
145.55 129.602 
127.484 64.1826 
163.954 116.565 
173.786 26.6979 
153.878 65.1597 
153.994 25.5358 
145.244 80.3457 
156.308 49.024 
150.901 44.6356 
136.928 74.3649 
152.885 72.5404 
160.634 24.8633 
142.212 91.1842 
153.57 30.6502 
149.851 104.75 
165.255 40.6094 
165.044 26.1869 
168.542 126.195 
170.32 102.618 
162.522 40.6923 
142.635 63.1771 
150.196 29.027 
146.219 158.483 
152.898 59.367 
171.73 52.8843 
196.799 86.1258 
204.154 72.1614 
193.966 52.5082 
168.667 99.8434 
164.093 93.127 
125.53 78.4024 
136.068 81.963 
173.756 79.7028 
204.009 89.3861 
215.771 65.7015 
199.257 62.3984 
185.528 56.8707 
194.092 54.4869 
37.3907 8.29078 
40.8489 5.90278 
36.5324 16.7415 
35.0578 5.37768 
29.8993 23.2589 
26.7505 5.8829 
32.8447 11.623 
32.9463 16.0116 
37.9825 10.7963 
41.6881 9.30455 
36.0285 22.5371 
38.6956 5.23951 
37.1201 21.9121 
33.2084 27.5442 
36.7325 14.6742 
29.1427 19.1812 
41.921 16.7231 
39.9822 7.71279 
37.9452 11.6784 
40.9591 5.59718 
40.4508 6.57611 
38.9707 25.7189 
40.9737 25.1661 
31.3275 35.7177 
46.8101 11.6266 
35.6413 17.6568 
36.6461 11.5723 
42.4398 6.57458 
35.7424 10.5549 
31.8085 11.3173 
30.1917 11.1732 
28.2621 6.26713 
44.5443 22.2792 
37.2813 19.7998 
35.0902 6.199 
39.0317 13.2757 
33.226 8.33522 
28.7096 7.88613 
23.6786 6.69629 
25.4512 14.6174 
45.0867 47.6642 
45.8298 27.005 
38.353 21.5819 
37.7046 9.00117 
33.8638 15.7407 
30.7765 8.19121 
30.0165 13.7912 
28.7065 9.83827 
39.9168 42.7911 
44.4524 19.0431 
41.3161 9.88206 
37.635 8.70531 
31.8163 13.4616 
29.5096 5.8284 
30.8337 12.5725 
29.1856 3.13429 
58.852 29.3117 
56.8157 17.9959 
43.8434 12.2123 
35.6087 9.85335 
28.212 5.25221 
27.3899 7.70817 
26.4634 10.7223 
25.2448 6.97675 
71.4163 29.813 
65.1205 14.1205 
45.2946 23.8162 
34.4053 15.2198 
26.8948 8.31177 
24.866 2.05986 
24.7183 3.29587 
27.1427 7.11634 
12.7798 3.72115 
20.5556 6.42216 
19.9091 6.02347 
14.6265 12.3042 
9.42679 7.34099 
7.25501 2.3022 
8.9068 1.702 
9.99559 4.45383 
12.3819 5.70085 
15.2435 2.62705 
16.0439 4.00889 
12.6247 6.05424 
10.0496 3.1295 
10.7163 6.1629 
13.1893 5.43928 
10.0486 4.84195 
19.4262 8.91836 
11.8938 3.32281 
12.779 2.69212 
13.1507 1.16312 
11.4375 1.53864 
12.5001 5.58318 
13.9539 2.30986 
11.7274 6.19487 
22.1039 10.239 
12.844 5.92353 
18.2313 11.4917 
22.8825 9.94378 
14.3553 12.8994 
9.49526 4.13648 
8.83657 6.122 
12.6888 3.30602 
16.2816 10.1556 
12.5794 5.1663 
18.1487 10.3225 
24.6337 5.31655 
15.7566 13.1503 
9.6481 3.23321 
7.78629 1.04175 
10.4791 4.23969 
13.0508 3.03101 
12.5764 1.95688 
12.9151 3.99612 
16.9646 20.4023 
14.1643 15.3444 
12.0354 3.47046 
12.3247 5.52805 
8.37274 1.46524 
20.2233 21.5444 
16.8482 11.8301 
12.1162 1.92366 
12.5637 2.81866 
10.5107 7.05059 
9.8802 2.4688 
15.1214 6.0954 
13.1016 1.43663 
26.7564 6.75329 
21.2109 9.48919 
12.6503 5.2562 
9.65401 1.78971 
8.95656 5.96971 
9.50889 2.7539 
12.2413 7.12298 
12.2208 3.59825 
25.3142 27.2127 
20.9042 19.2552 
11.4022 7.51184 
9.44332 6.9113 
12.2004 2.17674 
12.798 5.16838 
7.98082 3.67165 
7.07907 3.07219 
