5104.42 1.1779e+007 
5027.6 1.23601e+007 
5008.18 1.21549e+007 
4963.24 1.25909e+007 
4793.76 1.17767e+007 
4771.84 1.1324e+007 
4771.26 1.17581e+007 
4642.11 1.21963e+007 
4851.27 1.14963e+007 
4827.08 1.18659e+007 
4823.13 1.21382e+007 
4822.08 1.26534e+007 
4728.66 1.17181e+007 
4690.96 1.1036e+007 
4616.24 1.12147e+007 
4444.91 1.11987e+007 
4681.75 1.09498e+007 
4712.25 1.13467e+007 
4701.78 1.14811e+007 
4597.59 1.16016e+007 
4521.65 1.11809e+007 
4531.63 1.05269e+007 
4407.62 1.03093e+007 
4207.18 9.69173e+006 
4558.77 1.03821e+007 
4590.83 1.08066e+007 
4583.34 1.11592e+007 
4424.94 1.08342e+007 
4354.07 1.09475e+007 
4347.18 9.96664e+006 
4240.17 9.39321e+006 
4092.75 9.00263e+006 
4466.83 8.90407e+006 
4474.77 9.29949e+006 
4495.29 1.01226e+007 
4391.34 1.06631e+007 
4346.21 1.11337e+007 
4284.83 9.84662e+006 
4180.86 9.04441e+006 
4016 8.47986e+006 
4334.57 7.89771e+006 
4347.06 8.65885e+006 
4417.75 1.00108e+007 
4327.52 1.02595e+007 
4269.22 1.04025e+007 
4209.83 9.55616e+006 
4141.56 8.66428e+006 
3948.07 7.99189e+006 
4178.6 6.97523e+006 
4187.71 7.96971e+006 
4273.05 9.63345e+006 
4193.53 1.00108e+007 
4129.41 9.85715e+006 
4059.48 9.05409e+006 
4043.43 8.42122e+006 
3911.45 7.80823e+006 
4039.03 6.57837e+006 
4002.25 7.27942e+006 
4100.35 8.50628e+006 
4129.09 9.3899e+006 
4071.51 9.85914e+006 
3959.79 8.85178e+006 
3979.17 8.2739e+006 
3896.44 7.88486e+006 
4044.98 6.31385e+006 
3953.26 6.80033e+006 
4019.08 8.1716e+006 
4126.94 9.54832e+006 
4125.61 9.6123e+006 
4051.9 8.93071e+006 
4052 8.53331e+006 
3912.77 7.74762e+006 
16.3826 17.047 
16.5296 16.716 
16.6531 15.7129 
16.885 14.2324 
17.2475 12.7559 
17.584 11.1716 
17.9346 8.6973 
18.2776 6.31633 
16.3258 18.0293 
16.4878 16.9059 
16.5725 16.2184 
16.7676 15.3156 
17.1501 13.3969 
17.5431 11.3008 
17.919 8.97392 
18.2711 6.37391 
16.3038 18.7071 
16.4406 17.3176 
16.5088 16.3945 
16.6821 16.0742 
17.0622 14.2918 
17.4955 11.4605 
17.8908 8.82632 
18.2542 6.56053 
16.3303 19.0504 
16.42 18.3253 
16.4785 17.1117 
16.635 16.2372 
16.9683 14.9474 
17.3851 12.3317 
17.8016 9.00847 
18.2333 6.17066 
16.3421 19.4127 
16.4278 19.0143 
16.5063 17.5679 
16.6491 15.8291 
16.9233 14.5962 
17.3007 12.6047 
17.7489 9.21676 
18.2535 5.8329 
16.3796 19.104 
16.476 18.8675 
16.576 17.3282 
16.7258 15.358 
16.996 13.665 
17.3508 11.518 
17.8108 8.44065 
18.3298 5.20501 
16.4456 18.4144 
16.5302 18.6648 
16.6584 17.0356 
16.8395 15.0235 
17.1222 13.056 
17.4501 11.0163 
17.8919 8.14299 
18.3832 4.99954 
16.4951 18.1323 
16.5741 18.3863 
16.7034 16.732 
16.9132 14.2971 
17.2061 12.3356 
17.5347 10.4351 
17.9606 7.60289 
18.4203 4.7922 
16.5079 17.8838 
16.6191 17.2679 
16.7299 15.9377 
16.9224 13.7532 
17.2132 11.6262 
17.5819 9.6197 
18.0095 7.02381 
18.4522 4.2958 
35.3259 2.38001 
35.3187 2.22188 
35.2984 1.99311 
35.28 1.6603 
35.2817 1.33351 
35.3485 1.15042 
35.4187 1.35962 
35.4858 1.66157 
35.2309 2.54958 
35.2241 2.37986 
35.2034 2.08438 
35.1932 1.74628 
35.2106 1.39173 
35.2942 1.13274 
35.4007 1.36875 
35.4926 1.74106 
35.1586 2.62976 
35.1574 2.42515 
35.1416 2.18158 
35.1438 1.88651 
35.1834 1.49878 
35.2792 1.21394 
35.4026 1.38186 
35.511 1.66225 
35.0928 2.60833 
35.0998 2.41245 
35.104 2.18882 
35.1285 1.8985 
35.1793 1.53653 
35.2818 1.31542 
35.4101 1.33303 
35.5273 1.47451 
35.0307 2.48318 
35.0341 2.33369 
35.0566 2.06218 
35.1106 1.76215 
35.1743 1.50022 
35.2916 1.3949 
35.4333 1.3452 
35.542 1.32419 
34.986 2.32045 
34.9817 2.1737 
35.0014 1.88392 
35.063 1.60114 
35.1465 1.40179 
35.2961 1.35926 
35.4606 1.35979 
35.5625 1.32421 
34.9598 2.1544 
34.9559 2.01634 
34.96 1.76345 
35.014 1.51621 
35.126 1.34371 
35.3094 1.2976 
35.4831 1.33472 
35.5957 1.35519 
34.9335 2.01161 
34.9402 1.9224 
34.9447 1.75236 
34.9972 1.52889 
35.1364 1.38203 
35.3435 1.34222 
35.5184 1.35746 
35.634 1.39289 
34.9103 1.90626 
34.9175 1.89777 
34.933 1.77771 
35.0027 1.54281 
35.1735 1.41468 
35.3978 1.37258 
35.5723 1.37431 
35.6671 1.42309 
35.3918 4.80786 
35.4299 5.10789 
35.4736 5.11913 
35.5471 4.62569 
35.6757 3.83501 
35.8431 2.7616 
35.9785 1.79972 
36.028 1.26716 
35.3862 5.1464 
35.4332 5.52336 
35.4811 5.52524 
35.545 4.90494 
35.6727 3.86888 
35.8433 2.61672 
35.9795 1.68012 
36.0545 1.18696 
35.4029 5.49155 
35.4786 6.07063 
35.5537 6.19577 
35.6009 5.47345 
35.6966 4.14835 
35.8566 2.76893 
36.0145 1.86677 
36.1265 1.15397 
35.4494 5.53462 
35.5417 6.19125 
35.6249 6.44146 
35.6667 5.81141 
35.7489 4.41323 
35.9145 3.08211 
36.0802 2.01909 
36.1831 1.12324 
35.4979 5.41231 
35.5786 6.04249 
35.6554 6.30822 
35.7038 5.77272 
35.7981 4.47248 
35.9765 3.14968 
36.1304 1.96944 
36.2035 1.07033 
35.5109 5.20321 
35.5717 5.80381 
35.6562 6.00835 
35.7074 5.49939 
35.7974 4.23792 
35.9677 2.91613 
36.1278 1.81502 
36.2195 1.00009 
35.5057 5.11175 
35.5571 5.67937 
35.6423 5.77535 
35.69 5.16902 
35.7593 3.97349 
35.9209 2.78106 
36.1206 1.7398 
36.2411 0.975113 
35.5139 5.06832 
35.563 5.60936 
35.628 5.69762 
35.6789 4.9714 
35.7567 3.89546 
35.9235 2.8034 
36.1313 1.68947 
36.2394 0.932733 
35.4978 5.18221 
35.5608 5.62051 
35.6222 5.67508 
35.6845 4.90931 
35.7887 3.79816 
35.9611 2.64105 
36.136 1.56124 
36.2137 0.876599 
943.332 1.8846e+006 
937.718 1.85824e+006 
909.752 1.84333e+006 
856.461 1.72718e+006 
794.16 1.52213e+006 
798.779 1.76976e+006 
752.892 1.56799e+006 
587.965 1.02624e+006 
758.228 1.45223e+006 
767.437 1.43809e+006 
788.21 1.53789e+006 
783.767 1.46481e+006 
738.614 1.35138e+006 
756.701 1.66498e+006 
694.021 1.30313e+006 
512.166 757775 
641.584 1.0192e+006 
674.591 1.02598e+006 
732.513 1.20624e+006 
712.334 1.19133e+006 
688.899 1.10686e+006 
720.846 1.29182e+006 
639.681 1.05106e+006 
476.936 552212 
635.223 1.23778e+006 
677.102 1.28811e+006 
706.828 1.2292e+006 
672.2 1.11201e+006 
678.774 1.28914e+006 
699.69 1.24565e+006 
610.549 950373 
494.178 733524 
719.169 1.3309e+006 
759.762 1.36633e+006 
773.034 1.33932e+006 
768.17 1.29198e+006 
790.938 1.55853e+006 
736.44 1.45279e+006 
580.698 922733 
474.471 602970 
782.176 1.47008e+006 
771.409 1.3364e+006 
788.438 1.45897e+006 
799.964 1.40369e+006 
775.395 1.37657e+006 
705.269 1.27525e+006 
578.544 903315 
461.225 536925 
824.865 1.51355e+006 
795.491 1.40705e+006 
791.058 1.45509e+006 
746.41 1.31232e+006 
682.402 1.22994e+006 
613.717 1.01135e+006 
535.203 766973 
448.249 559582 
807.957 1.59533e+006 
771.65 1.43422e+006 
744.069 1.35482e+006 
704.022 1.25587e+006 
627.736 1.13745e+006 
552.081 851477 
490.307 754404 
404.319 563598 
855.237 1.50666e+006 
803.858 1.27995e+006 
745.076 1.14234e+006 
700.395 1.18927e+006 
624.874 1.02287e+006 
555.532 850685 
517.068 824607 
432.397 556278 
545.182 358230 
496.22 340727 
472.485 342279 
457.485 319410 
441.984 302066 
434.222 256419 
415.336 231948 
390.156 191191 
470.596 299296 
460.68 304374 
460.569 346518 
429.928 279962 
422.999 256584 
421.147 246837 
398.705 231265 
377.502 184693 
427.145 284151 
434.492 280047 
421.107 261229 
402.644 235690 
407.209 270117 
406.503 243809 
391.097 185986 
363.569 171221 
407.602 245619 
411.203 233509 
405.773 221782 
418.379 260668 
413.612 265904 
392.61 227643 
372.458 162383 
357.339 154286 
378.84 171630 
393.983 192211 
435.308 257914 
460.27 314969 
422.249 264468 
386.044 206624 
374.282 170664 
360.134 165968 
381.123 158394 
411.955 218842 
460.194 312994 
463.837 293915 
438.921 289425 
416.788 268030 
392.385 215150 
372.638 191228 
422.99 191621 
414.676 190813 
427.239 249069 
438.684 288394 
448.444 313762 
438.347 313637 
389.294 256613 
348.979 190333 
439.638 270649 
415.912 202158 
418.161 274967 
439.694 382199 
457.718 417903 
437.01 383942 
379.326 255295 
331.056 157565 
476.337 424022 
457.193 351905 
459.028 440231 
463.662 512947 
458.13 569389 
451.794 475533 
432.292 429045 
374.717 350401 
519.574 243319 
506.771 229875 
515.836 256181 
534.638 304971 
546.72 336072 
584.85 525017 
599.929 578220 
580.089 408283 
493.908 227538 
479.909 208958 
484.546 228557 
500.13 261414 
518.847 343628 
550.017 444463 
555.604 448178 
537.154 327216 
480.799 238380 
475.576 220705 
468.768 242242 
481.026 253596 
505.706 342316 
510.338 377806 
514.724 386935 
514.241 387361 
495.776 283707 
473.272 251904 
461.709 230871 
475.355 241627 
490.263 325007 
488.714 337744 
502.727 371856 
506.807 389664 
492.313 272050 
470.35 259565 
467.263 249010 
470.17 275598 
451.915 267604 
455.527 269364 
522.47 404524 
518.929 376096 
487.365 250648 
474.704 246359 
476.815 246299 
493.464 334846 
464.918 291587 
444.664 239842 
498.885 359107 
494.209 371847 
471.567 246867 
461.294 248508 
454.65 233985 
472.747 303080 
474.051 284074 
475.808 310984 
485.143 359584 
455.186 329545 
474.65 221645 
440.479 211145 
420.838 177862 
433.047 207762 
466.403 233224 
498.113 375762 
482.427 385423 
453.724 272065 
488.561 220300 
442.263 198167 
419.19 175162 
418.248 194085 
460.858 238727 
501.374 360203 
484.33 324435 
449.942 205744 
1758.03 5.13961e+006 
1764.78 4.82505e+006 
1784.71 4.75803e+006 
1785.01 4.68941e+006 
1769.03 4.38511e+006 
1761.87 4.39177e+006 
1727.54 4.38072e+006 
1760.17 4.74781e+006 
1914.32 5.75406e+006 
1873.89 5.32978e+006 
1864.34 5.09635e+006 
1874.52 5.08212e+006 
1827.71 4.76392e+006 
1816.88 4.59991e+006 
1789.69 4.57522e+006 
1783.42 4.68014e+006 
1956.71 5.75015e+006 
1936.5 5.45666e+006 
1896.71 5.27319e+006 
1827.43 5.08829e+006 
1753.4 4.64996e+006 
1779.12 4.48653e+006 
1746.14 4.69801e+006 
1713.73 4.22853e+006 
1917.25 5.43113e+006 
1886.91 5.18311e+006 
1823.88 5.0935e+006 
1724.43 4.6932e+006 
1690.07 4.54192e+006 
1695.75 4.42669e+006 
1673.1 4.14599e+006 
1687.07 3.83764e+006 
1804.35 4.59113e+006 
1728.24 4.46826e+006 
1666.81 4.42299e+006 
1585.91 4.11976e+006 
1614.56 4.64347e+006 
1652.85 4.37762e+006 
1680.41 3.58901e+006 
1721.44 3.97138e+006 
1622.6 3.66128e+006 
1570.27 3.60157e+006 
1565 3.75001e+006 
1505.89 3.63771e+006 
1549.63 4.11977e+006 
1606.65 3.98485e+006 
1681.16 3.61965e+006 
1690.96 3.91567e+006 
1478.33 3.20687e+006 
1467.7 3.15713e+006 
1540.86 3.71099e+006 
1528.71 3.81669e+006 
1547.53 3.68165e+006 
1541.11 3.65342e+006 
1630.02 3.91283e+006 
1682.37 3.76299e+006 
1389.22 2.8409e+006 
1381.23 2.84699e+006 
1493.34 3.88731e+006 
1571.31 4.41665e+006 
1571.81 3.88467e+006 
1496.51 3.39732e+006 
1597.75 3.28212e+006 
1705.77 3.58726e+006 
1288.05 2.58154e+006 
1285.08 2.64174e+006 
1401.99 3.77677e+006 
1555.31 4.55935e+006 
1617.28 4.12926e+006 
1551.22 3.27906e+006 
1582.75 2.81181e+006 
1643.06 3.3495e+006 
730.668 987831 
727.265 978397 
758.839 1.07372e+006 
769.534 1.00256e+006 
735.421 819185 
719.649 844318 
778.133 991265 
806.95 1.09491e+006 
691.143 989600 
703.933 935522 
719.877 925192 
733.242 973786 
730.306 823117 
694.349 773175 
717.513 884707 
753.755 952584 
677.334 955340 
685.475 860688 
681.268 842161 
697.019 884552 
718.814 862722 
676.212 811721 
674.103 801609 
699.493 860838 
652.909 828197 
676.102 830598 
683.776 759278 
669.729 749630 
653.531 794459 
632.283 717532 
631.152 684168 
624.351 694742 
614.449 653493 
641.62 709427 
654.613 647897 
631.628 600855 
605.662 686826 
596.868 607032 
589.543 557489 
558.91 488648 
592.373 596144 
612.81 618246 
601.834 522385 
562.073 442840 
564.172 494636 
587.065 569442 
586.548 623593 
562.369 603455 
547.102 476910 
574.279 504334 
567.005 466154 
534.67 404689 
539.91 448861 
562.894 507266 
587.831 577365 
570.967 519309 
548.562 542280 
563.503 569700 
570.836 546853 
530.575 402946 
536.542 477786 
579.847 617536 
602.465 587091 
572.745 433012 
538.528 482586 
543.749 536706 
553.247 528803 
534.892 438615 
541.105 466115 
575.855 521889 
595.807 556449 
579.35 474785 
607.64 601717 
594.855 591673 
566.55 559989 
560.118 581409 
506.449 524814 
472.473 431564 
497.433 485912 
516.785 556020 
523.071 545065 
541.229 547053 
505.587 505494 
500.484 552831 
490.179 518847 
451.868 438262 
460.713 488366 
480.914 514980 
498.178 472574 
505.62 499948 
501.421 493396 
477.144 491920 
447.624 407980 
438.604 442427 
441.875 455334 
439.213 417819 
450.019 383735 
466.235 449869 
501.369 512942 
464.853 452244 
427.823 382010 
438.134 397645 
450.18 489950 
422.999 453499 
457.705 437825 
480.824 461717 
498.267 483965 
475.191 478851 
460.892 494952 
457.093 523182 
433.457 508110 
382.12 395681 
468.928 432096 
505.914 464719 
525.462 556696 
502.297 541155 
476.188 526809 
449.394 474924 
404.039 456680 
366.672 336970 
433.746 356531 
474.271 409759 
492.24 524917 
472.304 516655 
437.079 429359 
427.611 425532 
415.942 462419 
405.697 421511 
379.007 260607 
429.482 370364 
453.107 379321 
450.442 435312 
411.297 389071 
396.222 365184 
426.904 466183 
428.823 494031 
398.268 281113 
421.114 372546 
440.549 397241 
454.433 482171 
423.364 434260 
416.12 404844 
439.756 497666 
433.301 476252 
