4677.01 201080 
7049.82 559212 
6848.92 141675 
5425 110345 
5109.08 31857.2 
4685.57 32479 
4167.33 415200 
3936.08 657458 
5759.71 413053 
7451.25 140654 
6324.13 1.02454e+006 
5173.38 268199 
4878.3 35814.6 
4604.01 43904.3 
3356.23 84997.3 
2267.82 62705.5 
6459.68 55510.7 
6147.15 1.0236e+006 
5085.36 129376 
5015.06 21387.1 
4751.31 5257.07 
4635.13 119510 
3249.76 56907.7 
2311.81 120215 
6761.96 116506 
4406.93 227333 
4653.75 96266.2 
5882.43 52934.2 
5932.02 103151 
5066.61 110919 
3319.02 61259.2 
3310.92 294654 
7000.46 519292 
3460.47 90409.3 
4414.83 51518.8 
5699.2 33498.2 
6291.38 72114.4 
5266.96 180324 
3263.1 49297.7 
4064.74 263942 
7080.78 649624 
3178.27 12602.7 
4165.83 82424.2 
5328.92 208786 
6289.26 250505 
5375.87 314281 
3137.69 177038 
4073.9 212972 
6799.71 324959 
3805.67 240324 
4436.27 254129 
5039.37 67979.1 
5451.32 54103.2 
5206.01 111162 
3468.78 85033.8 
4153.74 213719 
6197.75 314801 
4810.75 13738.6 
5178.22 20732.3 
4808.81 178319 
4188.71 271324 
4609.17 33008.3 
4512.03 238309 
4983.62 149466 
4749.01 250456 
4176.76 155083 
4883.45 92998.3 
4880.99 44243.7 
4112.01 256629 
4181.74 44684.8 
4973.52 26942.4 
5060.6 171405 
14.5378 0.0271833 
15.1169 0.345658 
17.1696 0.446491 
18.0266 0.0522957 
17.1257 0.0420723 
15.713 0.0701156 
14.8555 0.258665 
14.9473 0.423393 
15.3526 0.54978 
17.062 1.53029 
18.747 0.428593 
18.5778 0.0199812 
17.2365 0.113949 
15.3539 0.225174 
13.7923 0.26255 
13.6506 0.0949025 
17.1168 0.760022 
19.2186 0.498664 
19.6827 0.0143385 
18.5053 0.0989214 
16.8029 0.223794 
14.6133 0.408816 
12.7635 0.269257 
12.8993 0.0775554 
18.7799 0.590446 
20.2063 0.0849683 
19.8813 0.0217679 
18.5631 0.0669971 
16.6555 0.103001 
14.104 0.184676 
12.0155 0.106143 
12.2551 0.119119 
20.1263 0.374419 
20.8902 0.0600572 
20.4273 0.0679576 
19.4367 0.143467 
17.5834 0.182498 
14.7433 0.229729 
12.2287 0.119174 
12.0128 0.135409 
20.6853 0.148774 
21.2823 0.00621572 
20.6932 0.0740798 
19.665 0.249196 
17.7736 0.486781 
14.9164 0.439708 
12.4665 0.148572 
12.212 0.173277 
20.0887 0.203233 
20.9618 0.0187189 
20.2609 0.0526018 
18.8508 0.161776 
17.0197 0.189301 
14.6469 0.160522 
12.5343 0.0621344 
12.8285 0.404506 
19.3378 0.154754 
20.7331 0.00585255 
20.2997 0.0340754 
18.6819 0.0658772 
17.1416 0.0557282 
15.4866 0.185383 
13.5897 0.270437 
14.2578 1.00971 
19.2809 0.144605 
20.5358 0.00982891 
20.3257 0.0377195 
18.9551 0.0527688 
17.6212 0.0500714 
16.3662 0.0744641 
15.2736 0.377433 
16.272 0.941662 
39.3916 0.118653 
39.5291 0.0512162 
39.0993 0.0794317 
38.9731 0.179115 
39.0952 0.187509 
39.103 0.261591 
38.6625 0.398877 
37.7677 0.340219 
39.6525 0.017079 
39.4844 0.0794222 
39.4561 0.00481304 
39.8591 0.0828256 
40.0794 0.114361 
40.3328 0.169188 
40.2488 0.210401 
39.1636 0.153993 
39.3397 0.0239778 
39.009 0.00813635 
39.5122 0.0284634 
40.3231 0.0307656 
40.7532 0.0480305 
41.3082 0.146123 
41.457 0.169074 
40.0732 0.162206 
38.812 0.15378 
38.8373 0.0111543 
39.4461 0.0270168 
40.1494 0.0709553 
40.7264 0.0485554 
41.6819 0.027202 
42.2425 0.00806608 
40.8571 0.1873 
37.801 0.110943 
38.4079 0.02851 
38.7809 0.0833931 
39.1413 0.164889 
39.771 0.135025 
40.9694 0.115831 
41.974 0.0463635 
41.1438 0.169541 
37.1751 0.020468 
38.021 0.00789266 
38.4287 0.018272 
38.835 0.112847 
39.646 0.264009 
40.8099 0.182909 
41.6377 0.0175597 
40.9728 0.162654 
37.4277 0.0439976 
38.0249 0.0134684 
38.7427 0.031464 
39.5445 0.0860111 
40.4777 0.107073 
41.3202 0.0190339 
41.666 0.0211235 
40.604 0.235306 
37.8867 0.0276341 
37.942 0.00495986 
38.6417 0.0187797 
39.5747 0.0193185 
40.3265 0.0433607 
40.7848 0.110125 
41.0004 0.194904 
39.8554 0.395313 
38.0805 0.0122479 
37.8259 0.000387557 
38.299 0.011617 
39.0953 0.0321456 
39.671 0.0391485 
39.9176 0.0510336 
39.8411 0.234746 
38.765 0.354052 
37.0239 0.068423 
36.2184 0.130121 
35.5973 0.0887242 
35.4143 0.0513226 
35.4429 0.044607 
35.6934 0.0352787 
36.0111 0.0160811 
36.1279 0.0014551 
36.2326 0.177815 
35.3232 0.172623 
34.7994 0.0811735 
34.7198 0.0494442 
34.74 0.0570845 
35.0915 0.029923 
35.6336 0.0117864 
36.0032 0.00274021 
35.3502 0.127358 
34.5512 0.10209 
34.2024 0.0369608 
34.2222 0.0170147 
34.1726 0.0294918 
34.6356 0.0203348 
35.4199 0.0206613 
35.9145 0.00318272 
34.8071 0.0210073 
34.0685 0.0239999 
33.8954 0.000313844 
34.0618 0.00694468 
33.9668 0.00267346 
34.3984 0.0156022 
35.2278 0.0250307 
35.7654 0.0121129 
34.8641 0.0206858 
34.0734 0.0109654 
34.058 0.0230051 
34.3882 0.0354487 
34.3009 0.0239413 
34.514 0.0174926 
35.0522 0.0121669 
35.478 0.00969904 
35.276 0.0371886 
34.4375 0.0243165 
34.3412 0.00773264 
34.5871 0.00268112 
34.4731 0.00875495 
34.5679 0.00376822 
34.9358 0.00601642 
35.2745 0.00334281 
35.7705 0.0406443 
34.9132 0.0282618 
34.5254 0.00451608 
34.4574 0.00235751 
34.2917 0.00582771 
34.4451 0.00297534 
34.8852 0.0103332 
35.251 0.0041479 
36.2793 0.0320772 
35.4969 0.0456022 
34.8773 0.0263774 
34.5234 0.00538572 
34.3692 0.00853322 
34.5503 0.017349 
34.9504 0.0143114 
35.2884 0.00481213 
36.6209 0.0107933 
36.0466 0.0189081 
35.345 0.0173435 
34.8119 0.0106154 
34.6807 0.0129858 
34.8169 0.0135298 
35.1055 0.0116969 
35.3727 0.00543093 
694.478 297537 
993.552 65524 
1775.18 170544 
2229.09 2676.6 
1325.54 170249 
1249.26 204036 
1936.32 482548 
2125.16 633693 
170.018 375.632 
784.868 4453.86 
1542.71 166110 
1222.96 481803 
473.21 76536.9 
437.338 65339.3 
623.326 146741 
474.615 71427.6 
125.771 1591.92 
608.06 31366.1 
866.379 73656.9 
502.43 8936.72 
309.235 2203.31 
133.042 1448.51 
53.4716 5.36497 
55.1448 0.00254883 
362.835 25987.8 
743.972 112571 
1070.11 209275 
1493.08 202328 
1098.55 32902.8 
191.413 17542.6 
29.5217 700.432 
30.6372 750.91 
486.291 14206.9 
1169.33 8300.86 
1580.39 14349.1 
1940.04 10083.5 
1247.44 43860.6 
111.414 17314.1 
0 1e-009 
0 1e-009 
431.669 8855.14 
941.5 82629.9 
1030.74 456443 
1340.43 720251 
974.305 280459 
110.32 5797.32 
0 1e-009 
0 1e-009 
385.14 1863.59 
517.142 2812.38 
228.502 7709.94 
473.293 7545.76 
806.892 23863.3 
405.144 13389.6 
0 1e-009 
0 1e-009 
300.721 7703.53 
601.23 8412.45 
411.312 17305.3 
374.797 6982.05 
858.611 7537.41 
562.088 6934.69 
110.083 3686.96 
90.7096 1552.87 
387.725 63313.1 
637.678 22209.6 
825.518 64828.2 
924.189 287747 
1057.5 48799.5 
637.366 1212.63 
413.741 19376 
154.165 2845.18 
1911.6 515064 
3960.68 983722 
3235.32 170278 
1490.6 64471 
1321.72 7027.7 
1110.44 42643.1 
572.08 29608.8 
261.232 330.689 
2414.9 196688 
4230.16 403462 
3381.12 607340 
1671.71 52083.9 
1312.78 5512.99 
1236.53 28966.9 
666.873 40733.1 
251.555 2805.79 
2161.52 121719 
2568.73 876242 
2471.93 294489 
1904.68 8499.12 
1621.34 1816.85 
1552.74 6972.29 
876.135 14791.2 
302.101 7938.59 
1950.43 42623.5 
1184.48 111266 
1304.07 78269.2 
1475.71 39612.4 
1467.43 33836.4 
1255.62 139962 
706.499 79925 
248.173 19630.9 
1523.1 107794 
841.936 53824.9 
799.154 8160.79 
1269.71 43555.6 
1294.23 221773 
794.092 393433 
327.856 71660.5 
80.9053 1579.21 
761.365 76600.4 
1111.84 64039.2 
1756.37 249229 
2403.85 197401 
2492.96 24290.7 
1771.47 49624.6 
676.067 27202.2 
46.9546 2836.06 
335.736 29849.4 
1317.93 23889.3 
2087.88 26906.1 
2239.43 69773 
2178.01 136742 
1449.3 252431 
546.671 70828.8 
87.6066 2217.23 
469.139 22277.9 
1308 45875.6 
2050.49 154909 
1393.63 218438 
1012.4 63457.4 
597.576 9633.98 
663.038 189526 
769.496 272574 
732.898 27818.4 
1011.79 23334.1 
1651.05 7925.05 
959.464 21054.3 
730.45 3104.76 
758.995 36135.9 
1750.15 257641 
2029.89 192523 
1033.53 66949.2 
1149.8 39547.9 
689.535 28135.3 
448.675 2137.66 
590.318 12927.6 
439.253 6399.71 
192.87 2823.75 
86.1097 4597 
2109.12 294608 
2113.85 143682 
703.648 25842.6 
577.417 42257.6 
955.01 40522.9 
873.638 47027.1 
453.095 25199 
255.997 1251.44 
3276.68 210814 
2559.62 22855.8 
898.236 21239.7 
947.614 23151.4 
980.918 5802.48 
1136.06 2531.46 
801.738 18571.5 
357.555 17170.6 
3274.06 231448 
1638.68 514397 
867.444 24889.4 
1027.71 30287.2 
716.382 31228.6 
672.71 98006.2 
567.036 65791.7 
338.919 37031.2 
1937.6 425699 
489.259 49467.9 
558.403 590.043 
772.575 3487.82 
779.058 19015.3 
628.829 13099.9 
364.74 865.717 
311.262 24528.9 
603.993 167905 
282.512 17109.4 
630.021 10534.4 
730.634 3429.49 
1066.3 1752.73 
1026.89 11104.1 
619.214 18954.9 
917.37 383256 
327.524 37587.9 
458.946 42610.4 
590.881 31771.5 
510.922 56272.4 
659.171 99604 
778.171 79006.7 
815.268 41382.1 
2468.72 468303 
730.543 25038.9 
552.342 1148.25 
510.948 37851.4 
598.895 55292.2 
459.532 7283.98 
591.028 1984.49 
984.322 92632 
3230.67 108658 
802.452 37986.7 
394.214 44106.2 
601.741 20133.7 
873.563 2963.2 
592.799 6477.55 
666.486 2878.26 
878.164 35907.5 
2277.84 263722 
717.673 127651 
193.553 1684.17 
143.549 175.379 
159.925 3191.02 
77.4641 17.6691 
120.854 17024.6 
151.734 25279.4 
56.6498 3959.86 
703.357 120363 
157.589 3747.76 
208.976 2816.94 
396.588 1246.02 
262.834 1824.51 
455.134 1809.78 
530.644 670.318 
271.674 5946.08 
437.748 36842.1 
92.2819 1977.57 
124.887 2336.97 
353.755 408.457 
352.355 5091 
529.238 3421.28 
526.218 4316.97 
621.215 60359.4 
681.86 203798 
118.684 1200.63 
103.517 1076.83 
239.844 7877.23 
496.859 33608.2 
716.004 36144.5 
491.013 6148.75 
1451.4 354698 
2497.9 725205 
108.387 3174.99 
178.886 366.07 
167.048 596.676 
699.463 10989.7 
1074.67 22484.6 
666.077 17207.7 
2566.49 542776 
3620.88 691760 
117.51 2948.1 
211.598 192.07 
163.75 3136.27 
475.285 24946 
765.433 23226.2 
563.562 2869.12 
2510.12 431026 
2586.89 287620 
221.583 16401.2 
107.284 5040.81 
68.8683 4513.56 
75.8327 5534.7 
306.897 3982.64 
465.548 1658.84 
1270.78 215859 
2022.67 33277.7 
618.104 18547.5 
45.0341 1163.57 
10.5381 473.508 
4.83707 187.178 
434.134 19997.3 
694.621 4210.52 
441.228 37187.6 
1752.19 173070 
780.273 38317.8 
112.151 826.551 
81.1197 532.307 
33.6705 252.242 
480.205 17441.6 
708.195 3068.96 
301.932 24544.7 
197.371 967.776 
179.05 2612.03 
306.58 4625.38 
414.154 9547.27 
305.216 29033.5 
421.995 32897.8 
356.653 25288.7 
137.093 9893.4 
234.225 856.419 
111.326 309.913 
176.114 4902.44 
517.615 596.727 
474.306 3361.65 
465.511 1291.62 
529.855 5548.39 
401.895 33524.5 
267.038 5420.33 
203.007 11817.3 
239.012 18710.9 
454.439 1992.29 
492.091 1486.27 
579.594 30353.6 
696.443 25904.8 
805.527 4481.5 
251.601 12800.1 
299.537 14880 
398.314 3842.61 
269.408 3183.6 
557.261 42068.6 
916.649 114637 
892.017 139940 
1082.19 8015.87 
319.95 13631.1 
322.938 7429.68 
402.853 8276.31 
264.303 12498 
599.288 15134.3 
1145.75 25075.2 
1190.43 9808.16 
958.023 48724.8 
922.431 201116 
282.389 344.374 
239.291 6809.04 
268.678 25990.2 
402.74 13704.1 
730.35 5862.56 
844.568 6348.45 
525.04 42205.7 
1913.42 69291.4 
409.027 4073.64 
484.835 100580 
834.809 130935 
639.756 43850 
969.139 120329 
965.2 93074.5 
212.781 14243.5 
1692.8 129164 
592.355 7188.59 
672.647 29493.8 
1171.4 12069.1 
778.411 68841.1 
1083.79 33889.1 
1238.04 21481.9 
278.585 43917.8 
824.26 64464.8 
685.111 4880.55 
562.093 12698.9 
763.349 35183.8 
433.73 57359.6 
446.687 100622 
578.477 178507 
173.053 40567.6 
122.359 12027.1 
573.174 73705 
698.752 41283.3 
682.562 111285 
1488.82 87703 
1343.77 28802.7 
957.671 31441 
1269.84 53432.7 
128.091 2511.27 
53.4543 144.683 
311.56 10616.9 
787.091 21360.2 
1400.16 18981.4 
1135.86 51765 
552.437 35263.7 
612.085 63607.4 
190.918 925.181 
115.447 1119.63 
484.919 53717.9 
852.143 53705.4 
995.367 67402.2 
704.459 163773 
295.751 18904.1 
170.27 3145.72 
241.173 1286.39 
421.572 34595.1 
910.296 24796.5 
1376.69 20461.7 
1595.53 29141.9 
1314.22 26153.2 
632.93 7621.69 
159.613 5076.15 
235.616 434.206 
528.623 11867.3 
895.146 13244 
1285.53 58881.6 
1671.89 17532.9 
1512.21 6647.55 
713.992 14655.2 
148.061 14507.2 
740.447 194161 
442.527 20164.9 
297.81 57487 
421.589 32383.9 
877.669 23312.4 
971.411 86320 
434.276 72291.3 
74.4108 10812.9 
1251 6803.51 
881.041 41350 
936.887 254743 
912.046 122451 
1091.66 70840.2 
1297.36 21962.1 
676.089 39399.8 
113.854 1004.98 
981.871 104091 
1138.72 19806.4 
1487.79 11399.8 
1259.55 5817.52 
1074.93 27252.4 
1340.55 29030.8 
821.93 65116.1 
172.936 941.911 
249.488 16374.5 
667.692 46979.8 
1130.9 369113 
1279.31 46267.9 
1263.86 286125 
1192.01 81319.5 
644.796 44586.7 
123.724 7691.52 
