4869.35 4980.59 5487.73 4666.78 4667.05 4989.43 4122.88 3963.98 4345.32  
7395.89 7880.17 8082.15 6407.79 6777.58 7894.16 5872.4 6334.31 6803.92  
7486.52 7162.24 6871.1 6501.47 6209.58 7174.96 6957.2 6768.78 6508.41  
5944.81 5642.76 5460.53 5083.55 4823.49 5652.78 5667.23 5416.78 5133.12  
5337.56 5305.48 5232.23 4853.17 4894.65 5314.9 5015.39 5022.49 5005.83  
4917.99 4644.77 4384.07 4886.03 4866.07 4479.22 4788.34 4655.67 4548  
3705.08 3462.5 3286.52 4983.83 4969.1 3457.04 4504.48 4551.35 4586.06  
2942.32 3004.47 3085.83 4709.55 4666.05 3091.31 4633.02 4643.07 4649.12  
6103.39 6373.98 6800.24 5256.58 5416.31 6385.29 4879.15 4995.57 5626.92  
7307.25 7142.58 6911.58 7666.08 8018.85 7155.26 7207.25 7650.19 8002.23  
5494.54 5184.54 5002.62 7286.5 6950.96 5193.74 7596.3 7271.4 6936.55  
4617.13 4623.88 4619.75 5684.32 5384.23 4632.09 5953.37 5672.54 5373.07  
4680.37 4653.36 4677.19 5073.64 5018.35 4661.62 5069.14 5063.12 5007.95  
4899.74 4591.39 4309.46 4599.69 4404.76 4389.48 4919.27 4781.78 4540.55  
3441.31 3149.59 2872.95 3504.47 3267.89 3101.36 3916.94 3623.7 3327.87  
2011.92 1994.07 1979.66 2462.19 2450.52 1983.17 2603.56 2468.24 2457.08  
6567.68 6449.01 6400.59 6305.24 6534.11 6460.46 6036.92 6401.15 6981.97  
5344.56 4985.01 4807.67 7097.04 6876 4993.86 7276.16 7082.33 6861.75  
4519.74 4734.21 4927.62 5382.7 5197.03 4742.62 5706.52 5371.55 5186.26  
5217.41 5178.03 5123.06 4895.15 4893.64 5187.22 4872.49 4885 4883.5  
4790.16 4630.31 4694.65 4826.66 4779.45 4638.53 4815.8 4816.66 4769.54  
4751.51 4442.47 4078.02 4778.46 4484.04 4214.36 5186.27 5063.63 4717.4  
3354.97 3142 2875.34 3315.28 3085.78 3179.36 3765.65 3417.31 3112.13  
2455.86 2626.54 2815.28 1991.45 2018.6 2820.28 2130.19 1960.77 1987.33  
7241.11 6804.95 5970.43 6809.17 6558.14 6817.03 7092.31 6912.32 6652.17  
4007.6 3921.04 4042.26 4770.54 4409.62 3928 5422.16 4760.66 4400.48  
4577.89 4917.86 5204.29 4359.25 4692.73 4926.59 4171.97 4350.21 4683.01  
6022.09 6103.16 6200.77 5731.38 5808.88 6114 5445.26 5719.5 5796.85  
6341.85 6245.14 6259.97 5703.89 5530.7 6256.23 5839.07 5692.07 5519.24  
5516.47 5101.96 4567.48 5056.58 4679.15 4842.62 5582.97 5315.07 4937.22  
3436.78 3125.77 2837.32 3430.99 3324.25 3156.8 3748.07 3528.32 3282.84  
3312.53 3744.6 4146.98 2933.2 3178.93 4154.34 2687.13 2713.48 2927.12  
7595.71 7113.41 5447.38 7392.08 6918.65 7126.04 7894.14 7391.89 6124.81  
2987.13 3159.07 3406.77 3604.61 3597.12 3164.68 4038.04 3597.14 3589.67  
4054.72 4330.56 4594.31 4406.38 4743.64 4338.24 4134.52 4397.25 4733.81  
5367.61 5542.66 5758.06 5865.87 5897.23 5552.5 5570.17 5853.71 5885.01  
6564.26 6587.6 6591.6 6100.42 5979.43 6599.29 6144.96 6087.77 5967.04  
6048.48 5679.54 5151.43 4953.09 4612.13 5441.05 5522.44 5170.71 4823.77  
3666.04 3277.48 2958.54 3215.18 3080.16 3187.48 3579.79 3341.28 3061.93  
3768.21 4281.14 4731.5 4002.81 4432.56 4739.89 3122.23 3509.82 3994.52  
7437.58 7154.21 5647.68 7596.12 7170.15 7166.91 8162.99 7673.31 5718.1  
3177.92 3234.94 3371.64 3003.68 3225.21 3240.69 3134.4 2997.46 3218.52  
3759.58 3899.67 4085.96 4317.43 4600.07 3906.59 4024.15 4308.48 4590.54  
4711.31 4851 4952.8 5711.47 5890.85 4859.62 5405.01 5699.63 5878.64  
5618.46 5744.69 5819.76 6771.43 6766.81 5754.89 6617.08 6757.4 6752.79  
5336.42 4935.57 4479.85 5748.38 5343.91 4703.94 6295.39 5973.75 5565.65  
3133.76 2800.89 2511.02 3343.04 3034.44 2750.19 3991.71 3531.17 3142.96  
3519.41 4061.13 4486.62 4240.53 4685.94 4494.58 3236.65 3708.46 4231.75  
6770.44 6645.86 5947.2 7213.45 6935.29 6657.65 7711.19 7397.34 5919.02  
4332.14 4326.86 4401.38 3313.72 3352.9 4334.54 3536.67 3306.85 3345.96  
4830.49 4972.23 5153.37 3977.54 4126.74 4981.06 3797.52 3969.3 4118.19  
5287.41 5331.28 5286.6 4817.49 4945.23 5340.75 4603.05 4807.51 4934.98  
5223.37 5205.2 5235.34 5628.55 5780.47 5214.44 5389.14 5616.89 5768.49  
5238.32 5034.31 4754.78 5362.88 4972.63 4831.32 5829.85 5602.52 5227.49  
3759.04 3609.45 3497.92 3288.76 3019.32 3719.98 3890.51 3387.65 3046.34  
4178.53 4430.69 4625.22 4119.97 4499.83 4633.43 3156.21 3628.38 4111.43  
5791.23 5691.61 5502.19 6653.27 6570.36 5435.99 6950.63 6840.52 6343.93  
4845.28 4863.56 4939.86 4868.63 4864.13 4575.44 4939.66 4712.78 4687.42  
5180.53 5298.57 5383.09 5230.42 5353.47 5064.71 4942.82 5015.33 5135.05  
4593.53 4369.4 4121.76 5226.56 5134.02 4335.72 5221.77 5167.5 5109.04  
3694.02 3587.37 3605.31 4620.34 4528.29 3556.33 4725.68 4719.62 4661.47  
4324.09 4536.97 4626.17 4656.98 4511.27 4363.63 4836.62 4852.09 4774.69  
4818.34 5030.77 5149.76 4215.62 4277.35 5133.58 4160.66 3921.67 3900.54  
5526.15 5413.82 5292.21 4906.15 5002.02 5164.52 4314.39 4532.03 4701.3  
4411.35 4275.58 4113.01 5125.81 4976.53 4052.13 5414.55 5245.59 5126.54  
3741.33 3796.94 3957.44 4269.36 4325.84 3590.49 4682.41 4581 4645.99  
4374.99 4628 4879.6 4939.4 5151.99 4476.11 5051.65 5150.99 5298.35  
5016.41 5031.44 4992.99 4923.86 4760.28 5172.27 4922.98 4673.28 4435.44  
4824.64 4587.48 4402.68 3961.03 3755.93 4757.82 3728.57 3584.59 3405.32  
4253.83 4322.35 4384.7 4163.6 4307.18 4364.39 3702.55 3943.38 4193.73  
4811.09 5020.94 5114.14 5059.92 5209.72 4919.66 4667.49 4848.61 5110.13  
5089.79 4819.6 4526.73 5210.95 5002.84 4343.84 5624.93 5553.08 5373.64  
14.5891 14.5125 14.597 14.7915 14.5744 14.5125 14.6993 14.3671 14.1968  
15.2911 15.6873 16.147 14.7183 14.9684 15.6873 14.2996 14.4875 14.7653  
17.5325 17.8697 18.1078 16.5751 16.9662 17.8697 16.0661 16.5535 16.9854  
18.3651 18.2938 18.1297 17.7866 17.7751 18.2938 17.8169 17.8932 17.8852  
17.4472 17.1425 16.8179 17.1351 16.8972 17.1425 17.4182 17.1973 16.9334  
15.8367 15.5241 15.2378 15.9374 15.7858 15.3963 16.1192 15.8932 15.6861  
14.4648 14.2923 14.1895 15.4701 15.4818 14.2798 15.2493 15.1569 15.1152  
14.1637 14.2226 14.316 15.7581 15.8644 14.316 15.2144 15.29 15.3799  
15.8158 16.1325 16.5485 14.745 14.7685 16.1325 14.6833 14.6169 14.7302  
17.9805 18.4194 18.7869 15.889 16.3442 18.4194 15.4852 15.8891 16.3442  
19.4739 19.4761 19.3738 18.15 18.4263 19.4761 17.7701 18.15 18.4263  
18.7983 18.5466 18.2687 18.6461 18.519 18.5466 18.7101 18.6461 18.519  
17.3202 16.9707 16.6259 17.5219 17.19 16.9707 17.8172 17.5219 17.19  
15.4209 14.9872 14.5806 15.6432 15.3249 14.7838 16.1665 15.8082 15.4697  
13.4658 13.2265 13.067 14.2097 14.0521 13.2325 14.5306 14.2733 14.0729  
13.1245 13.2674 13.4554 13.9194 14.0074 13.4554 13.8382 13.868 13.9194  
17.5023 18.032 18.5211 16.2479 16.6373 18.032 15.9672 16.3233 16.7878  
19.7558 19.9839 20.0983 18.5629 18.9625 19.9839 18.0947 18.5629 18.9625  
19.9464 19.7422 19.4806 19.683 19.612 19.7422 19.643 19.683 19.612  
18.5856 18.2541 17.908 18.7691 18.4956 18.2541 19.0167 18.7691 18.4956  
16.7599 16.3693 15.9727 17.2253 16.8694 16.3693 17.5654 17.2253 16.8694  
14.5618 14.0706 13.6244 15.0177 14.5983 13.8634 15.7211 15.2563 14.8066  
12.4765 12.1914 12.0293 13.1845 12.9936 12.203 13.5764 13.2337 12.9835  
12.3201 12.6051 12.9538 13.1027 13.3203 12.9538 12.804 12.9313 13.1027  
19.0179 19.5636 19.9919 17.8998 18.4363 19.5636 17.6282 18.1991 18.7186  
20.497 20.5231 20.4796 19.9566 20.1138 20.5231 19.6934 19.9566 20.1138  
20.1157 19.9236 19.7091 19.9098 19.6894 19.9236 20.0616 19.9098 19.6894  
18.9856 18.6958 18.3835 18.5269 18.1975 18.6958 18.8582 18.5269 18.1975  
17.1912 16.7372 16.2496 16.6774 16.2775 16.7372 17.0741 16.6774 16.2775  
14.5814 14.0177 13.4947 14.1556 13.6832 13.7929 14.906 14.4085 13.8964  
12.1652 11.7642 11.4905 12.1856 11.968 11.686 12.6338 12.2795 11.9672  
11.6549 12.015 12.4951 12.4201 12.8187 12.4951 11.8776 12.0989 12.4201  
20.1327 20.697 21.1296 19.3421 19.8982 20.697 19.1736 19.7886 20.2778  
21.1978 21.1735 21.1061 20.678 20.6806 21.1735 20.6435 20.678 20.6806  
20.8239 20.6928 20.5499 20.2589 20.08 20.6928 20.4083 20.2589 20.08  
20.0347 19.8126 19.5531 19.1993 18.925 19.8126 19.4691 19.1993 18.925  
18.3709 17.8708 17.3382 17.4585 17.0013 17.8708 17.8802 17.4585 17.0013  
15.5752 14.9482 14.3455 14.5816 14.041 14.6904 15.3922 14.8434 14.2722  
12.7824 12.298 11.8933 12.1409 11.7875 12.1206 12.7901 12.3432 11.9026  
11.6774 11.995 12.4769 11.9781 12.4609 12.4769 11.4427 11.6296 11.9781  
20.1641 20.7096 21.1547 20.2927 20.859 20.7096 20.1708 20.8029 21.3042  
21.2631 21.2302 21.1102 21.3405 21.3194 21.2302 21.3871 21.3405 21.3194  
20.6226 20.4238 20.2129 20.9414 20.804 20.4238 21.065 20.9414 20.804  
19.4671 19.1556 18.8269 20.1295 19.8941 19.1556 20.3327 20.1295 19.8941  
17.6225 17.1171 16.5841 18.4176 17.905 17.1171 18.8768 18.4177 17.905  
14.9681 14.4271 13.9274 15.3021 14.7018 14.2099 16.185 15.574 14.9524  
12.5796 12.2476 11.9736 12.5901 12.1849 12.1388 13.3007 12.8199 12.3629  
11.9693 12.328 12.8243 12.0459 12.5218 12.8243 11.6129 11.7354 12.0459  
19.2898 19.8379 20.3105 19.942 20.4789 19.8379 19.7987 20.4013 20.9013  
20.8009 20.8275 20.7843 21.0909 21.0635 20.8275 21.1069 21.0909 21.0635  
20.3374 20.1003 19.8126 20.4447 20.2327 20.1003 20.6428 20.4447 20.2327  
18.8389 18.4899 18.1306 19.2138 18.895 18.4899 19.4905 19.2138 18.895  
17.0746 16.6829 16.2937 17.3965 16.9151 16.6829 17.8202 17.3965 16.9151  
15.1193 14.666 14.2143 14.6328 14.1316 14.4227 15.4076 14.876 14.3522  
12.8783 12.6036 12.4338 12.4143 12.1542 12.6079 12.9467 12.5383 12.2315  
12.7728 13.2157 13.7698 12.4806 12.9961 13.7698 11.8768 12.094 12.4806  
18.7228 19.2454 19.7298 19.0624 19.6158 19.2731 18.8835 19.486 20.021  
20.5989 20.7142 20.7702 20.7788 20.8425 20.6523 20.6637 20.763 20.8146  
20.5036 20.2762 19.9569 20.4391 20.1984 20.1941 20.5766 20.3951 20.1569  
18.9172 18.5968 18.29 18.8466 18.4941 18.5465 19.1619 18.8186 18.4655  
17.5014 17.2423 17.0095 17.1697 16.826 17.204 17.4477 17.114 16.7598  
16.2613 15.8794 15.4439 15.2478 14.8132 15.633 15.7701 15.3816 14.9492  
14.1935 14.0075 13.9495 13.2359 13.0741 14.3416 13.5668 13.1076 12.8307  
14.53 14.9853 15.5354 13.7754 14.3407 15.809 12.7637 13.0642 13.5169  
19.2242 19.5396 19.8373 18.8569 19.3108 19.5901 18.556 19.0629 19.5503  
20.4371 20.5197 20.5625 20.5388 20.6501 20.4135 20.4044 20.5879 20.7082  
20.3814 20.2132 19.9849 20.4602 20.2404 20.1624 20.6647 20.5255 20.2986  
19.2468 18.9985 18.7419 18.9543 18.6485 19.1494 19.28 18.9458 18.6309  
17.9496 17.691 17.4465 17.5708 17.327 17.9191 17.8071 17.56 17.3191  
16.7393 16.4752 16.2173 16.2171 15.8803 16.5744 16.6941 16.4227 16.0754  
15.7706 15.8127 15.939 14.8608 14.8345 16.2114 14.9348 14.617 14.4812  
16.7029 17.0675 17.4687 15.8165 16.3085 17.6518 14.7791 15.1085 15.5445  
39.6143 39.7539 39.8221 38.859 39.0156 39.7539 39.0349 39.2586 39.4122  
39.8167 39.7234 39.6788 39.1907 39.1304 39.7234 39.5355 39.5149 39.4478  
39.4196 39.3656 39.3401 38.7354 38.6275 39.3656 39.1495 39.0053 38.8848  
39.3893 39.4535 39.4484 38.4493 38.4796 39.4535 38.6813 38.6849 38.7179  
39.5115 39.564 39.6359 38.5584 38.6098 39.564 38.7574 38.7994 38.8565  
39.6598 39.6588 39.6529 38.474 38.4064 39.6419 38.8626 38.8171 38.7534  
39.4997 39.3687 39.1799 37.9362 37.7522 39.2642 38.476 38.3355 38.1501  
38.6447 38.4213 38.19 37.0671 36.9051 38.19 37.6613 37.4985 37.3314  
39.5524 39.5358 39.4803 39.6808 39.7906 39.5358 39.6353 39.7926 39.8693  
39.2319 39.1433 39.1861 39.7597 39.6508 39.1433 39.8343 39.7597 39.6508  
39.3492 39.4711 39.6202 39.4347 39.4191 39.4711 39.4856 39.4347 39.4191  
40.0529 40.1995 40.2371 39.5868 39.6774 40.1995 39.5143 39.5868 39.6774  
40.3863 40.4524 40.5263 39.7654 39.8221 40.4524 39.7223 39.7654 39.8221  
40.7007 40.7877 40.8543 39.97 39.9831 40.8189 39.9268 39.9662 39.9878  
40.9083 40.8011 40.6187 39.8394 39.6923 40.6607 39.9932 39.9207 39.805  
39.9025 39.5812 39.2445 38.8074 38.5536 39.2445 39.2811 39.0499 38.8074  
39.2921 39.1725 39.0813 39.4739 39.4256 39.1725 39.5287 39.4941 39.4167  
38.8997 38.8999 39.0203 39.0832 39.0117 38.8999 39.1711 39.0832 39.0117  
39.4704 39.6468 39.8341 39.3663 39.5176 39.6468 39.2439 39.3663 39.5176  
40.344 40.5007 40.5787 40.1642 40.322 40.5007 40.0108 40.1642 40.322  
40.8694 40.9803 41.1115 40.5502 40.6267 40.9803 40.4834 40.5503 40.6267  
41.5492 41.7202 41.8498 40.9953 41.0741 41.7673 40.8334 40.9415 41.0428  
42.0246 41.9759 41.7968 41.0822 40.9349 41.8158 41.2155 41.1852 41.0818  
40.8306 40.3989 39.9602 39.7705 39.4133 39.9602 40.4393 40.1155 39.7705  
38.36 38.3711 38.4181 39.2287 39.1031 38.3711 39.2813 39.1398 39.0349  
38.6435 38.7203 38.8498 38.9083 38.9352 38.7203 38.915 38.9083 38.9352  
39.1927 39.3071 39.4233 39.5196 39.6926 39.3071 39.3599 39.5196 39.6926  
39.7594 39.8829 39.965 40.3449 40.4906 39.8829 40.1833 40.3449 40.4906  
40.337 40.5022 40.7012 40.8735 40.9902 40.5022 40.7675 40.8735 40.9902  
41.3888 41.6334 41.8441 41.736 41.8981 41.711 41.4495 41.6393 41.8366  
42.2829 42.385 42.3338 42.1701 42.0663 42.2991 42.1957 42.2297 42.2201  
41.5178 41.0616 40.5837 40.6222 40.1531 40.5837 41.4921 41.0778 40.6222  
37.2749 37.4379 37.6172 38.0761 38.1279 37.4379 38.0146 38.0684 38.154  
38.1396 38.2378 38.3227 38.5317 38.6178 38.2378 38.4341 38.5317 38.6178  
38.4346 38.4626 38.4919 39.0158 39.1057 38.4626 38.9332 39.0158 39.1057  
38.6248 38.6929 38.7656 39.4793 39.586 38.6929 39.3648 39.4793 39.586  
39.1814 39.3825 39.6072 40.0383 40.2074 39.3825 39.8941 40.0383 40.2074  
40.353 40.6455 40.9103 41.2395 41.4576 40.7515 40.8745 41.1179 41.3747  
41.5798 41.7925 41.8855 42.1686 42.2058 41.8029 41.9616 42.1088 42.2601  
41.4884 41.1039 40.6861 41.1122 40.6512 40.6861 41.9023 41.5518 41.1123  
37.0562 37.2212 37.3884 37.0491 37.246 37.2212 36.9159 37.1293 37.3486  
37.9145 38.0212 38.1618 38.0038 38.1017 38.0212 37.8589 38.0038 38.1017  
38.4749 38.5686 38.6677 38.3098 38.3388 38.5686 38.2817 38.3098 38.3388  
39.0374 39.2028 39.3493 38.5248 38.6097 39.2028 38.4534 38.5248 38.6097  
39.9152 40.18 40.4698 39.1625 39.3847 40.18 38.9746 39.1625 39.3847  
41.0337 41.2454 41.3927 40.4924 40.7361 41.2837 40.0958 40.3635 40.646  
41.7376 41.7621 41.6886 41.6062 41.7023 41.7255 41.3257 41.5055 41.686  
41.2301 40.8347 40.4334 41.046 40.647 40.4334 41.667 41.4177 41.046  
37.6342 37.641 37.675 37.2022 37.3291 37.641 37.108 37.2372 37.3813  
37.9829 38.0875 38.2477 37.9486 38.0578 38.0875 37.8055 37.9486 38.0578  
38.7329 38.8999 39.0761 38.5917 38.7118 38.8999 38.4689 38.5917 38.7118  
39.6392 39.8476 40.0171 39.2686 39.4505 39.8476 39.1109 39.2686 39.4505  
40.556 40.7843 41.0246 40.1687 40.4293 40.7843 39.9536 40.1687 40.4293  
41.266 41.3977 41.483 41.2773 41.4244 41.426 41.0162 41.1999 41.3916  
41.6707 41.5867 41.3843 41.8069 41.73 41.4699 41.7481 41.8061 41.7912  
40.7736 40.3544 39.9339 40.7495 40.3373 39.9339 41.4454 41.1583 40.7495  
38.1771 38.0468 37.9377 37.8447 37.7939 38.0557 37.7385 37.6983 37.6874  
37.8587 37.8877 37.9848 37.9271 38.0053 37.8817 37.8737 37.9784 38.0801  
38.3967 38.5642 38.7574 38.6153 38.7849 38.5599 38.5389 38.6966 38.861  
39.345 39.5328 39.6611 39.556 39.7628 39.5326 39.4044 39.5906 39.7871  
40.0077 40.1366 40.2638 40.4084 40.6042 40.133 40.2756 40.4524 40.6566  
40.3237 40.421 40.5138 41.0363 41.1335 40.4322 40.9644 41.057 41.1813  
40.7194 40.6316 40.4327 41.3268 41.167 40.3381 41.4531 41.506 41.4286  
39.8102 39.4438 39.0647 40.0708 39.6573 38.9262 40.9138 40.6129 40.1992  
38.1244 38.022 37.9305 38.2039 38.0723 37.9622 38.2867 38.1312 37.9911  
37.7937 37.7935 37.8525 37.8343 37.8469 37.8199 37.8316 37.8243 37.8362  
38.144 38.2653 38.4069 38.2941 38.4502 38.2589 38.1482 38.2823 38.4413  
38.8363 38.9807 39.0786 39.1764 39.3508 38.8774 39.0043 39.1883 39.3647  
39.3972 39.5088 39.6192 39.8003 39.914 39.3699 39.7012 39.8083 39.9204  
39.6851 39.7185 39.7355 40.1085 40.1683 39.557 40.0388 40.0812 40.1659  
39.5911 39.4244 39.1944 40.1733 40.0074 39.1164 40.3737 40.3915 40.2977  
38.5757 38.3098 38.0415 38.9979 38.6662 37.9143 39.7501 39.484 39.1456  
36.9085 36.7636 36.5832 37.2595 37.1463 36.7636 37.38 37.2751 37.1354  
36.0072 35.8351 35.6676 36.5448 36.4029 35.8351 36.706 36.5559 36.4106  
35.3346 35.2633 35.2203 35.8813 35.8004 35.2633 35.9689 35.8641 35.7793  
35.1645 35.1568 35.1685 35.6353 35.6098 35.1568 35.6426 35.6117 35.5828  
35.1979 35.2075 35.2156 35.6437 35.6521 35.2075 35.6118 35.6204 35.6297  
35.4145 35.4834 35.5538 35.884 35.9395 35.5248 35.7533 35.8114 35.8758  
35.791 35.877 35.9631 36.1277 36.1675 35.8969 36.0411 36.0925 36.143  
36.0542 36.0843 36.1108 36.1565 36.1433 36.1108 36.1739 36.166 36.1512  
35.9535 35.7867 35.5997 36.6615 36.5029 35.7867 36.7718 36.6066 36.424  
35.0324 34.8713 34.7431 35.7103 35.5339 34.8713 35.9025 35.7103 35.5339  
34.5202 34.4811 34.4549 35.0631 34.997 34.4811 35.1374 35.0631 34.997  
34.4594 34.4744 34.4769 34.918 34.9178 34.4744 34.9218 34.918 34.9178  
34.4734 34.4734 34.4716 34.952 34.9593 34.4733 34.9457 34.952 34.9594  
34.7915 34.9009 35.0119 35.2451 35.3205 34.9651 35.1205 35.195 35.2734  
35.4154 35.5668 35.7278 35.6771 35.7785 35.6091 35.5398 35.6411 35.7467  
35.9056 35.9642 36.0242 36.0411 36.0853 36.0242 35.948 35.9953 36.0411  
35.1143 34.9759 34.8205 35.726 35.5666 34.9759 35.8242 35.6653 35.4832  
34.3391 34.1962 34.1234 34.8489 34.6935 34.1962 35.0214 34.8489 34.6935  
33.9988 33.9861 33.985 34.3774 34.343 33.9861 34.4251 34.3774 34.343  
34.0507 34.0904 34.0773 34.3341 34.351 34.0904 34.3211 34.3341 34.351  
34.0068 33.983 33.9519 34.327 34.3204 33.983 34.3338 34.327 34.3204  
34.3637 34.5078 34.6606 34.7431 34.8565 34.6024 34.5434 34.6606 34.7824  
35.2018 35.4112 35.6381 35.4123 35.5709 35.465 35.1951 35.3579 35.5266  
35.8311 35.8918 35.9464 35.9476 36.0056 35.9464 35.8253 35.8885 35.9476  
34.8509 34.6966 34.5354 34.9579 34.8238 34.6966 35.0379 34.9076 34.7571  
34.0459 33.9042 33.8652 34.2055 34.0652 33.9042 34.3559 34.2055 34.0652  
33.8615 33.8903 33.9309 33.8955 33.8907 33.8903 33.9132 33.8955 33.8907  
34.1045 34.1702 34.1511 33.9807 34.0268 34.1702 33.9452 33.9807 34.0268  
34.0592 34.019 33.9699 33.9323 33.905 34.019 33.9593 33.9323 33.905  
34.2965 34.4146 34.5477 34.402 34.5412 34.5019 34.1469 34.2924 34.4418  
35.013 35.1994 35.4088 35.2342 35.4396 35.2502 34.9597 35.1625 35.3828  
35.5846 35.6495 35.7021 35.8766 35.9306 35.7021 35.75 35.8163 35.8766  
35.1311 34.9441 34.7539 34.8762 34.7139 34.9441 34.9722 34.8056 34.6358  
34.2394 34.1025 34.0861 34.0512 33.9126 34.1025 34.2022 34.0512 33.9126  
34.1632 34.2194 34.2888 33.916 33.9569 34.2194 33.8854 33.916 33.9569  
34.532 34.6174 34.6017 34.2094 34.2835 34.6174 34.1394 34.2094 34.2835  
34.5134 34.4715 34.4267 34.1742 34.1339 34.4715 34.2093 34.1742 34.1339  
34.5721 34.6205 34.6826 34.4432 34.5425 34.6668 34.2674 34.366 34.4652  
34.9396 35.0462 35.1727 35.0406 35.2029 35.0802 34.842 34.9903 35.1553  
35.3115 35.3763 35.4326 35.5776 35.6309 35.4326 35.4509 35.5117 35.5776  
35.6233 35.4183 35.2162 35.2597 35.0606 35.4183 35.369 35.1615 34.9573  
34.6947 34.5604 34.4979 34.3473 34.2152 34.5604 34.499 34.3473 34.2153  
34.4251 34.4319 34.4496 34.2537 34.3064 34.4319 34.2123 34.2537 34.3064  
34.5414 34.5711 34.5417 34.5971 34.6726 34.5711 34.5188 34.5971 34.6726  
34.4296 34.3772 34.3199 34.561 34.5166 34.3772 34.5988 34.561 34.5166  
34.4538 34.501 34.5664 34.6217 34.665 34.5488 34.5471 34.5843 34.623  
34.8181 34.9221 35.0478 34.9295 35.0291 34.9525 34.8193 34.9045 34.999  
35.1823 35.2507 35.3076 35.3103 35.3662 35.3076 35.1909 35.2449 35.3103  
36.1248 35.932 35.7357 35.7429 35.544 35.932 35.8462 35.6421 35.4349  
35.2021 35.0555 34.929 34.8186 34.6808 35.0555 34.9779 34.8186 34.6808  
34.6537 34.5899 34.5383 34.4713 34.4579 34.5899 34.4983 34.4713 34.4579  
34.4376 34.4077 34.3731 34.496 34.5084 34.4077 34.4818 34.496 34.5084  
34.2633 34.2166 34.1673 34.3646 34.3126 34.2166 34.4074 34.3646 34.3126  
34.367 34.4333 34.5155 34.4553 34.5144 34.4869 34.3593 34.4103 34.4639  
34.8074 34.9265 35.067 34.8327 34.9472 34.961 34.7052 34.8042 34.9151  
35.2021 35.27 35.3273 35.2536 35.3112 35.3273 35.1289 35.1846 35.2536  
36.5654 36.4072 36.2556 36.3043 36.1167 36.4382 36.3446 36.1403 35.9416  
35.8185 35.6957 35.5364 35.4258 35.2857 35.7614 35.4737 35.3114 35.1632  
35.1368 35.0276 34.9231 34.8194 34.738 35.0772 34.8058 34.7206 34.6471  
34.6581 34.5752 34.5512 34.5034 34.4531 34.5972 34.4964 34.4572 34.4187  
34.4863 34.4619 34.4377 34.3236 34.2839 34.487 34.3188 34.2826 34.2406  
34.6102 34.6628 34.7237 34.4838 34.5498 34.7209 34.3338 34.4005 34.4667  
34.9413 35.03 35.1367 34.8782 34.9912 35.0779 34.7279 34.8281 34.9426  
35.2593 35.3181 35.3705 35.2831 35.3392 35.3816 35.1569 35.2102 35.2767  
36.7771 36.6722 36.5733 36.6533 36.5171 36.686 36.7196 36.5663 36.4232  
36.2701 36.1756 36.0163 36.0017 35.8897 36.1984 36.0758 35.9534 35.8382  
35.5749 35.4488 35.3239 35.3037 35.1854 35.4786 35.3795 35.2625 35.1475  
34.9823 34.8733 34.8583 34.7687 34.6736 34.9119 34.8377 34.746 34.6552  
34.8112 34.7951 34.7795 34.5957 34.576 34.84 34.5956 34.5767 34.5568  
34.8836 34.9191 34.9608 34.7411 34.7906 34.9833 34.6425 34.6923 34.7391  
35.1219 35.1887 35.2659 35.0347 35.1176 35.2408 34.9202 34.9902 35.0697  
35.376 35.4202 35.4599 35.3545 35.4003 35.4788 35.2385 35.2854 35.3405  
131.455 131.455 131.455 1441.42 1522.46 131.688 823.885 968.242 968.242  
801.751 801.751 750.128 1528.94 1331.91 803.174 1061.99 990.509 871.81  
1874.52 2174.02 2416.69 1455.3 1751.8 2177.88 1081.09 1322.56 1722.76  
2197.7 2197.7 2197.7 2203.34 2203.34 2201.6 2209.06 2325.66 2325.66  
1217.84 918.34 675.666 1762.78 1502.69 919.97 1988.41 1649.71 1294.5  
771.407 908.203 1055.09 1839.21 2174.55 960.873 918.237 1149.56 1466.19  
1165.16 1165.16 1267.52 2724.02 2907.86 1154.33 2226.79 2430.51 2385.53  
1284.06 1325.25 1178.37 2989.1 2620.23 1180.46 2841.4 2873.21 2834.39  
150.913 150.913 150.913 179.867 179.867 151.181 167.631 199.438 199.438  
798.427 798.427 746.804 828.531 828.531 799.845 609.62 826.814 826.814  
1108.54 1108.54 1108.54 1840.03 2074.45 1110.5 1627.37 1836.22 2070.16  
450.036 450.036 450.036 1799.93 1799.93 450.835 2013.4 1796.2 1796.2  
200.823 200.823 200.823 738.143 503.72 201.179 974.086 736.614 502.676  
163.715 163.715 195.115 673.718 807.486 177.693 412.246 602.8 739.554  
200.884 200.884 200.884 918.208 918.208 182.946 972.044 1007.94 1007.94  
200.884 200.884 169.483 701.016 553.871 169.784 822.446 753.608 699.563  
81.6347 81.6347 81.6347 151.181 151.181 81.7796 167.631 167.631 167.631  
423.683 423.683 423.683 799.845 799.845 424.435 580.993 798.187 798.187  
562.698 562.698 562.698 1110.5 1110.5 563.697 1108.2 1108.2 1108.2  
365.944 451.647 451.647 517.24 517.24 452.449 733.363 516.168 516.168  
361.553 361.553 361.553 267.584 267.584 362.195 267.03 267.03 267.03  
168.165 82.4621 82.4621 149.096 149.096 75.0986 163.666 163.666 163.666  
55.1177 55.1177 55.1177 50.1959 50.1959 50.1959 55.1011 55.1011 55.1011  
55.1177 55.1177 55.1177 55.2155 55.2155 55.2155 55.1011 55.1011 55.1011  
375.732 534.439 657.4 201.042 244.536 535.388 222.917 222.917 271.143  
1222.66 1094.73 1044.91 490.559 421.205 1096.67 415.134 489.543 420.332  
1488.55 1562.23 1686.71 658.184 734.002 1565 547.016 656.82 732.481  
1813.91 2034.76 2034.76 1029.01 1250.25 2038.37 962.108 1026.87 1247.66  
1475.59 1243.21 995.763 1012.37 893.057 1245.42 1120.07 1010.27 891.206  
303.313 82.4621 82.4621 276.229 75.0986 75.0986 442.396 303.222 82.4373  
0 0 0 50.1959 50.1959 0 55.1011 55.1011 55.1011  
0 0 0 55.2155 55.2155 0 55.1011 55.1011 55.1011  
375.732 554.835 677.796 376.398 535.388 555.82 289.65 417.354 593.642  
1329.95 1202.03 1152.21 1224.83 1096.67 1204.16 997.414 1222.29 1094.4  
1595.85 1649.13 1834.03 1491.19 1565 1652.06 1386.35 1488.1 1561.76  
1798.03 2018.88 2018.88 1817.13 2038.37 2022.47 1899.06 1813.36 2034.15  
1377.26 1144.87 837.01 1395.6 1162.81 1146.9 1609.4 1392.71 1160.4  
220.851 0 0 201.13 0 0 359.958 220.785 0  
0 0 0 0 0 0 0 0 0  
0 0 0 0 0 0 0 0 0  
390.692 464.257 488.444 342.798 522.219 465.082 252.394 380.097 579.041  
632.244 632.244 632.244 1298.71 1170.56 633.366 1009.97 1296.02 1168.13  
241.551 251.185 377.441 1598.68 1735.4 251.631 1493.61 1595.37 1731.81  
393.094 393.094 393.094 2017.19 2152.58 393.792 2159.88 2013.01 2148.12  
510.825 427.626 277.183 1509.81 1193.67 428.385 1723.37 1506.68 1191.19  
117.73 117.73 117.73 123.08 0 107.217 274.281 135.107 0  
0 0 0 0 0 0 0 0 0  
0 0 0 0 0 0 0 0 0  
364.009 391.468 391.468 364.655 412.595 392.163 288.083 404.333 457.489  
460.591 586.226 586.226 499.649 499.649 587.267 437.443 498.614 498.614  
222.217 277.957 428.4 134.994 170.4 278.45 239.339 134.714 170.047  
590.717 502.136 636.076 393.792 393.792 503.027 454.147 392.976 392.976  
1063.7 980.506 830.063 715.294 631.948 982.246 713.812 713.812 630.638  
598.623 561.569 427.628 292.274 292.274 511.423 320.836 320.836 320.836  
0 0 0 0 0 0 0 0 0  
0 0 0 0 0 0 0 0 0  
163.351 190.81 318.683 328.19 352.947 225.259 288.083 404.333 434.834  
588.262 713.897 713.897 556.899 670.172 660.99 460.453 460.453 586.05  
613.609 586.15 395.214 341.982 392.236 545.814 326.776 222.15 277.873  
249.043 238.414 396.87 445.061 411.762 309.901 404.063 493.488 424.575  
768.063 768.063 768.063 918.071 843.059 787.43 985.974 985.974 902.801  
644.655 529.648 425.127 532.983 460.281 579.103 707.509 618.084 561.4  
153.806 153.806 153.806 81.8579 81.8579 226.843 46.257 46.257 46.257  
153.806 153.806 99.8713 90.0437 90.0437 90.0437 46.257 46.257 46.257  
710.793 616.423 647.607 321.303 210.575 639.647 207.558 135.623 0  
832.529 807.791 807.791 442.5 555.773 728.302 479.606 479.606 605.204  
991.197 1148.14 1108.2 555.773 639.965 1170.78 605.204 605.204 605.204  
1346.15 1424.1 1448.62 697.57 687.987 1750.58 264.821 354.246 343.621  
1335.89 1220.91 957.067 1110.25 1026.06 1431.76 811.834 811.834 811.834  
643.392 619.04 648.459 670.327 620.271 588.404 702.751 652.518 591.13  
633.265 562.859 562.859 318.25 318.25 498.149 276.678 276.678 276.678  
207.407 153.806 99.8713 138.672 90.0437 90.0437 246.537 207.344 153.76  
2007.95 2559.91 3331.36 1191.21 1339.9 2564.45 1104.35 1485.92 1619.39  
4594.8 5055.08 5408.03 2830.35 3117.39 5064.06 2899.11 3177.55 3499.79  
4045.26 3538.58 2885.59 2801.2 2697.86 3544.86 3430.92 3144.82 3028.81  
1837.07 1402.39 1009.23 1509.25 1330.77 1404.88 1887.08 1637.43 1397.31  
1193.79 1302.01 1333.72 1282.05 1412.87 1304.32 1234.6 1342.61 1489.47  
1083.02 964.121 815.506 1173.22 1006.84 878.029 1452.74 1377.1 1243.38  
571.846 446.649 296.475 659.433 499.277 406.765 869.167 782.528 616.575  
266.597 238.137 238.137 268.126 268.126 238.559 294.799 266.615 271.992  
2128.68 2532.21 3180.77 2036.98 2589.92 2536.7 1598.47 2258.62 2871.72  
3538.02 3536.94 3591.8 4657.87 5071.18 3543.22 4423.54 4648.21 5060.67  
3031.19 2672.94 2082.01 4088.41 3580.83 2677.69 4643.71 4079.93 3573.41  
1830.46 1697.21 1483.21 1818.75 1333.2 1700.22 2036.89 1814.98 1330.44  
1235.77 1342.61 1387.71 1282.38 1390.79 1345 1163.13 1279.72 1387.91  
1455.74 1431.43 1354.15 1090.84 956.636 1384.7 1236.22 1168.98 1050.12  
1026.6 874.477 771.749 530.017 390.225 796.39 630.53 553.517 428.358  
360.795 235.808 174.569 255.813 283.665 174.879 261.375 261.81 255.283  
1768.87 1910.91 2169.81 2151.64 2555.89 1914.3 1762.53 2385.76 2833.99  
1719.75 1489.8 1403.49 3386.51 3385.42 1492.44 3483.31 3379.49 3378.41  
1992.53 1930.65 1747.91 3001.88 2677.94 1934.07 3294.31 2995.66 2672.39  
1776.99 1825.03 1796.33 2025.07 1952.76 1828.27 1968.08 2020.87 1948.71  
1584.48 1656.44 1683.01 1559.01 1631.1 1659.38 1635.16 1555.78 1627.72  
1650.35 1536.51 1399.84 1610.86 1480.4 1480.4 1630.35 1649.86 1536.05  
1011.5 876.407 773.68 856.431 717.896 798.148 1122.99 940.122 788.049  
420.456 323.929 262.69 236.226 174.879 263.156 469.6 332.235 235.737  
1696.71 1719.19 1812.79 1990.49 2013 1722.24 2160.35 2207.07 2232.03  
1111.07 921.573 684.172 1457.67 1126.17 923.209 1857.98 1454.65 1123.84  
930.101 1022.22 1044.6 1566.04 1623.82 1024.04 1342.58 1562.79 1620.46  
1117.3 1280.84 1439.08 1577.92 1727.19 1283.11 1557.66 1574.65 1723.61  
1283.47 1261.49 1248.23 1587.29 1659.38 1263.73 1663.39 1584 1655.94  
1007.72 866.392 719.554 1610.86 1480.4 799.411 1630.35 1649.86 1536.05  
504.419 428.837 326.109 920.752 782.217 390.544 1153.26 993.705 858.656  
142.245 120.041 108.639 294.917 233.569 108.832 540.207 390.804 294.306  
1137.42 1154.42 1205.41 1699.73 1722.24 1156.47 1837.95 1884.67 1909.63  
770.899 669.323 485.176 1009.16 819.325 670.512 1328.34 1007.07 817.627  
641.711 827.658 895.36 767.876 897.818 829.127 670.593 766.284 895.958  
1307.88 1503.45 1625.45 1071.88 1133.07 1506.12 1079.12 1069.66 1130.72  
1793.94 1800.58 1858.81 921.499 769.045 1803.78 1013.41 919.59 767.451  
1639.68 1509.4 1413.01 229.815 174.195 1397.94 339.308 252.272 191.217  
812.602 620.05 443.121 98.9383 98.9383 564.682 112.184 91.5824 108.607  
107.933 42.6419 17.0294 108.832 108.832 17.0596 108.607 108.607 108.607  
336.902 438.645 646.654 973.47 964.775 439.423 968.468 1014.2 1069.75  
1248.15 1380.39 1522.97 856.566 903.676 1382.84 955.329 854.791 901.804  
2234.16 2334.86 2311.85 1290.07 1443.27 2339 1126.45 1287.4 1440.28  
2748.01 2896.76 2939.99 1993.48 2227.87 2901.91 1714 1989.35 2223.25  
2703.86 2652.3 2644.22 2339.33 2345.97 2657.01 2418.31 2334.48 2341.11  
1941.76 1692.64 1490.01 1827.83 1564.82 1564.82 2228.09 1941.18 1692.13  
812.602 603.02 426.091 740.041 549.173 549.173 989.308 812.358 602.839  
90.9031 25.6125 0 25.658 0 0 163.937 90.8758 25.6048  
194.43 380.852 741.113 229.68 366.494 381.528 131.679 189.475 406.372  
1239.33 1404.99 1590 1219 1384.95 1407.49 1017.07 1216.47 1382.08  
2126.85 2003.52 1709.57 2215.32 2246.81 2007.08 2028.89 2210.73 2242.15  
1862.45 1980.76 2044.58 2438.48 2587.5 1984.28 2241.22 2433.43 2582.14  
1815.88 1755.39 1739.01 2493.5 2476.36 1758.5 2603.92 2488.34 2471.23  
1201.34 947.049 723.835 1827.83 1564.82 885.807 2259.72 1941.18 1692.13  
342.254 280.959 231.029 767.739 576.871 255.871 989.308 842.762 633.244  
117.598 87.9167 62.3043 56.1258 30.4678 62.4149 194.342 121.28 56.0095  
716.464 542.329 554.031 454.295 485.019 581.234 230.994 234.848 423.042  
954.725 1200.27 1336.62 1392.58 1657.36 1122.31 1142.78 1373.95 1591.41  
1803.48 1701.8 1479.68 2625.51 2456.98 1574.49 2282.1 2358.63 2171.76  
1062.41 867.081 828.564 1976.94 1864.58 781.759 1753.71 1728.02 1679.58  
685.371 779.485 779.485 1244.79 1277.18 702.782 1309.03 1172.48 1160.99  
633.782 583.566 552.217 643.647 505.076 588.886 816.994 611.514 442.501  
989.142 1093.95 1185.16 490.349 487.972 1233.43 122.353 205.83 159.153  
1268.13 1309.27 1278.54 572.562 572.562 1446.93 159.153 159.153 159.153  
1088.84 775.437 602.507 810.629 653.629 732.933 846.598 603.144 482.364  
859.075 1078.2 1175.86 909.578 1130.96 1024.51 722.236 980.097 1225.56  
1638.93 1635.7 1598.22 1674.81 1583.14 1493.36 1679.8 1828.59 1726.94  
1107.95 883.502 844.985 957.865 781.759 870.747 1259.46 1062.09 866.821  
701.792 750.365 750.365 617.929 702.782 810.434 775.971 685.165 779.251  
656.863 819.716 1046.23 570.313 695.957 1130.81 694.079 633.591 583.391  
2050.6 2294.91 2468.44 1496.16 1493.78 2308.76 958.805 1266.67 1413.21  
2659.13 2588.53 2378.52 1784.99 1683.46 2395.26 1493.09 1610.36 1675.64  
1181.18 1373.89 1292.94 750.291 892.289 1376.33 691.498 799.094 944.241  
1408.17 1374.86 1285.31 920.935 967.355 1377.3 894.379 1033.91 1086.02  
768.882 548.007 513.007 770.247 548.98 548.98 1026.65 864.733 616.322  
441.557 431.878 434.127 428.103 388.808 432.645 563.835 480.617 436.502  
646.425 707.77 778.475 464.214 474.586 709.026 478.407 521.159 532.803  
546.279 477.119 420.032 350.959 320.905 447.649 576.843 433.412 380.076  
264.353 172.644 101.938 189.278 152.195 157.228 276.498 233.746 187.951  
137.497 158.874 172.272 35.8867 49.219 172.578 16.2201 16.2201 16.2201  
2422.66 2785.8 2759.29 1521.34 1792.37 2790.74 1429.45 1621.87 1858.6  
2703.24 2534.4 2316.63 1826.71 1793.34 2538.9 1698.9 1822.93 1789.63  
814.319 622.166 749.91 778.835 479.596 623.271 1008.91 777.221 478.602  
785.128 785.108 863.755 372.957 400.001 786.501 431.947 372.184 399.172  
1239.38 1140.97 1138.51 774.692 875.61 1143 636.048 773.086 873.796  
1205.95 1120.71 1015.44 674.804 613.024 1062.35 830.976 712.354 627.136  
739.442 608.338 441.037 349.214 229.817 554.016 520.378 383.34 252.275  
246.795 269.051 316.659 232.72 214.702 317.221 243.134 231.452 232.237  
3803.31 3825.07 3561.46 2690.49 2937.89 3831.86 2692.93 2918.24 3228.9  
2755.51 2518.22 2299.03 2641.27 2439.05 2522.69 2791.04 2635.8 2433.99  
911.914 978.048 1151.6 791.695 715.588 979.784 1051.34 790.054 714.106  
1258.8 1069.51 955.353 887.862 763.191 1071.41 874.766 886.022 761.609  
1123.46 1018.2 1017.62 992.12 908.316 1020.01 852.039 990.064 906.434  
1185.34 1149.15 1080.55 1097.53 1086.06 1082.23 1228.72 1176.39 1138.58  
922.876 777.019 562.038 828.747 695.915 707.635 1047.76 909.733 763.92  
254.758 318.193 595.208 277.353 360.68 596.265 284.233 254.529 276.778  
3026.18 2936.05 2272.36 3578.47 3658.9 2941.26 3652.34 3851.54 3549.44  
940.064 828.096 806.129 2270.66 2112.75 829.566 2586.54 2265.96 2108.37  
607.936 715.975 831.128 913.533 979.784 717.246 1152 911.64 977.754  
1027.06 873.558 717.072 1246.8 1027.57 875.109 1212.52 1244.22 1025.44  
590.888 523.759 480.475 942.1 785.571 524.689 875.867 940.148 783.943  
379.179 334.235 276.585 906.657 908.952 311.502 1013.44 965.24 958.593  
334.23 292.176 238.693 777.725 691.33 282.829 887.146 840.312 758.887  
125.372 173.505 609.091 250.469 598.789 610.172 231.97 200.951 249.95  
1511.52 1356.5 860.893 2519.45 2429.15 1358.91 2768.4 2677.29 1956.26  
161.049 287.899 439.598 614.377 520.143 288.41 959.687 613.104 519.065  
543.391 543.742 573.629 548.719 599.219 544.707 526.659 547.582 597.977  
703.536 702.328 807.642 848.075 808.385 703.574 726.61 846.318 806.71  
952.611 939.611 894.459 656.349 646.832 941.279 679.9 654.989 645.491  
836.317 718.66 489.481 571.279 485.288 709.5 706.362 617.674 524.903  
337.348 350.765 430.01 361.797 344.314 391.612 341.381 383.739 341.698  
330.399 296.784 478.148 176.433 577.616 478.997 158.967 127.949 176.067  
230.202 142.68 157.945 1007.21 956.797 142.934 1116.8 1046.85 634.519  
188.793 370.679 573.622 138.623 265.698 371.337 230.376 138.336 265.148  
750.393 737.744 750.139 544.355 544.707 739.054 516.987 543.227 543.578  
741.272 758.436 863.731 704.785 703.574 759.783 638.681 703.325 702.116  
1062.66 1096.79 1107.21 1058.75 1079.92 1098.74 958.416 1056.56 1077.68  
1209.64 1033.84 799.131 1032.64 963.334 1038.15 1098.23 1084.68 982.321  
617.177 683.921 864.801 470.308 526.078 822.257 610.093 496.148 482.145  
1424.46 1620.47 1683.92 319.438 415.994 1686.9 418.74 367.641 318.776  
550.831 533.1 548.365 207.343 119.666 534.047 203.037 118.636 132.687  
615.809 675.698 732.606 213.357 395.566 676.897 212.915 212.915 394.747  
511.743 364.744 349.479 751.725 739.054 365.391 748.106 750.168 737.522  
282.035 255.631 194.866 742.588 705.308 256.085 716.89 741.049 703.846  
228.899 310.412 395.502 944.493 978.685 310.963 844.394 942.535 976.657  
511.686 453.54 448.008 1037.01 978.537 454.654 1062.54 1089.48 968.091  
566.718 777.347 1167.53 703.624 916.708 1140.76 709.472 616.992 738.261  
2717.58 3145.18 3415.56 2049.28 2154.53 3421.62 1483.4 1786.33 2045.03  
848.733 918.523 918.523 637.523 666.905 900.101 521.362 506.991 656.224  
570.866 530.941 603.06 514.692 528.316 496.014 570.694 570.694 585.801  
524.436 688.519 927.592 325.727 367.201 638.087 449.966 361.169 315.832  
900.539 911.169 783.969 456.049 472.615 821.508 341.947 341.947 360.315  
654.915 484.82 470.011 503.28 414.169 480.522 346.919 394.318 386.833  
656.593 645.963 645.963 562.536 539.819 568.916 574.934 591.33 533.202  
740.066 1057.55 1420.87 887.88 1280.12 1381.44 580.73 588.327 921.92  
2934.13 3274.97 3520.66 3337.42 3624.98 3273.09 2511.23 3067.26 3532.27  
602.678 602.376 602.376 891.481 954.404 567.377 932.747 959.7 1108.93  
181.644 115.096 274.946 575.073 479.077 128.046 717.028 577.434 499.585  
455.788 689.964 929.036 444.696 592.633 622.069 531.289 493.082 657.116  
933.189 943.819 783.969 811.924 821.508 850.945 905.548 900.268 910.895  
703.061 532.967 518.158 633.878 480.522 560.902 670.049 702.85 532.807  
704.74 694.109 694.109 577.629 568.916 641.988 718.452 704.528 693.901  
685.054 765.577 913.358 916.944 1310.25 932.433 671.393 718.379 990.086  
1633.37 1757.54 1855.85 2726.47 2902.35 1684.98 2359.65 2657.94 2922.38  
1305.32 578.182 366.006 1018.47 448.594 579.208 1270.45 559.581 333.24  
163.16 188.265 154.75 163.449 188.6 188.6 299.916 183.499 211.735  
133.372 133.372 174.372 133.609 133.609 133.609 149.999 149.999 149.999  
207.129 117.495 73.7567 207.497 117.703 117.703 232.95 232.95 132.142  
73.7567 73.7567 79.1463 73.8876 73.8876 73.8876 82.9513 82.9513 82.9513  
233.92 243.14 305.367 8.39628 8.39628 278.1 0 0 10.3689  
324.784 324.784 327.574 8.39628 8.39628 340.57 10.3689 10.3689 10.3689  
160.267 151.047 88.8196 0 0 88.9773 10.3689 10.3689 0  
900.025 462.599 390.943 1225.16 532.553 463.42 1358.47 590.499 406.551  
72.3398 129.834 89.6343 163.449 188.6 130.064 293.061 163.111 188.209  
141.807 209.075 309.758 185.874 253.262 209.446 133.332 185.489 252.737  
424.404 373.097 373.097 445.737 355.944 373.76 423.233 444.813 355.206  
320.925 281.116 266.635 259.863 192.475 281.615 311.481 259.324 192.076  
496.805 467.697 529.924 400.927 457.597 482.604 389.657 430.889 440.105  
549.341 521.882 544.192 475.28 545.827 574.102 521.725 521.725 521.725  
328.126 377.541 345.147 206.173 143.835 345.759 277.775 214.963 205.746  
455.126 242.783 269.467 726.998 396.453 243.214 806.102 439.59 359.996  
101.02 101.02 101.02 39.6936 74.2802 101.2 198.565 39.6113 74.1263  
93.1739 160.442 193.441 86.8521 154.24 160.727 34.515 86.6721 153.92  
314.473 352.801 352.801 369.951 373.76 353.427 324.416 369.184 372.985  
324.165 368.57 531.279 321.494 281.615 369.224 372.985 320.828 281.031  
617.901 583.697 609.015 464.594 486.359 554.633 478.611 496.655 471.678  
615.638 503.965 366.086 504.042 577.857 535.929 553.297 553.297 525.847  
690.647 940.854 945.369 457.894 425.442 947.047 358.475 368.264 456.945  
1452.5 1185.4 738.77 427.992 215.272 1187.51 451.905 238.695 238.695  
101.02 101.02 157.314 101.2 101.2 101.2 203.219 100.99 100.99  
97.295 97.295 70.6117 93.3393 160.727 97.4677 61.3788 93.1459 160.394  
109.754 161.927 172.998 315.032 353.427 162.214 216.166 314.379 352.695  
537.229 670.28 853.565 324.741 369.224 671.47 352.695 324.068 368.459  
967.246 958.49 891.125 524.233 489.328 872.901 632.227 571.34 537.146  
586.668 453.618 320.574 522.33 474.663 458.866 567.297 573.372 461.733  
1507.56 2092.27 2266.74 1178.7 1208.59 2270.76 529.631 832.047 1176.26  
3837.87 3508.88 2080 2147.2 1810.77 3515.1 2358.17 2007.79 1215.31  
0 61.1882 178.482 101.2 162.497 61.2969 147.667 100.99 162.16  
199.098 199.098 199.098 158.765 158.765 199.451 178.826 158.436 158.436  
199.098 190.082 140.153 171.246 162.214 190.42 117.447 170.891 161.878  
589.758 687.102 780.523 667.939 849.819 688.322 517.089 666.555 848.059  
913.572 935.75 903.442 1184.53 1168.94 884.118 1211.72 1221.83 1248.12  
627.253 554.425 511.246 742.907 623.316 550.673 935.365 815.505 634.001  
2320.9 3102.1 3570.63 2434.78 2659.96 3576.97 1188.68 1814.64 2429.74  
3679.86 3411.08 2020.55 4304.12 3974.54 3417.13 4772.44 4407 2601.17  
75.4324 136.621 221.899 47.6242 108.921 136.863 174.01 47.5255 108.695  
226.99 226.99 226.99 199.451 199.451 227.393 199.038 199.038 199.038  
199.098 137.909 20.6155 199.451 190.42 138.154 199.038 199.038 190.025  
266.476 314.984 361.309 590.805 688.322 315.543 463.645 589.581 686.896  
515.207 626.782 661.839 899.706 884.118 602.74 849.737 913.297 935.468  
566.135 542.144 495.819 588.429 545.532 493.733 670.225 621.422 548.616  
1642.01 2091.6 2542.07 3114.25 3653.77 2546.58 1570.56 2322.47 3107.8  
2505.57 2362.44 1730.11 3052.11 2847.16 2366.63 3384.21 3156.95 1876.87  
439.913 363.647 227.968 75.5664 136.863 364.292 174.01 75.4098 136.58  
27.8927 27.8927 27.8927 170.999 170.999 27.9422 170.645 170.645 170.645  
0 0 0 143.057 81.7604 0 170.645 142.761 81.591  
0 0 0 129.756 178.35 0 66.9201 129.487 177.98  
174.5 270.757 314.769 353.983 385.91 286.661 270.602 316.316 388.574  
427.977 529.392 529.392 445.801 401.624 482.12 467.899 464.855 440.871  
758.68 837.059 942.234 1753.3 2118.05 943.907 972.076 1362.03 1749.67  
2121.85 1978.71 1779.09 2144.62 2015.57 1841.31 2310.87 2226.23 1785.83  
879.349 630.796 393.58 653.753 534.695 654.69 758.427 566.943 490.7  
27.8927 27.8927 27.8927 25.1479 25.1479 120.76 94.8044 27.8843 27.8843  
0 0 0 0 0 66.9591 27.8843 0 0  
0 0 0 0 0 43.5337 0 0 0  
346.885 523.221 609.34 478.318 548.904 539.012 144.681 279.814 437.032  
686.033 778.228 778.228 717.26 717.26 637.862 571.954 636.299 728.467  
431.343 255.007 168.889 522.731 508.225 152.27 701.708 651.267 579.609  
1360.91 1360.91 1295.78 2003.63 1874.58 1226.99 2331.59 2268.52 2046.78  
864.266 692.616 499.834 858.247 662.806 624.461 1207.44 914.748 698.041  
106.048 106.048 106.048 95.6123 95.6123 95.6123 192.347 106.016 106.016  
106.048 74.2671 33.9559 95.6123 66.9591 66.9591 106.016 106.016 74.2448  
24.5153 48.285 48.285 22.1029 43.5337 43.5337 0 24.5079 48.2705  
395.17 571.506 657.625 468.426 539.012 539.012 184.708 395.052 571.334  
709.802 778.228 778.228 657.345 637.862 637.862 686.846 709.589 777.994  
431.343 255.007 168.889 229.914 152.27 152.27 641.557 431.213 254.93  
205.78 234.1 195.5 186.536 149.537 234.516 232.687 151.145 186.534  
123.928 179.901 203.621 124.148 245.389 180.22 139.377 139.377 275.491  
190.677 239.195 419.789 325.688 297.318 239.62 347.505 365.639 333.789  
573.313 488.88 427.081 396.35 246.597 489.748 383.606 444.969 276.847  
501.237 510.41 453.147 134.704 167.519 511.316 129.315 151.228 188.068  
631.405 631.405 641.701 220.947 230.323 584.4 312.066 272.855 272.855  
591.251 548 447.992 197.894 168.062 520.307 284.434 244.386 207.546  
152.529 208.322 284.469 51.6192 148.661 284.974 33.7324 11.5791 57.9512  
304.301 245.641 197.04 206.146 234.516 246.077 228.576 228.576 217.156  
119.96 91.4993 115.22 124.148 95.6368 91.6618 144.476 123.891 95.4386  
127.276 179.762 360.356 131.477 180.081 180.081 115.085 131.204 179.708  
530.281 530.281 468.482 531.223 531.223 531.223 475.576 530.122 530.122  
482.029 458.446 335.236 518.557 527.746 459.259 443.348 517.482 526.653  
442.093 442.093 442.093 464.877 464.877 402.616 510.341 510.305 510.305  
491.521 604.61 644.778 495.082 437.993 639.463 519.522 478.249 457.477  
543.368 577.137 640.149 239.307 325.904 641.286 228.061 183.036 238.811  
285.695 189.159 194.309 387.761 269.083 189.495 389.11 271.312 227.422  
193.267 300.944 429.108 127.887 99.3761 301.479 148.207 127.622 99.1702  
358.13 388.684 422.683 93.4265 146.006 389.374 113.872 93.2329 145.703  
473.161 400.469 387.037 497.148 497.148 401.18 441.572 496.117 496.117  
580.375 503.537 514.788 482.885 459.259 504.431 443.348 481.884 458.308  
811.799 807.434 712.551 402.616 402.616 753.411 441.996 441.96 441.96  
597.126 768.084 957.009 644.695 724.746 940.46 470.605 510.801 654.457  
908.705 878.084 858.235 750.503 788.126 859.758 742.192 715.188 748.948  
454.035 167.526 172.676 400.69 189.495 167.823 371.406 158.703 182.051  
193.267 390.592 558.918 193.61 301.479 391.285 172.624 193.209 300.854  
497.182 450.899 420.485 358.766 312.4 451.7 423.616 358.022 311.753  
399.894 237.554 287.208 277.735 204.914 237.976 297.744 277.159 204.489  
647.424 753.052 937.18 385.139 385.139 754.389 384.341 384.341 384.341  
1301.98 1339.05 1221.59 611.659 597.875 1311.02 589.397 640.82 636.456  
1223 1234.22 1322.02 561.136 840.758 1371.65 397.573 461.822 615.97  
1266.84 1194.79 1094.27 1003.81 983.929 1096.21 1065.74 1032.34 1001.73  
517.845 323.449 353.863 433.598 178.943 324.023 400.782 165.592 181.458  
312.102 380.012 386.887 214.747 412.422 380.687 193.717 214.302 411.568  
335.535 305.987 275.573 481.299 451.7 306.53 537.984 480.302 450.764  
275.573 134.613 137.49 400.604 237.976 134.852 420.359 399.774 237.483  
373.39 479.018 663.146 648.573 754.389 479.868 595.155 647.229 752.826  
931.562 994.399 981.041 1251.34 1311.02 987.467 1214.7 1301.58 1338.64  
1126.94 1115.27 1024.19 1244.86 1360.69 1100.42 1218.39 1262.23 1260.92  
818.414 755.576 665.687 1118.47 1017.77 666.868 1275.07 1188.19 1116.15  
1486.35 1493.96 1130.5 642.314 425.602 1496.61 691.173 463.452 471.912  
273.21 291.278 243.477 273.695 290.322 291.795 314.876 273.128 289.72  
276.756 319.16 389.808 171.973 164.344 319.727 176.231 171.617 164.003  
471.754 449.99 404.296 164.344 74.5369 450.789 164.003 164.003 74.3825  
462.769 504.263 595.552 279.864 385.68 505.158 227.21 279.284 384.881  
818.673 787.906 850.726 639.679 713.145 774.76 625.307 660.764 702.188  
858.227 829.045 667.108 923.181 865.644 755.015 875.627 919.468 907.798  
362.041 323.453 260.634 696.995 616.182 261.097 772.433 736.975 695.551  
1876.5 1808.9 1367.04 2078.29 2018.2 1812.11 2283.39 2229.33 1746.99  
368.303 367.213 379.212 455.696 365.024 367.865 558.908 454.752 364.268  
481.907 785.83 1125.74 226.561 269.041 787.225 192.635 226.091 268.483  
1267.05 1259.27 1163.91 501.391 530.275 1261.5 500.352 500.352 529.176  
1056.27 836.863 669.628 476.551 464.798 838.348 475.953 475.563 463.835  
1206.15 1360.94 1475.24 716.289 674.31 1343.51 540.604 688.263 716.952  
1433.81 1349.3 1176.62 687.273 652.404 1228.81 730.577 711.838 716.157  
421.414 197.264 82.9679 162.174 138.873 83.1152 407.519 259.86 161.838  
1399.34 1391.77 1218.1 1935.41 1928.59 1268.55 2178.53 2169.51 1745.39  
712.28 684.025 674.474 554.185 528.711 630.448 598.065 488.626 460.38  
517.344 737.632 1040.42 488.612 708.502 740.671 493.268 541.778 785.594  
1163.43 1086.29 990.937 1168.7 1161.68 1055.02 1332.63 1295.87 1288.08  
783.498 549.404 303.049 978.662 780.846 518.15 1141.13 1085.15 865.808  
720.041 992.791 1148.2 1172.32 1242.85 993.729 917.837 1205.78 1360.53  
1226.69 1180.47 1124.03 1208.9 1139.63 999.442 1480.91 1433.38 1348.89  
506.652 233.901 78.4958 214.917 74.8036 70.7716 709.235 421.287 197.205  
509.929 569.962 569.962 974.173 967.349 535.307 1061.84 1125.1 1104.71  
574.838 674.258 732.383 666.123 627.781 668.057 836.732 727.293 658.537  
608.535 639.918 724.399 401.064 575.856 668.43 432.523 407.152 600.962  
699.584 552.751 470.589 888.278 831.596 551.123 995.448 958.689 922.081  
265.072 173.655 128.084 644.112 456.874 201.647 813.339 714.198 506.586  
64.2084 112.809 128.62 727.978 836.289 167.138 441.422 653.814 887.907  
128.62 128.62 89.71 854.915 817.025 105.421 1042.73 1042.73 996.517  
89.71 41.1096 0 162.44 43.2969 0 626.599 414.207 180.115  
37.6622 103.053 170.47 78.8544 314.28 103.236 0 0 293.672  
304.079 280.309 280.309 839.962 926.938 280.807 577.627 809.468 859.068  
473.814 529.07 461.653 1015.43 780.006 530.009 921.031 921.031 656.726  
688.032 1004.42 1318.63 338.998 536.265 1006.2 390.694 295.152 564.663  
1704.51 1793.2 1912.08 1135.53 1263.1 1796.38 1101.71 1274.83 1418.04  
1651.96 1420.78 1146.38 1293.29 1125.06 1330.17 1528.45 1422.75 1175.13  
787.686 805.261 845.025 1204.81 1233.32 877.834 837.219 849.808 1178.09  
941.377 922.835 1123.76 1364.82 1579.82 1125.76 1436.5 1465.08 1468.57  
196.817 196.817 121.278 87.0856 87.0856 197.166 96.5613 96.5613 73.4475  
75.2547 51.4849 51.4849 65.3705 41.5586 51.5763 37.6508 65.235 41.4725  
271.41 392.056 392.056 261.874 382.734 392.752 67.8842 261.331 381.941  
596.82 788.149 981.169 715.72 963.925 789.548 572.323 714.237 961.928  
1201.44 1229.39 1348.27 1500.01 1528.01 1231.57 1541.05 1496.9 1524.84  
1135.44 965.753 772.734 1294.52 1105.14 879.516 1539.83 1356.45 1173.33  
433.523 339.395 270.314 736.666 745.815 354.441 752.742 678.934 660.1  
331.948 333.651 333.651 827.156 928.54 334.243 770.768 823.369 825.442  
173.047 199.448 123.909 197.166 223.614 199.802 218.62 218.62 164.038  
151.341 151.341 151.341 101.836 78.024 151.609 74.0407 101.625 77.8623  
601.289 713.698 849.298 298.339 392.752 714.965 104.274 297.721 391.938  
1028.04 1078.58 1179.9 597.879 789.548 1080.5 530.288 596.64 787.912  
816.127 722.005 586.405 1203.57 1231.57 723.287 1245.23 1201.08 1229.02  
317.947 283.221 193.61 1053.76 879.516 268.591 1242.92 1135.1 965.463  
152.712 161.406 161.406 431.172 319.168 146.993 515.898 448.254 324.752  
126.178 110.366 98.6617 214.262 214.262 98.8368 220.593 235.454 213.818  
235.947 262.348 316.431 210.489 236.936 262.814 233.392 233.392 178.81  
439.524 585.025 790.818 256.84 346.81 586.063 186.666 256.308 346.091  
956.825 1069.23 1150.75 769.388 881.996 1071.13 645.372 767.793 880.168  
1554.17 1514.53 1549.66 1284.88 1245.54 1517.21 1199.06 1282.22 1242.96  
1807.24 1793.35 1744.75 1452.25 1438.33 1796.53 1442.7 1449.24 1435.35  
1557.04 1521.34 1376.16 1126.93 1127.49 1472.69 1275.15 1184.6 1186.54  
788.463 716.926 629.926 598.854 485.09 652.908 687.699 604.009 532.493  
270.513 163.997 68.2479 150.078 98.8368 68.369 264.477 202.23 149.768  
215.331 215.331 269.415 215.714 242.161 215.714 239.185 239.185 268.511  
413.123 558.624 764.417 440.304 586.063 559.616 411.223 439.392 584.849  
739.142 804.945 816.626 958.524 1071.13 806.374 834.117 956.538 1068.91  
1083.49 993.304 1028.43 1556.93 1517.21 995.068 1327.57 1553.7 1514.07  
1477.3 1536.42 1557.65 1810.45 1796.53 1539.15 1730.01 1806.7 1792.81  
1506.5 1521.34 1364.46 1515 1472.69 1462.03 1690.4 1556.57 1520.88  
761.892 636.973 549.973 766.672 652.908 580.094 972.478 788.226 716.71  
190.56 84.0444 0 164.288 68.369 0 390.91 270.431 163.948  
1313.58 1203.58 1203.58 326.215 326.215 1205.72 361.71 361.71 361.71  
760.086 423.731 177.431 388.461 486.03 424.483 449.839 387.656 485.023  
29.7321 29.7321 29.7321 512.899 512.899 29.7849 511.836 511.836 511.836  
158.082 214.81 331.071 632.215 541.874 215.191 529.402 630.905 540.751  
611.872 748.722 834.285 992.874 1073.25 750.051 826.131 990.817 1071.02  
733.404 676.677 560.415 1225.45 1218.5 616.253 1219.74 1238.72 1253.55  
279.615 142.764 57.2014 621.079 548.012 130.016 846.457 681.771 601.564  
0 0 0 84.1936 0 0 310.981 190.503 84.0191  
1279.1 1169.1 1169.1 1281.37 1171.18 1171.18 1420.79 1298.61 1298.61  
1208.2 929.085 885.369 850.454 570.849 930.735 1136.32 848.692 569.666  
1459.88 1512.28 1512.28 477.938 530.434 1514.97 417.906 476.948 529.334  
1285.16 1333.49 1247.17 598.177 646.592 1335.85 519.795 596.938 645.252  
1058.61 1322.03 1601.14 868.956 1050.33 1324.38 684.14 867.155 1048.16  
1546.03 1440.45 1365.3 1135.49 1076.78 1349.27 1375.55 1246.45 1140.91  
988.28 672.457 393.349 684.326 471.715 612.41 993.256 751.199 517.811  
163.263 163.263 122.153 99.0867 57.9042 122.37 98.8814 98.8814 98.8814  
541.492 669.464 713.758 1153.23 1121.34 619.538 1420.79 1298.61 1298.61  
1139.8 1103.63 1218.23 1196.52 944.879 1010.99 1409.24 1252.11 973.087  
1693.77 1556.58 1512.28 1423.44 1403.41 1444.89 1295.91 1503.72 1556.11  
1218.11 1266.44 1121.42 1179.8 1223.37 1300.58 1361.54 1308.17 1356.49  
802.173 1005.59 1284.7 975.546 1213.05 1023.91 942.624 1081.69 1345.04  
1322.13 1261.78 1245.32 1267.18 1214.34 1093.98 1674.66 1545.56 1440.02  
1022.6 766.775 487.667 829.372 570.513 654.562 1358.46 1011.58 695.849  
232.085 186.864 145.754 168.476 131.411 131.411 186.807 186.807 186.807  
138.197 350.48 394.775 124.598 315.992 349.871 34.2184 153.506 383.752  
428.98 428.98 466.623 817.838 869.45 417.111 719.365 901.827 959.055  
574.5 408.228 413.703 1767.45 1664.78 425.862 1610.49 1710.95 1602.11  
823.49 1152.99 1410.87 1472.61 1570.47 1081.92 1391.69 1291.97 1317.77  
1794.3 1861.29 2000.72 932.757 1046.16 1709.54 657.373 646.037 726.572  
1789.45 1505.17 1209.65 1148.92 1046.73 1297.03 961.141 903.881 866.062  
603.748 490.747 301.545 816.307 632.55 437.027 1031.04 834.56 655.641  
68.8225 23.6008 23.6008 168.476 131.411 21.2785 257.503 232.015 186.807  
