0 0 9 10
0 5 9 10
0 10 9 10
0 15 9 10
0 20 9 10
0 25 9 10
0 30 9 10
0 35 9 10
4 0 9 10
4 5 9 10
4 10 9 10
4 15 9 10
4 20 9 10
4 25 9 10
4 30 9 10
4 35 9 10
8 0 9 10
8 5 9 10
8 10 9 10
8 15 9 10
8 20 9 10
8 25 9 10
8 30 9 10
8 35 9 10
12 0 9 10
12 5 9 10
12 10 9 10
12 15 9 10
12 20 9 10
12 25 9 10
12 30 9 10
12 35 9 10
16 0 9 10
16 5 9 10
16 10 9 10
16 15 9 10
16 20 9 10
16 25 9 10
16 30 9 10
16 35 9 10
20 0 9 10
20 5 9 10
20 10 9 10
20 15 9 10
20 20 9 10
20 25 9 10
20 30 9 10
20 35 9 10
24 0 9 10
24 5 9 10
24 10 9 10
24 15 9 10
24 20 9 10
24 25 9 10
24 30 9 10
24 35 9 10
28 0 9 10
28 5 9 10
28 10 9 10
28 15 9 10
28 20 9 10
28 25 9 10
28 30 9 10
28 35 9 10
32 0 9 10
32 5 9 10
32 10 9 10
32 15 9 10
32 20 9 10
32 25 9 10
32 30 9 10
32 35 9 10
0 0 9 10
0 5 9 10
0 10 9 10
0 15 9 10
0 20 9 10
0 25 9 10
0 30 9 10
0 35 9 10
4 0 9 10
4 5 9 10
4 10 9 10
4 15 9 10
4 20 9 10
4 25 9 10
4 30 9 10
4 35 9 10
8 0 9 10
8 5 9 10
8 10 9 10
8 15 9 10
8 20 9 10
8 25 9 10
8 30 9 10
8 35 9 10
12 0 9 10
12 5 9 10
12 10 9 10
12 15 9 10
12 20 9 10
12 25 9 10
12 30 9 10
12 35 9 10
16 0 9 10
16 5 9 10
16 10 9 10
16 15 9 10
16 20 9 10
16 25 9 10
16 30 9 10
16 35 9 10
20 0 9 10
20 5 9 10
20 10 9 10
20 15 9 10
20 20 9 10
20 25 9 10
20 30 9 10
20 35 9 10
24 0 9 10
24 5 9 10
24 10 9 10
24 15 9 10
24 20 9 10
24 25 9 10
24 30 9 10
24 35 9 10
28 0 9 10
28 5 9 10
28 10 9 10
28 15 9 10
28 20 9 10
28 25 9 10
28 30 9 10
28 35 9 10
32 0 9 10
32 5 9 10
32 10 9 10
32 15 9 10
32 20 9 10
32 25 9 10
32 30 9 10
32 35 9 10
0 0 9 10
0 5 9 10
0 10 9 10
0 15 9 10
0 20 9 10
0 25 9 10
0 30 9 10
0 35 9 10
4 0 9 10
4 5 9 10
4 10 9 10
4 15 9 10
4 20 9 10
4 25 9 10
4 30 9 10
4 35 9 10
8 0 9 10
8 5 9 10
8 10 9 10
8 15 9 10
8 20 9 10
8 25 9 10
8 30 9 10
8 35 9 10
12 0 9 10
12 5 9 10
12 10 9 10
12 15 9 10
12 20 9 10
12 25 9 10
12 30 9 10
12 35 9 10
16 0 9 10
16 5 9 10
16 10 9 10
16 15 9 10
16 20 9 10
16 25 9 10
16 30 9 10
16 35 9 10
20 0 9 10
20 5 9 10
20 10 9 10
20 15 9 10
20 20 9 10
20 25 9 10
20 30 9 10
20 35 9 10
24 0 9 10
24 5 9 10
24 10 9 10
24 15 9 10
24 20 9 10
24 25 9 10
24 30 9 10
24 35 9 10
28 0 9 10
28 5 9 10
28 10 9 10
28 15 9 10
28 20 9 10
28 25 9 10
28 30 9 10
28 35 9 10
32 0 9 10
32 5 9 10
32 10 9 10
32 15 9 10
32 20 9 10
32 25 9 10
32 30 9 10
32 35 9 10
0 0 9 10
0 5 9 10
0 10 9 10
0 15 9 10
0 20 9 10
0 25 9 10
0 30 9 10
0 35 9 10
4 0 9 10
4 5 9 10
4 10 9 10
4 15 9 10
4 20 9 10
4 25 9 10
4 30 9 10
4 35 9 10
8 0 9 10
8 5 9 10
8 10 9 10
8 15 9 10
8 20 9 10
8 25 9 10
8 30 9 10
8 35 9 10
12 0 9 10
12 5 9 10
12 10 9 10
12 15 9 10
12 20 9 10
12 25 9 10
12 30 9 10
12 35 9 10
16 0 9 10
16 5 9 10
16 10 9 10
16 15 9 10
16 20 9 10
16 25 9 10
16 30 9 10
16 35 9 10
20 0 9 10
20 5 9 10
20 10 9 10
20 15 9 10
20 20 9 10
20 25 9 10
20 30 9 10
20 35 9 10
24 0 9 10
24 5 9 10
24 10 9 10
24 15 9 10
24 20 9 10
24 25 9 10
24 30 9 10
24 35 9 10
28 0 9 10
28 5 9 10
28 10 9 10
28 15 9 10
28 20 9 10
28 25 9 10
28 30 9 10
28 35 9 10
32 0 9 10
32 5 9 10
32 10 9 10
32 15 9 10
32 20 9 10
32 25 9 10
32 30 9 10
32 35 9 10
0 0 9 10
0 5 9 10
0 10 9 10
0 15 9 10
0 20 9 10
0 25 9 10
0 30 9 10
0 35 9 10
4 0 9 10
4 5 9 10
4 10 9 10
4 15 9 10
4 20 9 10
4 25 9 10
4 30 9 10
4 35 9 10
8 0 9 10
8 5 9 10
8 10 9 10
8 15 9 10
8 20 9 10
8 25 9 10
8 30 9 10
8 35 9 10
12 0 9 10
12 5 9 10
12 10 9 10
12 15 9 10
12 20 9 10
12 25 9 10
12 30 9 10
12 35 9 10
16 0 9 10
16 5 9 10
16 10 9 10
16 15 9 10
16 20 9 10
16 25 9 10
16 30 9 10
16 35 9 10
20 0 9 10
20 5 9 10
20 10 9 10
20 15 9 10
20 20 9 10
20 25 9 10
20 30 9 10
20 35 9 10
24 0 9 10
24 5 9 10
24 10 9 10
24 15 9 10
24 20 9 10
24 25 9 10
24 30 9 10
24 35 9 10
28 0 9 10
28 5 9 10
28 10 9 10
28 15 9 10
28 20 9 10
28 25 9 10
28 30 9 10
28 35 9 10
32 0 9 10
32 5 9 10
32 10 9 10
32 15 9 10
32 20 9 10
32 25 9 10
32 30 9 10
32 35 9 10
0 0 9 10
0 5 9 10
0 10 9 10
0 15 9 10
0 20 9 10
0 25 9 10
0 30 9 10
0 35 9 10
4 0 9 10
4 5 9 10
4 10 9 10
4 15 9 10
4 20 9 10
4 25 9 10
4 30 9 10
4 35 9 10
8 0 9 10
8 5 9 10
8 10 9 10
8 15 9 10
8 20 9 10
8 25 9 10
8 30 9 10
8 35 9 10
12 0 9 10
12 5 9 10
12 10 9 10
12 15 9 10
12 20 9 10
12 25 9 10
12 30 9 10
12 35 9 10
16 0 9 10
16 5 9 10
16 10 9 10
16 15 9 10
16 20 9 10
16 25 9 10
16 30 9 10
16 35 9 10
20 0 9 10
20 5 9 10
20 10 9 10
20 15 9 10
20 20 9 10
20 25 9 10
20 30 9 10
20 35 9 10
24 0 9 10
24 5 9 10
24 10 9 10
24 15 9 10
24 20 9 10
24 25 9 10
24 30 9 10
24 35 9 10
28 0 9 10
28 5 9 10
28 10 9 10
28 15 9 10
28 20 9 10
28 25 9 10
28 30 9 10
28 35 9 10
32 0 9 10
32 5 9 10
32 10 9 10
32 15 9 10
32 20 9 10
32 25 9 10
32 30 9 10
32 35 9 10
0 0 9 10
0 5 9 10
0 10 9 10
0 15 9 10
0 20 9 10
0 25 9 10
0 30 9 10
0 35 9 10
4 0 9 10
4 5 9 10
4 10 9 10
4 15 9 10
4 20 9 10
4 25 9 10
4 30 9 10
4 35 9 10
8 0 9 10
8 5 9 10
8 10 9 10
8 15 9 10
8 20 9 10
8 25 9 10
8 30 9 10
8 35 9 10
12 0 9 10
12 5 9 10
12 10 9 10
12 15 9 10
12 20 9 10
12 25 9 10
12 30 9 10
12 35 9 10
16 0 9 10
16 5 9 10
16 10 9 10
16 15 9 10
16 20 9 10
16 25 9 10
16 30 9 10
16 35 9 10
20 0 9 10
20 5 9 10
20 10 9 10
20 15 9 10
20 20 9 10
20 25 9 10
20 30 9 10
20 35 9 10
24 0 9 10
24 5 9 10
24 10 9 10
24 15 9 10
24 20 9 10
24 25 9 10
24 30 9 10
24 35 9 10
28 0 9 10
28 5 9 10
28 10 9 10
28 15 9 10
28 20 9 10
28 25 9 10
28 30 9 10
28 35 9 10
32 0 9 10
32 5 9 10
32 10 9 10
32 15 9 10
32 20 9 10
32 25 9 10
32 30 9 10
32 35 9 10
0 0 9 10
0 5 9 10
0 10 9 10
0 15 9 10
0 20 9 10
0 25 9 10
0 30 9 10
0 35 9 10
4 0 9 10
4 5 9 10
4 10 9 10
4 15 9 10
4 20 9 10
4 25 9 10
4 30 9 10
4 35 9 10
8 0 9 10
8 5 9 10
8 10 9 10
8 15 9 10
8 20 9 10
8 25 9 10
8 30 9 10
8 35 9 10
12 0 9 10
12 5 9 10
12 10 9 10
12 15 9 10
12 20 9 10
12 25 9 10
12 30 9 10
12 35 9 10
16 0 9 10
16 5 9 10
16 10 9 10
16 15 9 10
16 20 9 10
16 25 9 10
16 30 9 10
16 35 9 10
20 0 9 10
20 5 9 10
20 10 9 10
20 15 9 10
20 20 9 10
20 25 9 10
20 30 9 10
20 35 9 10
24 0 9 10
24 5 9 10
24 10 9 10
24 15 9 10
24 20 9 10
24 25 9 10
24 30 9 10
24 35 9 10
28 0 9 10
28 5 9 10
28 10 9 10
28 15 9 10
28 20 9 10
28 25 9 10
28 30 9 10
28 35 9 10
32 0 9 10
32 5 9 10
32 10 9 10
32 15 9 10
32 20 9 10
32 25 9 10
32 30 9 10
32 35 9 10
0 0 9 10
0 5 9 10
0 10 9 10
0 15 9 10
0 20 9 10
0 25 9 10
0 30 9 10
0 35 9 10
4 0 9 10
4 5 9 10
4 10 9 10
4 15 9 10
4 20 9 10
4 25 9 10
4 30 9 10
4 35 9 10
8 0 9 10
8 5 9 10
8 10 9 10
8 15 9 10
8 20 9 10
8 25 9 10
8 30 9 10
8 35 9 10
12 0 9 10
12 5 9 10
12 10 9 10
12 15 9 10
12 20 9 10
12 25 9 10
12 30 9 10
12 35 9 10
16 0 9 10
16 5 9 10
16 10 9 10
16 15 9 10
16 20 9 10
16 25 9 10
16 30 9 10
16 35 9 10
20 0 9 10
20 5 9 10
20 10 9 10
20 15 9 10
20 20 9 10
20 25 9 10
20 30 9 10
20 35 9 10
24 0 9 10
24 5 9 10
24 10 9 10
24 15 9 10
24 20 9 10
24 25 9 10
24 30 9 10
24 35 9 10
28 0 9 10
28 5 9 10
28 10 9 10
28 15 9 10
28 20 9 10
28 25 9 10
28 30 9 10
28 35 9 10
32 0 9 10
32 5 9 10
32 10 9 10
32 15 9 10
32 20 9 10
32 25 9 10
32 30 9 10
32 35 9 10
0 0 9 10
0 5 9 10
0 10 9 10
0 15 9 10
0 20 9 10
0 25 9 10
0 30 9 10
0 35 9 10
4 0 9 10
4 5 9 10
4 10 9 10
4 15 9 10
4 20 9 10
4 25 9 10
4 30 9 10
4 35 9 10
8 0 9 10
8 5 9 10
8 10 9 10
8 15 9 10
8 20 9 10
8 25 9 10
8 30 9 10
8 35 9 10
12 0 9 10
12 5 9 10
12 10 9 10
12 15 9 10
12 20 9 10
12 25 9 10
12 30 9 10
12 35 9 10
16 0 9 10
16 5 9 10
16 10 9 10
16 15 9 10
16 20 9 10
16 25 9 10
16 30 9 10
16 35 9 10
20 0 9 10
20 5 9 10
20 10 9 10
20 15 9 10
20 20 9 10
20 25 9 10
20 30 9 10
20 35 9 10
24 0 9 10
24 5 9 10
24 10 9 10
24 15 9 10
24 20 9 10
24 25 9 10
24 30 9 10
24 35 9 10
28 0 9 10
28 5 9 10
28 10 9 10
28 15 9 10
28 20 9 10
28 25 9 10
28 30 9 10
28 35 9 10
32 0 9 10
32 5 9 10
32 10 9 10
32 15 9 10
32 20 9 10
32 25 9 10
32 30 9 10
32 35 9 10
