28833.5 2.12836e+008 
29219.1 2.28152e+008 
29589.3 2.4134e+008 
30427.6 2.6926e+008 
31303.9 2.86773e+008 
32481.3 3.1302e+008 
34238.3 3.70762e+008 
35191.5 4.01031e+008 
35694.2 4.43667e+008 
31666.9 2.19922e+008 
31849.4 2.24681e+008 
32345.7 2.32908e+008 
33573.7 2.6352e+008 
34840.7 2.66034e+008 
35842.9 2.91876e+008 
37198.8 3.34353e+008 
38199.9 3.80098e+008 
38835.5 4.12035e+008 
34425.6 2.058e+008 
34667.5 2.16945e+008 
35200.1 2.27112e+008 
36574.6 2.56575e+008 
38265.9 2.58049e+008 
39481.6 2.8038e+008 
40307.6 3.30936e+008 
40755.4 3.70993e+008 
41436.6 3.79716e+008 
36504.8 1.7775e+008 
36914.6 1.86458e+008 
37350.5 1.96641e+008 
38422.2 2.25345e+008 
39647.9 2.28261e+008 
40707.1 2.39202e+008 
41413.1 2.81114e+008 
42101.5 3.21691e+008 
43255.5 3.54147e+008 
77.9081 676.6 
80.8136 640.183 
83.463 593.853 
85.7955 508.42 
88.2156 408.33 
90.1665 322.622 
91.9017 240.016 
92.9569 192.195 
93.2787 170.79 
78.101 617.745 
81.0207 584.371 
83.7701 522.526 
86.1558 433.75 
88.1236 346.585 
89.6854 277.569 
91.1619 212.559 
91.8607 175.805 
91.9304 156.328 
78.6035 560.301 
81.5946 528.129 
84.47 469.138 
86.8756 381.022 
88.4475 296.039 
89.599 237.973 
90.5796 191.338 
90.7963 175.364 
90.7131 151.461 
79.4591 504.073 
82.6438 465.537 
85.5834 419.153 
87.7848 349.242 
89.2033 270.937 
90.0462 221.573 
90.5856 182.447 
90.5408 167.526 
90.3911 137.08 
166.124 83.2002 
166.939 84.1632 
168.024 95.6588 
169.016 96.8091 
169.727 94.691 
170.524 89.8418 
171.105 81.1806 
171.223 78.7767 
171.306 79.5456 
166.516 80.028 
167.352 79.683 
168.401 89.2848 
169.137 86.9634 
169.482 84.8209 
169.848 86.1294 
169.996 78.4458 
169.986 78.5151 
170.167 80.4959 
166.9 75.4495 
167.782 72.9501 
168.713 78.8254 
169.283 73.1505 
169.621 78.4708 
169.736 82.8696 
169.458 77.4602 
169.175 80.1031 
169.195 81.4347 
167.262 71.0593 
168.072 67.2555 
168.845 68.8032 
169.387 63.2856 
169.832 68.2535 
169.941 70.2339 
169.632 71.6615 
169.218 76.4717 
168.998 75.5938 
186.219 86.6065 
187.081 80.9823 
187.847 72.1151 
188.404 69.0635 
188.763 70.1926 
188.942 65.7047 
189.092 65.6394 
188.989 68.8016 
188.708 72.9989 
185.012 84.3626 
185.779 80.395 
186.4 73.6738 
186.885 71.8393 
187.176 74.3665 
187.21 72.401 
187.305 78.3146 
187.198 82.1742 
186.864 82.3499 
183.797 81.7418 
184.453 81.1135 
185.037 76.6331 
185.471 74.0475 
185.717 76.5224 
185.729 75.244 
185.775 79.9034 
185.658 82.8938 
185.399 83.5755 
182.956 77.3953 
183.685 78.1155 
184.272 77.9201 
184.592 78.8931 
184.84 80.5142 
185.024 78.1753 
185.146 75.577 
184.978 77.8593 
184.794 79.5195 
4262.08 2.28011e+007 
4492.55 2.71324e+007 
4651.49 2.95631e+007 
4693.03 2.92538e+007 
4611.65 2.83747e+007 
4578.24 2.77935e+007 
4903.99 3.09109e+007 
5205.97 3.48363e+007 
5097.95 3.16899e+007 
5195.52 2.67182e+007 
5396.13 2.81371e+007 
5666.27 3.08978e+007 
5817.12 3.20141e+007 
5878.4 3.09653e+007 
5870.58 3.05646e+007 
6015.47 3.18864e+007 
6074.14 3.3395e+007 
5767.77 3.09495e+007 
5935.91 2.67366e+007 
6077.32 2.84936e+007 
6372.76 2.99445e+007 
6680.32 3.1967e+007 
6912.84 3.29774e+007 
7014.6 3.47243e+007 
6964.5 3.74286e+007 
6739.57 3.51092e+007 
6410.89 3.19994e+007 
6303.96 2.55077e+007 
6537.35 2.90428e+007 
6548.68 2.90482e+007 
6655.38 2.92711e+007 
6870.73 3.02767e+007 
6943.75 3.03487e+007 
6847.65 2.94513e+007 
6792.39 3.08644e+007 
6813.68 3.50781e+007 
3475.35 6.93056e+006 
3547.11 7.96059e+006 
3607.36 8.33475e+006 
3696.06 8.49659e+006 
3740.59 9.35713e+006 
3780.65 1.00784e+007 
3973.97 1.15457e+007 
4126.75 1.22153e+007 
4104.61 1.2796e+007 
4090.05 8.35261e+006 
4182.88 8.96721e+006 
4351.99 9.59962e+006 
4470.85 9.7038e+006 
4565.82 1.02253e+007 
4611.52 1.06063e+007 
4677.2 1.13321e+007 
4717.73 1.14684e+007 
4660.62 1.19429e+007 
4663.42 8.71783e+006 
4734.57 9.38718e+006 
4881.43 1.01081e+007 
5064.65 1.02056e+007 
5235.1 1.04018e+007 
5260.3 9.79333e+006 
5159.11 9.85275e+006 
5157.17 1.03286e+007 
5163.72 1.05054e+007 
4942.62 8.29788e+006 
5087.36 8.65021e+006 
5159.72 9.0777e+006 
5336.25 1.00376e+007 
5448.46 9.92469e+006 
5346.73 8.81608e+006 
5282.89 8.91024e+006 
5345.29 1.02529e+007 
5438.87 1.09944e+007 
5184.88 1.1481e+007 
5315.91 1.21189e+007 
5386.34 1.31991e+007 
5509.79 1.28536e+007 
5723.16 1.39084e+007 
5904.53 1.56993e+007 
5931.57 1.53345e+007 
5891.14 1.66506e+007 
5819.71 1.72298e+007 
5574.55 1.29728e+007 
5645.47 1.22204e+007 
5643.35 1.219e+007 
5731.77 1.22967e+007 
5993.51 1.30856e+007 
6355.51 1.66069e+007 
6436.81 1.61119e+007 
6318.14 1.56664e+007 
6291.3 1.60562e+007 
5844.66 1.2002e+007 
5905.7 1.24761e+007 
5870.45 1.20241e+007 
5937.4 1.23785e+007 
6257.63 1.26773e+007 
6628.77 1.50609e+007 
6705.5 1.51849e+007 
6628.74 1.48937e+007 
6655.48 1.3938e+007 
6064.87 1.17001e+007 
6091.24 1.21488e+007 
6160.57 1.17214e+007 
6300.68 1.35326e+007 
6521.91 1.26557e+007 
6715.8 1.25909e+007 
6759.34 1.23133e+007 
6818.87 1.3546e+007 
6856.05 1.23628e+007 
8039.31 4.5814e+007 
8151.29 4.80356e+007 
8319.86 5.47999e+007 
8722.92 5.95879e+007 
9191.72 6.30606e+007 
9693.53 7.43648e+007 
9878.22 8.20433e+007 
9760.78 9.08302e+007 
10154.7 1.07061e+008 
7815.08 3.70098e+007 
7801.99 3.71003e+007 
7880.84 4.37915e+007 
8233.29 5.13806e+007 
8630.55 5.14975e+007 
9140.09 6.61481e+007 
9637.59 7.34076e+007 
9958.6 9.1471e+007 
10652.1 1.12475e+008 
7809.51 3.15571e+007 
7730.1 3.07532e+007 
7786.35 3.81225e+007 
8117.54 4.8125e+007 
8596.98 5.25253e+007 
9206.95 6.93305e+007 
9836.62 8.11438e+007 
10264.2 9.55793e+007 
10999 1.15974e+008 
8013.85 2.76671e+007 
7976.76 2.85562e+007 
8186.3 3.65714e+007 
8606.87 4.96953e+007 
9134.19 5.85371e+007 
9781.88 7.56271e+007 
10288.7 8.84392e+007 
10628.9 9.66216e+007 
11318.6 1.09072e+008 
4178.82 7.48154e+006 
3996.3 7.43369e+006 
3932.88 7.47144e+006 
4090.9 8.61424e+006 
4237.63 1.01296e+007 
4546.32 1.26879e+007 
5018.78 1.90904e+007 
5253.07 2.12146e+007 
5440.85 2.18885e+007 
4720.27 1.13176e+007 
4537.25 1.01755e+007 
4414.93 8.67472e+006 
4693.25 1.06697e+007 
4939.58 1.22889e+007 
4989.1 1.21114e+007 
5254.18 1.48476e+007 
5623.95 1.77895e+007 
5918.63 2.0178e+007 
5377.84 1.5718e+007 
5308.4 1.54906e+007 
5204.75 1.45695e+007 
5352.14 1.34552e+007 
5524.9 1.4302e+007 
5557.65 1.3659e+007 
5667.87 1.31339e+007 
5940.36 1.57695e+007 
6280.61 1.80442e+007 
5983.52 1.84878e+007 
5925.97 1.85817e+007 
5912.84 1.95127e+007 
5979.86 1.79773e+007 
5931.03 1.52764e+007 
6044.15 1.58027e+007 
6139.68 1.49347e+007 
6216.39 1.40553e+007 
6463.56 1.52721e+007 
3693.01 1.02596e+007 
3715.92 1.12003e+007 
3691.41 1.16602e+007 
3714.91 1.17759e+007 
3799.17 1.23948e+007 
3978.05 1.36882e+007 
4531.79 1.82274e+007 
4953.83 2.33139e+007 
5076.39 2.29371e+007 
4271.41 1.07742e+007 
4285.68 1.11712e+007 
4388.27 1.23139e+007 
4627.42 1.35675e+007 
4832.87 1.36419e+007 
4876.06 1.32924e+007 
5177.57 1.599e+007 
5507.3 2.02892e+007 
5545.05 2.03602e+007 
4794.23 1.11829e+007 
4911.41 1.21874e+007 
5084.39 1.23135e+007 
5422.51 1.38418e+007 
5738.46 1.59438e+007 
5813.28 1.5597e+007 
5974.04 1.7201e+007 
6025.31 1.90326e+007 
5926.87 1.70323e+007 
5195.95 1.14652e+007 
5295.91 1.17813e+007 
5382.38 1.19046e+007 
5543.13 1.23987e+007 
5741.55 1.33466e+007 
5874.78 1.29546e+007 
6094.8 1.36989e+007 
6299.65 1.86591e+007 
6364.73 2.05455e+007 
