37535.5 770863 
34720.7 2.30865e+006 
49762.9 2.66985e+006 
60150 4.78653e+006 
52976.7 1.00833e+007 
44443 2.14054e+006 
54873.3 9.05613e+006 
48493.4 1.07215e+006 
35965.6 8.67703e+006 
43563.5 3.28719e+006 
35688.7 1.98795e+006 
37089.7 1.6994e+007 
43746.7 1.14563e+007 
36919.5 1.31195e+007 
36131.1 9.02708e+006 
54232.8 1.36839e+007 
48162.1 4.13573e+006 
30093.6 1.17629e+007 
49086.7 5.30525e+006 
34618 2.33072e+006 
29303.4 3.62215e+006 
34500.9 7.61312e+006 
33381 9.1912e+006 
35356.9 1.48122e+007 
51729.5 9.20376e+006 
48626.4 3.50045e+006 
38379.1 8.12669e+006 
45748 1.67358e+007 
39023.8 736957 
46003.3 8.49235e+006 
52917.9 1.27312e+007 
43977.7 6.76392e+006 
34708.5 1.24716e+006 
46960.7 8.98113e+006 
49333.1 1.48707e+006 
43561.4 4.29888e+006 
94.8278 1.27559 
94.1458 7.43949 
85.0117 16.6511 
82.5676 8.18556 
79.7221 4.47822 
82.0221 4.65859 
87.7957 4.68137 
77.6829 1.06487 
76.1277 6.61597 
92.8511 2.77373 
85.1229 12.7955 
72.2743 2.96505 
73.9463 1.22927 
73.7352 0.603175 
72.8538 1.79997 
83.1204 0.641634 
80.7183 1.64288 
83.4212 9.02095 
83.1001 1.05868 
80.0184 0.331718 
76.2147 3.06385 
76.0931 3.68986 
74.5014 2.68356 
74.3039 3.85343 
81.4002 1.40175 
78.7735 1.87123 
79.3922 4.10584 
85.8726 3.38688 
86.149 5.68901 
86.1981 6.63167 
86.4872 3.96031 
88.1107 6.51334 
88.7782 11.5315 
84.7996 4.25138 
77.2247 0.478733 
79.7239 7.24904 
168.795 0.0151015 
169.54 0.0587181 
168.99 0.581765 
163.883 4.97114 
158.378 7.28207 
157.185 2.67712 
165.875 7.94727 
183.641 2.50153 
185.271 2.07221 
168.082 0.367399 
166.56 1.28019 
162.006 7.48984 
152.779 10.2719 
146.03 4.7466 
147.195 2.04999 
162.446 16.1316 
184.494 2.2227 
183.228 4.24738 
166.535 2.21966 
160.383 2.78144 
153.779 2.49656 
147.727 0.742766 
143.926 1.20494 
144.324 1.32609 
160.555 21.2712 
184.86 4.27963 
185.162 3.03773 
165.092 1.79271 
159.22 0.645382 
157.515 1.79483 
157.523 3.47053 
154.897 3.88846 
152.574 4.17282 
166.338 34.7925 
188.244 7.7844 
185.986 8.36937 
197.344 0.349182 
196.445 0.11201 
195.602 0.478706 
191.42 1.41951 
190.341 0.485294 
192.768 0.406231 
190.445 0.773341 
189.467 0.188417 
192.927 0.238891 
195.761 0.447025 
192.41 0.862956 
193.303 0.752758 
190.067 1.07065 
187.969 0.49592 
190.758 0.135655 
186.901 0.846618 
186.053 0.520219 
188.906 0.449842 
196.04 2.12563 
186.89 3.28909 
185.883 0.967592 
190.094 0.212611 
192.002 0.798494 
192.811 0.382625 
188.361 0.530416 
186.768 0.670871 
189.54 0.415283 
193.718 1.908 
186.775 1.33521 
187.191 2.36983 
193.47 2.53076 
195.522 0.724527 
194.74 0.101457 
191.319 0.224429 
189.726 0.243857 
192.426 0.839214 
397.402 31806.4 
3540.77 868471 
13747.5 4.20755e+006 
19450.5 1.77238e+006 
15205.5 6.54981e+006 
14356 1.35986e+006 
12501 1.03042e+006 
5552.99 588586 
7093.37 853398 
2782.23 575972 
4478.54 379309 
7901.58 2.60211e+006 
7602.68 3.39195e+006 
3915.7 4.09442e+006 
4397.17 6.67985e+006 
4808.09 5.96237e+006 
2555.63 811985 
2786.63 745270 
6244.53 2.3589e+006 
5798.78 966665 
5692.25 747127 
7365.6 3.88766e+006 
7715.25 1.42339e+007 
6590.22 1.39742e+007 
4261.67 3.79201e+006 
3082.28 1.27571e+006 
9582.34 4.80763e+006 
6586.05 753078 
8148.87 491815 
12476.5 1.82662e+006 
15652.4 4.13565e+006 
16036.2 2.81201e+006 
16680.6 1.1795e+006 
9606.85 2.88097e+006 
3670.99 821053 
13022.9 3.92757e+006 
1611.47 231938 
8051.82 2.07031e+006 
20038.3 4.32786e+006 
19150.1 1.78868e+006 
10206.5 7.77465e+006 
9800.48 709530 
13224.6 1.92058e+006 
10073.2 744024 
6857.8 461988 
5093.07 975444 
9286.02 1.00525e+006 
12927.8 6.05963e+006 
10169.3 4.20597e+006 
4651.27 1.69337e+006 
6822.65 647513 
8472.51 287722 
4774.96 1.24369e+006 
3766.92 333482 
7061.65 556229 
6958.27 219416 
4274.59 148044 
4566.4 676555 
3964.94 601117 
4821.09 1.05533e+006 
7473.83 982626 
5718.48 548540 
5598.62 293061 
5514.44 752484 
8134.07 212048 
7289.37 90086.2 
5774.27 230593 
4465.39 223186 
4522.75 271202 
7242 368826 
5807.9 555550 
5636.21 284863 
9017.92 2.34641e+006 
9728.88 1.04705e+006 
7393.91 1.30571e+006 
3168.8 127560 
3339.93 202507 
5340.35 2.35317e+006 
10362.9 1.03591e+006 
12545.3 2.77957e+006 
7831.59 1.69999e+006 
12883.2 514065 
11344.9 146813 
7395.53 2.70085e+006 
4395.64 66302.8 
3245.66 64833.3 
5005.21 913712 
10342.5 935077 
11469 1.69802e+006 
6692.23 799733 
11140.3 1.41918e+006 
9419.43 667651 
6407.65 1.77702e+006 
4767.81 258232 
4085.23 158778 
4096.1 410297 
8179.41 723817 
10018.7 293837 
5617.14 698634 
7383.56 1.00418e+006 
6003.03 81110.1 
5314.43 184748 
3572.72 206040 
2706.27 236653 
2300.26 176128 
5553.1 191341 
9500.19 369908 
6559.38 278925 
21389.6 4.1596e+006 
8806.26 3.48605e+006 
4233.34 2.20188e+006 
4253.9 761064 
5035.2 691428 
2716.74 377646 
5150.52 2.21525e+006 
9382.77 2.91275e+006 
7651.22 849502 
15491.9 3.14325e+006 
4580.52 721955 
2568.26 587376 
6199.91 1.47235e+006 
7957.45 186977 
4835.24 851982 
10262.7 4.35523e+006 
15980.6 2.95288e+006 
10173.4 3.08681e+006 
13208.3 5.06822e+006 
4016.66 385075 
3256.2 119692 
5034.86 989790 
6175.68 1.55581e+006 
5154.15 553700 
11907.1 2.38178e+006 
14939.1 3.106e+006 
6889.9 2.97114e+006 
12294.5 5.7581e+006 
4433.84 273780 
3261.78 142003 
2644.18 133953 
2027.51 256748 
1975.71 669131 
12040.5 1.59445e+006 
16860.1 2.3309e+006 
6830.7 1.43244e+006 
4271.7 379640 
2909.22 33829.5 
2023.75 75620.9 
9280.36 3.16866e+006 
11797.1 2.48445e+006 
5036.17 2.01824e+006 
6011.26 440153 
5601.79 460822 
2817.7 328764 
4870.38 173911 
2627.41 46207.4 
2392.36 87265.5 
11163.2 3.49999e+006 
12913.6 1.08091e+006 
9043.29 1.1294e+006 
12185.8 3.32551e+006 
8214.16 2.06716e+006 
3755.98 447636 
6203.03 249220 
3384.2 332405 
3504.33 275519 
6071.45 1.28138e+006 
5973.8 3.33854e+006 
8477.74 1.43949e+006 
13215.4 730125 
9594.85 3.04441e+006 
4377.96 161496 
7856.16 192182 
5969.29 75919 
5226 646896 
5784.06 263387 
3902.92 818234 
2432.67 709852 
7678.7 3.5535e+006 
8297.33 3.88218e+006 
3229.91 280341 
847.456 16056.4 
1683.72 45127.1 
2326.04 15378 
4846.39 136378 
7392.52 684529 
7193.32 297584 
7623.1 283442 
5337.31 301568 
3713.87 727839 
2442.78 517035 
3371.3 239300 
3904.19 293576 
4215.94 169006 
4235.87 499443 
6027.48 760486 
8161.2 562228 
5167.73 652771 
2918.44 739972 
5228.91 809907 
5040.7 305772 
6168.38 658251 
6694.74 775353 
5466.07 1.75758e+006 
6217.55 1.25723e+006 
6692.12 266384 
5273 290967 
6313.16 1.69801e+006 
6113.31 258401 
6334.7 303422 
12435.2 3.52369e+006 
19490.3 6.89185e+006 
14839.4 4.30155e+006 
6796.58 522604 
4839.58 615402 
5196.62 504923 
8282.22 902026 
