38204.7 37592 37536.2 39405 37072.9 38175.9 36553.6 38272.3 36420.3  
33628.9 34316.4 37308.7 33718.9 34385.6 35021.2 33035.8 33437.8 36238  
48927.9 50184.5 50292.1 46835 49621.9 51252.8 46507.9 48825.6 50138.6  
57797.1 59547.9 59566.5 56212.9 59131.8 59555.4 56176.8 58531.1 60196.9  
52422 50281.9 48744 54015.7 52666.5 50962.4 54547.5 52312.4 48332.3  
42069.6 44248.3 45747.9 43759.5 44614.5 46817.8 45201.4 41639.1 43601.1  
52273.5 58953.9 57070.3 51415 56390.7 56558.3 52775.2 52164.2 60060.5  
48601.3 50522 47232.7 49204.3 48682.7 46693.7 48659.1 48551.9 48942  
37023.5 31524.3 32505.6 39410.1 34506.7 33587.3 39340.9 36946.1 31024.4  
41416 45789.6 44082.3 43789.9 45305.7 46017.3 44738.5 40959.2 46121.6  
36569.8 34721.8 35145.5 36732.8 37766.3 36392.7 37123.6 37224.8 33351.8  
42623 34291.7 33740.9 42826.6 39679.1 36633.1 38472 42533.9 31292.3  
47702.8 43137.7 45170.9 45546.4 45924.3 45592 39868.8 48581.1 42622.9  
40849.6 36442 34780.3 41162.7 38768.8 35217.8 42177.1 40764.2 35189.4  
39243.1 34199.2 35016.9 40697 37918.2 35756.7 33948.1 39027.9 33937.7  
55918.2 54883.6 55662.8 54587.5 55503.2 55389.8 43023.8 55801.3 55224  
49237.5 49910.4 45292.1 50237.2 46853.4 44091.4 49522.3 47919.1 47245.3  
27763.2 26365.6 26451.6 29725.2 26833.6 26841 36479.5 27705.2 26137.6  
47833.4 51498.3 47225.9 49332 52079.8 51224.5 53223.3 47017.4 51492.8  
31814.8 34744.7 33149.6 35378.3 35389.1 34649.4 36233.8 31560.2 34592.3  
26801.9 27679.4 28467.9 30322.6 27907.8 27674.2 29813.9 26745.9 29455.8  
30381.4 35018.5 37892.2 31629.7 34470.3 38008.5 31555.4 31399.9 37977.1  
28804.8 36459.2 34961.9 30902.1 33359.9 35713.6 34195.2 28744.6 38454  
30740.5 35274.8 36102.3 31586.4 35164.5 38032.6 29573.7 31656.3 40173.8  
53251.9 51316.8 51411.6 51387.1 51863.7 52566.7 42412.3 53140.6 53859.1  
51461.1 48734.1 46561 51369.5 46858.2 45503.4 48689.1 49663.5 48040.3  
34154.7 36732.7 38677.9 34488.3 34662.4 38184.1 39065.3 34083.3 39746  
50125.5 43748 38765.6 51625.2 48107.2 44290.8 49869.9 50016.3 39893.2  
38777.6 38181.7 38676.4 40574.8 39512.3 38574.7 39282.7 37545 38787.3  
41629.1 46172.8 48995.9 44488.6 45995.4 47380.4 44625.6 38845.2 47177.1  
47501.7 54408 55179.8 50859.7 53384.3 54927.9 52090.1 45223 56496.5  
41256.6 46087.7 42314.9 44128.7 44764.9 44424.1 46472.8 40970.9 47677.8  
34299.3 33808.4 34734.7 34416.8 35678.2 35996.8 33975 36894.8 34956.2  
51135 45730.2 44692 50644.6 47899 45246.4 47364.6 52389.9 45103  
51172.9 49286.3 48755.9 51489.2 49493.3 49027.6 49794.3 50523.2 48266.2  
43051.7 43591.6 46896.5 42394.2 45038.2 47618.6 42575 43635.1 44515.1  
94.7925 95.5634 96.6943 92.6199 94.8273 95.3882 94.0829 95.04 96.2006  
97.3771 93.1323 91.0939 98.1243 96.4018 93.8702 96.7903 96.6916 90.7359  
89.807 82.3768 80.9816 91.5569 87.9518 84.5107 87.8965 89.807 79.9678  
86.4413 80.9127 79.9376 86.5579 84.2555 81.692 82.1908 85.9569 78.5922  
81.3624 77.0435 77.4279 81.6835 80.1229 78.9575 79.2261 81.3624 75.6286  
82.8944 78.5133 80.9806 82.9297 82.3617 83.378 79.3976 83.5927 78.2828  
90.1506 86.6365 84.6953 90.3253 88.2404 85.2617 87.2677 90.1506 85.8413  
78.3311 77.5979 76.8093 78.3311 77.2893 75.8546 79.4085 77.8193 77.4322  
73.4612 77.2989 80.5423 73.7497 75.4658 79.5395 74.3906 73.4612 78.8049  
95.4608 92.9611 93.5375 93.8016 94.0936 92.9744 93.9922 95.8968 92.723  
89.0792 83.568 80.8242 91.7145 87.8987 83.6658 89.5976 87.4157 81.2019  
73.253 70.8982 70.153 76.1703 72.93 71.215 74.5168 73.253 70.889  
74.0268 74.7439 74.8921 72.5477 74.0818 74.6044 71.4524 74.626 74.6555  
74.1301 73.7092 73.3295 73.8475 73.764 73.2078 74.4957 74.1301 73.1859  
72.1634 71.5351 74.2104 72.709 72.719 75.2174 71.7166 72.6634 72.3941  
83.3652 84.3391 83.6881 83.2641 83.0872 82.8426 81.8719 83.3652 84.6285  
79.3341 82.2676 81.9513 79.5456 80.624 80.8288 81.1063 79.4989 82.8758  
81.7875 84.3676 88.3505 81.3178 84.543 88.64 80.1085 81.7875 84.7183  
84.3912 82.3198 83.1218 85.1998 83.6487 83.1236 83.6122 84.9898 83.4265  
80.2662 79.8955 79.2784 81.041 80.4783 80.0376 80.181 79.5022 80.134  
73.4631 77.539 77.1237 74.9125 75.4539 76.6852 76.216 73.4631 78.8866  
73.3203 77.1669 76.8953 73.5754 75.7234 76.8697 74.8033 73.8422 78.6964  
72.6133 74.5172 74.1763 72.962 73.1976 73.9711 74.1147 72.6133 76.2992  
72.1489 73.0786 75.0174 72.8624 73.724 76.5728 72.7418 72.3181 74.8074  
83.1522 80.6319 79.8235 82.8156 81.8227 80.5241 81.1161 83.1522 80.3152  
80.8412 78.7272 77.6231 80.1769 79.3861 77.0388 78.8891 81.1137 78.0028  
81.6853 78.6362 81.3243 79.537 80.5496 82.0976 76.2568 81.6853 77.9591  
83.9815 87.2478 87.3304 84.7224 84.9017 87.2478 84.5264 84.0651 88.5862  
83.2261 87.1954 87.5305 83.3099 85.5782 87.4959 83.336 82.3118 88.0281  
82.3435 87.8231 87.5165 83.8854 85.7329 87.4206 84.661 81.6164 88.5491  
83.1227 87.2253 86.9878 84.8419 86.1636 87.2512 85.3294 82.8384 87.937  
84.2757 88.6572 89.5226 85.0657 86.8816 89.0667 85.49 83.5327 89.6884  
83.3262 89.5601 90.3434 85.7902 87.8216 90.9181 87.1803 81.7124 91.0207  
83.8296 85.2106 82.3041 85.9368 84.3206 82.3041 88.1752 82.9349 85.4828  
77.9245 77.8886 76.7925 77.8776 77.6258 75.991 77.2001 77.8079 77.1553  
78.1463 80.2404 82.6686 77.5503 80.0709 82.8493 75.0916 77.5569 79.8939  
168.8 168.855 168.9 168.845 168.699 168.886 168.694 168.845 168.791  
169.401 169.839 169.982 169.16 169.5 169.778 169.475 169.512 169.875  
169.741 169.031 168.445 169.822 169.709 169.205 169.972 169.741 168.564  
166.7 163.441 161.991 167.315 165.589 163.414 166.307 166.137 161.562  
161.813 157.042 155.789 162.592 160.223 157.645 160.634 161.813 155.577  
159.171 155.837 156.859 159.21 158.571 158.274 156.255 159.477 155.174  
165.043 166.098 170.667 163.942 166.348 170.486 161.043 165.043 165.93  
182.455 184.64 185.684 182.455 184.205 185.861 181.072 183.229 185.505  
186.747 185.502 182.958 186.432 185.569 183.154 187.025 186.747 184.997  
168.308 167.843 166.95 168.828 168.375 167.877 168.775 168.218 167.17  
168.304 166.178 165.692 167.698 167.034 166.156 167.116 168.289 165.312  
165.665 160.84 159.265 165.714 163.713 161.149 164.689 165.665 159.483  
157.437 151.573 149.73 158.111 154.839 151.4 155.881 156.506 149.408  
149.184 144.596 143.799 149.649 147.117 145.024 147.648 149.184 143.842  
148.494 145.951 147.777 148.16 148.292 149.054 145.219 149.172 146.07  
162.004 163.056 169.155 159.603 163.614 169.079 155.225 162.004 162.433  
184.958 185.785 186.857 184.843 185.932 186.932 183.085 185.492 185.878  
184.966 184.147 180.751 185.154 183.28 180.186 187.25 184.966 183.895  
167.32 165.684 163.939 168.62 167.487 165.861 168.365 166.916 164.546  
161.958 159.296 158.369 163.159 161.293 159.677 161.676 161.554 158.177  
155.004 152.677 151.322 156.659 154.559 152.809 155.78 155.004 152.561  
147.33 147.678 146.783 148.61 147.719 147.145 148.278 146.799 148.103  
142.397 143.997 143.711 143.028 143.171 143.605 143.816 142.397 145.011  
142.858 143.811 144.982 143.207 144.186 145.727 142.907 143.301 144.793  
158.444 160.904 166.736 156.095 161.178 167.067 151.731 158.444 161.011  
183.781 184.658 186.968 184.024 186.112 188.321 180.659 184.716 185.769  
185.431 185.987 183.276 186.503 185.274 182.857 188.723 185.431 185.982  
165.255 164.134 162.889 167.19 165.973 164.134 166.959 164.708 163.621  
158.261 159.023 158.708 160.136 159.227 159 159.89 157.568 159.047  
155.529 158.087 158.095 156.467 157.112 158.101 156.875 154.873 158.674  
154.748 158.447 158.157 155.958 157.176 158.221 156.52 153.729 159.132  
151.609 155.637 155.085 153.468 154.386 155.202 154.615 150.635 156.384  
149.184 153.154 153.396 150.734 152.109 153.669 151.477 148.312 153.834  
161.466 167.358 173.215 159.872 166.14 173.215 155.762 160.691 168.005  
184.744 188.202 190.456 185.368 188.34 191.465 182.752 185.441 190.031  
187.004 186.186 182.403 187.968 185.335 181.936 190.975 186.93 186.613  
197.77 197.89 197.304 196.426 197.246 198.035 196.958 198.227 197.839  
196.469 196.078 196.077 196.394 196.48 196.348 196.032 196.563 195.804  
195.048 194.758 194.297 195.676 195.243 194.517 195.777 195.048 194.772  
191.458 190.167 189.38 192.388 191.205 190.023 192.572 191.039 189.622  
190.818 189.509 189.953 190.635 190.439 190.339 189.16 190.818 189.13  
193.624 192.631 192.501 193.346 193.249 192.609 192.077 193.748 192.139  
191.381 189.704 189.515 191.671 190.882 190.179 191.516 191.381 189.102  
189.805 188.887 189.349 189.805 189.556 190.002 189.246 189.765 188.724  
193.026 192.733 192.809 192.812 193.339 193.168 191.917 193.026 192.111  
196.431 195.352 194.053 196.153 195.955 195.615 195.988 196.568 195.265  
193.338 191.798 192.022 193.025 192.513 192.164 191.978 193.549 191.076  
194.4 193.176 193.358 193.838 193.389 192.914 193.464 194.4 192.079  
190.286 189.868 188.947 191.574 189.856 189.003 192.364 189.486 189.196  
186.974 187.975 188.324 187.157 187.473 188.344 187.233 186.974 188.329  
190.781 190.804 190.253 190.432 190.74 190.195 190.199 190.891 190.847  
187.487 185.615 185.268 187.772 186.868 185.961 187.8 187.487 185.597  
186.403 184.841 185.491 186.324 186.095 186.362 185.012 186.546 184.891  
189.403 188.691 188.455 189.037 188.947 188.622 188.056 189.403 188.494  
196.914 195.314 193.207 197.593 197.157 195.329 197.923 196.673 194.483  
187.73 185.304 184.649 190.316 187.573 185.709 188.668 187.328 184.356  
186.927 184.635 185.661 186.323 185.704 185.45 184.639 186.927 184.072  
190.003 189.603 190.228 189.778 189.562 189.935 189.15 189.971 189.806  
190.565 192.285 192.76 190.719 191.584 192.349 191.065 190.565 192.442  
192.137 193.416 192.603 192.136 192.339 191.766 192.953 192.149 193.329  
187.229 188.517 188.095 187.761 187.668 187.694 189.35 187.229 188.99  
185.403 186.798 187.498 185.703 186.464 187.799 186.573 185.46 187.446  
188.914 190.404 190.327 189.493 189.959 190.254 189.251 188.914 190.717  
194.097 192.682 191.535 195.445 194.758 192.682 195.771 193.618 192.05  
185.448 186.278 185.925 188.532 186.71 186.232 187.918 184.566 186.164  
185.468 187.421 188.659 185.141 186.298 187.866 184.788 184.676 187.642  
191.476 194.052 194.994 191.133 193.013 194.623 191.22 191.153 194.775  
194.099 196.044 195.864 194.776 195.569 195.918 195.01 193.641 196.189  
194.627 194.948 194.342 194.689 194.57 194.062 194.754 194.508 194.716  
190.913 191.245 190.69 191.399 191.025 190.69 192.127 190.823 191.424  
188.89 189.634 189.913 189.219 189.535 190.133 189.971 188.719 189.878  
191.572 192.987 193.71 191.911 193.069 193.78 191.407 191.579 193.121  
270.583 447.907 879.78 272.437 259.87 401.012 280.637 283.519 500.811  
2996.78 3738.08 4786.4 2045.1 2874.98 4246.02 2090.06 3798.75 4422.81  
14106.8 14473.3 16028.9 10455.3 13592 15005.2 9017.62 14077.3 14414.4  
19235.1 18193.6 18194.3 18969.1 18799.1 18294 18968.9 18753.5 17805.3  
13938.6 12403.8 11999.9 16435.6 13601.1 13290.7 17573.4 13909.5 10906.9  
14258.8 13929.7 13564.8 14249.9 14549 13662 13339.2 14622.3 12489.9  
13045 12617.7 11128.9 13392.9 12878.1 11341.4 12272.3 13017.8 12489.2  
5557.54 4713.77 4741.05 5626.49 4654.56 5369.44 6936.01 4895.75 4279.96  
8007.58 5962.39 6144.31 7774.17 7220.19 6624.01 5960.93 7990.84 5508.92  
1436.87 3351.07 3785.35 2125.04 2852.92 3286.02 3076.14 1505.55 3458.69  
4494.7 4653.98 3859.32 4218.82 5333.37 5339.71 5221.17 5016.73 3791.35  
10396.6 7739.8 7959.88 7752.04 8849.24 8789.9 5488.88 10374.8 6391.09  
10198.1 6470.03 6166.51 10229.1 8636.53 6774.68 7969.4 9557.59 5476.98  
4591.76 2064.75 1664.32 6038.94 4380.67 2681.17 6126.21 4582.16 1847.61  
7328.01 2276.37 2255.45 6818.88 4713.7 2496.59 2232.83 7681.28 1707.66  
7848.87 2323.72 2051.5 7747.22 4500.27 2302.47 2376.47 7832.47 1576.9  
2451.48 1339.68 1380.9 2367.01 1677.27 1836.91 2115.06 2067.38 901.899  
1979.98 1819.25 2183.05 1990.98 1937.22 2270.85 1525.97 1975.84 1737.66  
4010.21 7756.01 7741.05 4123.12 5931.48 7449.65 6074.06 4006.4 8415.23  
4521.23 7073.27 5422.23 4899.23 6306.36 6634.13 6671 4292.36 6797.72  
5003.26 5329.01 5501.69 4711.33 4998.06 5162.83 4653.73 4992.8 6181.43  
4251.64 6978.33 7947.98 4974.54 5776.6 7501.39 6075.03 3941.07 8683.28  
1193.06 9155.22 9544.31 2736.88 5200.45 8958.07 6157.27 1190.57 11561.8  
1419.14 7837.09 6615.61 1949.25 3580.55 6160.02 4498.89 1517.85 11812.5  
2273.63 3819.92 3009.28 2304.29 2337.29 2960.48 2591.92 2268.88 6646.72  
1499.83 2055.68 3042.18 1526.46 2241.72 3867.5 1551.67 1794.37 3257.38  
7522.27 9850.2 10921.6 6948.93 8258.34 10686 5086.7 7506.54 11968.4  
8085.12 6037.12 7049.16 6882.37 6642.44 6112.02 6709.12 8359.08 6050.59  
9303.08 8477.63 8108.01 9291.02 9262.54 8484.17 9138.46 8118 8240.26  
11473.7 14001.8 13701.6 11760 13845.7 13969.9 11378.8 10088.4 14418.5  
12104.5 15787.2 17621.1 14110.6 15302.7 17369.5 14778.3 11946.6 17632.2  
12855.3 16517 17446 14443.2 15232.3 17330.7 15258.5 13044.3 17365.1  
16854 17592 15525 17333.2 16680.9 15027.6 18451.4 16814.2 17201  
9889.28 9082.08 7242.47 10902.7 9252.81 7332.32 12767.4 10388.7 9461.92  
2529.57 2747.96 3988.43 2551.66 3451.81 5248.82 2910.57 2963.96 3519.36  
12985.5 13437.1 15699.2 12307.9 14552.4 16486.5 9316.15 13539.5 14058.6  
1336.05 1578.43 2747.35 1269.25 1298.45 1624.08 1346.8 1399.92 1757.86  
7365.26 8251.89 10206.5 5882.26 7225.21 8779.06 6360.15 7964.33 9081.75  
19370.3 21132.9 22661.2 16581.5 18990.6 22000.8 16432.3 19329.8 21027.8  
18917.9 18497.3 16979.3 19426.1 18802 17971.3 19961.2 18816.9 17767.8  
11509.1 7776.71 5338.3 13299.4 10592.9 7093.05 13083.7 11485 7140.7  
9560.31 10456.4 10530.6 9370.49 10235.2 11837.7 8543.84 9415 9970.37  
12423.3 15357.7 15247 12201.9 14214.4 15331.9 13172.7 12397.3 15219.7  
10135.1 10111.6 10166.7 10260.9 10627.7 8958.02 12624.7 10070.1 10173.2  
7151.53 6031.18 7535.84 7315.08 7439.13 7953.86 6676.15 7136.58 5549.37  
3835.33 5989.67 6883.62 3706.83 4741.75 5919.5 4675.64 4018.68 5703.33  
10557.1 9264.75 9416.17 9042.39 10335.5 10321.6 9326.36 10877.4 7718.51  
16857.9 11928 11986.7 14958 14230.4 13876.7 12216.3 16822.7 9468.71  
12953.6 9228.84 8598.84 13200.5 10814.2 9363.59 10914.8 12593.8 7649.49  
5388.61 3786.8 2590.67 6221.44 5248.63 3525.82 6415.08 5377.34 3357.63  
6966.82 7119.75 7615.27 6724.2 7196.79 7742.23 4880.13 7566.71 7250.02  
9284.32 8160.86 8166.16 9063.6 8216.07 8141.57 7866.62 9264.91 8318.89  
5015.48 3623.73 3344.94 4897.86 3818.71 3215.76 6511.74 4342.19 3459.56  
3179.6 3119.57 3405.98 3157.98 3497.19 3485.11 3153.62 3172.96 2977.06  
5983.94 7504.4 6891.11 5600.23 6534.44 7252.58 6459.57 6270.01 7465.83  
6302.67 7304.13 6893.97 6360.24 7024.26 6938.63 6830.83 6294.09 7013.07  
4012.2 3688.21 3859.52 4492.91 3982.71 3733.34 4337.72 4003.81 4217.98  
2897.26 4925.38 4976.89 3997.23 4079.24 4837.56 4657.32 3002.65 5571.75  
2525.3 4695.77 4417.55 3191.94 3907.56 4479.46 3904.17 2520.02 4709.53  
5985.5 3560.37 3694.58 5716.18 5389.23 4642.17 3229.25 6365.51 4038.83  
8767.51 6190.72 6204.35 8617.76 7644.25 7181.81 6083.27 8749.18 6909.61  
5112.21 4908.34 6019.85 5019.64 4975.25 6244.54 5469.57 4593.44 5701.7  
4967.56 5416.22 5393.98 4870.36 5239.09 5238.2 4689.8 4957.17 5604.4  
6560.33 4623.71 4633.61 5719.44 5562.42 4681.08 5631.97 6816.51 4015.22  
9043.47 7952.35 8084.82 7978.09 8563.56 7828.89 7817.3 8284.59 7767.31  
7062 7415.36 7333.85 7149.55 7443.66 7250.91 7244.48 6483.02 7539.15  
5678.15 5356.46 5363.27 6459.99 5561.24 5434.57 6924.32 6057.76 5640.8  
4896.73 4211.29 4063.06 4993.66 4460.08 4267.69 5218.31 5039.44 4367.34  
4741.42 4428.68 4796.11 4650.9 4915.76 4743.08 3202.46 5054.87 4568.47  
7419.93 7464.28 7512.56 7419.03 7612.34 7605.77 7451.22 7786.74 7504.85  
6090.59 5403.9 6053.5 6114.84 5823.34 6652.24 7219.4 5838.72 5662.59  
6186.42 5576.76 5401.4 6066.65 5792.05 5406.74 5678.96 6210.77 5705.19  
7313.35 9827.86 10522.5 7243.94 7502.34 9045.91 7310.93 7366.22 10639  
8271.66 9982.85 10203 8293.17 9041.38 9414.62 9607.7 7982.28 10669.8  
6739.63 6963.93 5835.86 7808.86 7698.16 6858.42 9673.61 6725.54 6862.58  
2890.62 3216.67 2785.49 3299.02 2961.04 2804.22 3434.86 2992.17 2998.78  
3521.4 3150.26 3092.98 3117.66 3317.82 3418.81 2041.12 3514.04 3058.93  
3324.71 4983.83 7406.65 3471.23 5203.88 7498.84 4258.24 3785.85 6285.52  
10107.1 11303 11631.1 8783.33 11193.7 11700 9175.82 10085.9 11115.8  
14947.9 13531.5 11329 15133.3 13657.7 11110.7 11164.6 15191.7 11903.5  
9032.46 7160.84 7045.95 10441.2 7742.07 7432.9 10284.2 9013.58 6785.99  
12953.9 13386.2 13288.9 11531.6 13345.3 13525.7 12101.4 12363.4 13297.4  
11355.9 11098.8 11620.9 10983 10791 10671.4 10920.2 11467.3 11420.8  
7512.61 6139.13 5834.77 10374.6 7601.52 5767.21 10534.5 7496.91 6270.17  
4174.13 4190.98 4356.32 4525.75 4358.16 4479.81 4576.26 4206.01 4366.35  
2958.38 3604.44 3445.97 2917.75 3315.44 3443.64 2912.72 2952.2 3511.61  
3935.59 4695.56 6362.65 4078.29 5499.98 6627.73 4405.68 4090.97 5436.73  
10852.9 10951.5 11336 9641.55 10331.4 10955.4 7960.58 10830.2 11394  
13408.9 12847.2 10475.1 13065.4 11099.9 10042.3 10785.2 13436.8 11997.5  
7200.64 6322.73 6251.66 7691.68 6383.65 6742.92 9084.45 7185.58 6283.27  
13352.3 11197.5 10367.2 11292.5 12726.8 11604.1 11261.7 12629 10198.4  
10297.2 8854.51 9258.29 10379.7 10226.8 9448.81 9654.5 10492.2 8304.18  
6021.72 5742.02 5385.74 9238.83 7191.18 5822.54 9212.01 6009.14 5558.93  
4448.74 5058.38 5466.68 4630.87 5062.56 5465.3 4821.15 4769.14 5739.63  
4657.45 4511.59 4325.26 4179.33 4226.64 4289.44 4088.77 4647.72 4853.53  
4683.77 3676.32 3783.95 4612.53 5126.13 4337.5 4114.37 4423.01 3101.93  
8820.67 8198.24 8485.57 8306.58 8863.02 8695.19 6257.79 8802.23 7424.8  
10725.3 10578.4 9728.97 10708.7 9411.23 9255.54 9653.89 10502.1 9941.03  
5080.15 5400.2 5470 5733.37 4927.61 5325.88 7713.5 5069.54 5521.69  
7984.65 6949.84 5888.53 9228.63 7907.12 7036.06 8389.49 8150.67 6130.73  
5669.96 5880.09 5907.99 5745.44 5740.58 5926.81 5444.91 5939.3 6164.15  
5395.95 5193.6 4978.51 5651.58 5041.95 5075.64 5966.5 5683.82 5339.34  
4024.5 3851.05 3687.47 4057.07 3888.89 3675.97 4288.46 4273.45 3690.15  
3539.47 2897.17 2509.23 3378.11 3032.03 2775.02 3244.02 3639.17 2739.04  
2076.9 1862.27 2649 2069.1 2642.92 2664.14 1621.94 2470.42 2320.65  
5674.28 5612.25 5957.07 5255.84 5619.58 6030.97 4501.29 5642.94 5411.59  
10570.5 9776.52 9257.81 10446.5 9543.4 9361.83 10115.4 9931.91 8726.94  
6814.88 6590.81 6483.47 6849.63 6502.26 6391.3 8152.02 6572.82 6248.02  
23585.4 20931.7 19350.5 24743.7 22553 22121.2 22338 23713.5 19047.1  
10180.7 7669.59 7402.99 12765.4 10739.8 7925.83 10887.1 8725.78 7044.14  
4406.55 3548.12 1996.71 7107.33 5143.16 3418.87 6902.75 4397.34 3430.4  
3731.55 4288.27 4535.11 3132.46 3902.64 3512.28 2499.64 4071.05 5098.71  
4465.95 5134.98 5489.67 4096.37 4298.67 4306.28 3491.05 4456.62 6105.38  
2097.48 2908.95 2898.81 2716.96 2113.34 2113.11 3091.49 1839.74 3440.48  
3543.88 5607.62 5624.54 3010.37 4411.59 4624.02 2744.37 3536.47 6463.66  
7825.1 10114.1 9920.49 7922.18 8343.71 9266.77 4937.56 8161.53 11022.1  
7039.96 7648.01 7339.54 7574.02 6418.15 6702.54 9053.8 7025.25 8233.3  
16925.7 14981.4 13070.7 19425.3 16991.8 15093.5 17059 16798.5 15696.4  
5021.67 3705.3 3858.94 6700.11 5041.84 3750.18 5242.15 4567.96 3982.75  
2632.52 1784.88 1766.28 4046.65 2799.43 1641.3 3795.74 2627.02 2031.8  
5176.2 5976.59 7945.12 4185.81 5610.93 7333.66 4154.06 5744.47 7442.69  
8261.29 8625.18 8622.27 7597.42 7710.17 7922.45 8100.28 8244.02 8830.57  
5357.86 4985.25 3368.73 5807.9 4763.76 3594.9 6579.57 4710.82 4131.34  
8607.64 11316.5 11648.9 8187.24 10508 11237.3 5154.96 8589.65 11427.2  
15253.4 17608.2 17218 15702.7 16708.3 16278.1 11278.8 15684.1 17393.6  
10209 9395.44 9139.49 10500.9 9209.75 8602.77 14757.2 10187.7 9362.41  
14822.2 12580.3 10549.2 17409.8 15463.4 12890.3 17506.5 14578.4 12350.6  
4087.08 3303.06 3249.72 5431.96 3968.59 3458.45 4466.98 4025.88 3379.84  
3270.57 3015.88 2858.92 3914.5 3049.58 2995.7 3323.47 3263.74 2923.72  
5741.23 4862.02 6850.08 5127.82 5161.59 6614.14 4287.28 6203.1 5192.19  
8428.83 6998.8 6623.12 7719.8 6842.23 6615.23 6992.51 8411.21 5915.03  
5749.66 5168.15 4701.86 5752.85 5899.15 5332.08 5543.51 5394.44 4053.93  
12990.4 12218.3 12409 11901.7 12702.8 12513.3 7801.86 12963.3 10755.3  
17679.2 15372.8 13789.5 17403.3 15755.3 13422.5 13811.3 17579 12978.8  
7407.96 5640.42 5588.01 7874.85 6452.19 5818.86 11466.5 7392.48 4997.35  
12182.2 11799.6 7453.52 16260.8 13412.5 11946 15467 11811.1 9913.68  
3352.64 4229.55 4237.82 4475.99 4224.93 4280.46 4338.04 3442.26 4594.65  
3100.48 3067.3 3138.51 3241.5 3130.86 3056.91 3511.05 3265.89 3135.25  
3161.26 2984.48 2838.48 2923.27 3034.13 2834.83 2994.65 3161.95 2859.36  
3033.99 2229.75 1576.37 2330.26 2212.97 2105.02 2446.42 3144.31 2133.65  
1517.51 1298.97 2689.75 983.83 2195.02 3256.78 792.607 1946.47 2077.16  
11468.1 12303.3 12639.2 11354.6 12067.7 12796 8453.71 11106.1 12200.7  
15054.9 17755.6 16372.7 15916.4 16007.2 15892.5 15151.2 14316.8 16998.1  
4790.71 6880.99 6641.53 5501.06 6021.22 6437.53 8165.15 4617.05 7051.71  
4856.98 3890.49 3142.89 5175.8 4784.04 4076.73 4593.04 4626.55 3450.08  
3126.01 2904.76 2844.62 3299.94 2931.95 2970.26 2661.05 3207.95 2931.48  
1962.3 1849.84 1520.51 2546.4 1941.09 1712.92 2338.61 1958.19 1880.66  
8117.52 10808.7 11869.6 6651.48 9708.69 11421.2 6711.69 8893.41 11691.4  
10997.3 14077.2 14570.6 10061.7 12338.1 14024.4 12097.3 10974.3 14052.9  
5431.98 5066.59 3991.34 6596.55 4621.74 4118.19 9150.21 4494.78 4998.56  
5400.16 6457.13 6399.91 5768.08 6003.31 6403.57 6367.02 5388.88 7269.32  
4705.73 6403.5 6325.8 4764.11 6000.12 6393.16 6251.53 4957.13 6445.48  
2561.86 2306.27 1981.67 2783.45 2386.23 2112.97 3889.87 2556.51 2511.94  
5006.32 4888.39 3772.16 5290.35 5050.32 5088.15 5322.01 4954.93 4695.41  
2537.32 2305.03 2400.83 2944.01 2570.54 2583.8 2699.03 2690.7 2558.09  
2124.47 2151.23 1825.23 2432.58 2071.71 2115.48 2458.7 2120.03 2503.38  
11054.8 12870.7 13769.6 8868.13 11876.5 12809.8 7453.24 12344 13541.3  
14269.7 14415.9 14468.6 13358.5 13355.4 13346 14054.3 14239.9 14186.4  
8673.45 9189.34 9623.46 10407.8 8864.52 9490.43 11206.9 7530.48 9729.46  
9933.5 14342.9 14669.6 10704.5 13070.8 14508.2 11760.7 9912.74 14829.4  
7210.19 9948.05 8468.31 8343.92 8466.1 8002.32 11822.6 7024.31 9165.97  
3230.71 3588.96 3356.32 3874.53 3458.61 3399.78 5241.74 3223.96 3593.11  
5780.85 6448.05 5518.5 6826.56 6218.72 6223.54 6648.91 5816.56 6718.48  
2697.37 2874.48 2997.76 3496.8 2811.01 2910.23 3242.39 2550.78 3657.86  
2838.62 3404.32 4012.41 2856.55 2895.54 3628.46 2982.44 2832.69 3630.48  
7742.06 6131.1 5923.03 6933 7716.27 6927.73 5157.13 8405.22 5381.4  
9063.47 5207.45 4509.13 8621.96 8029.71 5877.21 7138.99 9044.52 4582.33  
8248.96 8181.42 10408 8563.83 9363.55 10667.2 7051.71 8869.14 9150.13  
13867.7 14084.3 14444.8 13642 14139.3 14478 13224.3 13838.7 14570.3  
11751 10482.9 8365.46 11917 9832.7 7600.89 13244.6 10444.6 9912.82  
4586.46 4324.69 4105.85 4695.16 4478.14 4135.76 5354.84 4576.88 4259.37  
8251.74 8148.34 7214.53 7640.71 8560.31 8249.43 7932.39 7902.26 7718.99  
5609.26 5669.26 5833.52 6045.21 5622.87 5764.23 6059.63 5875.88 6043.83  
4277.19 4298.9 5944.97 5731.4 4613.36 5109.09 5847.09 4458.5 4358.57  
6212.47 5930.42 5470.07 5746.18 5833.96 5474.26 5617.38 6278.04 5688.45  
4768.59 4030.19 2213.31 4680.94 4360.86 3025.32 4861.29 4911.55 4136.52  
2896.19 1556.31 2807.18 2301.83 2855.56 3575.16 1557.98 4213.36 1689.57  
11208.6 6920.06 7302.85 9879.19 8595.13 7393.45 7955.34 11736.7 6045.44  
11888.7 8315.84 7259.19 11533.6 8744.46 6516.51 10360.7 11257.8 7418.32  
3820.63 3050.01 2861.43 3805.73 3245.79 2892.61 4330.75 3923.79 3009.81  
842.33 915.582 893.219 699.926 675.239 906.978 684.182 882.598 1025.42  
1688.51 1769.23 1865.21 1433.05 1572.32 1685.38 1429.76 1758.76 2088  
2342.37 2216.43 2248.94 2335.67 2256.77 2256.61 2142.99 2337.47 2522.71  
4904.43 4543.37 5202.72 4734.72 4958.24 5552.54 4600.48 5004.09 4835.04  
7989.72 7738.94 8252.61 7004.93 8517.89 8829.24 6260.86 7973.02 7067.54  
7396.34 6902.8 7355.67 7354.36 7891.35 7587.97 6818.47 7481.51 6416.24  
7754.07 7610.76 7038.87 8258.35 7689.57 7157.38 9043.04 7737.87 7502.81  
5429.92 5647.47 4749.65 5497.28 5398.95 5595.53 6744.72 5275.69 5117.73  
3230.15 2415.55 2458.33 3522.16 3300.91 2760.98 3475.89 3223.4 2434.84  
1257.93 3192.92 3281.66 1710.84 2323.61 3104.47 2504.32 1318.06 3270.36  
2603.02 3693.89 3989.4 2844.4 3694.05 3725.96 3714.63 2604.78 3880.35  
3098.95 4548.61 4368.04 3262.68 4126.76 4442.47 3977.9 3092.47 4627.18  
4145.98 4400.58 4334.53 4537.12 4627.98 4830.47 4801.03 4135.27 4146.13  
5379.85 3944.94 3988.48 5028.62 4758.5 4298.65 4568.51 5368.61 3455.58  
6981.37 5932.93 5791.38 6859.88 6879.41 5804.82 4643.04 7447.63 5682.47  
9391 7788.2 7790.66 9243.41 8876.59 8244.91 7904.5 9371.37 7677.61  
5898.09 4543.56 4404.92 5860.37 5083.13 4716.03 7008.91 5364.31 4326.8  
1963.28 2119.65 2115.13 2509.09 2347.21 2339.55 2716.49 1959.18 2184.07  
3883.91 6012.06 6158.8 4079.77 5204.9 5804.37 5272.58 3717.09 6344.24  
3909.31 5335.29 5327.58 4810.31 5052.08 5259.11 5368.09 3904.94 5439.64  
5655.53 6500.01 6849.57 5108.51 5790.72 6331.33 5304.52 5643.71 6943.31  
5300.49 7063.26 6727.51 5966.27 6674.07 6662.41 6557.49 5078.72 7408.87  
2936.68 5890.35 5542.55 4452.15 5153.3 5494.15 5913.46 2930.54 6831.76  
4653.52 6851.45 6898.28 4991.71 5805.88 6893.67 5135.93 5086.37 8016.53  
6532.02 6805.32 6858.53 6614.89 6177.03 6737.94 6453.1 6518.36 7552.33  
4693.56 5336.05 5615.11 4794.4 4641.95 5112.42 4958.07 4749.9 6248.6  
4590.24 6100.94 7198.52 4365.66 5307.01 6979.34 4753.94 4580.65 7394.82  
7061.47 6189.42 6526.19 5893.27 6022.41 6266.21 5739.89 6976.75 6063.98  
5799.19 5972.8 6504.25 7039.1 6097.79 6290.14 6484.38 5884.93 5977.09  
10319.8 12195.9 13898.5 10954.6 11919.9 12917.9 10677.7 8865.56 12386.3  
16320.8 20498.3 20199.5 17562.6 19763.4 20138.8 17487 13505.2 20985.5  
12162.5 16202.3 14507 14302.5 15466.6 14920.4 15444.3 11192.2 16936.2  
6213.24 7070.13 6267.69 7077.96 6388.07 6730.05 8348.62 6395.49 7099.31  
5474.81 4348.23 4037.84 5833.22 4751.42 4087.93 6235.57 5728.79 4478.46  
5038.64 5286.45 5824.27 4926.16 5923.1 5355.68 4037.09 6213.99 5940.84  
8453.47 8055.93 9809.46 7863.15 8924.54 10003.9 6932.02 8771.16 8441.75  
