278.708 5587.04 
293.331 2797.42 
302.749 1165.92 
304.256 731.327 
304.898 738.251 
303.754 794.454 
307.371 737.118 
312.298 384.264 
279.232 4933.82 
291.767 2459.8 
301.668 971.569 
304.029 651.162 
304.942 691.407 
304.388 727.026 
308.319 609.296 
313.139 287.589 
281.91 4049.13 
293.635 1929.53 
301.54 813.293 
302.52 777.872 
303.587 943.145 
304.84 740.395 
308.323 522.412 
312.827 233.398 
288.075 3309.17 
297.993 1564.77 
302.161 948.363 
300.446 941.187 
301.941 932.153 
305.795 579.894 
309.037 457.17 
313.347 234.753 
289.727 3514.96 
297.087 2192.45 
301.208 1349.58 
298.72 1224.78 
299.746 1152.25 
305.484 611.035 
309.907 391.032 
314.351 193.233 
289.847 3229.77 
295.32 2344.02 
300.256 1519.23 
299.278 1415.52 
301.411 1063.92 
307.868 548.259 
312.283 317.115 
315.174 126.195 
290.086 2503.3 
293.716 2078.47 
297.167 1770.37 
298.515 1542.69 
304.27 810.691 
310.377 360.725 
313.968 156.843 
315.695 98.56 
289.482 2540.11 
292.529 2202.45 
293.834 1998.54 
296.133 1473.77 
303.378 782.731 
309.112 371.086 
313.479 139.705 
316.982 69.0333 
290.493 2507.2 
293.426 2144.08 
293.703 1944.11 
297.062 1407.85 
301.539 1040.81 
305.612 721.38 
312.095 270.754 
316.743 106.272 
69.8883 18.3217 
69.4029 20.016 
68.9391 21.6047 
68.4482 24.5999 
67.9053 28.2607 
67.3313 31.2567 
66.7569 32.8702 
66.0993 33.045 
69.8785 18.8861 
69.3913 20.5536 
68.9277 21.8036 
68.4398 24.2639 
67.8776 27.4126 
67.2409 31.3473 
66.6105 34.3241 
65.9418 35.1539 
69.8221 19.6717 
69.3642 20.9815 
68.9036 22.0154 
68.4162 24.3539 
67.8384 27.6516 
67.136 32.0477 
66.4896 35.2058 
65.8156 36.4852 
69.7542 20.331 
69.3145 21.3478 
68.8884 22.2122 
68.4199 24.4891 
67.8015 28.6519 
67.0071 34.9502 
66.3345 37.4111 
65.6618 37.6651 
69.6999 20.7468 
69.2492 21.7538 
68.8743 22.5402 
68.4272 24.6344 
67.817 28.2977 
67.0156 34.72 
66.2266 39.1134 
65.4978 39.8857 
69.6795 20.901 
69.2147 22.0013 
68.8694 22.69 
68.4044 25.3122 
67.8231 28.122 
67.1081 32.0583 
66.2816 37.0573 
65.495 39.5046 
69.6703 21.2489 
69.2137 22.2086 
68.8923 22.4699 
68.4105 24.8504 
67.8194 27.6313 
67.1313 30.6074 
66.3625 34.6278 
65.61 35.9378 
69.6273 21.7734 
69.1807 22.559 
68.8755 22.5732 
68.431 24.1084 
67.8366 26.4599 
67.1333 29.9212 
66.3176 34.965 
65.5589 35.2925 
69.546 21.9993 
69.1173 22.7284 
68.8051 22.6593 
68.3986 23.4267 
67.8155 25.4706 
67.1063 29.0627 
66.2656 34.1785 
65.4727 35.6965 
122.243 0.000305142 
122.236 0.0045242 
122.228 0.0146059 
122.217 0.0261365 
122.181 0.0504488 
122.136 0.0939798 
122.11 0.110953 
122.11 0.103703 
122.245 0.000141217 
122.241 0.0010686 
122.231 0.00616183 
122.214 0.0169052 
122.186 0.0480962 
122.155 0.071937 
122.123 0.118029 
122.112 0.129236 
122.245 0.000151295 
122.237 0.00456255 
122.214 0.0269046 
122.192 0.034532 
122.181 0.0488745 
122.171 0.0524872 
122.149 0.0895372 
122.131 0.130441 
122.241 0.00180695 
122.233 0.00508592 
122.207 0.0316313 
122.183 0.0522287 
122.177 0.0489552 
122.178 0.0621122 
122.173 0.0646558 
122.165 0.092678 
122.235 0.0100283 
122.231 0.0124976 
122.221 0.0139214 
122.208 0.0243743 
122.189 0.0415008 
122.179 0.0739682 
122.181 0.0662346 
122.181 0.0636784 
122.236 0.00717926 
122.236 0.009543 
122.236 0.00339554 
122.229 0.00606954 
122.209 0.0220088 
122.192 0.0703837 
122.186 0.0806253 
122.183 0.0641617 
122.242 0.00093821 
122.243 0.00134714 
122.238 0.00443288 
122.226 0.0210502 
122.212 0.0210779 
122.202 0.0420273 
122.201 0.0591579 
122.2 0.0529471 
122.245 0.000304667 
122.246 0.000183261 
122.239 0.00307841 
122.223 0.0209544 
122.206 0.0367114 
122.199 0.0463451 
122.211 0.0347138 
122.22 0.0288701 
122.245 0.000311897 
122.246 0.000301806 
122.238 0.00536929 
122.228 0.0138815 
122.217 0.0183389 
122.21 0.0349963 
122.222 0.0190192 
122.234 0.0152656 
128.69 0.00781068 
128.705 0.01127 
128.722 0.0168081 
128.739 0.0207091 
128.765 0.0291535 
128.799 0.0449941 
128.824 0.0559429 
128.841 0.0574925 
128.69 0.00793326 
128.705 0.0100727 
128.722 0.0144162 
128.739 0.0189633 
128.764 0.029211 
128.796 0.0424731 
128.825 0.0560806 
128.844 0.061477 
128.691 0.00835238 
128.706 0.0105127 
128.726 0.0167248 
128.746 0.0226126 
128.771 0.0328068 
128.796 0.0396847 
128.817 0.0475984 
128.838 0.0580886 
128.695 0.00940212 
128.707 0.0113948 
128.729 0.0212094 
128.754 0.0300975 
128.777 0.0354907 
128.796 0.0413666 
128.81 0.0427072 
128.828 0.0490814 
128.698 0.0112608 
128.711 0.0127211 
128.73 0.0186774 
128.753 0.0283742 
128.774 0.035204 
128.792 0.0420465 
128.81 0.0449108 
128.828 0.0466275 
128.699 0.0120509 
128.713 0.0144109 
128.727 0.0153316 
128.746 0.0204307 
128.767 0.0289242 
128.786 0.0396347 
128.806 0.0452496 
128.827 0.0463579 
128.698 0.0107396 
128.71 0.0128136 
128.722 0.0130391 
128.739 0.0167834 
128.763 0.0221181 
128.784 0.0304489 
128.798 0.0373882 
128.815 0.0389358 
128.698 0.00989307 
128.707 0.0108334 
128.718 0.0115624 
128.736 0.0181943 
128.76 0.0242586 
128.78 0.0283005 
128.794 0.0333147 
128.808 0.032824 
128.699 0.00980954 
128.708 0.0104597 
128.719 0.0115753 
128.736 0.0167878 
128.755 0.0235791 
128.777 0.0313292 
128.793 0.0332427 
128.806 0.0304509 
23.6439 661.993 
21.8724 478.804 
20.464 338.215 
19.9657 277.924 
20.3426 206.946 
20.5248 147.452 
19.9472 167.568 
18.4312 132.424 
21.2425 546.316 
19.9847 265.579 
19.6015 202.314 
19.8939 196.339 
19.1452 130.144 
18.7774 110.034 
18.7319 122.318 
18.3482 134.112 
20.1136 429.409 
19.3537 243.546 
19.273 160.571 
19.4464 133.788 
19.3197 140.443 
19.3648 126.1 
18.4517 105.216 
17.5316 105.417 
20.9647 476.987 
19.8219 304.97 
18.9295 145.151 
18.4509 93.6744 
19.3066 184.909 
19.8312 158.682 
18.86 147.539 
18.0347 142.872 
21.4254 677 
20.0301 356.743 
20.8251 204.216 
20.9681 162.068 
20.0089 183.176 
19.5929 144.388 
19.2729 160.654 
19.2732 157.469 
21.8446 528.093 
20.7046 360.995 
21.7437 251.535 
23.583 232.911 
21.8856 194.671 
20.18 135.299 
19.6359 138.519 
19.9798 134.806 
21.1965 367.855 
20.8289 259.151 
21.0213 218.055 
23.0844 221.231 
23.6198 241.068 
22.4828 212.933 
21.0543 165.791 
21.0286 139.025 
20.37 411.994 
20.0194 241.116 
21.1131 197.722 
22.1005 187.254 
22.0214 191.036 
21.6648 184.024 
20.5434 137.795 
21.3808 167.682 
20.4815 480.099 
20.3438 370.467 
21.8317 311.366 
22.525 256.576 
20.9573 190.268 
19.5778 162.617 
19.5824 105.437 
20.7352 157.346 
21.585 154.087 
22.2704 133.053 
23.2226 105.244 
23.8783 126.115 
23.5071 108.883 
24.9754 135.275 
26.8392 165.667 
25.3859 123.541 
21.0457 134.232 
21.5245 114.389 
22.9953 105.566 
24.052 120.314 
23.5028 102.025 
24.9988 115.828 
27.0931 132.177 
25.5461 125.337 
19.5974 95.6218 
21.044 97.2226 
22.8252 81.9633 
23.3238 82.3399 
23.1938 103.443 
24.4216 115.84 
25.2038 117.901 
24.6947 122.368 
20.5201 95.0386 
22.2113 109.52 
23.391 99.459 
23.1558 91.6318 
22.7487 87.2598 
23.7607 113.382 
24.704 133.031 
25.2803 134.166 
21.7571 127.185 
22.5175 149.883 
23.4764 131.11 
23.6293 109.52 
23.6339 91.1646 
24.5696 125.976 
25.4037 143.649 
26.1855 136.465 
21.823 146.561 
22.2126 146.628 
23.952 132.86 
24.7168 131.582 
25.2569 116.316 
24.9909 131.628 
25.3451 145.922 
26.5841 138.406 
21.1572 143.865 
21.8291 135.013 
23.243 105.68 
24.4956 111.57 
26.5127 115.388 
26.403 106.499 
26.9163 138.759 
28.1068 165.472 
19.7083 113.937 
20.9209 112.861 
22.2778 106.578 
23.3598 110.403 
25.6656 104.161 
26.6441 112.392 
27.3417 149.244 
28.6675 174.675 
19.486 112.418 
20.891 118.767 
21.6462 125.645 
23.1391 128.305 
25.3459 152.039 
26.0579 136.293 
27.0686 130.413 
28.4025 167.69 
57.436 840.296 
62.8407 822.984 
66.5362 718.593 
65.5529 616.88 
65.5467 607.465 
67.9036 466.331 
71.3397 528.848 
74.4938 531.876 
57.3697 866.133 
60.9604 777.414 
65.0261 690.85 
65.7794 653.836 
66.9455 557.695 
71.3765 484.69 
76.2886 517.509 
79.0798 593.874 
57.3141 926.706 
60.9089 760.023 
63.6017 678.304 
64.8591 672.154 
66.3827 548.909 
69.8034 537.658 
74.6946 545.496 
78.4588 549.751 
60.2818 960.988 
62.2877 803.925 
63.9727 659.157 
64.7253 639.431 
64.9441 561.167 
67.9391 546.534 
72.4931 592.505 
75.9923 487.363 
61.4581 913.204 
62.6606 749.339 
64.6771 647.397 
64.7159 620.047 
65.9569 605.702 
69.307 486.331 
72.256 594.805 
76.2804 530.152 
59.6757 842.301 
61.8626 740.636 
63.9869 662.425 
62.5662 621.741 
66.7354 613.682 
71.1047 504.233 
72.0491 558.022 
75.1881 513.242 
58.1817 845.556 
61.3271 753.593 
62.9533 618.236 
61.808 557.792 
65.5838 572.995 
70.4342 563.895 
73.1282 494.197 
75.836 442.25 
58.702 907.243 
61.2135 796.735 
62.5499 798.435 
62.3879 621.326 
66.1206 568.202 
71.027 556.304 
74.7311 509.898 
77.2873 415.179 
60.0391 882.637 
61.6271 715.268 
61.7176 793.513 
62.8934 749.077 
66.8174 678.186 
70.9695 601.793 
75.8173 537.58 
78.1722 412.814 
123.435 2474.86 
130.628 1893.09 
135.645 1492.5 
138.16 1538.01 
138.485 1456.5 
134.07 1553.77 
134.537 1593.57 
139.698 1214.93 
128.864 2077.52 
136.276 1745.26 
138.207 1307.97 
137.62 1227.84 
138.824 1213.33 
134.233 1246.14 
133.242 1366.62 
137.867 1308.89 
134.96 1632.47 
140.01 1349.61 
140.157 1214.77 
138.945 1086.95 
140.096 1263.88 
136.943 1091.12 
137.139 1214.09 
141.018 1221.63 
135.799 1660.29 
140.466 1090.21 
139.952 1031.92 
139.376 1090.02 
140.336 1346.2 
139.416 1154.58 
139.426 1099.36 
141.695 1117.2 
131.674 1710.83 
136.858 1144.86 
135.475 1046.47 
132.781 1138.36 
134.743 1195.9 
138.224 1189.64 
138.507 1079.02 
139.964 1220.53 
130.721 1677.91 
133.661 1254.77 
132.895 1206.74 
128.751 1219.64 
130.559 1036.78 
136.248 1212.83 
137.455 1220.28 
137.889 1313.53 
136.201 1661.1 
134.45 1326.47 
133.136 1201.32 
130.988 1304.58 
131.87 1125.76 
134.9 1149.04 
135.047 1227.05 
133.996 1209.95 
140.611 1518.59 
138.855 1288.33 
135.64 1161.9 
134.156 1258.72 
135.436 1083.31 
136.011 1125.8 
136.693 1162.77 
135.374 1195 
142.805 1354.71 
142.294 1395.2 
139.363 1262.93 
136.588 1336.8 
135.721 1256.81 
137.037 1183.75 
137.516 1001.46 
136.092 1228.08 
33.7516 259.829 
35.6675 281.536 
37.3228 290.373 
37.0188 237.466 
36.5312 189.346 
36.7711 185.451 
35.9927 163.674 
36.3597 179.641 
33.2993 267.647 
34.3416 230.944 
36.3667 214.963 
36.6902 198.232 
36.549 155.986 
36.3054 135.137 
35.7132 149.616 
35.4379 167.877 
33.1039 298.365 
33.6974 258.876 
35.4053 165.186 
35.8719 166.99 
35.7149 147.845 
35.5541 158.783 
35.2726 148.178 
34.3624 130.848 
33.4466 304.922 
34.7391 268.846 
35.7405 185.415 
35.3356 166.524 
36.0129 168.386 
35.9629 168.887 
35.7886 154.71 
34.9713 152.122 
35.2341 300.98 
36.3333 265.662 
36.7551 203.508 
36.7445 194.658 
36.5289 175.979 
35.5822 160.415 
36.2351 150.963 
35.0267 146.493 
36.4295 260.487 
37.2313 252.65 
37.8678 201.686 
38.857 204.178 
37.2118 206.874 
36.4476 172.737 
38.2386 168.313 
37.304 154.193 
34.7993 234.22 
35.9074 249.091 
37.2771 224.847 
38.0136 222.459 
36.7908 187.128 
36.6386 157.536 
37.9333 186.514 
37.6661 154.925 
33.156 253.239 
33.8259 230.312 
34.2456 193.325 
35.0307 219.64 
35.2556 177.336 
35.1301 151.34 
35.3317 141.36 
35.7999 126.458 
31.396 216.887 
32.1105 229.889 
32.904 216.397 
33.8664 174.918 
34.5608 165.491 
34.5531 179.097 
34.5433 143.836 
35.4309 139.986 
18.8562 144.05 
20.0526 158.448 
19.5585 171.881 
19.6802 156.436 
20.4848 145.844 
19.5096 118.813 
18.7151 106.697 
17.93 105.252 
17.4111 116.759 
18.6796 137.077 
19.4714 137.781 
19.9931 135.58 
19.9756 133.448 
18.6972 105.21 
17.2503 81.5948 
16.8606 85.4674 
16.821 118.986 
18.6211 157.799 
20.2772 115.907 
20.0737 118.615 
18.8803 110.096 
18.7535 114.468 
17.5614 90.9836 
16.7616 92.1015 
17.0625 126.917 
18.4665 141.377 
20.1749 115.546 
19.4023 107.501 
18.5926 93.5351 
18.8845 110.092 
17.7654 97.6007 
17.3733 103.094 
18.1782 114.095 
18.6871 104.146 
19.9992 106.274 
19.881 99.3719 
18.8744 105.033 
18.2084 97.717 
18.2318 76.9773 
17.6215 80.2832 
19.3537 114.639 
19.6483 103.204 
19.8103 90.8857 
20.8034 99.4242 
19.7626 116.685 
18.8968 124.848 
19.5584 116.312 
18.2298 77.4858 
18.5505 112.318 
19.3734 109.339 
19.5362 92.4729 
20.1261 104.567 
19.8924 110.54 
19.5177 106.203 
19.8891 119.669 
19.0612 94.7756 
16.9349 90.3601 
17.6943 88.9996 
18.0077 87.3188 
19.0984 117.238 
18.8791 92.7446 
18.6345 85.2364 
18.8389 79.9559 
18.4723 71.2083 
16.2857 89.4781 
16.1597 85.0746 
16.2397 78.2465 
18.0501 90.5317 
18.1368 89.3065 
17.4171 70.5248 
17.5669 66.0677 
17.9105 74.7505 
