322.125 0.152473 
319.788 2.84478 
318.328 1.32205 
320.571 3.2615 
322.871 0.271898 
322.231 0.197157 
321.582 0.297611 
322.128 0.208453 
323.112 0.104184 
315.743 17.5258 
311.716 3.38999 
317.352 20.7141 
323.053 0.235759 
323.149 0.0908498 
322.229 0.167901 
322.051 0.101033 
323.132 0.1131 
317.294 9.51845 
313.944 0.84345 
318.156 12.1555 
322.661 0.673993 
323.128 0.104136 
322.813 0.16257 
322.699 0.186862 
323.041 0.144618 
321.392 1.98624 
320.141 2.41584 
320.863 2.45711 
322.241 0.458939 
322.909 0.118842 
322.284 0.922022 
322.293 0.872098 
322.609 0.714706 
319.24 19.1413 
318.978 16.4316 
321.903 0.425884 
322.385 0.291515 
321.985 2.28724 
316.825 1.71335 
317.333 1.05904 
320.26 12.3039 
296.39 28.1905 
295.533 17.0752 
317.998 25.7512 
322.01 0.133506 
319.435 2.58126 
314.153 1.13136 
316.173 2.32513 
319.901 10.9853 
296.691 25.7324 
294.099 7.84556 
316.002 30.5695 
321.982 0.667619 
320.014 0.959539 
319.291 1.52866 
321.104 2.77775 
317.177 6.90242 
316.109 30.083 
302.426 10.4405 
306.073 15.6052 
321.534 2.52737 
322.65 0.364665 
322.585 0.36931 
322.779 0.326654 
315.039 9.61622 
317.75 18.0552 
304.311 5.20204 
304.763 12.3987 
320.054 3.70277 
322.584 0.58295 
322.892 0.0915921 
322.732 0.186898 
72.4589 0.147171 
70.8126 0.0737247 
70.8381 0.0124132 
69.9518 0.109574 
69.1479 0.0515823 
68.5093 0.0286775 
68.0325 0.0537869 
67.2762 0.325498 
72.6741 0.276887 
70.7202 0.0898035 
71.0302 0.011843 
69.7651 0.137737 
68.8121 0.118086 
68.4883 0.0261021 
67.8627 0.0509263 
66.8409 0.363942 
72.8655 0.394265 
70.7934 0.12359 
71.0221 0.0172168 
69.7181 0.11573 
68.6554 0.163964 
68.3777 0.0237626 
67.7861 0.0771763 
67.003 0.202975 
72.361 0.453836 
70.9827 0.0546739 
70.9067 0.0152073 
69.7924 0.070203 
68.7194 0.125328 
68.2921 0.0145225 
67.9272 0.0777236 
67.2584 0.08392 
71.3414 0.281957 
70.7682 0.0401988 
70.8556 0.00835158 
69.9121 0.0445828 
68.8381 0.0784641 
68.3499 0.0126275 
68.2042 0.0421648 
67.224 0.0706451 
70.5783 0.108894 
70.4481 0.052417 
70.8725 0.00771579 
70.0013 0.0379486 
68.9581 0.0540597 
68.4216 0.015517 
68.2385 0.0266062 
66.9725 0.0705879 
70.1022 0.0110789 
70.2626 0.0347611 
70.781 0.0155165 
69.9673 0.0368095 
69.0682 0.0304402 
68.4126 0.0240152 
67.9279 0.103951 
66.5462 0.0618711 
70.0413 0.00408329 
70.1584 0.0142064 
70.5629 0.0197638 
69.8675 0.0312522 
69.056 0.0342143 
68.2468 0.0515392 
67.4292 0.207264 
66.0916 0.0335022 
70.1163 0.00647119 
70.1653 0.00856228 
70.389 0.019209 
69.704 0.0333077 
68.9655 0.0459021 
68.1107 0.0616385 
67.228 0.174378 
66.1057 0.0436628 
122.238 9.80585e-007 
122.242 4.7921e-007 
122.242 8.84217e-008 
122.244 7.8257e-007 
122.247 3.86817e-007 
122.248 2.18136e-007 
122.25 4.27758e-007 
122.252 2.77711e-006 
122.238 1.73593e-006 
122.242 6.09031e-007 
122.242 8.33383e-008 
122.245 9.93725e-007 
122.247 9.08142e-007 
122.248 2.01151e-007 
122.25 4.07452e-007 
122.253 3.12789e-006 
122.237 2.45961e-006 
122.242 8.20031e-007 
122.242 1.18284e-007 
122.245 8.32088e-007 
122.248 1.30796e-006 
122.249 1.85648e-007 
122.25 6.28929e-007 
122.253 1.71438e-006 
122.24 1.57122e-005 
122.252 0.000134424 
122.256 0.000273447 
122.251 5.62197e-005 
122.248 9.81532e-007 
122.249 1.10003e-007 
122.25 6.36351e-007 
122.252 6.88231e-007 
122.23 0.00026003 
122.175 0.00514857 
122.138 0.0128413 
122.175 0.00640276 
122.219 0.001271 
122.24 0.00013503 
122.249 3.37008e-007 
122.252 5.94396e-007 
122.179 0.00479971 
121.808 0.0191512 
121.473 0.0358885 
121.592 0.0280393 
121.9 0.0134538 
122.15 0.00234117 
122.241 0.000102341 
122.253 6.51613e-007 
122.139 0.0129511 
121.495 0.028055 
120.849 0.0163067 
120.963 0.016821 
121.461 0.018305 
121.949 0.00604778 
122.184 0.00132706 
122.254 1.13802e-005 
122.171 0.00637963 
121.658 0.0263108 
120.968 0.0217521 
120.889 0.0108377 
121.305 0.0115885 
121.806 0.00666866 
122.124 0.00420309 
122.254 7.75348e-005 
122.22 0.00072646 
121.977 0.0131381 
121.463 0.0195688 
121.235 0.0100746 
121.433 0.00589875 
121.789 0.00621121 
122.111 0.00499077 
122.253 0.000166211 
128.637 4.84487e-005 
128.666 2.28573e-005 
128.664 4.63439e-006 
128.682 4.16091e-005 
128.697 2.13749e-005 
128.71 1.21325e-005 
128.721 2.45605e-005 
128.738 0.00016951 
128.636 8.0629e-005 
128.668 3.08228e-005 
128.661 4.32941e-006 
128.686 5.24591e-005 
128.704 5.12456e-005 
128.711 1.1346e-005 
128.724 2.35159e-005 
128.749 0.000192425 
128.633 0.000113674 
128.666 4.05164e-005 
128.661 6.0109e-006 
128.687 4.41134e-005 
128.708 7.56451e-005 
128.714 1.05455e-005 
128.726 3.68907e-005 
128.744 0.000104831 
128.639 0.000133695 
128.664 2.15758e-005 
128.666 1.99276e-005 
128.686 2.64291e-005 
128.706 5.80567e-005 
128.716 6.20391e-006 
128.723 3.76311e-005 
128.738 4.13271e-005 
128.663 0.000264408 
128.713 0.000836449 
128.737 0.00187694 
128.727 0.00107704 
128.718 0.000306338 
128.718 2.87883e-005 
128.716 1.95378e-005 
128.739 3.6269e-005 
128.695 0.000943291 
128.847 0.00225225 
128.967 0.00358452 
128.937 0.00307869 
128.846 0.00177663 
128.761 0.000488597 
128.719 3.55431e-005 
128.745 3.66615e-005 
128.716 0.00163861 
128.943 0.00310491 
129.16 0.00179693 
129.15 0.00147645 
129.023 0.00196668 
128.86 0.0012089 
128.755 0.000225326 
128.755 2.8217e-005 
128.709 0.000965846 
128.9 0.00309801 
129.135 0.0022296 
129.182 0.000474154 
129.094 0.000576607 
128.934 0.00103685 
128.797 0.000567663 
128.765 1.55499e-005 
128.69 0.000163765 
128.793 0.00186587 
128.99 0.00240674 
129.098 0.000665475 
129.067 0.000311431 
128.947 0.000965235 
128.809 0.000694989 
128.765 3.601e-005 
12.6396 6.99572 
15.1169 8.91578 
18.7541 6.39236 
22.7167 12.6769 
19.2498 3.55704 
12.0456 5.59183 
11.3108 2.27469 
8.49752 3.39838 
14.9468 6.54303 
11.5372 12.282 
7.50463 12.299 
10.5753 8.56677 
15.198 3.84156 
14.019 1.93792 
10.4399 2.00446 
9.13027 2.7925 
25.4983 15.5894 
11.5435 9.30461 
8.4256 4.23176 
9.22006 1.80927 
12.0874 2.79918 
11.9027 2.80634 
7.72601 3.47883 
9.3363 2.87957 
19.6402 5.66771 
10.5448 6.74086 
17.7416 6.84302 
17.0929 7.35624 
10.8377 3.90526 
12.5334 4.91214 
11.3836 4.84493 
10.8918 2.84064 
14.2296 6.1367 
19.8661 28.016 
28.0952 15.8365 
20.8308 9.97944 
12.5811 4.11606 
17.8348 12.2921 
18.7433 17.2051 
11.6006 8.96047 
20.1418 6.8595 
25.7564 15.6677 
26.2061 13.2912 
17.7393 16.8219 
14.9214 3.96218 
21.378 10.1998 
23.3423 5.31531 
13.2665 11.2951 
21.8419 6.77193 
25.4324 15.1634 
19.6261 13.7277 
12.8186 6.63847 
12.85 1.88063 
16.2751 7.42512 
18.8111 10.7078 
14.8285 13.5395 
15.8849 7.81552 
18.9839 3.50254 
17.461 6.54587 
10.7287 3.94078 
9.6993 1.56628 
11.2454 1.43317 
11.7567 2.75225 
10.9278 4.60955 
10.4775 10.0972 
10.5988 6.06708 
14.8011 6.6436 
11.3241 2.9281 
9.18959 0.999808 
9.24125 2.37171 
7.19626 4.27112 
6.63593 2.29479 
18.745 7.71357 
10.3156 5.5837 
14.0948 5.80533 
29.5041 11.4329 
32.6268 4.04672 
21.8532 17.7454 
19.9504 7.10122 
17.4732 5.25103 
21.9037 10.0144 
12.3486 5.47975 
8.61401 2.61631 
16.5364 14.9741 
23.4022 10.6398 
21.5275 9.07013 
20.8453 4.85694 
19.7145 3.17664 
27.4931 14.3776 
15.4466 7.96121 
9.15631 3.77116 
9.45976 3.26494 
14.9133 9.2504 
20.5989 12.1336 
17.4469 7.18233 
16.3031 10.6314 
20.2171 7.94654 
18.3105 5.28389 
21.5197 26.8007 
18.6177 17.9633 
12.9186 4.98969 
17.349 9.52897 
19.654 8.51879 
18.4557 8.76488 
10.6247 5.03711 
23.6026 29.8469 
41.4966 33.6133 
32.6969 26.7124 
13.9858 9.7896 
17.8052 9.20172 
21.9247 2.68358 
18.1672 6.79911 
15.7088 5.04925 
27.4743 32.2184 
43.1553 14.5315 
35.5502 16.0307 
17.282 13.2299 
22.9453 11.0543 
27.5497 5.51812 
18.8591 8.43132 
22.5497 25.6537 
43.7852 21.4498 
46.8684 17.9914 
28.1911 20.9296 
18.584 10.3159 
22.2648 8.29714 
26.8176 2.78909 
21.2099 9.9205 
16.8074 24.6878 
41.8668 22.7687 
45.88 21.5917 
22.6813 15.2818 
15.5232 2.00561 
17.7244 2.0844 
19.7784 9.17189 
19.0807 6.34003 
14.3466 6.98865 
24.3996 13.3949 
28.2829 37.9143 
17.3094 14.3069 
13.9014 2.95642 
13.0922 2.28831 
9.17391 8.18023 
11.1377 7.4622 
83.8525 67.4656 
61.7327 80.7996 
57.7199 56.9468 
70.2808 24.0986 
77.2164 16.9482 
85.0584 19.3615 
96.3121 14.6792 
90.5836 6.48219 
78.5145 170.811 
44.7036 20.6336 
35.4423 17.0038 
54.7405 30.7261 
67.4491 12.8684 
76.3478 10.8712 
85.5049 22.1144 
86.2817 13.2605 
73.2308 75.1773 
55.5956 48.1348 
52.1881 64.323 
60.7258 31.9758 
65.6185 17.1446 
80.3736 26.9126 
85.4704 16.2565 
85.7512 37.0162 
69.5702 7.26478 
68.2423 12.4432 
68.7815 4.93193 
70.1662 16.9823 
74.9607 5.04557 
82.9143 21.7773 
80.5105 18.7361 
80.4835 25.1846 
64.3295 19.6562 
62.0985 33.4611 
62.3894 56.8446 
60.525 22.8044 
71.144 13.6995 
75.4577 7.09303 
64.1024 17.3029 
64.8935 15.3965 
55.6519 15.0187 
48.3563 11.7069 
48.9676 26.4402 
57.1513 33.5844 
71.8008 28.3504 
80.7526 19.5927 
74.4105 23.7616 
69.5043 11.9759 
52.5967 14.2765 
54.9764 22.4902 
62.4665 13.3184 
69.6061 8.66779 
76.4093 21.9447 
82.6557 16.1112 
83.3349 20.1164 
81.8923 27.2147 
44.6199 13.8752 
54.3724 30.2631 
63.1046 33.2013 
60.3597 24.6877 
67.5581 25.6801 
76.3615 7.62514 
75.1957 32.5624 
81.3964 31.4383 
51.0011 19.5093 
57.8965 13.366 
53.5406 23.1958 
41.5275 27.8935 
63.6188 20.6449 
73.5256 8.43872 
64.6544 9.77428 
64.6188 17.367 
166.221 74.3328 
189.842 64.8737 
172.066 162.249 
137.797 131.54 
135.18 16.1545 
151.908 49.5187 
148.995 11.3222 
164.719 57.179 
154.104 220.017 
210.905 91.3147 
224.839 118.683 
184.81 129.611 
155.47 62.6744 
154.916 46.0582 
156.63 25.0047 
168.274 79.7008 
130.09 164.453 
181.926 118.476 
200.051 194.743 
187.027 69.7099 
170.523 34.5456 
158.992 70.9838 
162.379 32.5155 
166.246 84.6126 
154.869 54.6151 
153.515 49.5493 
137.444 227.342 
152.98 96.9821 
170.93 48.9826 
160.502 56.1259 
157.035 18.6692 
160.627 65.5967 
179.553 32.9612 
145.566 134.906 
105.668 67.1658 
140.815 129.216 
178.834 47.4906 
155.678 124.609 
146.519 84.3793 
172.903 75.8692 
176.58 43.8456 
142.471 161.874 
117.837 74.9398 
147.988 128.513 
171.345 28.8721 
141.005 144.601 
124.941 46.8066 
168.406 97.9414 
174.744 132.425 
137.347 111.791 
121.323 60.8778 
146.236 55.6125 
157.216 37.1958 
147.479 53.5 
131.519 77.0719 
155.152 61.4779 
202.892 115.392 
150.803 180.816 
114.094 130.127 
154.114 73.1802 
167.784 20.4638 
163.894 26.3236 
164.712 138.188 
169.102 77.3917 
207.89 105.26 
161.831 115.937 
123.623 127.076 
152.097 57.3935 
156.84 28.2518 
172.13 47.3805 
197.79 67.2763 
204.672 67.8188 
29.4931 20.5066 
29.6648 18.5845 
37.1667 5.0897 
38.6838 4.76294 
38.4452 6.10072 
35.9327 3.19685 
31.3751 7.10974 
30.9058 15.5831 
38.4782 10.9742 
26.2958 14.4551 
27.2919 10.5561 
37.5124 4.55788 
40.5022 4.87941 
36.6905 15.8145 
34.4625 5.16121 
29.7096 19.908 
44.3568 11.6464 
38.1626 34.0523 
33.3694 6.39475 
39.4046 5.52969 
43.1531 7.39041 
35.0256 21.0137 
37.8535 4.49686 
35.6233 24.8163 
39.3354 21.5364 
53.0412 27.7248 
52.2745 36.0816 
42.5838 11.9053 
40.8284 6.93917 
36.7422 13.4898 
41.1765 2.85228 
40.8316 6.8106 
37.3987 9.69053 
46.6358 13.1861 
52.5287 8.34584 
45.227 10.6205 
34.2596 12.5262 
36.9303 11.6902 
43.202 4.40047 
35.8873 7.88397 
35.4367 11.1356 
32.9667 25.4652 
38.4662 32.1604 
43.7711 16.1374 
35.2122 16.3692 
34.1606 5.18838 
38.6449 10.3055 
31.6825 7.17413 
32.4298 26.2844 
20.393 13.1822 
28.8496 26.7721 
46.1692 33.7105 
44.5573 32.5457 
37.1758 15.9184 
39.3324 12.1829 
33.9951 13.3382 
25.4495 5.38001 
28.8631 28.1899 
36.4629 64.176 
39.6914 29.8209 
44.7746 11.1251 
41.4843 8.61201 
37.9203 4.59812 
31.6068 12.2786 
21.5979 14.7481 
42.6949 19.7 
55.714 35.5027 
57.2457 20.8589 
56.0232 13.9621 
42.661 9.49213 
34.8879 8.8764 
27.6673 5.43733 
11.1737 7.20501 
13.1153 10.7419 
18.5262 5.84238 
21.5887 9.53669 
20.1535 3.28533 
15.4338 6.43577 
13.6389 2.96323 
9.94902 8.11033 
15.165 7.53563 
9.95207 8.34379 
8.02412 10.3455 
13.1767 3.60121 
21.0321 5.10782 
19.6485 7.98102 
14.3456 10.2281 
8.9405 7.3022 
22.4623 5.40407 
14.62 4.71075 
10.7533 3.76539 
12.3183 3.71412 
16.3656 3.10838 
16.2353 4.04998 
11.9372 5.88245 
9.43942 2.51631 
19.409 2.59253 
17.7375 4.47485 
22.3798 11.7891 
19.423 7.83862 
11.7651 3.38183 
12.8678 2.50085 
12.5239 1.60609 
11.0028 1.28628 
16.4738 2.0871 
21.4706 4.41435 
28.8006 4.84233 
21.8078 9.28062 
11.581 3.77182 
18.2784 13.7466 
22.334 13.8535 
13.8812 11.5555 
16.741 5.20481 
19.3654 3.82243 
20.9006 8.18408 
15.7974 10.2964 
11.4485 2.69266 
19.1938 11.1455 
25.2645 2.64636 
14.4547 12.6764 
15.7388 8.43859 
14.7569 2.47839 
14.966 3.99997 
12.9808 1.66786 
12.3645 1.44006 
14.1639 9.95415 
19.4763 31.2434 
14.0263 15.9232 
11.5229 7.65127 
21.2206 7.35558 
25.424 25.9738 
18.4981 27.9978 
16.1956 12.4917 
11.9399 1.26693 
13.2213 1.8443 
10.6652 4.91715 
9.72644 5.31908 
20.3294 12.3448 
28.3501 9.10398 
25.2603 4.30292 
20.481 7.16369 
11.9335 3.00273 
9.18985 1.09794 
7.99983 6.47519 
