304.497 771.761 
304.862 712.291 
308.31 561.296 
313.029 245.453 
313.93 331.51 
315.78 236.905 
315.047 316.5 
313.156 868.396 
302.69 994.788 
304.98 721.694 
308.677 478.703 
313.272 209.143 
314.83 247.539 
316.491 176.313 
316.046 224.006 
314.299 530.464 
300.534 1066.6 
304.272 700.981 
308.807 473.881 
313.786 221.575 
315.779 181.889 
316.178 176.003 
316.174 166.637 
315.903 207.415 
300.616 1107.06 
305.469 615.41 
310.961 354.165 
314.503 183.94 
315.142 177.093 
315.798 160.28 
316.739 131.345 
317.178 144.61 
303.125 940.796 
308.417 522.426 
313.246 246.613 
315.052 109.819 
315.123 157.929 
316.15 155.794 
316.925 158.138 
316.944 153.691 
304.168 800.26 
309.105 380.132 
313.822 140.668 
316.486 80.8897 
316.761 130.281 
317.036 143.923 
317.225 125.198 
316.467 116.848 
301.758 985.225 
306.36 592.441 
312.442 213.136 
317.136 66.0945 
317.719 93.4903 
318.09 82.5103 
318.523 75.0365 
316.407 115.033 
301.949 973.214 
304.725 809.484 
310.504 381.487 
315.497 182.621 
317.147 160.526 
317.775 123.951 
318.495 131.015 
317.007 118.776 
303.128 832.813 
304.788 887.197 
309.9 540.78 
314.969 264.683 
317.431 124.628 
318.229 74.0467 
318.684 68.5018 
317.918 94.1929 
67.904 27.0808 
67.253 31.081 
66.6052 34.5443 
65.9038 36.0636 
65.2941 34.2107 
64.8299 32.8601 
64.2471 33.3985 
63.6715 35.5475 
67.8708 27.8402 
67.132 32.8479 
66.4656 36.0112 
65.7772 37.2948 
65.1904 35.0556 
64.7321 33.7494 
64.1703 33.5046 
63.5947 35.2758 
67.8577 28.2531 
67.0492 34.7719 
66.3037 38.5841 
65.6136 38.8674 
65.0748 36.1711 
64.6625 34.5601 
64.1106 33.7168 
63.5535 34.9258 
67.8819 27.7905 
67.1224 32.9891 
66.2975 37.9879 
65.5338 40.0205 
64.9697 37.8871 
64.5937 35.3532 
64.0385 34.433 
63.5224 35.1173 
67.8741 27.6588 
67.1939 30.8347 
66.3992 35.0794 
65.6216 37.666 
64.9909 36.9633 
64.5526 34.8773 
63.9786 34.5034 
63.4814 34.927 
67.8762 26.8231 
67.191 30.0915 
66.4089 34.3362 
65.662 35.2614 
65.011 34.5046 
64.4955 33.7014 
63.9325 34.2596 
63.4456 34.4476 
67.8718 25.6805 
67.1941 28.9997 
66.347 34.4609 
65.5486 35.7991 
64.9166 34.7857 
64.3617 34.2585 
63.827 34.7942 
63.3575 34.5263 
67.8167 25.1381 
67.1524 28.5975 
66.3405 33.1336 
65.5397 34.7189 
64.8699 35.7227 
64.2346 35.7894 
63.6728 34.853 
63.2128 34.342 
67.7696 24.913 
67.1314 28.6413 
66.3815 32.8652 
65.6025 33.3203 
64.8898 35.3242 
64.1908 37.1041 
63.5891 35.2178 
63.1263 34.6109 
122.185 0.0481249 
122.166 0.0575476 
122.137 0.103961 
122.117 0.140376 
122.132 0.103509 
122.161 0.0714124 
122.164 0.0768349 
122.124 0.119208 
122.178 0.0485178 
122.176 0.0561997 
122.163 0.0741149 
122.147 0.115024 
122.149 0.0969533 
122.163 0.0686534 
122.16 0.064833 
122.117 0.120675 
122.181 0.0483962 
122.176 0.0706179 
122.178 0.0640432 
122.176 0.0766957 
122.178 0.0713853 
122.181 0.0697494 
122.169 0.0804229 
122.125 0.131715 
122.202 0.0273943 
122.184 0.07485 
122.181 0.0829331 
122.182 0.0625822 
122.184 0.0574354 
122.189 0.0637805 
122.187 0.0801335 
122.156 0.100387 
122.215 0.015883 
122.199 0.0499779 
122.193 0.0747071 
122.19 0.0617948 
122.187 0.0643386 
122.19 0.0562788 
122.194 0.0595114 
122.177 0.0640503 
122.21 0.0308218 
122.202 0.0382259 
122.206 0.0458816 
122.21 0.0412275 
122.208 0.0413133 
122.201 0.0483622 
122.191 0.0614776 
122.166 0.0804677 
122.21 0.0293674 
122.201 0.0473665 
122.215 0.02636 
122.229 0.0190729 
122.228 0.0181157 
122.221 0.039147 
122.201 0.0656493 
122.164 0.0959692 
122.223 0.0132974 
122.217 0.029398 
122.227 0.0162712 
122.238 0.0129839 
122.236 0.0104297 
122.225 0.0268514 
122.203 0.0536487 
122.165 0.0849868 
122.23 0.0110092 
122.236 0.00985972 
122.241 0.00552406 
122.245 0.00561826 
122.241 0.00807267 
122.224 0.0348395 
122.194 0.0792031 
122.15 0.105567 
128.765 0.0299419 
128.794 0.0390622 
128.82 0.051616 
128.842 0.0615014 
128.85 0.0546491 
128.85 0.0440925 
128.863 0.0431354 
128.896 0.0559164 
128.773 0.0342633 
128.795 0.0405792 
128.811 0.0442882 
128.832 0.0538261 
128.845 0.0502849 
128.851 0.0434748 
128.866 0.041503 
128.9 0.0554148 
128.775 0.036103 
128.795 0.041682 
128.809 0.0431224 
128.825 0.0469804 
128.837 0.0442531 
128.845 0.0413065 
128.862 0.0410298 
128.897 0.053832 
128.769 0.0311212 
128.788 0.0413292 
128.808 0.0471358 
128.826 0.046524 
128.839 0.0447354 
128.844 0.0408897 
128.858 0.0401685 
128.888 0.0484269 
128.763 0.0233385 
128.783 0.0333803 
128.801 0.0413012 
128.82 0.0428386 
128.837 0.0442831 
128.844 0.0396864 
128.857 0.0374415 
128.878 0.0405954 
128.758 0.0216855 
128.78 0.0278018 
128.794 0.0345447 
128.809 0.0354977 
128.826 0.0355248 
128.84 0.0353701 
128.858 0.0367765 
128.88 0.0408237 
128.756 0.0252025 
128.777 0.0304412 
128.792 0.032965 
128.806 0.0315001 
128.821 0.0299663 
128.837 0.0316688 
128.857 0.0356019 
128.883 0.0403345 
128.753 0.0211557 
128.774 0.0298331 
128.79 0.0318631 
128.802 0.0285356 
128.819 0.0288585 
128.839 0.0309757 
128.86 0.0344548 
128.886 0.0387299 
128.749 0.0187182 
128.767 0.0236261 
128.784 0.0273643 
128.795 0.0237699 
128.815 0.0261292 
128.841 0.0325815 
128.867 0.0406041 
128.898 0.0465775 
19.2782 124.704 
19.4053 115.307 
18.1434 107.141 
17.7113 104.66 
17.4189 126.19 
15.7542 114.758 
14.705 94.4379 
13.981 69.6791 
19.3416 144.499 
19.6574 132.912 
18.758 124.845 
17.9161 127.689 
17.0988 100.359 
15.8784 112.227 
15.2355 83.8957 
14.6495 69.1069 
19.4077 174.99 
19.497 140.914 
19.0688 148.11 
18.7843 156.651 
18.0482 119.472 
17.2894 113.629 
16.2186 81.3535 
15.6594 87.9215 
20.9448 221.444 
19.7349 135.923 
19.07 142.204 
19.6576 151.077 
18.7512 141.782 
17.7411 114.749 
17.01 100.443 
16.5982 94.6916 
23.0088 225.76 
21.6483 185.614 
20.589 162.773 
20.4729 146.166 
19.1123 126.93 
18.2753 127.859 
17.8752 113.31 
18.1701 94.4451 
22.6188 209.94 
22.2539 215.288 
21.0399 161.631 
21.439 157.101 
20.5972 146.726 
18.7404 119.2 
17.589 106.972 
18.5114 87.9047 
21.3081 172 
21.1496 172.038 
20.428 118.823 
21.5059 176.025 
21.8743 173.644 
19.8913 145.861 
17.8866 106.657 
18.645 98.5938 
21.4748 202.625 
20.4192 204.053 
19.6166 119.544 
19.8819 126.788 
20.0476 129.043 
18.6776 143.196 
17.6183 99.8866 
18.5696 93.0213 
21.2877 211.121 
19.7713 223.425 
18.4426 145.009 
17.5426 106.067 
16.7956 91.4973 
16.0508 91.9792 
16.7043 76.8799 
17.8169 92.6845 
23.1887 100.383 
24.3025 106.901 
25.7707 124.44 
25.5104 125.606 
23.9293 113.855 
22.4198 93.6027 
22.0474 76.5666 
23.2664 113.222 
22.454 88.5511 
23.7775 108.301 
24.7189 122.999 
24.9468 120.461 
23.8483 101.723 
22.6608 91.4985 
22.9894 88.5242 
24.3471 115.519 
23.2465 85.9988 
24.1828 114.159 
24.8794 151.253 
25.7127 156.437 
24.9509 111.004 
23.5632 116.894 
24.4044 105.768 
25.5902 130.061 
24.2414 104.586 
25.0118 136.627 
25.4398 148.762 
26.5195 135.261 
26.4819 150.636 
25.1622 153.1 
25.0185 103.264 
25.9526 117.274 
26.2417 116.369 
26.068 121.09 
26.3443 138.45 
26.9002 131.813 
26.7342 158.033 
25.8428 137.508 
25.135 104.276 
27.2868 116.078 
26.167 102.804 
26.2649 103.194 
26.9318 150.26 
28.2723 178.271 
27.6884 164.218 
26.0357 115.118 
25.1565 135.677 
27.067 135.041 
24.8389 114.96 
26.3479 124.39 
28.0004 154.441 
29.3784 176.388 
28.9606 177.317 
27.261 161.258 
25.4214 116.996 
25.3248 96.1216 
25.0606 153.362 
25.409 153.882 
26.0157 115.09 
27.4096 147.256 
27.7755 172.613 
26.2313 165.964 
25.5214 135.816 
26.2728 124.564 
25.6383 117.954 
25.1576 115.098 
24.3167 104.564 
24.7288 120.556 
24.7293 109.329 
23.6315 120.011 
24.9951 125.188 
26.6951 145.487 
66.0004 534.429 
70.473 474.386 
76.0004 556.11 
79.3159 601.455 
79.1994 591.976 
82.5666 667.44 
84.881 672.765 
84.9035 642.032 
64.8808 556.943 
68.5188 551.091 
73.3942 592.573 
76.8593 493.494 
79.2356 459.787 
83.751 501.555 
86.1348 533.778 
85.8242 631.24 
65.3784 617.374 
67.6818 554.719 
71.2825 570.851 
75.2582 495.859 
76.9974 388.452 
80.0251 371.008 
84.0249 374.154 
85.1105 543.476 
65.602 599.058 
69.3081 476.266 
72.3159 588.87 
76.0349 535.153 
77.4886 461.7 
79.5351 451.947 
82.6078 380.49 
85.0399 489.548 
66.4149 576.096 
70.2044 529.295 
72.568 530.43 
75.7893 483.058 
78.7419 509.985 
81.2717 483.65 
82.9482 516.453 
85.3849 560.107 
66.5604 548.631 
71.3913 580.073 
73.8847 503.453 
76.6521 433.25 
78.6309 405.48 
80.414 416.441 
82.9129 540.348 
84.0588 606.648 
65.3395 616.377 
70.6462 609.636 
75.6123 501.417 
77.9711 406.044 
78.1927 339.956 
80.2753 436.229 
82.8314 517.604 
81.6275 560.05 
66.1011 685.97 
69.5538 642.046 
74.1857 562.365 
76.7108 461.041 
79.4431 438.755 
81.6835 453.042 
81.1445 508.365 
80.3925 524.629 
67.5181 531.393 
70.9892 643.633 
73.9507 652.202 
77.682 462.389 
82.1153 496.229 
82.8421 517.605 
81.9516 547.165 
82.4175 553.433 
139.685 1171.8 
135.918 1126.9 
135.518 1227.71 
138.831 1256.04 
143.704 1515.27 
148.431 1046.34 
148.775 930.74 
146.725 1009.52 
140.417 1318.87 
137.548 1063.92 
137.998 1091.82 
141.133 1093.63 
143.927 1054.29 
147.503 974.166 
145.872 912.552 
144.697 1143.74 
138.486 1324.38 
139.222 1274.18 
140.068 1140.11 
141.412 1207.46 
143.964 1080.15 
146.848 1031.55 
144.822 885.739 
143.556 1029.41 
133.401 1178.66 
137.415 1176.41 
138.541 1100.77 
138.882 1291.43 
141.962 1276.61 
144.397 1128.1 
144.367 878.034 
142.335 913.179 
129.841 1085.45 
134.248 1153.38 
135.831 1186.39 
135.743 1180.61 
138.758 1203.4 
140.832 1154.8 
141.793 1038.25 
138.043 990.261 
133.642 1127.48 
134.262 1076.1 
136.11 1182.51 
133.711 1184.1 
135.596 1232.9 
140.216 1038.7 
142.902 1152 
138.343 1016.47 
136.918 1150.18 
135.742 1085.57 
136.455 1108.8 
134.571 1228.52 
134.715 1180.16 
139.155 1070.23 
143.615 916.214 
140.425 778.237 
136.008 1344.33 
137.214 1310.43 
138.716 993.46 
138.347 1187.45 
137.007 1237.62 
140.821 1135.18 
144.09 1077.74 
140.59 925.102 
136.075 1247.09 
137.571 1296.62 
141.166 996.265 
142.347 1063.81 
141.723 1031.56 
144.278 993.601 
143.45 1085.14 
139.681 1068.18 
36.883 143.75 
36.2667 141.636 
35.5656 152.637 
34.8985 148.772 
33.7425 145.403 
32.114 119.99 
30.6604 108.193 
30.6713 109.82 
36.4402 161.875 
36.5716 174.542 
36.1957 151.255 
35.1894 140.502 
34.047 142.013 
32.0601 132.16 
31.2822 125.27 
30.7566 122.747 
35.5409 166.039 
35.1238 166.962 
35.5391 159.65 
34.9348 159.998 
34.4567 137.292 
33.0093 128.024 
31.9716 121.27 
31.5022 108.912 
37.1458 194.506 
35.6335 163.688 
36.7886 148.117 
35.6538 154.168 
33.9327 133.195 
33.1562 121.54 
32.4565 98.8446 
32.3577 127.399 
37.3683 209.522 
36.9244 170.07 
38.2857 169.48 
37.5204 161.242 
34.5854 103.418 
33.4795 118.201 
33.2019 118.383 
32.5661 125.196 
35.7692 180.034 
35.4333 145.506 
36.5117 156.654 
37.1512 151.62 
35.9445 123.416 
34.5269 133.591 
32.9335 109.047 
33.0766 144.45 
34.9501 170.147 
34.4299 153.947 
34.2143 131.406 
35.4914 139.867 
36.1014 117.3 
34.6514 132.755 
33.0918 152.396 
34.3786 175.261 
35.1227 162.059 
34.7599 182.014 
34.7637 130.23 
35.6302 120.714 
35.6046 139.113 
34.2421 134.397 
34.262 148.625 
34.4132 171.448 
35.0999 139.573 
34.2233 143.826 
35.2542 117.97 
36.1059 122.375 
35.6625 161.462 
35.373 148.792 
35.5201 139.546 
34.5439 119.679 
19.4626 115.728 
18.4961 101.221 
17.3115 80.5809 
16.7616 85.6102 
15.9355 93.4739 
14.4947 67.6122 
13.9778 64.7633 
13.6092 61.2675 
19.1567 101.924 
18.9073 114.634 
17.6116 96.6333 
17.2267 102.066 
16.6736 85.1223 
14.6372 69.2053 
14.5327 69.8336 
14.0241 58.193 
18.4746 88.9998 
18.5641 101.819 
17.9693 84.4109 
17.6834 101.633 
17.3611 87.446 
15.4424 73.1487 
14.7333 60.4727 
14.4848 55.9363 
19.2805 111.038 
18.3657 106.654 
18.8056 89.4066 
17.7549 69.8263 
16.5257 75.1561 
15.8069 77.0753 
15.2793 59.5311 
14.8948 74.9389 
20.2501 122.394 
19.3246 110.902 
19.6278 110.752 
18.6266 88.1239 
17.1906 74.9832 
16.4481 71.5811 
15.9717 74.8196 
15.4925 69.1667 
19.4097 110.02 
19.499 90.6495 
19.344 106.481 
19.2602 94.5781 
18.3038 90.3651 
17.1032 66.7444 
15.7313 63.4371 
15.4108 48.5831 
18.4038 80.3201 
18.0438 76.0002 
17.732 75.7019 
18.2183 76.0205 
17.8752 78.4766 
16.8564 72.349 
15.6767 63.7861 
16.0065 54.8612 
18.1813 105.401 
17.3687 71.7507 
17.2067 63.3298 
17.5179 78.5528 
17.2694 82.7063 
16.1198 63.3756 
15.8591 69.3536 
16.769 60.8372 
17.5089 71.7247 
17.0759 56.5235 
16.77 59.3766 
16.5622 76.5796 
16.4056 80.7474 
16.0541 54.5216 
16.063 58.6847 
16.7637 59.0033 
