322.936 0.270873 
323.182 0.0903461 
322.482 0.269412 
322.192 0.170312 
322.484 0.303746 
322.807 0.101351 
322.921 0.108311 
322.902 0.177 
322.139 0.357716 
323.073 0.0991302 
322.916 0.113647 
322.855 0.108476 
322.499 0.391456 
321.47 0.57203 
321.789 0.703175 
322.979 0.117457 
322.144 0.197422 
322.798 0.182756 
319.816 3.89126 
319.758 3.3346 
322.118 1.54089 
320.841 0.087946 
321.165 0.416647 
322.648 0.288695 
322.234 0.230947 
320.983 1.94548 
315.078 1.91761 
315.976 1.17591 
322.385 1.60941 
321.993 0.452696 
322.13 0.500884 
321.934 3.35887 
322.054 0.173974 
320.193 1.54406 
316.103 2.7719 
317.491 3.96648 
322.897 0.356025 
323.016 0.0882812 
323.047 0.0884101 
322.274 2.32746 
322.011 3.01492 
321.529 1.78983 
321.244 1.14487 
322.007 1.01602 
323.021 0.0942822 
323.011 0.087192 
323.046 0.0887133 
322.975 0.121781 
319.911 4.96744 
322.289 0.671006 
322.94 0.0890212 
322.991 0.0879896 
322.946 0.0901579 
322.951 0.0877199 
322.971 0.0900928 
323.013 0.0866392 
320.05 1.47092 
322.105 0.747204 
322.729 0.179511 
322.468 0.256951 
322.021 0.191455 
322.393 0.269977 
322.95 0.0926976 
323.043 0.0915498 
322.068 0.74048 
321.91 0.16134 
321.839 0.282892 
322.146 0.35809 
321.859 0.129473 
322.334 0.288079 
323.011 0.0931085 
323.115 0.0863025 
68.8656 0.0859817 
68.3503 0.0370774 
67.8029 0.0598065 
67.1829 0.398495 
66.3129 0.0334675 
65.7694 0.0263423 
64.9193 0.17578 
62.5488 0.136191 
68.8376 0.124613 
68.299 0.0189034 
67.7337 0.0440268 
67.3366 0.202274 
66.8093 0.0181067 
65.9095 0.0699242 
64.1588 0.576421 
61.7791 0.116356 
68.9517 0.114922 
68.3483 0.00524725 
67.9686 0.0518131 
67.4374 0.110213 
66.8924 0.0249559 
65.7146 0.1654 
63.3508 0.763241 
61.5731 0.158336 
69.0278 0.0858257 
68.44 0.00804913 
68.2004 0.030674 
67.2408 0.10877 
66.5713 0.0514884 
64.9727 0.175915 
62.4618 0.729459 
61.6381 0.211597 
69.0966 0.0436471 
68.5127 0.0102636 
68.2054 0.00745843 
66.8847 0.0797963 
66.2119 0.139642 
64.3947 0.0718207 
61.8517 0.74382 
61.6586 0.112281 
69.1436 0.021447 
68.4372 0.0243032 
67.8513 0.0632494 
66.3049 0.045036 
65.5934 0.352283 
64.1751 0.0197438 
61.6005 0.515931 
61.9318 0.0334717 
69.0932 0.0236733 
68.2796 0.0372536 
67.4825 0.112855 
65.9944 0.0210308 
64.9582 0.708557 
63.9863 0.0530334 
61.2965 0.339847 
62.0257 0.0483677 
69.0222 0.0272233 
68.2087 0.0333427 
67.4918 0.0972812 
66.2102 0.0326821 
64.6891 0.898888 
63.9488 0.181263 
61.1094 0.428026 
61.7062 0.0948464 
68.9603 0.0329115 
68.1091 0.0244366 
67.613 0.101019 
66.3593 0.023601 
64.4108 0.652517 
64.1299 0.372913 
61.5357 0.325127 
61.5089 0.213924 
122.247 6.70851e-007 
122.249 2.86991e-007 
122.25 4.74695e-007 
122.252 3.42376e-006 
122.255 2.94169e-007 
122.256 2.38253e-007 
122.259 1.7452e-006 
122.266 1.36591e-006 
122.247 1.04412e-006 
122.249 1.49088e-007 
122.251 3.54844e-007 
122.252 1.69589e-006 
122.253 1.56655e-007 
122.256 6.52654e-007 
122.261 5.78161e-006 
122.269 1.10235e-006 
122.246 9.27371e-005 
122.248 1.48411e-005 
122.25 4.4548e-007 
122.251 9.16484e-007 
122.253 1.97955e-007 
122.256 1.6029e-006 
122.264 7.46203e-006 
122.269 1.56746e-006 
122.069 0.0101613 
122.19 0.0013339 
122.247 3.76656e-005 
122.252 9.5213e-007 
122.254 4.27374e-007 
122.259 1.72642e-006 
122.266 6.90503e-006 
122.269 2.13357e-006 
121.625 0.0213499 
122.016 0.00703602 
122.201 0.000895591 
122.252 1.25597e-005 
122.255 1.22671e-006 
122.261 6.81817e-007 
122.268 7.24928e-006 
122.269 1.14923e-006 
121.274 0.0153642 
121.82 0.00881611 
122.118 0.00288349 
122.253 5.78762e-005 
122.257 3.53687e-006 
122.261 1.7527e-007 
122.269 5.36735e-006 
122.268 2.98972e-007 
121.328 0.00741046 
121.747 0.00641876 
122.072 0.00445651 
122.254 8.99115e-005 
122.259 8.2584e-006 
122.262 5.44346e-007 
122.271 3.67751e-006 
122.268 4.59397e-007 
121.568 0.0105825 
121.784 0.00480872 
122.073 0.00429896 
122.253 9.18344e-005 
122.26 1.13574e-005 
122.262 1.78954e-006 
122.271 4.55941e-006 
122.269 8.53655e-007 
121.961 0.00578785 
121.973 0.00373826 
122.123 0.00277999 
122.253 4.70357e-005 
122.261 8.82932e-006 
122.262 3.59032e-006 
122.27 3.51549e-006 
122.27 2.12136e-006 
128.703 3.82573e-005 
128.715 1.62575e-005 
128.726 2.74008e-005 
128.741 0.000210892 
128.76 1.83221e-005 
128.771 1.53052e-005 
128.791 0.000119148 
128.853 9.37636e-005 
128.704 5.75067e-005 
128.716 8.54849e-006 
128.727 2.08342e-005 
128.736 0.000102457 
128.748 9.75931e-006 
128.768 4.27281e-005 
128.811 0.000398082 
128.873 7.27306e-005 
128.703 6.2973e-005 
128.714 5.26292e-006 
128.722 2.48678e-005 
128.734 5.54398e-005 
128.746 1.14774e-005 
128.773 0.000107689 
128.832 0.000505634 
128.877 0.000106512 
128.778 0.00142442 
128.74 0.000249937 
128.717 2.19671e-005 
128.739 5.76712e-005 
128.754 2.561e-005 
128.793 0.00011717 
128.854 0.000456601 
128.874 0.00014696 
128.949 0.00272537 
128.824 0.00136273 
128.74 0.000240922 
128.747 3.43324e-005 
128.762 7.59886e-005 
128.807 4.55254e-005 
128.871 0.000489467 
128.875 7.95378e-005 
129.089 0.00108795 
128.923 0.00147059 
128.79 0.000602024 
128.761 1.80561e-005 
128.777 0.000208312 
128.813 1.0372e-005 
128.879 0.000378766 
128.871 1.90346e-005 
129.092 0.000352047 
128.964 0.00106196 
128.822 0.000756921 
128.768 1.29486e-005 
128.793 0.000454622 
128.819 3.24829e-005 
128.891 0.000266132 
128.871 3.06242e-005 
129.024 0.00099512 
128.952 0.000844113 
128.821 0.000725369 
128.762 2.02435e-005 
128.802 0.000600013 
128.822 0.000108892 
128.898 0.000325981 
128.88 5.45428e-005 
128.877 0.00143286 
128.871 0.000911627 
128.793 0.000420601 
128.759 1.08447e-005 
128.808 0.000421139 
128.817 0.000227436 
128.885 0.000253361 
128.885 0.000145252 
14.3103 3.81636 
14.3943 3.40716 
10.1337 5.97311 
9.9218 1.7727 
12.4884 6.73387 
12.5611 2.88532 
8.53347 6.6971 
7.90327 0.383627 
10.6687 2.337 
10.2353 1.36359 
8.165 3.38081 
10.0304 2.23957 
11.2111 7.21358 
11.8784 3.0279 
8.8856 4.23813 
7.09613 2.80524 
12.2291 4.57832 
13.382 3.50434 
13.8312 2.51982 
12.0451 4.62538 
11.599 11.3035 
13.8116 1.31802 
13.5355 6.92764 
9.84932 4.10523 
13.7693 3.80843 
20.4045 14.2649 
24.2489 4.46088 
14.7056 17.8041 
11.8028 5.60165 
11.211 0.9041 
11.249 3.17527 
11.6801 2.45901 
13.3999 3.3073 
18.0062 6.03158 
21.3277 3.19356 
14.125 5.54174 
19.0582 8.48116 
16.2853 5.70166 
6.38229 5.20594 
9.11878 1.7113 
10.8923 2.57664 
12.8715 3.52238 
14.5557 5.21315 
11.7603 2.90361 
18.9261 5.40259 
18.5902 4.11955 
7.0008 2.92011 
7.96597 0.927755 
8.77486 1.72213 
10.5978 1.52367 
10.5744 3.13809 
9.02433 2.89064 
9.74214 4.22558 
12.5868 7.42424 
10.1657 1.30807 
11.7629 3.85118 
10.9958 3.77293 
6.47446 2.91113 
4.02758 4.01938 
5.29132 0.99303 
6.83987 1.0582 
8.86167 2.44669 
7.9927 0.987411 
12.0914 2.15318 
11.5436 6.59958 
6.43955 1.84423 
5.59331 3.83147 
7.22097 1.70656 
8.28785 0.629369 
6.99404 1.60046 
4.42026 1.48898 
8.79731 4.01483 
19.0633 8.89063 
20.8161 8.03789 
19.3762 6.21285 
19.6101 4.02366 
18.4143 3.22239 
17.0005 2.87202 
13.7143 2.78749 
11.6398 2.15629 
11.8929 5.76355 
15.3875 9.33379 
15.9816 3.77697 
15.5194 7.91709 
16.0902 9.13518 
19.0297 4.35102 
13.8761 4.76269 
8.2656 3.57465 
14.1449 9.86053 
15.7699 16.4431 
22.2229 4.39496 
20.2573 14.0914 
16.8727 9.66673 
20.5338 3.73806 
15.0964 6.08827 
9.63896 5.09547 
17.6224 12.3917 
19.3939 13.0782 
25.5194 7.33202 
20.7658 8.29216 
16.0767 3.60876 
18.6899 7.40955 
13.9632 2.08837 
13.5788 16.5232 
19.4411 8.6254 
21.446 6.60005 
25.0384 7.56361 
19.6652 7.66419 
15.8023 3.73295 
17.9391 4.43975 
12.51 2.80099 
12.4947 9.59397 
15.9111 5.17976 
17.9969 8.3266 
24.9413 4.83979 
22.4916 9.24551 
14.1324 1.99172 
12.7929 3.52709 
9.45062 3.61383 
11.509 4.97065 
14.2767 2.51919 
16.3007 3.01427 
15.0345 7.09338 
15.747 9.24912 
14.2112 4.23096 
16.9259 8.92601 
16.9989 2.11465 
21.3727 10.1149 
17.6482 7.07139 
13.9326 3.22131 
6.17974 2.76593 
8.47782 5.64554 
13.7936 4.38434 
18.8486 11.9788 
18.3969 4.41443 
26.4438 6.10248 
20.0939 4.73247 
13.7602 2.53044 
9.80352 4.66267 
8.89009 7.41868 
11.8719 3.82868 
15.4109 4.28095 
10.9687 3.61975 
14.8269 10.3417 
62.8654 7.29381 
75.0103 21.3101 
83.9735 31.7431 
90.585 30.2475 
89.4819 26.47 
73.9195 16.8597 
82.6319 39.6238 
112.009 28.0701 
71.7532 9.368 
83.2595 22.6862 
81.3282 9.36586 
80.0493 15.8459 
82.9448 18.8646 
73.2818 27.555 
81.992 51.6272 
104.018 12.3724 
72.5306 8.43719 
80.5308 11.1612 
72.6037 27.2147 
70.6773 51.8961 
82.6441 20.2297 
89.3887 24.6193 
93.2493 51.1678 
98.6328 17.664 
68.1837 25.7374 
77.5397 8.99426 
69.6688 42.0671 
65.5226 24.6213 
81.7763 24.8613 
107.902 16.0384 
108.124 14.1176 
89.7268 45.2077 
72.4083 29.3073 
79.8593 11.4746 
77.5494 14.1985 
73.1888 23.2471 
79.3686 42.8495 
112.174 59.2805 
116.441 30.8606 
85.2235 64.4815 
70.5333 23.3417 
79.886 12.255 
83.5854 20.0744 
87.852 16.5983 
87.1537 44.3975 
106.55 36.4736 
114.095 8.03691 
91.9216 35.0948 
63.1027 27.5984 
75.2309 8.40801 
68.4166 11.1651 
73.1252 30.4394 
81.8362 98.9484 
96.9943 32.6891 
102.007 44.2917 
87.153 50.1457 
62.586 30.4438 
74.6203 10.7273 
64.0377 15.6303 
57.3049 21.0137 
63.7715 46.2322 
84.2243 23.8087 
85.1003 72.8727 
76.3298 48.9637 
71.0585 10.6165 
72.9438 5.73758 
64.5941 24.8723 
55.2368 28.2863 
69.0415 75.591 
85.9929 6.45335 
71.4758 32.5756 
68.2519 30.5126 
164.045 70.0931 
160.768 48.7791 
158.949 24.6717 
160.237 55.2132 
168.461 27.1427 
174.913 19.4116 
176.021 13.8249 
166.371 30.5577 
169.877 21.2253 
167.166 94.2707 
163.97 24.8098 
165.583 65.2079 
166.476 71.3134 
159.182 98.3601 
173.376 53.6588 
178.566 62.3221 
172.538 95.797 
165.272 105.372 
154.016 15.1127 
164.716 127.273 
164.84 137.327 
145.383 34.5156 
157.568 24.7839 
169.477 78.1355 
173.856 44.2013 
151.863 185.125 
130.015 58.3799 
164.048 135.456 
174.748 46.0573 
149.735 21.9781 
151.865 17.5959 
155.965 40.4832 
164.069 59.5284 
147.538 96.2067 
124.489 23.5011 
157.577 125.647 
168.805 43.7512 
144.803 102.626 
154.565 26.069 
157.332 28.5609 
164.071 49.5247 
156.18 25.1368 
145.843 55.8035 
158.062 48.7238 
160.306 18.6787 
140.447 103.907 
152.352 14.9172 
158.855 19.8688 
162.858 15.6454 
166.537 31.6121 
182.755 96.5214 
187.643 168.933 
179.222 167.758 
152.941 198.678 
152.576 33.8033 
157.158 38.7862 
142.523 105.899 
171.393 109.462 
205.634 99.0657 
213.979 52.0814 
200.615 60.2372 
176.313 109.442 
177.578 86.5146 
165.587 46.1665 
137.846 45.3121 
172.471 58.0165 
195.055 135.277 
209.12 129.576 
194.411 114.666 
181.423 40.7261 
204.655 45.0351 
192.471 77.5541 
43.8769 6.05359 
34.1416 17.6627 
35.9063 6.37754 
32.5013 16.9322 
26.1556 5.88249 
34.759 7.82559 
32.3982 9.98338 
17.5627 8.15619 
42.6763 3.41475 
33.0623 21.7174 
41.2881 5.94878 
41.5219 10.8887 
35.273 16.8263 
43.141 13.1137 
32.3882 21.9226 
18.9248 6.2803 
38.6772 10.5361 
35.5259 10.4219 
42.2596 4.2124 
39.4906 6.3936 
34.5233 16.6319 
37.7664 25.54 
29.1423 18.51 
24.8907 14.661 
37.0863 24.3068 
34.2459 6.35952 
39.9246 9.78648 
33.8097 12.5553 
29.3309 3.5748 
27.251 4.72606 
25.7082 3.5216 
34.3934 11.0511 
40.8774 40.3544 
36.7409 5.23379 
41.5262 10.5177 
35.1262 9.96036 
29.7425 10.1387 
23.321 4.57359 
24.0872 9.83016 
41.8708 13.7434 
47.9328 18.2315 
42.5531 14.7107 
38.0802 3.42825 
30.8249 7.619 
30.8752 5.94904 
30.6247 8.01345 
30.0319 3.22246 
40.6267 12.0276 
49.6412 21.7529 
41.0069 10.676 
35.5221 8.28851 
29.2216 10.6598 
29.2034 3.78801 
28.7899 20.9569 
27.771 4.27992 
33.3494 22.4647 
62.9486 15.2314 
44.6178 27.6733 
34.2389 12.7963 
26.5764 4.01147 
25.6629 2.77869 
23.8121 6.35344 
24.2055 3.92886 
31.7147 4.483 
63.1811 21.6334 
45.5537 27.2367 
36.652 15.0475 
27.9391 4.50511 
24.2098 1.16267 
25.8329 4.42907 
26.7094 7.54333 
29.5033 5.31035 
18.7745 10.46 
18.0515 5.64639 
14.1428 13.6947 
9.33665 1.73655 
7.48309 1.0992 
9.65392 3.19012 
9.62162 2.98415 
7.41656 1.06342 
15.2703 3.15663 
13.9615 2.04031 
12.1831 5.21529 
10.1514 1.1345 
10.5039 3.80933 
14.9567 2.32712 
11.2709 4.98454 
6.1081 6.3834 
12.024 4.45118 
12.3176 5.69317 
14.882 8.06149 
12.5723 5.01639 
11.6397 5.72773 
13.9571 3.6706 
12.5736 4.7724 
10.1595 10.8748 
11.716 3.93941 
17.5361 16.0134 
25.7013 1.76638 
17.1244 18.2985 
8.65014 1.55202 
7.20445 1.91917 
11.2204 8.2104 
16.59 5.31211 
11.8579 1.71104 
16.6028 14.2628 
26.1728 7.42252 
17.8088 20.4041 
10.1204 1.95163 
8.49388 1.21296 
9.0616 4.72401 
16.2336 5.85395 
12.6698 5.18941 
12.042 0.90481 
14.2386 2.81285 
11.0166 3.46261 
11.6271 1.45618 
14.0065 5.47219 
10.1159 3.2012 
12.0965 4.35731 
21.2572 6.29376 
12.6149 2.85809 
10.6372 3.4333 
8.23027 8.51583 
8.73089 1.26543 
14.7134 11.7653 
13.4523 0.986211 
12.2169 10.0204 
23.3484 13.1946 
11.0662 4.26886 
8.61114 2.4829 
10.8386 4.1319 
11.3377 2.23774 
10.3332 6.07574 
9.67631 2.61967 
10.8766 4.3044 
18.3457 8.28537 
10.7421 4.52171 
10.142 4.85618 
13.7389 2.30688 
14.0375 2.50516 
6.6799 2.60344 
4.78177 1.69392 
9.26437 1.39999 
