29542.4 2.58624e+008 
29595.1 2.70183e+008 
29489.7 2.83175e+008 
29535 3.07748e+008 
30072.2 3.32835e+008 
31234.3 3.77929e+008 
32324.8 4.41754e+008 
33533.7 4.85569e+008 
35257.6 5.47351e+008 
32276 2.43525e+008 
32526.5 2.44862e+008 
32635.5 2.58957e+008 
32358.2 2.94305e+008 
32400.9 3.20811e+008 
33435.8 3.59471e+008 
34906.2 4.22453e+008 
36333.5 4.67415e+008 
37701.3 5.2761e+008 
34357.7 2.12378e+008 
34879.2 2.19489e+008 
35122.2 2.39662e+008 
34995.2 2.78425e+008 
34827.2 3.16109e+008 
35287.8 3.51322e+008 
36645.4 3.96827e+008 
38128.7 4.51889e+008 
39494.9 5.13838e+008 
35151.9 1.85466e+008 
35773.1 1.92588e+008 
36198.3 2.25629e+008 
36263.4 2.60892e+008 
36028.7 2.99593e+008 
36364.8 3.2965e+008 
37630.8 3.72604e+008 
38859 4.0555e+008 
39869.5 4.63333e+008 
85.729 521.722 
88.4443 457.697 
90.6964 383.776 
93.2325 276.746 
94.8743 193.554 
95.4251 159.708 
95.2633 147.453 
94.5478 150.045 
93.8919 157.849 
85.8672 474.505 
88.6278 398.002 
91.0836 312.606 
93.3945 239.234 
94.6495 191.088 
94.9522 162.815 
94.9997 134.753 
94.693 123.464 
93.9852 140.253 
86.1226 430.696 
88.8627 346.791 
91.3153 271.918 
93.3588 214.12 
94.4132 187.093 
94.7847 163.096 
94.9872 126.638 
94.9624 109.032 
94.2357 125.518 
86.2958 420.16 
89.1421 326.244 
91.4612 263.735 
93.0444 225.072 
94.0669 192.13 
94.706 157.657 
95.0888 119.493 
95.163 100.464 
94.4769 113.015 
168.942 109.802 
170.412 102.853 
171.741 107.53 
172.302 92.5371 
172.678 87.9368 
172.884 89.5605 
172.773 90.5403 
172.515 87.7305 
172.302 92.9201 
169.415 113.453 
170.854 107.196 
172.034 103.777 
172.537 92.9866 
172.924 82.9532 
173.307 78.6383 
173.339 76.663 
173.065 76.0698 
172.867 82.038 
169.635 106.019 
170.902 99.5421 
171.909 95.97 
172.459 91.1425 
172.889 84.5837 
173.229 79.0369 
173.429 73.1361 
173.344 71.1553 
173.064 71.6227 
169.687 95.3822 
170.772 92.3277 
171.654 90.0829 
172.235 87.9422 
172.703 83.2066 
172.996 76.9959 
173.274 69.707 
173.362 66.7476 
173.177 66.6215 
187.82 91.4147 
188.624 86.897 
189.17 80.1705 
189.458 74.0614 
189.629 72.7702 
189.748 71.0856 
189.807 70.0871 
189.689 72.3923 
189.257 77.1032 
186.122 96.2784 
186.893 92.4446 
187.372 89.4599 
187.661 88.5841 
187.876 88.9772 
187.99 86.0924 
188.227 79.4542 
188.396 77.7768 
188.291 80.5146 
185.07 91.7392 
185.759 88.6671 
186.081 87.2861 
186.278 92.3244 
186.478 95.2841 
186.571 95.04 
186.756 92.9864 
186.943 88.2467 
187.092 84.1274 
184.942 89.3265 
185.567 90.0202 
185.833 91.3834 
186.01 95.1056 
186.102 94.0954 
186.179 92.4646 
186.307 96.2344 
186.331 92.455 
186.421 86.1834 
5190.25 4.57187e+007 
5097.95 4.5101e+007 
5121.2 4.37719e+007 
5103.93 4.37789e+007 
5136.48 4.50299e+007 
5062.32 3.94872e+007 
4807.53 3.53147e+007 
4629.72 3.47003e+007 
4247.62 3.10019e+007 
6162.43 4.56838e+007 
6125.2 4.59397e+007 
6059.1 4.33711e+007 
5814.5 4.20836e+007 
5797.86 4.23815e+007 
5870.96 4.60578e+007 
5681.06 4.54185e+007 
5373.84 4.08283e+007 
4879.58 3.40459e+007 
6801.84 4.51294e+007 
6839.79 4.72655e+007 
6779.85 4.87737e+007 
6433.22 4.76506e+007 
6252 4.73572e+007 
6194.71 4.9191e+007 
5918.26 4.68647e+007 
5590.95 4.37335e+007 
5260.6 3.79086e+007 
7056.03 4.5688e+007 
7017.6 4.55163e+007 
6969.46 4.46699e+007 
6712.66 4.70938e+007 
6314.1 4.52231e+007 
6011.18 4.26126e+007 
5787.83 4.57216e+007 
5517.14 4.32058e+007 
5223.22 3.49777e+007 
3786.76 1.29853e+007 
3783.85 1.37311e+007 
3805.63 1.29523e+007 
3762.22 1.25721e+007 
3702.95 1.28285e+007 
3698.12 1.2427e+007 
3668.91 1.2242e+007 
3609.03 1.21946e+007 
3615.97 1.23237e+007 
4742.95 1.72068e+007 
4750.34 1.87598e+007 
4722.68 1.81579e+007 
4646.85 1.85618e+007 
4504.6 1.87955e+007 
4357.56 1.77233e+007 
4252.77 1.76623e+007 
4150.39 1.7265e+007 
4157.27 1.78764e+007 
5394.86 2.0564e+007 
5508.51 2.04893e+007 
5423.21 2.05167e+007 
5180.31 2.12975e+007 
5039.22 2.18845e+007 
4906.29 2.22917e+007 
4724.18 2.12881e+007 
4600.58 2.1354e+007 
4623.55 2.28493e+007 
5544.44 1.93989e+007 
5620.22 1.95403e+007 
5605.76 2.01799e+007 
5414.96 2.09028e+007 
5211.99 2.05035e+007 
5085.17 2.10662e+007 
4970.76 2.19588e+007 
4965.39 2.30612e+007 
4961.25 2.1796e+007 
5027.5 1.21547e+007 
5081.98 1.27742e+007 
5027.01 1.32533e+007 
5132.94 1.48408e+007 
5184.43 1.62539e+007 
5275.95 1.69926e+007 
5388.09 1.85618e+007 
5392.94 1.87237e+007 
5619.41 2.04559e+007 
5374.32 1.2563e+007 
5485.69 1.28073e+007 
5497.33 1.34122e+007 
5609.52 1.53275e+007 
5578.71 1.5766e+007 
5622.9 1.7339e+007 
5738.9 1.93691e+007 
5768.63 1.87685e+007 
5914.98 1.98417e+007 
5535.69 1.2252e+007 
5753.53 1.31456e+007 
5868.82 1.50042e+007 
6011.66 1.55937e+007 
5992.22 1.66349e+007 
5952.55 1.72598e+007 
6056.71 1.76165e+007 
6103.85 1.72088e+007 
6178.31 1.78411e+007 
5465.39 1.17338e+007 
5717.18 1.24552e+007 
5861.86 1.41055e+007 
6026.18 1.36789e+007 
6058.73 1.46356e+007 
6047.77 1.44534e+007 
6212.48 1.47019e+007 
6308.92 1.32593e+007 
6364.68 1.38364e+007 
7697.49 5.01349e+007 
7973.12 5.53295e+007 
7969.6 5.96046e+007 
7898.3 6.03069e+007 
8217.68 6.75559e+007 
8769.05 8.13754e+007 
9299.27 9.34371e+007 
10118.5 1.09429e+008 
11410.8 1.38692e+008 
7080.47 4.00036e+007 
7328.7 4.38773e+007 
7601.86 4.8763e+007 
7804.06 5.73045e+007 
8184.96 6.64909e+007 
8697.21 7.81675e+007 
9482 9.34317e+007 
10575.5 1.16749e+008 
11769.2 1.46316e+008 
6674.02 3.21275e+007 
6914.67 3.56764e+007 
7330.08 4.30121e+007 
7973.53 6.10148e+007 
8600.78 7.42275e+007 
9158.2 8.73292e+007 
10230.3 1.06796e+008 
11372.9 1.28299e+008 
12311.7 1.50532e+008 
6476.37 2.65114e+007 
6952.73 3.42864e+007 
7517.91 4.68059e+007 
8210 6.65288e+007 
8878 8.75828e+007 
9690.31 1.00533e+008 
11032.4 1.2063e+008 
12046.4 1.3938e+008 
12713 1.50416e+008 
3847.65 7.89174e+006 
3755.37 7.86147e+006 
3634.54 6.79037e+006 
3635.32 6.913e+006 
3709.82 8.08235e+006 
4039.7 1.13949e+007 
4583.7 1.88374e+007 
5138.07 2.74907e+007 
5757.09 3.28583e+007 
4294.08 1.14626e+007 
4207.75 1.01491e+007 
4124.52 8.34483e+006 
4031.63 8.70752e+006 
3972.54 8.65788e+006 
4253.96 1.01366e+007 
4790.08 1.74313e+007 
5380.89 2.68326e+007 
6032.45 3.30916e+007 
4804.96 1.39295e+007 
4755.02 1.32724e+007 
4647.25 1.17026e+007 
4516.3 1.08975e+007 
4350.22 9.91182e+006 
4488.44 1.08221e+007 
4969.81 1.58328e+007 
5588.25 2.62078e+007 
6198.77 3.26784e+007 
5282.77 1.81998e+007 
5235.09 1.67304e+007 
5090.6 1.53779e+007 
4888.66 1.32053e+007 
4687.17 1.1593e+007 
4802.22 1.22399e+007 
5102.4 1.3108e+007 
5506.94 1.81501e+007 
5983.98 2.55425e+007 
3992.71 1.50078e+007 
3902.79 1.44888e+007 
3931.7 1.50761e+007 
4002.35 1.54222e+007 
4120.86 1.65483e+007 
4389.13 1.80138e+007 
4577.3 1.80719e+007 
4645.43 1.87729e+007 
4606.68 1.86094e+007 
4621.75 1.50862e+007 
4628.81 1.49062e+007 
4630 1.4536e+007 
4451.68 1.40018e+007 
4362.23 1.36851e+007 
4633.22 1.57234e+007 
4961.43 1.81627e+007 
5084.23 1.88976e+007 
4947.77 1.76856e+007 
5146.31 1.46051e+007 
5107.67 1.47029e+007 
5072.96 1.50187e+007 
4880.19 1.5345e+007 
4592.76 1.44017e+007 
4587.58 1.39971e+007 
4746.06 1.59512e+007 
4872.2 1.67724e+007 
4921.92 1.54579e+007 
5326.93 1.38196e+007 
5230.33 1.41948e+007 
5152.7 1.43533e+007 
5010.98 1.49498e+007 
4878.75 1.54877e+007 
4728.15 1.47519e+007 
4524.91 1.36121e+007 
4514.16 1.40139e+007 
4623.29 1.37111e+007 
