44823.5 5.81697e+006 
38917.8 2.05065e+006 
38651.6 1.98804e+006 
37815.8 8.22617e+006 
28936.7 5.58384e+006 
30530.2 2.59896e+007 
34053.9 1.22471e+007 
23503.2 8.27783e+006 
24605.7 1.33189e+006 
45305.8 5.15755e+006 
38234.5 3.12608e+006 
34586.2 1.98388e+006 
31981.2 7.59494e+006 
26323.2 1.30025e+007 
34573.6 2.8834e+007 
35295.2 2.27839e+007 
20761.1 8.92857e+006 
30427 7.38243e+006 
52854.3 1.54858e+006 
41445 6.16119e+006 
38953.5 5.2044e+006 
43336.5 2.71334e+006 
41367.9 4.79428e+006 
42791.5 5.57147e+006 
41127.7 1.03251e+007 
33115.8 9.19191e+006 
37252.6 1.03443e+007 
35211.6 9.71142e+006 
40334 3.78753e+006 
50649.8 1.29089e+007 
63306.7 3.44543e+006 
64216.3 1.55811e+007 
51102.8 3.71102e+006 
42187 3.4889e+006 
45701.1 2.5346e+006 
49978.5 2.53451e+006 
91.2548 10.9745 
79.8794 2.69175 
77.118 1.40943 
76.8027 1.62336 
70.9871 2.22208 
67.6258 3.27568 
79.4429 5.21478 
94.0611 10.0599 
98.8407 0.218839 
91.3831 10.7326 
79.0069 3.16923 
76.0449 1.33851 
74.6817 1.23497 
70.1081 1.89591 
69.8616 3.59615 
81.7173 4.36707 
95.9168 7.74989 
98.5641 0.0880139 
87.4816 12.0199 
79.3808 0.366007 
77.7059 0.149807 
77.6157 1.13026 
77.0987 2.58607 
74.5221 0.831768 
78.6958 2.34124 
89.2782 7.72738 
94.3774 5.47755 
99.1869 6.99831 
91.8033 5.84643 
83.4209 5.48511 
82.8172 3.37219 
86.3636 2.74157 
79.131 1.55249 
78.6202 2.94656 
86.9385 1.6133 
86.7956 0.387253 
172.309 0.533682 
171.562 1.92249 
168.138 1.0029 
163.064 3.38364 
154.869 2.28983 
173.083 32.9047 
188.396 2.02291 
176.873 13.4955 
172.16 0.0919223 
170.99 0.0500523 
164.989 3.11123 
159.352 2.35863 
155.866 3.96908 
149.14 2.22413 
172.302 40.5433 
189.257 1.07522 
176.013 11.6716 
172.11 0.103857 
168.194 0.432493 
161.205 2.18058 
156.679 1.70506 
154.946 3.96193 
151.063 4.07473 
170.753 22.9209 
184.94 1.12624 
175.918 4.45928 
172.686 0.705218 
165.213 0.641965 
160.949 0.781751 
160.754 2.16068 
162.032 1.89934 
162.609 8.37155 
180.205 11.8039 
186.359 5.95294 
175.926 1.53347 
175.204 0.0580153 
193.534 0.581049 
190.101 1.54692 
185.497 2.48531 
184.123 1.38962 
190.319 0.924664 
191.68 0.994424 
189.918 0.283875 
192.322 0.766014 
194.697 0.210095 
194.957 0.504055 
187.836 2.9648 
181.084 1.77739 
183.217 1.65696 
190.211 1.02136 
191.972 0.219099 
191.48 0.24652 
192.968 0.172287 
195.134 0.0619134 
195.899 0.833098 
186.72 4.57206 
182.366 0.680332 
187.327 1.60984 
190.941 0.115923 
190.997 0.182556 
193.243 0.942328 
195.726 0.627747 
194.071 0.644803 
195.336 0.410045 
190.789 1.5028 
192.404 2.4706 
197.942 0.784417 
196.379 2.55885 
191.887 0.668995 
193.138 1.11631 
196.471 0.212631 
195.08 0.831583 
3819.75 617825 
6332.08 654209 
7617.82 1.39982e+006 
4457.86 3.45072e+006 
1619.75 516392 
1085.69 287306 
672.059 150910 
668.106 56653.8 
953.522 45547.1 
7769.72 416304 
5316.67 2.66606e+006 
4278.19 445051 
3099.61 672112 
1217.06 135656 
1132.87 105752 
945.177 360515 
626.676 246753 
549.818 15105.5 
12101.9 161797 
8450.56 3.74282e+006 
6055.16 499273 
12119.6 1.32989e+006 
13651.9 916116 
6530.02 2.33912e+006 
4876.48 746084 
9537.81 3.10597e+006 
11718.3 4.36977e+006 
6560.85 152044 
12429 1.75087e+006 
17664.8 2.30365e+006 
24657.5 3.15249e+006 
25401.4 5.20715e+006 
11012.3 7.92866e+006 
7145.61 2.63418e+006 
19289.2 4.22855e+006 
25375.7 1.7145e+006 
5900.23 562711 
8568.46 603566 
7334.74 1.19922e+006 
5303.13 769041 
3483.94 304494 
2725.02 859715 
1969.27 460622 
1177.43 62296.7 
1093.29 61916.6 
7691.09 237859 
6329.88 344654 
5562.51 652964 
4241.45 524314 
2081.53 271182 
2099.26 260590 
1434.58 243359 
557.948 11176.6 
849.453 10401.1 
9515.38 124337 
7649.67 568704 
7827.7 899462 
7991.09 262887 
3735.79 1.07931e+006 
3263.02 112779 
2910.31 195995 
2158.54 76143.7 
2867.63 326462 
4511.82 92139.4 
6590.39 256433 
7801.76 1.1833e+006 
6535.64 692853 
3903.95 778417 
3478.96 78221.3 
3059.75 38531.7 
2937.88 60989.5 
4374.94 1.19768e+006 
8474.27 1.09409e+006 
7325.5 235539 
6026.25 569073 
10526.1 633874 
9805.31 992168 
8108.52 2.87361e+006 
8711.05 2.23485e+006 
5722.49 1.14442e+006 
3273.37 99449.2 
8408.23 897595 
7299.82 435244 
6534.73 838301 
7528.83 503465 
6916 747914 
7805.26 2.08438e+006 
7622.42 2.00582e+006 
4365.38 460638 
3514.68 78338.5 
6616.52 465666 
5872.33 229566 
7207.67 2.37763e+006 
7200.34 464740 
5883.29 982336 
8031.96 443317 
7011.68 1.03998e+006 
2798.98 281865 
2549.76 235727 
2970.04 446927 
3038.43 174128 
4002.55 1.03883e+006 
4118.87 108282 
5697.38 987518 
9656.38 662618 
7282.35 1.61317e+006 
2183.08 803666 
1594.14 708837 
15129 2.86122e+006 
6280.09 1.23741e+006 
4290.63 949410 
7462.1 431132 
7810.79 539962 
10296.8 9.00014e+006 
15084.5 1.41654e+006 
11408.4 4.38228e+006 
9256.48 482420 
10837 2.87002e+006 
9156.07 807280 
7543.08 987526 
8485.89 411121 
9832.95 1.07298e+006 
12844.3 6.78033e+006 
14766.6 2.2539e+006 
9751.98 3.63074e+006 
11195.9 1.39517e+006 
6528.74 1.90475e+006 
5598.96 1.11388e+006 
6535.4 859151 
5224.39 970858 
6746.75 1.07406e+006 
10928.4 1.49635e+006 
10158.4 2.54521e+006 
4568.8 2.06294e+006 
5038.98 880322 
4011.41 2.23908e+006 
2128.98 176152 
2247.13 180508 
1461.72 85873.1 
5718.59 3.78203e+006 
13878.1 1.22618e+006 
9988.25 3.93904e+006 
1922.61 1.29256e+006 
1088.36 110020 
7034.51 481103 
3633.05 577502 
5342.84 256657 
5412.71 190953 
4008.26 517501 
5477.62 467029 
5453.84 241974 
3381.56 245278 
8697.17 1.62262e+006 
4927.31 199987 
4268.39 66116.9 
5058.78 125848 
4548.71 725620 
4184.22 1.83848e+006 
7638.67 1.45667e+006 
7501.82 1.0574e+006 
3690.88 443405 
12688 2.17152e+006 
6663.68 419773 
5468.46 212613 
5674.42 433115 
3897.93 295189 
4536.46 1.08201e+006 
8650.07 825642 
7661.18 1.05413e+006 
3514.74 502210 
7733.97 1.73835e+006 
6913.02 1.0876e+006 
6291.25 173158 
5045.12 1.14203e+006 
3083.36 93030.1 
3857.74 184086 
5717.72 319534 
4871.57 585656 
2888.44 332479 
2230.79 84126.5 
4465.7 197544 
6778.59 572743 
8039.34 406738 
4653.89 1.37657e+006 
2208.67 231101 
2836.53 50580.3 
2163.21 38469.7 
1145.26 46561 
1331.84 23016.6 
5672.4 805279 
5863.64 585737 
5608.94 287838 
4076.69 618329 
2091.44 294030 
3053.23 261682 
3024.59 933391 
1768.25 799804 
1629.19 84965.7 
11428.1 1.74597e+006 
8404.97 1.33117e+006 
5653.15 1.014e+006 
6903.17 2.93024e+006 
6813.73 1.55575e+006 
5388.02 671542 
8509.65 1.11038e+006 
10536.9 2.42384e+006 
7343.97 1.66153e+006 
10244.4 1.99698e+006 
9855.96 407654 
13888.4 1.94948e+006 
23449.6 1.34467e+006 
19637.2 8.47175e+006 
7359.25 2.04701e+006 
9839.5 2.03034e+006 
16479.9 2.30878e+006 
15314.6 2.17895e+006 
