47542.6 44332.9 43362.1 48819.2 46888.1 43157.5 46186.8 42650.4 42422.2  
38526.4 38541.7 38072.7 40234.5 37624.6 38207.5 36738.7 37185.2 37726.8  
37219.7 37589.3 39836.1 38289.3 37497.8 39458.4 37282.2 37648.1 39517.6  
39047.8 36134.5 31903.3 40066.2 37661.9 33146.2 39109.8 36803.5 33692.4  
26415.7 27213.3 25622.5 27830.9 27690 26428 27055.8 27257.7 25639.3  
22897.6 25880.6 33913.8 22954.6 25073.8 34353.5 22641.5 25194.8 31767.7  
33071.5 30480.3 29064.2 33460 31241.6 28542.1 33276.2 30883.7 30166.7  
23928.5 21855.6 18610.4 27193 24158.8 19982.9 25584.4 22758.3 18590.5  
25073.9 27249.3 25121 23567.6 24658.8 25101.5 23609.3 25843.4 25110.7  
46711 44377.6 43676.5 50120.1 48895.3 45646.4 48430 44401.7 44479  
39218.6 38725.2 36263.8 42094.1 40332 37514.8 39821.7 38599.2 36833.6  
36159.9 36430 35955.3 33653.6 34911.5 36827.6 33605.4 35578.1 35994.6  
32944.9 30273 26295 33595.8 30726.2 27649.6 32451.1 29949.2 27778.2  
22016.9 22475 23575.5 23996.1 23636.5 23685.3 22906.1 22528.7 22777.6  
26576.5 31610.3 37879.9 25464 30924.5 38860.8 25190.1 30573 36755.5  
38274.4 35487.9 27838.9 34669.9 32867.2 28149.5 35536.1 33663.5 29216.5  
25075.9 21388.6 16600.6 23632.8 20780.8 18749.5 23225.1 20226.5 15367.5  
28857.5 32665.4 34338.7 30941.9 32228.9 32780.1 28589.3 32561.7 34102.6  
53538.1 53962.1 51772.5 53451.8 53409.2 54289.6 55247.8 54649.6 53868.2  
43930.7 41756.3 39256.9 46107.1 44319.1 40280.9 44105.8 42024.6 39484.9  
39006.5 40564.7 42393.3 39331 39993.1 43714.4 37473.5 39935.5 42003.7  
44299.6 44479.1 39801.9 43087.6 43631.7 43600.4 41321.9 42589.9 40859.1  
42918.3 41464 37686.3 40369.3 41808.2 39699.4 38900.9 39231.9 37184.3  
40509.3 42279.9 43704.4 38954 42006.8 45625.2 38191.1 41314.8 43193.4  
44179.2 42695.3 34941.5 41808.9 41636.4 38178.5 40969.7 41034.4 35790.6  
38240.8 36718.8 29857.9 35490 36192.5 33959.9 33681.1 33798.6 29755.8  
38055.2 40884.3 41104.8 40401.8 40776 41155 37310.5 41043 41135.7  
28800.8 31286.7 38197.4 34424.6 31440.1 35642.4 34868.1 35045.8 40017.5  
37197.8 38428.2 43330.5 39674.7 39311.7 40858.1 41441.6 41280.3 43797.8  
46003.8 48456.1 56954.2 48922.9 49465.4 54356.6 51635 52585.4 56680.7  
60996.7 63595.8 64398.6 62742 64559.1 66568.3 61911.3 65777.8 63150.5  
69763.2 68752.6 57789.3 65528.4 67652.4 61760.4 62899.8 66185.5 58315.5  
53793.5 52350.6 48213.1 51324.8 51848.9 48609.6 50398 50718.8 49336.9  
39918.9 38283.5 40987.4 42711.9 40265.4 41399.2 43034 40574 41133.3  
42746.3 43137.4 46522.8 45479.9 45178.5 47355.3 45745.5 45860.4 47551.1  
49738.2 50843.8 49983.8 50787.5 50624.8 50919.8 51441.1 52563.4 52348.2  
94.5284 92.3338 84.0986 91.2978 91.2316 87.4904 91.2316 90.8039 85.8502  
80.7419 79.9072 77.9672 78.1044 78.92 78.6937 78.9956 79.569 78.4037  
75.8944 76.3255 78.8485 78.1535 77.7595 78.3968 77.4626 77.0751 78.4696  
76.5052 75.3929 75.2396 78.9523 77.0274 75.2257 78.2436 76.1705 75.7777  
70.2901 69.0078 68.3078 72.3568 70.5583 69.0558 71.3023 69.4878 69.0196  
65.2578 65.1593 68.7398 65.8012 65.4563 68.7398 65.6736 65.2802 67.1834  
76.8425 79.5655 83.0086 77.3572 80.155 83.6872 76.7304 79.4769 81.6839  
92.5391 96.4164 98.2895 91.8524 96.3007 98.0792 91.9045 96.1792 98.1078  
98.4948 98.9076 99.1319 98.9658 98.9818 99.0296 98.663 99.0426 99.1509  
92.0381 88.64 85.8984 96.3379 93.3556 88.2873 94.1519 89.9657 87.4561  
79.1498 78.3005 76.0401 81.3297 79.517 77.7088 79.9691 78.4913 76.9169  
76.5495 77.711 77.7311 74.9143 76.343 77.4429 75.8383 77.5553 77.7067  
75.6906 73.9652 72.9528 75.6701 74.6452 72.8648 75.9745 74.3999 73.4269  
69.5077 68.326 68.0393 70.4507 69.0853 68.5092 69.8005 68.4213 68.0608  
67.903 68.2866 71.3446 66.9435 67.753 71.579 67.1104 67.9268 69.7507  
79.2449 81.9312 84.8259 79.6564 82.4499 85.5369 78.8889 81.832 83.6845  
94.2585 97.5959 99.2944 94.4819 98.0489 99.1133 94.2637 97.7334 99.2153  
98.3904 98.4706 98.5631 98.4233 98.5761 98.68 98.2376 98.4042 98.5276  
90.0383 86.7554 81.363 92.9402 90.7864 85.9496 89.2293 86.2445 82.5651  
79.5897 79.4611 78.5678 80.3095 80.1298 79.784 78.7099 79.1121 78.7771  
77.4154 77.3157 78.2496 77.8735 77.3841 77.5501 78.1647 78.0377 78.3636  
78.3876 78.1641 75.4892 78.1603 78.2336 77.9309 77.5174 77.5787 75.7658  
79.3778 78.9726 75.0679 76.7525 78.1206 78.102 75.117 76.7928 74.737  
75.5337 74.8672 74.0482 73.9037 74.3052 75.054 73.1192 73.7596 73.5533  
76.4517 78.1189 80.8402 77.1752 78.7825 80.4007 76.8098 78.2735 80.3352  
85.6164 87.2854 93.3953 87.5354 88.1643 89.71 88.3291 88.9076 92.6014  
90.4423 90.6248 96.5068 93.3636 91.2138 91.6379 95.4948 93.3375 96.3353  
103.403 102.031 95.1036 100.983 101.72 99.2602 99.3851 99.5218 95.2818  
95.9922 94.7653 88.6931 92.5766 93.6312 91.8326 90.6782 91.7624 88.2671  
86.9452 85.0337 80.6219 85.1634 84.5788 82.7159 81.9841 81.6485 79.1623  
84.7588 85.3642 82.4865 81.1377 83.3498 84.3342 79.5171 81.653 80.9999  
89.5373 88.6536 84.25 85.1812 86.522 85.0748 85.7275 86.727 84.9411  
79.6114 78.5734 77.6444 79.0955 78.3685 77.6649 79.5259 78.5898 78.0817  
76.6168 78.6509 81.3652 77.2343 79.1798 82.0249 76.4203 78.1699 79.97  
88.0918 88.4893 88.0594 87.3541 88.1386 88.2207 86.4137 87.2652 86.967  
88.1361 87.5055 86.6835 87.2559 87.0971 86.8948 86.7684 86.3474 85.7179  
171.594 172.007 173.756 172.446 172.433 173.262 172.433 172.473 173.52  
171.255 169.871 170.136 174.5 172.717 170.877 173.068 170.736 170.587  
167.111 166.857 167.748 170.03 168.891 168.307 168.812 167.731 168.152  
163.696 161.971 160.295 166.245 163.874 160.648 165.385 162.874 161.574  
152.224 152.067 155.443 156.27 154.824 155.79 154.397 153.005 154.543  
167.389 174.584 181.189 166.668 173.558 181.189 166.901 174.104 178.859  
189.869 190.15 187.718 186.155 187.547 186.943 187.938 189.313 188.185  
179.847 175.109 171.717 179.19 174.949 171.865 179.657 175.128 172.503  
172.073 172.137 172.401 171.952 172.211 172.697 171.961 172.07 172.255  
171.192 171.079 170.759 171.082 171.229 171.143 171.331 171.217 171.092  
165.067 162.969 162.892 168.369 165.855 163.571 166.719 163.927 163.482  
158.605 158.415 159.762 162.525 160.754 160.119 160.689 159.239 159.954  
158.474 157.589 154.512 159.225 157.713 154.922 158.893 157.523 155.726  
148.284 148.365 151.646 149.547 149.541 151.861 148.469 148.528 150.266  
165.353 172.254 181.789 166.741 173.34 181.094 166.691 173.153 179.326  
188.742 189.144 189.137 189.241 188.945 187.704 190.24 189.864 189.869  
178.136 173.957 171.593 178.538 174.06 171.667 178.846 174.145 172.217  
171.77 171.932 172.444 172.018 172.152 172.614 171.966 172.031 172.314  
168.344 167.76 166.981 168.871 168.422 167.423 169.094 168.143 167.63  
162.077 160.751 159.174 163.469 161.826 160.047 162.589 160.887 159.737  
157.866 158.128 157.871 158.152 158.052 158.253 157.43 157.724 157.776  
158.375 157.462 154.145 157.661 157.381 155.42 157.577 156.91 155.093  
151.22 152.437 153.828 150.724 152.709 156.033 149.453 151.379 152.447  
167.977 172.506 177.545 166.929 172.67 178.484 166.085 171.797 175.45  
185.926 185.666 184.512 185.611 185.426 183.856 185.949 185.81 185.087  
177.604 175.82 172.867 177.326 175.658 174.317 177.245 175.332 173.398  
173.874 173.951 172.044 172.847 173.88 173.91 171.984 172.892 172.025  
165.518 164.897 163.684 166.29 165.67 164.602 165.79 164.89 164.052  
161.93 161.616 160.141 161.912 161.635 161.095 161.03 160.833 159.885  
161.889 162.886 163.111 160.502 161.862 163.098 160.268 162.069 162.393  
164.421 164.113 162.172 163.369 163.641 162.925 163.188 163.441 162.118  
162.388 164.964 167.414 160.541 163.83 168.88 159.37 162.801 164.495  
181.863 184.127 184.066 177.997 182.232 185.314 177.091 181.579 182.243  
190.401 188.123 182.78 187.935 186.697 182.451 188.389 187.346 184.202  
175.695 175.099 174.787 175.8 175.172 174.86 176.081 175.308 175.164  
174.884 175.23 175.361 175.023 175.257 175.288 175.031 175.42 175.593  
193.232 192.587 192.553 194.928 193.823 192.874 193.823 192.72 192.69  
190.253 189.126 187.88 191.778 190.051 188.353 190.271 189.075 188.21  
184.769 183.419 182.774 186.19 184.74 183.427 185.08 183.713 183.167  
181.828 182.68 184.779 182.926 183.192 184.699 182.429 182.88 184.144  
189.502 191.024 191.923 188.975 190.214 191.43 189.426 190.855 191.579  
192.875 192.606 189.953 192.326 192.018 189.953 192.419 192.306 190.778  
189.893 190.045 189.817 188.818 189.337 189.972 188.925 189.59 189.574  
191.874 192.224 193.542 190.878 191.652 193.851 191.096 191.938 192.712  
194.985 194.974 195.294 194.361 194.939 195.793 194.526 194.79 195.006  
195.544 194.888 193.712 196.031 195.418 194.53 195.539 194.907 194.262  
188.364 186.528 185.371 191.116 188.787 186.158 189.642 187.124 186.146  
180.307 179.602 179.211 182.979 180.771 179.67 181.038 179.543 179.249  
182.053 183.449 184.696 180.877 182.362 184.598 180.959 182.824 183.885  
189.46 190.85 191.882 188.638 190.264 191.387 189.184 190.802 191.652  
192.444 192.681 191.686 192.492 192.415 191.574 192.5 192.569 192.051  
191.846 191.771 192.098 191.119 191.347 192.116 191.258 191.476 191.789  
192.878 192.715 193.429 192.409 192.448 193.681 192.531 192.567 193.001  
195.162 195.249 195.423 195.178 195.19 195.521 195.206 195.248 195.319  
196.991 196.443 194.133 196.778 196.68 195.648 196.67 196.237 194.988  
188.789 186.69 183.061 189.924 188.221 185.398 188.164 186.217 183.886  
182.635 183.261 182.241 182.098 183.034 183.687 180.644 181.852 181.747  
187.182 188.29 188.637 185.394 187.547 189.136 185.294 187.249 187.981  
190.805 190.564 190.721 190.692 190.716 190.156 190.843 190.795 190.897  
190.134 190.331 191.553 190.688 190.63 190.952 190.906 190.791 191.394  
192.416 193.279 195.046 193.068 193.569 195.392 192.83 193.465 194.376  
197.013 197.063 195.237 196.425 196.602 196.307 196.085 196.667 195.536  
195.623 195.059 192.804 194.671 194.664 193.75 194.257 194.377 193.093  
196.072 195.782 194.187 196.069 195.839 195.19 195.626 195.348 194.466  
192.571 191.782 189.159 191.944 191.587 190.525 190.728 190.487 188.891  
192.821 194.226 194.201 190.017 192.478 194.262 190.287 193.06 193.394  
198.342 198.987 198.561 196.542 198.033 198.89 196.977 198.626 198.194  
198.268 196.646 193.622 197.65 196.618 194.591 196.604 195.812 193.489  
193.156 192.518 191.032 191.923 191.989 191.51 191.153 191.437 190.539  
192.726 193.715 194.886 192.499 193.652 195.209 192.089 193.406 194.316  
196.734 197.03 196.508 196.47 196.598 196.248 196.724 197.154 196.917  
195.313 194.776 193.628 195.065 194.157 192.815 195.521 194.932 194.27  
5383.37 5546.71 4455.47 3542.31 3456.21 3798.26 3404.52 3711.54 4116.41  
6747.66 6374.42 6709.14 5695.87 5987.33 7175.1 5777.66 5788.39 6904.79  
6445.91 6809.69 5991.99 6879.36 6506.41 6488.12 6536.36 6901.07 6335.21  
4223.35 3038.98 1221.08 5215.63 3755.95 1334.03 4258.09 3154.26 1319.8  
1431.46 913.774 894.043 1450.47 1222 946.124 1447.69 862.028 975.134  
701.183 659.399 582.435 746.472 698.434 589.986 729.68 600.567 641.143  
132.422 237.182 533.208 264.064 519.394 528.08 127.947 370.741 535.481  
301.672 329.803 684.925 585.548 600.484 1170.83 603.588 452.813 638.13  
874.008 759.821 858.275 1164.43 851.179 830.32 1299.04 810.922 849.052  
7409.97 7494.05 9052.25 8832.71 8025.69 8163.18 8370.7 7682.48 8720.79  
6151.98 4664.76 3092.02 9180.89 6248.09 4393.26 6824.32 4577.7 3601.25  
3951.86 4381.31 3248.87 3258.8 3957 4129.52 3477.55 4481.29 3652.09  
3096.97 2946.4 1641.42 2338.85 2827.03 2146.74 2461.66 2799.1 1662.82  
1575.88 1022.97 816.471 1380.78 1001.82 757.471 1314.36 683.353 712.966  
1059.24 1060.16 666.91 833.204 805.451 759.564 853.921 825.038 737.093  
1691.56 1748.67 234.756 259.925 741.958 669.245 281.014 805.798 345.271  
1586.33 1647.51 227.471 190.955 694.161 885.441 178.118 738.749 243.048  
836.208 793.724 514.746 602.694 539.533 551.171 576.8 528.631 511.814  
12214.1 12548.4 12871.9 11590.7 11880.5 12196.5 12089.6 12574.4 12496  
10318.5 8278.15 5527.59 11866.3 9775.13 7266.42 10147 8169.16 6408.82  
6774.29 7282.45 5773.35 5465.44 6651.18 6716.23 5164.78 6798.58 5534.83  
12080.8 13247.1 13432.6 10653.5 12412.4 13967.2 10357.6 12524.9 12651.8  
14800.8 13918.9 12779.3 13721.8 13109.2 12836.8 14152.5 13405.7 13212  
7839.73 6166.38 4260.13 7367.08 5899.31 4793.11 7378.55 6014.08 4611.66  
5477.75 5966.32 4768.96 4433.13 5782.16 6679.19 3897.41 4949.32 4555.2  
10751.9 12417 10364 9119.89 11772.6 12741.5 7942.52 10663.4 10120.4  
14357.3 14798.8 12816.8 12911.1 13899.7 13174.2 12161.1 14029.8 12803.1  
6175.71 6556.47 7413.33 6144.44 6199.31 6589.1 6501.24 6736.82 7063.19  
12122.9 13344.4 14483.5 11016.6 12718 14213.8 12313.3 13500.4 15006.1  
17270 18771.5 20353.4 15675.1 17515.7 19218.2 17813.8 19510.8 19468.5  
24742.8 25287.2 26338 24295.9 25650.6 27788.8 22170.4 25346 23069.1  
28225.3 26303.3 21364.2 25929 25913.5 23910.6 23824.8 25240.5 21525.2  
13623.2 10674.3 6279.91 12578.7 10400.4 6422.34 12384 10185.2 7690  
5328.28 6412.68 9631.17 6125.67 7441.16 10295 6060.42 7242.82 9087.35  
16965.2 19639.6 21814.3 18159.6 20113.2 22365.1 18056.7 20938.8 22333.2  
25655.2 26673.5 25059.6 25645.3 26190.3 23726.5 26313.8 27477.5 26731.1  
6313.75 6750 7094.12 5084.89 5639.98 6538.74 5555.63 6039.51 6693.1  
8811.34 8445.64 7677.35 8921.9 9044.66 7778.59 9040.76 8318.79 7693.95  
6376.8 6069.41 5914.71 7681.29 6787.02 6352.49 6828.02 6509.82 6318.2  
4621.33 4299.88 3950.28 5344.63 4958.74 4259.9 5149.01 4754.07 4331.84  
2910.54 2887.94 3169.58 3278.93 3097.68 3174.91 3161.52 2894.98 3198.1  
2087.5 1762.91 1516.41 2182.5 1822.23 1536.07 2058.67 1752.29 1579.03  
1583.7 1387.15 1142.46 1406.96 1665.07 1144.87 1495.7 1410.24 1199.19  
772.285 788.255 1347.68 1238.12 1168.03 1390.6 1170.36 941.062 1244.81  
869.517 850.975 829.413 1398.04 826.426 862.948 1287.32 948.507 757.935  
7399.39 7749.8 8355.69 8278.17 7911.12 8117.5 8190.49 7774.05 8510.39  
6074.09 6417.63 5366 7712.66 6422.09 6083.04 6678.39 6403.98 6008.23  
6572.31 6851.49 5238.36 5010.34 6074.67 6189.09 4946.98 6374.69 5302.64  
5450.11 4963.62 3295.88 4518.67 4858.56 3953.97 4220.4 4513.39 3278.55  
1868.46 1165.76 1659.16 2532.45 1670.22 1634.18 2088.63 1215.22 1575.81  
1734.24 1559.33 1538.3 1804.52 1552.72 1471.68 1774.94 1519.32 1600.88  
1407.2 1319.66 719.863 1395.26 1244.76 684.349 1420.32 1310.57 880.437  
503.159 645.304 654.116 481.284 593.466 701.457 482.868 591.979 649.957  
802.024 1027.6 828.231 897.792 869.767 988.769 729.471 922.388 800.307  
9650.43 10072 9758.28 9237.68 9572.77 9889.26 9396 10191.5 9830.93  
8133.08 8410.91 5758.89 8125.93 7757.69 7816.75 7794.38 8325.54 6717.15  
7668.04 8792.45 8940.37 6183.95 7915.8 9023.85 7209.08 8661.62 9140.43  
8767.56 8667.11 7465.32 8226.19 8285.82 7628.92 8551.48 8649.21 7819.14  
4878.3 3237.94 2423.82 5322.65 3769.8 2894.7 4554.27 3112.05 1971.44  
3350.14 3828.35 3025.88 3018.03 3688.89 3551 2704.89 3581.72 3019.26  
3516.41 3533.84 2250.56 3170.83 3320.98 2538.34 2879.14 3341.72 2654.94  
2590.41 2424.57 2151.46 2805.11 2276.9 2185.25 2076.11 2320.89 2131.27  
2479.57 3440.47 3536.55 3215.67 3352.18 4012.4 2214.32 3474.16 3306.29  
4101.9 4413.16 5035.86 4388.45 4179.56 4499.9 4511.58 4636.37 5037.8  
6588.49 6845.29 5457.68 6455.77 6612.75 6552.18 6989.12 7136.77 6042.5  
5977.97 6610.67 9064.55 6608.69 7419.76 8343.12 7979.57 8022.5 9815.76  
5435.2 5208.42 6771.46 7537.94 6313.73 6008.83 7892.75 6564.67 7432.45  
4547.17 3595.62 3136.72 5607.71 3876.21 3104.1 5241.69 3652.93 2767.8  
3265.04 3807.92 3475.61 3200.38 3821.37 3629.73 3278.43 3911.52 3653.4  
3208.43 3212 2734.57 2981.53 3087.07 2763.43 3030.55 3173.43 3109.97  
3118.11 3069.47 2832.22 3501.87 2930.07 2955.26 2981.87 3047.56 2731.5  
3627.86 4976.04 5839.31 4276.41 5423.92 6761.79 2814.14 4552.92 5170.91  
8267.89 7272.74 7252.63 10177.7 8435.28 7710.86 8309.12 7057.68 7277.48  
7172.59 7301.87 6935.5 7837.47 6850.81 6594.23 6824.84 6858.89 6589.58  
5657.27 5685.65 7663.32 6177.32 5847.51 6814.11 5798.86 5609.16 6952.34  
10677.6 10789.8 11370 10516 11586.8 11439 11266 11488.3 11756.7  
9048.57 9695.27 9136.42 9867.43 10217.4 9689.9 9804.17 9988.43 9586.79  
5520.2 6208.87 8645.88 6150.92 5914.9 8757.98 5737.95 5756.46 7835.35  
8623.98 7639.42 6731.21 8501 7459.38 6605.77 8428.25 7400.78 7021.09  
6313.34 5671.45 3887.07 6938.3 5893.74 3760.3 6367.95 5651.4 4079.51  
3190.07 3058.9 2984.15 3573.25 3110.3 2936.22 3332.4 3067.67 3045.01  
9018.69 7854.88 6530.71 8183 8623.8 7221.27 8623.68 7698.57 6896.68  
6942.96 7644.57 7127.14 5703.74 6692.9 6984.67 6205.59 7400.47 7103.3  
6457.61 6620.23 8439.15 6089.85 6052 7842.08 5809.35 6208.91 7961.7  
8095.64 7457.94 7818.74 9207.65 7848.14 7361.11 8889.16 7419.23 7986.8  
6543.18 6563.59 6187.83 7708.49 7201.81 6357.74 7321.35 6492.59 6499.35  
5624.96 6665.32 8530.32 5687.34 6539.29 8221.77 5547.88 6385.89 8185.26  
7447.59 6817.07 5521.83 7647.89 6585.58 5223.79 7759.44 6813.41 5766.13  
4448.05 3689.07 3679.64 5072.14 4076.61 3466.81 4987.24 3779.95 3309.54  
2931.96 3369.81 3826.85 3781.8 3648.13 3607.18 3456.29 3586.79 3894.17  
6790.51 5862.15 5533.47 7885.24 6881.61 5967.05 6992.27 6207.73 6021.99  
5291.51 5688.47 6489.33 4933.13 5651.56 5981.21 5436.22 5999.74 6342.48  
6072.08 6702.51 10070.6 5830.47 6175.03 9271.32 6312.83 6764.82 10102.2  
7265.16 6911.99 7404.27 8455.24 7126.64 6390.4 8728.85 7462.41 7686.3  
6634.24 6614.09 4853.89 7071.43 6976.26 5050.25 7430.55 6573.77 4530.74  
7620.45 8670.91 8452.87 7112.81 8542.28 9185.64 7128.64 8084.17 8375.89  
8019.52 7007.43 5096.68 7215.05 6723.71 5119 7418.25 6948.73 5520.51  
3301.83 2236.11 2311.54 3169.01 2397.61 2104.39 3012.53 2330.65 2232.49  
1949.86 2640.34 2731.86 2584.95 2649.26 3893.68 2079.08 2711.14 2688.81  
1999.89 1903.83 2665 3942.61 2374.46 2347.66 2710.6 2283.74 2830.27  
2332.13 2223.92 3334.51 3055.89 2868.27 2784.53 3309.59 2819.3 3238.38  
2667.09 2855.65 5444.53 3473.61 3273.53 5150.34 3910.65 3371.13 5806.73  
4181.23 4205.82 3932.22 4515.59 4240.37 3908.21 4699.3 4486.98 4462.25  
5947.86 7353.2 6167.87 5789.25 7169.71 6121.83 6018.15 7371.6 5583.76  
9110.87 10366.9 10202.3 8953.4 10368.8 10621.9 8836.93 10437.6 10219.3  
8247.34 6639.49 5246.57 7660.87 6390.82 5267.73 7915.96 6620.16 5714.67  
2972.55 1657.57 1210.02 2689.48 1514.3 1261.05 2568.9 1450.97 1022.63  
1056.01 1317.92 1777.39 1464.28 1474.11 4154.23 831.032 1409.94 1453.07  
16075.7 13352.8 13201.5 17649.7 17401.6 13738.2 17141.4 14338.3 13200  
6748.53 7035.38 4910.46 6489.45 5520.67 5161.08 5547.76 6617.08 5285.02  
5071.38 5296.03 5806.14 2729.22 3936.6 5452.49 3633.12 4751.23 5589.79  
8426.82 8369.87 8129.02 6881.03 7744.98 8041.04 7602.98 8149.27 8189.55  
8001.38 8721.43 7179.09 7955.95 8198.25 7146.35 7730.96 8551.06 6947.36  
6744.1 8728.49 14810.7 6697.37 8522.65 15002.7 6816.65 8653.87 13387  
14603.8 13627.9 13796.3 14779.2 13767.3 13491.8 15050.1 13974.3 14027.4  
12618.2 11306.6 7511.48 13125.6 11693.2 7811.17 12705.8 11740.4 7987.49  
8523.66 9582.33 9838.08 8668.82 9483.28 10097.7 8048.69 9386.51 9774.4  
12764.5 10499.2 7682.27 12802 12997.4 9958.68 12103.5 10412.8 8358.04  
9101.22 10210.5 10200.1 7591.23 9923.33 9818.98 9088.98 10368.1 10321.2  
8436.39 8434.37 9369.12 7532.17 7958.03 8951.12 8066.32 8158.21 9253.12  
8488.92 7854.13 8070.88 9028.63 7597.53 8005.73 8517.89 7951.33 8353.97  
8308.8 9373.89 9139.86 8603.34 9348.62 9335.71 8426.84 9957.92 8967.8  
9920.38 12013.7 16084.9 9064.56 12199.3 16400 9080.69 12114 15682.2  
14141.4 12910.4 12988.8 15002.9 13605.7 12314.5 15333 13566.6 13092.4  
9621.01 7841.16 7262.58 12100 9058.9 7472.69 11589 8769.06 6676.46  
9337.16 11045.1 12954.1 11067.3 11796.6 12230.9 9974.17 11546.7 12753.7  
6026.53 4997 4784.3 9506.46 6577.89 5632.22 8191.7 5581.28 5955.4  
4369.11 5194.79 7990.36 4931.43 5875.79 5874.1 6197.37 6198.27 7330.78  
6158.44 6037.96 8293.13 7253.69 6722.72 7037 7915.61 7011.29 8232.09  
4010.1 3515.87 4423.74 6315.41 4122.92 4147.8 5748.53 4231.56 5111.08  
5224.34 6515.69 7162.86 5166.71 6299 7543.39 5046.95 6186.33 7084.51  
10053.9 10905.7 12008.2 9473.68 10985.2 12241.1 8975.97 10419 11895.6  
10050.9 8834.86 8000.49 10561.9 8994.1 6950.82 11064.7 9398.35 8051.15  
4180.08 3038.98 2751.32 5707.2 3547.65 2694.83 5928.07 3740.52 2782.98  
3457.86 4466.78 5976.16 4990.05 5023.77 5839.5 4240.87 4840.55 5821.86  
1739.49 1536.49 2984.24 6758.24 3125.13 3224.4 4063.12 3041.29 3730.38  
1437.27 1356.8 2496.19 2327.2 1954.66 1620.22 2347.28 1830.5 2259  
1871.11 1589.28 1895.58 2757.7 2167.65 1687.37 2930.12 2075.75 2072.71  
1115.64 1100.35 1161.25 1675.86 1262.66 1248.68 1601.75 1337.43 1567.9  
3905.98 6296.06 8810.1 4314.74 6271.68 7719.2 4703.76 6816.95 9100.48  
12392.8 14621.6 14975.5 13479.5 14885.4 15012.2 13397.7 14671.1 14944.1  
11459.9 9221.71 7229.56 11139.9 8937.07 7452.3 11199.9 8916.54 6880.62  
3140.63 901.11 823.5 2590.22 844.849 759.603 2518.84 879.499 779.888  
669.581 780.719 1058.84 1108.89 893.698 1768.33 949.074 927.07 1141.54  
6770.57 6292.54 6150.28 8163.18 7772.54 6658.51 7656.3 6978.09 6139.15  
2829.6 2816.06 3820.09 3994 3195.72 3377.3 3218.69 3242.06 3401.53  
5439.81 5603.15 6283.89 5229.43 5739.02 6007.09 5572.02 5783.56 6150.65  
5577.06 5497.88 4665.71 5549.98 4993.63 4948.12 5197.91 5229.23 5028.67  
3424.64 3309.86 3412.08 3522.93 3226.38 3467.1 3180.43 3389.16 2994.85  
4883.43 5549.66 5879.38 4440.23 5332.08 5955.6 4566.65 5603.61 5709.49  
5757.47 5514.18 4918.01 6122.46 5523.63 4813.22 5983.35 5573.54 5363.38  
3117.12 2948.08 3854.94 3938.89 3542.5 4486.16 3496.15 3028.23 3313.75  
10339.1 11572.1 9375.27 7465.84 9108.87 9260.02 8177.47 10309.6 9397.47  
4995 4841.86 4535.73 6118.11 5291.42 5126.74 5094.57 4561.49 4738.19  
4153.41 4284.47 4923.18 4396.47 4162.16 4401.75 3985.37 4263.95 4340.4  
5140.18 4925.62 5034.29 5980.5 5337.81 4897.52 5445.32 5035.75 5043.58  
3809.69 3411.38 3073.86 4507.56 3882.42 3428.64 4269 3728.88 3630.32  
2127.9 2720.63 3909.78 2385.25 2836.82 3786 2352.19 2874.63 3387.14  
5724 7321.15 8472.55 5620.51 7404.01 9031.32 5512.74 7320.96 8059.5  
8840.41 8167.53 6508.96 7908.1 7756.85 6655.11 8196.94 8038.45 6965.89  
5049.4 4078.34 3578.29 4433.65 3999.57 4602.14 4551.56 3943.06 3144.47  
12684.7 14230.1 14622.3 13013.5 13655 13788.9 12296.6 14180.7 14528.6  
7259.85 7524.19 5605.16 6092.52 7154.41 7789.88 7118.9 7174.01 6753  
6053.55 6188.45 6064.55 5662.3 6091 6011.06 5074.1 5541.94 5317.08  
6273.07 5504.82 5218.71 7412.09 6304.29 5167.18 5939.57 5484.3 5247.44  
3648.13 3465.32 2507.54 3870.99 3582.72 3292.48 3759.84 3590.53 3244.11  
2988.65 4021.44 5490.16 3137.67 4097.49 5027.35 2835.2 4174.69 4947.01  
7303.99 8207.39 9841.44 7556.19 8374.8 9419.69 7482.8 8565.79 9594.53  
8234.16 7324.73 6212.89 8302.33 7167.02 5961.69 8614.13 7522.6 6712.79  
4115.07 3203.2 2629.29 4251.39 3101.35 2730.33 4403.09 3344.55 2575.74  
5671.42 6658.68 9580.47 8703.01 7647.97 7682.43 8036.97 7961.72 9511.29  
5567.85 6590.85 7869.15 5534.93 6024.07 7822.25 6989.47 7314.91 9067.35  
5844.74 5765.41 6723.95 6822.26 6075.9 5874.17 6886.29 6434.48 6641.27  
5569.51 4497.1 3471.5 7273.74 5698.92 3986.54 6173.26 4908.37 3858.51  
2748.6 3046.51 2583.55 2828.11 2873.47 2893.99 3078.27 3132.75 3167.92  
3695.02 4104.06 4481.89 3274.57 3987.63 4349.88 3357.44 4014.74 4224.79  
5418.36 5230.32 6783.52 5852.8 5778.09 6147.64 5881.46 5679.74 6815.36  
3990.12 3665.36 4293.44 5452.17 4274.46 3563.49 5604.62 4265.93 4702.61  
2241.1 2273.53 2183.39 3078.85 2351.84 2127.88 3168.24 2416.48 2281.92  
1991.01 1907.27 2249.9 2636.13 2021.83 1957.71 2664.25 2210.28 2339.74  
4731.31 5118.11 5208.12 4201.43 4182.46 4713.01 4119.91 4525.26 4996.03  
6216.65 6568.34 8020.15 7295.8 7025.4 8121.17 6329.01 6359.99 7851.92  
8228.49 8125.4 8176.06 9592.65 8681.28 8344.07 8913.78 8093.29 8171.44  
5521.66 4138.11 2567.28 6558.94 4621.86 3124.09 5635.77 4028.3 3065.85  
1599.11 1685.06 1831.31 1755.21 1728.33 2003.59 1731.08 1572.01 1937.1  
2961.19 2971.24 2479.05 2737.09 2783.56 2511.19 2731.9 2827.97 2615.69  
2370.15 2074.51 1942.98 2386.33 2306.85 1958.37 2190.86 2154.08 2020.19  
805.886 811.424 1324.28 1366.55 1260.78 1363.86 1240.59 944.436 1326.84  
1277.58 1425.16 1235.82 1297.18 1278.78 1114.27 1464.42 1320.17 1286.87  
5123.39 5937.82 7519.89 5906.06 6045.88 7059.04 6047.14 6272.38 7254.97  
6794.95 5503.22 5555.3 7509.06 6883.44 5833.09 7039.06 5585 5459.17  
5601.52 5216.95 4625.56 5781.92 5532.02 4818.25 5859.94 5319.22 4781.42  
4003.53 3639.53 2394.18 3994.39 3712.53 2753.37 4093 3537.25 2865.75  
1592.66 1628.18 1862.44 1385.78 1577.24 1814.24 1402.7 1304.94 1634.56  
2513.72 2990.7 2586.89 2453.88 2423.69 2976.41 2419.92 2407.86 2490.59  
4746.18 4524.53 1864.69 2455.81 2932.34 2602.54 2545.36 3128.69 2166.42  
3867.96 3487.24 1198.5 1354.75 2358.08 1621.01 1436.24 2403.73 1344  
2265.5 2199.07 1592.51 1578.79 1719.86 1613.19 1555.97 1796.57 1613.92  
11596.7 12958.3 13219.4 9139.21 11342 12814.7 11459.3 12920.7 12810.9  
9765 7995.55 7426.14 10588 9167.93 7331.38 9456.75 7789.97 7368.57  
6060.61 6244.46 4097.18 7185.32 6224.08 6498.8 4931.6 5214.94 3746.76  
8527.82 8671.67 4568.5 5566.29 8101.2 8173.63 4175.62 6131.27 4346.7  
8391.94 7155.94 4976.2 5949.04 7556.41 6346.99 4881.48 5779.44 5438.54  
4341.12 4501.13 6115.94 4426.18 4516.35 6434.71 4520.22 4650.07 5696.48  
8880.45 10028.1 8611.92 8125.65 9648.47 10929.4 7095.99 8873.7 8295.99  
13301.4 13398.9 9650.23 10437.4 13096.4 11503.6 10318.8 11398.6 9912.95  
10139.2 8879.19 6462.96 7997.01 8203.17 6552.75 8578.16 8025.58 7004.34  
9215.99 10285.9 12229.8 7655.93 9537.58 11159.1 10092.1 11032.7 12288.5  
8872.28 8892.37 10834.7 9997.05 9082.16 9813.16 9596.06 9558.89 10610.6  
12648.1 14131.9 16724.7 13134 13389.8 15971 12827.6 14696.8 15658.5  
22773.2 24747.5 23612.1 21888.6 24218.2 24719.7 22468.8 24910 23450.9  
23441.9 21100.4 13828.5 20613.1 20433.7 16554.7 19753.9 19088.8 15113.6  
9983.19 7649.53 6496.19 7260.03 6594.88 6775.8 6619.46 5833.58 6014.65  
7684.81 9132.25 11852.1 9351.8 10134.8 12057.3 9222.5 10355.1 11638.1  
14308.7 15596.1 17659.3 15460 17424.2 17886.4 16451 17127.1 18402  
16738.5 15188.3 13998.8 15656.5 14620.9 12551.2 17868.8 15985.7 15511.8  
