0 0 17 20
0 10 17 20
0 20 17 20
0 30 17 20
0 40 17 20
0 50 17 20
0 60 17 20
0 70 17 20
0 80 17 20
8 0 17 20
8 10 17 20
8 20 17 20
8 30 17 20
8 40 17 20
8 50 17 20
8 60 17 20
8 70 17 20
8 80 17 20
16 0 17 20
16 10 17 20
16 20 17 20
16 30 17 20
16 40 17 20
16 50 17 20
16 60 17 20
16 70 17 20
16 80 17 20
24 0 17 20
24 10 17 20
24 20 17 20
24 30 17 20
24 40 17 20
24 50 17 20
24 60 17 20
24 70 17 20
24 80 17 20
0 0 17 20
0 10 17 20
0 20 17 20
0 30 17 20
0 40 17 20
0 50 17 20
0 60 17 20
0 70 17 20
0 80 17 20
8 0 17 20
8 10 17 20
8 20 17 20
8 30 17 20
8 40 17 20
8 50 17 20
8 60 17 20
8 70 17 20
8 80 17 20
16 0 17 20
16 10 17 20
16 20 17 20
16 30 17 20
16 40 17 20
16 50 17 20
16 60 17 20
16 70 17 20
16 80 17 20
24 0 17 20
24 10 17 20
24 20 17 20
24 30 17 20
24 40 17 20
24 50 17 20
24 60 17 20
24 70 17 20
24 80 17 20
0 0 17 20
0 10 17 20
0 20 17 20
0 30 17 20
0 40 17 20
0 50 17 20
0 60 17 20
0 70 17 20
0 80 17 20
8 0 17 20
8 10 17 20
8 20 17 20
8 30 17 20
8 40 17 20
8 50 17 20
8 60 17 20
8 70 17 20
8 80 17 20
16 0 17 20
16 10 17 20
16 20 17 20
16 30 17 20
16 40 17 20
16 50 17 20
16 60 17 20
16 70 17 20
16 80 17 20
24 0 17 20
24 10 17 20
24 20 17 20
24 30 17 20
24 40 17 20
24 50 17 20
24 60 17 20
24 70 17 20
24 80 17 20
0 0 17 20
0 10 17 20
0 20 17 20
0 30 17 20
0 40 17 20
0 50 17 20
0 60 17 20
0 70 17 20
0 80 17 20
8 0 17 20
8 10 17 20
8 20 17 20
8 30 17 20
8 40 17 20
8 50 17 20
8 60 17 20
8 70 17 20
8 80 17 20
16 0 17 20
16 10 17 20
16 20 17 20
16 30 17 20
16 40 17 20
16 50 17 20
16 60 17 20
16 70 17 20
16 80 17 20
24 0 17 20
24 10 17 20
24 20 17 20
24 30 17 20
24 40 17 20
24 50 17 20
24 60 17 20
24 70 17 20
24 80 17 20
0 0 17 20
0 10 17 20
0 20 17 20
0 30 17 20
0 40 17 20
0 50 17 20
0 60 17 20
0 70 17 20
0 80 17 20
8 0 17 20
8 10 17 20
8 20 17 20
8 30 17 20
8 40 17 20
8 50 17 20
8 60 17 20
8 70 17 20
8 80 17 20
16 0 17 20
16 10 17 20
16 20 17 20
16 30 17 20
16 40 17 20
16 50 17 20
16 60 17 20
16 70 17 20
16 80 17 20
24 0 17 20
24 10 17 20
24 20 17 20
24 30 17 20
24 40 17 20
24 50 17 20
24 60 17 20
24 70 17 20
24 80 17 20
0 0 17 20
0 10 17 20
0 20 17 20
0 30 17 20
0 40 17 20
0 50 17 20
0 60 17 20
0 70 17 20
0 80 17 20
8 0 17 20
8 10 17 20
8 20 17 20
8 30 17 20
8 40 17 20
8 50 17 20
8 60 17 20
8 70 17 20
8 80 17 20
16 0 17 20
16 10 17 20
16 20 17 20
16 30 17 20
16 40 17 20
16 50 17 20
16 60 17 20
16 70 17 20
16 80 17 20
24 0 17 20
24 10 17 20
24 20 17 20
24 30 17 20
24 40 17 20
24 50 17 20
24 60 17 20
24 70 17 20
24 80 17 20
0 0 17 20
0 10 17 20
0 20 17 20
0 30 17 20
0 40 17 20
0 50 17 20
0 60 17 20
0 70 17 20
0 80 17 20
8 0 17 20
8 10 17 20
8 20 17 20
8 30 17 20
8 40 17 20
8 50 17 20
8 60 17 20
8 70 17 20
8 80 17 20
16 0 17 20
16 10 17 20
16 20 17 20
16 30 17 20
16 40 17 20
16 50 17 20
16 60 17 20
16 70 17 20
16 80 17 20
24 0 17 20
24 10 17 20
24 20 17 20
24 30 17 20
24 40 17 20
24 50 17 20
24 60 17 20
24 70 17 20
24 80 17 20
0 0 17 20
0 10 17 20
0 20 17 20
0 30 17 20
0 40 17 20
0 50 17 20
0 60 17 20
0 70 17 20
0 80 17 20
8 0 17 20
8 10 17 20
8 20 17 20
8 30 17 20
8 40 17 20
8 50 17 20
8 60 17 20
8 70 17 20
8 80 17 20
16 0 17 20
16 10 17 20
16 20 17 20
16 30 17 20
16 40 17 20
16 50 17 20
16 60 17 20
16 70 17 20
16 80 17 20
24 0 17 20
24 10 17 20
24 20 17 20
24 30 17 20
24 40 17 20
24 50 17 20
24 60 17 20
24 70 17 20
24 80 17 20
0 0 17 20
0 10 17 20
0 20 17 20
0 30 17 20
0 40 17 20
0 50 17 20
0 60 17 20
0 70 17 20
0 80 17 20
8 0 17 20
8 10 17 20
8 20 17 20
8 30 17 20
8 40 17 20
8 50 17 20
8 60 17 20
8 70 17 20
8 80 17 20
16 0 17 20
16 10 17 20
16 20 17 20
16 30 17 20
16 40 17 20
16 50 17 20
16 60 17 20
16 70 17 20
16 80 17 20
24 0 17 20
24 10 17 20
24 20 17 20
24 30 17 20
24 40 17 20
24 50 17 20
24 60 17 20
24 70 17 20
24 80 17 20
0 0 17 20
0 10 17 20
0 20 17 20
0 30 17 20
0 40 17 20
0 50 17 20
0 60 17 20
0 70 17 20
0 80 17 20
8 0 17 20
8 10 17 20
8 20 17 20
8 30 17 20
8 40 17 20
8 50 17 20
8 60 17 20
8 70 17 20
8 80 17 20
16 0 17 20
16 10 17 20
16 20 17 20
16 30 17 20
16 40 17 20
16 50 17 20
16 60 17 20
16 70 17 20
16 80 17 20
24 0 17 20
24 10 17 20
24 20 17 20
24 30 17 20
24 40 17 20
24 50 17 20
24 60 17 20
24 70 17 20
24 80 17 20
