287.047 3654.25 
299.358 1437.24 
303.917 761.642 
305.14 630.997 
303.795 796.025 
305.806 714.556 
311.444 425.83 
314.018 317.791 
288.346 2895.71 
298.792 1233.01 
301.814 762.14 
304.244 762.517 
304.205 827.899 
306.711 585.798 
311.983 313.86 
313.802 326.284 
292.566 2303.77 
300.174 1076.49 
300.349 904.611 
302.751 896.939 
303.97 841.683 
307.311 527.87 
312.289 265.192 
314.734 239.935 
294.705 2459.09 
300.9 1341.52 
299.687 1086.31 
300.311 1051.84 
302.659 942.482 
307.533 547.175 
312.388 277.633 
315.507 163.212 
293.772 2754.68 
299.473 1711.14 
299.872 1286.23 
300.128 1179.77 
303.818 809.533 
310.237 410.314 
313.383 217.662 
315.174 144.35 
292.676 2394.98 
297.262 1797.99 
299.881 1542.81 
301.634 1123.02 
306.615 637.01 
312.841 289.454 
314.57 139.732 
315.333 120.269 
292.06 2307.56 
293.904 1980.62 
296.226 1680.04 
301.424 1001.89 
307.195 490.01 
313.208 184.479 
316.285 79.8461 
316.844 96.9959 
291.695 2447.59 
292.434 2060.45 
294.99 1676.06 
299.657 1127.26 
303.788 780.239 
310.866 318.719 
315.919 84.6237 
317.132 91.2488 
291.966 2431.4 
293.822 1887.13 
297.494 1350.03 
300.928 1068.02 
303.374 940.034 
308.285 534.126 
314.136 240.304 
316.37 168.411 
69.5911 19.7348 
69.1403 21.0024 
68.6758 23.1037 
68.1005 26.2558 
67.529 29.9194 
66.9441 33.0288 
66.2553 34.4236 
65.6267 33.3939 
69.5656 20.3813 
69.0892 21.4391 
68.6596 23.095 
68.1014 25.8062 
67.4745 29.6251 
66.8398 33.59 
66.1189 35.9071 
65.4787 34.9964 
69.5299 20.8205 
69.0346 21.8283 
68.6379 23.3857 
68.0941 26.2788 
67.3697 31.4464 
66.6956 35.5632 
65.9897 37.3578 
65.338 36.0794 
69.4768 21.0165 
68.9967 21.9638 
68.6243 23.6792 
68.1021 26.4476 
67.3172 32.5468 
66.5482 38.1348 
65.8272 39.5335 
65.2087 37.2505 
69.4304 21.2142 
68.9872 22.1474 
68.6075 24.2337 
68.1015 26.5985 
67.3813 30.9342 
66.5815 36.2079 
65.7823 39.9888 
65.1427 38.4074 
69.4138 21.6116 
69.0135 22.171 
68.6093 24.066 
68.0972 26.5202 
67.433 29.5606 
66.6815 33.1358 
65.8812 37.0412 
65.2037 36.8077 
69.3792 22.2568 
69.029 22.2663 
68.6173 23.6061 
68.1213 25.3818 
67.4541 28.6524 
66.6689 32.8826 
65.8818 35.7594 
65.2082 34.6802 
69.3058 22.7034 
68.9765 22.5628 
68.5764 23.4042 
68.1072 24.4986 
67.4605 27.4647 
66.6445 32.4462 
65.7823 36.2623 
65.1016 35.4892 
69.2461 22.5601 
68.926 22.5634 
68.5434 22.9235 
68.0391 24.2008 
67.4059 27.213 
66.6509 31.5418 
65.7996 34.2545 
65.0703 35.4983 
122.243 0.000523585 
122.236 0.00385488 
122.226 0.0107778 
122.203 0.0321546 
122.164 0.0648841 
122.13 0.101807 
122.111 0.116955 
122.12 0.0998729 
122.243 0.000788766 
122.231 0.00881266 
122.21 0.0203112 
122.191 0.0367296 
122.175 0.0506725 
122.149 0.0805416 
122.124 0.12984 
122.125 0.122625 
122.24 0.00149053 
122.22 0.0181006 
122.19 0.0544528 
122.177 0.0482329 
122.178 0.0568986 
122.171 0.0637733 
122.156 0.098204 
122.149 0.110505 
122.234 0.00961705 
122.223 0.0124782 
122.203 0.038987 
122.185 0.0422416 
122.177 0.068334 
122.178 0.0687009 
122.178 0.0672091 
122.178 0.0743652 
122.232 0.0183504 
122.233 0.00721194 
122.229 0.00826846 
122.211 0.0161802 
122.19 0.0584082 
122.183 0.0881613 
122.183 0.0648818 
122.182 0.0616495 
122.239 0.00465375 
122.24 0.00239334 
122.235 0.00770338 
122.221 0.0137128 
122.205 0.031197 
122.197 0.0708298 
122.194 0.0614885 
122.189 0.0632269 
122.246 0.000232787 
122.243 0.00105159 
122.231 0.0142655 
122.213 0.0339075 
122.202 0.0341548 
122.205 0.0431692 
122.211 0.0402091 
122.21 0.0373796 
122.247 0.000183961 
122.243 0.00135649 
122.231 0.00999783 
122.216 0.0208298 
122.204 0.0393779 
122.211 0.0313154 
122.226 0.0195729 
122.23 0.0153903 
122.247 0.000184403 
122.241 0.00373186 
122.231 0.0209731 
122.226 0.0129305 
122.221 0.0228185 
122.224 0.0212022 
122.236 0.0116794 
122.238 0.0106536 
128.697 0.00873253 
128.715 0.0133755 
128.731 0.0175323 
128.751 0.0231752 
128.783 0.0369269 
128.814 0.0517619 
128.837 0.0592358 
128.848 0.0562495 
128.698 0.0090156 
128.716 0.0128486 
128.735 0.0179995 
128.756 0.0258249 
128.784 0.0350112 
128.811 0.0464974 
128.834 0.0581104 
128.849 0.0586395 
128.7 0.00977376 
128.719 0.0151549 
128.742 0.0247071 
128.765 0.0317361 
128.788 0.0383315 
128.805 0.0424321 
128.823 0.0498495 
128.841 0.05266 
128.703 0.0116142 
128.721 0.0150291 
128.744 0.0276107 
128.767 0.035017 
128.788 0.0399919 
128.803 0.0434828 
128.82 0.0457628 
128.834 0.0455517 
128.706 0.0142544 
128.721 0.0146345 
128.741 0.0208016 
128.761 0.028426 
128.782 0.0381629 
128.8 0.0462189 
128.82 0.0460233 
128.836 0.0458145 
128.706 0.0138871 
128.72 0.0141483 
128.733 0.0149207 
128.754 0.0203117 
128.778 0.0295137 
128.794 0.0391295 
128.811 0.0408956 
128.831 0.043399 
128.704 0.0114045 
128.714 0.0119063 
128.727 0.0147444 
128.749 0.0201159 
128.773 0.0254354 
128.789 0.0321278 
128.803 0.0355485 
128.82 0.0347198 
128.703 0.010318 
128.713 0.0105393 
128.728 0.0145214 
128.748 0.0218558 
128.769 0.0287669 
128.786 0.0312759 
128.802 0.0330032 
128.816 0.0303431 
128.705 0.0102139 
128.715 0.0109917 
128.731 0.0153975 
128.747 0.0186173 
128.766 0.0266117 
128.783 0.0306158 
128.797 0.0291265 
128.814 0.0286679 
20.8108 404.336 
20.5574 268.949 
20.7584 283.643 
18.8484 163.614 
19.3245 132.819 
19.3126 138.62 
18.5743 127.22 
18.0551 157.602 
19.0278 330.048 
19.196 191.457 
19.877 186.534 
18.9153 123.368 
19.5118 126.74 
18.7387 112.435 
17.9516 95.9808 
17.4941 132.601 
18.6952 349.878 
18.3075 161.9 
18.8863 121.222 
18.8751 131.571 
19.534 150.617 
19.3606 136.399 
18.6486 133.965 
17.5668 108.69 
19.9902 439.151 
20.037 226.191 
20.1302 135.158 
19.7674 154.753 
19.2749 147.027 
19.439 146.955 
19.0395 158.701 
18.3776 126.389 
21.0543 505.43 
20.805 265.116 
22.0995 215.041 
22.0985 228.221 
19.7968 141.331 
19.4501 138.96 
19.5114 147.98 
18.9261 132.817 
21.3329 328.432 
20.5527 208.613 
22.1499 241.416 
23.6703 243.521 
21.9839 202.311 
20.8518 188.059 
20.489 154.645 
19.5738 125.765 
21.0863 307.217 
20.5978 196.814 
20.7113 190.899 
22.4646 213.364 
22.5476 240.701 
21.3629 182.045 
21.1316 174.267 
21.0645 154.817 
20.2427 376.225 
20.3854 250.025 
21.6389 243.103 
22.2305 196.801 
21.4195 193.731 
20.2858 121.531 
20.8365 161.11 
21.661 174.846 
21.0392 524.411 
21.8915 452.329 
23.0298 335.147 
22.3596 218.197 
21.332 216.101 
19.2028 142.054 
19.0983 119.082 
19.963 122.249 
21.5699 138.702 
22.863 131.062 
23.8433 131.963 
23.1977 124.259 
24.6244 120.735 
26.5775 134.159 
26.497 130.271 
24.3619 136.418 
20.6478 106.321 
22.5786 99.8901 
23.6501 98.7393 
23.0793 97.253 
23.7767 104.899 
25.3307 113.209 
26.1197 120.16 
24.2428 113.302 
19.9988 82.7388 
22.3733 103.907 
23.2535 77.1296 
22.6727 81.1712 
23.4952 101.927 
24.3913 116.595 
25.6189 124.737 
24.3068 93.3927 
21.6156 122.88 
23.2265 154.609 
23.7394 109.498 
23.9661 83.938 
24.3868 98.7772 
24.4973 137.707 
25.7794 158.817 
25.6776 115.683 
22.5158 150.871 
23.024 151.166 
24.0174 123.919 
24.7563 120.579 
24.927 123.135 
25.3015 144.905 
25.9604 136.618 
27.0125 150.195 
22.1472 154.081 
22.1329 121.06 
23.937 118.354 
25.6377 121.385 
26.1727 110.644 
26.267 127.995 
26.3237 137.406 
27.2731 155.673 
21.3226 140.923 
21.8802 114.569 
23.2573 107.148 
24.9733 97.3168 
26.2151 101.838 
27.1169 132.5 
28.0503 178.598 
28.3019 165.831 
20.7114 129.421 
20.999 112.093 
22.0584 114.144 
24.06 110.882 
25.8028 125.483 
27.341 133.141 
28.916 158.886 
29.1688 171.016 
20.3402 123.097 
20.979 115.772 
22.7895 118.871 
24.7767 134.998 
25.5271 165.003 
25.0404 129.625 
26.5309 129.332 
27.3024 163.947 
59.8134 803.142 
64.0918 721.815 
65.9931 611.831 
66.3789 582.542 
68.2016 506.883 
72.2539 487.923 
77.4854 541.896 
77.2372 537.674 
59.3178 830.678 
63.241 735.704 
64.5641 658.402 
66.1755 556.491 
69.0972 517.354 
73.4806 521.66 
78.7045 549.109 
79.2944 566.133 
60.6805 860.693 
63.8611 740.356 
63.6467 655.294 
64.6723 624.345 
67.1508 543.667 
71.0127 592.802 
76.4126 517.722 
78.3316 420.036 
62.5905 869.565 
64.8978 733.245 
65.0803 655.965 
66.0743 649.44 
67.0517 521.221 
69.685 555.089 
74.8 546.9 
77.1105 404.177 
62.259 788.989 
63.7726 661.516 
63.2337 592.136 
64.8835 623.094 
68.4194 504.341 
71.4988 542.667 
74.2532 577.752 
77.681 525.521 
59.6811 779.079 
62.3903 661.453 
62.1709 561.5 
63.6787 594.679 
68.3173 573.915 
72.032 539.005 
74.5992 511.386 
77.801 508.471 
59.2219 825.53 
62.5544 799.538 
62.9914 640.416 
64.2474 562.998 
69.7978 604.011 
73.9499 503.346 
76.7237 454.851 
78.1312 403.163 
61.2682 817.259 
62.3701 773.762 
62.3736 779.318 
64.063 609.662 
68.9639 631.762 
74.4127 533.732 
77.6787 455.857 
78.721 333.286 
60.8755 749.475 
61.3454 632.692 
61.9476 718.875 
65.1954 691.438 
68.7065 668.499 
72.4931 627.627 
76.1381 528.305 
79.1945 428.447 
132.09 1955.28 
135.495 1480.8 
136.83 1366.88 
139.859 1249.24 
135.817 1356.77 
132.854 1432.54 
135.899 1389.46 
143.745 1556.77 
138.696 1639.65 
138.707 1390.24 
137.58 1208.08 
140.513 1112.21 
136.893 1096.62 
136.182 1178.73 
137.369 1166.13 
142.106 1499.12 
140.804 1299.37 
140.326 1078.62 
138.747 1129.63 
140.632 1208.91 
138.402 1193.29 
138.826 1057.58 
138.617 1030.12 
142.477 1082.86 
137.223 1206.96 
137.23 1045.81 
134.551 1079.01 
135.863 1174.6 
138.656 1308.55 
140.219 1138.34 
139.621 1187.75 
142.779 1131.26 
132.903 1448.25 
135.305 1111.17 
132.066 1176.15 
131.284 1199.02 
136.171 1143.05 
138.611 1162.25 
138.312 1245.02 
140.028 1235.87 
132.225 1402.76 
134.181 1200.92 
132.064 1307.07 
129.832 1211.95 
133.736 1022.51 
136.786 1225.47 
135.336 1219.12 
136.593 1136.76 
137.269 1554.96 
135.698 1151.35 
134.644 1238.56 
134.051 1240.84 
134.207 1004.22 
136.04 1219.52 
134.301 1251.52 
134.154 1175.35 
141.309 1515.15 
140.658 1237.84 
138.497 1229.46 
136.596 1192.19 
134.737 1095.2 
136.735 1090.08 
135.179 1183.02 
133.618 1173.9 
142.616 1567.59 
142.122 1410.94 
138.46 1175.51 
136.183 1245.59 
135.352 1249.6 
140.225 1048.51 
139.84 1087.96 
136.775 1217.06 
33.9487 242.258 
36.5132 245.439 
36.7372 205.546 
36.7649 164.113 
36.2551 150.119 
36.1644 135.718 
35.3679 173.724 
34.2076 161.207 
33.187 277.674 
35.4331 200.943 
35.8325 181.578 
35.895 145.497 
35.97 149.42 
35.3368 145.111 
34.8993 138.726 
34.3916 143.867 
34.6776 321.588 
35.5745 223.865 
35.7425 191.637 
36.4208 171.879 
36.4084 175.437 
35.8417 155.773 
35.6178 147.799 
34.9954 127.019 
34.9886 279.868 
35.5808 199.96 
35.9661 189.917 
35.6117 148.828 
35.0482 161.229 
35.4938 156.015 
35.3983 154.566 
34.5401 138.859 
36.2927 257.263 
36.9564 211.397 
37.9437 195.357 
37.4392 191.992 
36.0996 178.368 
36.5799 153.262 
37.0095 155.643 
34.8776 150.122 
37.2514 267.426 
37.9032 254.872 
39.0036 227.993 
38.3089 226.576 
37.3435 185.841 
37.7461 174.708 
38.2998 177.791 
36.0948 124.667 
34.6063 248.166 
34.6989 216.705 
35.8655 213.11 
36.1175 203.372 
35.5132 152.455 
35.6824 143.752 
36.3823 146.141 
36.5458 125.885 
31.9054 237.462 
31.9798 184.805 
33.152 172.502 
34.1202 174.28 
34.6123 157.671 
34.3733 148.631 
35.127 143.357 
36.1156 112.428 
31.3634 227.507 
31.9992 210.927 
34.0222 187.652 
34.2145 163.938 
34.3927 189.835 
34.6106 165.109 
35.5155 111.962 
35.6282 140.204 
18.8134 134.527 
19.8375 141.819 
19.7552 138.702 
20.0908 136.283 
19.5725 119.536 
18.6425 87.6707 
17.6202 95.0196 
16.4111 97.8516 
17.4695 125.358 
19.6362 137.404 
20.3109 130.764 
19.6667 119.27 
18.9567 107.277 
17.6426 81.594 
16.9391 74.8467 
16.2735 101.696 
17.7092 155.512 
19.7314 143.809 
20.0733 131.372 
19.478 108.317 
18.9796 105.847 
17.8792 102.792 
17.3742 96.8635 
17.0562 97.8247 
18.2974 120.756 
19.9277 109.973 
20.2199 105.628 
19.0285 100.377 
18.2412 95.5959 
18.1998 79.0855 
17.7501 91.0271 
17.0229 89.7086 
18.7476 85.6159 
19.6099 93.9456 
20.5112 96.8804 
19.6661 103.542 
18.4048 109.414 
18.7967 105.993 
18.3356 86.4117 
16.6486 66.0468 
20.0384 111.397 
20.1019 96.5182 
20.556 83.8094 
20.5065 119.338 
19.0616 110.936 
19.1588 112.407 
19.5217 110.246 
17.9979 78.0964 
18.5539 95.7426 
18.4748 86.5059 
18.7573 96.1433 
19.5704 114.248 
18.9145 82.9243 
19.0563 96.3776 
19.6965 101.588 
18.6462 91.3359 
16.2585 85.2336 
16.0416 66.1346 
17.2711 86.4566 
18.5874 80.4726 
18.2529 66.9585 
17.7182 77.8964 
18.1812 76.6472 
17.8474 77.0385 
15.7315 93.1755 
15.4845 64.5629 
17.2458 87.103 
18.1995 108.209 
18.0632 77.2688 
16.7138 69.8477 
17.013 68.704 
17.507 86.0321 
