321.852 6.32663 
314.342 5.49629 
314.312 7.37253 
322.556 0.539072 
323.04 0.129618 
322.754 0.245134 
321.967 0.136379 
321.952 0.213229 
321.941 7.41503 
313.83 2.16739 
313.592 3.85318 
322.189 1.36193 
323.176 0.0949833 
322.947 0.183953 
322.277 0.228598 
322.26 0.235973 
322.355 2.42599 
317.744 4.18244 
316.786 5.45423 
321.616 0.826866 
323.029 0.138353 
322.956 0.10805 
322.845 0.104858 
322.788 0.107255 
322.169 0.412793 
321.645 0.445878 
321.344 0.497089 
321.976 0.229035 
322.803 0.127523 
319.416 4.36508 
318.838 2.57023 
321.597 4.01844 
310.703 57.666 
302.15 59.0317 
311.858 44.435 
322.186 0.214328 
321.498 0.953697 
315.863 6.03959 
315.021 1.31688 
320.736 7.32577 
306.669 60.1217 
292.678 1.46547 
305.513 46.3641 
321.95 1.26171 
321.366 0.853052 
317.716 3.97903 
317.284 3.76006 
321.662 3.21788 
315.792 33.6432 
297.986 23.3395 
302.192 13.3166 
320.077 12.7544 
322.372 0.388033 
321.588 0.985532 
321.656 1.03249 
322.933 0.235468 
321.957 3.84838 
306.89 18.4225 
302.723 2.61009 
315.395 24.6292 
321.497 0.779607 
322.935 0.105178 
322.907 0.10638 
322.943 0.092522 
317.154 3.77897 
314.56 24.0467 
312.057 25.1777 
316.849 12.0209 
321.103 0.944921 
322.617 0.264466 
322.713 0.118088 
322.003 0.169277 
71.105 0.265698 
71.0102 0.0279112 
70.4971 0.104059 
69.2202 0.0233334 
68.3722 0.0379664 
68.3948 0.0758523 
67.8061 0.129881 
66.1078 0.0500944 
71.089 0.425467 
71.1659 0.0266765 
70.4804 0.149271 
69.1304 0.0223279 
68.1825 0.0432575 
68.1243 0.105343 
67.8033 0.213942 
66.3334 0.0527782 
71.2838 0.275345 
71.1114 0.0199991 
70.3904 0.128526 
69.211 0.0327308 
68.1949 0.0254283 
67.9194 0.0652082 
67.8599 0.171057 
66.8513 0.0229137 
70.9443 0.080545 
70.9905 0.00899767 
70.3778 0.0858298 
69.3682 0.0530199 
68.3846 0.0101443 
68.0002 0.0211984 
67.8767 0.17283 
66.9906 0.00882422 
70.4613 0.0379476 
70.8916 0.00505681 
70.4229 0.0686965 
69.4408 0.0641796 
68.5272 0.00693215 
68.1324 0.00988566 
67.6998 0.235657 
66.7428 0.0176039 
70.1403 0.0128555 
70.7679 0.0163582 
70.3881 0.0604946 
69.4337 0.0506757 
68.6354 0.0101954 
68.184 0.00586914 
67.2554 0.242877 
66.46 0.0277413 
70.0425 0.00351565 
70.5936 0.0228 
70.26 0.0403524 
69.403 0.0385361 
68.6184 0.0232793 
67.9552 0.0148454 
66.5754 0.17157 
66.0576 0.0981953 
70.0737 0.00190996 
70.4499 0.0131347 
70.0733 0.0294864 
69.3209 0.0255613 
68.4834 0.0271033 
67.6796 0.0179421 
66.243 0.101858 
65.7819 0.409683 
70.0312 0.00217512 
70.3279 0.00679054 
69.9094 0.0243446 
69.2052 0.0135108 
68.4077 0.0245642 
67.7302 0.0152986 
66.4163 0.0740586 
65.813 0.772989 
122.241 1.6853e-006 
122.242 2.02858e-007 
122.243 7.51219e-007 
122.246 1.69439e-007 
122.249 2.95889e-007 
122.249 5.91286e-007 
122.25 1.13558e-006 
122.255 4.23557e-007 
122.242 2.54077e-006 
122.241 1.91394e-007 
122.243 1.08652e-006 
122.247 1.61329e-007 
122.249 3.34334e-007 
122.249 8.31284e-007 
122.25 1.82855e-006 
122.255 4.57499e-007 
122.241 4.99503e-006 
122.242 1.62254e-005 
122.244 7.48072e-006 
122.246 3.05173e-007 
122.249 2.02e-007 
122.25 5.08132e-007 
122.25 1.41451e-006 
122.253 2.04205e-007 
122.245 0.000357641 
122.251 0.00189192 
122.25 0.00114785 
122.246 0.00016561 
122.248 2.01227e-005 
122.25 1.66099e-007 
122.25 1.4446e-006 
122.253 7.61013e-008 
122.07 0.00677674 
121.827 0.0230531 
121.806 0.0295002 
121.976 0.0157098 
122.154 0.00225353 
122.243 9.37712e-005 
122.251 2.03756e-006 
122.253 1.49941e-007 
121.827 0.0223935 
121.217 0.0377642 
121.044 0.0304956 
121.421 0.0239431 
121.894 0.0113956 
122.158 0.00178164 
122.249 4.49688e-005 
122.254 2.36477e-007 
121.843 0.0194197 
121.127 0.0277252 
120.728 0.00255512 
121.091 0.0111469 
121.666 0.0162994 
122.034 0.00389872 
122.244 0.000341043 
122.255 1.32034e-006 
122.045 0.00836262 
121.508 0.026354 
121.071 0.0139889 
121.236 0.0094118 
121.617 0.0117985 
121.976 0.00464332 
122.24 0.000795967 
122.256 7.03609e-006 
122.197 0.00121402 
121.883 0.010741 
121.567 0.0194126 
121.573 0.0179092 
121.704 0.00775201 
121.979 0.00429668 
122.239 0.000851492 
122.256 1.41993e-005 
128.662 7.85955e-005 
128.661 1.07107e-005 
128.671 3.99536e-005 
128.696 9.06249e-006 
128.713 1.7012e-005 
128.713 3.38831e-005 
128.726 7.08765e-005 
128.765 2.55522e-005 
128.663 0.000111943 
128.658 1.0205e-005 
128.672 5.83603e-005 
128.698 8.40223e-006 
128.718 1.90924e-005 
128.719 4.81025e-005 
128.726 0.000112253 
128.76 2.81864e-005 
128.658 7.304e-005 
128.659 8.25884e-006 
128.673 5.00839e-005 
128.696 1.32159e-005 
128.718 1.16461e-005 
128.724 2.90909e-005 
128.725 8.45881e-005 
128.747 1.29377e-005 
128.673 0.000158454 
128.685 0.000436136 
128.69 0.000259008 
128.697 4.00017e-005 
128.714 8.47633e-006 
128.721 9.50543e-006 
128.724 8.7223e-005 
128.744 4.66872e-006 
128.748 0.00124012 
128.846 0.00306755 
128.859 0.00342313 
128.808 0.00208433 
128.755 0.000428965 
128.721 1.7725e-005 
128.728 0.000126515 
128.75 9.12761e-006 
128.83 0.00288776 
129.039 0.00398844 
129.107 0.00309737 
129.014 0.00295684 
128.873 0.00185506 
128.762 0.000438029 
128.74 0.000100362 
128.756 1.41901e-005 
128.83 0.00258909 
129.073 0.00298033 
129.211 0.000168967 
129.135 0.000647071 
128.981 0.00192873 
128.829 0.000953757 
128.758 4.51434e-005 
128.766 5.54053e-005 
128.763 0.00127248 
128.96 0.00308359 
129.127 0.00115773 
129.11 0.000446803 
129.013 0.00145287 
128.865 0.00104069 
128.768 7.21846e-005 
128.773 0.000259152 
128.703 0.000255307 
128.836 0.00168285 
128.986 0.00199607 
129.015 0.00145007 
128.986 0.00107518 
128.863 0.000999291 
128.764 9.64575e-005 
128.773 0.000502987 
14.8739 1.82363 
13.7272 14.3583 
13.4048 22.04 
13.8578 13.4918 
16.2629 4.66662 
13.1997 1.93532 
10.5272 0.538167 
9.33618 6.49057 
15.9289 17.9505 
5.7643 5.33766 
6.76999 4.57368 
11.5598 6.07187 
14.585 2.77021 
12.1279 6.65183 
9.86945 1.47585 
9.76182 4.82508 
12.8394 24.8145 
12.1776 11.378 
13.7778 8.3022 
11.2853 3.36196 
9.92892 1.53515 
10.0125 3.32294 
9.65348 3.51947 
8.93794 3.15358 
12.7374 13.5901 
20.9937 22.9877 
23.1021 6.65478 
15.0704 8.03284 
11.6259 5.92274 
14.6349 4.84755 
13.2592 4.27014 
8.92253 3.8877 
17.3024 12.4126 
27.1854 8.35456 
26.9485 14.5718 
15.4937 3.40352 
16.6773 17.7867 
24.091 3.94007 
18.7916 15.6365 
11.8187 5.68247 
23.1293 11.1647 
24.0913 12.8122 
19.5248 13.8649 
12.3389 2.19816 
15.4945 5.85589 
20.3179 3.66109 
17.2023 6.33254 
20.4921 12.26 
19.7521 3.82216 
17.7961 9.18685 
12.4857 6.20277 
9.23408 2.86363 
11.4995 2.46669 
13.9842 2.80388 
12.3589 3.10521 
17.9283 8.72808 
12.7121 5.01247 
17.6225 5.56437 
13.7183 3.37423 
8.53867 1.55864 
9.67675 1.34647 
10.7335 2.11058 
9.1932 3.20387 
8.78079 4.87305 
8.48138 3.28265 
12.8495 4.56091 
15.4339 5.00899 
12.5492 3.24984 
6.52197 2.67687 
4.15012 3.14318 
5.06157 0.834804 
6.93422 0.658845 
14.5384 9.99219 
9.75731 0.928548 
16.886 29.4215 
23.7379 26.9557 
27.6269 25.8598 
22.349 3.88758 
21.7946 2.79234 
20.394 4.48997 
19.0687 16.4238 
8.89066 3.20899 
9.79307 5.91613 
14.7423 18.8478 
19.8985 6.09962 
21.7982 12.2423 
20.3045 2.14357 
17.709 4.6436 
19.2648 7.52542 
15.9533 7.56967 
14.0203 12.7574 
11.1219 7.11396 
12.337 5.86582 
18.1284 5.77538 
16.9482 5.52468 
13.9711 6.09525 
16.8971 6.87411 
30.7643 35.6252 
32.126 23.6647 
17.5366 15.6761 
11.5117 11.7851 
21.4184 4.22117 
21.9365 6.88019 
14.8301 3.32715 
18.1372 12.2975 
38.9005 24.6932 
42.6425 14.4755 
24.6744 36.2647 
15.97 13.6023 
25.537 8.99929 
23.63 5.79304 
15.9785 3.50339 
30.5523 53.892 
43.6928 18.7698 
37.6436 29.6064 
24.5787 10.9136 
19.2633 6.51009 
24.6022 7.25901 
22.8741 11.2352 
17.5692 2.23294 
33.7735 57.1448 
46.4022 5.87216 
32.3718 47.691 
17.6868 6.52682 
15.4668 3.3631 
23.2656 5.12941 
24.4304 5.51034 
15.5795 2.43165 
23.81 39.9134 
38.7155 40.992 
26.6771 36.9399 
14.4512 5.60087 
15.1449 2.0995 
14.7028 9.28646 
14.5164 13.2883 
12.7121 4.35288 
18.594 10.7021 
24.8937 5.30537 
20.8106 12.0432 
18.5694 7.46813 
15.6395 3.59947 
7.79721 4.54752 
7.00482 2.24666 
12.3438 3.52349 
54.5065 70.9306 
38.4764 38.0731 
51.2599 57.3418 
69.6047 27.038 
77.8487 23.2114 
81.4852 32.0304 
89.6109 20.3511 
85.0091 19.4 
53.946 48.4649 
44.2186 35.6765 
48.5935 35.4105 
61.448 7.48186 
70.2266 44.9208 
78.8161 15.884 
92.7904 21.4685 
92.4894 14.5258 
68.4784 16.1848 
69.1378 23.847 
64.6178 15.8435 
71.6584 11.491 
77.7584 39.9123 
79.0382 12.7373 
83.4089 15.9546 
84.0433 23.3736 
68.9791 5.56022 
69.6611 7.4934 
64.2383 9.87425 
69.9257 11.7327 
77.0143 6.87552 
71.6735 15.0383 
67.8462 45.4356 
79.0115 45.5014 
54.3585 24.6958 
48.4288 23.9075 
49.3378 32.5655 
63.2524 20.5009 
77.9539 7.7494 
76.5584 40.6169 
65.1119 29.2747 
75.4173 22.2211 
51.4593 5.17249 
58.1605 14.6293 
62.9846 28.569 
69.3126 15.492 
81.4437 16.9396 
81.6798 12.1177 
75.147 24.8748 
74.4238 22.8028 
49.9397 10.4342 
67.2799 11.1611 
66.0448 14.6966 
66.13 13.5719 
79.0692 8.72699 
82.0898 22.978 
87.173 23.433 
83.2301 46.9356 
51.1874 38.4861 
57.7883 13.8021 
44.7967 33.2636 
57.1234 20.3959 
74.9057 10.3771 
70.7109 18.1438 
69.2485 19.0988 
70.072 64.7382 
59.294 21.0075 
66.4599 43.6409 
49.2751 87.93 
55.8358 36.7823 
74.445 10.4162 
69.3521 23.2577 
55.4443 15.7356 
57.5414 18.7247 
191.473 226.726 
208.888 204.063 
183.583 392.426 
161.838 195.353 
147.303 67.6064 
148.853 15.8187 
155.808 32.8552 
175.132 25.7397 
177.068 321.186 
217.144 139.201 
199.934 209.809 
177.686 142.172 
164.151 39.5678 
153.963 36.7935 
154.577 19.7204 
169.886 33.0821 
158.96 99.0367 
165.385 251.6 
163.074 194.443 
170.328 60.3981 
175.411 47.6387 
159.022 22.3955 
160.998 37.3215 
171.803 55.6539 
159.385 52.2411 
123.019 145.337 
124.709 161.525 
164.757 89.5419 
177.653 98.0459 
151.839 28.1238 
161.722 50.6675 
175.46 68.6393 
165.548 155.143 
122.382 75.6928 
121.074 173.468 
162.222 57.082 
165.621 185.198 
127.668 63.892 
149.784 132.239 
177.92 19.4939 
159.878 225.933 
128.103 25.6986 
130.816 116.802 
154.641 57.9523 
156.93 77.9307 
127.825 47.0346 
140.568 122.083 
163.978 49.4494 
173.452 256.979 
127.825 78.4891 
144.52 146.819 
164.566 62.1136 
160.802 19.895 
149.54 59.6097 
151.338 73.9042 
160.912 23.0004 
182.215 261.64 
124.113 179.93 
139.119 150.896 
159.462 27.7143 
163.428 22.9726 
179.67 74.6151 
190.199 172.123 
192.036 128.064 
186.632 248 
139.047 137.355 
126.368 146.574 
137.273 116.364 
160.965 132.104 
196.818 122.964 
215.182 47.7337 
208.733 52.0457 
32.9184 32.9814 
30.5821 23.109 
34.7053 13.2279 
36.8094 7.95732 
35.5149 6.22945 
37.5448 8.01236 
32.6491 5.61285 
26.1496 9.98305 
40.7334 28.7066 
28.3933 13.873 
37.6882 26.3069 
42.0655 9.03544 
35.6671 27.4505 
38.6189 5.23927 
34.8137 5.29248 
25.3027 7.82226 
46.3396 25.7348 
39.5312 68.9517 
43.2149 22.7795 
42.1426 5.42336 
34.0681 20.1049 
42.1406 7.71539 
41.6923 6.4391 
34.9134 10.3041 
46.3721 22.8274 
52.8192 10.4683 
50.6066 16.7094 
39.1401 5.06733 
33.7514 7.323 
42.5601 6.58563 
39.7915 4.29697 
33.3225 7.7554 
37.9722 19.2486 
42.1455 32.7601 
47.9819 16.6908 
42.1149 8.15211 
32.3489 4.92713 
37.1693 8.754 
36.0406 15.9207 
29.6746 3.98369 
27.2043 9.23374 
24.4035 30.3735 
39.3111 17.1632 
48.1175 27.0191 
35.7729 10.7634 
38.7484 11.8145 
38.9332 15.8948 
32.988 6.61073 
23.4194 12.0954 
21.5841 31.8638 
32.3178 10.2764 
49.3464 14.0899 
43.8283 6.73644 
38.7107 3.99732 
33.5688 12.2036 
33.1422 9.59762 
33.4877 31.8233 
42.2133 36.8918 
51.556 33.717 
52.8264 15.5202 
44.1914 19.5755 
36.9113 7.69552 
30.8902 10.9327 
30.3731 6.89421 
32.6488 51.7629 
51.2445 26.5256 
69.8923 20.059 
65.8045 16.9175 
50.3035 45.8311 
36.0438 14.2236 
28.2037 7.46451 
24.8871 3.2151 
13.5412 9.15575 
12.9118 13.6536 
14.4727 12.5522 
16.7082 8.02661 
18.4836 7.60294 
19.3223 8.16069 
11.5776 0.520635 
5.9314 4.74685 
15.197 8.2419 
9.41953 3.65978 
10.813 5.52638 
14.6876 8.66818 
18.6478 6.8264 
17.6231 10.927 
9.92168 1.06988 
7.11084 2.77796 
16.4729 7.00128 
15.5588 12.5314 
18.082 10.0428 
15.0802 4.27828 
13.5252 3.47235 
14.6149 4.44945 
10.1439 1.62151 
9.12014 1.44109 
17.7981 5.27675 
24.3877 10.1962 
26.562 9.92244 
15.5458 6.36112 
11.2467 6.27037 
17.2899 16.638 
14.283 13.0267 
10.0507 1.66789 
17.3845 5.52549 
23.1075 6.25875 
23.8733 15.1403 
14.4279 5.46396 
12.9264 13.8245 
24.8396 3.0138 
21.6626 15.1873 
9.92654 2.54249 
14.4453 2.89551 
14.227 6.5043 
15.2333 5.0812 
12.9607 1.6716 
12.4625 6.97029 
24.5426 14.8926 
22.5593 19.1609 
12.2108 3.28297 
15.4552 9.17093 
17.0987 10.3379 
14.4515 16.9023 
13.1136 10.028 
11.7064 1.0775 
13.9979 2.42109 
12.7869 5.14568 
12.1409 2.5565 
18.544 16.5784 
26.4372 6.94624 
26.8557 8.74109 
22.9941 3.3684 
14.1502 5.07634 
10.2068 1.42378 
8.85979 5.86384 
8.96885 1.75984 
11.5039 7.60869 
20.0649 13.7551 
30.2772 4.51833 
26.8165 4.69331 
13.2285 10.1986 
8.4552 1.46272 
11.8164 1.36088 
11.5635 1.41168 
