3839.18 8.95424e+006 
3943.48 7.17374e+006 
4040.2 8.84241e+006 
4081.52 8.94815e+006 
4064.94 8.00994e+006 
4184.65 8.92916e+006 
4539.54 9.11673e+006 
5125.69 1.20373e+007 
3827.83 9.11598e+006 
3923.67 7.45927e+006 
4051.73 8.76723e+006 
4127.94 9.24959e+006 
4224.44 8.39417e+006 
4412.37 9.17722e+006 
4757.15 9.18783e+006 
5192.46 1.13797e+007 
3869.2 9.24741e+006 
3929.66 7.63735e+006 
4046.49 7.52185e+006 
4134.72 8.10141e+006 
4309.92 8.4734e+006 
4612.94 1.0119e+007 
4987.06 9.8743e+006 
5321.31 1.00006e+007 
3933.36 9.2878e+006 
3980.94 7.91382e+006 
4117.22 6.58085e+006 
4245.51 7.79745e+006 
4404.91 8.75671e+006 
4696.71 1.06059e+007 
5124.04 1.00398e+007 
5541.6 1.08151e+007 
4005.56 8.79486e+006 
4006.83 7.8478e+006 
4081.13 6.00002e+006 
4349.2 8.74339e+006 
4631.7 1.04898e+007 
4860.6 1.02376e+007 
5232.09 9.4571e+006 
5682 1.15731e+007 
4056.83 8.68285e+006 
3967.82 7.59651e+006 
3887.51 5.69697e+006 
4218.91 7.92402e+006 
4724.59 1.06094e+007 
5058.9 1.10956e+007 
5376.24 9.57085e+006 
5712.51 1.04552e+007 
4096.13 8.68537e+006 
3928.34 7.41024e+006 
3758.14 6.12961e+006 
4048.75 6.37606e+006 
4625.65 7.88458e+006 
4991.68 8.64094e+006 
5303.71 8.63828e+006 
5597.86 9.73285e+006 
4133.81 8.99983e+006 
3887 6.8437e+006 
3696.21 5.65437e+006 
4006.41 5.66735e+006 
4572.29 7.21911e+006 
4882.32 6.84142e+006 
5166.28 7.20015e+006 
5477.8 8.81087e+006 
4248.15 9.81324e+006 
3955.5 7.18661e+006 
3786.06 5.54683e+006 
4015.66 5.55379e+006 
4520.09 7.9664e+006 
4969.82 8.06473e+006 
5284.93 7.94872e+006 
5661.11 8.84796e+006 
69.3195 19.9056 
68.8737 21.8961 
68.3496 25.0887 
67.8386 28.3144 
67.3147 30.5191 
66.7271 31.5638 
66.1232 31.4526 
65.4482 31.0971 
69.3261 20.2835 
68.8776 22.1771 
68.3295 25.3653 
67.7702 29.0424 
67.2041 31.8497 
66.5858 33.2628 
65.9873 32.7886 
65.3945 31.7977 
69.3066 20.6703 
68.8733 22.1696 
68.325 24.7661 
67.742 28.1126 
67.1134 32.1084 
66.4308 34.8754 
65.8153 34.7168 
65.2688 32.8202 
69.2427 21.2632 
68.8405 22.4227 
68.3153 24.795 
67.6858 28.5355 
67.0244 32.91 
66.3195 35.7484 
65.6634 36.0646 
65.1298 34.2941 
69.1803 21.6599 
68.8124 22.7981 
68.32 25.1022 
67.6176 30.1122 
66.9048 35.5674 
66.1777 37.797 
65.5022 37.2991 
64.9965 35.5383 
69.1413 21.9141 
68.7908 23.3141 
68.3245 25.3849 
67.6252 29.8595 
66.8759 35.5854 
66.0692 39.7154 
65.3761 39.2644 
64.9018 36.9473 
69.1485 21.8868 
68.7781 23.5201 
68.2988 25.9953 
67.6512 29.0526 
66.9546 32.6255 
66.1423 37.3049 
65.4145 38.2382 
64.885 36.5806 
69.1684 21.9842 
68.7945 23.1402 
68.3253 25.1313 
67.6841 28.0938 
66.9826 31.2918 
66.2112 34.9404 
65.5024 35.2021 
64.9132 34.4351 
69.1325 22.4169 
68.7634 23.1284 
68.3388 24.1334 
67.7199 26.796 
66.976 30.8969 
66.143 35.3326 
65.4349 35.0161 
64.8382 33.8352 
122.222 0.0214847 
122.213 0.0365346 
122.201 0.0401526 
122.16 0.0663077 
122.116 0.119289 
122.09 0.141955 
122.094 0.134217 
122.124 0.0988075 
122.236 0.00551764 
122.229 0.0130241 
122.21 0.028566 
122.171 0.0619818 
122.136 0.0924868 
122.113 0.105713 
122.116 0.100068 
122.143 0.081144 
122.239 0.00264561 
122.227 0.00844044 
122.207 0.0248008 
122.18 0.0520502 
122.151 0.0789382 
122.122 0.124086 
122.116 0.126405 
122.142 0.0845086 
122.23 0.0117403 
122.206 0.0347133 
122.188 0.0381385 
122.181 0.0455486 
122.169 0.0569066 
122.15 0.0949365 
122.138 0.120075 
122.147 0.0911661 
122.227 0.00951179 
122.203 0.0380028 
122.183 0.0492146 
122.178 0.0556654 
122.177 0.0616906 
122.176 0.0676551 
122.171 0.0843109 
122.171 0.0751309 
122.23 0.0108238 
122.223 0.0147552 
122.206 0.023587 
122.188 0.0539387 
122.179 0.0782267 
122.182 0.0659429 
122.183 0.0611677 
122.185 0.0583774 
122.237 0.0057079 
122.236 0.00443232 
122.226 0.00760141 
122.209 0.0283199 
122.195 0.0724215 
122.188 0.073002 
122.183 0.0695578 
122.184 0.0636401 
122.243 0.000909447 
122.236 0.00853903 
122.222 0.0223017 
122.211 0.022826 
122.204 0.0431469 
122.204 0.0503978 
122.2 0.0517426 
122.198 0.0525853 
122.245 0.000429323 
122.235 0.00602578 
122.218 0.0221417 
122.204 0.0398751 
122.202 0.0423918 
122.215 0.0293701 
122.222 0.0240652 
122.22 0.0314569 
128.713 0.0138664 
128.728 0.0182902 
128.748 0.0221119 
128.775 0.033829 
128.804 0.0498618 
128.83 0.0596642 
128.846 0.0604939 
128.852 0.0518934 
128.708 0.0127195 
128.724 0.0170252 
128.744 0.0216376 
128.773 0.0334015 
128.803 0.0469003 
128.828 0.0556559 
128.841 0.0561521 
128.844 0.048176 
128.709 0.0112781 
128.725 0.0153605 
128.744 0.0211571 
128.771 0.0323427 
128.802 0.045564 
128.829 0.0573379 
128.845 0.0604613 
128.847 0.0494668 
128.711 0.012274 
128.73 0.0185518 
128.752 0.0255263 
128.777 0.0338223 
128.799 0.0409931 
128.819 0.0489584 
128.839 0.055593 
128.848 0.0497865 
128.713 0.0134244 
128.734 0.0237247 
128.758 0.0315572 
128.781 0.0361194 
128.797 0.0406988 
128.813 0.0437509 
128.83 0.0472361 
128.841 0.0448233 
128.716 0.0135385 
128.735 0.0208791 
128.756 0.0300371 
128.777 0.0366961 
128.794 0.0434401 
128.813 0.0456736 
128.83 0.0457733 
128.839 0.0430509 
128.716 0.0146003 
128.73 0.0157845 
128.748 0.0214327 
128.771 0.0302967 
128.789 0.0406187 
128.808 0.0435807 
128.829 0.0462174 
128.84 0.0443905 
128.712 0.0124079 
128.724 0.0134114 
128.742 0.0173655 
128.766 0.0229286 
128.785 0.0311408 
128.799 0.0364158 
128.817 0.0381925 
128.832 0.0380637 
128.709 0.0105321 
128.722 0.0129118 
128.74 0.0192204 
128.763 0.0250129 
128.781 0.0289827 
128.796 0.0330029 
128.81 0.0316131 
128.825 0.0313089 
111.146 19395.3 
104.682 15559.2 
98.703 10539.1 
109.025 13107.1 
112.304 13174 
104.758 10348.9 
100.819 10442.5 
104.05 9645.89 
99.9 8914.75 
97.3668 8837.66 
94.1193 10427.3 
105.842 18062.6 
111.081 13267 
112.406 14147.7 
112.242 18954.8 
107.856 19956.5 
90.6003 4892.88 
91.6662 6528.83 
92.2967 8178.94 
100.947 13556.3 
107.786 14238.2 
115.801 20041.9 
118.909 21774.1 
112.589 20305.4 
85.8782 4176.59 
88.7208 3742.12 
89.7019 3821.04 
106.933 8448.71 
124.813 23040.5 
128.533 28962.2 
119.112 24443 
109.068 18819 
92.3387 4677.22 
92.0507 3890.29 
101.259 10019.8 
122.098 22192.8 
136.915 36434.7 
140.06 37187.4 
141.375 36691.7 
147.23 44316.6 
94.0931 5401.55 
103.819 6629.65 
119.412 20402.1 
129.139 30856.1 
138.643 38865.9 
147.943 42413.4 
160.113 53248.6 
167.247 52351.6 
98.3323 8023.31 
108.059 12998.4 
121.964 18368.3 
126.068 20803.7 
137.984 33538.1 
145.917 40023.3 
142.882 36508.3 
144.437 31403.4 
98.4925 8374.73 
96.2955 8250.68 
108.401 9826.75 
117.548 9354.08 
124.66 16431.3 
139.022 25858.9 
145.354 27808.3 
148.013 25327.6 
97.8103 5589.06 
98.8776 5415.21 
108.768 6654.57 
116.922 10493.3 
120.048 15414.4 
134.356 20578.6 
156.169 32331.8 
170.634 35350.9 
162.917 7843.42 
169.993 6693.1 
180.357 11993.3 
196.936 20641.5 
205.639 23529.7 
211.596 24367.7 
222.811 29282.7 
241.995 55760.9 
162.196 8793.48 
170.815 8540.91 
180.552 15446.2 
202.922 41189.3 
218.856 40241.4 
229.982 32253.3 
244.113 87204 
228.683 82195.6 
154.926 8945.67 
168.764 10060.4 
178.048 16096.7 
192.564 33583.1 
218.262 36841.7 
240.366 40437.1 
252.036 83120.7 
240.109 81437.5 
150.598 6594.75 
164.255 7133.83 
176.52 10436.2 
194.271 18521 
221.742 35425.2 
244.471 54209.5 
245.397 73339.6 
244.064 110256 
160.315 7572.5 
170.691 6890.72 
186.204 14570.2 
208.208 31891.7 
234.908 67023.3 
264.18 76513.9 
276.557 101176 
269.726 97712.2 
161.942 8820.81 
171.897 10189.4 
192.408 20151.9 
216.878 41607.4 
251.01 90555.2 
285.976 105917 
304.497 137819 
280.644 110657 
163.293 12035.7 
186.774 19590.6 
205.848 34016.4 
218.681 32132.5 
244.954 62920 
275.28 93899.3 
299.192 110542 
289.997 90406.3 
168.274 11264.6 
184.653 17116.5 
203.498 33694.3 
219.074 28227.4 
238.821 36170.6 
263.382 50179.7 
299.495 84221.4 
302.66 96580.6 
165.799 9686.49 
171.297 9652.6 
188.891 16766.3 
214.032 20910.5 
241.866 34569.6 
273.085 49063.8 
326.168 168709 
345.143 191998 
769.82 633004 
765.249 457202 
746.791 475990 
760.606 470473 
797.306 430862 
831.833 535625 
913.914 579891 
1019.78 561958 
738.98 568398 
742.373 448355 
743.093 484704 
785.551 542420 
861.682 601944 
919.231 680555 
965.865 562969 
1020.11 534189 
727.003 569961 
739.592 470578 
759.264 429013 
812.279 533868 
920.193 765655 
1036.05 883594 
1081.79 799420 
1091.36 605510 
728.494 543434 
729.509 461910 
769.475 508035 
797.651 490357 
895.525 649422 
1043.61 924260 
1112.94 891984 
1123.03 662696 
734.191 499157 
735.017 474886 
753.1 490743 
796.517 579331 
905.733 718345 
1004.93 722982 
1046.36 706831 
1069.94 587175 
759.786 518173 
738.474 473835 
730.681 397564 
807.166 594213 
925.148 737369 
1049.31 858594 
1080.77 744497 
1067.13 536924 
776.248 619322 
750.28 551690 
710.64 415707 
789.168 489666 
917.369 617724 
1042.66 876268 
1113.06 874754 
1140.05 690544 
782.437 727032 
729.503 549283 
674.991 385349 
761.695 460955 
914.773 638565 
1027.14 714406 
1113.44 785119 
1165.38 682824 
787.581 637913 
701.332 462802 
653.642 307331 
754.816 423499 
920.679 715419 
1045.57 744839 
1110.84 715373 
1200.48 696930 
2484.86 5.72044e+006 
2580.46 5.04272e+006 
2669.51 6.07152e+006 
2655.21 6.26472e+006 
2585.4 5.9829e+006 
2667.57 6.7591e+006 
2947.65 6.84772e+006 
3395.09 8.73087e+006 
2510.02 5.96944e+006 
2587.09 5.31484e+006 
2699.02 6.05973e+006 
2681.03 5.96687e+006 
2658.76 5.68371e+006 
2766.24 6.49209e+006 
3056.19 6.41845e+006 
3456.78 8.00913e+006 
2576.4 6.11598e+006 
2600.02 5.55424e+006 
2680.24 5.40901e+006 
2673.15 5.32259e+006 
2683.37 5.14717e+006 
2832.45 6.09281e+006 
3150.93 6.34075e+006 
3512.64 7.24949e+006 
2653.4 6.08969e+006 
2666.77 5.58483e+006 
2737.62 4.3202e+006 
2777.54 5.13471e+006 
2758 4.89113e+006 
2860.85 5.25619e+006 
3239.4 5.70259e+006 
3650.88 7.24144e+006 
2689.51 5.58485e+006 
2664.24 5.08085e+006 
2680.89 3.62025e+006 
2815.83 4.58879e+006 
2910.9 4.70047e+006 
2981.76 4.61715e+006 
3291.15 4.81093e+006 
3708.46 6.74774e+006 
2674.82 5.31581e+006 
2575.77 4.55897e+006 
2459.26 3.23709e+006 
2642.37 3.7469e+006 
2936.26 4.26241e+006 
3066.09 4.50108e+006 
3324.14 4.77063e+006 
3707.3 6.6997e+006 
2669.91 5.0619e+006 
2487.03 4.11536e+006 
2318.52 3.26787e+006 
2503.36 3.2056e+006 
2852.26 3.63256e+006 
3010.63 3.56205e+006 
3259.81 4.29312e+006 
3572.23 6.36898e+006 
2726.53 5.03014e+006 
2510.12 3.83548e+006 
2329.73 3.21852e+006 
2525.55 3.07592e+006 
2867.42 3.79707e+006 
2979.4 3.38475e+006 
3128.55 3.52979e+006 
3399.44 5.19774e+006 
2866.71 5.49566e+006 
2647.14 4.14899e+006 
2486.1 3.46152e+006 
2570.33 3.19606e+006 
2854.84 3.95443e+006 
3090.29 3.83987e+006 
3220.54 3.66379e+006 
3438.36 4.6292e+006 
239.412 17393.1 
253.54 16678.4 
270.323 20395.1 
276.683 28514.2 
277.154 28557.7 
281.154 31743.8 
269.907 22997.7 
281.955 69215 
243.593 15755.7 
253.583 15485.3 
260.5 19814 
271.023 32973.6 
286.411 33474.5 
293.433 44708.2 
291.571 42033 
296.407 88050.5 
248.287 21040.7 
255.815 17827.2 
261.339 20523.5 
274.819 31755.5 
294.306 35228.3 
300.424 48397.6 
297.645 52525.7 
284.149 41694.8 
243.404 21870.6 
256.41 19724.8 
267.302 21521.5 
284.739 34807.3 
314.152 57213.7 
324.19 78076.3 
311.257 73858.1 
322.138 97621.4 
254.726 22553.9 
266.225 23617.6 
278.794 25634.9 
312.413 54861.6 
338.046 82858.1 
357.217 107685 
361.228 113699 
372.534 136913 
284.268 26061.7 
291.294 29450.6 
299.769 32704.1 
330.36 71723.5 
361.036 118496 
383.677 125512 
380.006 119277 
364.626 108640 
300.464 27480 
306.323 32305 
307.514 35937.1 
319.583 48441.4 
362.83 115876 
389.963 115108 
369.902 98051.8 
334.002 70849.3 
277.727 25861.5 
287.83 27674.9 
291.819 35491.4 
292.552 33036.9 
325.092 56688.7 
358.388 72251.5 
363.169 74249.8 
343.195 62387.6 
258.543 31173.8 
264.358 31763.5 
265.024 34677.7 
273.187 32967.6 
291.014 38297.9 
316.13 50786.7 
352.424 65969.4 
385.906 105279 
71.028 2293.22 
69.5596 2191.89 
74.522 2312.74 
83.0607 4499.94 
87.1352 6362.63 
87.7313 6012.4 
84.4397 4615.28 
82.8197 5720.31 
73.1457 1856.37 
72.4483 1960.54 
74.4498 2777.39 
81.5737 6122.06 
87.6456 6465.13 
91.0842 8517.17 
87.1663 7612.87 
82.6291 6500.19 
71.9873 2142.14 
73.8012 1919.64 
75.3 2685.21 
80.9646 6948.2 
86.001 7570.32 
87.8452 8912.95 
85.7498 10429.1 
80.4689 7150.43 
71.5928 2620.24 
75.2712 1671.46 
76.5977 2212.2 
84.3747 5103.41 
90.6806 8024.55 
95.0607 10670.8 
95.9441 15024 
92.4254 13703.9 
74.4732 3137.04 
78.6109 2942.38 
80.8877 3589.52 
94.1404 7941.75 
105.206 12770.5 
112.449 17985.8 
115.429 22691.3 
114.108 21183.9 
81.9167 3787.2 
86.565 4091.62 
85.9804 4936.32 
93.0019 9011.01 
112.494 21296.8 
125.898 27702.4 
126.707 29664.5 
125.566 24240.1 
87.8824 3519.66 
89.8808 4540.78 
93.6559 7890.67 
91.8976 7536.21 
110.253 21168.3 
127.235 26617.7 
118.86 25670.8 
117.15 22358.8 
80.3552 2851.05 
78.5985 3352.29 
87.7762 8502.99 
89.987 7452.57 
101.526 11589.6 
114.993 15384.4 
116.277 19563.6 
119.117 18969.5 
71.7078 4306.19 
72.5057 5083.82 
83.6346 7062.86 
86.375 7253.38 
91.6463 8446.52 
110.383 13518.2 
118.794 16516.1 
120.583 17744.2 
