4019.31 77144.9 
3414.88 31671.1 
3745.24 89898.6 
4634.24 227505 
3459.51 123854 
3675.04 70332.3 
5165.72 297180 
6105.88 174474 
3306.01 128381 
4315.7 271772 
7166.88 755395 
7264.01 270299 
4302.94 519913 
8051.47 4.76276e+006 
11092.3 2.66638e+006 
7752.94 342153 
6610.64 725027 
13813.8 1.66951e+006 
14293.6 460269 
7234.53 929533 
7383.71 413346 
11314.3 5.02717e+006 
9772.22 5.011e+006 
4969.86 1.04135e+006 
7035.19 263214 
4649.28 1.68806e+006 
2970.1 1.1284e+006 
2689.33 202944 
5696.93 448127 
3007.82 639601 
1549.6 42409.1 
1836.08 27808.3 
3308.03 708809 
2673.64 286812 
1977.35 63345.7 
2133.3 54475.8 
52.4081 0.0375484 
52.4681 0.0257236 
51.6591 0.0394706 
51.0736 0.046355 
52.6011 0.0267085 
52.6527 0.0115238 
51.6099 0.0924642 
51.0935 0.0955637 
52.5955 0.0199402 
52.653 0.0106883 
51.7442 0.154208 
51.356 0.149332 
52.4635 0.0244916 
53.0601 0.144397 
52.365 0.196772 
51.5642 0.138464 
52.6673 0.0672329 
54.3655 0.106362 
53.1528 0.120329 
51.4436 0.104511 
52.682 0.0547715 
54.0939 0.132942 
52.7641 0.107708 
51.2619 0.0580457 
51.8893 0.0871002 
52.4897 0.118462 
51.9261 0.0413942 
51.3117 0.028683 
51.5455 0.0192306 
51.9415 0.0207568 
51.7095 0.0110187 
51.2471 0.01748 
51.8938 0.0297845 
51.7722 0.0208172 
51.5644 0.00957437 
51.2078 0.0111422 
90.0665 4.46481e-005 
90.0669 4.01619e-005 
90.0744 8.70513e-007 
90.0761 3.40226e-007 
90.0655 4.38775e-005 
90.066 3.95152e-005 
90.0746 1.22366e-006 
90.0761 6.78957e-007 
90.0705 1.66098e-005 
90.0706 1.38244e-005 
90.0743 1.08253e-006 
90.0754 1.05693e-006 
90.0724 1.64127e-007 
90.0709 8.37138e-007 
90.0728 1.26402e-006 
90.0748 9.40398e-007 
90.072 5.53978e-007 
90.0691 1.25539e-005 
90.0711 5.53091e-005 
90.0739 6.35288e-005 
90.0542 0.00027808 
89.9353 0.00717355 
89.8153 0.022566 
89.8697 0.014526 
90.0178 0.00124722 
89.6526 0.00863668 
89.295 0.0207832 
89.4475 0.0145456 
90.0066 0.0016979 
89.5741 0.00765655 
89.1481 0.011183 
89.2805 0.00585817 
90.0271 0.000787509 
89.7566 0.00662788 
89.5232 0.0167725 
89.5896 0.0145218 
94.8354 0.00172772 
94.8308 0.00137816 
94.8163 2.53494e-005 
94.8274 1.83066e-005 
94.8346 0.00176361 
94.8299 0.00135288 
94.8177 4.30554e-005 
94.8275 3.57702e-005 
94.8065 0.000596142 
94.8044 0.00042879 
94.8149 5.64522e-005 
94.8225 5.39322e-005 
94.8006 8.31352e-006 
94.7907 3.61021e-005 
94.8047 6.01044e-005 
94.8185 4.70956e-005 
94.7977 2.04228e-005 
94.7701 3.38015e-005 
94.7936 5.57357e-005 
94.8216 4.65778e-005 
94.8039 4.43366e-005 
94.8232 0.00120766 
94.8922 0.00312739 
94.9035 0.00202691 
94.8325 0.000181846 
94.9507 0.00134238 
95.0889 0.00278334 
95.0631 0.00194188 
94.8444 0.00019497 
94.9975 0.000731649 
95.1603 0.00104632 
95.1409 0.000364713 
94.8315 0.000138261 
94.9497 0.000802672 
95.0489 0.00189022 
95.0345 0.00193976 
84.8511 76.9421 
112.735 188.773 
120.383 139.37 
103 1431.49 
70.2713 447.044 
69.6753 765.741 
119.648 129.217 
118.204 798.811 
67.97 348.723 
77.2629 1020.78 
142.991 863.754 
127.563 967.559 
121.599 884.433 
252.031 6321.94 
337.097 7388.12 
190.401 6108.19 
413.752 35551.1 
1321.71 113603 
1253.53 51937.7 
349.543 20616.8 
603.202 26777.3 
1550.85 17425.6 
1281.95 25489.4 
307.3 16291.8 
546.037 20000.1 
691.329 164220 
413.545 91336.7 
102.475 6170.36 
358.852 4791.53 
187.895 4281.2 
99.063 1261.54 
57.755 322.036 
192.973 3234.44 
114.052 1016.61 
95.8294 271.426 
69.7916 99.5544 
157.015 499.782 
115.226 408.08 
163.5 847.043 
172.44 838.187 
133.156 675.54 
94.9651 243.22 
216.165 3713.86 
254.636 6554.23 
107.025 814.103 
153.362 7701.32 
407.399 10034.2 
378.317 6978.91 
298.297 18380.6 
921.808 87799.1 
972.712 36324.7 
395.669 10061.7 
910.661 114186 
2023.5 189510 
1431.35 42965.6 
346.398 19897.6 
1287.03 30708.1 
1995.48 68013.7 
1081.46 60005.8 
302.157 15126.9 
1039.28 45900 
1062.2 155439 
459.302 52908.6 
166.127 6350.93 
551.402 11123.8 
259.75 10160.5 
132.925 1820.24 
95.0029 668.442 
315.703 5531.67 
166.924 3056.51 
113.096 364.78 
109.93 229.622 
1118.52 9943.85 
855.205 16336.8 
867.959 6990.19 
1207.41 16677 
844.419 8501.57 
979.778 36153.9 
1298.28 94528.1 
1375.71 47778 
716.949 5564.97 
1434.93 64428.1 
2322.61 87710.1 
1875.66 127617 
1221.41 304660 
2652.59 482531 
3219.44 124759 
2066.26 79166.3 
2646.78 183511 
4275.42 66945.4 
3043.35 213048 
1430.42 102450 
2674.14 247337 
3363.05 633010 
1782.87 290757 
792.562 30510.7 
1924.62 42957.3 
1246.01 100531 
604.397 48251.4 
531.949 8293.82 
1640.54 52707.4 
834.122 68662 
297.155 8721.6 
414.159 3579.43 
973.939 90973.6 
727.459 36429.9 
353.028 8312.75 
430.316 6946.08 
2249.46 48178.2 
1880.42 44619.4 
2052.63 66458.3 
2641.62 170975 
2098.86 43270.4 
2241.19 39167.2 
2897.67 79240 
3667.47 114192 
2094.62 66536.3 
2205.97 50429.4 
3400.92 228161 
4072.55 144904 
2097.02 64961.7 
2898.46 429015 
4680.56 587680 
4002.16 134556 
1823.86 54645.5 
3604.21 180533 
5275.84 285686 
3538.73 186171 
1999.56 46766.4 
2408.49 600114 
3169.32 931700 
2315.75 206674 
2610.27 59419.2 
1045.2 98748.1 
919.243 46884 
1373.75 47567.4 
2232.17 58368.1 
1223.74 131965 
671.812 13606.4 
942.477 18349.1 
1285.03 142730 
1207.58 75071.4 
928.619 20703.5 
1061.46 17794 
321.321 2874.9 
318.024 1244.84 
430.415 5471.16 
415.708 9536.73 
247.024 4559.59 
209.274 3765.75 
556.224 3315.71 
602.861 3596.02 
254.203 3643.07 
329.665 19552.1 
753.413 11779.9 
707.458 5138.2 
395.527 1681.69 
1025.23 238331 
1443.18 261358 
802.256 39595.5 
486.888 2699.04 
1792.91 123105 
2305.93 39869.8 
1049.16 34542.6 
484.069 4057.59 
1236.56 195328 
1629.57 264255 
873.126 36630.4 
572.903 1802.81 
292.804 6598.57 
332.107 10196.4 
398.885 11454.7 
539.876 5145.22 
326.794 7444.48 
203.44 1867.9 
206.462 2131.58 
325.37 4759.8 
341.948 1932.04 
315.831 1199.75 
312.783 725.942 
88.1387 646.211 
133.269 544.15 
110.349 311.669 
94.0598 889.462 
65.7842 298.543 
80.1498 344.897 
77.7288 259.138 
86.9959 591.217 
65.2368 255.169 
114.508 798.922 
139.539 935.099 
102.461 413.996 
169.084 2706.89 
301.344 13253 
439.297 23060.6 
296.191 12712.7 
328.705 5503.31 
796.015 16504.5 
983.639 12239.7 
520.29 10115.5 
335.709 5015.36 
759.898 9822 
827.055 16674.3 
378.966 11507.5 
342.074 3684.01 
311.744 19802 
241.511 20495.8 
116.139 3490.71 
374.101 3266.06 
175.512 3106.19 
145.208 707.82 
120.225 320.068 
215.022 3654.58 
115.68 737.93 
170.949 783.586 
149.013 110.77 
