3930.78 3850.97 3535.37 4169.15 3863.93 3779.07 4280.34 4000.62 3465.78  
3213.49 3279.9 3047.65 3312.09 3251.61 3332.65 3403.72 3258.47 3495.78  
3390.92 3886.44 3833.39 3581.19 3619.26 4144.3 3783.35 3690.62 4502.42  
4318.05 5137.61 4685.55 4551.81 4338.24 5261.83 5106.57 4754.73 5680.53  
3396.28 2934.43 3079.14 3472.28 3511.99 3166.32 3182.84 3057.36 2827.11  
3580.99 3832 3625.95 3817.66 3555 3939.69 3735.12 3734.68 4181.3  
4683.96 5752.77 5413.47 5033.61 4745.12 5768.31 5531.57 5416.93 6442.15  
5777.62 6384.67 6148.24 6043.21 5787.25 6257.31 6578.68 6256.78 6631.87  
2832.53 2900.4 3124.86 2898.71 3075.11 3229.01 2801.81 2809.82 3145.46  
4189.32 4682.44 4881.73 4414.45 4569.27 5156.04 3985.88 4473.77 5394.06  
6454.5 8074.77 7524.72 7204.11 6850.27 8726.08 7976.1 7424.13 8931.98  
6644.58 7678.48 6893.85 7121.59 6543.52 7422.02 8375.23 7273.16 7743.28  
3210.53 4393.97 4338.11 3665.48 3823.8 5684.46 3754.19 3719.69 5435.05  
5438.18 9996.66 8516.4 7106.71 7013.16 11731.7 8838.76 7539.11 12849.2  
9035.41 12632.7 11138.9 10825.1 10387.6 13049.4 12600.4 10819.7 14036.7  
7781.48 7730.17 7061.33 7839.01 7256.19 6869.6 8404.52 7731.06 7475.21  
5750.85 7277.97 7839.62 6124.41 6883.61 8404.64 6243.12 6566.84 7797.71  
13795.5 15600.6 15610.9 14380.2 14561.2 15470.1 15243.9 15202.8 15198.1  
14646.3 14298.3 14153.9 15217.7 14668.7 13169.6 14869.8 14871 13125.1  
7456.39 6233.74 6352.29 7228.23 6850.55 5517.58 6638.74 6879.62 5400.67  
7812.66 7659.7 8768.8 7599.01 8596.89 7737.91 7039.66 7736.3 7494.85  
15227.2 11096.4 13144.1 12959.4 13938.1 8432.37 11084.7 13174.5 7482.82  
13150.2 8710.82 9902.55 10898.8 10939.9 6300.21 9095.2 10755.7 5815.91  
5411.03 4128.45 4401.27 4712.82 4662.77 3663.86 4317.3 4650.92 3509.15  
7462.13 6767.42 7227.69 7289.65 7302.33 6221.19 7179.34 7274.35 6247.16  
6412.87 2921 3224.03 5131.8 5181.48 2571.99 4283.6 4373.04 2456.53  
4964.59 2012.43 2598.97 3155.04 3843.07 1912.91 2233.98 3113.6 1709.38  
3320.76 2446.33 2837.7 2911.62 3186.41 2488.54 2471.09 2873.38 2236.35  
6031.62 5233.65 5314.15 5517.16 5404.59 4494.93 5357.35 5472.23 4212.82  
2351.85 2231.36 1633.89 2927.17 2068.53 2198.89 3157.72 2130 2263.45  
1640 1404.42 1421.74 1393.02 1447.04 1474.61 1454.77 1374.72 1500.72  
2161.69 1793.15 2039.71 1876.76 2107.89 2014.73 1652.58 1852.11 1860.45  
4220.89 2520.45 2913.47 3074.28 3280.37 2204.82 2618.25 3063.52 1967.84  
2267.79 2270.74 2035.32 2516.64 2192.64 2368.13 2422.36 2239.37 2455.35  
1503.6 1916.81 1761.02 1793.66 1744.77 2272.4 1947.65 1726.05 2251.64  
1864.02 2203.71 2150.2 2103.36 2176.68 2638.5 2096.15 2007.37 2547.79  
52.3497 52.6317 52.6535 52.3295 52.4401 52.6905 52.4606 52.5452 52.6916  
52.5244 52.6564 52.5559 52.5002 52.4655 52.603 52.6746 52.608 52.7235  
51.6787 51.4998 51.3504 51.6193 51.4796 51.2384 51.7239 51.5582 51.461  
50.9652 50.7985 50.8435 50.9145 50.9597 50.7595 50.8139 50.8548 50.7842  
52.6922 52.7714 52.8308 52.6157 52.748 52.8005 52.632 52.7408 52.7674  
52.7236 52.7529 52.7335 52.6976 52.6996 52.7689 52.7415 52.7515 52.7441  
51.4752 51.3862 51.1082 51.4659 51.1748 51.0731 51.7142 51.4263 51.3639  
50.807 50.8013 50.6902 50.813 50.7234 50.6752 50.914 50.8017 50.8492  
52.7674 52.7326 52.7752 52.6736 52.7519 52.6905 52.6405 52.7287 52.6856  
52.7441 52.7208 52.6048 52.7496 52.7192 52.665 52.7716 52.7158 52.7983  
51.3639 51.4367 51.1089 51.3609 51.0879 51.2902 51.7372 51.3662 51.6422  
50.8492 51.0276 50.881 50.8913 50.7873 51.0528 51.1188 50.9237 51.1606  
52.6835 52.4912 52.6587 52.5149 52.6045 52.6645 52.3924 52.5803 52.5618  
52.8039 53.2913 52.8263 53.0003 52.8049 53.4119 53.4552 53 54.001  
51.6406 52.149 51.7554 51.8593 51.6242 52.1112 52.3491 51.8686 52.5749  
51.1577 51.2143 51.2338 51.1799 51.1692 51.2254 51.1364 51.1833 51.162  
52.6143 52.8364 53.2185 52.6337 52.9104 53.0713 52.4978 52.7997 52.7872  
54.2675 54.7941 54.5148 54.4514 54.1408 54.5064 54.9621 54.7064 54.7024  
52.7362 52.9859 52.6371 52.8937 52.5318 52.6688 53.3076 52.9445 52.8877  
51.1635 51.1755 51.2011 51.1881 51.23 51.1101 51.132 51.1954 51.0919  
52.7872 52.7538 53.2075 52.6169 53.0172 52.7453 52.4132 52.7698 52.5045  
54.7024 54.2212 54.2873 54.366 54.3036 53.6672 54.3197 54.4753 53.5195  
52.8877 52.5298 52.413 52.6904 52.4598 52.134 52.7774 52.6905 52.1737  
51.0919 51.0721 51.0066 51.0523 51.0177 51.0173 51.1327 51.0523 51.1639  
52.3514 51.6483 52.0462 51.8917 52.2416 51.6397 51.5771 52.0085 51.5712  
53.2102 52.2934 52.4336 52.6586 52.8524 52.2041 52.3756 52.6964 52.183  
52.0307 51.7153 51.7036 51.8163 51.8019 51.6369 51.8078 51.8163 51.6842  
51.183 51.1758 51.0717 51.1924 51.0706 51.0709 51.2993 51.1924 51.1599  
51.5623 51.6398 51.7219 51.5104 51.6124 51.7523 51.5164 51.591 51.7842  
52.1561 52.0375 52.0435 52.0213 52.0831 51.9811 51.9987 52.0769 51.9606  
51.6787 51.606 51.5713 51.6353 51.5904 51.5231 51.6739 51.6353 51.5725  
51.1533 51.1297 51.056 51.1333 51.0604 51.082 51.2123 51.1333 51.1328  
51.7842 52.1193 52.0348 51.9213 51.9328 52.1249 52.0509 51.9887 52.1542  
51.9606 51.7352 51.7839 51.8357 51.8483 51.6315 51.795 51.8334 51.6099  
51.5725 51.4777 51.457 51.5045 51.4657 51.3911 51.5227 51.5157 51.4368  
51.1328 51.1097 51.0812 51.1127 51.0755 51.0705 51.1501 51.1197 51.1003  
90.0727 90.0719 90.0719 90.0727 90.0724 90.0718 90.0724 90.0722 90.0718  
90.0722 90.0719 90.0721 90.0723 90.0724 90.072 90.0718 90.072 90.0717  
90.0744 90.0749 90.0753 90.0746 90.075 90.0756 90.0743 90.0748 90.0751  
90.0764 90.0769 90.0767 90.0765 90.0764 90.077 90.0768 90.0767 90.0769  
90.0718 90.0716 90.0714 90.072 90.0716 90.0715 90.0719 90.0717 90.0716  
90.0717 90.0716 90.0717 90.0718 90.0718 90.0716 90.0717 90.0716 90.0717  
90.075 90.0753 90.076 90.0751 90.0758 90.0761 90.0744 90.0752 90.0753  
90.0769 90.0769 90.0772 90.0768 90.0771 90.0772 90.0766 90.0769 90.0767  
90.0716 90.0717 90.0716 90.0718 90.0716 90.0718 90.0719 90.0717 90.0718  
90.0716 90.0717 90.072 90.0716 90.0717 90.0719 90.0716 90.0717 90.0715  
90.0753 90.0751 90.076 90.0753 90.0761 90.0756 90.0743 90.0753 90.0746  
90.0767 90.0763 90.0766 90.0766 90.0769 90.0762 90.076 90.0765 90.0759  
90.0718 90.0723 90.0719 90.0722 90.072 90.0719 90.0726 90.0721 90.0722  
90.0715 90.0704 90.0715 90.071 90.0715 90.0701 90.0699 90.071 90.0687  
90.0746 90.0734 90.0744 90.0741 90.0747 90.0736 90.0729 90.0741 90.0724  
90.0759 90.0757 90.0757 90.0758 90.0759 90.0757 90.076 90.0758 90.0759  
90.072 90.0715 90.0705 90.072 90.0713 90.0709 90.0723 90.0716 90.0716  
90.068 90.0667 90.0674 90.0675 90.0684 90.0674 90.0662 90.0669 90.0669  
90.072 90.0714 90.0723 90.0716 90.0725 90.0722 90.0706 90.0715 90.0716  
90.0759 90.0758 90.0758 90.0758 90.0757 90.076 90.076 90.0758 90.076  
90.0716 90.0486 90.0428 90.0591 90.0538 90.0114 90.0726 90.0578 90.0355  
90.0669 89.8824 89.9426 89.9638 89.9899 89.7959 89.9054 89.9561 89.7722  
90.0716 89.7422 89.8825 89.8741 89.9458 89.6287 89.7424 89.8741 89.5445  
90.076 89.8356 89.9398 89.9319 89.9853 89.7575 89.8227 89.9319 89.6909  
90.0312 90.0097 89.9625 90.0265 89.9868 89.9446 90.0748 90.0229 90.0004  
89.7356 89.5503 89.5689 89.6895 89.6802 89.4843 89.6489 89.6621 89.4751  
89.4787 89.1479 89.3114 89.3467 89.4386 89.1201 89.216 89.3467 89.0149  
89.6426 89.4017 89.5293 89.5462 89.6205 89.3926 89.4162 89.5462 89.3054  
89.9986 90.0077 89.9293 90.0073 89.9341 89.9597 90.0749 90.0022 90.0156  
89.4601 89.534 89.4164 89.5287 89.4368 89.5538 89.6019 89.4896 89.601  
88.9886 89.1214 89.0779 89.0418 89.0408 89.2269 89.1231 89.0418 89.2551  
89.2788 89.3384 89.3315 89.2952 89.3126 89.4076 89.3074 89.2952 89.4298  
90.0156 90.0285 89.9728 90.0276 89.9766 89.9959 90.0734 90.0233 90.0296  
89.601 89.7125 89.6248 89.7013 89.6394 89.7728 89.7574 89.6678 89.7954  
89.2551 89.5242 89.439 89.4394 89.4121 89.6735 89.5144 89.4166 89.6987  
89.4298 89.6708 89.59 89.6008 89.5724 89.7884 89.65 89.5744 89.8154  
94.8025 94.7972 94.7968 94.803 94.8008 94.7962 94.8005 94.7989 94.7961  
94.7993 94.7968 94.7987 94.7997 94.8004 94.7978 94.7965 94.7977 94.7956  
94.8152 94.8189 94.8217 94.8164 94.819 94.824 94.8145 94.8177 94.8198  
94.8293 94.8329 94.8319 94.8304 94.8294 94.8337 94.8326 94.8317 94.8335  
94.7961 94.7946 94.7935 94.7975 94.7951 94.7941 94.7972 94.7952 94.7947  
94.7956 94.7951 94.7954 94.7961 94.796 94.7948 94.7953 94.7951 94.7953  
94.8195 94.8215 94.8271 94.8198 94.8255 94.8278 94.8149 94.8206 94.822  
94.8331 94.8333 94.8354 94.833 94.8346 94.8357 94.8312 94.8333 94.8323  
94.7947 94.7954 94.7946 94.7964 94.795 94.7962 94.7971 94.7954 94.7963  
94.7953 94.7957 94.798 94.7951 94.7958 94.7969 94.7947 94.7958 94.7943  
94.822 94.8208 94.8273 94.8221 94.8277 94.8239 94.8146 94.822 94.8169  
94.8323 94.8288 94.8315 94.8315 94.8333 94.8281 94.8272 94.8309 94.8262  
94.7964 94.8001 94.7969 94.7995 94.7978 94.7974 94.8018 94.7983 94.7992  
94.7942 94.787 94.7948 94.7911 94.7947 94.7862 94.7835 94.7912 94.776  
94.817 94.8092 94.8157 94.8135 94.8178 94.8107 94.8051 94.8134 94.8031  
94.8262 94.8249 94.8243 94.8257 94.8257 94.8244 94.8267 94.8256 94.826  
94.7984 94.7947 94.7881 94.7983 94.7936 94.7909 94.8006 94.7953 94.7957  
94.7716 94.7623 94.7677 94.7682 94.7742 94.7676 94.7588 94.7639 94.764  
94.8005 94.7957 94.8017 94.7976 94.8038 94.8009 94.7901 94.7966 94.7974  
94.826 94.8254 94.8249 94.8254 94.8244 94.8265 94.8266 94.8252 94.8269  
94.7957 94.8045 94.7981 94.8035 94.798 94.818 94.8024 94.8009 94.814  
94.764 94.8368 94.8155 94.806 94.7986 94.8764 94.8267 94.8069 94.8869  
94.7974 94.9187 94.8728 94.8702 94.8497 94.9664 94.9143 94.8702 94.993  
94.8269 94.9209 94.8827 94.8838 94.8643 94.9549 94.9229 94.8838 94.9752  
94.8185 94.8397 94.8483 94.8292 94.8362 94.8625 94.8184 94.8282 94.8443  
94.9051 94.9869 94.9778 94.9313 94.9309 95.0118 94.9509 94.9401 95.0155  
95.0183 95.1401 95.086 95.0683 95.039 95.1553 95.1143 95.0683 95.1874  
94.9936 95.0878 95.0446 95.0311 95.0083 95.099 95.0748 95.0311 95.1257  
94.8454 94.8419 94.8682 94.844 94.8682 94.8588 94.8191 94.8443 94.8368  
95.0235 95.011 95.0488 95.0083 95.0379 95.0105 94.9864 95.0214 94.9957  
95.2007 95.1749 95.1868 95.1945 95.1958 95.1499 95.1729 95.1945 95.1382  
95.1391 95.131 95.1345 95.1419 95.1393 95.1145 95.1369 95.1419 95.1011  
94.8368 94.8262 94.8505 94.83 94.8505 94.8427 94.8079 94.8304 94.827  
94.9957 94.9723 94.9998 94.9686 94.99 94.9555 94.9514 94.9815 94.9502  
95.1382 95.0546 95.0819 95.0799 95.0894 95.0037 95.0587 95.088 94.9978  
95.1011 95.0075 95.0418 95.0335 95.0478 94.9619 95.0144 95.0449 94.9513  
91.9899 89.6655 95.7035 87.1798 94.0791 96.817 70.0486 82.0077 88.7988  
126.289 131.331 127.804 123.328 117.241 133.953 107.484 127.56 95.5234  
127.428 128.285 110.35 123.533 109.647 128.013 123.492 121.355 134.296  
62.7305 63.643 63.2242 60.6785 61.0977 62.5804 85.544 57.0734 99.9537  
85.445 71.5599 27.1095 68.8554 81.8174 67.5486 69.2573 64.0726 71.8914  
90.3895 44.8501 78.0673 71.4596 128.597 85.6101 37.9089 32.899 44.7642  
127.079 112.199 120.363 121.209 131.581 117.695 106.32 115.968 109.438  
95.676 102.239 92.0849 94.4051 70.7253 77.363 108.442 117.605 101.726  
72.0292 77.0613 36.9202 72.5863 67.8145 71.8725 77.1596 73.8645 75.7158  
44.85 65.3097 118.038 54.3431 83.1189 148.859 64.5043 58.8073 123.104  
109.648 175.275 148.109 119.466 113.727 174.908 173.621 143.661 195.776  
101.921 157.193 95.2812 107.953 69.7229 91.3322 157.914 133.272 129.396  
77.0884 154.499 141.127 145.861 140.189 130.487 151.102 157.57 142.792  
130.595 320.067 370.554 294.755 270.103 349.587 234.338 310.987 394.701  
195.06 342.234 321.112 322.079 276.311 428.963 327.682 330.459 530.869  
124.641 122.734 57.5322 117.127 82.6918 160.14 201.021 116.275 231.824  
157.322 596.67 697.632 351.454 366.391 811.346 366.412 490.528 626.147  
770.476 1737.34 1654.92 1316.39 1173.02 1699.15 1653.35 1555.8 1765.37  
909.867 1373.22 1147.74 1302.26 1073.12 1150.33 1584.44 1352.08 1398.27  
258.435 206.093 179.802 270.614 190.307 164.464 295.714 260.662 224.207  
627.348 647.978 855.283 555.097 844.838 927.32 407.936 586.936 708.028  
1768.76 1618.09 1704.17 1621.43 1665.26 1596.44 1665.9 1654.31 1638.6  
1400.95 1274.32 1063.56 1338.66 1123.83 950.458 1494.76 1321.08 1125.78  
224.637 243.085 197.41 251.691 199.872 121.872 256.571 248.385 100.1  
726.715 429.886 611.091 640.653 835.988 434.684 385.924 677.398 417.165  
1547.98 258.925 561.78 815.733 1110.52 210.512 446.243 796.667 220.563  
1028.85 152.066 187.798 340.743 509.566 108.433 271.182 336.267 166.222  
93.5188 61.547 51.3581 57.7637 61.1797 56.6575 70.7979 57.0051 76.6456  
399.665 335.927 371.13 323.753 383.083 261.74 334.727 342.322 228.186  
219.806 149.63 147.861 150.232 154.56 134.294 144.823 149.98 122.731  
180.818 93.2033 56.7963 91.9827 58.3499 68.3948 93.5447 90.7746 112.574  
82.7087 41.5754 31.7491 41.5615 34.6012 41.6074 49.3989 41.0157 63.6202  
228.624 166.592 217.335 166.895 215.774 93.7736 165.716 184.61 58.7957  
122.967 102.24 126.734 103.267 113.334 84.5688 94.9923 114.086 74.3663  
112.79 115.654 84.81 114.203 81.2598 78.6748 115.494 118.735 96.0244  
63.7421 69.266 56.1149 65.3209 53.7659 56.8633 74.1671 67.5855 72.1306  
150.154 142.242 180.096 155.715 141.91 132.683 119.152 175.372 126.913  
113.71 91.5992 108.119 106.688 108.525 102.975 82.8442 103.133 76.5329  
219.002 158.88 180.473 203.219 206.319 160.455 133.171 178.749 141.284  
179.264 144.17 154.729 175.875 177.271 128.696 151.303 156.535 128.8  
123.866 128.944 122.616 127.622 116.922 121.716 105.236 126.771 113.683  
72.4197 85.7324 96.6022 85.4787 85.8249 98.3913 80.7163 79.8516 94.9542  
133.691 189.744 189.852 190.359 140.442 197.132 188.153 184.326 279.968  
123.782 185.107 187.867 185.138 126.232 188.084 195.523 186.479 264.806  
113.901 92.3899 99.0041 110.342 109.808 98.4934 72.5534 104.235 108.751  
95.1363 121.7 162.9 116.747 141.492 255.823 115.078 119.137 411.679  
280.505 376.867 343.142 332.801 314.454 435.552 392.763 338.979 614.822  
265.314 333.746 273.52 294.887 260.787 293.21 343.297 296.292 325.759  
108.046 288.285 437.476 289.195 387.453 573.831 201.634 288.654 513.347  
435.291 1251.55 1170 978.624 965.069 1325.06 1145.42 1057.79 1451.26  
652.237 1268.53 873.422 1027.44 848.246 1043.26 1277.51 1006.43 1210.56  
345.582 357.067 206.567 326.816 289.67 289.972 379.842 275.939 319.247  
580.178 1262.94 1114.73 638.479 825.192 1633.36 1154.56 811.564 1436.19  
1600.49 2631.81 2237.8 1919.98 1792.82 2657.62 2596.33 2200.98 2657.07  
1265.91 1576.5 1270.58 1555.87 1214.12 1275.83 1686.14 1571.87 1442.8  
282.083 194.787 168.824 235.67 209.098 146.285 242.938 216.476 211.496  
1438.94 1416.3 1489.4 1243.23 1581.58 1529.78 1371.09 1314.53 1358.76  
2662.17 1976.7 2015.7 1987.72 2320.4 1756.06 1946.4 2067.26 1710.3  
1445.57 899.656 857.066 1046.52 1022.11 592.544 937.606 1032.77 723.765  
211.902 193.777 182.551 238.605 192.279 78.8026 235.385 235.471 119.339  
1310.04 971.081 1266.07 1154.98 1321.5 775.857 1114.26 1221.22 673.199  
1636.19 706.631 1061.6 1218.65 1446.73 494.108 879.91 1275.62 335.176  
701.341 229.326 253.541 436.03 476.878 206.821 264.306 430.304 204.069  
127.759 118.201 85.985 123.315 91.1998 88.072 149.65 121.695 116.275  
633.77 539.981 571.659 579.079 595.594 383.588 561.434 580.506 344.09  
296.616 170.006 194.771 199.634 205.729 145 179.511 189.585 139.162  
205.845 86.0104 94.4663 105.483 96.8242 79.74 93.7312 104.097 105.945  
120.725 69.501 69.3609 74.9346 67.7793 89.7413 68.5839 73.9505 115.284  
344.75 293.713 355.296 347.778 336.57 191.043 318.016 346.89 152.495  
139.429 108.796 141.899 147.185 135.408 114.804 121.315 134.292 115.715  
106.149 84.5551 91.6635 98.7167 90.6357 103.138 80.3209 101.058 111.78  
115.505 102.071 105.864 95.519 101.433 127.867 99.2329 95.9534 119.444  
1235.47 1069.23 1018.32 1244.89 1158.38 1016.62 1190.59 1170.3 974.703  
845.781 619.282 767.665 826.705 869.251 696.456 678.706 778.113 734.695  
787.077 795.363 1014.51 804.238 911.881 939.193 743.219 866.566 814.643  
1322.78 1399.98 1348.79 1342.48 1242.31 1305.76 1375.77 1410.63 1230.7  
948.311 759.49 837.553 945.282 938.76 841.342 787.813 836.688 644.908  
767.532 1101.83 994.601 898.625 770.042 1203.59 1038.74 967.026 1432.13  
862.29 1483.36 1268.16 1036.13 959.746 1488.46 1476.58 1242.61 1925.3  
1231.98 1337.67 1205.64 1301.52 1223.28 1207.05 1457.03 1273.44 1393.3  
646.144 661.417 747.143 653.462 745.056 789.924 594.523 643.275 702.151  
1434.87 1559.77 1780.83 1515.92 1721.27 1879.51 1255.26 1479.76 1847.58  
1928.99 2471.71 2235.94 2183.24 2058.47 2652 2526.67 2220.11 2792.04  
1395.98 1842.9 1348.66 1556.15 1184.58 1679.03 2162.92 1630.19 2030.17  
698.398 1482.76 1179.08 880.674 919.37 2494.88 1009.23 866.097 2241.89  
1867.48 3165.61 2625.91 2213.39 2237.82 3702.5 2875.88 2330.55 3871.84  
2882.77 3215.26 2916.32 3180.1 2983.28 2693.72 3522.88 3106.01 2990  
2106.2 1930.17 1764.28 2098.72 1822.64 1623.8 2107.65 2036.01 1718.56  
2448.32 2975.45 3415.51 2619.69 3096.39 3435.75 2442.36 2780.4 3104.76  
4080.04 4482.72 4242.26 4250.08 4109.73 4224.72 4674.85 4436.54 4348.47  
3001.43 2682.74 2460.7 3028.49 2585.88 2040.81 3113.65 2946.23 2310.38  
1676.06 1123.43 1446.32 1566.13 1634.24 997.242 1126.58 1440.96 837.698  
3110.71 2751.73 3551.84 2958.64 3466.31 2107.5 2468.19 3091.16 2059.24  
4356.81 3139.83 3581.43 3882.18 3856.21 2007.49 3330.51 3837.25 1813.2  
2314.81 1386.71 1339.72 1766.03 1528.54 1130.69 1649.28 1742.83 1036.2  
839.305 624.103 673.291 689.534 755.376 635.169 636.547 680.478 619.969  
1938.72 1793.65 1785.05 1747.02 1767.76 1638.92 1773.81 1814.18 1695.56  
1602.32 843.188 744.945 1236.12 1258.95 818.474 1122.91 1058.84 793.474  
960.295 385.843 477.282 604.966 776.886 367.599 458.019 597.02 334.496  
594.134 471.202 483.623 515.123 540.81 476.138 447.058 508.357 462.392  
1623.26 1483.71 1415 1463.48 1454.79 1278.92 1436.32 1506.63 1220.4  
665.56 554.332 476.718 798.36 598.772 534.707 814.841 583.249 570.116  
291.365 206.223 268.242 273.153 279.676 171.199 262.378 269.566 187.708  
463.814 385.675 494.887 450.645 488.632 433.566 320.908 444.726 383.735  
1222.74 734.394 901.315 911.031 1031.74 627.933 727.478 958.223 531.469  
571.209 557.943 493.379 803.513 600.13 597.017 696.509 600.154 604.145  
188.068 314.074 269.586 285.502 268.501 456.791 336.302 271.537 494.028  
384.471 442.431 465.867 400.201 453.008 631.579 404.205 392.771 584.682  
2061.19 2234.17 1835.11 2296.89 2052.43 2187.61 2594.24 2174.98 2031.1  
1667.99 1985.55 1561.63 1834.7 1708.35 1973.96 2116.35 1797.34 2293.06  
1727.87 2224.63 2041.75 1904.01 1914.76 2290.65 2202.85 1982.79 2714.98  
2354.76 3114.51 2735.97 2555.18 2464.45 3239.06 3066.18 2732.23 3593.59  
2000.12 1756.42 1910 2081.82 2097.77 1928.19 1961.47 1820.96 1779.38  
2357.66 2418.13 2234.73 2507.88 2268.25 2358.58 2402.16 2453.09 2434.34  
2881.06 3326.43 3197.01 3016.09 2866.05 3307.14 3183.89 3239.67 3343.67  
3717.47 4094.95 4013.19 3849.21 3749.11 4097.83 4173.44 4043.82 4064.75  
1782.8 1803.32 1960.37 1793.04 1930.31 1959.29 1789.75 1727.82 1860.54  
2439 2375.85 2386.6 2462.91 2399.51 2239.55 2113.57 2427.91 2264.63  
3350.08 3931.4 3835.65 3639.61 3503.71 4362.65 3812.93 3740.39 4259.75  
4072.54 4518.74 4344.8 4300.7 4177.95 4584.71 4796 4366.67 4615.5  
1913.18 1789.52 1919.66 1768.17 1819.74 1838.69 1766.08 1796.49 1820.12  
2224.92 3453.41 3024.71 2546.69 2418.51 3963.03 3034.88 2735.16 4357.29  
4229.24 5326.46 5265.09 4618.49 4785.6 6038.44 5108.5 4649.71 5970.98  
4587.69 4032.75 4168.07 4240.47 4300.08 3817.22 4278.89 4214.99 3922.01  
1718.28 1538.06 1608.38 1609.41 1590.34 1558.34 1537.2 1567.02 1703.35  
4408.17 3783.1 4182.9 3911.53 4244.67 3798.09 3718.33 3949.87 3619.87  
6055.65 5134.06 5775.34 5746.8 6356.4 5224.65 4824.4 5435.76 4517.88  
3913.27 3208.2 3433.64 3724.69 3754.01 2958.8 3103.5 3514.63 2535.18  
1706.62 2035.86 1989.77 2076.21 1783.65 2147.49 2155.36 1955.98 2385.86  
3626.81 2243.14 3247.34 3050.2 3354.24 1568.57 2260.04 3105.33 1150.34  
4526.54 2765.89 3817.72 3841.67 4100.52 2022.5 2519.29 3791.22 1594.98  
2540.04 2071.49 2223.61 2306.96 2249.47 2000.94 1909.1 2276.66 1789.66  
2519.95 2568.7 2688.63 2978.54 2528.11 2398.25 2951.72 2774.73 2453.74  
830.86 749.844 476.306 1175.77 735.255 759.789 1225.87 747.93 817.465  
1301.35 894.602 1103.19 1094.49 1219.03 902.614 824.657 1080.12 699.573  
1689.84 1393.69 1655.19 1599.73 1759.87 1443.29 1378.06 1578.72 1196.21  
2376.42 1973.88 2031.31 2250.12 2058.72 1872.5 2146.66 2117.98 1725.16  
829.024 931.428 500.394 1212.47 762.031 1000.43 1403.86 817.345 997.889  
601.299 647.84 700.542 614.842 726.727 727.804 612.892 606.767 659.341  
1084.41 953.642 1161.92 1026.35 1234.07 1054.87 884.596 1012.87 874.729  
1728.47 871.848 841.493 1097.54 1120.22 941.716 1004.61 993.844 887.501  
999.802 1032.05 805.367 1032.59 911.992 1096.4 1055.42 925.761 1160.07  
660.605 897.6 818.214 821.265 828.419 1093.97 878.661 750.605 1005.67  
876.407 1123.92 1085.03 1100.68 1136.47 1339.3 1062.24 1004.06 1271.82  
301.019 256.448 293.951 298.246 310.342 265.216 263.152 308.849 201.278  
314.919 312.599 329.703 287.915 297.807 296.307 302.992 311.285 220.911  
392.785 460.483 387.807 415.554 369.388 520.32 457.696 417.999 620.84  
320.498 361.656 316.198 337.679 330.522 452.675 353.234 328.522 571.032  
197.853 160.266 139.335 212.632 219.842 153.017 202.102 161.029 160.832  
221.973 119.383 163.196 199.309 228.412 128.092 115.485 146.598 110.593  
604.257 580.625 575.844 603.751 586.153 593.597 515.702 575.378 700.449  
550.234 609.682 581.957 557.559 546.533 619.103 587.778 580.109 732.881  
161.14 204.281 210.047 210.884 162.091 234.513 206.678 198.881 325.101  
110.805 415.542 311.657 164.022 134.237 479.985 304.887 281.884 596.556  
701.792 939.793 830.715 801.248 751.801 939.13 890.099 839.335 890.398  
734.286 738.237 755.034 786.12 769.797 695.759 815.805 761.701 559.566  
337.589 436.442 436.209 388.814 385.958 425.046 392.685 408.429 487.529  
621.673 1403.32 992.118 771.432 805.177 1909.03 1127.84 848.407 2214.67  
889.647 1910.01 1367.19 1294.87 1133.54 2278.25 1824.1 1334.97 2553.75  
533.252 938.749 698.142 803.636 616.839 739.414 1082.45 825.081 881.415  
544.103 504.105 556.795 542.531 567.744 506.708 427.221 535.543 512.574  
2276.02 2053.95 2339.65 2149.34 2361.86 2088.97 1678.15 2215.69 1892.03  
2584.62 2461.3 2521.93 2585.04 2558.02 2473.62 2513.75 2533.35 2383.47  
910.986 988.545 755.077 928.082 718.941 877.25 1311.11 928.079 1067.65  
513.557 472.276 476.745 462.003 473.848 577.708 391.88 466.443 594.026  
1895.65 1405.62 1747.58 1612 1838.07 788.923 1116.79 1682.37 517.822  
2388.04 1621.08 2022.54 2033.85 2278.86 968.974 1648.84 2007.13 698.467  
1069.7 683.314 816.527 861.715 916.137 609.585 943.922 850.397 615.519  
566.651 597.286 583.608 531.456 510.781 574.149 603.255 536.209 597.684  
272.474 189.146 169.037 292.447 218.52 172.588 311.582 194.602 173.571  
510.033 239.276 379.968 407.448 473.416 245.953 272.562 402.097 200.746  
601.861 342.659 476.875 505.976 568.513 359.503 360.565 499.33 293.243  
581.923 501.068 515.861 514.698 523.295 435.094 505.601 516.629 416.292  
201.82 284.776 194.817 332.235 211.167 273.517 386.562 243.85 314.913  
202.27 201.914 159.617 160.141 144.102 237.832 208.852 158.038 240.474  
274.623 210.176 172.944 173.175 172.176 250.011 199.252 170.9 272.778  
417.09 234.788 346.356 324.359 342.707 250.82 209.569 326.954 247.137  
315.517 353.698 351.361 328.033 327.524 358.559 343.223 351.178 385.191  
240.935 300.567 296.602 280.606 284.186 338.301 321.883 283.707 339.465  
273.301 311.405 288.571 295.926 286.756 323.27 300.919 296.235 331.148  
90.9624 59.2118 112.186 86.2288 106.789 80.1191 43.1572 89.1172 42.987  
144.8 139.538 152.735 132.753 150.445 128.999 115.346 141.04 75.0577  
136.765 118.792 98.508 130.636 107.269 105.67 122.925 123.157 76.3722  
78.0177 53.6471 66.6464 79.9141 62.6002 73.0521 74.5327 69.736 56.4504  
40.6767 57.7489 42.5281 36.0607 56.8747 54.5118 56.9596 47.8369 56.4164  
71.0238 62.0693 58.7472 54.9042 73.8745 65.4219 60.1132 55.2125 64.53  
75.5858 60.4102 62.2411 66.0738 61.1537 64.2838 60.9281 58.977 83.3203  
58.479 55.0263 67.5068 55.3793 71.3639 67.8719 56.468 55.3182 74.3987  
56.5246 61.9363 71.3716 58.3971 60.0329 74.9228 61.139 61.7466 73.2054  
64.6537 144.26 121.706 100.501 89.6396 152.313 132.59 106.265 150.508  
83.4801 179.723 131.157 127.752 108.11 161.839 180.013 141.648 179.199  
74.5413 87.669 76.5601 75.7837 80.6833 77.973 99.2921 85.0401 82.8907  
76.2201 242.466 224.561 192.767 171.092 221.528 233.458 202.455 229.368  
158.227 402.708 333.101 301.825 316.478 482.529 420.406 256.217 559.44  
186.465 570.163 395.733 382.145 360.605 566.72 539.737 392.105 780.498  
84.1179 348.698 166.728 252.244 144.269 239.061 354.673 262.761 402.152  
302.642 400.746 446.572 362.842 437.55 459.141 315.359 381.788 414.684  
660.336 911.632 953.411 832.873 879.08 1001.51 922.903 843.919 915.268  
828.841 1070.45 977.582 999.221 881.159 1004.35 1147.38 1031.7 1072.26  
415.554 512.69 368.629 503.044 343.944 373.544 558.901 518.803 524.436  
415.479 335.551 405.755 303.828 446.652 448.12 245.21 321.254 388.93  
917.023 713.055 847.846 805.866 903.882 714.888 765.009 828.007 652.56  
1074.32 763.166 801.943 872.114 886.045 635.047 845.423 860.66 636.718  
525.442 312.677 307.879 364.312 349.633 217.487 335.783 359.527 264.563  
400.066 406.82 293.241 237.012 338.198 399.332 350.379 250.606 409.82  
523.05 173.271 210.364 393.085 411.506 116.519 297.085 299.375 116.281  
462.722 111.316 197.184 271.36 387.296 81.494 143.256 267.796 104.27  
213.641 59.0225 84.6717 109.718 164.838 64.8817 64.9603 108.277 91.5886  
416.582 399.082 409.186 386.029 389.11 263.086 372.599 408.17 278.687  
139.026 141.19 119.326 234.236 136.274 110.943 228.127 145.991 118.639  
158.406 169.225 142.076 147.415 141.363 189.642 183.371 145.479 194.677  
135.407 132.581 108.854 110.092 110.634 144.932 129.842 108.646 150.306  
279.221 219.111 251.673 226.678 233.356 99.5329 192.859 252.995 90.4403  
118.866 116.018 116.58 102.047 104.253 116.777 110.895 113.895 115.86  
195.05 204.357 200.144 193.369 191.766 201.519 214.993 200.406 204.675  
150.594 154.611 148.751 145.715 145.244 159.617 155.383 150.764 168.57  
