0 0 17 14
0 7 17 14
0 14 17 14
0 21 17 14
8 0 17 14
8 7 17 14
8 14 17 14
8 21 17 14
16 0 17 14
16 7 17 14
16 14 17 14
16 21 17 14
25 0 17 14
25 7 17 14
25 14 17 14
25 21 17 14
33 0 17 14
33 7 17 14
33 14 17 14
33 21 17 14
41 0 17 14
41 7 17 14
41 14 17 14
41 21 17 14
50 0 17 14
50 7 17 14
50 14 17 14
50 21 17 14
58 0 17 14
58 7 17 14
58 14 17 14
58 21 17 14
66 0 17 14
66 7 17 14
66 14 17 14
66 21 17 14
0 0 17 14
0 7 17 14
0 14 17 14
0 21 17 14
8 0 17 14
8 7 17 14
8 14 17 14
8 21 17 14
16 0 17 14
16 7 17 14
16 14 17 14
16 21 17 14
25 0 17 14
25 7 17 14
25 14 17 14
25 21 17 14
33 0 17 14
33 7 17 14
33 14 17 14
33 21 17 14
41 0 17 14
41 7 17 14
41 14 17 14
41 21 17 14
50 0 17 14
50 7 17 14
50 14 17 14
50 21 17 14
58 0 17 14
58 7 17 14
58 14 17 14
58 21 17 14
66 0 17 14
66 7 17 14
66 14 17 14
66 21 17 14
0 0 17 14
0 7 17 14
0 14 17 14
0 21 17 14
8 0 17 14
8 7 17 14
8 14 17 14
8 21 17 14
16 0 17 14
16 7 17 14
16 14 17 14
16 21 17 14
25 0 17 14
25 7 17 14
25 14 17 14
25 21 17 14
33 0 17 14
33 7 17 14
33 14 17 14
33 21 17 14
41 0 17 14
41 7 17 14
41 14 17 14
41 21 17 14
50 0 17 14
50 7 17 14
50 14 17 14
50 21 17 14
58 0 17 14
58 7 17 14
58 14 17 14
58 21 17 14
66 0 17 14
66 7 17 14
66 14 17 14
66 21 17 14
0 0 17 14
0 7 17 14
0 14 17 14
0 21 17 14
8 0 17 14
8 7 17 14
8 14 17 14
8 21 17 14
16 0 17 14
16 7 17 14
16 14 17 14
16 21 17 14
25 0 17 14
25 7 17 14
25 14 17 14
25 21 17 14
33 0 17 14
33 7 17 14
33 14 17 14
33 21 17 14
41 0 17 14
41 7 17 14
41 14 17 14
41 21 17 14
50 0 17 14
50 7 17 14
50 14 17 14
50 21 17 14
58 0 17 14
58 7 17 14
58 14 17 14
58 21 17 14
66 0 17 14
66 7 17 14
66 14 17 14
66 21 17 14
0 0 17 14
0 7 17 14
0 14 17 14
0 21 17 14
8 0 17 14
8 7 17 14
8 14 17 14
8 21 17 14
16 0 17 14
16 7 17 14
16 14 17 14
16 21 17 14
25 0 17 14
25 7 17 14
25 14 17 14
25 21 17 14
33 0 17 14
33 7 17 14
33 14 17 14
33 21 17 14
41 0 17 14
41 7 17 14
41 14 17 14
41 21 17 14
50 0 17 14
50 7 17 14
50 14 17 14
50 21 17 14
58 0 17 14
58 7 17 14
58 14 17 14
58 21 17 14
66 0 17 14
66 7 17 14
66 14 17 14
66 21 17 14
0 0 17 14
0 7 17 14
0 14 17 14
0 21 17 14
8 0 17 14
8 7 17 14
8 14 17 14
8 21 17 14
16 0 17 14
16 7 17 14
16 14 17 14
16 21 17 14
25 0 17 14
25 7 17 14
25 14 17 14
25 21 17 14
33 0 17 14
33 7 17 14
33 14 17 14
33 21 17 14
41 0 17 14
41 7 17 14
41 14 17 14
41 21 17 14
50 0 17 14
50 7 17 14
50 14 17 14
50 21 17 14
58 0 17 14
58 7 17 14
58 14 17 14
58 21 17 14
66 0 17 14
66 7 17 14
66 14 17 14
66 21 17 14
0 0 17 14
0 7 17 14
0 14 17 14
0 21 17 14
8 0 17 14
8 7 17 14
8 14 17 14
8 21 17 14
16 0 17 14
16 7 17 14
16 14 17 14
16 21 17 14
25 0 17 14
25 7 17 14
25 14 17 14
25 21 17 14
33 0 17 14
33 7 17 14
33 14 17 14
33 21 17 14
41 0 17 14
41 7 17 14
41 14 17 14
41 21 17 14
50 0 17 14
50 7 17 14
50 14 17 14
50 21 17 14
58 0 17 14
58 7 17 14
58 14 17 14
58 21 17 14
66 0 17 14
66 7 17 14
66 14 17 14
66 21 17 14
0 0 17 14
0 7 17 14
0 14 17 14
0 21 17 14
8 0 17 14
8 7 17 14
8 14 17 14
8 21 17 14
16 0 17 14
16 7 17 14
16 14 17 14
16 21 17 14
25 0 17 14
25 7 17 14
25 14 17 14
25 21 17 14
33 0 17 14
33 7 17 14
33 14 17 14
33 21 17 14
41 0 17 14
41 7 17 14
41 14 17 14
41 21 17 14
50 0 17 14
50 7 17 14
50 14 17 14
50 21 17 14
58 0 17 14
58 7 17 14
58 14 17 14
58 21 17 14
66 0 17 14
66 7 17 14
66 14 17 14
66 21 17 14
0 0 17 14
0 7 17 14
0 14 17 14
0 21 17 14
8 0 17 14
8 7 17 14
8 14 17 14
8 21 17 14
16 0 17 14
16 7 17 14
16 14 17 14
16 21 17 14
25 0 17 14
25 7 17 14
25 14 17 14
25 21 17 14
33 0 17 14
33 7 17 14
33 14 17 14
33 21 17 14
41 0 17 14
41 7 17 14
41 14 17 14
41 21 17 14
50 0 17 14
50 7 17 14
50 14 17 14
50 21 17 14
58 0 17 14
58 7 17 14
58 14 17 14
58 21 17 14
66 0 17 14
66 7 17 14
66 14 17 14
66 21 17 14
0 0 17 14
0 7 17 14
0 14 17 14
0 21 17 14
8 0 17 14
8 7 17 14
8 14 17 14
8 21 17 14
16 0 17 14
16 7 17 14
16 14 17 14
16 21 17 14
25 0 17 14
25 7 17 14
25 14 17 14
25 21 17 14
33 0 17 14
33 7 17 14
33 14 17 14
33 21 17 14
41 0 17 14
41 7 17 14
41 14 17 14
41 21 17 14
50 0 17 14
50 7 17 14
50 14 17 14
50 21 17 14
58 0 17 14
58 7 17 14
58 14 17 14
58 21 17 14
66 0 17 14
66 7 17 14
66 14 17 14
66 21 17 14
