-0.0102647 0 0 32 29 292 128 145 132
-0.0102583 0 14 32 29 292 128 145 132
-0.0102522 0 28 32 29 292 128 145 132
-0.0102519 0 42 32 29 292 128 145 132
-0.0102471 0 56 32 29 292 128 145 132
-0.010249 0 70 32 29 292 128 145 132
-0.0102621 0 84 32 29 292 128 145 132
-0.0102645 0 98 32 29 292 128 145 132
-0.010258 16 0 32 29 292 128 145 132
-0.0102535 16 14 32 29 292 128 145 132
-0.0102571 16 28 32 29 292 128 145 132
-0.0102525 16 42 32 29 292 128 145 132
-0.0102461 16 56 32 29 292 128 145 132
-0.0102467 16 70 32 29 292 128 145 132
-0.0102583 16 84 32 29 292 128 145 132
-0.0102647 16 98 32 29 292 128 145 132
-0.0102584 32 0 32 29 292 128 145 132
-0.0102643 32 14 32 29 292 128 145 132
-0.0102657 32 28 32 29 292 128 145 132
-0.0102663 32 42 32 29 292 128 145 132
-0.0102668 32 56 32 29 292 128 145 132
-0.010268 32 70 32 29 292 128 145 132
-0.010261 32 84 32 29 292 128 145 132
-0.0102614 32 98 32 29 292 128 145 132
-0.0102524 48 0 32 29 292 128 145 132
-0.0102605 48 14 32 29 292 128 145 132
-0.0102625 48 28 32 29 292 128 145 132
-0.010259 48 42 32 29 292 128 145 132
-0.0102611 48 56 32 29 292 128 145 132
-0.0102646 48 70 32 29 292 128 145 132
-0.0102696 48 84 32 29 292 128 145 132
-0.0102587 48 98 32 29 292 128 145 132
-0.0102572 64 0 32 29 292 128 145 132
-0.0102496 64 14 32 29 292 128 145 132
-0.0102666 64 28 32 29 292 128 145 132
-0.0102608 64 42 32 29 292 128 145 132
-0.0102502 64 56 32 29 292 128 145 132
-0.0102641 64 70 32 29 292 128 145 132
-0.0102678 64 84 32 29 292 128 145 132
-0.0102639 64 98 32 29 292 128 145 132
-0.0102648 80 0 32 29 292 128 145 132
-0.010253 80 14 32 29 292 128 145 132
-0.0102608 80 28 32 29 292 128 145 132
-0.0102662 80 42 32 29 292 128 145 132
-0.0102639 80 56 32 29 292 128 145 132
-0.0102663 80 70 32 29 292 128 145 132
-0.0102673 80 84 32 29 292 128 145 132
-0.0102675 80 98 32 29 292 128 145 132
-0.0102626 96 0 32 29 292 128 145 132
-0.0102635 96 14 32 29 292 128 145 132
-0.0102575 96 28 32 29 292 128 145 132
-0.0102626 96 42 32 29 292 128 145 132
-0.0102671 96 56 32 29 292 128 145 132
-0.0102651 96 70 32 29 292 128 145 132
-0.0102576 96 84 32 29 292 128 145 132
-0.0102603 96 98 32 29 292 128 145 132
-0.010264 112 0 32 29 292 128 145 132
-0.0102641 112 14 32 29 292 128 145 132
-0.0102619 112 28 32 29 292 128 145 132
-0.0102562 112 42 32 29 292 128 145 132
-0.01026 112 56 32 29 292 128 145 132
-0.0102587 112 70 32 29 292 128 145 132
-0.0102619 112 84 32 29 292 128 145 132
-0.0102641 112 98 32 29 292 128 145 132
-0.0102589 0 0 32 29 292 128 145 132
-0.0102625 0 14 32 29 292 128 145 132
-0.0102632 0 28 32 29 292 128 145 132
-0.0102634 0 42 32 29 292 128 145 132
-0.0102637 0 56 32 29 292 128 145 132
-0.0102636 0 70 32 29 292 128 145 132
-0.0102628 0 84 32 29 292 128 145 132
-0.0102645 0 98 32 29 292 128 145 132
-0.0102626 16 0 32 29 292 128 145 132
-0.0102608 16 14 32 29 292 128 145 132
-0.0102591 16 28 32 29 292 128 145 132
-0.0102587 16 42 32 29 292 128 145 132
-0.0102607 16 56 32 29 292 128 145 132
-0.0102628 16 70 32 29 292 128 145 132
-0.0102651 16 84 32 29 292 128 145 132
-0.0102665 16 98 32 29 292 128 145 132
-0.0102612 32 0 32 29 292 128 145 132
-0.0102479 32 14 32 29 292 128 145 132
-0.0102334 32 28 32 29 292 128 145 132
-0.010239 32 42 32 29 292 128 145 132
-0.0102509 32 56 32 29 292 128 145 132
-0.0102582 32 70 32 29 292 128 145 132
-0.0102633 32 84 32 29 292 128 145 132
-0.0102669 32 98 32 29 292 128 145 132
-0.0102621 48 0 32 29 292 128 145 132
-0.0102496 48 14 32 29 292 128 145 132
-0.00474796 48 28 32 29 292 128 145 132
-0.00926841 48 42 32 29 292 128 145 132
-0.0102248 48 56 32 29 292 128 145 132
-0.0102487 48 70 32 29 292 128 145 132
-0.0102582 48 84 32 29 292 128 145 132
-0.010265 48 98 32 29 292 128 145 132
-0.010264 64 0 32 29 292 128 145 132
-0.0102584 64 14 32 29 292 128 145 132
-0.0102334 64 28 32 29 292 128 145 132
-0.00431209 64 42 32 29 292 128 145 132
-0.00724354 64 56 32 29 292 128 145 132
-0.0102115 64 70 32 29 292 128 145 132
-0.0102508 64 84 32 29 292 128 145 132
-0.0102598 64 98 32 29 292 128 145 132
-0.0102635 80 0 32 29 292 128 145 132
-0.0102629 80 14 32 29 292 128 145 132
-0.0102532 80 28 32 29 292 128 145 132
-0.0102109 80 42 32 29 292 128 145 132
-0.00839442 80 56 32 29 292 128 145 132
-0.010233 80 70 32 29 292 128 145 132
-0.0102458 80 84 32 29 292 128 145 132
-0.0102558 80 98 32 29 292 128 145 132
-0.0102632 96 0 32 29 292 128 145 132
-0.0102644 96 14 32 29 292 128 145 132
-0.0102602 96 28 32 29 292 128 145 132
-0.0102483 96 42 32 29 292 128 145 132
-0.0102438 96 56 32 29 292 128 145 132
-0.0102528 96 70 32 29 292 128 145 132
-0.0102584 96 84 32 29 292 128 145 132
-0.0102602 96 98 32 29 292 128 145 132
-0.0102631 112 0 32 29 292 128 145 132
-0.0102647 112 14 32 29 292 128 145 132
-0.0102632 112 28 32 29 292 128 145 132
-0.0102581 112 42 32 29 292 128 145 132
-0.0102553 112 56 32 29 292 128 145 132
-0.0102616 112 70 32 29 292 128 145 132
-0.0102646 112 84 32 29 292 128 145 132
-0.0102643 112 98 32 29 292 128 145 132
-0.0102633 0 0 32 29 292 128 145 132
-0.0102659 0 14 32 29 292 128 145 132
-0.0102657 0 28 32 29 292 128 145 132
-0.0102651 0 42 32 29 292 128 145 132
-0.0102649 0 56 32 29 292 128 145 132
-0.0102659 0 70 32 29 292 128 145 132
-0.0102661 0 84 32 29 292 128 145 132
-0.0102658 0 98 32 29 292 128 145 132
-0.0102662 16 0 32 29 292 128 145 132
-0.0102605 16 14 32 29 292 128 145 132
-0.0102523 16 28 32 29 292 128 145 132
-0.0102494 16 42 32 29 292 128 145 132
-0.0102496 16 56 32 29 292 128 145 132
-0.0102554 16 70 32 29 292 128 145 132
-0.0102639 16 84 32 29 292 128 145 132
-0.0102679 16 98 32 29 292 128 145 132
-0.0102666 32 0 32 29 292 128 145 132
-0.0102551 32 14 32 29 292 128 145 132
-0.0102262 32 28 32 29 292 128 145 132
-0.00824567 32 42 32 29 292 128 145 132
-0.0102232 32 56 32 29 292 128 145 132
-0.0102364 32 70 32 29 292 128 145 132
-0.010249 32 84 32 29 292 128 145 132
-0.0102653 32 98 32 29 292 128 145 132
-0.0102662 48 0 32 29 292 128 145 132
-0.0102581 48 14 32 29 292 128 145 132
-0.0102424 48 28 32 29 292 128 145 132
-0.0102136 48 42 32 29 292 128 145 132
-0.00458891 48 56 32 29 292 128 145 132
-0.0102146 48 70 32 29 292 128 145 132
-0.0102359 48 84 32 29 292 128 145 132
-0.0102565 48 98 32 29 292 128 145 132
-0.0102662 64 0 32 29 292 128 145 132
-0.0102611 64 14 32 29 292 128 145 132
-0.0102453 64 28 32 29 292 128 145 132
-0.0102217 64 42 32 29 292 128 145 132
-0.00987871 64 56 32 29 292 128 145 132
-0.00787176 64 70 32 29 292 128 145 132
-0.0102304 64 84 32 29 292 128 145 132
-0.0102416 64 98 32 29 292 128 145 132
-0.0102654 80 0 32 29 292 128 145 132
-0.0102657 80 14 32 29 292 128 145 132
-0.0102527 80 28 32 29 292 128 145 132
-0.0102278 80 42 32 29 292 128 145 132
-0.00763953 80 56 32 29 292 128 145 132
-0.0102198 80 70 32 29 292 128 145 132
-0.0102191 80 84 32 29 292 128 145 132
-0.010233 80 98 32 29 292 128 145 132
-0.0102639 96 0 32 29 292 128 145 132
-0.0102667 96 14 32 29 292 128 145 132
-0.0102611 96 28 32 29 292 128 145 132
-0.0102433 96 42 32 29 292 128 145 132
-0.0102209 96 56 32 29 292 128 145 132
-0.0102375 96 70 32 29 292 128 145 132
-0.010248 96 84 32 29 292 128 145 132
-0.0102448 96 98 32 29 292 128 145 132
-0.0102585 112 0 32 29 292 128 145 132
-0.0102639 112 14 32 29 292 128 145 132
-0.0102661 112 28 32 29 292 128 145 132
-0.0102551 112 42 32 29 292 128 145 132
-0.0102437 112 56 32 29 292 128 145 132
-0.0102533 112 70 32 29 292 128 145 132
-0.0102603 112 84 32 29 292 128 145 132
-0.0102605 112 98 32 29 292 128 145 132
-0.0102658 0 0 32 29 292 128 145 132
-0.0102642 0 14 32 29 292 128 145 132
-0.0102572 0 28 32 29 292 128 145 132
-0.0102492 0 42 32 29 292 128 145 132
-0.0102553 0 56 32 29 292 128 145 132
-0.0102645 0 70 32 29 292 128 145 132
-0.0102657 0 84 32 29 292 128 145 132
-0.0102649 0 98 32 29 292 128 145 132
-0.0102632 16 0 32 29 292 128 145 132
-0.010242 16 14 32 29 292 128 145 132
-0.0102179 16 28 32 29 292 128 145 132
-0.0102083 16 42 32 29 292 128 145 132
-0.0102201 16 56 32 29 292 128 145 132
-0.010246 16 70 32 29 292 128 145 132
-0.0102615 16 84 32 29 292 128 145 132
-0.0102651 16 98 32 29 292 128 145 132
-0.0102592 32 0 32 29 292 128 145 132
-0.010244 32 14 32 29 292 128 145 132
-0.0102386 32 28 32 29 292 128 145 132
-0.0102248 32 42 32 29 292 128 145 132
-0.0102115 32 56 32 29 292 128 145 132
-0.0102253 32 70 32 29 292 128 145 132
-0.0102385 32 84 32 29 292 128 145 132
-0.0102569 32 98 32 29 292 128 145 132
-0.0102535 48 0 32 29 292 128 145 132
-0.0102362 48 14 32 29 292 128 145 132
-0.0102481 48 28 32 29 292 128 145 132
-0.0102392 48 42 32 29 292 128 145 132
-0.00981177 48 56 32 29 292 128 145 132
-0.00854554 48 70 32 29 292 128 145 132
-0.0102096 48 84 32 29 292 128 145 132
-0.0102363 48 98 32 29 292 128 145 132
-0.0102545 64 0 32 29 292 128 145 132
-0.0102364 64 14 32 29 292 128 145 132
-0.0102469 64 28 32 29 292 128 145 132
-0.0102407 64 42 32 29 292 128 145 132
-0.0102085 64 56 32 29 292 128 145 132
-0.00517906 64 70 32 29 292 128 145 132
-0.00961075 64 84 32 29 292 128 145 132
-0.0102198 64 98 32 29 292 128 145 132
-0.0102596 80 0 32 29 292 128 145 132
-0.0102516 80 14 32 29 292 128 145 132
-0.0102365 80 28 32 29 292 128 145 132
-0.0102385 80 42 32 29 292 128 145 132
-0.0102168 80 56 32 29 292 128 145 132
-0.00561084 80 70 32 29 292 128 145 132
-0.00698528 80 84 32 29 292 128 145 132
-0.0101388 80 98 32 29 292 128 145 132
-0.0102616 96 0 32 29 292 128 145 132
-0.0102588 96 14 32 29 292 128 145 132
-0.0102479 96 28 32 29 292 128 145 132
-0.0102293 96 42 32 29 292 128 145 132
-0.00891276 96 56 32 29 292 128 145 132
-0.00974478 96 70 32 29 292 128 145 132
-0.00898496 96 84 32 29 292 128 145 132
-0.0102154 96 98 32 29 292 128 145 132
-0.0102605 112 0 32 29 292 128 145 132
-0.0102615 112 14 32 29 292 128 145 132
-0.0102553 112 28 32 29 292 128 145 132
-0.0102358 112 42 32 29 292 128 145 132
-0.0102168 112 56 32 29 292 128 145 132
-0.0102273 112 70 32 29 292 128 145 132
-0.0102373 112 84 32 29 292 128 145 132
-0.0102504 112 98 32 29 292 128 145 132
-0.0102423 0 0 32 29 292 128 145 132
-0.00420824 0 14 32 29 292 128 145 132
-0.00414926 0 28 32 29 292 128 145 132
-0.0041817 0 42 32 29 292 128 145 132
-0.00668951 0 56 32 29 292 128 145 132
-0.0102598 0 70 32 29 292 128 145 132
-0.0102621 0 84 32 29 292 128 145 132
-0.0102653 0 98 32 29 292 128 145 132
-0.0102513 16 0 32 29 292 128 145 132
-0.00443587 16 14 32 29 292 128 145 132
-0.00484573 16 28 32 29 292 128 145 132
-0.00674984 16 42 32 29 292 128 145 132
-0.00817074 16 56 32 29 292 128 145 132
-0.0102561 16 70 32 29 292 128 145 132
-0.0102632 16 84 32 29 292 128 145 132
-0.0102654 16 98 32 29 292 128 145 132
-0.0102666 32 0 32 29 292 128 145 132
-0.0102686 32 14 32 29 292 128 145 132
-0.0102673 32 28 32 29 292 128 145 132
-0.0102678 32 42 32 29 292 128 145 132
-0.0102669 32 56 32 29 292 128 145 132
-0.0102668 32 70 32 29 292 128 145 132
-0.0102657 32 84 32 29 292 128 145 132
-0.0102638 32 98 32 29 292 128 145 132
-0.0102634 48 0 32 29 292 128 145 132
-0.010261 48 14 32 29 292 128 145 132
-0.0102607 48 28 32 29 292 128 145 132
-0.0102596 48 42 32 29 292 128 145 132
-0.0102648 48 56 32 29 292 128 145 132
-0.0102644 48 70 32 29 292 128 145 132
-0.0102631 48 84 32 29 292 128 145 132
-0.0102587 48 98 32 29 292 128 145 132
-0.0102646 64 0 32 29 292 128 145 132
-0.0102651 64 14 32 29 292 128 145 132
-0.0102531 64 28 32 29 292 128 145 132
-0.0102622 64 42 32 29 292 128 145 132
-0.0102658 64 56 32 29 292 128 145 132
-0.0102655 64 70 32 29 292 128 145 132
-0.0102656 64 84 32 29 292 128 145 132
-0.0102628 64 98 32 29 292 128 145 132
-0.010265 80 0 32 29 292 128 145 132
-0.0102647 80 14 32 29 292 128 145 132
-0.0102627 80 28 32 29 292 128 145 132
-0.0102652 80 42 32 29 292 128 145 132
-0.0102667 80 56 32 29 292 128 145 132
-0.010263 80 70 32 29 292 128 145 132
-0.0102636 80 84 32 29 292 128 145 132
-0.0102659 80 98 32 29 292 128 145 132
-0.0102647 96 0 32 29 292 128 145 132
-0.0102627 96 14 32 29 292 128 145 132
-0.010265 96 28 32 29 292 128 145 132
-0.0102672 96 42 32 29 292 128 145 132
-0.0102656 96 56 32 29 292 128 145 132
-0.0102607 96 70 32 29 292 128 145 132
-0.0102438 96 84 32 29 292 128 145 132
-0.010242 96 98 32 29 292 128 145 132
-0.0102628 112 0 32 29 292 128 145 132
-0.0102581 112 14 32 29 292 128 145 132
-0.0102656 112 28 32 29 292 128 145 132
-0.0102662 112 42 32 29 292 128 145 132
-0.0102338 112 56 32 29 292 128 145 132
-0.0102466 112 70 32 29 292 128 145 132
-0.0102547 112 84 32 29 292 128 145 132
-0.0102566 112 98 32 29 292 128 145 132
-0.0102655 0 0 32 29 292 128 145 132
-0.0102605 0 14 32 29 292 128 145 132
-0.0102523 0 28 32 29 292 128 145 132
-0.010257 0 42 32 29 292 128 145 132
-0.0102644 0 56 32 29 292 128 145 132
-0.0102655 0 70 32 29 292 128 145 132
-0.010266 0 84 32 29 292 128 145 132
-0.0102651 0 98 32 29 292 128 145 132
-0.0102646 16 0 32 29 292 128 145 132
-0.0102577 16 14 32 29 292 128 145 132
-0.0102434 16 28 32 29 292 128 145 132
-0.0102516 16 42 32 29 292 128 145 132
-0.0102651 16 56 32 29 292 128 145 132
-0.0102669 16 70 32 29 292 128 145 132
-0.0102641 16 84 32 29 292 128 145 132
-0.0102657 16 98 32 29 292 128 145 132
-0.0102657 32 0 32 29 292 128 145 132
-0.010266 32 14 32 29 292 128 145 132
-0.0102665 32 28 32 29 292 128 145 132
-0.0102658 32 42 32 29 292 128 145 132
-0.0102611 32 56 32 29 292 128 145 132
-0.0102621 32 70 32 29 292 128 145 132
-0.0102649 32 84 32 29 292 128 145 132
-0.0102671 32 98 32 29 292 128 145 132
-0.010263 48 0 32 29 292 128 145 132
-0.010253 48 14 32 29 292 128 145 132
-0.010245 48 28 32 29 292 128 145 132
-0.0102451 48 42 32 29 292 128 145 132
-0.0102446 48 56 32 29 292 128 145 132
-0.0102506 48 70 32 29 292 128 145 132
-0.0102608 48 84 32 29 292 128 145 132
-0.0102639 48 98 32 29 292 128 145 132
-0.0102655 64 0 32 29 292 128 145 132
-0.0102632 64 14 32 29 292 128 145 132
-0.0102573 64 28 32 29 292 128 145 132
-0.0102437 64 42 32 29 292 128 145 132
-0.0102599 64 56 32 29 292 128 145 132
-0.0102625 64 70 32 29 292 128 145 132
-0.0102632 64 84 32 29 292 128 145 132
-0.010264 64 98 32 29 292 128 145 132
-0.0102647 80 0 32 29 292 128 145 132
-0.0102653 80 14 32 29 292 128 145 132
-0.0102618 80 28 32 29 292 128 145 132
-0.0102634 80 42 32 29 292 128 145 132
-0.010265 80 56 32 29 292 128 145 132
-0.0102656 80 70 32 29 292 128 145 132
-0.0102659 80 84 32 29 292 128 145 132
-0.0102666 80 98 32 29 292 128 145 132
-0.0102656 96 0 32 29 292 128 145 132
-0.0102661 96 14 32 29 292 128 145 132
-0.0102646 96 28 32 29 292 128 145 132
-0.0102671 96 42 32 29 292 128 145 132
-0.0102666 96 56 32 29 292 128 145 132
-0.0102613 96 70 32 29 292 128 145 132
-0.0102601 96 84 32 29 292 128 145 132
-0.010264 96 98 32 29 292 128 145 132
-0.010259 112 0 32 29 292 128 145 132
-0.0102564 112 14 32 29 292 128 145 132
-0.0102656 112 28 32 29 292 128 145 132
-0.010264 112 42 32 29 292 128 145 132
-0.0102088 112 56 32 29 292 128 145 132
-0.00912781 112 70 32 29 292 128 145 132
-0.0102534 112 84 32 29 292 128 145 132
-0.0102635 112 98 32 29 292 128 145 132
-0.0102643 0 0 32 29 292 128 145 132
-0.010262 0 14 32 29 292 128 145 132
-0.0102634 0 28 32 29 292 128 145 132
-0.0102634 0 42 32 29 292 128 145 132
-0.0102655 0 56 32 29 292 128 145 132
-0.0102633 0 70 32 29 292 128 145 132
-0.0102653 0 84 32 29 292 128 145 132
-0.0102645 0 98 32 29 292 128 145 132
-0.0102631 16 0 32 29 292 128 145 132
-0.0102654 16 14 32 29 292 128 145 132
-0.0102616 16 28 32 29 292 128 145 132
-0.0102586 16 42 32 29 292 128 145 132
-0.0102641 16 56 32 29 292 128 145 132
-0.0102651 16 70 32 29 292 128 145 132
-0.0102643 16 84 32 29 292 128 145 132
-0.0102635 16 98 32 29 292 128 145 132
-0.0102651 32 0 32 29 292 128 145 132
-0.0102653 32 14 32 29 292 128 145 132
-0.0102586 32 28 32 29 292 128 145 132
-0.0102545 32 42 32 29 292 128 145 132
-0.010262 32 56 32 29 292 128 145 132
-0.0102605 32 70 32 29 292 128 145 132
-0.0102645 32 84 32 29 292 128 145 132
-0.0102664 32 98 32 29 292 128 145 132
-0.0102635 48 0 32 29 292 128 145 132
-0.0102585 48 14 32 29 292 128 145 132
-0.0102586 48 28 32 29 292 128 145 132
-0.0102574 48 42 32 29 292 128 145 132
-0.0102601 48 56 32 29 292 128 145 132
-0.0102496 48 70 32 29 292 128 145 132
-0.0102614 48 84 32 29 292 128 145 132
-0.0102638 48 98 32 29 292 128 145 132
-0.0102648 64 0 32 29 292 128 145 132
-0.0102639 64 14 32 29 292 128 145 132
-0.0102572 64 28 32 29 292 128 145 132
-0.010243 64 42 32 29 292 128 145 132
-0.0102456 64 56 32 29 292 128 145 132
-0.0102584 64 70 32 29 292 128 145 132
-0.0102643 64 84 32 29 292 128 145 132
-0.0102664 64 98 32 29 292 128 145 132
-0.0102645 80 0 32 29 292 128 145 132
-0.0102656 80 14 32 29 292 128 145 132
-0.0102612 80 28 32 29 292 128 145 132
-0.0102475 80 42 32 29 292 128 145 132
-0.0102626 80 56 32 29 292 128 145 132
-0.010264 80 70 32 29 292 128 145 132
-0.010266 80 84 32 29 292 128 145 132
-0.0102682 80 98 32 29 292 128 145 132
-0.0102646 96 0 32 29 292 128 145 132
-0.0102649 96 14 32 29 292 128 145 132
-0.0102577 96 28 32 29 292 128 145 132
-0.0102626 96 42 32 29 292 128 145 132
-0.0102658 96 56 32 29 292 128 145 132
-0.0102653 96 70 32 29 292 128 145 132
-0.0102655 96 84 32 29 292 128 145 132
-0.010268 96 98 32 29 292 128 145 132
-0.0102559 112 0 32 29 292 128 145 132
-0.0102607 112 14 32 29 292 128 145 132
-0.0102615 112 28 32 29 292 128 145 132
-0.0102653 112 42 32 29 292 128 145 132
-0.0102683 112 56 32 29 292 128 145 132
-0.0102541 112 70 32 29 292 128 145 132
-0.0102614 112 84 32 29 292 128 145 132
-0.0102659 112 98 32 29 292 128 145 132
-0.0102649 0 0 32 29 292 128 145 132
-0.0102657 0 14 32 29 292 128 145 132
-0.0102656 0 28 32 29 292 128 145 132
-0.0102656 0 42 32 29 292 128 145 132
-0.0102675 0 56 32 29 292 128 145 132
-0.0102649 0 70 32 29 292 128 145 132
-0.0102652 0 84 32 29 292 128 145 132
-0.0102645 0 98 32 29 292 128 145 132
-0.0102416 16 0 32 29 292 128 145 132
-0.0102653 16 14 32 29 292 128 145 132
-0.0102619 16 28 32 29 292 128 145 132
-0.0102628 16 42 32 29 292 128 145 132
-0.0102646 16 56 32 29 292 128 145 132
-0.0102645 16 70 32 29 292 128 145 132
-0.0102636 16 84 32 29 292 128 145 132
-0.010263 16 98 32 29 292 128 145 132
-0.00732425 32 0 32 29 292 128 145 132
-0.0102365 32 14 32 29 292 128 145 132
-0.0102633 32 28 32 29 292 128 145 132
-0.0102655 32 42 32 29 292 128 145 132
-0.0102659 32 56 32 29 292 128 145 132
-0.0102641 32 70 32 29 292 128 145 132
-0.010267 32 84 32 29 292 128 145 132
-0.0102651 32 98 32 29 292 128 145 132
-0.0102359 48 0 32 29 292 128 145 132
-0.0102523 48 14 32 29 292 128 145 132
-0.0102654 48 28 32 29 292 128 145 132
-0.0102656 48 42 32 29 292 128 145 132
-0.0102666 48 56 32 29 292 128 145 132
-0.0102631 48 70 32 29 292 128 145 132
-0.0102699 48 84 32 29 292 128 145 132
-0.0102634 48 98 32 29 292 128 145 132
-0.0102647 64 0 32 29 292 128 145 132
-0.0102655 64 14 32 29 292 128 145 132
-0.0102638 64 28 32 29 292 128 145 132
-0.0102641 64 42 32 29 292 128 145 132
-0.010262 64 56 32 29 292 128 145 132
-0.0102625 64 70 32 29 292 128 145 132
-0.0102672 64 84 32 29 292 128 145 132
-0.0102671 64 98 32 29 292 128 145 132
-0.0102653 80 0 32 29 292 128 145 132
-0.0102658 80 14 32 29 292 128 145 132
-0.0102663 80 28 32 29 292 128 145 132
-0.0102658 80 42 32 29 292 128 145 132
-0.010264 80 56 32 29 292 128 145 132
-0.0102652 80 70 32 29 292 128 145 132
-0.0102663 80 84 32 29 292 128 145 132
-0.0102684 80 98 32 29 292 128 145 132
-0.0102607 96 0 32 29 292 128 145 132
-0.0102617 96 14 32 29 292 128 145 132
-0.0102602 96 28 32 29 292 128 145 132
-0.0102648 96 42 32 29 292 128 145 132
-0.0102647 96 56 32 29 292 128 145 132
-0.0102631 96 70 32 29 292 128 145 132
-0.0102661 96 84 32 29 292 128 145 132
-0.0102669 96 98 32 29 292 128 145 132
-0.0102617 112 0 32 29 292 128 145 132
-0.0102609 112 14 32 29 292 128 145 132
-0.0102628 112 28 32 29 292 128 145 132
-0.0102667 112 42 32 29 292 128 145 132
-0.0102632 112 56 32 29 292 128 145 132
-0.0102663 112 70 32 29 292 128 145 132
-0.0102679 112 84 32 29 292 128 145 132
-0.0102646 112 98 32 29 292 128 145 132
-0.0102524 0 0 32 29 292 128 145 132
-0.0102522 0 14 32 29 292 128 145 132
-0.0102611 0 28 32 29 292 128 145 132
-0.0102638 0 42 32 29 292 128 145 132
-0.0102542 0 56 32 29 292 128 145 132
-0.0102355 0 70 32 29 292 128 145 132
-0.0102593 0 84 32 29 292 128 145 132
-0.0102641 0 98 32 29 292 128 145 132
-0.0102603 16 0 32 29 292 128 145 132
-0.0102643 16 14 32 29 292 128 145 132
-0.0102657 16 28 32 29 292 128 145 132
-0.0102662 16 42 32 29 292 128 145 132
-0.010256 16 56 32 29 292 128 145 132
-0.0102395 16 70 32 29 292 128 145 132
-0.0102495 16 84 32 29 292 128 145 132
-0.0102639 16 98 32 29 292 128 145 132
-0.0102587 32 0 32 29 292 128 145 132
-0.0102614 32 14 32 29 292 128 145 132
-0.0102628 32 28 32 29 292 128 145 132
-0.0102658 32 42 32 29 292 128 145 132
-0.010267 32 56 32 29 292 128 145 132
-0.010266 32 70 32 29 292 128 145 132
-0.0102399 32 84 32 29 292 128 145 132
-0.0102355 32 98 32 29 292 128 145 132
-0.008695 48 0 32 29 292 128 145 132
-0.00905651 48 14 32 29 292 128 145 132
-0.010266 48 28 32 29 292 128 145 132
-0.0102594 48 42 32 29 292 128 145 132
-0.0102642 48 56 32 29 292 128 145 132
-0.0102674 48 70 32 29 292 128 145 132
-0.0102637 48 84 32 29 292 128 145 132
-0.0099446 48 98 32 29 292 128 145 132
-0.00884079 64 0 32 29 292 128 145 132
-0.00526841 64 14 32 29 292 128 145 132
-0.0102563 64 28 32 29 292 128 145 132
-0.0102657 64 42 32 29 292 128 145 132
-0.0102503 64 56 32 29 292 128 145 132
-0.0102662 64 70 32 29 292 128 145 132
-0.0102687 64 84 32 29 292 128 145 132
-0.0102418 64 98 32 29 292 128 145 132
-0.0102586 80 0 32 29 292 128 145 132
-0.00794654 80 14 32 29 292 128 145 132
-0.00771809 80 28 32 29 292 128 145 132
-0.0102551 80 42 32 29 292 128 145 132
-0.010263 80 56 32 29 292 128 145 132
-0.0102659 80 70 32 29 292 128 145 132
-0.0102674 80 84 32 29 292 128 145 132
-0.010263 80 98 32 29 292 128 145 132
-0.0102561 96 0 32 29 292 128 145 132
-0.010248 96 14 32 29 292 128 145 132
-0.0102029 96 28 32 29 292 128 145 132
-0.010231 96 42 32 29 292 128 145 132
-0.0102649 96 56 32 29 292 128 145 132
-0.0102652 96 70 32 29 292 128 145 132
-0.0102653 96 84 32 29 292 128 145 132
-0.0102645 96 98 32 29 292 128 145 132
-0.0102591 112 0 32 29 292 128 145 132
-0.0102568 112 14 32 29 292 128 145 132
-0.0102391 112 28 32 29 292 128 145 132
-0.0102452 112 42 32 29 292 128 145 132
-0.0102662 112 56 32 29 292 128 145 132
-0.0102629 112 70 32 29 292 128 145 132
-0.0102646 112 84 32 29 292 128 145 132
-0.0102662 112 98 32 29 292 128 145 132
-0.0102574 0 0 32 29 292 128 145 132
-0.00802106 0 14 32 29 292 128 145 132
-0.0102243 0 28 32 29 292 128 145 132
-0.0102577 0 42 32 29 292 128 145 132
-0.00553317 0 56 32 29 292 128 145 132
-0.00623125 0 70 32 29 292 128 145 132
-0.0102569 0 84 32 29 292 128 145 132
-0.0102667 0 98 32 29 292 128 145 132
-0.0102657 16 0 32 29 292 128 145 132
-0.0102345 16 14 32 29 292 128 145 132
-0.0102436 16 28 32 29 292 128 145 132
-0.0102303 16 42 32 29 292 128 145 132
-0.00579466 16 56 32 29 292 128 145 132
-0.00506699 16 70 32 29 292 128 145 132
-0.0102044 16 84 32 29 292 128 145 132
-0.0102572 16 98 32 29 292 128 145 132
-0.0102668 32 0 32 29 292 128 145 132
-0.0102664 32 14 32 29 292 128 145 132
-0.0102668 32 28 32 29 292 128 145 132
-0.0102599 32 42 32 29 292 128 145 132
-0.0102581 32 56 32 29 292 128 145 132
-0.0102464 32 70 32 29 292 128 145 132
-0.0102054 32 84 32 29 292 128 145 132
-0.0102481 32 98 32 29 292 128 145 132
-0.0102652 48 0 32 29 292 128 145 132
-0.0102662 48 14 32 29 292 128 145 132
-0.0102653 48 28 32 29 292 128 145 132
-0.010265 48 42 32 29 292 128 145 132
-0.010267 48 56 32 29 292 128 145 132
-0.0102671 48 70 32 29 292 128 145 132
-0.0102574 48 84 32 29 292 128 145 132
-0.0102471 48 98 32 29 292 128 145 132
-0.0102636 64 0 32 29 292 128 145 132
-0.0102225 64 14 32 29 292 128 145 132
-0.0102475 64 28 32 29 292 128 145 132
-0.010266 64 42 32 29 292 128 145 132
-0.0102662 64 56 32 29 292 128 145 132
-0.0102623 64 70 32 29 292 128 145 132
-0.0102652 64 84 32 29 292 128 145 132
-0.0102553 64 98 32 29 292 128 145 132
-0.0102669 80 0 32 29 292 128 145 132
-0.0102272 80 14 32 29 292 128 145 132
-0.0102138 80 28 32 29 292 128 145 132
-0.0102655 80 42 32 29 292 128 145 132
-0.0102662 80 56 32 29 292 128 145 132
-0.0102676 80 70 32 29 292 128 145 132
-0.0102634 80 84 32 29 292 128 145 132
-0.0102564 80 98 32 29 292 128 145 132
-0.010266 96 0 32 29 292 128 145 132
-0.0102675 96 14 32 29 292 128 145 132
-0.0102624 96 28 32 29 292 128 145 132
-0.0102635 96 42 32 29 292 128 145 132
-0.0102665 96 56 32 29 292 128 145 132
-0.0102684 96 70 32 29 292 128 145 132
-0.0102566 96 84 32 29 292 128 145 132
-0.0102221 96 98 32 29 292 128 145 132
-0.0102641 112 0 32 29 292 128 145 132
-0.0102662 112 14 32 29 292 128 145 132
-0.0102647 112 28 32 29 292 128 145 132
-0.0102429 112 42 32 29 292 128 145 132
-0.0102588 112 56 32 29 292 128 145 132
-0.0102666 112 70 32 29 292 128 145 132
-0.010265 112 84 32 29 292 128 145 132
-0.0102413 112 98 32 29 292 128 145 132
-0.0102559 0 0 41 44 292 128 145 132
-0.0102431 0 22 41 44 292 128 145 132
-0.0102375 0 44 41 44 292 128 145 132
-0.0102453 0 66 41 44 292 128 145 132
-0.010262 0 88 41 44 292 128 145 132
-0.0102549 20 0 41 44 292 128 145 132
-0.0102643 20 22 41 44 292 128 145 132
-0.0102635 20 44 41 44 292 128 145 132
-0.0102519 20 66 41 44 292 128 145 132
-0.0102618 20 88 41 44 292 128 145 132
-0.0102603 40 0 41 44 292 128 145 132
-0.0102651 40 22 41 44 292 128 145 132
-0.0102636 40 44 41 44 292 128 145 132
-0.0102681 40 66 41 44 292 128 145 132
-0.0102582 40 88 41 44 292 128 145 132
-0.0102494 60 0 41 44 292 128 145 132
-0.0102656 60 22 41 44 292 128 145 132
-0.0102602 60 44 41 44 292 128 145 132
-0.0102662 60 66 41 44 292 128 145 132
-0.0102642 60 88 41 44 292 128 145 132
-0.010258 80 0 41 44 292 128 145 132
-0.0102603 80 22 41 44 292 128 145 132
-0.0102663 80 44 41 44 292 128 145 132
-0.0102671 80 66 41 44 292 128 145 132
-0.0102579 80 88 41 44 292 128 145 132
-0.0102651 100 0 41 44 292 128 145 132
-0.0102567 100 22 41 44 292 128 145 132
-0.0102584 100 44 41 44 292 128 145 132
-0.010258 100 66 41 44 292 128 145 132
-0.0102614 100 88 41 44 292 128 145 132
-0.0102614 0 0 41 44 292 128 145 132
-0.010262 0 22 41 44 292 128 145 132
-0.0102627 0 44 41 44 292 128 145 132
-0.0102639 0 66 41 44 292 128 145 132
-0.0102651 0 88 41 44 292 128 145 132
-0.0102596 20 0 41 44 292 128 145 132
-0.0102531 20 22 41 44 292 128 145 132
-0.0102553 20 44 41 44 292 128 145 132
-0.0102616 20 66 41 44 292 128 145 132
-0.0102667 20 88 41 44 292 128 145 132
-0.0102563 40 0 41 44 292 128 145 132
-0.00597324 40 22 41 44 292 128 145 132
-0.0102292 40 44 41 44 292 128 145 132
-0.0102547 40 66 41 44 292 128 145 132
-0.0102645 40 88 41 44 292 128 145 132
-0.0102599 60 0 41 44 292 128 145 132
-0.0102377 60 22 41 44 292 128 145 132
-0.00495628 60 44 41 44 292 128 145 132
-0.0102397 60 66 41 44 292 128 145 132
-0.0102587 60 88 41 44 292 128 145 132
-0.010263 80 0 41 44 292 128 145 132
-0.0102536 80 22 41 44 292 128 145 132
-0.010218 80 44 41 44 292 128 145 132
-0.0102431 80 66 41 44 292 128 145 132
-0.0102561 80 88 41 44 292 128 145 132
-0.010264 100 0 41 44 292 128 145 132
-0.0102604 100 22 41 44 292 128 145 132
-0.0102515 100 44 41 44 292 128 145 132
-0.010258 100 66 41 44 292 128 145 132
-0.0102626 100 88 41 44 292 128 145 132
-0.0102657 0 0 41 44 292 128 145 132
-0.0102636 0 22 41 44 292 128 145 132
-0.0102615 0 44 41 44 292 128 145 132
-0.0102647 0 66 41 44 292 128 145 132
-0.0102669 0 88 41 44 292 128 145 132
-0.0102642 20 0 41 44 292 128 145 132
-0.0102437 20 22 41 44 292 128 145 132
-0.0102374 20 44 41 44 292 128 145 132
-0.0102477 20 66 41 44 292 128 145 132
-0.0102659 20 88 41 44 292 128 145 132
-0.0102635 40 0 41 44 292 128 145 132
-0.0102356 40 22 41 44 292 128 145 132
-0.00403481 40 44 41 44 292 128 145 132
-0.0102247 40 66 41 44 292 128 145 132
-0.0102536 40 88 41 44 292 128 145 132
-0.010265 60 0 41 44 292 128 145 132
-0.0102449 60 22 41 44 292 128 145 132
-0.00947405 60 44 41 44 292 128 145 132
-0.0102049 60 66 41 44 292 128 145 132
-0.0102381 60 88 41 44 292 128 145 132
-0.0102665 80 0 41 44 292 128 145 132
-0.0102533 80 22 41 44 292 128 145 132
-0.0102026 80 44 41 44 292 128 145 132
-0.0102191 80 66 41 44 292 128 145 132
-0.0102344 80 88 41 44 292 128 145 132
-0.0102643 100 0 41 44 292 128 145 132
-0.0102628 100 22 41 44 292 128 145 132
-0.0102417 100 44 41 44 292 128 145 132
-0.0102463 100 66 41 44 292 128 145 132
-0.0102548 100 88 41 44 292 128 145 132
-0.0102636 0 0 41 44 292 128 145 132
-0.0102432 0 22 41 44 292 128 145 132
-0.0102409 0 44 41 44 292 128 145 132
-0.0102599 0 66 41 44 292 128 145 132
-0.0102659 0 88 41 44 292 128 145 132
-0.01025 20 0 41 44 292 128 145 132
-0.0102135 20 22 41 44 292 128 145 132
-0.0102094 20 44 41 44 292 128 145 132
-0.0102311 20 66 41 44 292 128 145 132
-0.0102581 20 88 41 44 292 128 145 132
-0.0102497 40 0 41 44 292 128 145 132
-0.010243 40 22 41 44 292 128 145 132
-0.0102025 40 44 41 44 292 128 145 132
-0.0102032 40 66 41 44 292 128 145 132
-0.0102347 40 88 41 44 292 128 145 132
-0.0102469 60 0 41 44 292 128 145 132
-0.0102411 60 22 41 44 292 128 145 132
-0.0102147 60 44 41 44 292 128 145 132
-0.00690025 60 66 41 44 292 128 145 132
-0.0102118 60 88 41 44 292 128 145 132
-0.0102547 80 0 41 44 292 128 145 132
-0.0102416 80 22 41 44 292 128 145 132
-0.0102066 80 44 41 44 292 128 145 132
-0.00650169 80 66 41 44 292 128 145 132
-0.0095423 80 88 41 44 292 128 145 132
-0.0102603 100 0 41 44 292 128 145 132
-0.0102496 100 22 41 44 292 128 145 132
-0.0102166 100 44 41 44 292 128 145 132
-0.010206 100 66 41 44 292 128 145 132
-0.0102303 100 88 41 44 292 128 145 132
-0.00588966 0 0 41 44 292 128 145 132
-0.00740436 0 22 41 44 292 128 145 132
-0.00614537 0 44 41 44 292 128 145 132
-0.0102483 0 66 41 44 292 128 145 132
-0.0102618 0 88 41 44 292 128 145 132
-0.0102106 20 0 41 44 292 128 145 132
-0.00681799 20 22 41 44 292 128 145 132
-0.01024 20 44 41 44 292 128 145 132
-0.0102594 20 66 41 44 292 128 145 132
-0.0102657 20 88 41 44 292 128 145 132
-0.010265 40 0 41 44 292 128 145 132
-0.0102625 40 22 41 44 292 128 145 132
-0.0102646 40 44 41 44 292 128 145 132
-0.0102638 40 66 41 44 292 128 145 132
-0.010263 40 88 41 44 292 128 145 132
-0.0102639 60 0 41 44 292 128 145 132
-0.0102549 60 22 41 44 292 128 145 132
-0.0102644 60 44 41 44 292 128 145 132
-0.010266 60 66 41 44 292 128 145 132
-0.0102652 60 88 41 44 292 128 145 132
-0.0102639 80 0 41 44 292 128 145 132
-0.0102645 80 22 41 44 292 128 145 132
-0.0102673 80 44 41 44 292 128 145 132
-0.0102646 80 66 41 44 292 128 145 132
-0.010257 80 88 41 44 292 128 145 132
-0.0102616 100 0 41 44 292 128 145 132
-0.0102668 100 22 41 44 292 128 145 132
-0.0102571 100 44 41 44 292 128 145 132
-0.0102312 100 66 41 44 292 128 145 132
-0.0102541 100 88 41 44 292 128 145 132
-0.0102635 0 0 41 44 292 128 145 132
-0.0102564 0 22 41 44 292 128 145 132
-0.0102626 0 44 41 44 292 128 145 132
-0.0102649 0 66 41 44 292 128 145 132
-0.0102646 0 88 41 44 292 128 145 132
-0.010265 20 0 41 44 292 128 145 132
-0.0102601 20 22 41 44 292 128 145 132
-0.0102665 20 44 41 44 292 128 145 132
-0.0102648 20 66 41 44 292 128 145 132
-0.0102671 20 88 41 44 292 128 145 132
-0.0102621 40 0 41 44 292 128 145 132
-0.0102585 40 22 41 44 292 128 145 132
-0.0102503 40 44 41 44 292 128 145 132
-0.0102561 40 66 41 44 292 128 145 132
-0.0102642 40 88 41 44 292 128 145 132
-0.0102653 60 0 41 44 292 128 145 132
-0.0102572 60 22 41 44 292 128 145 132
-0.0102567 60 44 41 44 292 128 145 132
-0.010261 60 66 41 44 292 128 145 132
-0.010263 60 88 41 44 292 128 145 132
-0.0102653 80 0 41 44 292 128 145 132
-0.0102645 80 22 41 44 292 128 145 132
-0.0102655 80 44 41 44 292 128 145 132
-0.010267 80 66 41 44 292 128 145 132
-0.0102641 80 88 41 44 292 128 145 132
-0.0102629 100 0 41 44 292 128 145 132
-0.0102668 100 22 41 44 292 128 145 132
-0.0102487 100 44 41 44 292 128 145 132
-0.0102258 100 66 41 44 292 128 145 132
-0.0102591 100 88 41 44 292 128 145 132
-0.0102604 0 0 41 44 292 128 145 132
-0.0102629 0 22 41 44 292 128 145 132
-0.0102617 0 44 41 44 292 128 145 132
-0.0102641 0 66 41 44 292 128 145 132
-0.0102641 0 88 41 44 292 128 145 132
-0.0102632 20 0 41 44 292 128 145 132
-0.0102616 20 22 41 44 292 128 145 132
-0.0102584 20 44 41 44 292 128 145 132
-0.0102633 20 66 41 44 292 128 145 132
-0.0102658 20 88 41 44 292 128 145 132
-0.0102638 40 0 41 44 292 128 145 132
-0.0102389 40 22 41 44 292 128 145 132
-0.0102285 40 44 41 44 292 128 145 132
-0.0102545 40 66 41 44 292 128 145 132
-0.0102636 40 88 41 44 292 128 145 132
-0.010264 60 0 41 44 292 128 145 132
-0.010257 60 22 41 44 292 128 145 132
-0.0102161 60 44 41 44 292 128 145 132
-0.0102606 60 66 41 44 292 128 145 132
-0.0102659 60 88 41 44 292 128 145 132
-0.0102642 80 0 41 44 292 128 145 132
-0.0102608 80 22 41 44 292 128 145 132
-0.0102626 80 44 41 44 292 128 145 132
-0.0102653 80 66 41 44 292 128 145 132
-0.0102677 80 88 41 44 292 128 145 132
-0.0102587 100 0 41 44 292 128 145 132
-0.0102602 100 22 41 44 292 128 145 132
-0.0102679 100 44 41 44 292 128 145 132
-0.0102616 100 66 41 44 292 128 145 132
-0.0102647 100 88 41 44 292 128 145 132
-0.0102633 0 0 41 44 292 128 145 132
-0.0102652 0 22 41 44 292 128 145 132
-0.0102656 0 44 41 44 292 128 145 132
-0.0102657 0 66 41 44 292 128 145 132
-0.0102647 0 88 41 44 292 128 145 132
-0.0102315 20 0 41 44 292 128 145 132
-0.0102619 20 22 41 44 292 128 145 132
-0.0102621 20 44 41 44 292 128 145 132
-0.0102652 20 66 41 44 292 128 145 132
-0.010265 20 88 41 44 292 128 145 132
-0.0102357 40 0 41 44 292 128 145 132
-0.0102662 40 22 41 44 292 128 145 132
-0.0102661 40 44 41 44 292 128 145 132
-0.0102663 40 66 41 44 292 128 145 132
-0.0102635 40 88 41 44 292 128 145 132
-0.0102652 60 0 41 44 292 128 145 132
-0.0102654 60 22 41 44 292 128 145 132
-0.0102618 60 44 41 44 292 128 145 132
-0.0102652 60 66 41 44 292 128 145 132
-0.0102668 60 88 41 44 292 128 145 132
-0.0102655 80 0 41 44 292 128 145 132
-0.0102648 80 22 41 44 292 128 145 132
-0.0102658 80 44 41 44 292 128 145 132
-0.0102651 80 66 41 44 292 128 145 132
-0.010266 80 88 41 44 292 128 145 132
-0.0102634 100 0 41 44 292 128 145 132
-0.0102623 100 22 41 44 292 128 145 132
-0.0102657 100 44 41 44 292 128 145 132
-0.0102632 100 66 41 44 292 128 145 132
-0.0102658 100 88 41 44 292 128 145 132
-0.0102445 0 0 41 44 292 128 145 132
-0.0102601 0 22 41 44 292 128 145 132
-0.0102515 0 44 41 44 292 128 145 132
-0.0102372 0 66 41 44 292 128 145 132
-0.0102621 0 88 41 44 292 128 145 132
-0.0102627 20 0 41 44 292 128 145 132
-0.0102668 20 22 41 44 292 128 145 132
-0.0102661 20 44 41 44 292 128 145 132
-0.0102467 20 66 41 44 292 128 145 132
-0.0102527 20 88 41 44 292 128 145 132
-0.0102337 40 0 41 44 292 128 145 132
-0.0102631 40 22 41 44 292 128 145 132
-0.0102659 40 44 41 44 292 128 145 132
-0.0102671 40 66 41 44 292 128 145 132
-0.010225 40 88 41 44 292 128 145 132
-0.00740434 60 0 41 44 292 128 145 132
-0.0102211 60 22 41 44 292 128 145 132
-0.0102653 60 44 41 44 292 128 145 132
-0.0102685 60 66 41 44 292 128 145 132
-0.0102478 60 88 41 44 292 128 145 132
-0.0102181 80 0 41 44 292 128 145 132
-0.00809446 80 22 41 44 292 128 145 132
-0.010263 80 44 41 44 292 128 145 132
-0.0102666 80 66 41 44 292 128 145 132
-0.0102646 80 88 41 44 292 128 145 132
-0.0102518 100 0 41 44 292 128 145 132
-0.0100101 100 22 41 44 292 128 145 132
-0.0102515 100 44 41 44 292 128 145 132
-0.0102645 100 66 41 44 292 128 145 132
-0.0102633 100 88 41 44 292 128 145 132
-0.0102262 0 0 41 44 292 128 145 132
-0.00940577 0 22 41 44 292 128 145 132
-0.0060584 0 44 41 44 292 128 145 132
-0.00536659 0 66 41 44 292 128 145 132
-0.0102421 0 88 41 44 292 128 145 132
-0.0102623 20 0 41 44 292 128 145 132
-0.0102508 20 22 41 44 292 128 145 132
-0.0102266 20 44 41 44 292 128 145 132
-0.00715987 20 66 41 44 292 128 145 132
-0.0102393 20 88 41 44 292 128 145 132
-0.0102657 40 0 41 44 292 128 145 132
-0.0102669 40 22 41 44 292 128 145 132
-0.0102678 40 44 41 44 292 128 145 132
-0.0102579 40 66 41 44 292 128 145 132
-0.0102364 40 88 41 44 292 128 145 132
-0.0102457 60 0 41 44 292 128 145 132
-0.0102518 60 22 41 44 292 128 145 132
-0.0102657 60 44 41 44 292 128 145 132
-0.0102658 60 66 41 44 292 128 145 132
-0.0102508 60 88 41 44 292 128 145 132
-0.0102493 80 0 41 44 292 128 145 132
-0.010243 80 22 41 44 292 128 145 132
-0.0102656 80 44 41 44 292 128 145 132
-0.0102625 80 66 41 44 292 128 145 132
-0.0102414 80 88 41 44 292 128 145 132
-0.0102657 100 0 41 44 292 128 145 132
-0.0102473 100 22 41 44 292 128 145 132
-0.0102563 100 44 41 44 292 128 145 132
-0.0102644 100 66 41 44 292 128 145 132
-0.0102475 100 88 41 44 292 128 145 132
-0.0102226 0 0 58 52 292 128 145 132
-0.0102531 0 26 58 52 292 128 145 132
-0.0102316 0 52 58 52 292 128 145 132
-0.010255 0 78 58 52 292 128 145 132
-0.0102604 29 0 58 52 292 128 145 132
-0.0102661 29 26 58 52 292 128 145 132
-0.0102672 29 52 58 52 292 128 145 132
-0.0102566 29 78 58 52 292 128 145 132
-0.01025 58 0 58 52 292 128 145 132
-0.0102659 58 26 58 52 292 128 145 132
-0.0102657 58 52 58 52 292 128 145 132
-0.0102655 58 78 58 52 292 128 145 132
-0.0102591 87 0 58 52 292 128 145 132
-0.0102584 87 26 58 52 292 128 145 132
-0.010261 87 52 58 52 292 128 145 132
-0.0102587 87 78 58 52 292 128 145 132
-0.0102593 0 0 58 52 292 128 145 132
-0.0102582 0 26 58 52 292 128 145 132
-0.0102617 0 52 58 52 292 128 145 132
-0.0102659 0 78 58 52 292 128 145 132
-0.0102539 29 0 58 52 292 128 145 132
-0.0102186 29 26 58 52 292 128 145 132
-0.0102502 29 52 58 52 292 128 145 132
-0.0102624 29 78 58 52 292 128 145 132
-0.0102586 58 0 58 52 292 128 145 132
-0.010223 58 26 58 52 292 128 145 132
-0.0102151 58 52 58 52 292 128 145 132
-0.0102548 58 78 58 52 292 128 145 132
-0.0102634 87 0 58 52 292 128 145 132
-0.0102543 87 26 58 52 292 128 145 132
-0.010251 87 52 58 52 292 128 145 132
-0.0102599 87 78 58 52 292 128 145 132
-0.0102649 0 0 58 52 292 128 145 132
-0.0102557 0 26 58 52 292 128 145 132
-0.0102568 0 52 58 52 292 128 145 132
-0.010266 0 78 58 52 292 128 145 132
-0.0102599 29 0 58 52 292 128 145 132
-0.0102072 29 26 58 52 292 128 145 132
-0.0102202 29 52 58 52 292 128 145 132
-0.0102487 29 78 58 52 292 128 145 132
-0.0102639 58 0 58 52 292 128 145 132
-0.0102346 58 26 58 52 292 128 145 132
-0.00779485 58 52 58 52 292 128 145 132
-0.0102318 58 78 58 52 292 128 145 132
-0.0102664 87 0 58 52 292 128 145 132
-0.0102524 87 26 58 52 292 128 145 132
-0.0102401 87 52 58 52 292 128 145 132
-0.0102481 87 78 58 52 292 128 145 132
-0.0102558 0 0 58 52 292 128 145 132
-0.0102294 0 26 58 52 292 128 145 132
-0.0102386 0 52 58 52 292 128 145 132
-0.0102604 0 78 58 52 292 128 145 132
-0.0102434 29 0 58 52 292 128 145 132
-0.010205 29 26 58 52 292 128 145 132
-0.00919855 29 52 58 52 292 128 145 132
-0.01023 29 78 58 52 292 128 145 132
-0.0102473 58 0 58 52 292 128 145 132
-0.0102295 58 26 58 52 292 128 145 132
-0.00570669 58 52 58 52 292 128 145 132
-0.00862058 58 78 58 52 292 128 145 132
-0.0102559 87 0 58 52 292 128 145 132
-0.010235 87 26 58 52 292 128 145 132
-0.0102033 87 52 58 52 292 128 145 132
-0.0102126 87 78 58 52 292 128 145 132
-0.0083195 0 0 58 52 292 128 145 132
-0.00470138 0 26 58 52 292 128 145 132
-0.00933723 0 52 58 52 292 128 145 132
-0.0102634 0 78 58 52 292 128 145 132
-0.0102676 29 0 58 52 292 128 145 132
-0.0102681 29 26 58 52 292 128 145 132
-0.0102673 29 52 58 52 292 128 145 132
-0.0102647 29 78 58 52 292 128 145 132
-0.0102616 58 0 58 52 292 128 145 132
-0.0102622 58 26 58 52 292 128 145 132
-0.0102661 58 52 58 52 292 128 145 132
-0.0102655 58 78 58 52 292 128 145 132
-0.0102613 87 0 58 52 292 128 145 132
-0.0102633 87 26 58 52 292 128 145 132
-0.0102409 87 52 58 52 292 128 145 132
-0.0102541 87 78 58 52 292 128 145 132
-0.0102576 0 0 58 52 292 128 145 132
-0.0102624 0 26 58 52 292 128 145 132
-0.0102631 0 52 58 52 292 128 145 132
-0.0102693 0 78 58 52 292 128 145 132
-0.0102657 29 0 58 52 292 128 145 132
-0.0102617 29 26 58 52 292 128 145 132
-0.010252 29 52 58 52 292 128 145 132
-0.0102652 29 78 58 52 292 128 145 132
-0.0102623 58 0 58 52 292 128 145 132
-0.0102583 58 26 58 52 292 128 145 132
-0.0102625 58 52 58 52 292 128 145 132
-0.0102658 58 78 58 52 292 128 145 132
-0.0102625 87 0 58 52 292 128 145 132
-0.0102664 87 26 58 52 292 128 145 132
-0.0102349 87 52 58 52 292 128 145 132
-0.0102559 87 78 58 52 292 128 145 132
-0.0102594 0 0 58 52 292 128 145 132
-0.0102578 0 26 58 52 292 128 145 132
-0.0102583 0 52 58 52 292 128 145 132
-0.0102643 0 78 58 52 292 128 145 132
-0.0102629 29 0 58 52 292 128 145 132
-0.010243 29 26 58 52 292 128 145 132
-0.0102492 29 52 58 52 292 128 145 132
-0.0102632 29 78 58 52 292 128 145 132
-0.0102617 58 0 58 52 292 128 145 132
-0.0102488 58 26 58 52 292 128 145 132
-0.0102588 58 52 58 52 292 128 145 132
-0.0102673 58 78 58 52 292 128 145 132
-0.0102621 87 0 58 52 292 128 145 132
-0.0102636 87 26 58 52 292 128 145 132
-0.0102642 87 52 58 52 292 128 145 132
-0.0102626 87 78 58 52 292 128 145 132
-0.010251 0 0 58 52 292 128 145 132
-0.0102644 0 26 58 52 292 128 145 132
-0.0102667 0 52 58 52 292 128 145 132
-0.0102628 0 78 58 52 292 128 145 132
-0.0102456 29 0 58 52 292 128 145 132
-0.0102627 29 26 58 52 292 128 145 132
-0.0102644 29 52 58 52 292 128 145 132
-0.0102645 29 78 58 52 292 128 145 132
-0.0102605 58 0 58 52 292 128 145 132
-0.0102654 58 26 58 52 292 128 145 132
-0.0102643 58 52 58 52 292 128 145 132
-0.0102671 58 78 58 52 292 128 145 132
-0.0102589 87 0 58 52 292 128 145 132
-0.0102649 87 26 58 52 292 128 145 132
-0.0102638 87 52 58 52 292 128 145 132
-0.0102669 87 78 58 52 292 128 145 132
-0.0102551 0 0 58 52 292 128 145 132
-0.0102632 0 26 58 52 292 128 145 132
-0.0102493 0 52 58 52 292 128 145 132
-0.0102477 0 78 58 52 292 128 145 132
-0.0102362 29 0 58 52 292 128 145 132
-0.0102653 29 26 58 52 292 128 145 132
-0.0102673 29 52 58 52 292 128 145 132
-0.0102308 29 78 58 52 292 128 145 132
-0.00640955 58 0 58 52 292 128 145 132
-0.0102441 58 26 58 52 292 128 145 132
-0.010267 58 52 58 52 292 128 145 132
-0.0102538 58 78 58 52 292 128 145 132
-0.0102213 87 0 58 52 292 128 145 132
-0.0102267 87 26 58 52 292 128 145 132
-0.0102657 87 52 58 52 292 128 145 132
-0.0102653 87 78 58 52 292 128 145 132
-0.0102559 0 0 58 52 292 128 145 132
-0.0102075 0 26 58 52 292 128 145 132
-0.00820866 0 52 58 52 292 128 145 132
-0.0102169 0 78 58 52 292 128 145 132
-0.0102657 29 0 58 52 292 128 145 132
-0.0102623 29 26 58 52 292 128 145 132
-0.0102406 29 52 58 52 292 128 145 132
-0.0102254 29 78 58 52 292 128 145 132
-0.0102428 58 0 58 52 292 128 145 132
-0.0102568 58 26 58 52 292 128 145 132
-0.0102674 58 52 58 52 292 128 145 132
-0.0102508 58 78 58 52 292 128 145 132
-0.0102564 87 0 58 52 292 128 145 132
-0.0102445 87 26 58 52 292 128 145 132
-0.0102595 87 52 58 52 292 128 145 132
-0.0102527 87 78 58 52 292 128 145 132
-0.0096781 0 0 96 88 292 128 145 132
-0.0102492 0 44 96 88 292 128 145 132
-0.0102439 48 0 96 88 292 128 145 132
-0.0102463 48 44 96 88 292 128 145 132
-0.0102475 0 0 96 88 292 128 145 132
-0.0102583 0 44 96 88 292 128 145 132
-0.0102498 48 0 96 88 292 128 145 132
-0.0102481 48 44 96 88 292 128 145 132
-0.010254 0 0 96 88 292 128 145 132
-0.0102514 0 44 96 88 292 128 145 132
-0.0102508 48 0 96 88 292 128 145 132
-0.0102339 48 44 96 88 292 128 145 132
-0.0102305 0 0 96 88 292 128 145 132
-0.0102291 0 44 96 88 292 128 145 132
-0.0102268 48 0 96 88 292 128 145 132
-0.00847013 48 44 96 88 292 128 145 132
-0.00707319 0 0 96 88 292 128 145 132
-0.0102343 0 44 96 88 292 128 145 132
-0.0102664 48 0 96 88 292 128 145 132
-0.0102521 48 44 96 88 292 128 145 132
-0.0102582 0 0 96 88 292 128 145 132
-0.0102645 0 44 96 88 292 128 145 132
-0.0102653 48 0 96 88 292 128 145 132
-0.0102614 48 44 96 88 292 128 145 132
-0.0102559 0 0 96 88 292 128 145 132
-0.0102596 0 44 96 88 292 128 145 132
-0.01026 48 0 96 88 292 128 145 132
-0.0102678 48 44 96 88 292 128 145 132
-0.0102625 0 0 96 88 292 128 145 132
-0.0102645 0 44 96 88 292 128 145 132
-0.0102624 48 0 96 88 292 128 145 132
-0.0102642 48 44 96 88 292 128 145 132
-0.0102172 0 0 96 88 292 128 145 132
-0.00876823 0 44 96 88 292 128 145 132
-0.0100749 48 0 96 88 292 128 145 132
-0.0102554 48 44 96 88 292 128 145 132
-0.0102207 0 0 96 88 292 128 145 132
-0.00748364 0 44 96 88 292 128 145 132
-0.0102531 48 0 96 88 292 128 145 132
-0.0102369 48 44 96 88 292 128 145 132
-0.00631456 0 0 145 132 292 128 145 132
-0.0102482 0 0 145 132 292 128 145 132
-0.0102537 0 0 145 132 292 128 145 132
-0.0102184 0 0 145 132 292 128 145 132
-0.00756144 0 0 145 132 292 128 145 132
-0.0102543 0 0 145 132 292 128 145 132
-0.0102582 0 0 145 132 292 128 145 132
-0.0102592 0 0 145 132 292 128 145 132
-0.00659624 0 0 145 132 292 128 145 132
-0.00545112 0 0 145 132 292 128 145 132
