0 509 30 5 5 525 46 26 26
0 509 35 5 5 525 46 26 26
0 509 40 5 5 525 46 26 26
0 509 45 5 5 525 46 26 26
0 509 50 5 5 525 46 26 26
0 509 55 5 5 525 46 26 26
0 509 60 5 5 525 46 26 26
0 509 65 5 5 525 46 26 26
0 509 70 5 5 525 46 26 26
0 509 75 5 5 525 46 26 26
0 509 80 5 5 525 46 26 26
0 509 85 5 5 525 46 26 26
0 514 30 5 5 525 46 26 26
0 514 35 5 5 525 46 26 26
0 514 40 5 5 525 46 26 26
0 514 45 5 5 525 46 26 26
0 514 50 5 5 525 46 26 26
0 514 55 5 5 525 46 26 26
0 514 60 5 5 525 46 26 26
0 514 65 5 5 525 46 26 26
0 514 70 5 5 525 46 26 26
0 514 75 5 5 525 46 26 26
0 514 80 5 5 525 46 26 26
0 514 85 5 5 525 46 26 26
0 519 30 5 5 525 46 26 26
0 519 35 5 5 525 46 26 26
0 519 40 5 5 525 46 26 26
0 519 45 5 5 525 46 26 26
0 519 50 5 5 525 46 26 26
0 519 55 5 5 525 46 26 26
0 519 60 5 5 525 46 26 26
0 519 65 5 5 525 46 26 26
0 519 70 5 5 525 46 26 26
0 519 75 5 5 525 46 26 26
0 519 80 5 5 525 46 26 26
0 519 85 5 5 525 46 26 26
0 524 30 5 5 525 46 26 26
0 524 35 5 5 525 46 26 26
0 524 40 5 5 525 46 26 26
0 524 45 5 5 525 46 26 26
0 524 50 5 5 525 46 26 26
0 524 55 5 5 525 46 26 26
0 524 60 5 5 525 46 26 26
1 524 65 5 5 525 46 26 26
1 524 70 5 5 525 46 26 26
0 524 75 5 5 525 46 26 26
0 524 80 5 5 525 46 26 26
0 524 85 5 5 525 46 26 26
0 529 30 5 5 525 46 26 26
0 529 35 5 5 525 46 26 26
0 529 40 5 5 525 46 26 26
0 529 45 5 5 525 46 26 26
0 529 50 5 5 525 46 26 26
0 529 55 5 5 525 46 26 26
0 529 60 5 5 525 46 26 26
0 529 65 5 5 525 46 26 26
0 529 70 5 5 525 46 26 26
0 529 75 5 5 525 46 26 26
0 529 80 5 5 525 46 26 26
0 529 85 5 5 525 46 26 26
0 534 30 5 5 525 46 26 26
0 534 35 5 5 525 46 26 26
0 534 40 5 5 525 46 26 26
0 534 45 5 5 525 46 26 26
0 534 50 5 5 525 46 26 26
0 534 55 5 5 525 46 26 26
0 534 60 5 5 525 46 26 26
0 534 65 5 5 525 46 26 26
0 534 70 5 5 525 46 26 26
0 534 75 5 5 525 46 26 26
0 534 80 5 5 525 46 26 26
0 534 85 5 5 525 46 26 26
0 539 30 5 5 525 46 26 26
0 539 35 5 5 525 46 26 26
0 539 40 5 5 525 46 26 26
0 539 45 5 5 525 46 26 26
0 539 50 5 5 525 46 26 26
0 539 55 5 5 525 46 26 26
0 539 60 5 5 525 46 26 26
0 539 65 5 5 525 46 26 26
1 539 70 5 5 525 46 26 26
0 539 75 5 5 525 46 26 26
0 539 80 5 5 525 46 26 26
0 539 85 5 5 525 46 26 26
0 544 30 5 5 525 46 26 26
0 544 35 5 5 525 46 26 26
0 544 40 5 5 525 46 26 26
0 544 45 5 5 525 46 26 26
0 544 50 5 5 525 46 26 26
0 544 55 5 5 525 46 26 26
0 544 60 5 5 525 46 26 26
0 544 65 5 5 525 46 26 26
0 544 70 5 5 525 46 26 26
0 544 75 5 5 525 46 26 26
0 544 80 5 5 525 46 26 26
0 544 85 5 5 525 46 26 26
0 549 30 5 5 525 46 26 26
0 549 35 5 5 525 46 26 26
0 549 40 5 5 525 46 26 26
0 549 45 5 5 525 46 26 26
0 549 50 5 5 525 46 26 26
0 549 55 5 5 525 46 26 26
0 549 60 5 5 525 46 26 26
0 549 65 5 5 525 46 26 26
0 549 70 5 5 525 46 26 26
0 549 75 5 5 525 46 26 26
0 549 80 5 5 525 46 26 26
0 549 85 5 5 525 46 26 26
0 554 30 5 5 525 46 26 26
0 554 35 5 5 525 46 26 26
0 554 40 5 5 525 46 26 26
0 554 45 5 5 525 46 26 26
0 554 50 5 5 525 46 26 26
0 554 55 5 5 525 46 26 26
0 554 60 5 5 525 46 26 26
0 554 65 5 5 525 46 26 26
0 554 70 5 5 525 46 26 26
0 554 75 5 5 525 46 26 26
0 554 80 5 5 525 46 26 26
0 554 85 5 5 525 46 26 26
0 559 30 5 5 525 46 26 26
0 559 35 5 5 525 46 26 26
0 559 40 5 5 525 46 26 26
0 559 45 5 5 525 46 26 26
0 559 50 5 5 525 46 26 26
0 559 55 5 5 525 46 26 26
0 559 60 5 5 525 46 26 26
0 559 65 5 5 525 46 26 26
0 559 70 5 5 525 46 26 26
0 559 75 5 5 525 46 26 26
0 559 80 5 5 525 46 26 26
0 559 85 5 5 525 46 26 26
0 564 30 5 5 525 46 26 26
0 564 35 5 5 525 46 26 26
0 564 40 5 5 525 46 26 26
0 564 45 5 5 525 46 26 26
0 564 50 5 5 525 46 26 26
0 564 55 5 5 525 46 26 26
0 564 60 5 5 525 46 26 26
0 564 65 5 5 525 46 26 26
0 564 70 5 5 525 46 26 26
0 564 75 5 5 525 46 26 26
0 564 80 5 5 525 46 26 26
0 564 85 5 5 525 46 26 26
