-0.00124728 0 0 8 9 496 419 40 42
-0.00124685 0 4 8 9 496 419 40 42
-0.00124728 0 8 8 9 496 419 40 42
-0.00124693 0 12 8 9 496 419 40 42
-0.00124638 0 16 8 9 496 419 40 42
-0.00124595 0 20 8 9 496 419 40 42
-0.0012468 0 24 8 9 496 419 40 42
-0.00124701 0 28 8 9 496 419 40 42
-0.00124704 4 0 8 9 496 419 40 42
-0.00124738 4 4 8 9 496 419 40 42
-0.00124647 4 8 8 9 496 419 40 42
-0.0012456 4 12 8 9 496 419 40 42
-0.00124607 4 16 8 9 496 419 40 42
-0.00124591 4 20 8 9 496 419 40 42
-0.00124688 4 24 8 9 496 419 40 42
-0.00124714 4 28 8 9 496 419 40 42
-0.00124745 8 0 8 9 496 419 40 42
-0.00124717 8 4 8 9 496 419 40 42
-0.00124695 8 8 8 9 496 419 40 42
-0.00124648 8 12 8 9 496 419 40 42
-0.00124689 8 16 8 9 496 419 40 42
-0.0012468 8 20 8 9 496 419 40 42
-0.00124719 8 24 8 9 496 419 40 42
-0.00124697 8 28 8 9 496 419 40 42
-0.00124754 12 0 8 9 496 419 40 42
-0.00124677 12 4 8 9 496 419 40 42
-0.00124671 12 8 8 9 496 419 40 42
-0.00124594 12 12 8 9 496 419 40 42
-0.00124354 12 16 8 9 496 419 40 42
-0.00124559 12 20 8 9 496 419 40 42
-0.00124724 12 24 8 9 496 419 40 42
-0.00124689 12 28 8 9 496 419 40 42
-0.00124757 16 0 8 9 496 419 40 42
-0.00124669 16 4 8 9 496 419 40 42
-0.00124636 16 8 8 9 496 419 40 42
-0.00124576 16 12 8 9 496 419 40 42
-0.00124609 16 16 8 9 496 419 40 42
-0.00124607 16 20 8 9 496 419 40 42
-0.00124734 16 24 8 9 496 419 40 42
-0.00124713 16 28 8 9 496 419 40 42
-0.00124753 20 0 8 9 496 419 40 42
-0.0012472 20 4 8 9 496 419 40 42
-0.00124674 20 8 8 9 496 419 40 42
-0.00124499 20 12 8 9 496 419 40 42
-0.00124601 20 16 8 9 496 419 40 42
-0.00124554 20 20 8 9 496 419 40 42
-0.00124723 20 24 8 9 496 419 40 42
-0.00124728 20 28 8 9 496 419 40 42
-0.00124717 24 0 8 9 496 419 40 42
-0.0012452 24 4 8 9 496 419 40 42
-0.00124343 24 8 8 9 496 419 40 42
-0.00124634 24 12 8 9 496 419 40 42
-0.00124705 24 16 8 9 496 419 40 42
-0.00124725 24 20 8 9 496 419 40 42
-0.00124544 24 24 8 9 496 419 40 42
-0.00124722 24 28 8 9 496 419 40 42
-0.00124722 28 0 8 9 496 419 40 42
-0.00124704 28 4 8 9 496 419 40 42
-0.00124623 28 8 8 9 496 419 40 42
-0.00124662 28 12 8 9 496 419 40 42
-0.00124736 28 16 8 9 496 419 40 42
-0.00124711 28 20 8 9 496 419 40 42
-0.00124669 28 24 8 9 496 419 40 42
-0.00124631 28 28 8 9 496 419 40 42
-0.00124752 0 0 8 9 496 419 40 42
-0.00124756 0 4 8 9 496 419 40 42
-0.0012474 0 8 8 9 496 419 40 42
-0.0012466 0 12 8 9 496 419 40 42
-0.00124707 0 16 8 9 496 419 40 42
-0.001247 0 20 8 9 496 419 40 42
-0.00124652 0 24 8 9 496 419 40 42
-0.00124493 0 28 8 9 496 419 40 42
-0.00124754 4 0 8 9 496 419 40 42
-0.00124726 4 4 8 9 496 419 40 42
-0.00124579 4 8 8 9 496 419 40 42
-0.00124708 4 12 8 9 496 419 40 42
-0.00124723 4 16 8 9 496 419 40 42
-0.00124716 4 20 8 9 496 419 40 42
-0.0012468 4 24 8 9 496 419 40 42
-0.00124462 4 28 8 9 496 419 40 42
-0.0012473 8 0 8 9 496 419 40 42
-0.00124346 8 4 8 9 496 419 40 42
-0.00124655 8 8 8 9 496 419 40 42
-0.00124723 8 12 8 9 496 419 40 42
-0.00124731 8 16 8 9 496 419 40 42
-0.00124715 8 20 8 9 496 419 40 42
-0.00124638 8 24 8 9 496 419 40 42
-0.00124099 8 28 8 9 496 419 40 42
-0.00124637 12 0 8 9 496 419 40 42
-0.00124447 12 4 8 9 496 419 40 42
-0.00124638 12 8 8 9 496 419 40 42
-0.0012472 12 12 8 9 496 419 40 42
-0.00124747 12 16 8 9 496 419 40 42
-0.0012474 12 20 8 9 496 419 40 42
-0.00124691 12 24 8 9 496 419 40 42
-0.00124465 12 28 8 9 496 419 40 42
-0.00124277 16 0 8 9 496 419 40 42
-0.000945842 16 4 8 9 496 419 40 42
-0.00124508 16 8 8 9 496 419 40 42
-0.00124693 16 12 8 9 496 419 40 42
-0.00124745 16 16 8 9 496 419 40 42
-0.00124742 16 20 8 9 496 419 40 42
-0.00124689 16 24 8 9 496 419 40 42
-0.00124447 16 28 8 9 496 419 40 42
-0.00124579 20 0 8 9 496 419 40 42
-0.00124316 20 4 8 9 496 419 40 42
-0.00124647 20 8 8 9 496 419 40 42
-0.00124719 20 12 8 9 496 419 40 42
-0.00124734 20 16 8 9 496 419 40 42
-0.00124718 20 20 8 9 496 419 40 42
-0.00124654 20 24 8 9 496 419 40 42
-0.00124177 20 28 8 9 496 419 40 42
-0.00124648 24 0 8 9 496 419 40 42
-0.000798479 24 4 8 9 496 419 40 42
-0.00124644 24 8 8 9 496 419 40 42
-0.0012471 24 12 8 9 496 419 40 42
-0.00124694 24 16 8 9 496 419 40 42
-0.00124699 24 20 8 9 496 419 40 42
-0.00124705 24 24 8 9 496 419 40 42
-0.00124614 24 28 8 9 496 419 40 42
-0.00124619 28 0 8 9 496 419 40 42
-0.00100333 28 4 8 9 496 419 40 42
-0.001246 28 8 8 9 496 419 40 42
-0.00124699 28 12 8 9 496 419 40 42
-0.00124684 28 16 8 9 496 419 40 42
-0.00124649 28 20 8 9 496 419 40 42
-0.00124682 28 24 8 9 496 419 40 42
-0.00124708 28 28 8 9 496 419 40 42
-0.00124374 0 0 8 9 496 419 40 42
-0.00124307 0 4 8 9 496 419 40 42
-0.000807791 0 8 8 9 496 419 40 42
-0.00124234 0 12 8 9 496 419 40 42
-0.00124305 0 16 8 9 496 419 40 42
-0.00124338 0 20 8 9 496 419 40 42
-0.00124491 0 24 8 9 496 419 40 42
-0.00124631 0 28 8 9 496 419 40 42
-0.00124218 4 0 8 9 496 419 40 42
-0.000898998 4 4 8 9 496 419 40 42
-0.00124277 4 8 8 9 496 419 40 42
-0.00106963 4 12 8 9 496 419 40 42
-0.000880773 4 16 8 9 496 419 40 42
-0.00124123 4 20 8 9 496 419 40 42
-0.00124354 4 24 8 9 496 419 40 42
-0.00124519 4 28 8 9 496 419 40 42
-0.00124103 8 0 8 9 496 419 40 42
-0.00124098 8 4 8 9 496 419 40 42
-0.00124312 8 8 8 9 496 419 40 42
-0.00124232 8 12 8 9 496 419 40 42
-0.00124159 8 16 8 9 496 419 40 42
-0.00124233 8 20 8 9 496 419 40 42
-0.00102236 8 24 8 9 496 419 40 42
-0.00108811 8 28 8 9 496 419 40 42
-0.00124592 12 0 8 9 496 419 40 42
-0.00124383 12 4 8 9 496 419 40 42
-0.0012453 12 8 8 9 496 419 40 42
-0.00124599 12 12 8 9 496 419 40 42
-0.00124601 12 16 8 9 496 419 40 42
-0.00124589 12 20 8 9 496 419 40 42
-0.00124496 12 24 8 9 496 419 40 42
-0.00103208 12 28 8 9 496 419 40 42
-0.0012463 16 0 8 9 496 419 40 42
-0.0011062 16 4 8 9 496 419 40 42
-0.0011152 16 8 8 9 496 419 40 42
-0.00124426 16 12 8 9 496 419 40 42
-0.00124572 16 16 8 9 496 419 40 42
-0.00124587 16 20 8 9 496 419 40 42
-0.00124366 16 24 8 9 496 419 40 42
-0.000623347 16 28 8 9 496 419 40 42
-0.00124495 20 0 8 9 496 419 40 42
-0.00124371 20 4 8 9 496 419 40 42
-0.00124466 20 8 8 9 496 419 40 42
-0.00124532 20 12 8 9 496 419 40 42
-0.00124545 20 16 8 9 496 419 40 42
-0.00124388 20 20 8 9 496 419 40 42
-0.000826545 20 24 8 9 496 419 40 42
-0.00070366 20 28 8 9 496 419 40 42
-0.000908309 24 0 8 9 496 419 40 42
-0.00124438 24 4 8 9 496 419 40 42
-0.00124519 24 8 8 9 496 419 40 42
-0.00124441 24 12 8 9 496 419 40 42
-0.00124374 24 16 8 9 496 419 40 42
-0.00124454 24 20 8 9 496 419 40 42
-0.00124463 24 24 8 9 496 419 40 42
-0.0012447 24 28 8 9 496 419 40 42
-0.000889706 28 0 8 9 496 419 40 42
-0.00109717 28 4 8 9 496 419 40 42
-0.00124462 28 8 8 9 496 419 40 42
-0.00124408 28 12 8 9 496 419 40 42
-0.00124192 28 16 8 9 496 419 40 42
-0.00124015 28 20 8 9 496 419 40 42
-0.00124308 28 24 8 9 496 419 40 42
-0.00124641 28 28 8 9 496 419 40 42
-0.00124755 0 0 8 9 496 419 40 42
-0.00124744 0 4 8 9 496 419 40 42
-0.00124697 0 8 8 9 496 419 40 42
-0.00124634 0 12 8 9 496 419 40 42
-0.00124611 0 16 8 9 496 419 40 42
-0.00124626 0 20 8 9 496 419 40 42
-0.00124635 0 24 8 9 496 419 40 42
-0.00124601 0 28 8 9 496 419 40 42
-0.00124748 4 0 8 9 496 419 40 42
-0.00124709 4 4 8 9 496 419 40 42
-0.00124592 4 8 8 9 496 419 40 42
-0.00124474 4 12 8 9 496 419 40 42
-0.00124497 4 16 8 9 496 419 40 42
-0.00124622 4 20 8 9 496 419 40 42
-0.001247 4 24 8 9 496 419 40 42
-0.00124711 4 28 8 9 496 419 40 42
-0.00124712 8 0 8 9 496 419 40 42
-0.00124531 8 4 8 9 496 419 40 42
-0.000955058 8 8 8 9 496 419 40 42
-0.00118362 8 12 8 9 496 419 40 42
-0.00105103 8 16 8 9 496 419 40 42
-0.00124459 8 20 8 9 496 419 40 42
-0.00124714 8 24 8 9 496 419 40 42
-0.0012474 8 28 8 9 496 419 40 42
-0.00124705 12 0 8 9 496 419 40 42
-0.00124363 12 4 8 9 496 419 40 42
-0.00124552 12 8 8 9 496 419 40 42
-0.00124628 12 12 8 9 496 419 40 42
-0.00124615 12 16 8 9 496 419 40 42
-0.00124601 12 20 8 9 496 419 40 42
-0.00124669 12 24 8 9 496 419 40 42
-0.00124714 12 28 8 9 496 419 40 42
-0.00124729 16 0 8 9 496 419 40 42
-0.00124593 16 4 8 9 496 419 40 42
-0.00124451 16 8 8 9 496 419 40 42
-0.0012422 16 12 8 9 496 419 40 42
-0.00124256 16 16 8 9 496 419 40 42
-0.00124262 16 20 8 9 496 419 40 42
-0.00124515 16 24 8 9 496 419 40 42
-0.0012462 16 28 8 9 496 419 40 42
-0.00124738 20 0 8 9 496 419 40 42
-0.00124679 20 4 8 9 496 419 40 42
-0.0012401 20 8 8 9 496 419 40 42
-0.0011754 20 12 8 9 496 419 40 42
-0.00124336 20 16 8 9 496 419 40 42
-0.00124123 20 20 8 9 496 419 40 42
-0.0012458 20 24 8 9 496 419 40 42
-0.00124649 20 28 8 9 496 419 40 42
-0.00124735 24 0 8 9 496 419 40 42
-0.00124728 24 4 8 9 496 419 40 42
-0.00124677 24 8 8 9 496 419 40 42
-0.00124466 24 12 8 9 496 419 40 42
-0.00124326 24 16 8 9 496 419 40 42
-0.00124497 24 20 8 9 496 419 40 42
-0.00124625 24 24 8 9 496 419 40 42
-0.00124644 24 28 8 9 496 419 40 42
-0.00124697 28 0 8 9 496 419 40 42
-0.00124726 28 4 8 9 496 419 40 42
-0.00124717 28 8 8 9 496 419 40 42
-0.00124623 28 12 8 9 496 419 40 42
-0.00124451 28 16 8 9 496 419 40 42
-0.00124511 28 20 8 9 496 419 40 42
-0.00124567 28 24 8 9 496 419 40 42
-0.00124606 28 28 8 9 496 419 40 42
-0.00124744 0 0 8 9 496 419 40 42
-0.00124742 0 4 8 9 496 419 40 42
-0.00124729 0 8 8 9 496 419 40 42
-0.00124754 0 12 8 9 496 419 40 42
-0.00124752 0 16 8 9 496 419 40 42
-0.00124713 0 20 8 9 496 419 40 42
-0.00124737 0 24 8 9 496 419 40 42
-0.00124745 0 28 8 9 496 419 40 42
-0.00124735 4 0 8 9 496 419 40 42
-0.00124742 4 4 8 9 496 419 40 42
-0.00124744 4 8 8 9 496 419 40 42
-0.0012474 4 12 8 9 496 419 40 42
-0.00124689 4 16 8 9 496 419 40 42
-0.00124536 4 20 8 9 496 419 40 42
-0.00124511 4 24 8 9 496 419 40 42
-0.00124505 4 28 8 9 496 419 40 42
-0.00124744 8 0 8 9 496 419 40 42
-0.00124749 8 4 8 9 496 419 40 42
-0.00124753 8 8 8 9 496 419 40 42
-0.00124754 8 12 8 9 496 419 40 42
-0.00124753 8 16 8 9 496 419 40 42
-0.00124747 8 20 8 9 496 419 40 42
-0.00124634 8 24 8 9 496 419 40 42
-0.00124161 8 28 8 9 496 419 40 42
-0.00124739 12 0 8 9 496 419 40 42
-0.00124602 12 4 8 9 496 419 40 42
-0.00124591 12 8 8 9 496 419 40 42
-0.00124601 12 12 8 9 496 419 40 42
-0.00124727 12 16 8 9 496 419 40 42
-0.00124755 12 20 8 9 496 419 40 42
-0.00124651 12 24 8 9 496 419 40 42
-0.00112404 12 28 8 9 496 419 40 42
-0.00124744 16 0 8 9 496 419 40 42
-0.0012474 16 4 8 9 496 419 40 42
-0.00124751 16 8 8 9 496 419 40 42
-0.00124751 16 12 8 9 496 419 40 42
-0.00124754 16 16 8 9 496 419 40 42
-0.00124752 16 20 8 9 496 419 40 42
-0.00124581 16 24 8 9 496 419 40 42
-0.000635616 16 28 8 9 496 419 40 42
-0.00124717 20 0 8 9 496 419 40 42
-0.00124663 20 4 8 9 496 419 40 42
-0.00124616 20 8 8 9 496 419 40 42
-0.00124696 20 12 8 9 496 419 40 42
-0.00124725 20 16 8 9 496 419 40 42
-0.0012475 20 20 8 9 496 419 40 42
-0.00124743 20 24 8 9 496 419 40 42
-0.000768711 20 28 8 9 496 419 40 42
-0.00124738 24 0 8 9 496 419 40 42
-0.0012459 24 4 8 9 496 419 40 42
-0.00124716 24 8 8 9 496 419 40 42
-0.00124717 24 12 8 9 496 419 40 42
-0.00124733 24 16 8 9 496 419 40 42
-0.00124703 24 20 8 9 496 419 40 42
-0.00124745 24 24 8 9 496 419 40 42
-0.00124605 24 28 8 9 496 419 40 42
-0.00124728 28 0 8 9 496 419 40 42
-0.00124617 28 4 8 9 496 419 40 42
-0.00124739 28 8 8 9 496 419 40 42
-0.00124757 28 12 8 9 496 419 40 42
-0.00124754 28 16 8 9 496 419 40 42
-0.00124737 28 20 8 9 496 419 40 42
-0.00124731 28 24 8 9 496 419 40 42
-0.00124726 28 28 8 9 496 419 40 42
-0.00124728 0 0 8 9 496 419 40 42
-0.00124706 0 4 8 9 496 419 40 42
-0.00124742 0 8 8 9 496 419 40 42
-0.00124745 0 12 8 9 496 419 40 42
-0.00124746 0 16 8 9 496 419 40 42
-0.00124749 0 20 8 9 496 419 40 42
-0.00124747 0 24 8 9 496 419 40 42
-0.00124735 0 28 8 9 496 419 40 42
-0.00124739 4 0 8 9 496 419 40 42
-0.00124739 4 4 8 9 496 419 40 42
-0.00124718 4 8 8 9 496 419 40 42
-0.00124687 4 12 8 9 496 419 40 42
-0.00124717 4 16 8 9 496 419 40 42
-0.0012471 4 20 8 9 496 419 40 42
-0.0012472 4 24 8 9 496 419 40 42
-0.00124745 4 28 8 9 496 419 40 42
-0.00124743 8 0 8 9 496 419 40 42
-0.00124748 8 4 8 9 496 419 40 42
-0.00124744 8 8 8 9 496 419 40 42
-0.00124733 8 12 8 9 496 419 40 42
-0.00124733 8 16 8 9 496 419 40 42
-0.00124747 8 20 8 9 496 419 40 42
-0.00124753 8 24 8 9 496 419 40 42
-0.00124757 8 28 8 9 496 419 40 42
-0.00124746 12 0 8 9 496 419 40 42
-0.0012475 12 4 8 9 496 419 40 42
-0.00124753 12 8 8 9 496 419 40 42
-0.00124751 12 12 8 9 496 419 40 42
-0.00124754 12 16 8 9 496 419 40 42
-0.00124757 12 20 8 9 496 419 40 42
-0.00124759 12 24 8 9 496 419 40 42
-0.00124756 12 28 8 9 496 419 40 42
-0.00124744 16 0 8 9 496 419 40 42
-0.00124748 16 4 8 9 496 419 40 42
-0.00124746 16 8 8 9 496 419 40 42
-0.00124738 16 12 8 9 496 419 40 42
-0.00124731 16 16 8 9 496 419 40 42
-0.00124738 16 20 8 9 496 419 40 42
-0.00124747 16 24 8 9 496 419 40 42
-0.00124757 16 28 8 9 496 419 40 42
-0.00124752 20 0 8 9 496 419 40 42
-0.00124716 20 4 8 9 496 419 40 42
-0.00124658 20 8 8 9 496 419 40 42
-0.00124725 20 12 8 9 496 419 40 42
-0.00124729 20 16 8 9 496 419 40 42
-0.00124743 20 20 8 9 496 419 40 42
-0.00124754 20 24 8 9 496 419 40 42
-0.00124757 20 28 8 9 496 419 40 42
-0.00124753 24 0 8 9 496 419 40 42
-0.0012472 24 4 8 9 496 419 40 42
-0.00124727 24 8 8 9 496 419 40 42
-0.00124749 24 12 8 9 496 419 40 42
-0.00124754 24 16 8 9 496 419 40 42
-0.00124756 24 20 8 9 496 419 40 42
-0.00124757 24 24 8 9 496 419 40 42
-0.00124758 24 28 8 9 496 419 40 42
-0.00124753 28 0 8 9 496 419 40 42
-0.0012474 28 4 8 9 496 419 40 42
-0.00124673 28 8 8 9 496 419 40 42
-0.00124737 28 12 8 9 496 419 40 42
-0.00124722 28 16 8 9 496 419 40 42
-0.00124658 28 20 8 9 496 419 40 42
-0.00124753 28 24 8 9 496 419 40 42
-0.0012475 28 28 8 9 496 419 40 42
-0.00124744 0 0 8 9 496 419 40 42
-0.00124744 0 4 8 9 496 419 40 42
-0.00124752 0 8 8 9 496 419 40 42
-0.00124746 0 12 8 9 496 419 40 42
-0.00124747 0 16 8 9 496 419 40 42
-0.00124749 0 20 8 9 496 419 40 42
-0.00124756 0 24 8 9 496 419 40 42
-0.00124756 0 28 8 9 496 419 40 42
-0.00124708 4 0 8 9 496 419 40 42
-0.00124746 4 4 8 9 496 419 40 42
-0.00124736 4 8 8 9 496 419 40 42
-0.00124723 4 12 8 9 496 419 40 42
-0.00124679 4 16 8 9 496 419 40 42
-0.00124701 4 20 8 9 496 419 40 42
-0.0012471 4 24 8 9 496 419 40 42
-0.00124756 4 28 8 9 496 419 40 42
-0.00124747 8 0 8 9 496 419 40 42
-0.00124753 8 4 8 9 496 419 40 42
-0.00124746 8 8 8 9 496 419 40 42
-0.00124739 8 12 8 9 496 419 40 42
-0.00124745 8 16 8 9 496 419 40 42
-0.00124751 8 20 8 9 496 419 40 42
-0.00124754 8 24 8 9 496 419 40 42
-0.00124757 8 28 8 9 496 419 40 42
-0.00124755 12 0 8 9 496 419 40 42
-0.00124759 12 4 8 9 496 419 40 42
-0.00124748 12 8 8 9 496 419 40 42
-0.00124734 12 12 8 9 496 419 40 42
-0.00124744 12 16 8 9 496 419 40 42
-0.00124753 12 20 8 9 496 419 40 42
-0.00124756 12 24 8 9 496 419 40 42
-0.00124737 12 28 8 9 496 419 40 42
-0.00124759 16 0 8 9 496 419 40 42
-0.00124757 16 4 8 9 496 419 40 42
-0.00124734 16 8 8 9 496 419 40 42
-0.00124734 16 12 8 9 496 419 40 42
-0.00124742 16 16 8 9 496 419 40 42
-0.00124672 16 20 8 9 496 419 40 42
-0.00124749 16 24 8 9 496 419 40 42
-0.00124749 16 28 8 9 496 419 40 42
-0.00124757 20 0 8 9 496 419 40 42
-0.00124751 20 4 8 9 496 419 40 42
-0.00124741 20 8 8 9 496 419 40 42
-0.00124754 20 12 8 9 496 419 40 42
-0.00124757 20 16 8 9 496 419 40 42
-0.00124754 20 20 8 9 496 419 40 42
-0.00124755 20 24 8 9 496 419 40 42
-0.00124755 20 28 8 9 496 419 40 42
-0.00124741 24 0 8 9 496 419 40 42
-0.00124705 24 4 8 9 496 419 40 42
-0.00124747 24 8 8 9 496 419 40 42
-0.00124757 24 12 8 9 496 419 40 42
-0.00124752 24 16 8 9 496 419 40 42
-0.0012475 24 20 8 9 496 419 40 42
-0.0012474 24 24 8 9 496 419 40 42
-0.00124755 24 28 8 9 496 419 40 42
-0.00124752 28 0 8 9 496 419 40 42
-0.00124745 28 4 8 9 496 419 40 42
-0.00124744 28 8 8 9 496 419 40 42
-0.00124732 28 12 8 9 496 419 40 42
-0.00124744 28 16 8 9 496 419 40 42
-0.00124747 28 20 8 9 496 419 40 42
-0.00124713 28 24 8 9 496 419 40 42
-0.00124753 28 28 8 9 496 419 40 42
-0.00124622 0 0 8 9 496 419 40 42
-0.00104162 0 4 8 9 496 419 40 42
-0.0012444 0 8 8 9 496 419 40 42
-0.00124454 0 12 8 9 496 419 40 42
-0.00124458 0 16 8 9 496 419 40 42
-0.00124651 0 20 8 9 496 419 40 42
-0.00124655 0 24 8 9 496 419 40 42
-0.00124648 0 28 8 9 496 419 40 42
-0.00124552 4 0 8 9 496 419 40 42
-0.00124313 4 4 8 9 496 419 40 42
-0.00124204 4 8 8 9 496 419 40 42
-0.00124212 4 12 8 9 496 419 40 42
-0.00120002 4 16 8 9 496 419 40 42
-0.00124642 4 20 8 9 496 419 40 42
-0.00124365 4 24 8 9 496 419 40 42
-0.0012455 4 28 8 9 496 419 40 42
-0.00124608 8 0 8 9 496 419 40 42
-0.00124205 8 4 8 9 496 419 40 42
-0.00124016 8 8 8 9 496 419 40 42
-0.00124306 8 12 8 9 496 419 40 42
-0.00124499 8 16 8 9 496 419 40 42
-0.00124686 8 20 8 9 496 419 40 42
-0.00124662 8 24 8 9 496 419 40 42
-0.00124646 8 28 8 9 496 419 40 42
-0.00124755 12 0 8 9 496 419 40 42
-0.00124167 12 4 8 9 496 419 40 42
-0.00124216 12 8 8 9 496 419 40 42
-0.00124295 12 12 8 9 496 419 40 42
-0.0012469 12 16 8 9 496 419 40 42
-0.00124645 12 20 8 9 496 419 40 42
-0.00124649 12 24 8 9 496 419 40 42
-0.00124738 12 28 8 9 496 419 40 42
-0.00124758 16 0 8 9 496 419 40 42
-0.00124335 16 4 8 9 496 419 40 42
-0.000779085 16 8 8 9 496 419 40 42
-0.0012432 16 12 8 9 496 419 40 42
-0.00124674 16 16 8 9 496 419 40 42
-0.00124682 16 20 8 9 496 419 40 42
-0.00124646 16 24 8 9 496 419 40 42
-0.00124732 16 28 8 9 496 419 40 42
-0.00124757 20 0 8 9 496 419 40 42
-0.00124428 20 4 8 9 496 419 40 42
-0.00124385 20 8 8 9 496 419 40 42
-0.00124384 20 12 8 9 496 419 40 42
-0.00124327 20 16 8 9 496 419 40 42
-0.00124637 20 20 8 9 496 419 40 42
-0.00124654 20 24 8 9 496 419 40 42
-0.00124686 20 28 8 9 496 419 40 42
-0.00124753 24 0 8 9 496 419 40 42
-0.00124715 24 4 8 9 496 419 40 42
-0.0012438 24 8 8 9 496 419 40 42
-0.00122415 24 12 8 9 496 419 40 42
-0.0010604 24 16 8 9 496 419 40 42
-0.00124593 24 20 8 9 496 419 40 42
-0.00124712 24 24 8 9 496 419 40 42
-0.00124693 24 28 8 9 496 419 40 42
-0.00124749 28 0 8 9 496 419 40 42
-0.00124731 28 4 8 9 496 419 40 42
-0.00124254 28 8 8 9 496 419 40 42
-0.00107897 28 12 8 9 496 419 40 42
-0.000936601 28 16 8 9 496 419 40 42
-0.00124635 28 20 8 9 496 419 40 42
-0.00124715 28 24 8 9 496 419 40 42
-0.00124711 28 28 8 9 496 419 40 42
-0.00124622 0 0 8 9 496 419 40 42
-0.00124365 0 4 8 9 496 419 40 42
-0.00124717 0 8 8 9 496 419 40 42
-0.00124646 0 12 8 9 496 419 40 42
-0.00124629 0 16 8 9 496 419 40 42
-0.00124602 0 20 8 9 496 419 40 42
-0.00124493 0 24 8 9 496 419 40 42
-0.00124708 0 28 8 9 496 419 40 42
-0.00124523 4 0 8 9 496 419 40 42
-0.00124696 4 4 8 9 496 419 40 42
-0.00124724 4 8 8 9 496 419 40 42
-0.00124688 4 12 8 9 496 419 40 42
-0.00124628 4 16 8 9 496 419 40 42
-0.00124723 4 20 8 9 496 419 40 42
-0.00124665 4 24 8 9 496 419 40 42
-0.00124698 4 28 8 9 496 419 40 42
-0.00124608 8 0 8 9 496 419 40 42
-0.00124736 8 4 8 9 496 419 40 42
-0.00124701 8 8 8 9 496 419 40 42
-0.001247 8 12 8 9 496 419 40 42
-0.00124745 8 16 8 9 496 419 40 42
-0.00124749 8 20 8 9 496 419 40 42
-0.0012475 8 24 8 9 496 419 40 42
-0.00124744 8 28 8 9 496 419 40 42
-0.00124725 12 0 8 9 496 419 40 42
-0.00124741 12 4 8 9 496 419 40 42
-0.00124728 12 8 8 9 496 419 40 42
-0.00124733 12 12 8 9 496 419 40 42
-0.00124753 12 16 8 9 496 419 40 42
-0.00124745 12 20 8 9 496 419 40 42
-0.00124715 12 24 8 9 496 419 40 42
-0.001247 12 28 8 9 496 419 40 42
-0.00124759 16 0 8 9 496 419 40 42
-0.0012471 16 4 8 9 496 419 40 42
-0.00124706 16 8 8 9 496 419 40 42
-0.00124727 16 12 8 9 496 419 40 42
-0.00124723 16 16 8 9 496 419 40 42
-0.00124743 16 20 8 9 496 419 40 42
-0.00124718 16 24 8 9 496 419 40 42
-0.00124738 16 28 8 9 496 419 40 42
-0.00124757 20 0 8 9 496 419 40 42
-0.00124747 20 4 8 9 496 419 40 42
-0.00124757 20 8 8 9 496 419 40 42
-0.00124755 20 12 8 9 496 419 40 42
-0.00124747 20 16 8 9 496 419 40 42
-0.00124743 20 20 8 9 496 419 40 42
-0.00124747 20 24 8 9 496 419 40 42
-0.00124755 20 28 8 9 496 419 40 42
-0.00124755 24 0 8 9 496 419 40 42
-0.00124751 24 4 8 9 496 419 40 42
-0.00124755 24 8 8 9 496 419 40 42
-0.00124712 24 12 8 9 496 419 40 42
-0.00124742 24 16 8 9 496 419 40 42
-0.00124752 24 20 8 9 496 419 40 42
-0.00124732 24 24 8 9 496 419 40 42
-0.00124749 24 28 8 9 496 419 40 42
-0.00124745 28 0 8 9 496 419 40 42
-0.00124715 28 4 8 9 496 419 40 42
-0.00124746 28 8 8 9 496 419 40 42
-0.00124749 28 12 8 9 496 419 40 42
-0.00124755 28 16 8 9 496 419 40 42
-0.00124744 28 20 8 9 496 419 40 42
-0.00124757 28 24 8 9 496 419 40 42
-0.00124758 28 28 8 9 496 419 40 42
-0.00124594 0 0 8 9 496 419 40 42
-0.00124736 0 4 8 9 496 419 40 42
-0.00124741 0 8 8 9 496 419 40 42
-0.00124738 0 12 8 9 496 419 40 42
-0.00124717 0 16 8 9 496 419 40 42
-0.00124732 0 20 8 9 496 419 40 42
-0.00124746 0 24 8 9 496 419 40 42
-0.00124737 0 28 8 9 496 419 40 42
-0.00124613 4 0 8 9 496 419 40 42
-0.00124728 4 4 8 9 496 419 40 42
-0.00124751 4 8 8 9 496 419 40 42
-0.00124747 4 12 8 9 496 419 40 42
-0.00124752 4 16 8 9 496 419 40 42
-0.00124756 4 20 8 9 496 419 40 42
-0.00124754 4 24 8 9 496 419 40 42
-0.00124707 4 28 8 9 496 419 40 42
-0.0012475 8 0 8 9 496 419 40 42
-0.00124757 8 4 8 9 496 419 40 42
-0.00124752 8 8 8 9 496 419 40 42
-0.00124745 8 12 8 9 496 419 40 42
-0.00124747 8 16 8 9 496 419 40 42
-0.00124753 8 20 8 9 496 419 40 42
-0.00124757 8 24 8 9 496 419 40 42
-0.00124754 8 28 8 9 496 419 40 42
-0.00124733 12 0 8 9 496 419 40 42
-0.00124747 12 4 8 9 496 419 40 42
-0.00124737 12 8 8 9 496 419 40 42
-0.00124732 12 12 8 9 496 419 40 42
-0.00124723 12 16 8 9 496 419 40 42
-0.00124725 12 20 8 9 496 419 40 42
-0.0012474 12 24 8 9 496 419 40 42
-0.00124748 12 28 8 9 496 419 40 42
-0.00124755 16 0 8 9 496 419 40 42
-0.00124755 16 4 8 9 496 419 40 42
-0.00124759 16 8 8 9 496 419 40 42
-0.00124758 16 12 8 9 496 419 40 42
-0.00124758 16 16 8 9 496 419 40 42
-0.00124757 16 20 8 9 496 419 40 42
-0.00124758 16 24 8 9 496 419 40 42
-0.00124757 16 28 8 9 496 419 40 42
-0.00124746 20 0 8 9 496 419 40 42
-0.00124756 20 4 8 9 496 419 40 42
-0.00124757 20 8 8 9 496 419 40 42
-0.00124757 20 12 8 9 496 419 40 42
-0.00124754 20 16 8 9 496 419 40 42
-0.00124751 20 20 8 9 496 419 40 42
-0.00124753 20 24 8 9 496 419 40 42
-0.00124758 20 28 8 9 496 419 40 42
-0.00124741 24 0 8 9 496 419 40 42
-0.00124727 24 4 8 9 496 419 40 42
-0.00124683 24 8 8 9 496 419 40 42
-0.00124686 24 12 8 9 496 419 40 42
-0.00124735 24 16 8 9 496 419 40 42
-0.00124736 24 20 8 9 496 419 40 42
-0.00124733 24 24 8 9 496 419 40 42
-0.00124755 24 28 8 9 496 419 40 42
-0.00124754 28 0 8 9 496 419 40 42
-0.00124748 28 4 8 9 496 419 40 42
-0.00124751 28 8 8 9 496 419 40 42
-0.00124741 28 12 8 9 496 419 40 42
-0.00124745 28 16 8 9 496 419 40 42
-0.00124752 28 20 8 9 496 419 40 42
-0.00124752 28 24 8 9 496 419 40 42
-0.00124754 28 28 8 9 496 419 40 42
-0.00124494 0 0 13 12 496 419 40 42
-0.00124666 0 6 13 12 496 419 40 42
-0.00124551 0 12 13 12 496 419 40 42
-0.00124497 0 18 13 12 496 419 40 42
-0.00124689 0 24 13 12 496 419 40 42
-0.00124638 0 30 13 12 496 419 40 42
-0.00124729 6 0 13 12 496 419 40 42
-0.00124659 6 6 13 12 496 419 40 42
-0.00123203 6 12 13 12 496 419 40 42
-0.00124314 6 18 13 12 496 419 40 42
-0.00124692 6 24 13 12 496 419 40 42
-0.00124675 6 30 13 12 496 419 40 42
-0.00124745 12 0 13 12 496 419 40 42
-0.00124633 12 6 13 12 496 419 40 42
-0.00124414 12 12 13 12 496 419 40 42
-0.00124369 12 18 13 12 496 419 40 42
-0.0012472 12 24 13 12 496 419 40 42
-0.00124713 12 30 13 12 496 419 40 42
-0.00124735 18 0 13 12 496 419 40 42
-0.00124598 18 6 13 12 496 419 40 42
-0.00124313 18 12 13 12 496 419 40 42
-0.00124429 18 18 13 12 496 419 40 42
-0.00124634 18 24 13 12 496 419 40 42
-0.00124641 18 30 13 12 496 419 40 42
-0.0012468 24 0 13 12 496 419 40 42
-0.00124349 24 6 13 12 496 419 40 42
-0.00124444 24 12 13 12 496 419 40 42
-0.00124514 24 18 13 12 496 419 40 42
-0.00124513 24 24 13 12 496 419 40 42
-0.00124417 24 30 13 12 496 419 40 42
-0.00124748 0 0 13 12 496 419 40 42
-0.00124679 0 6 13 12 496 419 40 42
-0.00124707 0 12 13 12 496 419 40 42
-0.00124713 0 18 13 12 496 419 40 42
-0.0012458 0 24 13 12 496 419 40 42
-0.0012435 0 30 13 12 496 419 40 42
-0.00124698 6 0 13 12 496 419 40 42
-0.00124551 6 6 13 12 496 419 40 42
-0.00124726 6 12 13 12 496 419 40 42
-0.00124722 6 18 13 12 496 419 40 42
-0.00124568 6 24 13 12 496 419 40 42
-0.0012412 6 30 13 12 496 419 40 42
-0.00124108 12 0 13 12 496 419 40 42
-0.00124442 12 6 13 12 496 419 40 42
-0.00124724 12 12 13 12 496 419 40 42
-0.0012473 12 18 13 12 496 419 40 42
-0.00124602 12 24 13 12 496 419 40 42
-0.00124295 12 30 13 12 496 419 40 42
-0.00124229 18 0 13 12 496 419 40 42
-0.00124522 18 6 13 12 496 419 40 42
-0.00124718 18 12 13 12 496 419 40 42
-0.00124715 18 18 13 12 496 419 40 42
-0.00124587 18 24 13 12 496 419 40 42
-0.00124558 18 30 13 12 496 419 40 42
-0.00124363 24 0 13 12 496 419 40 42
-0.0012453 24 6 13 12 496 419 40 42
-0.00124706 24 12 13 12 496 419 40 42
-0.00124705 24 18 13 12 496 419 40 42
-0.00124676 24 24 13 12 496 419 40 42
-0.00124723 24 30 13 12 496 419 40 42
-0.00057937 0 0 13 12 496 419 40 42
-0.000670278 0 6 13 12 496 419 40 42
-0.00124022 0 12 13 12 496 419 40 42
-0.00124221 0 18 13 12 496 419 40 42
-0.00124465 0 24 13 12 496 419 40 42
-0.0012466 0 30 13 12 496 419 40 42
-0.00124082 6 0 13 12 496 419 40 42
-0.00124076 6 6 13 12 496 419 40 42
-0.00124146 6 12 13 12 496 419 40 42
-0.0012081 6 18 13 12 496 419 40 42
-0.00115741 6 24 13 12 496 419 40 42
-0.00124543 6 30 13 12 496 419 40 42
-0.00124395 12 0 13 12 496 419 40 42
-0.000817218 12 6 13 12 496 419 40 42
-0.00124035 12 12 13 12 496 419 40 42
-0.00124269 12 18 13 12 496 419 40 42
-0.00072575 12 24 13 12 496 419 40 42
-0.00124492 12 30 13 12 496 419 40 42
-0.00124269 18 0 13 12 496 419 40 42
-0.00124053 18 6 13 12 496 419 40 42
-0.00124197 18 12 13 12 496 419 40 42
-0.000973742 18 18 13 12 496 419 40 42
-0.00050504 18 24 13 12 496 419 40 42
-0.00124554 18 30 13 12 496 419 40 42
-0.000609331 24 0 13 12 496 419 40 42
-0.00124421 24 6 13 12 496 419 40 42
-0.00124422 24 12 13 12 496 419 40 42
-0.00124344 24 18 13 12 496 419 40 42
-0.00124534 24 24 13 12 496 419 40 42
-0.00124683 24 30 13 12 496 419 40 42
-0.00124748 0 0 13 12 496 419 40 42
-0.00124681 0 6 13 12 496 419 40 42
-0.00124574 0 12 13 12 496 419 40 42
-0.00124619 0 18 13 12 496 419 40 42
-0.0012468 0 24 13 12 496 419 40 42
-0.0012463 0 30 13 12 496 419 40 42
-0.00124662 6 0 13 12 496 419 40 42
-0.000485648 6 6 13 12 496 419 40 42
-0.000563113 6 12 13 12 496 419 40 42
-0.00124345 6 18 13 12 496 419 40 42
-0.00124697 6 24 13 12 496 419 40 42
-0.0012472 6 30 13 12 496 419 40 42
-0.00124678 12 0 13 12 496 419 40 42
-0.00124128 12 6 13 12 496 419 40 42
-0.000918009 12 12 13 12 496 419 40 42
-0.00099362 12 18 13 12 496 419 40 42
-0.00124623 12 24 13 12 496 419 40 42
-0.00124705 12 30 13 12 496 419 40 42
-0.00124727 18 0 13 12 496 419 40 42
-0.00124518 18 6 13 12 496 419 40 42
-0.000452099 18 12 13 12 496 419 40 42
-0.000747327 18 18 13 12 496 419 40 42
-0.00124527 18 24 13 12 496 419 40 42
-0.00124664 18 30 13 12 496 419 40 42
-0.00124721 24 0 13 12 496 419 40 42
-0.00124701 24 6 13 12 496 419 40 42
-0.00124546 24 12 13 12 496 419 40 42
-0.00124494 24 18 13 12 496 419 40 42
-0.00124613 24 24 13 12 496 419 40 42
-0.00124633 24 30 13 12 496 419 40 42
-0.00124724 0 0 13 12 496 419 40 42
-0.00124732 0 6 13 12 496 419 40 42
-0.00124748 0 12 13 12 496 419 40 42
-0.00124708 0 18 13 12 496 419 40 42
-0.00124728 0 24 13 12 496 419 40 42
-0.00124742 0 30 13 12 496 419 40 42
-0.00124714 6 0 13 12 496 419 40 42
-0.00124711 6 6 13 12 496 419 40 42
-0.00124687 6 12 13 12 496 419 40 42
-0.00124736 6 18 13 12 496 419 40 42
-0.00124478 6 24 13 12 496 419 40 42
-0.000465693 6 30 13 12 496 419 40 42
-0.00124708 12 0 13 12 496 419 40 42
-0.00124668 12 6 13 12 496 419 40 42
-0.00124639 12 12 13 12 496 419 40 42
-0.00124752 12 18 13 12 496 419 40 42
-0.00124572 12 24 13 12 496 419 40 42
-0.00073619 12 30 13 12 496 419 40 42
-0.00124719 18 0 13 12 496 419 40 42
-0.00124725 18 6 13 12 496 419 40 42
-0.00124716 18 12 13 12 496 419 40 42
-0.00124702 18 18 13 12 496 419 40 42
-0.00124713 18 24 13 12 496 419 40 42
-0.00115013 18 30 13 12 496 419 40 42
-0.00124398 24 0 13 12 496 419 40 42
-0.0012473 24 6 13 12 496 419 40 42
-0.00124748 24 12 13 12 496 419 40 42
-0.00124745 24 18 13 12 496 419 40 42
-0.00124734 24 24 13 12 496 419 40 42
-0.00124619 24 30 13 12 496 419 40 42
-0.0012466 0 0 13 12 496 419 40 42
-0.00124722 0 6 13 12 496 419 40 42
-0.00124716 0 12 13 12 496 419 40 42
-0.00124731 0 18 13 12 496 419 40 42
-0.00124746 0 24 13 12 496 419 40 42
-0.00124732 0 30 13 12 496 419 40 42
-0.00124741 6 0 13 12 496 419 40 42
-0.00124718 6 6 13 12 496 419 40 42
-0.00124595 6 12 13 12 496 419 40 42
-0.00124717 6 18 13 12 496 419 40 42
-0.00124734 6 24 13 12 496 419 40 42
-0.00124729 6 30 13 12 496 419 40 42
-0.00124653 12 0 13 12 496 419 40 42
-0.00124675 12 6 13 12 496 419 40 42
-0.00124548 12 12 13 12 496 419 40 42
-0.00124676 12 18 13 12 496 419 40 42
-0.0012475 12 24 13 12 496 419 40 42
-0.00124732 12 30 13 12 496 419 40 42
-0.00124729 18 0 13 12 496 419 40 42
-0.00124638 18 6 13 12 496 419 40 42
-0.00124293 18 12 13 12 496 419 40 42
-0.00124642 18 18 13 12 496 419 40 42
-0.00124748 18 24 13 12 496 419 40 42
-0.00124756 18 30 13 12 496 419 40 42
-0.00124726 24 0 13 12 496 419 40 42
-0.00124733 24 6 13 12 496 419 40 42
-0.0012475 24 12 13 12 496 419 40 42
-0.00124754 24 18 13 12 496 419 40 42
-0.00124744 24 24 13 12 496 419 40 42
-0.00124732 24 30 13 12 496 419 40 42
-0.00124649 0 0 13 12 496 419 40 42
-0.00124742 0 6 13 12 496 419 40 42
-0.00124675 0 12 13 12 496 419 40 42
-0.00124618 0 18 13 12 496 419 40 42
-0.00124731 0 24 13 12 496 419 40 42
-0.0012474 0 30 13 12 496 419 40 42
-0.00124738 6 0 13 12 496 419 40 42
-0.00124732 6 6 13 12 496 419 40 42
-0.00124667 6 12 13 12 496 419 40 42
-0.00124669 6 18 13 12 496 419 40 42
-0.00124728 6 24 13 12 496 419 40 42
-0.00124751 6 30 13 12 496 419 40 42
-0.00124756 12 0 13 12 496 419 40 42
-0.00124716 12 6 13 12 496 419 40 42
-0.00124703 12 12 13 12 496 419 40 42
-0.00124508 12 18 13 12 496 419 40 42
-0.00124732 12 24 13 12 496 419 40 42
-0.00124754 12 30 13 12 496 419 40 42
-0.00124728 18 0 13 12 496 419 40 42
-0.00124697 18 6 13 12 496 419 40 42
-0.00124689 18 12 13 12 496 419 40 42
-0.00124678 18 18 13 12 496 419 40 42
-0.00124743 18 24 13 12 496 419 40 42
-0.00124732 18 30 13 12 496 419 40 42
-0.00124615 24 0 13 12 496 419 40 42
-0.00124624 24 6 13 12 496 419 40 42
-0.00124708 24 12 13 12 496 419 40 42
-0.00124714 24 18 13 12 496 419 40 42
-0.00124755 24 24 13 12 496 419 40 42
-0.00124712 24 30 13 12 496 419 40 42
-0.0012451 0 0 13 12 496 419 40 42
-0.000659542 0 6 13 12 496 419 40 42
-0.000714584 0 12 13 12 496 419 40 42
-0.00124481 0 18 13 12 496 419 40 42
-0.00124306 0 24 13 12 496 419 40 42
-0.00124668 0 30 13 12 496 419 40 42
-0.00124728 6 0 13 12 496 419 40 42
-0.000835826 6 6 13 12 496 419 40 42
-0.00124467 6 12 13 12 496 419 40 42
-0.00124528 6 18 13 12 496 419 40 42
-0.0012445 6 24 13 12 496 419 40 42
-0.00124751 6 30 13 12 496 419 40 42
-0.00124755 12 0 13 12 496 419 40 42
-0.000444653 12 6 13 12 496 419 40 42
-0.00124007 12 12 13 12 496 419 40 42
-0.0012439 12 18 13 12 496 419 40 42
-0.00124451 12 24 13 12 496 419 40 42
-0.00124752 12 30 13 12 496 419 40 42
-0.00124757 18 0 13 12 496 419 40 42
-0.00116708 18 6 13 12 496 419 40 42
-0.0012423 18 12 13 12 496 419 40 42
-0.00124607 18 18 13 12 496 419 40 42
-0.0012453 18 24 13 12 496 419 40 42
-0.00124744 18 30 13 12 496 419 40 42
-0.00124721 24 0 13 12 496 419 40 42
-0.00124393 24 6 13 12 496 419 40 42
-0.00059525 24 12 13 12 496 419 40 42
-0.00124435 24 18 13 12 496 419 40 42
-0.0012415 24 24 13 12 496 419 40 42
-0.00124649 24 30 13 12 496 419 40 42
-0.00124478 0 0 13 12 496 419 40 42
-0.00124691 0 6 13 12 496 419 40 42
-0.00124689 0 12 13 12 496 419 40 42
-0.00124731 0 18 13 12 496 419 40 42
-0.0012473 0 24 13 12 496 419 40 42
-0.0012471 0 30 13 12 496 419 40 42
-0.0012468 6 0 13 12 496 419 40 42
-0.00124461 6 6 13 12 496 419 40 42
-0.00124698 6 12 13 12 496 419 40 42
-0.00124702 6 18 13 12 496 419 40 42
-0.00124614 6 24 13 12 496 419 40 42
-0.00124668 6 30 13 12 496 419 40 42
-0.00124753 12 0 13 12 496 419 40 42
-0.00124536 12 6 13 12 496 419 40 42
-0.00124691 12 12 13 12 496 419 40 42
-0.00124713 12 18 13 12 496 419 40 42
-0.0012447 12 24 13 12 496 419 40 42
-0.00124703 12 30 13 12 496 419 40 42
-0.00124757 18 0 13 12 496 419 40 42
-0.00124744 18 6 13 12 496 419 40 42
-0.00124659 18 12 13 12 496 419 40 42
-0.00124631 18 18 13 12 496 419 40 42
-0.00124672 18 24 13 12 496 419 40 42
-0.0012475 18 30 13 12 496 419 40 42
-0.00124748 24 0 13 12 496 419 40 42
-0.00124695 24 6 13 12 496 419 40 42
-0.00124645 24 12 13 12 496 419 40 42
-0.00124719 24 18 13 12 496 419 40 42
-0.00124715 24 24 13 12 496 419 40 42
-0.00124755 24 30 13 12 496 419 40 42
-0.00124717 0 0 13 12 496 419 40 42
-0.00124755 0 6 13 12 496 419 40 42
-0.0012475 0 12 13 12 496 419 40 42
-0.00124741 0 18 13 12 496 419 40 42
-0.0012473 0 24 13 12 496 419 40 42
-0.00124744 0 30 13 12 496 419 40 42
-0.00124741 6 0 13 12 496 419 40 42
-0.00124714 6 6 13 12 496 419 40 42
-0.00124639 6 12 13 12 496 419 40 42
-0.00124693 6 18 13 12 496 419 40 42
-0.0012474 6 24 13 12 496 419 40 42
-0.00124725 6 30 13 12 496 419 40 42
-0.00124746 12 0 13 12 496 419 40 42
-0.00124712 12 6 13 12 496 419 40 42
-0.00124653 12 12 13 12 496 419 40 42
-0.00124656 12 18 13 12 496 419 40 42
-0.00124747 12 24 13 12 496 419 40 42
-0.00124734 12 30 13 12 496 419 40 42
-0.00124649 18 0 13 12 496 419 40 42
-0.00124621 18 6 13 12 496 419 40 42
-0.00124564 18 12 13 12 496 419 40 42
-0.00124637 18 18 13 12 496 419 40 42
-0.00124722 18 24 13 12 496 419 40 42
-0.00124744 18 30 13 12 496 419 40 42
-0.00124728 24 0 13 12 496 419 40 42
-0.00124566 24 6 13 12 496 419 40 42
-0.00124721 24 12 13 12 496 419 40 42
-0.00124721 24 18 13 12 496 419 40 42
-0.00124737 24 24 13 12 496 419 40 42
-0.00124744 24 30 13 12 496 419 40 42
-0.00124145 0 0 16 16 496 419 40 42
-0.00124222 0 8 16 16 496 419 40 42
-0.00124563 0 16 16 16 496 419 40 42
-0.00124573 0 24 16 16 496 419 40 42
-0.00124701 8 0 16 16 496 419 40 42
-0.00124567 8 8 16 16 496 419 40 42
-0.00124392 8 16 16 16 496 419 40 42
-0.0012449 8 24 16 16 496 419 40 42
-0.00124701 16 0 16 16 496 419 40 42
-0.00124513 16 8 16 16 496 419 40 42
-0.0012458 16 16 16 16 496 419 40 42
-0.00124358 16 24 16 16 496 419 40 42
-0.00124634 24 0 16 16 496 419 40 42
-0.00124052 24 8 16 16 496 419 40 42
-0.00124155 24 16 16 16 496 419 40 42
-0.00124201 24 24 16 16 496 419 40 42
-0.00124732 0 0 16 16 496 419 40 42
-0.00124689 0 8 16 16 496 419 40 42
-0.00124704 0 16 16 16 496 419 40 42
-0.00124134 0 24 16 16 496 419 40 42
-0.00124098 8 0 16 16 496 419 40 42
-0.00124705 8 8 16 16 496 419 40 42
-0.00124719 8 16 16 16 496 419 40 42
-0.00121612 8 24 16 16 496 419 40 42
-0.000693384 16 0 16 16 496 419 40 42
-0.00124683 16 8 16 16 496 419 40 42
-0.00124718 16 16 16 16 496 419 40 42
-0.00124327 16 24 16 16 496 419 40 42
-0.000524275 24 0 16 16 496 419 40 42
-0.00124639 24 8 16 16 496 419 40 42
-0.00124717 24 16 16 16 496 419 40 42
-0.00124705 24 24 16 16 496 419 40 42
-0.000853591 0 0 16 16 496 419 40 42
-0.000788619 0 8 16 16 496 419 40 42
-0.000844615 0 16 16 16 496 419 40 42
-0.00124367 0 24 16 16 496 419 40 42
-0.00124019 8 0 16 16 496 419 40 42
-0.000964345 8 8 16 16 496 419 40 42
-0.00119181 8 16 16 16 496 419 40 42
-0.000681632 8 24 16 16 496 419 40 42
-0.00124243 16 0 16 16 496 419 40 42
-0.00124046 16 8 16 16 496 419 40 42
-0.000983761 16 16 16 16 496 419 40 42
-0.00114147 16 24 16 16 496 419 40 42
-0.00124225 24 0 16 16 496 419 40 42
-0.00124495 24 8 16 16 496 419 40 42
-0.00124512 24 16 16 16 496 419 40 42
-0.00124647 24 24 16 16 496 419 40 42
-0.00124717 0 0 16 16 496 419 40 42
-0.00124466 0 8 16 16 496 419 40 42
-0.0012454 0 16 16 16 496 419 40 42
-0.00124683 0 24 16 16 496 419 40 42
-0.00124429 8 0 16 16 496 419 40 42
-0.000533828 8 8 16 16 496 419 40 42
-0.00124131 8 16 16 16 496 419 40 42
-0.00124685 8 24 16 16 496 419 40 42
-0.00124698 16 0 16 16 496 419 40 42
-0.00124221 16 8 16 16 496 419 40 42
-0.00087174 16 16 16 16 496 419 40 42
-0.00124572 16 24 16 16 496 419 40 42
-0.0012472 24 0 16 16 496 419 40 42
-0.00124677 24 8 16 16 496 419 40 42
-0.00124585 24 16 16 16 496 419 40 42
-0.00124637 24 24 16 16 496 419 40 42
-0.00124724 0 0 16 16 496 419 40 42
-0.00124706 0 8 16 16 496 419 40 42
-0.00124714 0 16 16 16 496 419 40 42
-0.00124731 0 24 16 16 496 419 40 42
-0.00124692 8 0 16 16 496 419 40 42
-0.00124582 8 8 16 16 496 419 40 42
-0.00124721 8 16 16 16 496 419 40 42
-0.00124394 8 24 16 16 496 419 40 42
-0.00124736 16 0 16 16 496 419 40 42
-0.00124745 16 8 16 16 496 419 40 42
-0.0012474 16 16 16 16 496 419 40 42
-0.00124668 16 24 16 16 496 419 40 42
-0.00124691 24 0 16 16 496 419 40 42
-0.00124705 24 8 16 16 496 419 40 42
-0.0012472 24 16 16 16 496 419 40 42
-0.00124713 24 24 16 16 496 419 40 42
-0.00124656 0 0 16 16 496 419 40 42
-0.00124729 0 8 16 16 496 419 40 42
-0.0012473 0 16 16 16 496 419 40 42
-0.00124751 0 24 16 16 496 419 40 42
-0.00124647 8 0 16 16 496 419 40 42
-0.00124662 8 8 16 16 496 419 40 42
-0.00124693 8 16 16 16 496 419 40 42
-0.00124751 8 24 16 16 496 419 40 42
-0.00124695 16 0 16 16 496 419 40 42
-0.00124642 16 8 16 16 496 419 40 42
-0.0012468 16 16 16 16 496 419 40 42
-0.00124753 16 24 16 16 496 419 40 42
-0.00124721 24 0 16 16 496 419 40 42
-0.00124733 24 8 16 16 496 419 40 42
-0.00124729 24 16 16 16 496 419 40 42
-0.00124519 24 24 16 16 496 419 40 42
-0.00124696 0 0 16 16 496 419 40 42
-0.00124705 0 8 16 16 496 419 40 42
-0.00124591 0 16 16 16 496 419 40 42
-0.00124666 0 24 16 16 496 419 40 42
-0.00124742 8 0 16 16 496 419 40 42
-0.00124703 8 8 16 16 496 419 40 42
-0.00124684 8 16 16 16 496 419 40 42
-0.00124705 8 24 16 16 496 419 40 42
-0.00124719 16 0 16 16 496 419 40 42
-0.00124727 16 8 16 16 496 419 40 42
-0.00124668 16 16 16 16 496 419 40 42
-0.00124735 16 24 16 16 496 419 40 42
-0.00124554 24 0 16 16 496 419 40 42
-0.00124698 24 8 16 16 496 419 40 42
-0.00124724 24 16 16 16 496 419 40 42
-0.00124742 24 24 16 16 496 419 40 42
-0.00124509 0 0 16 16 496 419 40 42
-0.000545234 0 8 16 16 496 419 40 42
-0.00124447 0 16 16 16 496 419 40 42
-0.00124705 0 24 16 16 496 419 40 42
-0.00124751 8 0 16 16 496 419 40 42
-0.00124342 8 8 16 16 496 419 40 42
-0.00113275 8 16 16 16 496 419 40 42
-0.00124747 8 24 16 16 496 419 40 42
-0.00124757 16 0 16 16 496 419 40 42
-0.00124323 16 8 16 16 496 419 40 42
-0.00124528 16 16 16 16 496 419 40 42
-0.00124742 16 24 16 16 496 419 40 42
-0.00124678 24 0 16 16 496 419 40 42
-0.000417381 24 8 16 16 496 419 40 42
-0.00124322 24 16 16 16 496 419 40 42
-0.00123994 24 24 16 16 496 419 40 42
-0.00124363 0 0 16 16 496 419 40 42
-0.00124665 0 8 16 16 496 419 40 42
-0.00124699 0 16 16 16 496 419 40 42
-0.00124725 0 24 16 16 496 419 40 42
-0.00124736 8 0 16 16 496 419 40 42
-0.00124703 8 8 16 16 496 419 40 42
-0.00124701 8 16 16 16 496 419 40 42
-0.00124464 8 24 16 16 496 419 40 42
-0.00124747 16 0 16 16 496 419 40 42
-0.00124594 16 8 16 16 496 419 40 42
-0.00124654 16 16 16 16 496 419 40 42
-0.0012472 16 24 16 16 496 419 40 42
-0.00124699 24 0 16 16 496 419 40 42
-0.00124645 24 8 16 16 496 419 40 42
-0.00124662 24 16 16 16 496 419 40 42
-0.00124622 24 24 16 16 496 419 40 42
-0.00124755 0 0 16 16 496 419 40 42
-0.0012474 0 8 16 16 496 419 40 42
-0.00124729 0 16 16 16 496 419 40 42
-0.00124736 0 24 16 16 496 419 40 42
-0.00124733 8 0 16 16 496 419 40 42
-0.00124668 8 8 16 16 496 419 40 42
-0.00124694 8 16 16 16 496 419 40 42
-0.00124745 8 24 16 16 496 419 40 42
-0.0012465 16 0 16 16 496 419 40 42
-0.00124734 16 8 16 16 496 419 40 42
-0.00124741 16 16 16 16 496 419 40 42
-0.00124747 16 24 16 16 496 419 40 42
-0.00124672 24 0 16 16 496 419 40 42
-0.00124672 24 8 16 16 496 419 40 42
-0.00124679 24 16 16 16 496 419 40 42
-0.00124746 24 24 16 16 496 419 40 42
-0.00124366 0 0 26 28 496 419 40 42
-0.00124051 0 14 26 28 496 419 40 42
-0.00124506 13 0 26 28 496 419 40 42
-0.000927483 13 14 26 28 496 419 40 42
-0.00124624 0 0 26 28 496 419 40 42
-0.00124292 0 14 26 28 496 419 40 42
-0.00124558 13 0 26 28 496 419 40 42
-0.0012459 13 14 26 28 496 419 40 42
-0.000862507 0 0 26 28 496 419 40 42
-0.000758024 0 14 26 28 496 419 40 42
-0.00124198 13 0 26 28 496 419 40 42
-0.00124178 13 14 26 28 496 419 40 42
-0.0012451 0 0 26 28 496 419 40 42
-0.0012455 0 14 26 28 496 419 40 42
-0.00124657 13 0 26 28 496 419 40 42
-0.00124432 13 14 26 28 496 419 40 42
-0.0012436 0 0 26 28 496 419 40 42
-0.00124739 0 14 26 28 496 419 40 42
-0.00124628 13 0 26 28 496 419 40 42
-0.00124709 13 14 26 28 496 419 40 42
-0.00124535 0 0 26 28 496 419 40 42
-0.00124693 0 14 26 28 496 419 40 42
-0.00115868 13 0 26 28 496 419 40 42
-0.00124556 13 14 26 28 496 419 40 42
-0.00124578 0 0 26 28 496 419 40 42
-0.00124663 0 14 26 28 496 419 40 42
-0.00124693 13 0 26 28 496 419 40 42
-0.00124578 13 14 26 28 496 419 40 42
-0.00124684 0 0 26 28 496 419 40 42
-0.00124696 0 14 26 28 496 419 40 42
-0.00124712 13 0 26 28 496 419 40 42
-0.00124682 13 14 26 28 496 419 40 42
-0.0012469 0 0 26 28 496 419 40 42
-0.0012461 0 14 26 28 496 419 40 42
-0.00124589 13 0 26 28 496 419 40 42
-0.00124646 13 14 26 28 496 419 40 42
-0.00124679 0 0 26 28 496 419 40 42
-0.00124625 0 14 26 28 496 419 40 42
-0.00124524 13 0 26 28 496 419 40 42
-0.00124676 13 14 26 28 496 419 40 42
-0.00124316 0 0 40 42 496 419 40 42
-0.00124285 0 0 40 42 496 419 40 42
-0.000648043 0 0 40 42 496 419 40 42
-0.00124467 0 0 40 42 496 419 40 42
-0.00124531 0 0 40 42 496 419 40 42
-0.00124263 0 0 40 42 496 419 40 42
-0.00101283 0 0 40 42 496 419 40 42
-0.00124527 0 0 40 42 496 419 40 42
-0.00124307 0 0 40 42 496 419 40 42
-0.00124066 0 0 40 42 496 419 40 42
