-9.42746e-005 0 0 5 5 525 46 26 26
-9.42741e-005 0 2 5 5 525 46 26 26
-9.42745e-005 0 4 5 5 525 46 26 26
-9.42745e-005 0 6 5 5 525 46 26 26
-9.42746e-005 0 8 5 5 525 46 26 26
-9.4275e-005 0 10 5 5 525 46 26 26
-9.42757e-005 0 12 5 5 525 46 26 26
-9.42767e-005 0 14 5 5 525 46 26 26
-9.4271e-005 2 0 5 5 525 46 26 26
-9.42658e-005 2 2 5 5 525 46 26 26
-9.4268e-005 2 4 5 5 525 46 26 26
-9.4266e-005 2 6 5 5 525 46 26 26
-9.42629e-005 2 8 5 5 525 46 26 26
-9.42638e-005 2 10 5 5 525 46 26 26
-9.42702e-005 2 12 5 5 525 46 26 26
-9.42747e-005 2 14 5 5 525 46 26 26
-9.42633e-005 4 0 5 5 525 46 26 26
-9.4254e-005 4 2 5 5 525 46 26 26
-9.426e-005 4 4 5 5 525 46 26 26
-9.42385e-005 4 6 5 5 525 46 26 26
-9.42163e-005 4 8 5 5 525 46 26 26
-9.41825e-005 4 10 5 5 525 46 26 26
-9.42361e-005 4 12 5 5 525 46 26 26
-9.4269e-005 4 14 5 5 525 46 26 26
-9.42355e-005 6 0 5 5 525 46 26 26
-9.42291e-005 6 2 5 5 525 46 26 26
-9.42493e-005 6 4 5 5 525 46 26 26
-9.42339e-005 6 6 5 5 525 46 26 26
-8.11752e-005 6 8 5 5 525 46 26 26
-9.41096e-005 6 10 5 5 525 46 26 26
-9.41573e-005 6 12 5 5 525 46 26 26
-9.42475e-005 6 14 5 5 525 46 26 26
-9.41617e-005 8 0 5 5 525 46 26 26
-9.41822e-005 8 2 5 5 525 46 26 26
-9.42172e-005 8 4 5 5 525 46 26 26
-9.425e-005 8 6 5 5 525 46 26 26
-9.41589e-005 8 8 5 5 525 46 26 26
-9.41301e-005 8 10 5 5 525 46 26 26
-9.42067e-005 8 12 5 5 525 46 26 26
-9.42371e-005 8 14 5 5 525 46 26 26
-9.41273e-005 10 0 5 5 525 46 26 26
-9.41619e-005 10 2 5 5 525 46 26 26
-9.41839e-005 10 4 5 5 525 46 26 26
-9.42464e-005 10 6 5 5 525 46 26 26
-9.42304e-005 10 8 5 5 525 46 26 26
-9.42338e-005 10 10 5 5 525 46 26 26
-9.42337e-005 10 12 5 5 525 46 26 26
-9.42426e-005 10 14 5 5 525 46 26 26
-9.41883e-005 12 0 5 5 525 46 26 26
-9.42196e-005 12 2 5 5 525 46 26 26
-9.42341e-005 12 4 5 5 525 46 26 26
-9.42285e-005 12 6 5 5 525 46 26 26
-9.42074e-005 12 8 5 5 525 46 26 26
-9.42302e-005 12 10 5 5 525 46 26 26
-9.42242e-005 12 12 5 5 525 46 26 26
-9.42603e-005 12 14 5 5 525 46 26 26
-9.42286e-005 14 0 5 5 525 46 26 26
-9.42351e-005 14 2 5 5 525 46 26 26
-9.42374e-005 14 4 5 5 525 46 26 26
-9.42455e-005 14 6 5 5 525 46 26 26
-9.42383e-005 14 8 5 5 525 46 26 26
-9.41991e-005 14 10 5 5 525 46 26 26
-9.42334e-005 14 12 5 5 525 46 26 26
-9.42664e-005 14 14 5 5 525 46 26 26
-9.42776e-005 0 0 5 5 525 46 26 26
-9.42767e-005 0 2 5 5 525 46 26 26
-9.42763e-005 0 4 5 5 525 46 26 26
-9.42763e-005 0 6 5 5 525 46 26 26
-9.42764e-005 0 8 5 5 525 46 26 26
-9.42767e-005 0 10 5 5 525 46 26 26
-9.42773e-005 0 12 5 5 525 46 26 26
-9.4278e-005 0 14 5 5 525 46 26 26
-9.42765e-005 2 0 5 5 525 46 26 26
-9.42724e-005 2 2 5 5 525 46 26 26
-9.42701e-005 2 4 5 5 525 46 26 26
-9.42715e-005 2 6 5 5 525 46 26 26
-9.42734e-005 2 8 5 5 525 46 26 26
-9.42747e-005 2 10 5 5 525 46 26 26
-9.42758e-005 2 12 5 5 525 46 26 26
-9.42768e-005 2 14 5 5 525 46 26 26
-9.42743e-005 4 0 5 5 525 46 26 26
-9.42545e-005 4 2 5 5 525 46 26 26
-9.42453e-005 4 4 5 5 525 46 26 26
-9.4256e-005 4 6 5 5 525 46 26 26
-9.42559e-005 4 8 5 5 525 46 26 26
-9.42623e-005 4 10 5 5 525 46 26 26
-9.42725e-005 4 12 5 5 525 46 26 26
-9.42755e-005 4 14 5 5 525 46 26 26
-9.42711e-005 6 0 5 5 525 46 26 26
-9.42301e-005 6 2 5 5 525 46 26 26
-9.42191e-005 6 4 5 5 525 46 26 26
-9.42253e-005 6 6 5 5 525 46 26 26
-9.42567e-005 6 8 5 5 525 46 26 26
-9.42456e-005 6 10 5 5 525 46 26 26
-9.42483e-005 6 12 5 5 525 46 26 26
-9.42735e-005 6 14 5 5 525 46 26 26
-9.42729e-005 8 0 5 5 525 46 26 26
-9.42356e-005 8 2 5 5 525 46 26 26
-9.42373e-005 8 4 5 5 525 46 26 26
-9.42666e-005 8 6 5 5 525 46 26 26
-9.42684e-005 8 8 5 5 525 46 26 26
-9.42669e-005 8 10 5 5 525 46 26 26
-9.42391e-005 8 12 5 5 525 46 26 26
-9.42692e-005 8 14 5 5 525 46 26 26
-9.4275e-005 10 0 5 5 525 46 26 26
-9.42696e-005 10 2 5 5 525 46 26 26
-9.42652e-005 10 4 5 5 525 46 26 26
-9.42741e-005 10 6 5 5 525 46 26 26
-9.42698e-005 10 8 5 5 525 46 26 26
-9.42669e-005 10 10 5 5 525 46 26 26
-9.42559e-005 10 12 5 5 525 46 26 26
-9.42683e-005 10 14 5 5 525 46 26 26
-9.42638e-005 12 0 5 5 525 46 26 26
-9.42682e-005 12 2 5 5 525 46 26 26
-9.42753e-005 12 4 5 5 525 46 26 26
-9.42753e-005 12 6 5 5 525 46 26 26
-9.42728e-005 12 8 5 5 525 46 26 26
-9.42702e-005 12 10 5 5 525 46 26 26
-9.42711e-005 12 12 5 5 525 46 26 26
-9.42733e-005 12 14 5 5 525 46 26 26
-9.42622e-005 14 0 5 5 525 46 26 26
-9.42467e-005 14 2 5 5 525 46 26 26
-9.42583e-005 14 4 5 5 525 46 26 26
-9.4274e-005 14 6 5 5 525 46 26 26
-9.42758e-005 14 8 5 5 525 46 26 26
-9.42758e-005 14 10 5 5 525 46 26 26
-9.42759e-005 14 12 5 5 525 46 26 26
-9.4276e-005 14 14 5 5 525 46 26 26
-9.42752e-005 0 0 5 5 525 46 26 26
-9.42722e-005 0 2 5 5 525 46 26 26
-9.42715e-005 0 4 5 5 525 46 26 26
-9.42714e-005 0 6 5 5 525 46 26 26
-9.42712e-005 0 8 5 5 525 46 26 26
-9.42714e-005 0 10 5 5 525 46 26 26
-9.42732e-005 0 12 5 5 525 46 26 26
-9.42756e-005 0 14 5 5 525 46 26 26
-9.42683e-005 2 0 5 5 525 46 26 26
-9.42456e-005 2 2 5 5 525 46 26 26
-9.42397e-005 2 4 5 5 525 46 26 26
-9.42311e-005 2 6 5 5 525 46 26 26
-9.42373e-005 2 8 5 5 525 46 26 26
-9.42411e-005 2 10 5 5 525 46 26 26
-9.425e-005 2 12 5 5 525 46 26 26
-9.4274e-005 2 14 5 5 525 46 26 26
-9.42625e-005 4 0 5 5 525 46 26 26
-7.59139e-005 4 2 5 5 525 46 26 26
-7.4862e-005 4 4 5 5 525 46 26 26
-9.4145e-005 4 6 5 5 525 46 26 26
-9.41819e-005 4 8 5 5 525 46 26 26
-9.42259e-005 4 10 5 5 525 46 26 26
-9.42504e-005 4 12 5 5 525 46 26 26
-9.42737e-005 4 14 5 5 525 46 26 26
-9.42637e-005 6 0 5 5 525 46 26 26
-9.41539e-005 6 2 5 5 525 46 26 26
-9.41287e-005 6 4 5 5 525 46 26 26
-9.40965e-005 6 6 5 5 525 46 26 26
-9.42422e-005 6 8 5 5 525 46 26 26
-9.4229e-005 6 10 5 5 525 46 26 26
-9.42597e-005 6 12 5 5 525 46 26 26
-9.42745e-005 6 14 5 5 525 46 26 26
-9.42645e-005 8 0 5 5 525 46 26 26
-9.42086e-005 8 2 5 5 525 46 26 26
-9.42178e-005 8 4 5 5 525 46 26 26
-9.4248e-005 8 6 5 5 525 46 26 26
-9.42543e-005 8 8 5 5 525 46 26 26
-9.42309e-005 8 10 5 5 525 46 26 26
-9.42641e-005 8 12 5 5 525 46 26 26
-9.42754e-005 8 14 5 5 525 46 26 26
-9.42658e-005 10 0 5 5 525 46 26 26
-9.4207e-005 10 2 5 5 525 46 26 26
-9.42282e-005 10 4 5 5 525 46 26 26
-9.42397e-005 10 6 5 5 525 46 26 26
-9.41986e-005 10 8 5 5 525 46 26 26
-9.41139e-005 10 10 5 5 525 46 26 26
-9.42635e-005 10 12 5 5 525 46 26 26
-9.42754e-005 10 14 5 5 525 46 26 26
-9.42659e-005 12 0 5 5 525 46 26 26
-9.41598e-005 12 2 5 5 525 46 26 26
-9.41445e-005 12 4 5 5 525 46 26 26
-9.41683e-005 12 6 5 5 525 46 26 26
-6.00739e-005 12 8 5 5 525 46 26 26
-5.5764e-005 12 10 5 5 525 46 26 26
-9.42582e-005 12 12 5 5 525 46 26 26
-9.4275e-005 12 14 5 5 525 46 26 26
-9.42657e-005 14 0 5 5 525 46 26 26
-9.41888e-005 14 2 5 5 525 46 26 26
-7.69678e-005 14 4 5 5 525 46 26 26
-6.11396e-005 14 6 5 5 525 46 26 26
-7.06555e-005 14 8 5 5 525 46 26 26
-9.40818e-005 14 10 5 5 525 46 26 26
-9.42573e-005 14 12 5 5 525 46 26 26
-9.42745e-005 14 14 5 5 525 46 26 26
-9.42753e-005 0 0 5 5 525 46 26 26
-9.42747e-005 0 2 5 5 525 46 26 26
-9.42748e-005 0 4 5 5 525 46 26 26
-9.42752e-005 0 6 5 5 525 46 26 26
-9.42758e-005 0 8 5 5 525 46 26 26
-9.42762e-005 0 10 5 5 525 46 26 26
-9.42763e-005 0 12 5 5 525 46 26 26
-9.42757e-005 0 14 5 5 525 46 26 26
-9.42761e-005 2 0 5 5 525 46 26 26
-9.42733e-005 2 2 5 5 525 46 26 26
-9.42721e-005 2 4 5 5 525 46 26 26
-9.42728e-005 2 6 5 5 525 46 26 26
-9.4274e-005 2 8 5 5 525 46 26 26
-9.42748e-005 2 10 5 5 525 46 26 26
-9.42751e-005 2 12 5 5 525 46 26 26
-9.42736e-005 2 14 5 5 525 46 26 26
-9.42754e-005 4 0 5 5 525 46 26 26
-9.42715e-005 4 2 5 5 525 46 26 26
-9.42701e-005 4 4 5 5 525 46 26 26
-9.42691e-005 4 6 5 5 525 46 26 26
-9.42689e-005 4 8 5 5 525 46 26 26
-9.42706e-005 4 10 5 5 525 46 26 26
-9.42727e-005 4 12 5 5 525 46 26 26
-9.42731e-005 4 14 5 5 525 46 26 26
-9.42744e-005 6 0 5 5 525 46 26 26
-9.42695e-005 6 2 5 5 525 46 26 26
-9.42661e-005 6 4 5 5 525 46 26 26
-9.42604e-005 6 6 5 5 525 46 26 26
-9.42538e-005 6 8 5 5 525 46 26 26
-9.42567e-005 6 10 5 5 525 46 26 26
-9.42641e-005 6 12 5 5 525 46 26 26
-9.42716e-005 6 14 5 5 525 46 26 26
-9.42734e-005 8 0 5 5 525 46 26 26
-9.42664e-005 8 2 5 5 525 46 26 26
-9.42577e-005 8 4 5 5 525 46 26 26
-9.42393e-005 8 6 5 5 525 46 26 26
-9.42264e-005 8 8 5 5 525 46 26 26
-9.42354e-005 8 10 5 5 525 46 26 26
-9.42249e-005 8 12 5 5 525 46 26 26
-9.42697e-005 8 14 5 5 525 46 26 26
-9.42728e-005 10 0 5 5 525 46 26 26
-9.42624e-005 10 2 5 5 525 46 26 26
-9.42461e-005 10 4 5 5 525 46 26 26
-9.42218e-005 10 6 5 5 525 46 26 26
-9.42174e-005 10 8 5 5 525 46 26 26
-9.4234e-005 10 10 5 5 525 46 26 26
-9.42182e-005 10 12 5 5 525 46 26 26
-9.42695e-005 10 14 5 5 525 46 26 26
-9.42726e-005 12 0 5 5 525 46 26 26
-9.42593e-005 12 2 5 5 525 46 26 26
-9.42427e-005 12 4 5 5 525 46 26 26
-9.42295e-005 12 6 5 5 525 46 26 26
-9.42244e-005 12 8 5 5 525 46 26 26
-9.42343e-005 12 10 5 5 525 46 26 26
-9.42536e-005 12 12 5 5 525 46 26 26
-9.42702e-005 12 14 5 5 525 46 26 26
-9.42728e-005 14 0 5 5 525 46 26 26
-9.42609e-005 14 2 5 5 525 46 26 26
-9.42524e-005 14 4 5 5 525 46 26 26
-9.42459e-005 14 6 5 5 525 46 26 26
-9.42481e-005 14 8 5 5 525 46 26 26
-9.42557e-005 14 10 5 5 525 46 26 26
-9.42662e-005 14 12 5 5 525 46 26 26
-9.42718e-005 14 14 5 5 525 46 26 26
-9.42776e-005 0 0 5 5 525 46 26 26
-9.42752e-005 0 2 5 5 525 46 26 26
-9.4272e-005 0 4 5 5 525 46 26 26
-9.42737e-005 0 6 5 5 525 46 26 26
-9.42742e-005 0 8 5 5 525 46 26 26
-9.42751e-005 0 10 5 5 525 46 26 26
-9.42767e-005 0 12 5 5 525 46 26 26
-9.42775e-005 0 14 5 5 525 46 26 26
-9.42775e-005 2 0 5 5 525 46 26 26
-9.42748e-005 2 2 5 5 525 46 26 26
-9.42651e-005 2 4 5 5 525 46 26 26
-9.42665e-005 2 6 5 5 525 46 26 26
-9.42643e-005 2 8 5 5 525 46 26 26
-9.42699e-005 2 10 5 5 525 46 26 26
-9.42764e-005 2 12 5 5 525 46 26 26
-9.4278e-005 2 14 5 5 525 46 26 26
-9.4278e-005 4 0 5 5 525 46 26 26
-9.42763e-005 4 2 5 5 525 46 26 26
-9.42683e-005 4 4 5 5 525 46 26 26
-9.42651e-005 4 6 5 5 525 46 26 26
-9.42597e-005 4 8 5 5 525 46 26 26
-9.42702e-005 4 10 5 5 525 46 26 26
-9.42766e-005 4 12 5 5 525 46 26 26
-9.42784e-005 4 14 5 5 525 46 26 26
-9.42775e-005 6 0 5 5 525 46 26 26
-9.42771e-005 6 2 5 5 525 46 26 26
-9.42674e-005 6 4 5 5 525 46 26 26
-9.42591e-005 6 6 5 5 525 46 26 26
-9.42673e-005 6 8 5 5 525 46 26 26
-9.42747e-005 6 10 5 5 525 46 26 26
-9.4277e-005 6 12 5 5 525 46 26 26
-9.42791e-005 6 14 5 5 525 46 26 26
-9.42774e-005 8 0 5 5 525 46 26 26
-9.42774e-005 8 2 5 5 525 46 26 26
-9.42713e-005 8 4 5 5 525 46 26 26
-9.42642e-005 8 6 5 5 525 46 26 26
-9.42697e-005 8 8 5 5 525 46 26 26
-9.42754e-005 8 10 5 5 525 46 26 26
-9.42776e-005 8 12 5 5 525 46 26 26
-9.42792e-005 8 14 5 5 525 46 26 26
-9.42781e-005 10 0 5 5 525 46 26 26
-9.42751e-005 10 2 5 5 525 46 26 26
-9.42645e-005 10 4 5 5 525 46 26 26
-9.42661e-005 10 6 5 5 525 46 26 26
-9.42656e-005 10 8 5 5 525 46 26 26
-9.42751e-005 10 10 5 5 525 46 26 26
-9.42763e-005 10 12 5 5 525 46 26 26
-9.42772e-005 10 14 5 5 525 46 26 26
-9.42779e-005 12 0 5 5 525 46 26 26
-9.42751e-005 12 2 5 5 525 46 26 26
-9.42645e-005 12 4 5 5 525 46 26 26
-9.42565e-005 12 6 5 5 525 46 26 26
-9.42319e-005 12 8 5 5 525 46 26 26
-9.42566e-005 12 10 5 5 525 46 26 26
-9.42721e-005 12 12 5 5 525 46 26 26
-9.42756e-005 12 14 5 5 525 46 26 26
-9.42771e-005 14 0 5 5 525 46 26 26
-9.42759e-005 14 2 5 5 525 46 26 26
-9.42684e-005 14 4 5 5 525 46 26 26
-9.42515e-005 14 6 5 5 525 46 26 26
-9.42105e-005 14 8 5 5 525 46 26 26
-9.4209e-005 14 10 5 5 525 46 26 26
-9.42647e-005 14 12 5 5 525 46 26 26
-9.42753e-005 14 14 5 5 525 46 26 26
-9.42752e-005 0 0 5 5 525 46 26 26
-9.42708e-005 0 2 5 5 525 46 26 26
-9.42711e-005 0 4 5 5 525 46 26 26
-9.42728e-005 0 6 5 5 525 46 26 26
-9.42754e-005 0 8 5 5 525 46 26 26
-9.42768e-005 0 10 5 5 525 46 26 26
-9.42711e-005 0 12 5 5 525 46 26 26
-9.42557e-005 0 14 5 5 525 46 26 26
-9.42748e-005 2 0 5 5 525 46 26 26
-9.42398e-005 2 2 5 5 525 46 26 26
-9.42424e-005 2 4 5 5 525 46 26 26
-9.42561e-005 2 6 5 5 525 46 26 26
-9.42734e-005 2 8 5 5 525 46 26 26
-9.42761e-005 2 10 5 5 525 46 26 26
-9.42777e-005 2 12 5 5 525 46 26 26
-9.42782e-005 2 14 5 5 525 46 26 26
-9.42743e-005 4 0 5 5 525 46 26 26
-9.42268e-005 4 2 5 5 525 46 26 26
-9.41981e-005 4 4 5 5 525 46 26 26
-9.42401e-005 4 6 5 5 525 46 26 26
-9.42717e-005 4 8 5 5 525 46 26 26
-9.42757e-005 4 10 5 5 525 46 26 26
-9.42776e-005 4 12 5 5 525 46 26 26
-9.42784e-005 4 14 5 5 525 46 26 26
-9.42684e-005 6 0 5 5 525 46 26 26
-9.42132e-005 6 2 5 5 525 46 26 26
-9.40894e-005 6 4 5 5 525 46 26 26
-9.42316e-005 6 6 5 5 525 46 26 26
-9.42711e-005 6 8 5 5 525 46 26 26
-9.42756e-005 6 10 5 5 525 46 26 26
-9.42773e-005 6 12 5 5 525 46 26 26
-9.42378e-005 6 14 5 5 525 46 26 26
-9.42636e-005 8 0 5 5 525 46 26 26
-9.42457e-005 8 2 5 5 525 46 26 26
-9.41465e-005 8 4 5 5 525 46 26 26
-9.4223e-005 8 6 5 5 525 46 26 26
-9.42708e-005 8 8 5 5 525 46 26 26
-9.42754e-005 8 10 5 5 525 46 26 26
-9.4277e-005 8 12 5 5 525 46 26 26
-9.42779e-005 8 14 5 5 525 46 26 26
-9.42717e-005 10 0 5 5 525 46 26 26
-9.42716e-005 10 2 5 5 525 46 26 26
-9.42706e-005 10 4 5 5 525 46 26 26
-9.42087e-005 10 6 5 5 525 46 26 26
-9.42624e-005 10 8 5 5 525 46 26 26
-9.42719e-005 10 10 5 5 525 46 26 26
-9.42751e-005 10 12 5 5 525 46 26 26
-9.42762e-005 10 14 5 5 525 46 26 26
-9.42766e-005 12 0 5 5 525 46 26 26
-9.42761e-005 12 2 5 5 525 46 26 26
-9.42756e-005 12 4 5 5 525 46 26 26
-9.42223e-005 12 6 5 5 525 46 26 26
-9.40729e-005 12 8 5 5 525 46 26 26
-9.42406e-005 12 10 5 5 525 46 26 26
-9.42692e-005 12 12 5 5 525 46 26 26
-9.42748e-005 12 14 5 5 525 46 26 26
-9.42777e-005 14 0 5 5 525 46 26 26
-9.42756e-005 14 2 5 5 525 46 26 26
-9.42764e-005 14 4 5 5 525 46 26 26
-9.42574e-005 14 6 5 5 525 46 26 26
-9.31003e-005 14 8 5 5 525 46 26 26
-9.41421e-005 14 10 5 5 525 46 26 26
-9.42292e-005 14 12 5 5 525 46 26 26
-9.42719e-005 14 14 5 5 525 46 26 26
-9.42734e-005 0 0 5 5 525 46 26 26
-9.4274e-005 0 2 5 5 525 46 26 26
-9.4276e-005 0 4 5 5 525 46 26 26
-9.4277e-005 0 6 5 5 525 46 26 26
-9.42783e-005 0 8 5 5 525 46 26 26
-9.42796e-005 0 10 5 5 525 46 26 26
-9.42614e-005 0 12 5 5 525 46 26 26
-9.42179e-005 0 14 5 5 525 46 26 26
-9.4262e-005 2 0 5 5 525 46 26 26
-9.42589e-005 2 2 5 5 525 46 26 26
-9.42739e-005 2 4 5 5 525 46 26 26
-9.42754e-005 2 6 5 5 525 46 26 26
-9.42767e-005 2 8 5 5 525 46 26 26
-9.42787e-005 2 10 5 5 525 46 26 26
-9.42736e-005 2 12 5 5 525 46 26 26
-9.42657e-005 2 14 5 5 525 46 26 26
-9.41977e-005 4 0 5 5 525 46 26 26
-9.41175e-005 4 2 5 5 525 46 26 26
-9.42528e-005 4 4 5 5 525 46 26 26
-9.42738e-005 4 6 5 5 525 46 26 26
-9.42758e-005 4 8 5 5 525 46 26 26
-9.42779e-005 4 10 5 5 525 46 26 26
-9.42784e-005 4 12 5 5 525 46 26 26
-9.42785e-005 4 14 5 5 525 46 26 26
-9.4159e-005 6 0 5 5 525 46 26 26
-8.76647e-005 6 2 5 5 525 46 26 26
-9.41558e-005 6 4 5 5 525 46 26 26
-9.42705e-005 6 6 5 5 525 46 26 26
-9.42753e-005 6 8 5 5 525 46 26 26
-9.42768e-005 6 10 5 5 525 46 26 26
-9.42766e-005 6 12 5 5 525 46 26 26
-9.42769e-005 6 14 5 5 525 46 26 26
-9.41542e-005 8 0 5 5 525 46 26 26
-8.57588e-005 8 2 5 5 525 46 26 26
-5.7928e-005 8 4 5 5 525 46 26 26
-9.42704e-005 8 6 5 5 525 46 26 26
-9.42742e-005 8 8 5 5 525 46 26 26
-9.42744e-005 8 10 5 5 525 46 26 26
-9.42749e-005 8 12 5 5 525 46 26 26
-9.42754e-005 8 14 5 5 525 46 26 26
-9.42584e-005 10 0 5 5 525 46 26 26
-9.42324e-005 10 2 5 5 525 46 26 26
-9.42457e-005 10 4 5 5 525 46 26 26
-9.42439e-005 10 6 5 5 525 46 26 26
-9.42566e-005 10 8 5 5 525 46 26 26
-9.42566e-005 10 10 5 5 525 46 26 26
-9.42603e-005 10 12 5 5 525 46 26 26
-9.42675e-005 10 14 5 5 525 46 26 26
-9.42742e-005 12 0 5 5 525 46 26 26
-9.42722e-005 12 2 5 5 525 46 26 26
-9.42734e-005 12 4 5 5 525 46 26 26
-9.42595e-005 12 6 5 5 525 46 26 26
-9.42516e-005 12 8 5 5 525 46 26 26
-9.42546e-005 12 10 5 5 525 46 26 26
-9.42569e-005 12 12 5 5 525 46 26 26
-9.42206e-005 12 14 5 5 525 46 26 26
-9.42722e-005 14 0 5 5 525 46 26 26
-9.42765e-005 14 2 5 5 525 46 26 26
-9.42768e-005 14 4 5 5 525 46 26 26
-9.42743e-005 14 6 5 5 525 46 26 26
-9.42687e-005 14 8 5 5 525 46 26 26
-9.42651e-005 14 10 5 5 525 46 26 26
-9.42605e-005 14 12 5 5 525 46 26 26
-9.42565e-005 14 14 5 5 525 46 26 26
-9.4277e-005 0 0 5 5 525 46 26 26
-9.42775e-005 0 2 5 5 525 46 26 26
-9.42779e-005 0 4 5 5 525 46 26 26
-9.42776e-005 0 6 5 5 525 46 26 26
-5.25119e-005 0 8 5 5 525 46 26 26
-9.42716e-005 0 10 5 5 525 46 26 26
-9.42526e-005 0 12 5 5 525 46 26 26
-9.4266e-005 0 14 5 5 525 46 26 26
-9.4275e-005 2 0 5 5 525 46 26 26
-9.42755e-005 2 2 5 5 525 46 26 26
-9.42766e-005 2 4 5 5 525 46 26 26
-9.42779e-005 2 6 5 5 525 46 26 26
-3.7991e-005 2 8 5 5 525 46 26 26
-2.6394e-005 2 10 5 5 525 46 26 26
-9.42792e-005 2 12 5 5 525 46 26 26
-9.42782e-005 2 14 5 5 525 46 26 26
-9.42723e-005 4 0 5 5 525 46 26 26
-9.42729e-005 4 2 5 5 525 46 26 26
-9.42756e-005 4 4 5 5 525 46 26 26
-9.42771e-005 4 6 5 5 525 46 26 26
-2.5309e-005 4 8 5 5 525 46 26 26
-9.42792e-005 4 10 5 5 525 46 26 26
-9.42775e-005 4 12 5 5 525 46 26 26
-9.42767e-005 4 14 5 5 525 46 26 26
-9.42622e-005 6 0 5 5 525 46 26 26
-9.42674e-005 6 2 5 5 525 46 26 26
-9.42742e-005 6 4 5 5 525 46 26 26
-9.42759e-005 6 6 5 5 525 46 26 26
-9.42769e-005 6 8 5 5 525 46 26 26
-9.42767e-005 6 10 5 5 525 46 26 26
-9.42755e-005 6 12 5 5 525 46 26 26
-9.42747e-005 6 14 5 5 525 46 26 26
-9.4242e-005 8 0 5 5 525 46 26 26
-9.42499e-005 8 2 5 5 525 46 26 26
-9.42569e-005 8 4 5 5 525 46 26 26
-9.42737e-005 8 6 5 5 525 46 26 26
-9.42738e-005 8 8 5 5 525 46 26 26
-9.42724e-005 8 10 5 5 525 46 26 26
-9.42716e-005 8 12 5 5 525 46 26 26
-9.42644e-005 8 14 5 5 525 46 26 26
-9.4226e-005 10 0 5 5 525 46 26 26
-9.42155e-005 10 2 5 5 525 46 26 26
-9.42679e-005 10 4 5 5 525 46 26 26
-9.42732e-005 10 6 5 5 525 46 26 26
-9.42694e-005 10 8 5 5 525 46 26 26
-9.42707e-005 10 10 5 5 525 46 26 26
-9.42699e-005 10 12 5 5 525 46 26 26
-9.42619e-005 10 14 5 5 525 46 26 26
-9.42449e-005 12 0 5 5 525 46 26 26
-9.42723e-005 12 2 5 5 525 46 26 26
-9.42752e-005 12 4 5 5 525 46 26 26
-9.4276e-005 12 6 5 5 525 46 26 26
-9.42762e-005 12 8 5 5 525 46 26 26
-9.42755e-005 12 10 5 5 525 46 26 26
-9.42748e-005 12 12 5 5 525 46 26 26
-9.42731e-005 12 14 5 5 525 46 26 26
-9.42698e-005 14 0 5 5 525 46 26 26
-9.42752e-005 14 2 5 5 525 46 26 26
-9.42767e-005 14 4 5 5 525 46 26 26
-9.42781e-005 14 6 5 5 525 46 26 26
-9.42782e-005 14 8 5 5 525 46 26 26
-9.42777e-005 14 10 5 5 525 46 26 26
-9.42767e-005 14 12 5 5 525 46 26 26
-9.42752e-005 14 14 5 5 525 46 26 26
-9.42779e-005 0 0 5 5 525 46 26 26
-9.42774e-005 0 2 5 5 525 46 26 26
-9.42724e-005 0 4 5 5 525 46 26 26
-9.4219e-005 0 6 5 5 525 46 26 26
-9.42806e-005 0 8 5 5 525 46 26 26
-9.42795e-005 0 10 5 5 525 46 26 26
-9.42778e-005 0 12 5 5 525 46 26 26
-9.42775e-005 0 14 5 5 525 46 26 26
-9.42769e-005 2 0 5 5 525 46 26 26
-9.42778e-005 2 2 5 5 525 46 26 26
-9.42783e-005 2 4 5 5 525 46 26 26
-9.42789e-005 2 6 5 5 525 46 26 26
-9.42791e-005 2 8 5 5 525 46 26 26
-9.42773e-005 2 10 5 5 525 46 26 26
-9.42759e-005 2 12 5 5 525 46 26 26
-9.42757e-005 2 14 5 5 525 46 26 26
-9.42759e-005 4 0 5 5 525 46 26 26
-9.42758e-005 4 2 5 5 525 46 26 26
-9.42764e-005 4 4 5 5 525 46 26 26
-9.42779e-005 4 6 5 5 525 46 26 26
-9.42767e-005 4 8 5 5 525 46 26 26
-9.4273e-005 4 10 5 5 525 46 26 26
-9.4269e-005 4 12 5 5 525 46 26 26
-9.42699e-005 4 14 5 5 525 46 26 26
-9.42086e-005 6 0 5 5 525 46 26 26
-9.42291e-005 6 2 5 5 525 46 26 26
-9.42746e-005 6 4 5 5 525 46 26 26
-9.42752e-005 6 6 5 5 525 46 26 26
-9.42702e-005 6 8 5 5 525 46 26 26
-9.42588e-005 6 10 5 5 525 46 26 26
-9.42572e-005 6 12 5 5 525 46 26 26
-9.42351e-005 6 14 5 5 525 46 26 26
-8.66967e-005 8 0 5 5 525 46 26 26
-8.48495e-005 8 2 5 5 525 46 26 26
-9.42288e-005 8 4 5 5 525 46 26 26
-9.42686e-005 8 6 5 5 525 46 26 26
-9.42647e-005 8 8 5 5 525 46 26 26
-9.42555e-005 8 10 5 5 525 46 26 26
-9.42626e-005 8 12 5 5 525 46 26 26
-9.42678e-005 8 14 5 5 525 46 26 26
-8.40256e-005 10 0 5 5 525 46 26 26
-2.88715e-005 10 2 5 5 525 46 26 26
-3.7475e-005 10 4 5 5 525 46 26 26
-9.42644e-005 10 6 5 5 525 46 26 26
-9.42668e-005 10 8 5 5 525 46 26 26
-9.42714e-005 10 10 5 5 525 46 26 26
-9.42744e-005 10 12 5 5 525 46 26 26
-9.4275e-005 10 14 5 5 525 46 26 26
-8.32626e-005 12 0 5 5 525 46 26 26
-7.19746e-005 12 2 5 5 525 46 26 26
-2.23412e-005 12 4 5 5 525 46 26 26
-9.42458e-005 12 6 5 5 525 46 26 26
-9.4273e-005 12 8 5 5 525 46 26 26
-9.42742e-005 12 10 5 5 525 46 26 26
-9.42739e-005 12 12 5 5 525 46 26 26
-9.42742e-005 12 14 5 5 525 46 26 26
-6.4329e-005 14 0 5 5 525 46 26 26
-2.27382e-005 14 2 5 5 525 46 26 26
-2.97431e-005 14 4 5 5 525 46 26 26
-6.64506e-005 14 6 5 5 525 46 26 26
-9.42731e-005 14 8 5 5 525 46 26 26
-9.42716e-005 14 10 5 5 525 46 26 26
-9.42713e-005 14 12 5 5 525 46 26 26
-9.42552e-005 14 14 5 5 525 46 26 26
-9.42705e-005 0 0 5 5 525 46 26 26
-9.42683e-005 0 2 5 5 525 46 26 26
-9.42775e-005 0 4 5 5 525 46 26 26
-9.42781e-005 0 6 5 5 525 46 26 26
-9.4275e-005 0 8 5 5 525 46 26 26
-9.4273e-005 0 10 5 5 525 46 26 26
-9.42742e-005 0 12 5 5 525 46 26 26
-9.42757e-005 0 14 5 5 525 46 26 26
-9.42705e-005 2 0 5 5 525 46 26 26
-9.42755e-005 2 2 5 5 525 46 26 26
-9.42778e-005 2 4 5 5 525 46 26 26
-9.42774e-005 2 6 5 5 525 46 26 26
-9.42666e-005 2 8 5 5 525 46 26 26
-9.42592e-005 2 10 5 5 525 46 26 26
-9.42629e-005 2 12 5 5 525 46 26 26
-9.42735e-005 2 14 5 5 525 46 26 26
-9.42749e-005 4 0 5 5 525 46 26 26
-9.42764e-005 4 2 5 5 525 46 26 26
-9.42778e-005 4 4 5 5 525 46 26 26
-9.42744e-005 4 6 5 5 525 46 26 26
-9.42612e-005 4 8 5 5 525 46 26 26
-9.42534e-005 4 10 5 5 525 46 26 26
-9.42411e-005 4 12 5 5 525 46 26 26
-9.4273e-005 4 14 5 5 525 46 26 26
-9.42746e-005 6 0 5 5 525 46 26 26
-9.42745e-005 6 2 5 5 525 46 26 26
-9.42761e-005 6 4 5 5 525 46 26 26
-9.42704e-005 6 6 5 5 525 46 26 26
-9.42632e-005 6 8 5 5 525 46 26 26
-9.42602e-005 6 10 5 5 525 46 26 26
-9.42709e-005 6 12 5 5 525 46 26 26
-9.42749e-005 6 14 5 5 525 46 26 26
-9.42713e-005 8 0 5 5 525 46 26 26
-9.42689e-005 8 2 5 5 525 46 26 26
-9.42698e-005 8 4 5 5 525 46 26 26
-9.42624e-005 8 6 5 5 525 46 26 26
-9.42657e-005 8 8 5 5 525 46 26 26
-9.42706e-005 8 10 5 5 525 46 26 26
-9.42751e-005 8 12 5 5 525 46 26 26
-9.42762e-005 8 14 5 5 525 46 26 26
-9.42265e-005 10 0 5 5 525 46 26 26
-9.4064e-005 10 2 5 5 525 46 26 26
-9.21697e-005 10 4 5 5 525 46 26 26
-9.42339e-005 10 6 5 5 525 46 26 26
-9.42724e-005 10 8 5 5 525 46 26 26
-9.42747e-005 10 10 5 5 525 46 26 26
-9.4276e-005 10 12 5 5 525 46 26 26
-9.42771e-005 10 14 5 5 525 46 26 26
-9.4228e-005 12 0 5 5 525 46 26 26
-9.13064e-005 12 2 5 5 525 46 26 26
-6.53883e-005 12 4 5 5 525 46 26 26
-5.35962e-005 12 6 5 5 525 46 26 26
-9.42307e-005 12 8 5 5 525 46 26 26
-9.42701e-005 12 10 5 5 525 46 26 26
-9.42741e-005 12 12 5 5 525 46 26 26
-9.42754e-005 12 14 5 5 525 46 26 26
-9.41621e-005 14 0 5 5 525 46 26 26
-8.96588e-005 14 2 5 5 525 46 26 26
-4.26872e-005 14 4 5 5 525 46 26 26
-2.74514e-005 14 6 5 5 525 46 26 26
-4.15846e-005 14 8 5 5 525 46 26 26
-9.42611e-005 14 10 5 5 525 46 26 26
-9.42705e-005 14 12 5 5 525 46 26 26
-9.42678e-005 14 14 5 5 525 46 26 26
-9.42693e-005 0 0 8 7 525 46 26 26
-9.42684e-005 0 3 8 7 525 46 26 26
-9.42653e-005 0 6 8 7 525 46 26 26
-9.42639e-005 0 9 8 7 525 46 26 26
-9.42715e-005 0 12 8 7 525 46 26 26
-9.42757e-005 0 15 8 7 525 46 26 26
-9.42273e-005 4 0 8 7 525 46 26 26
-9.42424e-005 4 3 8 7 525 46 26 26
-9.42014e-005 4 6 8 7 525 46 26 26
-7.80201e-005 4 9 8 7 525 46 26 26
-9.42476e-005 4 12 8 7 525 46 26 26
-9.4271e-005 4 15 8 7 525 46 26 26
-9.41675e-005 8 0 8 7 525 46 26 26
-6.22025e-005 8 3 8 7 525 46 26 26
-9.41655e-005 8 6 8 7 525 46 26 26
-9.42245e-005 8 9 8 7 525 46 26 26
-9.42302e-005 8 12 8 7 525 46 26 26
-9.42671e-005 8 15 8 7 525 46 26 26
-9.42088e-005 12 0 8 7 525 46 26 26
-9.4215e-005 12 3 8 7 525 46 26 26
-9.41263e-005 12 6 8 7 525 46 26 26
-4.81433e-005 12 9 8 7 525 46 26 26
-9.42472e-005 12 12 8 7 525 46 26 26
-9.42718e-005 12 15 8 7 525 46 26 26
-9.42552e-005 16 0 8 7 525 46 26 26
-9.42561e-005 16 3 8 7 525 46 26 26
-9.4261e-005 16 6 8 7 525 46 26 26
-9.42658e-005 16 9 8 7 525 46 26 26
-9.42712e-005 16 12 8 7 525 46 26 26
-9.42749e-005 16 15 8 7 525 46 26 26
-9.42739e-005 0 0 8 7 525 46 26 26
-9.42698e-005 0 3 8 7 525 46 26 26
-9.42713e-005 0 6 8 7 525 46 26 26
-9.42732e-005 0 9 8 7 525 46 26 26
-9.42756e-005 0 12 8 7 525 46 26 26
-9.42775e-005 0 15 8 7 525 46 26 26
-9.42598e-005 4 0 8 7 525 46 26 26
-9.42437e-005 4 3 8 7 525 46 26 26
-9.42091e-005 4 6 8 7 525 46 26 26
-9.40985e-005 4 9 8 7 525 46 26 26
-9.42633e-005 4 12 8 7 525 46 26 26
-9.42757e-005 4 15 8 7 525 46 26 26
-9.42732e-005 8 0 8 7 525 46 26 26
-9.42656e-005 8 3 8 7 525 46 26 26
-9.42662e-005 8 6 8 7 525 46 26 26
-9.42645e-005 8 9 8 7 525 46 26 26
-9.42458e-005 8 12 8 7 525 46 26 26
-9.42746e-005 8 15 8 7 525 46 26 26
-9.42648e-005 12 0 8 7 525 46 26 26
-9.42653e-005 12 3 8 7 525 46 26 26
-9.4276e-005 12 6 8 7 525 46 26 26
-9.42757e-005 12 9 8 7 525 46 26 26
-9.42739e-005 12 12 8 7 525 46 26 26
-9.4275e-005 12 15 8 7 525 46 26 26
-9.42739e-005 16 0 8 7 525 46 26 26
-9.42694e-005 16 3 8 7 525 46 26 26
-9.42529e-005 16 6 8 7 525 46 26 26
-9.42735e-005 16 9 8 7 525 46 26 26
-9.42774e-005 16 12 8 7 525 46 26 26
-9.42782e-005 16 15 8 7 525 46 26 26
-9.4268e-005 0 0 8 7 525 46 26 26
-9.42509e-005 0 3 8 7 525 46 26 26
-9.42436e-005 0 6 8 7 525 46 26 26
-9.4252e-005 0 9 8 7 525 46 26 26
-9.42682e-005 0 12 8 7 525 46 26 26
-9.42766e-005 0 15 8 7 525 46 26 26
-9.42329e-005 4 0 8 7 525 46 26 26
-4.92243e-005 4 3 8 7 525 46 26 26
-6.85627e-005 4 6 8 7 525 46 26 26
-9.41225e-005 4 9 8 7 525 46 26 26
-9.42673e-005 4 12 8 7 525 46 26 26
-9.42766e-005 4 15 8 7 525 46 26 26
-9.42427e-005 8 0 8 7 525 46 26 26
-9.41784e-005 8 3 8 7 525 46 26 26
-9.42177e-005 8 6 8 7 525 46 26 26
-9.42067e-005 8 9 8 7 525 46 26 26
-9.42707e-005 8 12 8 7 525 46 26 26
-9.42768e-005 8 15 8 7 525 46 26 26
-9.42508e-005 12 0 8 7 525 46 26 26
-4.59815e-005 12 3 8 7 525 46 26 26
-4.48806e-005 12 6 8 7 525 46 26 26
-9.41018e-005 12 9 8 7 525 46 26 26
-9.4269e-005 12 12 8 7 525 46 26 26
-9.42765e-005 12 15 8 7 525 46 26 26
-9.42649e-005 16 0 8 7 525 46 26 26
-9.42599e-005 16 3 8 7 525 46 26 26
-9.42611e-005 16 6 8 7 525 46 26 26
-9.42639e-005 16 9 8 7 525 46 26 26
-9.42709e-005 16 12 8 7 525 46 26 26
-9.42757e-005 16 15 8 7 525 46 26 26
-9.42746e-005 0 0 8 7 525 46 26 26
-9.42731e-005 0 3 8 7 525 46 26 26
-9.42735e-005 0 6 8 7 525 46 26 26
-9.42744e-005 0 9 8 7 525 46 26 26
-9.42742e-005 0 12 8 7 525 46 26 26
-9.42713e-005 0 15 8 7 525 46 26 26
-9.42726e-005 4 0 8 7 525 46 26 26
-9.42638e-005 4 3 8 7 525 46 26 26
-9.42573e-005 4 6 8 7 525 46 26 26
-9.42573e-005 4 9 8 7 525 46 26 26
-9.42634e-005 4 12 8 7 525 46 26 26
-9.4272e-005 4 15 8 7 525 46 26 26
-9.42698e-005 8 0 8 7 525 46 26 26
-9.42486e-005 8 3 8 7 525 46 26 26
-9.42316e-005 8 6 8 7 525 46 26 26
-9.41619e-005 8 9 8 7 525 46 26 26
-9.42462e-005 8 12 8 7 525 46 26 26
-9.42727e-005 8 15 8 7 525 46 26 26
-9.42693e-005 12 0 8 7 525 46 26 26
-9.42508e-005 12 3 8 7 525 46 26 26
-9.42418e-005 12 6 8 7 525 46 26 26
-9.42475e-005 12 9 8 7 525 46 26 26
-9.42641e-005 12 12 8 7 525 46 26 26
-9.42729e-005 12 15 8 7 525 46 26 26
-9.42739e-005 16 0 8 7 525 46 26 26
-9.42711e-005 16 3 8 7 525 46 26 26
-9.42701e-005 16 6 8 7 525 46 26 26
-9.42703e-005 16 9 8 7 525 46 26 26
-9.42722e-005 16 12 8 7 525 46 26 26
-9.4274e-005 16 15 8 7 525 46 26 26
-9.42762e-005 0 0 8 7 525 46 26 26
-9.42694e-005 0 3 8 7 525 46 26 26
-9.42626e-005 0 6 8 7 525 46 26 26
-9.4256e-005 0 9 8 7 525 46 26 26
-9.42768e-005 0 12 8 7 525 46 26 26
-9.42743e-005 0 15 8 7 525 46 26 26
-9.4277e-005 4 0 8 7 525 46 26 26
-9.42614e-005 4 3 8 7 525 46 26 26
-9.42609e-005 4 6 8 7 525 46 26 26
-9.4266e-005 4 9 8 7 525 46 26 26
-9.42771e-005 4 12 8 7 525 46 26 26
-9.42797e-005 4 15 8 7 525 46 26 26
-9.42764e-005 8 0 8 7 525 46 26 26
-9.42614e-005 8 3 8 7 525 46 26 26
-9.42488e-005 8 6 8 7 525 46 26 26
-9.42711e-005 8 9 8 7 525 46 26 26
-9.42761e-005 8 12 8 7 525 46 26 26
-9.4278e-005 8 15 8 7 525 46 26 26
-9.42746e-005 12 0 8 7 525 46 26 26
-9.4265e-005 12 3 8 7 525 46 26 26
-9.42451e-005 12 6 8 7 525 46 26 26
-9.42326e-005 12 9 8 7 525 46 26 26
-9.42688e-005 12 12 8 7 525 46 26 26
-9.4277e-005 12 15 8 7 525 46 26 26
-9.42727e-005 16 0 8 7 525 46 26 26
-9.42628e-005 16 3 8 7 525 46 26 26
-9.42505e-005 16 6 8 7 525 46 26 26
-9.42623e-005 16 9 8 7 525 46 26 26
-9.42746e-005 16 12 8 7 525 46 26 26
-9.4277e-005 16 15 8 7 525 46 26 26
-9.42636e-005 0 0 8 7 525 46 26 26
-9.42578e-005 0 3 8 7 525 46 26 26
-9.42617e-005 0 6 8 7 525 46 26 26
-9.42754e-005 0 9 8 7 525 46 26 26
-9.42778e-005 0 12 8 7 525 46 26 26
-9.42462e-005 0 15 8 7 525 46 26 26
-9.42164e-005 4 0 8 7 525 46 26 26
-9.42047e-005 4 3 8 7 525 46 26 26
-9.42316e-005 4 6 8 7 525 46 26 26
-9.42748e-005 4 9 8 7 525 46 26 26
-9.42777e-005 4 12 8 7 525 46 26 26
-9.42788e-005 4 15 8 7 525 46 26 26
-9.42479e-005 8 0 8 7 525 46 26 26
-9.41581e-005 8 3 8 7 525 46 26 26
-9.4234e-005 8 6 8 7 525 46 26 26
-9.42577e-005 8 9 8 7 525 46 26 26
-9.42748e-005 8 12 8 7 525 46 26 26
-9.42766e-005 8 15 8 7 525 46 26 26
-9.42767e-005 12 0 8 7 525 46 26 26
-9.42624e-005 12 3 8 7 525 46 26 26
-9.40706e-005 12 6 8 7 525 46 26 26
-9.42171e-005 12 9 8 7 525 46 26 26
-9.42643e-005 12 12 8 7 525 46 26 26
-9.42743e-005 12 15 8 7 525 46 26 26
-9.4275e-005 16 0 8 7 525 46 26 26
-9.42696e-005 16 3 8 7 525 46 26 26
-9.40709e-005 16 6 8 7 525 46 26 26
-4.04976e-005 16 9 8 7 525 46 26 26
-9.42547e-005 16 12 8 7 525 46 26 26
-9.4273e-005 16 15 8 7 525 46 26 26
-9.42557e-005 0 0 8 7 525 46 26 26
-9.42701e-005 0 3 8 7 525 46 26 26
-9.42753e-005 0 6 8 7 525 46 26 26
-9.42776e-005 0 9 8 7 525 46 26 26
-9.42506e-005 0 12 8 7 525 46 26 26
-9.42497e-005 0 15 8 7 525 46 26 26
-9.40695e-005 4 0 8 7 525 46 26 26
-9.41667e-005 4 3 8 7 525 46 26 26
-9.42709e-005 4 6 8 7 525 46 26 26
-9.42758e-005 4 9 8 7 525 46 26 26
-9.42763e-005 4 12 8 7 525 46 26 26
-9.4277e-005 4 15 8 7 525 46 26 26
-8.86575e-005 8 0 8 7 525 46 26 26
-9.42141e-005 8 3 8 7 525 46 26 26
-9.42556e-005 8 6 8 7 525 46 26 26
-9.42508e-005 8 9 8 7 525 46 26 26
-9.42357e-005 8 12 8 7 525 46 26 26
-9.42662e-005 8 15 8 7 525 46 26 26
-9.42721e-005 12 0 8 7 525 46 26 26
-9.42727e-005 12 3 8 7 525 46 26 26
-9.42471e-005 12 6 8 7 525 46 26 26
-9.42412e-005 12 9 8 7 525 46 26 26
-9.42182e-005 12 12 8 7 525 46 26 26
-9.42644e-005 12 15 8 7 525 46 26 26
-9.42758e-005 16 0 8 7 525 46 26 26
-9.42776e-005 16 3 8 7 525 46 26 26
-9.42696e-005 16 6 8 7 525 46 26 26
-9.42593e-005 16 9 8 7 525 46 26 26
-9.42558e-005 16 12 8 7 525 46 26 26
-9.42742e-005 16 15 8 7 525 46 26 26
-9.42743e-005 0 0 8 7 525 46 26 26
-9.42758e-005 0 3 8 7 525 46 26 26
-9.42782e-005 0 6 8 7 525 46 26 26
-9.42799e-005 0 9 8 7 525 46 26 26
-9.42781e-005 0 12 8 7 525 46 26 26
-9.42778e-005 0 15 8 7 525 46 26 26
-9.4265e-005 4 0 8 7 525 46 26 26
-9.4271e-005 4 3 8 7 525 46 26 26
-9.42754e-005 4 6 8 7 525 46 26 26
-9.42755e-005 4 9 8 7 525 46 26 26
-9.42743e-005 4 12 8 7 525 46 26 26
-9.42741e-005 4 15 8 7 525 46 26 26
-9.42212e-005 8 0 8 7 525 46 26 26
-9.42642e-005 8 3 8 7 525 46 26 26
-9.42597e-005 8 6 8 7 525 46 26 26
-9.42714e-005 8 9 8 7 525 46 26 26
-9.42247e-005 8 12 8 7 525 46 26 26
-9.42532e-005 8 15 8 7 525 46 26 26
-9.4267e-005 12 0 8 7 525 46 26 26
-9.42754e-005 12 3 8 7 525 46 26 26
-9.42765e-005 12 6 8 7 525 46 26 26
-9.42758e-005 12 9 8 7 525 46 26 26
-9.42746e-005 12 12 8 7 525 46 26 26
-9.4274e-005 12 15 8 7 525 46 26 26
-9.42765e-005 16 0 8 7 525 46 26 26
-9.4278e-005 16 3 8 7 525 46 26 26
-9.42328e-005 16 6 8 7 525 46 26 26
-9.42784e-005 16 9 8 7 525 46 26 26
-9.42753e-005 16 12 8 7 525 46 26 26
-9.42764e-005 16 15 8 7 525 46 26 26
-9.42775e-005 0 0 8 7 525 46 26 26
-9.4278e-005 0 3 8 7 525 46 26 26
-9.42783e-005 0 6 8 7 525 46 26 26
-9.42759e-005 0 9 8 7 525 46 26 26
-9.42747e-005 0 12 8 7 525 46 26 26
-9.42751e-005 0 15 8 7 525 46 26 26
-9.42041e-005 4 0 8 7 525 46 26 26
-9.42701e-005 4 3 8 7 525 46 26 26
-9.42717e-005 4 6 8 7 525 46 26 26
-9.42627e-005 4 9 8 7 525 46 26 26
-9.42236e-005 4 12 8 7 525 46 26 26
-9.42612e-005 4 15 8 7 525 46 26 26
-3.55258e-005 8 0 8 7 525 46 26 26
-7.38077e-005 8 3 8 7 525 46 26 26
-9.4259e-005 8 6 8 7 525 46 26 26
-9.42527e-005 8 9 8 7 525 46 26 26
-9.42624e-005 8 12 8 7 525 46 26 26
-9.42711e-005 8 15 8 7 525 46 26 26
-2.20667e-005 12 0 8 7 525 46 26 26
-2.46313e-005 12 3 8 7 525 46 26 26
-9.42664e-005 12 6 8 7 525 46 26 26
-9.42703e-005 12 9 8 7 525 46 26 26
-9.42694e-005 12 12 8 7 525 46 26 26
-9.4273e-005 12 15 8 7 525 46 26 26
-5.46759e-005 16 0 8 7 525 46 26 26
-6.32662e-005 16 3 8 7 525 46 26 26
-9.42735e-005 16 6 8 7 525 46 26 26
-9.42705e-005 16 9 8 7 525 46 26 26
-9.42685e-005 16 12 8 7 525 46 26 26
-9.42745e-005 16 15 8 7 525 46 26 26
-9.42465e-005 0 0 8 7 525 46 26 26
-9.42748e-005 0 3 8 7 525 46 26 26
-9.42709e-005 0 6 8 7 525 46 26 26
-9.4264e-005 0 9 8 7 525 46 26 26
-9.42606e-005 0 12 8 7 525 46 26 26
-9.42754e-005 0 15 8 7 525 46 26 26
-9.42729e-005 4 0 8 7 525 46 26 26
-9.42739e-005 4 3 8 7 525 46 26 26
-9.42611e-005 4 6 8 7 525 46 26 26
-9.42493e-005 4 9 8 7 525 46 26 26
-9.4264e-005 4 12 8 7 525 46 26 26
-9.42751e-005 4 15 8 7 525 46 26 26
-9.41498e-005 8 0 8 7 525 46 26 26
-9.4097e-005 8 3 8 7 525 46 26 26
-9.42275e-005 8 6 8 7 525 46 26 26
-9.4266e-005 8 9 8 7 525 46 26 26
-9.42742e-005 8 12 8 7 525 46 26 26
-9.42752e-005 8 15 8 7 525 46 26 26
-9.05439e-005 12 0 8 7 525 46 26 26
-4.37848e-005 12 3 8 7 525 46 26 26
-4.70661e-005 12 6 8 7 525 46 26 26
-9.42557e-005 12 9 8 7 525 46 26 26
-9.42735e-005 12 12 8 7 525 46 26 26
-9.42735e-005 12 15 8 7 525 46 26 26
-9.40706e-005 16 0 8 7 525 46 26 26
-3.25663e-005 16 3 8 7 525 46 26 26
-2.60547e-005 16 6 8 7 525 46 26 26
-8.01253e-005 16 9 8 7 525 46 26 26
-9.42734e-005 16 12 8 7 525 46 26 26
-9.42757e-005 16 15 8 7 525 46 26 26
-9.42651e-005 0 0 10 10 525 46 26 26
-9.42627e-005 0 5 10 10 525 46 26 26
-9.42661e-005 0 10 10 10 525 46 26 26
-9.42744e-005 0 15 10 10 525 46 26 26
-9.41957e-005 5 0 10 10 525 46 26 26
-9.41094e-005 5 5 10 10 525 46 26 26
-9.42209e-005 5 10 10 10 525 46 26 26
-9.42693e-005 5 15 10 10 525 46 26 26
-9.41806e-005 10 0 10 10 525 46 26 26
-7.1708e-005 10 5 10 10 525 46 26 26
-9.42078e-005 10 10 10 10 525 46 26 26
-9.42714e-005 10 15 10 10 525 46 26 26
-9.42553e-005 15 0 10 10 525 46 26 26
-9.42551e-005 15 5 10 10 525 46 26 26
-9.42657e-005 15 10 10 10 525 46 26 26
-9.42748e-005 15 15 10 10 525 46 26 26
-9.42654e-005 0 0 10 10 525 46 26 26
-9.42608e-005 0 5 10 10 525 46 26 26
-9.42691e-005 0 10 10 10 525 46 26 26
-9.42772e-005 0 15 10 10 525 46 26 26
-9.42603e-005 5 0 10 10 525 46 26 26
-9.4254e-005 5 5 10 10 525 46 26 26
-9.422e-005 5 10 10 10 525 46 26 26
-9.42754e-005 5 15 10 10 525 46 26 26
-9.42747e-005 10 0 10 10 525 46 26 26
-9.42755e-005 10 5 10 10 525 46 26 26
-9.42726e-005 10 10 10 10 525 46 26 26
-9.42747e-005 10 15 10 10 525 46 26 26
-9.42686e-005 15 0 10 10 525 46 26 26
-9.42607e-005 15 5 10 10 525 46 26 26
-9.42775e-005 15 10 10 10 525 46 26 26
-9.42781e-005 15 15 10 10 525 46 26 26
-9.42574e-005 0 0 10 10 525 46 26 26
-9.42457e-005 0 5 10 10 525 46 26 26
-9.42618e-005 0 10 10 10 525 46 26 26
-9.42768e-005 0 15 10 10 525 46 26 26
-9.42259e-005 5 0 10 10 525 46 26 26
-8.22211e-005 5 5 10 10 525 46 26 26
-9.42563e-005 5 10 10 10 525 46 26 26
-9.42769e-005 5 15 10 10 525 46 26 26
-9.42266e-005 10 0 10 10 525 46 26 26
-3.65125e-005 10 5 10 10 525 46 26 26
-9.42587e-005 10 10 10 10 525 46 26 26
-9.42768e-005 10 15 10 10 525 46 26 26
-9.42592e-005 15 0 10 10 525 46 26 26
-9.42564e-005 15 5 10 10 525 46 26 26
-9.42658e-005 15 10 10 10 525 46 26 26
-9.42757e-005 15 15 10 10 525 46 26 26
-9.42723e-005 0 0 10 10 525 46 26 26
-9.42699e-005 0 5 10 10 525 46 26 26
-9.42704e-005 0 10 10 10 525 46 26 26
-9.42713e-005 0 15 10 10 525 46 26 26
-9.42653e-005 5 0 10 10 525 46 26 26
-9.42441e-005 5 5 10 10 525 46 26 26
-9.42316e-005 5 10 10 10 525 46 26 26
-9.42719e-005 5 15 10 10 525 46 26 26
-9.42621e-005 10 0 10 10 525 46 26 26
-9.42386e-005 10 5 10 10 525 46 26 26
-9.42473e-005 10 10 10 10 525 46 26 26
-9.42725e-005 10 15 10 10 525 46 26 26
-9.42724e-005 15 0 10 10 525 46 26 26
-9.42695e-005 15 5 10 10 525 46 26 26
-9.42705e-005 15 10 10 10 525 46 26 26
-9.42729e-005 15 15 10 10 525 46 26 26
-9.427e-005 0 0 10 10 525 46 26 26
-9.42238e-005 0 5 10 10 525 46 26 26
-9.42713e-005 0 10 10 10 525 46 26 26
-9.42701e-005 0 15 10 10 525 46 26 26
-9.42652e-005 5 0 10 10 525 46 26 26
-9.41461e-005 5 5 10 10 525 46 26 26
-9.42732e-005 5 10 10 10 525 46 26 26
-9.42793e-005 5 15 10 10 525 46 26 26
-9.42675e-005 10 0 10 10 525 46 26 26
-9.42358e-005 10 5 10 10 525 46 26 26
-9.42558e-005 10 10 10 10 525 46 26 26
-9.42778e-005 10 15 10 10 525 46 26 26
-9.42673e-005 15 0 10 10 525 46 26 26
-9.42456e-005 15 5 10 10 525 46 26 26
-9.42672e-005 15 10 10 10 525 46 26 26
-9.42773e-005 15 15 10 10 525 46 26 26
-9.42502e-005 0 0 10 10 525 46 26 26
-9.42416e-005 0 5 10 10 525 46 26 26
-9.42764e-005 0 10 10 10 525 46 26 26
-9.42564e-005 0 15 10 10 525 46 26 26
-9.41846e-005 5 0 10 10 525 46 26 26
-9.41255e-005 5 5 10 10 525 46 26 26
-9.42748e-005 5 10 10 10 525 46 26 26
-9.42777e-005 5 15 10 10 525 46 26 26
-9.42591e-005 10 0 10 10 525 46 26 26
-9.42315e-005 10 5 10 10 525 46 26 26
-9.42517e-005 10 10 10 10 525 46 26 26
-9.4275e-005 10 15 10 10 525 46 26 26
-9.42713e-005 15 0 10 10 525 46 26 26
-6.96115e-005 15 5 10 10 525 46 26 26
-9.42289e-005 15 10 10 10 525 46 26 26
-9.42745e-005 15 15 10 10 525 46 26 26
-9.42512e-005 0 0 10 10 525 46 26 26
-9.42717e-005 0 5 10 10 525 46 26 26
-9.4278e-005 0 10 10 10 525 46 26 26
-9.4278e-005 0 15 10 10 525 46 26 26
-9.4108e-005 5 0 10 10 525 46 26 26
-9.41538e-005 5 5 10 10 525 46 26 26
-9.4268e-005 5 10 10 10 525 46 26 26
-9.42736e-005 5 15 10 10 525 46 26 26
-9.42552e-005 10 0 10 10 525 46 26 26
-9.42391e-005 10 5 10 10 525 46 26 26
-9.42165e-005 10 10 10 10 525 46 26 26
-9.4268e-005 10 15 10 10 525 46 26 26
-9.42746e-005 15 0 10 10 525 46 26 26
-9.42689e-005 15 5 10 10 525 46 26 26
-9.42679e-005 15 10 10 10 525 46 26 26
-9.42743e-005 15 15 10 10 525 46 26 26
-9.4275e-005 0 0 10 10 525 46 26 26
-9.42769e-005 0 5 10 10 525 46 26 26
-9.42769e-005 0 10 10 10 525 46 26 26
-9.42766e-005 0 15 10 10 525 46 26 26
-9.42085e-005 5 0 10 10 525 46 26 26
-9.42476e-005 5 5 10 10 525 46 26 26
-9.41925e-005 5 10 10 10 525 46 26 26
-9.42578e-005 5 15 10 10 525 46 26 26
-9.42533e-005 10 0 10 10 525 46 26 26
-9.42679e-005 10 5 10 10 525 46 26 26
-9.42583e-005 10 10 10 10 525 46 26 26
-9.42668e-005 10 15 10 10 525 46 26 26
-9.42764e-005 15 0 10 10 525 46 26 26
-9.42791e-005 15 5 10 10 525 46 26 26
-9.42756e-005 15 10 10 10 525 46 26 26
-9.42749e-005 15 15 10 10 525 46 26 26
-9.4276e-005 0 0 10 10 525 46 26 26
-9.42737e-005 0 5 10 10 525 46 26 26
-9.42686e-005 0 10 10 10 525 46 26 26
-9.42713e-005 0 15 10 10 525 46 26 26
-9.41651e-005 5 0 10 10 525 46 26 26
-9.42487e-005 5 5 10 10 525 46 26 26
-6.75065e-005 5 10 10 10 525 46 26 26
-9.42631e-005 5 15 10 10 525 46 26 26
-3.35753e-005 10 0 10 10 525 46 26 26
-9.42594e-005 10 5 10 10 525 46 26 26
-9.42712e-005 10 10 10 10 525 46 26 26
-9.42746e-005 10 15 10 10 525 46 26 26
-5.68465e-005 15 0 10 10 525 46 26 26
-9.42648e-005 15 5 10 10 525 46 26 26
-9.42553e-005 15 10 10 10 525 46 26 26
-9.42718e-005 15 15 10 10 525 46 26 26
-9.42743e-005 0 0 10 10 525 46 26 26
-9.42636e-005 0 5 10 10 525 46 26 26
-9.41726e-005 0 10 10 10 525 46 26 26
-9.42753e-005 0 15 10 10 525 46 26 26
-9.42398e-005 5 0 10 10 525 46 26 26
-9.42476e-005 5 5 10 10 525 46 26 26
-9.42431e-005 5 10 10 10 525 46 26 26
-9.42755e-005 5 15 10 10 525 46 26 26
-7.90732e-005 10 0 10 10 525 46 26 26
-9.4124e-005 10 5 10 10 525 46 26 26
-9.42718e-005 10 10 10 10 525 46 26 26
-9.42736e-005 10 15 10 10 525 46 26 26
-5.14274e-005 15 0 10 10 525 46 26 26
-3.94698e-005 15 5 10 10 525 46 26 26
-9.42708e-005 15 10 10 10 525 46 26 26
-9.42749e-005 15 15 10 10 525 46 26 26
-9.42123e-005 0 0 17 17 525 46 26 26
-9.42484e-005 0 8 17 17 525 46 26 26
-9.41692e-005 8 0 17 17 525 46 26 26
-9.42409e-005 8 8 17 17 525 46 26 26
-9.4228e-005 0 0 17 17 525 46 26 26
-9.42138e-005 0 8 17 17 525 46 26 26
-9.42738e-005 8 0 17 17 525 46 26 26
-9.42715e-005 8 8 17 17 525 46 26 26
-9.42231e-005 0 0 17 17 525 46 26 26
-9.42502e-005 0 8 17 17 525 46 26 26
-9.41372e-005 8 0 17 17 525 46 26 26
-9.42339e-005 8 8 17 17 525 46 26 26
-9.42272e-005 0 0 17 17 525 46 26 26
-9.42058e-005 0 8 17 17 525 46 26 26
-9.42345e-005 8 0 17 17 525 46 26 26
-9.42284e-005 8 8 17 17 525 46 26 26
-9.42378e-005 0 0 17 17 525 46 26 26
-9.42545e-005 0 8 17 17 525 46 26 26
-7.27568e-005 8 0 17 17 525 46 26 26
-9.42215e-005 8 8 17 17 525 46 26 26
-9.40725e-005 0 0 17 17 525 46 26 26
-9.42663e-005 0 8 17 17 525 46 26 26
-9.41729e-005 8 0 17 17 525 46 26 26
-9.4205e-005 8 8 17 17 525 46 26 26
-9.4097e-005 0 0 17 17 525 46 26 26
-9.42629e-005 0 8 17 17 525 46 26 26
-9.42266e-005 8 0 17 17 525 46 26 26
-9.42235e-005 8 8 17 17 525 46 26 26
-9.42183e-005 0 0 17 17 525 46 26 26
-9.42178e-005 0 8 17 17 525 46 26 26
-9.42322e-005 8 0 17 17 525 46 26 26
-9.4214e-005 8 8 17 17 525 46 26 26
-9.42267e-005 0 0 17 17 525 46 26 26
-9.42171e-005 0 8 17 17 525 46 26 26
-9.41334e-005 8 0 17 17 525 46 26 26
-9.42609e-005 8 8 17 17 525 46 26 26
-9.42291e-005 0 0 17 17 525 46 26 26
-9.42551e-005 0 8 17 17 525 46 26 26
-5.90014e-005 8 0 17 17 525 46 26 26
-9.42621e-005 8 8 17 17 525 46 26 26
-2.80856e-005 0 0 26 26 525 46 26 26
-2.91807e-005 0 0 26 26 525 46 26 26
-3.16434e-005 0 0 26 26 525 46 26 26
-3.45707e-005 0 0 26 26 525 46 26 26
-2.66919e-005 0 0 26 26 525 46 26 26
-2.3814e-005 0 0 26 26 525 46 26 26
-3.84679e-005 0 0 26 26 525 46 26 26
-5.0331e-005 0 0 26 26 525 46 26 26
-3.06627e-005 0 0 26 26 525 46 26 26
-0.000837872 0 0 26 26 525 46 26 26
