0.00327577 472 393 8 8 496 419 40 42
0.00242959 472 401 8 8 496 419 40 42
0.00115208 472 409 8 8 496 419 40 42
0.000985955 472 417 8 8 496 419 40 42
0.000615717 472 425 8 8 496 419 40 42
0.00213837 472 433 8 8 496 419 40 42
0.00213984 472 441 8 8 496 419 40 42
0.00213602 472 449 8 8 496 419 40 42
0.00230742 472 457 8 8 496 419 40 42
0.00269814 472 465 8 8 496 419 40 42
0.00192962 472 473 8 8 496 419 40 42
0.00297099 472 481 8 8 496 419 40 42
0.00108367 480 393 8 8 496 419 40 42
0.00242434 480 401 8 8 496 419 40 42
0.00228436 480 409 8 8 496 419 40 42
0.00184383 480 417 8 8 496 419 40 42
0.00145217 480 425 8 8 496 419 40 42
0.00178489 480 433 8 8 496 419 40 42
0.0018204 480 441 8 8 496 419 40 42
0.00190452 480 449 8 8 496 419 40 42
0.00188838 480 457 8 8 496 419 40 42
0.00292362 480 465 8 8 496 419 40 42
0.00281501 480 473 8 8 496 419 40 42
0.00125048 480 481 8 8 496 419 40 42
0.00191992 488 393 8 8 496 419 40 42
0.000623713 488 401 8 8 496 419 40 42
0.00484323 488 409 8 8 496 419 40 42
0.000362176 488 417 8 8 496 419 40 42
0.00464955 488 425 8 8 496 419 40 42
0.00368621 488 433 8 8 496 419 40 42
0.0012873 488 441 8 8 496 419 40 42
0.000512592 488 449 8 8 496 419 40 42
0.00241469 488 457 8 8 496 419 40 42
0.00289983 488 465 8 8 496 419 40 42
0.00268424 488 473 8 8 496 419 40 42
0.000781545 488 481 8 8 496 419 40 42
0.00301293 496 393 8 8 496 419 40 42
0.00450558 496 401 8 8 496 419 40 42
0.015528 496 409 8 8 496 419 40 42
0.0547045 496 417 8 8 496 419 40 42
0.940968 496 425 8 8 496 419 40 42
0.00787866 496 433 8 8 496 419 40 42
0.00344444 496 441 8 8 496 419 40 42
0.00295324 496 449 8 8 496 419 40 42
0.00292654 496 457 8 8 496 419 40 42
0.00195261 496 465 8 8 496 419 40 42
0.00189182 496 473 8 8 496 419 40 42
0.00107666 496 481 8 8 496 419 40 42
0.00502789 504 393 8 8 496 419 40 42
0.00275245 504 401 8 8 496 419 40 42
0.039567 504 409 8 8 496 419 40 42
0.139362 504 417 8 8 496 419 40 42
0.0709542 504 425 8 8 496 419 40 42
0.0210309 504 433 8 8 496 419 40 42
0.00439894 504 441 8 8 496 419 40 42
0.00343692 504 449 8 8 496 419 40 42
0.00378162 504 457 8 8 496 419 40 42
0.00239781 504 465 8 8 496 419 40 42
0.00257359 504 473 8 8 496 419 40 42
0.00243977 504 481 8 8 496 419 40 42
0.00179188 512 393 8 8 496 419 40 42
0.000215756 512 401 8 8 496 419 40 42
0.0193165 512 409 8 8 496 419 40 42
0.0720539 512 417 8 8 496 419 40 42
0.199195 512 425 8 8 496 419 40 42
0.00715109 512 433 8 8 496 419 40 42
0.000954321 512 441 8 8 496 419 40 42
0.00478323 512 449 8 8 496 419 40 42
0.00440406 512 457 8 8 496 419 40 42
0.00342698 512 465 8 8 496 419 40 42
0.00292719 512 473 8 8 496 419 40 42
0.000208694 512 481 8 8 496 419 40 42
0.0030107 520 393 8 8 496 419 40 42
0.00817924 520 401 8 8 496 419 40 42
0.0319855 520 409 8 8 496 419 40 42
0.000431764 520 417 8 8 496 419 40 42
0.212401 520 425 8 8 496 419 40 42
0.0457446 520 433 8 8 496 419 40 42
0.0052408 520 441 8 8 496 419 40 42
0.00416757 520 449 8 8 496 419 40 42
0.00390453 520 457 8 8 496 419 40 42
0.00352748 520 465 8 8 496 419 40 42
0.000705484 520 473 8 8 496 419 40 42
0.000354164 520 481 8 8 496 419 40 42
0.00158624 528 393 8 8 496 419 40 42
0.00417646 528 401 8 8 496 419 40 42
0.00854867 528 409 8 8 496 419 40 42
0.0191982 528 417 8 8 496 419 40 42
0.0458612 528 425 8 8 496 419 40 42
0.00250895 528 433 8 8 496 419 40 42
0.00380436 528 441 8 8 496 419 40 42
0.00408691 528 449 8 8 496 419 40 42
0.00397622 528 457 8 8 496 419 40 42
0.00288291 528 465 8 8 496 419 40 42
0.00175733 528 473 8 8 496 419 40 42
0.000446336 528 481 8 8 496 419 40 42
0.00305282 536 393 8 8 496 419 40 42
0.0027661 536 401 8 8 496 419 40 42
0.0040292 536 409 8 8 496 419 40 42
0.00477838 536 417 8 8 496 419 40 42
0.00677026 536 425 8 8 496 419 40 42
0.00322364 536 433 8 8 496 419 40 42
0.00282416 536 441 8 8 496 419 40 42
0.00337465 536 449 8 8 496 419 40 42
0.00317855 536 457 8 8 496 419 40 42
0.00294214 536 465 8 8 496 419 40 42
0.00388699 536 473 8 8 496 419 40 42
0.00319627 536 481 8 8 496 419 40 42
0.00532166 544 393 8 8 496 419 40 42
0.000715455 544 401 8 8 496 419 40 42
0.00207322 544 409 8 8 496 419 40 42
0.00210732 544 417 8 8 496 419 40 42
0.00060012 544 425 8 8 496 419 40 42
0.0023768 544 433 8 8 496 419 40 42
0.00164258 544 441 8 8 496 419 40 42
0.00333545 544 449 8 8 496 419 40 42
0.00288603 544 457 8 8 496 419 40 42
0.00267254 544 465 8 8 496 419 40 42
0.00306067 544 473 8 8 496 419 40 42
0.00328454 544 481 8 8 496 419 40 42
0.00591244 552 393 8 8 496 419 40 42
0.00185558 552 401 8 8 496 419 40 42
0.00202953 552 409 8 8 496 419 40 42
0.00183331 552 417 8 8 496 419 40 42
0.000598721 552 425 8 8 496 419 40 42
0.00235111 552 433 8 8 496 419 40 42
0.00108668 552 441 8 8 496 419 40 42
0.00330357 552 449 8 8 496 419 40 42
0.00295221 552 457 8 8 496 419 40 42
0.00281095 552 465 8 8 496 419 40 42
0.00294826 552 473 8 8 496 419 40 42
0.00283157 552 481 8 8 496 419 40 42
