0.000998033 157 142 9 22 185 208 45 110
0.000975665 157 164 9 22 185 208 45 110
0.000708197 157 186 9 22 185 208 45 110
0.000486754 157 208 9 22 185 208 45 110
0.000497986 157 230 9 22 185 208 45 110
0.000542685 157 252 9 22 185 208 45 110
0.00221955 157 274 9 22 185 208 45 110
0.000882465 157 296 9 22 185 208 45 110
0.00104684 157 318 9 22 185 208 45 110
0.00234315 157 340 9 22 185 208 45 110
0.00480031 157 362 9 22 185 208 45 110
0.00102351 166 142 9 22 185 208 45 110
0.000791885 166 164 9 22 185 208 45 110
0.000845316 166 186 9 22 185 208 45 110
0.000854563 166 208 9 22 185 208 45 110
0.000643046 166 230 9 22 185 208 45 110
0.00239598 166 252 9 22 185 208 45 110
0.00369718 166 274 9 22 185 208 45 110
0.00250154 166 296 9 22 185 208 45 110
0.00819432 166 318 9 22 185 208 45 110
0.00233594 166 340 9 22 185 208 45 110
0.00473301 166 362 9 22 185 208 45 110
0.00102254 175 142 9 22 185 208 45 110
0.000757393 175 164 9 22 185 208 45 110
0.0017413 175 186 9 22 185 208 45 110
0.00506239 175 208 9 22 185 208 45 110
0.00181486 175 230 9 22 185 208 45 110
0.00285095 175 252 9 22 185 208 45 110
0.00328165 175 274 9 22 185 208 45 110
0.0018225 175 296 9 22 185 208 45 110
0.00434558 175 318 9 22 185 208 45 110
0.00552691 175 340 9 22 185 208 45 110
0.000965663 175 362 9 22 185 208 45 110
0.00154652 184 142 9 22 185 208 45 110
0.00148263 184 164 9 22 185 208 45 110
0.0025735 184 186 9 22 185 208 45 110
0.00437567 184 208 9 22 185 208 45 110
0.00757581 184 230 9 22 185 208 45 110
0.00293418 184 252 9 22 185 208 45 110
0.00414208 184 274 9 22 185 208 45 110
0.00409752 184 296 9 22 185 208 45 110
0.00383015 184 318 9 22 185 208 45 110
0.00447037 184 340 9 22 185 208 45 110
0.000646863 184 362 9 22 185 208 45 110
0.00230482 193 142 9 22 185 208 45 110
0.000970036 193 164 9 22 185 208 45 110
0.00159484 193 186 9 22 185 208 45 110
0.00485369 193 208 9 22 185 208 45 110
0.00397232 193 230 9 22 185 208 45 110
0.0027706 193 252 9 22 185 208 45 110
0.00138735 193 274 9 22 185 208 45 110
0.0033067 193 296 9 22 185 208 45 110
0.00346995 193 318 9 22 185 208 45 110
0.00289979 193 340 9 22 185 208 45 110
0.00047732 193 362 9 22 185 208 45 110
0.00173509 202 142 9 22 185 208 45 110
0.000793039 202 164 9 22 185 208 45 110
0.00298644 202 186 9 22 185 208 45 110
0.00511644 202 208 9 22 185 208 45 110
0.00427983 202 230 9 22 185 208 45 110
0.00380053 202 252 9 22 185 208 45 110
0.00302817 202 274 9 22 185 208 45 110
0.00162357 202 296 9 22 185 208 45 110
0.00424223 202 318 9 22 185 208 45 110
0.00326803 202 340 9 22 185 208 45 110
0.000376844 202 362 9 22 185 208 45 110
0.00252226 211 142 9 22 185 208 45 110
0.00349869 211 164 9 22 185 208 45 110
0.00374343 211 186 9 22 185 208 45 110
0.00247318 211 208 9 22 185 208 45 110
0.00452274 211 230 9 22 185 208 45 110
0.0060042 211 252 9 22 185 208 45 110
0.0049269 211 274 9 22 185 208 45 110
0.00585064 211 296 9 22 185 208 45 110
0.00358014 211 318 9 22 185 208 45 110
0.00173129 211 340 9 22 185 208 45 110
0.00022714 211 362 9 22 185 208 45 110
0.00120758 220 142 9 22 185 208 45 110
0.0033263 220 164 9 22 185 208 45 110
0.00335429 220 186 9 22 185 208 45 110
0.0098804 220 208 9 22 185 208 45 110
0.00698114 220 230 9 22 185 208 45 110
0.00454168 220 252 9 22 185 208 45 110
0.000552244 220 274 9 22 185 208 45 110
0.00524317 220 296 9 22 185 208 45 110
0.00281639 220 318 9 22 185 208 45 110
0.00304133 220 340 9 22 185 208 45 110
0.00028623 220 362 9 22 185 208 45 110
0.00187762 229 142 9 22 185 208 45 110
0.00369901 229 164 9 22 185 208 45 110
0.00307535 229 186 9 22 185 208 45 110
0.00642992 229 208 9 22 185 208 45 110
0.00366157 229 230 9 22 185 208 45 110
0.00163078 229 252 9 22 185 208 45 110
0.00338369 229 274 9 22 185 208 45 110
0.00459153 229 296 9 22 185 208 45 110
0.00288204 229 318 9 22 185 208 45 110
0.00355614 229 340 9 22 185 208 45 110
0.000462128 229 362 9 22 185 208 45 110
0.00124636 238 142 9 22 185 208 45 110
0.00396296 238 164 9 22 185 208 45 110
0.00367762 238 186 9 22 185 208 45 110
0.0054185 238 208 9 22 185 208 45 110
0.00311837 238 230 9 22 185 208 45 110
0.0029854 238 252 9 22 185 208 45 110
0.00369737 238 274 9 22 185 208 45 110
0.00477707 238 296 9 22 185 208 45 110
0.00341816 238 318 9 22 185 208 45 110
0.00041607 238 340 9 22 185 208 45 110
0.00048551 238 362 9 22 185 208 45 110
0.00145831 247 142 9 22 185 208 45 110
0.00325522 247 164 9 22 185 208 45 110
0.00276161 247 186 9 22 185 208 45 110
0.00448985 247 208 9 22 185 208 45 110
0.00316282 247 230 9 22 185 208 45 110
0.00291654 247 252 9 22 185 208 45 110
0.00521327 247 274 9 22 185 208 45 110
0.00409664 247 296 9 22 185 208 45 110
0.0032863 247 318 9 22 185 208 45 110
0.000844557 247 340 9 22 185 208 45 110
0.000526336 247 362 9 22 185 208 45 110
