-0.064818 0 0 18 15 185 208 45 110
-0.0648877 0 7 18 15 185 208 45 110
-0.0647922 0 14 18 15 185 208 45 110
-0.0647563 0 21 18 15 185 208 45 110
-0.0646016 0 28 18 15 185 208 45 110
-0.0482951 0 35 18 15 185 208 45 110
-0.049974 0 42 18 15 185 208 45 110
-0.0647182 0 49 18 15 185 208 45 110
-0.0647934 0 56 18 15 185 208 45 110
-0.064764 0 63 18 15 185 208 45 110
-0.0647677 0 70 18 15 185 208 45 110
-0.0647131 0 77 18 15 185 208 45 110
-0.064687 0 84 18 15 185 208 45 110
-0.0648136 9 0 18 15 185 208 45 110
-0.0648706 9 7 18 15 185 208 45 110
-0.0647461 9 14 18 15 185 208 45 110
-0.0648026 9 21 18 15 185 208 45 110
-0.0647739 9 28 18 15 185 208 45 110
-0.0647518 9 35 18 15 185 208 45 110
-0.0647559 9 42 18 15 185 208 45 110
-0.0647971 9 49 18 15 185 208 45 110
-0.0647958 9 56 18 15 185 208 45 110
-0.0647921 9 63 18 15 185 208 45 110
-0.0647397 9 70 18 15 185 208 45 110
-0.0647835 9 77 18 15 185 208 45 110
-0.0647542 9 84 18 15 185 208 45 110
-0.0647531 18 0 18 15 185 208 45 110
-0.0648788 18 7 18 15 185 208 45 110
-0.0648347 18 14 18 15 185 208 45 110
-0.0647452 18 21 18 15 185 208 45 110
-0.064912 18 28 18 15 185 208 45 110
-0.0648107 18 35 18 15 185 208 45 110
-0.0647601 18 42 18 15 185 208 45 110
-0.0647688 18 49 18 15 185 208 45 110
-0.0647951 18 56 18 15 185 208 45 110
-0.0648693 18 63 18 15 185 208 45 110
-0.0647824 18 70 18 15 185 208 45 110
-0.0647962 18 77 18 15 185 208 45 110
-0.0647875 18 84 18 15 185 208 45 110
-0.0647695 27 0 18 15 185 208 45 110
-0.0648699 27 7 18 15 185 208 45 110
-0.0650453 27 14 18 15 185 208 45 110
-0.0648465 27 21 18 15 185 208 45 110
-0.064853 27 28 18 15 185 208 45 110
-0.0648702 27 35 18 15 185 208 45 110
-0.0647965 27 42 18 15 185 208 45 110
-0.0646771 27 49 18 15 185 208 45 110
-0.0647753 27 56 18 15 185 208 45 110
-0.0648305 27 63 18 15 185 208 45 110
-0.0648462 27 70 18 15 185 208 45 110
-0.0647861 27 77 18 15 185 208 45 110
-0.0647856 27 84 18 15 185 208 45 110
-0.0648109 0 0 18 15 185 208 45 110
-0.0647265 0 7 18 15 185 208 45 110
-0.0646688 0 14 18 15 185 208 45 110
-0.0647124 0 21 18 15 185 208 45 110
-0.0647147 0 28 18 15 185 208 45 110
-0.0647251 0 35 18 15 185 208 45 110
-0.0646793 0 42 18 15 185 208 45 110
-0.0647028 0 49 18 15 185 208 45 110
-0.0647496 0 56 18 15 185 208 45 110
-0.0647532 0 63 18 15 185 208 45 110
-0.0648168 0 70 18 15 185 208 45 110
-0.0648569 0 77 18 15 185 208 45 110
-0.0647197 0 84 18 15 185 208 45 110
-0.0648111 9 0 18 15 185 208 45 110
-0.0647021 9 7 18 15 185 208 45 110
-0.0648086 9 14 18 15 185 208 45 110
-0.0647644 9 21 18 15 185 208 45 110
-0.0646402 9 28 18 15 185 208 45 110
-0.0647544 9 35 18 15 185 208 45 110
-0.064734 9 42 18 15 185 208 45 110
-0.0647219 9 49 18 15 185 208 45 110
-0.0647294 9 56 18 15 185 208 45 110
-0.0647695 9 63 18 15 185 208 45 110
-0.0648048 9 70 18 15 185 208 45 110
-0.0648252 9 77 18 15 185 208 45 110
-0.0646724 9 84 18 15 185 208 45 110
-0.0648315 18 0 18 15 185 208 45 110
-0.0646707 18 7 18 15 185 208 45 110
-0.0647687 18 14 18 15 185 208 45 110
-0.0647488 18 21 18 15 185 208 45 110
-0.0646955 18 28 18 15 185 208 45 110
-0.0641354 18 35 18 15 185 208 45 110
-0.0619325 18 42 18 15 185 208 45 110
-0.0645778 18 49 18 15 185 208 45 110
-0.0646409 18 56 18 15 185 208 45 110
-0.0647282 18 63 18 15 185 208 45 110
-0.0648107 18 70 18 15 185 208 45 110
-0.0647992 18 77 18 15 185 208 45 110
-0.0646436 18 84 18 15 185 208 45 110
-0.0647311 27 0 18 15 185 208 45 110
-0.0647772 27 7 18 15 185 208 45 110
-0.0647379 27 14 18 15 185 208 45 110
-0.064759 27 21 18 15 185 208 45 110
-0.0648169 27 28 18 15 185 208 45 110
-0.0647457 27 35 18 15 185 208 45 110
-0.0648055 27 42 18 15 185 208 45 110
-0.0648609 27 49 18 15 185 208 45 110
-0.0649186 27 56 18 15 185 208 45 110
-0.0648257 27 63 18 15 185 208 45 110
-0.0647934 27 70 18 15 185 208 45 110
-0.0647519 27 77 18 15 185 208 45 110
-0.0647454 27 84 18 15 185 208 45 110
-0.0647434 0 0 18 15 185 208 45 110
-0.0646515 0 7 18 15 185 208 45 110
-0.044801 0 14 18 15 185 208 45 110
-0.0646018 0 21 18 15 185 208 45 110
-0.064733 0 28 18 15 185 208 45 110
-0.0647515 0 35 18 15 185 208 45 110
-0.0647433 0 42 18 15 185 208 45 110
-0.0647291 0 49 18 15 185 208 45 110
-0.0647115 0 56 18 15 185 208 45 110
-0.0647409 0 63 18 15 185 208 45 110
-0.0648251 0 70 18 15 185 208 45 110
-0.0648658 0 77 18 15 185 208 45 110
-0.0647066 0 84 18 15 185 208 45 110
-0.0647702 9 0 18 15 185 208 45 110
-0.0646229 9 7 18 15 185 208 45 110
-0.0647365 9 14 18 15 185 208 45 110
-0.0647954 9 21 18 15 185 208 45 110
-0.0647757 9 28 18 15 185 208 45 110
-0.0646786 9 35 18 15 185 208 45 110
-0.0645692 9 42 18 15 185 208 45 110
-0.0532683 9 49 18 15 185 208 45 110
-0.0645703 9 56 18 15 185 208 45 110
-0.0646794 9 63 18 15 185 208 45 110
-0.0648189 9 70 18 15 185 208 45 110
-0.0648735 9 77 18 15 185 208 45 110
-0.0647397 9 84 18 15 185 208 45 110
-0.0647648 18 0 18 15 185 208 45 110
-0.0647424 18 7 18 15 185 208 45 110
-0.0647818 18 14 18 15 185 208 45 110
-0.0647728 18 21 18 15 185 208 45 110
-0.0646276 18 28 18 15 185 208 45 110
-0.0505377 18 35 18 15 185 208 45 110
-0.0375664 18 42 18 15 185 208 45 110
-0.0333989 18 49 18 15 185 208 45 110
-0.0389503 18 56 18 15 185 208 45 110
-0.0645886 18 63 18 15 185 208 45 110
-0.0648401 18 70 18 15 185 208 45 110
-0.0648879 18 77 18 15 185 208 45 110
-0.0646614 18 84 18 15 185 208 45 110
-0.0647633 27 0 18 15 185 208 45 110
-0.0647946 27 7 18 15 185 208 45 110
-0.0647854 27 14 18 15 185 208 45 110
-0.0648049 27 21 18 15 185 208 45 110
-0.0648057 27 28 18 15 185 208 45 110
-0.064758 27 35 18 15 185 208 45 110
-0.0647066 27 42 18 15 185 208 45 110
-0.0646487 27 49 18 15 185 208 45 110
-0.0646402 27 56 18 15 185 208 45 110
-0.064677 27 63 18 15 185 208 45 110
-0.064906 27 70 18 15 185 208 45 110
-0.0647966 27 77 18 15 185 208 45 110
-0.042935 27 84 18 15 185 208 45 110
-0.0647675 0 0 18 15 185 208 45 110
-0.0646452 0 7 18 15 185 208 45 110
-0.0354453 0 14 18 15 185 208 45 110
-0.0537953 0 21 18 15 185 208 45 110
-0.0646843 0 28 18 15 185 208 45 110
-0.0647483 0 35 18 15 185 208 45 110
-0.0646938 0 42 18 15 185 208 45 110
-0.0647193 0 49 18 15 185 208 45 110
-0.0647198 0 56 18 15 185 208 45 110
-0.064713 0 63 18 15 185 208 45 110
-0.0646946 0 70 18 15 185 208 45 110
-0.0628247 0 77 18 15 185 208 45 110
-0.0647052 0 84 18 15 185 208 45 110
-0.0647082 9 0 18 15 185 208 45 110
-0.0646463 9 7 18 15 185 208 45 110
-0.0646261 9 14 18 15 185 208 45 110
-0.0647283 9 21 18 15 185 208 45 110
-0.0647393 9 28 18 15 185 208 45 110
-0.0648286 9 35 18 15 185 208 45 110
-0.0648221 9 42 18 15 185 208 45 110
-0.0647786 9 49 18 15 185 208 45 110
-0.0647525 9 56 18 15 185 208 45 110
-0.064727 9 63 18 15 185 208 45 110
-0.0647272 9 70 18 15 185 208 45 110
-0.0647167 9 77 18 15 185 208 45 110
-0.0646907 9 84 18 15 185 208 45 110
-0.0646649 18 0 18 15 185 208 45 110
-0.0647903 18 7 18 15 185 208 45 110
-0.064812 18 14 18 15 185 208 45 110
-0.0647302 18 21 18 15 185 208 45 110
-0.0647375 18 28 18 15 185 208 45 110
-0.0646909 18 35 18 15 185 208 45 110
-0.064844 18 42 18 15 185 208 45 110
-0.0647621 18 49 18 15 185 208 45 110
-0.0646692 18 56 18 15 185 208 45 110
-0.064726 18 63 18 15 185 208 45 110
-0.0647803 18 70 18 15 185 208 45 110
-0.0647454 18 77 18 15 185 208 45 110
-0.0646487 18 84 18 15 185 208 45 110
-0.0646228 27 0 18 15 185 208 45 110
-0.0647358 27 7 18 15 185 208 45 110
-0.0648678 27 14 18 15 185 208 45 110
-0.0647072 27 21 18 15 185 208 45 110
-0.0646926 27 28 18 15 185 208 45 110
-0.0646493 27 35 18 15 185 208 45 110
-0.0646014 27 42 18 15 185 208 45 110
-0.0645707 27 49 18 15 185 208 45 110
-0.0646111 27 56 18 15 185 208 45 110
-0.0646739 27 63 18 15 185 208 45 110
-0.0646746 27 70 18 15 185 208 45 110
-0.0646036 27 77 18 15 185 208 45 110
-0.0645696 27 84 18 15 185 208 45 110
-0.0287042 0 0 18 15 185 208 45 110
-0.0646939 0 7 18 15 185 208 45 110
-0.0648292 0 14 18 15 185 208 45 110
-0.0648354 0 21 18 15 185 208 45 110
-0.0382646 0 28 18 15 185 208 45 110
-0.0279959 0 35 18 15 185 208 45 110
-0.0272998 0 42 18 15 185 208 45 110
-0.0306963 0 49 18 15 185 208 45 110
-0.0409753 0 56 18 15 185 208 45 110
-0.0647241 0 63 18 15 185 208 45 110
-0.064866 0 70 18 15 185 208 45 110
-0.0647606 0 77 18 15 185 208 45 110
-0.064802 0 84 18 15 185 208 45 110
-0.0647007 9 0 18 15 185 208 45 110
-0.0646998 9 7 18 15 185 208 45 110
-0.0647997 9 14 18 15 185 208 45 110
-0.064846 9 21 18 15 185 208 45 110
-0.0647695 9 28 18 15 185 208 45 110
-0.0647037 9 35 18 15 185 208 45 110
-0.0647611 9 42 18 15 185 208 45 110
-0.0646336 9 49 18 15 185 208 45 110
-0.0623786 9 56 18 15 185 208 45 110
-0.0647418 9 63 18 15 185 208 45 110
-0.0647742 9 70 18 15 185 208 45 110
-0.0647461 9 77 18 15 185 208 45 110
-0.0648781 9 84 18 15 185 208 45 110
-0.0647646 18 0 18 15 185 208 45 110
-0.0648044 18 7 18 15 185 208 45 110
-0.0647061 18 14 18 15 185 208 45 110
-0.0647798 18 21 18 15 185 208 45 110
-0.0648919 18 28 18 15 185 208 45 110
-0.0649256 18 35 18 15 185 208 45 110
-0.0649204 18 42 18 15 185 208 45 110
-0.0648949 18 49 18 15 185 208 45 110
-0.0648473 18 56 18 15 185 208 45 110
-0.0648408 18 63 18 15 185 208 45 110
-0.0648156 18 70 18 15 185 208 45 110
-0.0647907 18 77 18 15 185 208 45 110
-0.0648914 18 84 18 15 185 208 45 110
-0.0649201 27 0 18 15 185 208 45 110
-0.0647984 27 7 18 15 185 208 45 110
-0.0649478 27 14 18 15 185 208 45 110
-0.0648119 27 21 18 15 185 208 45 110
-0.0647431 27 28 18 15 185 208 45 110
-0.0646101 27 35 18 15 185 208 45 110
-0.0645964 27 42 18 15 185 208 45 110
-0.0460035 27 49 18 15 185 208 45 110
-0.0646379 27 56 18 15 185 208 45 110
-0.0646943 27 63 18 15 185 208 45 110
-0.0647773 27 70 18 15 185 208 45 110
-0.0648435 27 77 18 15 185 208 45 110
-0.0648423 27 84 18 15 185 208 45 110
-0.0647287 0 0 18 15 185 208 45 110
-0.0648867 0 7 18 15 185 208 45 110
-0.0422923 0 14 18 15 185 208 45 110
-0.0238352 0 21 18 15 185 208 45 110
-0.0211847 0 28 18 15 185 208 45 110
-0.0322199 0 35 18 15 185 208 45 110
-0.0208437 0 42 18 15 185 208 45 110
-0.0646735 0 49 18 15 185 208 45 110
-0.0647866 0 56 18 15 185 208 45 110
-0.0648598 0 63 18 15 185 208 45 110
-0.0646903 0 70 18 15 185 208 45 110
-0.0647391 0 77 18 15 185 208 45 110
-0.0649129 0 84 18 15 185 208 45 110
-0.0648448 9 0 18 15 185 208 45 110
-0.0648647 9 7 18 15 185 208 45 110
-0.0521951 9 14 18 15 185 208 45 110
-0.0293282 9 21 18 15 185 208 45 110
-0.0266646 9 28 18 15 185 208 45 110
-0.0340774 9 35 18 15 185 208 45 110
-0.0647491 9 42 18 15 185 208 45 110
-0.0648483 9 49 18 15 185 208 45 110
-0.0647643 9 56 18 15 185 208 45 110
-0.0648659 9 63 18 15 185 208 45 110
-0.0646484 9 70 18 15 185 208 45 110
-0.0646363 9 77 18 15 185 208 45 110
-0.0648976 9 84 18 15 185 208 45 110
-0.0648029 18 0 18 15 185 208 45 110
-0.0648437 18 7 18 15 185 208 45 110
-0.0647399 18 14 18 15 185 208 45 110
-0.0647228 18 21 18 15 185 208 45 110
-0.0647902 18 28 18 15 185 208 45 110
-0.0648318 18 35 18 15 185 208 45 110
-0.0647076 18 42 18 15 185 208 45 110
-0.0646435 18 49 18 15 185 208 45 110
-0.06479 18 56 18 15 185 208 45 110
-0.064909 18 63 18 15 185 208 45 110
-0.0647088 18 70 18 15 185 208 45 110
-0.0646465 18 77 18 15 185 208 45 110
-0.0648081 18 84 18 15 185 208 45 110
-0.0648949 27 0 18 15 185 208 45 110
-0.0647604 27 7 18 15 185 208 45 110
-0.0650332 27 14 18 15 185 208 45 110
-0.0648496 27 21 18 15 185 208 45 110
-0.0647475 27 28 18 15 185 208 45 110
-0.0647398 27 35 18 15 185 208 45 110
-0.0647837 27 42 18 15 185 208 45 110
-0.0647255 27 49 18 15 185 208 45 110
-0.0648271 27 56 18 15 185 208 45 110
-0.0648944 27 63 18 15 185 208 45 110
-0.0605781 27 70 18 15 185 208 45 110
-0.0646563 27 77 18 15 185 208 45 110
-0.0648427 27 84 18 15 185 208 45 110
-0.0648034 0 0 18 15 185 208 45 110
-0.0647118 0 7 18 15 185 208 45 110
-0.0646917 0 14 18 15 185 208 45 110
-0.0648612 0 21 18 15 185 208 45 110
-0.064839 0 28 18 15 185 208 45 110
-0.0648035 0 35 18 15 185 208 45 110
-0.0647535 0 42 18 15 185 208 45 110
-0.0647515 0 49 18 15 185 208 45 110
-0.0647664 0 56 18 15 185 208 45 110
-0.0648128 0 63 18 15 185 208 45 110
-0.0648631 0 70 18 15 185 208 45 110
-0.0647672 0 77 18 15 185 208 45 110
-0.0647499 0 84 18 15 185 208 45 110
-0.0646492 9 0 18 15 185 208 45 110
-0.0543148 9 7 18 15 185 208 45 110
-0.0647549 9 14 18 15 185 208 45 110
-0.064892 9 21 18 15 185 208 45 110
-0.0648156 9 28 18 15 185 208 45 110
-0.0647622 9 35 18 15 185 208 45 110
-0.0646795 9 42 18 15 185 208 45 110
-0.0647056 9 49 18 15 185 208 45 110
-0.0647935 9 56 18 15 185 208 45 110
-0.0648563 9 63 18 15 185 208 45 110
-0.0647731 9 70 18 15 185 208 45 110
-0.0647833 9 77 18 15 185 208 45 110
-0.0648262 9 84 18 15 185 208 45 110
-0.0647427 18 0 18 15 185 208 45 110
-0.0646733 18 7 18 15 185 208 45 110
-0.0648362 18 14 18 15 185 208 45 110
-0.064863 18 21 18 15 185 208 45 110
-0.0647984 18 28 18 15 185 208 45 110
-0.0647067 18 35 18 15 185 208 45 110
-0.0647247 18 42 18 15 185 208 45 110
-0.0646753 18 49 18 15 185 208 45 110
-0.0648052 18 56 18 15 185 208 45 110
-0.0648477 18 63 18 15 185 208 45 110
-0.0647623 18 70 18 15 185 208 45 110
-0.0648208 18 77 18 15 185 208 45 110
-0.0648007 18 84 18 15 185 208 45 110
-0.0648367 27 0 18 15 185 208 45 110
-0.0648225 27 7 18 15 185 208 45 110
-0.0647601 27 14 18 15 185 208 45 110
-0.064793 27 21 18 15 185 208 45 110
-0.0647496 27 28 18 15 185 208 45 110
-0.0646103 27 35 18 15 185 208 45 110
-0.02153 27 42 18 15 185 208 45 110
-0.0313991 27 49 18 15 185 208 45 110
-0.0646966 27 56 18 15 185 208 45 110
-0.0648085 27 63 18 15 185 208 45 110
-0.0648177 27 70 18 15 185 208 45 110
-0.0647786 27 77 18 15 185 208 45 110
-0.0648634 27 84 18 15 185 208 45 110
-0.0646755 0 0 18 15 185 208 45 110
-0.0649463 0 7 18 15 185 208 45 110
-0.0648534 0 14 18 15 185 208 45 110
-0.0647691 0 21 18 15 185 208 45 110
-0.0647652 0 28 18 15 185 208 45 110
-0.064722 0 35 18 15 185 208 45 110
-0.0647449 0 42 18 15 185 208 45 110
-0.0647348 0 49 18 15 185 208 45 110
-0.0646523 0 56 18 15 185 208 45 110
-0.0646752 0 63 18 15 185 208 45 110
-0.0647908 0 70 18 15 185 208 45 110
-0.0647903 0 77 18 15 185 208 45 110
-0.0648137 0 84 18 15 185 208 45 110
-0.0648042 9 0 18 15 185 208 45 110
-0.0649188 9 7 18 15 185 208 45 110
-0.064811 9 14 18 15 185 208 45 110
-0.0527332 9 21 18 15 185 208 45 110
-0.0647116 9 28 18 15 185 208 45 110
-0.0647832 9 35 18 15 185 208 45 110
-0.0647914 9 42 18 15 185 208 45 110
-0.0647758 9 49 18 15 185 208 45 110
-0.0647638 9 56 18 15 185 208 45 110
-0.0647657 9 63 18 15 185 208 45 110
-0.0647849 9 70 18 15 185 208 45 110
-0.0647451 9 77 18 15 185 208 45 110
-0.0647952 9 84 18 15 185 208 45 110
-0.0648471 18 0 18 15 185 208 45 110
-0.0648862 18 7 18 15 185 208 45 110
-0.0648006 18 14 18 15 185 208 45 110
-0.0647383 18 21 18 15 185 208 45 110
-0.0647133 18 28 18 15 185 208 45 110
-0.064735 18 35 18 15 185 208 45 110
-0.0648494 18 42 18 15 185 208 45 110
-0.0647432 18 49 18 15 185 208 45 110
-0.0648103 18 56 18 15 185 208 45 110
-0.0648303 18 63 18 15 185 208 45 110
-0.0647694 18 70 18 15 185 208 45 110
-0.0648101 18 77 18 15 185 208 45 110
-0.0647746 18 84 18 15 185 208 45 110
-0.0650042 27 0 18 15 185 208 45 110
-0.0648905 27 7 18 15 185 208 45 110
-0.0647426 27 14 18 15 185 208 45 110
-0.0647408 27 21 18 15 185 208 45 110
-0.0647132 27 28 18 15 185 208 45 110
-0.0646529 27 35 18 15 185 208 45 110
-0.0645795 27 42 18 15 185 208 45 110
-0.0601181 27 49 18 15 185 208 45 110
-0.0647739 27 56 18 15 185 208 45 110
-0.0648516 27 63 18 15 185 208 45 110
-0.064795 27 70 18 15 185 208 45 110
-0.0648918 27 77 18 15 185 208 45 110
-0.0648219 27 84 18 15 185 208 45 110
-0.0648634 0 0 18 15 185 208 45 110
-0.0648305 0 7 18 15 185 208 45 110
-0.0646726 0 14 18 15 185 208 45 110
-0.0646913 0 21 18 15 185 208 45 110
-0.0647896 0 28 18 15 185 208 45 110
-0.0648383 0 35 18 15 185 208 45 110
-0.0648145 0 42 18 15 185 208 45 110
-0.0648331 0 49 18 15 185 208 45 110
-0.0648255 0 56 18 15 185 208 45 110
-0.064811 0 63 18 15 185 208 45 110
-0.0647992 0 70 18 15 185 208 45 110
-0.0648446 0 77 18 15 185 208 45 110
-0.0647189 0 84 18 15 185 208 45 110
-0.0647876 9 0 18 15 185 208 45 110
-0.0648459 9 7 18 15 185 208 45 110
-0.0647438 9 14 18 15 185 208 45 110
-0.0647111 9 21 18 15 185 208 45 110
-0.0648064 9 28 18 15 185 208 45 110
-0.064845 9 35 18 15 185 208 45 110
-0.0647827 9 42 18 15 185 208 45 110
-0.06488 9 49 18 15 185 208 45 110
-0.0648522 9 56 18 15 185 208 45 110
-0.0648368 9 63 18 15 185 208 45 110
-0.0647696 9 70 18 15 185 208 45 110
-0.0648428 9 77 18 15 185 208 45 110
-0.0647936 9 84 18 15 185 208 45 110
-0.0648065 18 0 18 15 185 208 45 110
-0.0648701 18 7 18 15 185 208 45 110
-0.0647757 18 14 18 15 185 208 45 110
-0.0647277 18 21 18 15 185 208 45 110
-0.0646823 18 28 18 15 185 208 45 110
-0.0648865 18 35 18 15 185 208 45 110
-0.0648746 18 42 18 15 185 208 45 110
-0.0647802 18 49 18 15 185 208 45 110
-0.0647836 18 56 18 15 185 208 45 110
-0.0648286 18 63 18 15 185 208 45 110
-0.0648245 18 70 18 15 185 208 45 110
-0.064776 18 77 18 15 185 208 45 110
-0.0647631 18 84 18 15 185 208 45 110
-0.0648867 27 0 18 15 185 208 45 110
-0.0649374 27 7 18 15 185 208 45 110
-0.0648493 27 14 18 15 185 208 45 110
-0.0648631 27 21 18 15 185 208 45 110
-0.0648545 27 28 18 15 185 208 45 110
-0.0649375 27 35 18 15 185 208 45 110
-0.0648668 27 42 18 15 185 208 45 110
-0.0647124 27 49 18 15 185 208 45 110
-0.0647015 27 56 18 15 185 208 45 110
-0.0648071 27 63 18 15 185 208 45 110
-0.0649279 27 70 18 15 185 208 45 110
-0.0647774 27 77 18 15 185 208 45 110
-0.0647002 27 84 18 15 185 208 45 110
-0.0645808 0 0 18 15 185 208 45 110
-0.0645808 0 7 18 15 185 208 45 110
-0.064595 0 14 18 15 185 208 45 110
-0.0646575 0 21 18 15 185 208 45 110
-0.0647346 0 28 18 15 185 208 45 110
-0.0648313 0 35 18 15 185 208 45 110
-0.0647727 0 42 18 15 185 208 45 110
-0.0647552 0 49 18 15 185 208 45 110
-0.0648027 0 56 18 15 185 208 45 110
-0.0647555 0 63 18 15 185 208 45 110
-0.0648225 0 70 18 15 185 208 45 110
-0.0648141 0 77 18 15 185 208 45 110
-0.0647927 0 84 18 15 185 208 45 110
-0.0647031 9 0 18 15 185 208 45 110
-0.0647163 9 7 18 15 185 208 45 110
-0.0646864 9 14 18 15 185 208 45 110
-0.0646264 9 21 18 15 185 208 45 110
-0.0647079 9 28 18 15 185 208 45 110
-0.0647898 9 35 18 15 185 208 45 110
-0.0647691 9 42 18 15 185 208 45 110
-0.0647622 9 49 18 15 185 208 45 110
-0.064789 9 56 18 15 185 208 45 110
-0.0647864 9 63 18 15 185 208 45 110
-0.0648823 9 70 18 15 185 208 45 110
-0.0647847 9 77 18 15 185 208 45 110
-0.0648459 9 84 18 15 185 208 45 110
-0.0648044 18 0 18 15 185 208 45 110
-0.0647926 18 7 18 15 185 208 45 110
-0.0647618 18 14 18 15 185 208 45 110
-0.0647105 18 21 18 15 185 208 45 110
-0.0649991 18 28 18 15 185 208 45 110
-0.0648159 18 35 18 15 185 208 45 110
-0.0648208 18 42 18 15 185 208 45 110
-0.0648387 18 49 18 15 185 208 45 110
-0.0647728 18 56 18 15 185 208 45 110
-0.0647253 18 63 18 15 185 208 45 110
-0.0647456 18 70 18 15 185 208 45 110
-0.06477 18 77 18 15 185 208 45 110
-0.064891 18 84 18 15 185 208 45 110
-0.0649652 27 0 18 15 185 208 45 110
-0.0648587 27 7 18 15 185 208 45 110
-0.0649817 27 14 18 15 185 208 45 110
-0.0648628 27 21 18 15 185 208 45 110
-0.0649296 27 28 18 15 185 208 45 110
-0.0649287 27 35 18 15 185 208 45 110
-0.0647906 27 42 18 15 185 208 45 110
-0.0647746 27 49 18 15 185 208 45 110
-0.064772 27 56 18 15 185 208 45 110
-0.0647473 27 63 18 15 185 208 45 110
-0.064701 27 70 18 15 185 208 45 110
-0.0647672 27 77 18 15 185 208 45 110
-0.064841 27 84 18 15 185 208 45 110
-0.0647863 0 0 22 22 185 208 45 110
-0.0647544 0 11 22 22 185 208 45 110
-0.0647001 0 22 22 22 185 208 45 110
-0.0577794 0 33 22 22 185 208 45 110
-0.0646849 0 44 22 22 185 208 45 110
-0.0647597 0 55 22 22 185 208 45 110
-0.0647014 0 66 22 22 185 208 45 110
-0.0647272 0 77 22 22 185 208 45 110
-0.0646811 0 88 22 22 185 208 45 110
-0.0647534 11 0 22 22 185 208 45 110
-0.0647544 11 11 22 22 185 208 45 110
-0.0647605 11 22 22 22 185 208 45 110
-0.0647955 11 33 22 22 185 208 45 110
-0.0648002 11 44 22 22 185 208 45 110
-0.0648207 11 55 22 22 185 208 45 110
-0.0648276 11 66 22 22 185 208 45 110
-0.0647173 11 77 22 22 185 208 45 110
-0.0649222 11 88 22 22 185 208 45 110
-0.0648406 22 0 22 22 185 208 45 110
-0.0648896 22 11 22 22 185 208 45 110
-0.0648869 22 22 22 22 185 208 45 110
-0.0647898 22 33 22 22 185 208 45 110
-0.0646581 22 44 22 22 185 208 45 110
-0.0648112 22 55 22 22 185 208 45 110
-0.064832 22 66 22 22 185 208 45 110
-0.0647617 22 77 22 22 185 208 45 110
-0.0647509 22 88 22 22 185 208 45 110
-0.0647688 0 0 22 22 185 208 45 110
-0.0646575 0 11 22 22 185 208 45 110
-0.0647055 0 22 22 22 185 208 45 110
-0.064689 0 33 22 22 185 208 45 110
-0.0646994 0 44 22 22 185 208 45 110
-0.0647361 0 55 22 22 185 208 45 110
-0.0648049 0 66 22 22 185 208 45 110
-0.0647449 0 77 22 22 185 208 45 110
-0.0647193 0 88 22 22 185 208 45 110
-0.064761 11 0 22 22 185 208 45 110
-0.0647514 11 11 22 22 185 208 45 110
-0.06462 11 22 22 22 185 208 45 110
-0.0646404 11 33 22 22 185 208 45 110
-0.0646405 11 44 22 22 185 208 45 110
-0.0647009 11 55 22 22 185 208 45 110
-0.0648152 11 66 22 22 185 208 45 110
-0.064749 11 77 22 22 185 208 45 110
-0.0645962 11 88 22 22 185 208 45 110
-0.0646711 22 0 22 22 185 208 45 110
-0.0647749 22 11 22 22 185 208 45 110
-0.0647075 22 22 22 22 185 208 45 110
-0.0647712 22 33 22 22 185 208 45 110
-0.0648237 22 44 22 22 185 208 45 110
-0.0648835 22 55 22 22 185 208 45 110
-0.0647088 22 66 22 22 185 208 45 110
-0.0646426 22 77 22 22 185 208 45 110
-0.0647647 22 88 22 22 185 208 45 110
-0.0646605 0 0 22 22 185 208 45 110
-0.0645972 0 11 22 22 185 208 45 110
-0.064743 0 22 22 22 185 208 45 110
-0.0647263 0 33 22 22 185 208 45 110
-0.0646699 0 44 22 22 185 208 45 110
-0.0646822 0 55 22 22 185 208 45 110
-0.064828 0 66 22 22 185 208 45 110
-0.064771 0 77 22 22 185 208 45 110
-0.06477 0 88 22 22 185 208 45 110
-0.0647155 11 0 22 22 185 208 45 110
-0.0647722 11 11 22 22 185 208 45 110
-0.0647375 11 22 22 22 185 208 45 110
-0.0596608 11 33 22 22 185 208 45 110
-0.0300178 11 44 22 22 185 208 45 110
-0.0510969 11 55 22 22 185 208 45 110
-0.0647963 11 66 22 22 185 208 45 110
-0.0648005 11 77 22 22 185 208 45 110
-0.0647281 11 88 22 22 185 208 45 110
-0.0647569 22 0 22 22 185 208 45 110
-0.0647795 22 11 22 22 185 208 45 110
-0.0647414 22 22 22 22 185 208 45 110
-0.064664 22 33 22 22 185 208 45 110
-0.0587295 22 44 22 22 185 208 45 110
-0.0568177 22 55 22 22 185 208 45 110
-0.0648584 22 66 22 22 185 208 45 110
-0.0646935 22 77 22 22 185 208 45 110
-0.0646431 22 88 22 22 185 208 45 110
-0.0647313 0 0 22 22 185 208 45 110
-0.0516494 0 11 22 22 185 208 45 110
-0.0646382 0 22 22 22 185 208 45 110
-0.0647208 0 33 22 22 185 208 45 110
-0.0646704 0 44 22 22 185 208 45 110
-0.0647144 0 55 22 22 185 208 45 110
-0.0646489 0 66 22 22 185 208 45 110
-0.0646915 0 77 22 22 185 208 45 110
-0.06471 0 88 22 22 185 208 45 110
-0.0645957 11 0 22 22 185 208 45 110
-0.0646757 11 11 22 22 185 208 45 110
-0.0646521 11 22 22 22 185 208 45 110
-0.0648448 11 33 22 22 185 208 45 110
-0.0647514 11 44 22 22 185 208 45 110
-0.0646872 11 55 22 22 185 208 45 110
-0.0647814 11 66 22 22 185 208 45 110
-0.0647301 11 77 22 22 185 208 45 110
-0.0647843 11 88 22 22 185 208 45 110
-0.0646005 22 0 22 22 185 208 45 110
-0.0648356 22 11 22 22 185 208 45 110
-0.0646828 22 22 22 22 185 208 45 110
-0.0646652 22 33 22 22 185 208 45 110
-0.064592 22 44 22 22 185 208 45 110
-0.0646296 22 55 22 22 185 208 45 110
-0.0646836 22 66 22 22 185 208 45 110
-0.064671 22 77 22 22 185 208 45 110
-0.0645771 22 88 22 22 185 208 45 110
-0.0646164 0 0 22 22 185 208 45 110
-0.0648379 0 11 22 22 185 208 45 110
-0.0646532 0 22 22 22 185 208 45 110
-0.0320552 0 33 22 22 185 208 45 110
-0.0327103 0 44 22 22 185 208 45 110
-0.0646327 0 55 22 22 185 208 45 110
-0.0647997 0 66 22 22 185 208 45 110
-0.0647539 0 77 22 22 185 208 45 110
-0.0646515 0 88 22 22 185 208 45 110
-0.0646783 11 0 22 22 185 208 45 110
-0.0647339 11 11 22 22 185 208 45 110
-0.0648197 11 22 22 22 185 208 45 110
-0.0647882 11 33 22 22 185 208 45 110
-0.0647927 11 44 22 22 185 208 45 110
-0.064796 11 55 22 22 185 208 45 110
-0.0648006 11 66 22 22 185 208 45 110
-0.0647389 11 77 22 22 185 208 45 110
-0.0647527 11 88 22 22 185 208 45 110
-0.0647412 22 0 22 22 185 208 45 110
-0.0649117 22 11 22 22 185 208 45 110
-0.0647908 22 22 22 22 185 208 45 110
-0.0646446 22 33 22 22 185 208 45 110
-0.0573005 22 44 22 22 185 208 45 110
-0.064663 22 55 22 22 185 208 45 110
-0.0647793 22 66 22 22 185 208 45 110
-0.0647476 22 77 22 22 185 208 45 110
-0.064801 22 88 22 22 185 208 45 110
-0.0648441 0 0 22 22 185 208 45 110
-0.0465863 0 11 22 22 185 208 45 110
-0.0236286 0 22 22 22 185 208 45 110
-0.0207717 0 33 22 22 185 208 45 110
-0.040301 0 44 22 22 185 208 45 110
-0.0648729 0 55 22 22 185 208 45 110
-0.0646939 0 66 22 22 185 208 45 110
-0.0647304 0 77 22 22 185 208 45 110
-0.0647669 0 88 22 22 185 208 45 110
-0.0648361 11 0 22 22 185 208 45 110
-0.0647387 11 11 22 22 185 208 45 110
-0.0454091 11 22 22 22 185 208 45 110
-0.0646269 11 33 22 22 185 208 45 110
-0.0648408 11 44 22 22 185 208 45 110
-0.0649014 11 55 22 22 185 208 45 110
-0.0632654 11 66 22 22 185 208 45 110
-0.0645751 11 77 22 22 185 208 45 110
-0.0648273 11 88 22 22 185 208 45 110
-0.0647737 22 0 22 22 185 208 45 110
-0.0650319 22 11 22 22 185 208 45 110
-0.0647628 22 22 22 22 185 208 45 110
-0.064743 22 33 22 22 185 208 45 110
-0.0647375 22 44 22 22 185 208 45 110
-0.0648723 22 55 22 22 185 208 45 110
-0.0646937 22 66 22 22 185 208 45 110
-0.0647401 22 77 22 22 185 208 45 110
-0.0648084 22 88 22 22 185 208 45 110
-0.0646649 0 0 22 22 185 208 45 110
-0.0646233 0 11 22 22 185 208 45 110
-0.0648661 0 22 22 22 185 208 45 110
-0.0648671 0 33 22 22 185 208 45 110
-0.0646716 0 44 22 22 185 208 45 110
-0.0647571 0 55 22 22 185 208 45 110
-0.0648384 0 66 22 22 185 208 45 110
-0.0647409 0 77 22 22 185 208 45 110
-0.0647884 0 88 22 22 185 208 45 110
-0.0646024 11 0 22 22 185 208 45 110
-0.0646246 11 11 22 22 185 208 45 110
-0.0648744 11 22 22 22 185 208 45 110
-0.0647421 11 33 22 22 185 208 45 110
-0.0645912 11 44 22 22 185 208 45 110
-0.0648116 11 55 22 22 185 208 45 110
-0.0647563 11 66 22 22 185 208 45 110
-0.0648159 11 77 22 22 185 208 45 110
-0.0649041 11 88 22 22 185 208 45 110
-0.0647568 22 0 22 22 185 208 45 110
-0.0648153 22 11 22 22 185 208 45 110
-0.0647942 22 22 22 22 185 208 45 110
-0.0646369 22 33 22 22 185 208 45 110
-0.0645796 22 44 22 22 185 208 45 110
-0.0648414 22 55 22 22 185 208 45 110
-0.0648103 22 66 22 22 185 208 45 110
-0.0647758 22 77 22 22 185 208 45 110
-0.0648184 22 88 22 22 185 208 45 110
-0.0647778 0 0 22 22 185 208 45 110
-0.0648856 0 11 22 22 185 208 45 110
-0.0647338 0 22 22 22 185 208 45 110
-0.0646418 0 33 22 22 185 208 45 110
-0.064688 0 44 22 22 185 208 45 110
-0.0646619 0 55 22 22 185 208 45 110
-0.0647826 0 66 22 22 185 208 45 110
-0.0647074 0 77 22 22 185 208 45 110
-0.0647105 0 88 22 22 185 208 45 110
-0.0648729 11 0 22 22 185 208 45 110
-0.0648243 11 11 22 22 185 208 45 110
-0.0646991 11 22 22 22 185 208 45 110
-0.0647116 11 33 22 22 185 208 45 110
-0.0646875 11 44 22 22 185 208 45 110
-0.064733 11 55 22 22 185 208 45 110
-0.0647261 11 66 22 22 185 208 45 110
-0.0647423 11 77 22 22 185 208 45 110
-0.0647827 11 88 22 22 185 208 45 110
-0.0649359 22 0 22 22 185 208 45 110
-0.0648139 22 11 22 22 185 208 45 110
-0.0646768 22 22 22 22 185 208 45 110
-0.0645807 22 33 22 22 185 208 45 110
-0.0646337 22 44 22 22 185 208 45 110
-0.0648127 22 55 22 22 185 208 45 110
-0.06477 22 66 22 22 185 208 45 110
-0.0648024 22 77 22 22 185 208 45 110
-0.0647961 22 88 22 22 185 208 45 110
-0.0648314 0 0 22 22 185 208 45 110
-0.0647299 0 11 22 22 185 208 45 110
-0.0647819 0 22 22 22 185 208 45 110
-0.0647868 0 33 22 22 185 208 45 110
-0.0647891 0 44 22 22 185 208 45 110
-0.0648183 0 55 22 22 185 208 45 110
-0.0647549 0 66 22 22 185 208 45 110
-0.0648094 0 77 22 22 185 208 45 110
-0.0648652 0 88 22 22 185 208 45 110
-0.0648337 11 0 22 22 185 208 45 110
-0.0648057 11 11 22 22 185 208 45 110
-0.0648033 11 22 22 22 185 208 45 110
-0.0647714 11 33 22 22 185 208 45 110
-0.064801 11 44 22 22 185 208 45 110
-0.0648281 11 55 22 22 185 208 45 110
-0.064815 11 66 22 22 185 208 45 110
-0.0648181 11 77 22 22 185 208 45 110
-0.0647942 11 88 22 22 185 208 45 110
-0.0648476 22 0 22 22 185 208 45 110
-0.0648557 22 11 22 22 185 208 45 110
-0.0649281 22 22 22 22 185 208 45 110
-0.0649323 22 33 22 22 185 208 45 110
-0.0647792 22 44 22 22 185 208 45 110
-0.0647236 22 55 22 22 185 208 45 110
-0.0647623 22 66 22 22 185 208 45 110
-0.0647191 22 77 22 22 185 208 45 110
-0.0648061 22 88 22 22 185 208 45 110
-0.0494109 0 0 22 22 185 208 45 110
-0.0646339 0 11 22 22 185 208 45 110
-0.0647223 0 22 22 22 185 208 45 110
-0.0648122 0 33 22 22 185 208 45 110
-0.0647065 0 44 22 22 185 208 45 110
-0.0647761 0 55 22 22 185 208 45 110
-0.0647881 0 66 22 22 185 208 45 110
-0.0648273 0 77 22 22 185 208 45 110
-0.0647591 0 88 22 22 185 208 45 110
-0.0646845 11 0 22 22 185 208 45 110
-0.0647825 11 11 22 22 185 208 45 110
-0.0647675 11 22 22 22 185 208 45 110
-0.0646937 11 33 22 22 185 208 45 110
-0.0647004 11 44 22 22 185 208 45 110
-0.0647728 11 55 22 22 185 208 45 110
-0.0647467 11 66 22 22 185 208 45 110
-0.0648636 11 77 22 22 185 208 45 110
-0.0647405 11 88 22 22 185 208 45 110
-0.0648151 22 0 22 22 185 208 45 110
-0.0647899 22 11 22 22 185 208 45 110
-0.064925 22 22 22 22 185 208 45 110
-0.0648564 22 33 22 22 185 208 45 110
-0.064739 22 44 22 22 185 208 45 110
-0.0647762 22 55 22 22 185 208 45 110
-0.0647139 22 66 22 22 185 208 45 110
-0.0647993 22 77 22 22 185 208 45 110
-0.0648796 22 88 22 22 185 208 45 110
-0.0646893 0 0 30 31 185 208 45 110
-0.0647408 0 15 30 31 185 208 45 110
-0.0647929 0 30 30 31 185 208 45 110
-0.0646554 0 45 30 31 185 208 45 110
-0.0646933 0 60 30 31 185 208 45 110
-0.0646876 0 75 30 31 185 208 45 110
-0.0649247 15 0 30 31 185 208 45 110
-0.0649547 15 15 30 31 185 208 45 110
-0.0647224 15 30 30 31 185 208 45 110
-0.0647744 15 45 30 31 185 208 45 110
-0.0647222 15 60 30 31 185 208 45 110
-0.0647596 15 75 30 31 185 208 45 110
-0.0647248 0 0 30 31 185 208 45 110
-0.0646807 0 15 30 31 185 208 45 110
-0.0646538 0 30 30 31 185 208 45 110
-0.06471 0 45 30 31 185 208 45 110
-0.0647883 0 60 30 31 185 208 45 110
-0.0646975 0 75 30 31 185 208 45 110
-0.0646069 15 0 30 31 185 208 45 110
-0.064803 15 15 30 31 185 208 45 110
-0.0646993 15 30 30 31 185 208 45 110
-0.0648471 15 45 30 31 185 208 45 110
-0.0647023 15 60 30 31 185 208 45 110
-0.0646417 15 75 30 31 185 208 45 110
-0.0647138 0 0 30 31 185 208 45 110
-0.0647408 0 15 30 31 185 208 45 110
-0.0646455 0 30 30 31 185 208 45 110
-0.0582571 0 45 30 31 185 208 45 110
-0.0647987 0 60 30 31 185 208 45 110
-0.0647376 0 75 30 31 185 208 45 110
-0.064769 15 0 30 31 185 208 45 110
-0.0647302 15 15 30 31 185 208 45 110
-0.0637012 15 30 30 31 185 208 45 110
-0.0435657 15 45 30 31 185 208 45 110
-0.0648192 15 60 30 31 185 208 45 110
-0.0646979 15 75 30 31 185 208 45 110
-0.0646544 0 0 30 31 185 208 45 110
-0.0646285 0 15 30 31 185 208 45 110
-0.064603 0 30 30 31 185 208 45 110
-0.059197 0 45 30 31 185 208 45 110
-0.0488561 0 60 30 31 185 208 45 110
-0.0647871 0 75 30 31 185 208 45 110
-0.0471649 15 0 30 31 185 208 45 110
-0.0646997 15 15 30 31 185 208 45 110
-0.0646576 15 30 30 31 185 208 45 110
-0.0614827 15 45 30 31 185 208 45 110
-0.0553321 15 60 30 31 185 208 45 110
-0.0646935 15 75 30 31 185 208 45 110
-0.0647494 0 0 30 31 185 208 45 110
-0.0647869 0 15 30 31 185 208 45 110
-0.0441868 0 30 30 31 185 208 45 110
-0.0563284 0 45 30 31 185 208 45 110
-0.0647687 0 60 30 31 185 208 45 110
-0.0647735 0 75 30 31 185 208 45 110
-0.064759 15 0 30 31 185 208 45 110
-0.064783 15 15 30 31 185 208 45 110
-0.0646743 15 30 30 31 185 208 45 110
-0.0645975 15 45 30 31 185 208 45 110
-0.0647513 15 60 30 31 185 208 45 110
-0.064773 15 75 30 31 185 208 45 110
-0.0648238 0 0 30 31 185 208 45 110
-0.0252451 0 15 30 31 185 208 45 110
-0.0226727 0 30 30 31 185 208 45 110
-0.0647334 0 45 30 31 185 208 45 110
-0.06481 0 60 30 31 185 208 45 110
-0.0647757 0 75 30 31 185 208 45 110
-0.064756 15 0 30 31 185 208 45 110
-0.0647701 15 15 30 31 185 208 45 110
-0.0648301 15 30 30 31 185 208 45 110
-0.0648339 15 45 30 31 185 208 45 110
-0.0647441 15 60 30 31 185 208 45 110
-0.064782 15 75 30 31 185 208 45 110
-0.0548275 0 0 30 31 185 208 45 110
-0.064813 0 15 30 31 185 208 45 110
-0.0647456 0 30 30 31 185 208 45 110
-0.064753 0 45 30 31 185 208 45 110
-0.0647644 0 60 30 31 185 208 45 110
-0.0647422 0 75 30 31 185 208 45 110
-0.0646939 15 0 30 31 185 208 45 110
-0.0648264 15 15 30 31 185 208 45 110
-0.0646814 15 30 30 31 185 208 45 110
-0.0647358 15 45 30 31 185 208 45 110
-0.0647854 15 60 30 31 185 208 45 110
-0.0647869 15 75 30 31 185 208 45 110
-0.0648043 0 0 30 31 185 208 45 110
-0.064784 0 15 30 31 185 208 45 110
-0.0645772 0 30 30 31 185 208 45 110
-0.0646691 0 45 30 31 185 208 45 110
-0.0647255 0 60 30 31 185 208 45 110
-0.0646825 0 75 30 31 185 208 45 110
-0.0649032 15 0 30 31 185 208 45 110
-0.0647367 15 15 30 31 185 208 45 110
-0.0646216 15 30 30 31 185 208 45 110
-0.0647682 15 45 30 31 185 208 45 110
-0.0647733 15 60 30 31 185 208 45 110
-0.0647751 15 75 30 31 185 208 45 110
-0.064785 0 0 30 31 185 208 45 110
-0.0647646 0 15 30 31 185 208 45 110
-0.0647905 0 30 30 31 185 208 45 110
-0.064854 0 45 30 31 185 208 45 110
-0.06467 0 60 30 31 185 208 45 110
-0.0647252 0 75 30 31 185 208 45 110
-0.0648648 15 0 30 31 185 208 45 110
-0.0649716 15 15 30 31 185 208 45 110
-0.0648443 15 30 30 31 185 208 45 110
-0.0648004 15 45 30 31 185 208 45 110
-0.064814 15 60 30 31 185 208 45 110
-0.0647288 15 75 30 31 185 208 45 110
-0.0646782 0 0 30 31 185 208 45 110
-0.0647044 0 15 30 31 185 208 45 110
-0.0647768 0 30 30 31 185 208 45 110
-0.0647937 0 45 30 31 185 208 45 110
-0.0647158 0 60 30 31 185 208 45 110
-0.0647685 0 75 30 31 185 208 45 110
-0.0647914 15 0 30 31 185 208 45 110
-0.0649608 15 15 30 31 185 208 45 110
-0.0648382 15 30 30 31 185 208 45 110
-0.0646785 15 45 30 31 185 208 45 110
-0.0647294 15 60 30 31 185 208 45 110
-0.0647888 15 75 30 31 185 208 45 110
-0.0646447 0 0 45 55 185 208 45 110
-0.064632 0 27 45 55 185 208 45 110
-0.0646445 0 54 45 55 185 208 45 110
-0.0646106 0 0 45 55 185 208 45 110
-0.0646282 0 27 45 55 185 208 45 110
-0.0647691 0 54 45 55 185 208 45 110
-0.0647501 0 0 45 55 185 208 45 110
-0.0646072 0 27 45 55 185 208 45 110
-0.0647681 0 54 45 55 185 208 45 110
-0.0259888 0 0 45 55 185 208 45 110
-0.0416407 0 27 45 55 185 208 45 110
-0.0368482 0 54 45 55 185 208 45 110
-0.0646999 0 0 45 55 185 208 45 110
-0.0361304 0 27 45 55 185 208 45 110
-0.0646885 0 54 45 55 185 208 45 110
-0.0347623 0 0 45 55 185 208 45 110
-0.0217641 0 27 45 55 185 208 45 110
-0.0647 0 54 45 55 185 208 45 110
-0.0648257 0 0 45 55 185 208 45 110
-0.0646954 0 27 45 55 185 208 45 110
-0.0646827 0 54 45 55 185 208 45 110
-0.0648698 0 0 45 55 185 208 45 110
-0.0646861 0 27 45 55 185 208 45 110
-0.0647492 0 54 45 55 185 208 45 110
-0.0649123 0 0 45 55 185 208 45 110
-0.0647897 0 27 45 55 185 208 45 110
-0.064675 0 54 45 55 185 208 45 110
-0.0647878 0 0 45 55 185 208 45 110
-0.0647223 0 27 45 55 185 208 45 110
-0.064749 0 54 45 55 185 208 45 110
-0.0647396 0 0 45 73 185 208 45 110
-0.0646081 0 36 45 73 185 208 45 110
-0.0646399 0 0 45 73 185 208 45 110
-0.0647297 0 36 45 73 185 208 45 110
-0.0647038 0 0 45 73 185 208 45 110
-0.0647037 0 36 45 73 185 208 45 110
-0.0211031 0 0 45 73 185 208 45 110
-0.0244896 0 36 45 73 185 208 45 110
-0.0610329 0 0 45 73 185 208 45 110
-0.0477339 0 36 45 73 185 208 45 110
-0.0396249 0 0 45 73 185 208 45 110
-0.0558327 0 36 45 73 185 208 45 110
-0.0648806 0 0 45 73 185 208 45 110
-0.0646648 0 36 45 73 185 208 45 110
-0.06486 0 0 45 73 185 208 45 110
-0.0646952 0 36 45 73 185 208 45 110
-0.0650356 0 0 45 73 185 208 45 110
-0.0647368 0 36 45 73 185 208 45 110
-0.0647409 0 0 45 73 185 208 45 110
-0.064699 0 36 45 73 185 208 45 110
