-0.00285926 0 0 13 11 506 224 86 35
-0.00284908 0 5 13 11 506 224 86 35
-0.00285281 0 10 13 11 506 224 86 35
-0.00286014 0 15 13 11 506 224 86 35
-0.00286013 0 20 13 11 506 224 86 35
-0.00286014 6 0 13 11 506 224 86 35
-0.00285564 6 5 13 11 506 224 86 35
-0.00285373 6 10 13 11 506 224 86 35
-0.00285963 6 15 13 11 506 224 86 35
-0.00285538 6 20 13 11 506 224 86 35
-0.00286018 12 0 13 11 506 224 86 35
-0.00285001 12 5 13 11 506 224 86 35
-0.00285685 12 10 13 11 506 224 86 35
-0.00285944 12 15 13 11 506 224 86 35
-0.00285673 12 20 13 11 506 224 86 35
-0.00286029 18 0 13 11 506 224 86 35
-0.00285705 18 5 13 11 506 224 86 35
-0.00285531 18 10 13 11 506 224 86 35
-0.00285961 18 15 13 11 506 224 86 35
-0.00285915 18 20 13 11 506 224 86 35
-0.00286 24 0 13 11 506 224 86 35
-0.00285851 24 5 13 11 506 224 86 35
-0.00286023 24 10 13 11 506 224 86 35
-0.00285952 24 15 13 11 506 224 86 35
-0.00285735 24 20 13 11 506 224 86 35
-0.00285958 30 0 13 11 506 224 86 35
-0.00285816 30 5 13 11 506 224 86 35
-0.00285995 30 10 13 11 506 224 86 35
-0.00285962 30 15 13 11 506 224 86 35
-0.00285979 30 20 13 11 506 224 86 35
-0.00285898 36 0 13 11 506 224 86 35
-0.00285527 36 5 13 11 506 224 86 35
-0.0028559 36 10 13 11 506 224 86 35
-0.00285438 36 15 13 11 506 224 86 35
-0.00286014 36 20 13 11 506 224 86 35
-0.00285809 42 0 13 11 506 224 86 35
-0.00284481 42 5 13 11 506 224 86 35
-0.00285871 42 10 13 11 506 224 86 35
-0.00285965 42 15 13 11 506 224 86 35
-0.0028604 42 20 13 11 506 224 86 35
-0.00285589 48 0 13 11 506 224 86 35
-0.00242757 48 5 13 11 506 224 86 35
-0.00285942 48 10 13 11 506 224 86 35
-0.00286022 48 15 13 11 506 224 86 35
-0.00286026 48 20 13 11 506 224 86 35
-0.00285326 54 0 13 11 506 224 86 35
-0.00285071 54 5 13 11 506 224 86 35
-0.00285908 54 10 13 11 506 224 86 35
-0.00285855 54 15 13 11 506 224 86 35
-0.00285724 54 20 13 11 506 224 86 35
-0.00285429 60 0 13 11 506 224 86 35
-0.00285469 60 5 13 11 506 224 86 35
-0.0028594 60 10 13 11 506 224 86 35
-0.00285923 60 15 13 11 506 224 86 35
-0.00285866 60 20 13 11 506 224 86 35
-0.00285547 66 0 13 11 506 224 86 35
-0.00285627 66 5 13 11 506 224 86 35
-0.0028602 66 10 13 11 506 224 86 35
-0.00285935 66 15 13 11 506 224 86 35
-0.00285981 66 20 13 11 506 224 86 35
-0.00285896 0 0 13 11 506 224 86 35
-0.00277144 0 5 13 11 506 224 86 35
-0.0028527 0 10 13 11 506 224 86 35
-0.00286059 0 15 13 11 506 224 86 35
-0.00285738 0 20 13 11 506 224 86 35
-0.00285857 6 0 13 11 506 224 86 35
-0.00284925 6 5 13 11 506 224 86 35
-0.00285794 6 10 13 11 506 224 86 35
-0.00286082 6 15 13 11 506 224 86 35
-0.00286007 6 20 13 11 506 224 86 35
-0.00285626 12 0 13 11 506 224 86 35
-0.00285259 12 5 13 11 506 224 86 35
-0.00285934 12 10 13 11 506 224 86 35
-0.00286047 12 15 13 11 506 224 86 35
-0.00286069 12 20 13 11 506 224 86 35
-0.00285363 18 0 13 11 506 224 86 35
-0.00285485 18 5 13 11 506 224 86 35
-0.00285911 18 10 13 11 506 224 86 35
-0.00285844 18 15 13 11 506 224 86 35
-0.00285966 18 20 13 11 506 224 86 35
-0.00285201 24 0 13 11 506 224 86 35
-0.00285838 24 5 13 11 506 224 86 35
-0.00285804 24 10 13 11 506 224 86 35
-0.00285889 24 15 13 11 506 224 86 35
-0.00285988 24 20 13 11 506 224 86 35
-0.00284858 30 0 13 11 506 224 86 35
-0.00286025 30 5 13 11 506 224 86 35
-0.00285875 30 10 13 11 506 224 86 35
-0.00285982 30 15 13 11 506 224 86 35
-0.00285936 30 20 13 11 506 224 86 35
-0.00285236 36 0 13 11 506 224 86 35
-0.00286059 36 5 13 11 506 224 86 35
-0.00285496 36 10 13 11 506 224 86 35
-0.00286007 36 15 13 11 506 224 86 35
-0.00285928 36 20 13 11 506 224 86 35
-0.00285793 42 0 13 11 506 224 86 35
-0.00286031 42 5 13 11 506 224 86 35
-0.0028565 42 10 13 11 506 224 86 35
-0.00286022 42 15 13 11 506 224 86 35
-0.00285962 42 20 13 11 506 224 86 35
-0.0028594 48 0 13 11 506 224 86 35
-0.0028592 48 5 13 11 506 224 86 35
-0.00285901 48 10 13 11 506 224 86 35
-0.00286032 48 15 13 11 506 224 86 35
-0.00285647 48 20 13 11 506 224 86 35
-0.00285984 54 0 13 11 506 224 86 35
-0.00285896 54 5 13 11 506 224 86 35
-0.00285921 54 10 13 11 506 224 86 35
-0.00285907 54 15 13 11 506 224 86 35
-0.00285664 54 20 13 11 506 224 86 35
-0.00286064 60 0 13 11 506 224 86 35
-0.00286084 60 5 13 11 506 224 86 35
-0.00286046 60 10 13 11 506 224 86 35
-0.00285786 60 15 13 11 506 224 86 35
-0.00285592 60 20 13 11 506 224 86 35
-0.00286044 66 0 13 11 506 224 86 35
-0.00286081 66 5 13 11 506 224 86 35
-0.00286046 66 10 13 11 506 224 86 35
-0.00285444 66 15 13 11 506 224 86 35
-0.0028485 66 20 13 11 506 224 86 35
-0.00285918 0 0 13 11 506 224 86 35
-0.00258465 0 5 13 11 506 224 86 35
-0.00285177 0 10 13 11 506 224 86 35
-0.00286123 0 15 13 11 506 224 86 35
-0.00285777 0 20 13 11 506 224 86 35
-0.00285888 6 0 13 11 506 224 86 35
-0.0028487 6 5 13 11 506 224 86 35
-0.0028579 6 10 13 11 506 224 86 35
-0.00286154 6 15 13 11 506 224 86 35
-0.00286049 6 20 13 11 506 224 86 35
-0.00285613 12 0 13 11 506 224 86 35
-0.0028516 12 5 13 11 506 224 86 35
-0.00285955 12 10 13 11 506 224 86 35
-0.00286115 12 15 13 11 506 224 86 35
-0.00286124 12 20 13 11 506 224 86 35
-0.00285254 18 0 13 11 506 224 86 35
-0.00285339 18 5 13 11 506 224 86 35
-0.00285917 18 10 13 11 506 224 86 35
-0.00285851 18 15 13 11 506 224 86 35
-0.00285943 18 20 13 11 506 224 86 35
-0.00285004 24 0 13 11 506 224 86 35
-0.00285767 24 5 13 11 506 224 86 35
-0.00285775 24 10 13 11 506 224 86 35
-0.00285892 24 15 13 11 506 224 86 35
-0.00285952 24 20 13 11 506 224 86 35
-0.00280759 30 0 13 11 506 224 86 35
-0.00286047 30 5 13 11 506 224 86 35
-0.0028588 30 10 13 11 506 224 86 35
-0.00286002 30 15 13 11 506 224 86 35
-0.00285844 30 20 13 11 506 224 86 35
-0.00199104 36 0 13 11 506 224 86 35
-0.00286111 36 5 13 11 506 224 86 35
-0.00285477 36 10 13 11 506 224 86 35
-0.00286043 36 15 13 11 506 224 86 35
-0.00285783 36 20 13 11 506 224 86 35
-0.00285407 42 0 13 11 506 224 86 35
-0.00286064 42 5 13 11 506 224 86 35
-0.00285608 42 10 13 11 506 224 86 35
-0.00286038 42 15 13 11 506 224 86 35
-0.00285849 42 20 13 11 506 224 86 35
-0.00285546 48 0 13 11 506 224 86 35
-0.00285871 48 5 13 11 506 224 86 35
-0.00285881 48 10 13 11 506 224 86 35
-0.00285995 48 15 13 11 506 224 86 35
-0.00286009 48 20 13 11 506 224 86 35
-0.00285397 54 0 13 11 506 224 86 35
-0.00285774 54 5 13 11 506 224 86 35
-0.0028586 54 10 13 11 506 224 86 35
-0.00285688 54 15 13 11 506 224 86 35
-0.0028615 54 20 13 11 506 224 86 35
-0.00285703 60 0 13 11 506 224 86 35
-0.00286095 60 5 13 11 506 224 86 35
-0.0028604 60 10 13 11 506 224 86 35
-0.00285465 60 15 13 11 506 224 86 35
-0.00286121 60 20 13 11 506 224 86 35
-0.00285516 66 0 13 11 506 224 86 35
-0.00286029 66 5 13 11 506 224 86 35
-0.00285933 66 10 13 11 506 224 86 35
-0.00284792 66 15 13 11 506 224 86 35
-0.002861 66 20 13 11 506 224 86 35
-0.00285889 0 0 13 11 506 224 86 35
-0.00267904 0 5 13 11 506 224 86 35
-0.00285207 0 10 13 11 506 224 86 35
-0.00286071 0 15 13 11 506 224 86 35
-0.00285823 0 20 13 11 506 224 86 35
-0.00285855 6 0 13 11 506 224 86 35
-0.00284861 6 5 13 11 506 224 86 35
-0.0028575 6 10 13 11 506 224 86 35
-0.00286092 6 15 13 11 506 224 86 35
-0.00286002 6 20 13 11 506 224 86 35
-0.00285616 12 0 13 11 506 224 86 35
-0.00285159 12 5 13 11 506 224 86 35
-0.00285898 12 10 13 11 506 224 86 35
-0.00286061 12 15 13 11 506 224 86 35
-0.00286078 12 20 13 11 506 224 86 35
-0.00285349 18 0 13 11 506 224 86 35
-0.00285366 18 5 13 11 506 224 86 35
-0.00285861 18 10 13 11 506 224 86 35
-0.0028583 18 15 13 11 506 224 86 35
-0.00285954 18 20 13 11 506 224 86 35
-0.00285215 24 0 13 11 506 224 86 35
-0.00285767 24 5 13 11 506 224 86 35
-0.00285711 24 10 13 11 506 224 86 35
-0.00285867 24 15 13 11 506 224 86 35
-0.00285953 24 20 13 11 506 224 86 35
-0.00284885 30 0 13 11 506 224 86 35
-0.00285998 30 5 13 11 506 224 86 35
-0.00285785 30 10 13 11 506 224 86 35
-0.00285966 30 15 13 11 506 224 86 35
-0.00285885 30 20 13 11 506 224 86 35
-0.00284983 36 0 13 11 506 224 86 35
-0.00286051 36 5 13 11 506 224 86 35
-0.0028539 36 10 13 11 506 224 86 35
-0.00285999 36 15 13 11 506 224 86 35
-0.00285828 36 20 13 11 506 224 86 35
-0.00285614 42 0 13 11 506 224 86 35
-0.00286017 42 5 13 11 506 224 86 35
-0.00285486 42 10 13 11 506 224 86 35
-0.0028599 42 15 13 11 506 224 86 35
-0.00285901 42 20 13 11 506 224 86 35
-0.00285821 48 0 13 11 506 224 86 35
-0.00285894 48 5 13 11 506 224 86 35
-0.00285801 48 10 13 11 506 224 86 35
-0.00285971 48 15 13 11 506 224 86 35
-0.00285457 48 20 13 11 506 224 86 35
-0.00285899 54 0 13 11 506 224 86 35
-0.00285867 54 5 13 11 506 224 86 35
-0.00285831 54 10 13 11 506 224 86 35
-0.00285802 54 15 13 11 506 224 86 35
-0.00285849 54 20 13 11 506 224 86 35
-0.00286072 60 0 13 11 506 224 86 35
-0.00286093 60 5 13 11 506 224 86 35
-0.00286024 60 10 13 11 506 224 86 35
-0.00285675 60 15 13 11 506 224 86 35
-0.00286016 60 20 13 11 506 224 86 35
-0.00286061 66 0 13 11 506 224 86 35
-0.00286091 66 5 13 11 506 224 86 35
-0.00286031 66 10 13 11 506 224 86 35
-0.00285282 66 15 13 11 506 224 86 35
-0.00286052 66 20 13 11 506 224 86 35
-0.00285688 0 0 13 11 506 224 86 35
-0.00285289 0 5 13 11 506 224 86 35
-0.00285961 0 10 13 11 506 224 86 35
-0.00286082 0 15 13 11 506 224 86 35
-0.00285912 0 20 13 11 506 224 86 35
-0.00285793 6 0 13 11 506 224 86 35
-0.00284603 6 5 13 11 506 224 86 35
-0.00286083 6 10 13 11 506 224 86 35
-0.00286059 6 15 13 11 506 224 86 35
-0.00286045 6 20 13 11 506 224 86 35
-0.00285742 12 0 13 11 506 224 86 35
-0.00285866 12 5 13 11 506 224 86 35
-0.00286086 12 10 13 11 506 224 86 35
-0.00286005 12 15 13 11 506 224 86 35
-0.00286061 12 20 13 11 506 224 86 35
-0.0028504 18 0 13 11 506 224 86 35
-0.00286003 18 5 13 11 506 224 86 35
-0.00286045 18 10 13 11 506 224 86 35
-0.00286059 18 15 13 11 506 224 86 35
-0.00286078 18 20 13 11 506 224 86 35
-0.00285319 24 0 13 11 506 224 86 35
-0.00286001 24 5 13 11 506 224 86 35
-0.00286071 24 10 13 11 506 224 86 35
-0.00286037 24 15 13 11 506 224 86 35
-0.00286047 24 20 13 11 506 224 86 35
-0.00285681 30 0 13 11 506 224 86 35
-0.00286079 30 5 13 11 506 224 86 35
-0.00286047 30 10 13 11 506 224 86 35
-0.00285963 30 15 13 11 506 224 86 35
-0.00285957 30 20 13 11 506 224 86 35
-0.0028595 36 0 13 11 506 224 86 35
-0.00286064 36 5 13 11 506 224 86 35
-0.00286007 36 10 13 11 506 224 86 35
-0.00285904 36 15 13 11 506 224 86 35
-0.00286023 36 20 13 11 506 224 86 35
-0.00286041 42 0 13 11 506 224 86 35
-0.00286051 42 5 13 11 506 224 86 35
-0.00285775 42 10 13 11 506 224 86 35
-0.00285682 42 15 13 11 506 224 86 35
-0.00286046 42 20 13 11 506 224 86 35
-0.00286075 48 0 13 11 506 224 86 35
-0.00286061 48 5 13 11 506 224 86 35
-0.00286016 48 10 13 11 506 224 86 35
-0.00286013 48 15 13 11 506 224 86 35
-0.00286063 48 20 13 11 506 224 86 35
-0.00286085 54 0 13 11 506 224 86 35
-0.00286079 54 5 13 11 506 224 86 35
-0.00286051 54 10 13 11 506 224 86 35
-0.00286049 54 15 13 11 506 224 86 35
-0.00286089 54 20 13 11 506 224 86 35
-0.00286048 60 0 13 11 506 224 86 35
-0.00286042 60 5 13 11 506 224 86 35
-0.00286066 60 10 13 11 506 224 86 35
-0.00286 60 15 13 11 506 224 86 35
-0.00285945 60 20 13 11 506 224 86 35
-0.00285988 66 0 13 11 506 224 86 35
-0.00285977 66 5 13 11 506 224 86 35
-0.00286049 66 10 13 11 506 224 86 35
-0.00285959 66 15 13 11 506 224 86 35
-0.00285807 66 20 13 11 506 224 86 35
-0.00285974 0 0 13 11 506 224 86 35
-0.00285931 0 5 13 11 506 224 86 35
-0.00285642 0 10 13 11 506 224 86 35
-0.0028579 0 15 13 11 506 224 86 35
-0.00285092 0 20 13 11 506 224 86 35
-0.00285939 6 0 13 11 506 224 86 35
-0.00285839 6 5 13 11 506 224 86 35
-0.00286087 6 10 13 11 506 224 86 35
-0.00285997 6 15 13 11 506 224 86 35
-0.0028579 6 20 13 11 506 224 86 35
-0.00285895 12 0 13 11 506 224 86 35
-0.00285856 12 5 13 11 506 224 86 35
-0.00286071 12 10 13 11 506 224 86 35
-0.00285906 12 15 13 11 506 224 86 35
-0.0028606 12 20 13 11 506 224 86 35
-0.00285763 18 0 13 11 506 224 86 35
-0.00286035 18 5 13 11 506 224 86 35
-0.00286018 18 10 13 11 506 224 86 35
-0.0028599 18 15 13 11 506 224 86 35
-0.00286071 18 20 13 11 506 224 86 35
-0.00285602 24 0 13 11 506 224 86 35
-0.00286086 24 5 13 11 506 224 86 35
-0.00286037 24 10 13 11 506 224 86 35
-0.00286003 24 15 13 11 506 224 86 35
-0.00286048 24 20 13 11 506 224 86 35
-0.00285454 30 0 13 11 506 224 86 35
-0.00286087 30 5 13 11 506 224 86 35
-0.0028601 30 10 13 11 506 224 86 35
-0.00285695 30 15 13 11 506 224 86 35
-0.00285992 30 20 13 11 506 224 86 35
-0.00285879 36 0 13 11 506 224 86 35
-0.00286071 36 5 13 11 506 224 86 35
-0.00285913 36 10 13 11 506 224 86 35
-0.00285177 36 15 13 11 506 224 86 35
-0.00286023 36 20 13 11 506 224 86 35
-0.0028593 42 0 13 11 506 224 86 35
-0.00286071 42 5 13 11 506 224 86 35
-0.00285862 42 10 13 11 506 224 86 35
-0.0028578 42 15 13 11 506 224 86 35
-0.00286048 42 20 13 11 506 224 86 35
-0.00285896 48 0 13 11 506 224 86 35
-0.00286086 48 5 13 11 506 224 86 35
-0.00286044 48 10 13 11 506 224 86 35
-0.00286036 48 15 13 11 506 224 86 35
-0.00286067 48 20 13 11 506 224 86 35
-0.00286062 54 0 13 11 506 224 86 35
-0.00286059 54 5 13 11 506 224 86 35
-0.00286066 54 10 13 11 506 224 86 35
-0.00286073 54 15 13 11 506 224 86 35
-0.00286088 54 20 13 11 506 224 86 35
-0.00286017 60 0 13 11 506 224 86 35
-0.00286012 60 5 13 11 506 224 86 35
-0.00286042 60 10 13 11 506 224 86 35
-0.00285904 60 15 13 11 506 224 86 35
-0.00286047 60 20 13 11 506 224 86 35
-0.00285959 66 0 13 11 506 224 86 35
-0.00285937 66 5 13 11 506 224 86 35
-0.00286024 66 10 13 11 506 224 86 35
-0.00285999 66 15 13 11 506 224 86 35
-0.00286042 66 20 13 11 506 224 86 35
-0.00285991 0 0 13 11 506 224 86 35
-0.00285842 0 5 13 11 506 224 86 35
-0.00285888 0 10 13 11 506 224 86 35
-0.00285915 0 15 13 11 506 224 86 35
-0.00286041 0 20 13 11 506 224 86 35
-0.00286018 6 0 13 11 506 224 86 35
-0.00285944 6 5 13 11 506 224 86 35
-0.00285857 6 10 13 11 506 224 86 35
-0.00286025 6 15 13 11 506 224 86 35
-0.00286036 6 20 13 11 506 224 86 35
-0.00285965 12 0 13 11 506 224 86 35
-0.00285854 12 5 13 11 506 224 86 35
-0.00285977 12 10 13 11 506 224 86 35
-0.00285968 12 15 13 11 506 224 86 35
-0.00285883 12 20 13 11 506 224 86 35
-0.00285892 18 0 13 11 506 224 86 35
-0.00285895 18 5 13 11 506 224 86 35
-0.00286007 18 10 13 11 506 224 86 35
-0.00285434 18 15 13 11 506 224 86 35
-0.00285794 18 20 13 11 506 224 86 35
-0.00285932 24 0 13 11 506 224 86 35
-0.00286038 24 5 13 11 506 224 86 35
-0.00286024 24 10 13 11 506 224 86 35
-0.00285477 24 15 13 11 506 224 86 35
-0.00285948 24 20 13 11 506 224 86 35
-0.00286002 30 0 13 11 506 224 86 35
-0.00286 30 5 13 11 506 224 86 35
-0.00285934 30 10 13 11 506 224 86 35
-0.00285764 30 15 13 11 506 224 86 35
-0.00285959 30 20 13 11 506 224 86 35
-0.00286029 36 0 13 11 506 224 86 35
-0.00285823 36 5 13 11 506 224 86 35
-0.0028505 36 10 13 11 506 224 86 35
-0.00285867 36 15 13 11 506 224 86 35
-0.00285995 36 20 13 11 506 224 86 35
-0.00285986 42 0 13 11 506 224 86 35
-0.00285652 42 5 13 11 506 224 86 35
-0.00285939 42 10 13 11 506 224 86 35
-0.00285975 42 15 13 11 506 224 86 35
-0.00285982 42 20 13 11 506 224 86 35
-0.00285863 48 0 13 11 506 224 86 35
-0.00285752 48 5 13 11 506 224 86 35
-0.00285994 48 10 13 11 506 224 86 35
-0.00286016 48 15 13 11 506 224 86 35
-0.00286 48 20 13 11 506 224 86 35
-0.00285857 54 0 13 11 506 224 86 35
-0.00285811 54 5 13 11 506 224 86 35
-0.00285811 54 10 13 11 506 224 86 35
-0.00286032 54 15 13 11 506 224 86 35
-0.00285886 54 20 13 11 506 224 86 35
-0.00285932 60 0 13 11 506 224 86 35
-0.00285808 60 5 13 11 506 224 86 35
-0.00285998 60 10 13 11 506 224 86 35
-0.00286071 60 15 13 11 506 224 86 35
-0.00285997 60 20 13 11 506 224 86 35
-0.00285857 66 0 13 11 506 224 86 35
-0.00285523 66 5 13 11 506 224 86 35
-0.00286054 66 10 13 11 506 224 86 35
-0.00286042 66 15 13 11 506 224 86 35
-0.00285975 66 20 13 11 506 224 86 35
-0.00285927 0 0 13 11 506 224 86 35
-0.0023671 0 5 13 11 506 224 86 35
-0.00285244 0 10 13 11 506 224 86 35
-0.00286024 0 15 13 11 506 224 86 35
-0.00286045 0 20 13 11 506 224 86 35
-0.00286002 6 0 13 11 506 224 86 35
-0.00284678 6 5 13 11 506 224 86 35
-0.0028511 6 10 13 11 506 224 86 35
-0.00285982 6 15 13 11 506 224 86 35
-0.00285848 6 20 13 11 506 224 86 35
-0.00286029 12 0 13 11 506 224 86 35
-0.00285234 12 5 13 11 506 224 86 35
-0.00285683 12 10 13 11 506 224 86 35
-0.0028597 12 15 13 11 506 224 86 35
-0.00285427 12 20 13 11 506 224 86 35
-0.00286033 18 0 13 11 506 224 86 35
-0.00285785 18 5 13 11 506 224 86 35
-0.00285739 18 10 13 11 506 224 86 35
-0.00286001 18 15 13 11 506 224 86 35
-0.00285755 18 20 13 11 506 224 86 35
-0.00286002 24 0 13 11 506 224 86 35
-0.00285792 24 5 13 11 506 224 86 35
-0.00285994 24 10 13 11 506 224 86 35
-0.00285978 24 15 13 11 506 224 86 35
-0.0028585 24 20 13 11 506 224 86 35
-0.00285948 30 0 13 11 506 224 86 35
-0.00285692 30 5 13 11 506 224 86 35
-0.00286016 30 10 13 11 506 224 86 35
-0.0028601 30 15 13 11 506 224 86 35
-0.00285907 30 20 13 11 506 224 86 35
-0.00285829 36 0 13 11 506 224 86 35
-0.00285572 36 5 13 11 506 224 86 35
-0.00285629 36 10 13 11 506 224 86 35
-0.00285655 36 15 13 11 506 224 86 35
-0.00286005 36 20 13 11 506 224 86 35
-0.00285757 42 0 13 11 506 224 86 35
-0.00285793 42 5 13 11 506 224 86 35
-0.00285838 42 10 13 11 506 224 86 35
-0.00285991 42 15 13 11 506 224 86 35
-0.00286044 42 20 13 11 506 224 86 35
-0.00285612 48 0 13 11 506 224 86 35
-0.00285628 48 5 13 11 506 224 86 35
-0.00285953 48 10 13 11 506 224 86 35
-0.00285963 48 15 13 11 506 224 86 35
-0.00285999 48 20 13 11 506 224 86 35
-0.00285658 54 0 13 11 506 224 86 35
-0.00285738 54 5 13 11 506 224 86 35
-0.00286011 54 10 13 11 506 224 86 35
-0.00285802 54 15 13 11 506 224 86 35
-0.00285786 54 20 13 11 506 224 86 35
-0.00285902 60 0 13 11 506 224 86 35
-0.00285993 60 5 13 11 506 224 86 35
-0.00286039 60 10 13 11 506 224 86 35
-0.00285832 60 15 13 11 506 224 86 35
-0.00285815 60 20 13 11 506 224 86 35
-0.00285904 66 0 13 11 506 224 86 35
-0.00286038 66 5 13 11 506 224 86 35
-0.00285928 66 10 13 11 506 224 86 35
-0.0028589 66 15 13 11 506 224 86 35
-0.00285971 66 20 13 11 506 224 86 35
-0.00285993 0 0 13 11 506 224 86 35
-0.00285979 0 5 13 11 506 224 86 35
-0.00286047 0 10 13 11 506 224 86 35
-0.00286025 0 15 13 11 506 224 86 35
-0.00285983 0 20 13 11 506 224 86 35
-0.00286064 6 0 13 11 506 224 86 35
-0.00286054 6 5 13 11 506 224 86 35
-0.00286071 6 10 13 11 506 224 86 35
-0.00285991 6 15 13 11 506 224 86 35
-0.00285796 6 20 13 11 506 224 86 35
-0.00286067 12 0 13 11 506 224 86 35
-0.00286064 12 5 13 11 506 224 86 35
-0.00286041 12 10 13 11 506 224 86 35
-0.00286009 12 15 13 11 506 224 86 35
-0.00285992 12 20 13 11 506 224 86 35
-0.00285971 18 0 13 11 506 224 86 35
-0.00286066 18 5 13 11 506 224 86 35
-0.00285936 18 10 13 11 506 224 86 35
-0.00286042 18 15 13 11 506 224 86 35
-0.00286041 18 20 13 11 506 224 86 35
-0.00285913 24 0 13 11 506 224 86 35
-0.00286074 24 5 13 11 506 224 86 35
-0.00286045 24 10 13 11 506 224 86 35
-0.00286037 24 15 13 11 506 224 86 35
-0.00286053 24 20 13 11 506 224 86 35
-0.00286003 30 0 13 11 506 224 86 35
-0.00286088 30 5 13 11 506 224 86 35
-0.00286015 30 10 13 11 506 224 86 35
-0.00285996 30 15 13 11 506 224 86 35
-0.00286027 30 20 13 11 506 224 86 35
-0.00286031 36 0 13 11 506 224 86 35
-0.00286076 36 5 13 11 506 224 86 35
-0.00285986 36 10 13 11 506 224 86 35
-0.00285791 36 15 13 11 506 224 86 35
-0.0028601 36 20 13 11 506 224 86 35
-0.00285985 42 0 13 11 506 224 86 35
-0.00286079 42 5 13 11 506 224 86 35
-0.00286022 42 10 13 11 506 224 86 35
-0.00286004 42 15 13 11 506 224 86 35
-0.00286027 42 20 13 11 506 224 86 35
-0.0028581 48 0 13 11 506 224 86 35
-0.0028609 48 5 13 11 506 224 86 35
-0.00286063 48 10 13 11 506 224 86 35
-0.00286047 48 15 13 11 506 224 86 35
-0.00286058 48 20 13 11 506 224 86 35
-0.00286076 54 0 13 11 506 224 86 35
-0.00286089 54 5 13 11 506 224 86 35
-0.00286086 54 10 13 11 506 224 86 35
-0.00286078 54 15 13 11 506 224 86 35
-0.0028607 54 20 13 11 506 224 86 35
-0.00286084 60 0 13 11 506 224 86 35
-0.00286075 60 5 13 11 506 224 86 35
-0.00286084 60 10 13 11 506 224 86 35
-0.00286073 60 15 13 11 506 224 86 35
-0.00286032 60 20 13 11 506 224 86 35
-0.00286049 66 0 13 11 506 224 86 35
-0.00286029 66 5 13 11 506 224 86 35
-0.00286064 66 10 13 11 506 224 86 35
-0.00286016 66 15 13 11 506 224 86 35
-0.00285973 66 20 13 11 506 224 86 35
-0.00286027 0 0 13 11 506 224 86 35
-0.00285068 0 5 13 11 506 224 86 35
-0.00286085 0 10 13 11 506 224 86 35
-0.0028601 0 15 13 11 506 224 86 35
-0.00285738 0 20 13 11 506 224 86 35
-0.0028596 6 0 13 11 506 224 86 35
-0.00285243 6 5 13 11 506 224 86 35
-0.00286082 6 10 13 11 506 224 86 35
-0.0028601 6 15 13 11 506 224 86 35
-0.00285977 6 20 13 11 506 224 86 35
-0.00285701 12 0 13 11 506 224 86 35
-0.00286047 12 5 13 11 506 224 86 35
-0.00286086 12 10 13 11 506 224 86 35
-0.00286034 12 15 13 11 506 224 86 35
-0.00286036 12 20 13 11 506 224 86 35
-0.00284546 18 0 13 11 506 224 86 35
-0.00286085 18 5 13 11 506 224 86 35
-0.00285991 18 10 13 11 506 224 86 35
-0.00286055 18 15 13 11 506 224 86 35
-0.00286078 18 20 13 11 506 224 86 35
-0.00194405 24 0 13 11 506 224 86 35
-0.00286084 24 5 13 11 506 224 86 35
-0.00286058 24 10 13 11 506 224 86 35
-0.00286053 24 15 13 11 506 224 86 35
-0.00286088 24 20 13 11 506 224 86 35
-0.00205978 30 0 13 11 506 224 86 35
-0.00286077 30 5 13 11 506 224 86 35
-0.0028602 30 10 13 11 506 224 86 35
-0.00286012 30 15 13 11 506 224 86 35
-0.00286062 30 20 13 11 506 224 86 35
-0.00285857 36 0 13 11 506 224 86 35
-0.00286056 36 5 13 11 506 224 86 35
-0.00285878 36 10 13 11 506 224 86 35
-0.00285844 36 15 13 11 506 224 86 35
-0.00286047 36 20 13 11 506 224 86 35
-0.00286069 42 0 13 11 506 224 86 35
-0.00286055 42 5 13 11 506 224 86 35
-0.00285977 42 10 13 11 506 224 86 35
-0.00285983 42 15 13 11 506 224 86 35
-0.00286044 42 20 13 11 506 224 86 35
-0.0028608 48 0 13 11 506 224 86 35
-0.0028607 48 5 13 11 506 224 86 35
-0.00286046 48 10 13 11 506 224 86 35
-0.00286042 48 15 13 11 506 224 86 35
-0.00286067 48 20 13 11 506 224 86 35
-0.0028609 54 0 13 11 506 224 86 35
-0.00286077 54 5 13 11 506 224 86 35
-0.00286076 54 10 13 11 506 224 86 35
-0.00286079 54 15 13 11 506 224 86 35
-0.00286088 54 20 13 11 506 224 86 35
-0.00286083 60 0 13 11 506 224 86 35
-0.00286052 60 5 13 11 506 224 86 35
-0.00286056 60 10 13 11 506 224 86 35
-0.00286068 60 15 13 11 506 224 86 35
-0.00285912 60 20 13 11 506 224 86 35
-0.00286061 66 0 13 11 506 224 86 35
-0.00285919 66 5 13 11 506 224 86 35
-0.00286027 66 10 13 11 506 224 86 35
-0.0028608 66 15 13 11 506 224 86 35
-0.0028565 66 20 13 11 506 224 86 35
-0.00285634 0 0 19 14 506 224 86 35
-0.00284874 0 7 19 14 506 224 86 35
-0.00285676 0 14 19 14 506 224 86 35
-0.00285704 0 21 19 14 506 224 86 35
-0.00285554 9 0 19 14 506 224 86 35
-0.00285455 9 7 19 14 506 224 86 35
-0.00285302 9 14 19 14 506 224 86 35
-0.00285515 9 21 19 14 506 224 86 35
-0.00285826 18 0 19 14 506 224 86 35
-0.00285926 18 7 19 14 506 224 86 35
-0.00285209 18 14 19 14 506 224 86 35
-0.00285903 18 21 19 14 506 224 86 35
-0.00285781 27 0 19 14 506 224 86 35
-0.00285874 27 7 19 14 506 224 86 35
-0.00285685 27 14 19 14 506 224 86 35
-0.00286021 27 21 19 14 506 224 86 35
-0.00285532 36 0 19 14 506 224 86 35
-0.00248731 36 7 19 14 506 224 86 35
-0.00284826 36 14 19 14 506 224 86 35
-0.00286059 36 21 19 14 506 224 86 35
-0.00284736 45 0 19 14 506 224 86 35
-0.00285668 45 7 19 14 506 224 86 35
-0.0028598 45 14 19 14 506 224 86 35
-0.00286059 45 21 19 14 506 224 86 35
-0.00221783 54 0 19 14 506 224 86 35
-0.00285716 54 7 19 14 506 224 86 35
-0.00285909 54 14 19 14 506 224 86 35
-0.00285993 54 21 19 14 506 224 86 35
-0.00316519 63 0 19 14 506 224 86 35
-0.0028586 63 7 19 14 506 224 86 35
-0.00286013 63 14 19 14 506 224 86 35
-0.00286035 63 21 19 14 506 224 86 35
-0.00210488 0 0 19 14 506 224 86 35
-0.00264129 0 7 19 14 506 224 86 35
-0.00286021 0 14 19 14 506 224 86 35
-0.00285161 0 21 19 14 506 224 86 35
-0.00173239 9 0 19 14 506 224 86 35
-0.00285715 9 7 19 14 506 224 86 35
-0.00286051 9 14 19 14 506 224 86 35
-0.00285944 9 21 19 14 506 224 86 35
-0.00278956 18 0 19 14 506 224 86 35
-0.00285781 18 7 19 14 506 224 86 35
-0.00285848 18 14 19 14 506 224 86 35
-0.002857 18 21 19 14 506 224 86 35
-0.00285552 27 0 19 14 506 224 86 35
-0.00285795 27 7 19 14 506 224 86 35
-0.00285823 27 14 19 14 506 224 86 35
-0.00285158 27 21 19 14 506 224 86 35
-0.00285804 36 0 19 14 506 224 86 35
-0.00285411 36 7 19 14 506 224 86 35
-0.00285821 36 14 19 14 506 224 86 35
-0.00284951 36 21 19 14 506 224 86 35
-0.00285497 45 0 19 14 506 224 86 35
-0.00285743 45 7 19 14 506 224 86 35
-0.00285962 45 14 19 14 506 224 86 35
-0.00284623 45 21 19 14 506 224 86 35
-0.00286036 54 0 19 14 506 224 86 35
-0.00285993 54 7 19 14 506 224 86 35
-0.00285781 54 14 19 14 506 224 86 35
-0.00284423 54 21 19 14 506 224 86 35
-0.00285985 63 0 19 14 506 224 86 35
-0.00286036 63 7 19 14 506 224 86 35
-0.00285312 63 14 19 14 506 224 86 35
-0.00212783 63 21 19 14 506 224 86 35
-0.00192064 0 0 19 14 506 224 86 35
-0.00223973 0 7 19 14 506 224 86 35
-0.00286075 0 14 19 14 506 224 86 35
-0.00262254 0 21 19 14 506 224 86 35
-0.00162574 9 0 19 14 506 224 86 35
-0.0028568 9 7 19 14 506 224 86 35
-0.00286115 9 14 19 14 506 224 86 35
-0.00285968 9 21 19 14 506 224 86 35
-0.00215056 18 0 19 14 506 224 86 35
-0.00285744 18 7 19 14 506 224 86 35
-0.00285853 18 14 19 14 506 224 86 35
-0.00285559 18 21 19 14 506 224 86 35
-0.00285316 27 0 19 14 506 224 86 35
-0.00285783 27 7 19 14 506 224 86 35
-0.00285791 27 14 19 14 506 224 86 35
-0.00284654 27 21 19 14 506 224 86 35
-0.00285611 36 0 19 14 506 224 86 35
-0.00285417 36 7 19 14 506 224 86 35
-0.00285765 36 14 19 14 506 224 86 35
-0.00285049 36 21 19 14 506 224 86 35
-0.00256545 45 0 19 14 506 224 86 35
-0.00285707 45 7 19 14 506 224 86 35
-0.00285887 45 14 19 14 506 224 86 35
-0.00286145 45 21 19 14 506 224 86 35
-0.00285745 54 0 19 14 506 224 86 35
-0.00285986 54 7 19 14 506 224 86 35
-0.00285516 54 14 19 14 506 224 86 35
-0.00286077 54 21 19 14 506 224 86 35
-0.00284729 63 0 19 14 506 224 86 35
-0.00285795 63 7 19 14 506 224 86 35
-0.00275321 63 14 19 14 506 224 86 35
-0.00286028 63 21 19 14 506 224 86 35
-0.00208242 0 0 19 14 506 224 86 35
-0.00244764 0 7 19 14 506 224 86 35
-0.00286034 0 14 19 14 506 224 86 35
-0.00285083 0 21 19 14 506 224 86 35
-0.0016664 9 0 19 14 506 224 86 35
-0.00285644 9 7 19 14 506 224 86 35
-0.00286067 9 14 19 14 506 224 86 35
-0.00285973 9 21 19 14 506 224 86 35
-0.00250721 18 0 19 14 506 224 86 35
-0.00285701 18 7 19 14 506 224 86 35
-0.00285848 18 14 19 14 506 224 86 35
-0.00285646 18 21 19 14 506 224 86 35
-0.00285374 27 0 19 14 506 224 86 35
-0.00285708 27 7 19 14 506 224 86 35
-0.00285782 27 14 19 14 506 224 86 35
-0.0028491 27 21 19 14 506 224 86 35
-0.00285678 36 0 19 14 506 224 86 35
-0.00285419 36 7 19 14 506 224 86 35
-0.00285764 36 14 19 14 506 224 86 35
-0.00284716 36 21 19 14 506 224 86 35
-0.00285223 45 0 19 14 506 224 86 35
-0.00285674 45 7 19 14 506 224 86 35
-0.00285873 45 14 19 14 506 224 86 35
-0.00285727 45 21 19 14 506 224 86 35
-0.00286045 54 0 19 14 506 224 86 35
-0.00285994 54 7 19 14 506 224 86 35
-0.00285694 54 14 19 14 506 224 86 35
-0.00286072 54 21 19 14 506 224 86 35
-0.0028599 63 0 19 14 506 224 86 35
-0.0028604 63 7 19 14 506 224 86 35
-0.00285213 63 14 19 14 506 224 86 35
-0.00286029 63 21 19 14 506 224 86 35
-0.00285655 0 0 19 14 506 224 86 35
-0.00286013 0 7 19 14 506 224 86 35
-0.00285979 0 14 19 14 506 224 86 35
-0.00285966 0 21 19 14 506 224 86 35
-0.00285657 9 0 19 14 506 224 86 35
-0.00286082 9 7 19 14 506 224 86 35
-0.00286041 9 14 19 14 506 224 86 35
-0.00286082 9 21 19 14 506 224 86 35
-0.00285137 18 0 19 14 506 224 86 35
-0.00286078 18 7 19 14 506 224 86 35
-0.00286033 18 14 19 14 506 224 86 35
-0.00286069 18 21 19 14 506 224 86 35
-0.0028601 27 0 19 14 506 224 86 35
-0.00286038 27 7 19 14 506 224 86 35
-0.00285993 27 14 19 14 506 224 86 35
-0.00286017 27 21 19 14 506 224 86 35
-0.0028609 36 0 19 14 506 224 86 35
-0.00285819 36 7 19 14 506 224 86 35
-0.00285676 36 14 19 14 506 224 86 35
-0.00286052 36 21 19 14 506 224 86 35
-0.0028609 45 0 19 14 506 224 86 35
-0.00285974 45 7 19 14 506 224 86 35
-0.0028597 45 14 19 14 506 224 86 35
-0.00286089 45 21 19 14 506 224 86 35
-0.00286051 54 0 19 14 506 224 86 35
-0.00286046 54 7 19 14 506 224 86 35
-0.00286061 54 14 19 14 506 224 86 35
-0.00286041 54 21 19 14 506 224 86 35
-0.00285752 63 0 19 14 506 224 86 35
-0.00286008 63 7 19 14 506 224 86 35
-0.00286014 63 14 19 14 506 224 86 35
-0.00286037 63 21 19 14 506 224 86 35
-0.00285928 0 0 19 14 506 224 86 35
-0.00285946 0 7 19 14 506 224 86 35
-0.00285833 0 14 19 14 506 224 86 35
-0.00285493 0 21 19 14 506 224 86 35
-0.00285866 9 0 19 14 506 224 86 35
-0.0028607 9 7 19 14 506 224 86 35
-0.00285749 9 14 19 14 506 224 86 35
-0.00285974 9 21 19 14 506 224 86 35
-0.00285646 18 0 19 14 506 224 86 35
-0.00286048 18 7 19 14 506 224 86 35
-0.00285986 18 14 19 14 506 224 86 35
-0.00286094 18 21 19 14 506 224 86 35
-0.00286083 27 0 19 14 506 224 86 35
-0.00286004 27 7 19 14 506 224 86 35
-0.00285861 27 14 19 14 506 224 86 35
-0.00286057 27 21 19 14 506 224 86 35
-0.00286091 36 0 19 14 506 224 86 35
-0.00285902 36 7 19 14 506 224 86 35
-0.00285845 36 14 19 14 506 224 86 35
-0.00286058 36 21 19 14 506 224 86 35
-0.00286092 45 0 19 14 506 224 86 35
-0.00286014 45 7 19 14 506 224 86 35
-0.00286013 45 14 19 14 506 224 86 35
-0.00286085 45 21 19 14 506 224 86 35
-0.00286023 54 0 19 14 506 224 86 35
-0.00286026 54 7 19 14 506 224 86 35
-0.00286082 54 14 19 14 506 224 86 35
-0.0028603 54 21 19 14 506 224 86 35
-0.00285859 63 0 19 14 506 224 86 35
-0.00285959 63 7 19 14 506 224 86 35
-0.00286064 63 14 19 14 506 224 86 35
-0.00286065 63 21 19 14 506 224 86 35
-0.00285853 0 0 19 14 506 224 86 35
-0.00285577 0 7 19 14 506 224 86 35
-0.00285946 0 14 19 14 506 224 86 35
-0.00286031 0 21 19 14 506 224 86 35
-0.0028589 9 0 19 14 506 224 86 35
-0.00285901 9 7 19 14 506 224 86 35
-0.00285369 9 14 19 14 506 224 86 35
-0.00285714 9 21 19 14 506 224 86 35
-0.00285877 18 0 19 14 506 224 86 35
-0.00285968 18 7 19 14 506 224 86 35
-0.00285075 18 14 19 14 506 224 86 35
-0.00285959 18 21 19 14 506 224 86 35
-0.00285998 27 0 19 14 506 224 86 35
-0.00285809 27 7 19 14 506 224 86 35
-0.00285243 27 14 19 14 506 224 86 35
-0.0028603 27 21 19 14 506 224 86 35
-0.00285837 36 0 19 14 506 224 86 35
-0.0028443 36 7 19 14 506 224 86 35
-0.00285817 36 14 19 14 506 224 86 35
-0.0028605 36 21 19 14 506 224 86 35
-0.00285467 45 0 19 14 506 224 86 35
-0.00285588 45 7 19 14 506 224 86 35
-0.00285969 45 14 19 14 506 224 86 35
-0.00286023 45 21 19 14 506 224 86 35
-0.00285651 54 0 19 14 506 224 86 35
-0.00285681 54 7 19 14 506 224 86 35
-0.00286046 54 14 19 14 506 224 86 35
-0.00285977 54 21 19 14 506 224 86 35
-0.00285248 63 0 19 14 506 224 86 35
-0.00285855 63 7 19 14 506 224 86 35
-0.00286047 63 14 19 14 506 224 86 35
-0.00285866 63 21 19 14 506 224 86 35
-0.00285587 0 0 19 14 506 224 86 35
-0.00271647 0 7 19 14 506 224 86 35
-0.00285733 0 14 19 14 506 224 86 35
-0.00285797 0 21 19 14 506 224 86 35
-0.00285564 9 0 19 14 506 224 86 35
-0.00284698 9 7 19 14 506 224 86 35
-0.00285337 9 14 19 14 506 224 86 35
-0.00285254 9 21 19 14 506 224 86 35
-0.00285796 18 0 19 14 506 224 86 35
-0.00285579 18 7 19 14 506 224 86 35
-0.0028583 18 14 19 14 506 224 86 35
-0.0028586 18 21 19 14 506 224 86 35
-0.00285473 27 0 19 14 506 224 86 35
-0.00285823 27 7 19 14 506 224 86 35
-0.00285826 27 14 19 14 506 224 86 35
-0.00285966 27 21 19 14 506 224 86 35
-0.00285446 36 0 19 14 506 224 86 35
-0.0028539 36 7 19 14 506 224 86 35
-0.002846 36 14 19 14 506 224 86 35
-0.00286052 36 21 19 14 506 224 86 35
-0.00284456 45 0 19 14 506 224 86 35
-0.00285619 45 7 19 14 506 224 86 35
-0.00285877 45 14 19 14 506 224 86 35
-0.00286049 45 21 19 14 506 224 86 35
-0.00285683 54 0 19 14 506 224 86 35
-0.00285903 54 7 19 14 506 224 86 35
-0.00285616 54 14 19 14 506 224 86 35
-0.00286004 54 21 19 14 506 224 86 35
-0.00285774 63 0 19 14 506 224 86 35
-0.00286031 63 7 19 14 506 224 86 35
-0.00285989 63 14 19 14 506 224 86 35
-0.0028605 63 21 19 14 506 224 86 35
-0.00286034 0 0 19 14 506 224 86 35
-0.00285993 0 7 19 14 506 224 86 35
-0.00285837 0 14 19 14 506 224 86 35
-0.00285637 0 21 19 14 506 224 86 35
-0.00286062 9 0 19 14 506 224 86 35
-0.00286007 9 7 19 14 506 224 86 35
-0.002859 9 14 19 14 506 224 86 35
-0.00285923 9 21 19 14 506 224 86 35
-0.0028595 18 0 19 14 506 224 86 35
-0.00286053 18 7 19 14 506 224 86 35
-0.00286025 18 14 19 14 506 224 86 35
-0.0028605 18 21 19 14 506 224 86 35
-0.00286024 27 0 19 14 506 224 86 35
-0.00285995 27 7 19 14 506 224 86 35
-0.00285891 27 14 19 14 506 224 86 35
-0.00286043 27 21 19 14 506 224 86 35
-0.00286055 36 0 19 14 506 224 86 35
-0.00285995 36 7 19 14 506 224 86 35
-0.00285748 36 14 19 14 506 224 86 35
-0.00286036 36 21 19 14 506 224 86 35
-0.00286041 45 0 19 14 506 224 86 35
-0.00286054 45 7 19 14 506 224 86 35
-0.00286036 45 14 19 14 506 224 86 35
-0.00286058 45 21 19 14 506 224 86 35
-0.00286086 54 0 19 14 506 224 86 35
-0.00286084 54 7 19 14 506 224 86 35
-0.00286063 54 14 19 14 506 224 86 35
-0.0028606 54 21 19 14 506 224 86 35
-0.00285937 63 0 19 14 506 224 86 35
-0.00285982 63 7 19 14 506 224 86 35
-0.00286006 63 14 19 14 506 224 86 35
-0.00286025 63 21 19 14 506 224 86 35
-0.00285885 0 0 19 14 506 224 86 35
-0.00286087 0 7 19 14 506 224 86 35
-0.00285912 0 14 19 14 506 224 86 35
-0.0028583 0 21 19 14 506 224 86 35
-0.00285609 9 0 19 14 506 224 86 35
-0.00286089 9 7 19 14 506 224 86 35
-0.00286017 9 14 19 14 506 224 86 35
-0.00286036 9 21 19 14 506 224 86 35
-0.00284879 18 0 19 14 506 224 86 35
-0.00286068 18 7 19 14 506 224 86 35
-0.00286049 18 14 19 14 506 224 86 35
-0.00286085 18 21 19 14 506 224 86 35
-0.00285997 27 0 19 14 506 224 86 35
-0.00285966 27 7 19 14 506 224 86 35
-0.00285947 27 14 19 14 506 224 86 35
-0.00286065 27 21 19 14 506 224 86 35
-0.00286087 36 0 19 14 506 224 86 35
-0.00285719 36 7 19 14 506 224 86 35
-0.00285628 36 14 19 14 506 224 86 35
-0.00286014 36 21 19 14 506 224 86 35
-0.00286086 45 0 19 14 506 224 86 35
-0.00286037 45 7 19 14 506 224 86 35
-0.00286025 45 14 19 14 506 224 86 35
-0.0028606 45 21 19 14 506 224 86 35
-0.00286074 54 0 19 14 506 224 86 35
-0.00286054 54 7 19 14 506 224 86 35
-0.00286082 54 14 19 14 506 224 86 35
-0.00286046 54 21 19 14 506 224 86 35
-0.00285574 63 0 19 14 506 224 86 35
-0.00285606 63 7 19 14 506 224 86 35
-0.00286082 63 14 19 14 506 224 86 35
-0.00285801 63 21 19 14 506 224 86 35
-0.00158633 0 0 28 17 506 224 86 35
-0.0028572 0 8 28 17 506 224 86 35
-0.0014381 0 16 28 17 506 224 86 35
-0.00285883 14 0 28 17 506 224 86 35
-0.00285613 14 8 28 17 506 224 86 35
-0.00168802 14 16 28 17 506 224 86 35
-0.0028566 28 0 28 17 506 224 86 35
-0.00252676 28 8 28 17 506 224 86 35
-0.00285336 28 16 28 17 506 224 86 35
-0.00203701 42 0 28 17 506 224 86 35
-0.00285718 42 8 28 17 506 224 86 35
-0.00285967 42 16 28 17 506 224 86 35
-0.00217265 56 0 28 17 506 224 86 35
-0.00285959 56 8 28 17 506 224 86 35
-0.00285607 56 16 28 17 506 224 86 35
-0.00148168 0 0 28 17 506 224 86 35
-0.00285739 0 8 28 17 506 224 86 35
-0.002856 0 16 28 17 506 224 86 35
-0.00285438 14 0 28 17 506 224 86 35
-0.00285438 14 8 28 17 506 224 86 35
-0.00285793 14 16 28 17 506 224 86 35
-0.00285605 28 0 28 17 506 224 86 35
-0.00269791 28 8 28 17 506 224 86 35
-0.00285751 28 16 28 17 506 224 86 35
-0.00285648 42 0 28 17 506 224 86 35
-0.00285676 42 8 28 17 506 224 86 35
-0.00285693 42 16 28 17 506 224 86 35
-0.00285786 56 0 28 17 506 224 86 35
-0.00285802 56 8 28 17 506 224 86 35
-0.00226149 56 16 28 17 506 224 86 35
-0.00134306 0 0 28 17 506 224 86 35
-0.0028577 0 8 28 17 506 224 86 35
-0.00285461 0 16 28 17 506 224 86 35
-0.00285252 14 0 28 17 506 224 86 35
-0.00285306 14 8 28 17 506 224 86 35
-0.00285744 14 16 28 17 506 224 86 35
-0.00285425 28 0 28 17 506 224 86 35
-0.00234653 28 8 28 17 506 224 86 35
-0.00285722 28 16 28 17 506 224 86 35
-0.00285225 42 0 28 17 506 224 86 35
-0.00285582 42 8 28 17 506 224 86 35
-0.00286139 42 16 28 17 506 224 86 35
-0.00130829 56 0 28 17 506 224 86 35
-0.00285126 56 8 28 17 506 224 86 35
-0.00286091 56 16 28 17 506 224 86 35
-0.00141801 0 0 28 17 506 224 86 35
-0.00285783 0 8 28 17 506 224 86 35
-0.00285566 0 16 28 17 506 224 86 35
-0.00285212 14 0 28 17 506 224 86 35
-0.00285269 14 8 28 17 506 224 86 35
-0.00285777 14 16 28 17 506 224 86 35
-0.00285414 28 0 28 17 506 224 86 35
-0.00254618 28 8 28 17 506 224 86 35
-0.00285656 28 16 28 17 506 224 86 35
-0.0028558 42 0 28 17 506 224 86 35
-0.00285585 42 8 28 17 506 224 86 35
-0.00285976 42 16 28 17 506 224 86 35
-0.0028577 56 0 28 17 506 224 86 35
-0.00285773 56 8 28 17 506 224 86 35
-0.00286064 56 16 28 17 506 224 86 35
-0.00285577 0 0 28 17 506 224 86 35
-0.00286075 0 8 28 17 506 224 86 35
-0.00285919 0 16 28 17 506 224 86 35
-0.00286076 14 0 28 17 506 224 86 35
-0.00285985 14 8 28 17 506 224 86 35
-0.00285904 14 16 28 17 506 224 86 35
-0.00286048 28 0 28 17 506 224 86 35
-0.00284988 28 8 28 17 506 224 86 35
-0.00285774 28 16 28 17 506 224 86 35
-0.00286038 42 0 28 17 506 224 86 35
-0.00285412 42 8 28 17 506 224 86 35
-0.00285953 42 16 28 17 506 224 86 35
-0.00285174 56 0 28 17 506 224 86 35
-0.0028604 56 8 28 17 506 224 86 35
-0.0028609 56 16 28 17 506 224 86 35
-0.00285944 0 0 28 17 506 224 86 35
-0.00285868 0 8 28 17 506 224 86 35
-0.00285269 0 16 28 17 506 224 86 35
-0.0028609 14 0 28 17 506 224 86 35
-0.00285847 14 8 28 17 506 224 86 35
-0.00285756 14 16 28 17 506 224 86 35
-0.00286058 28 0 28 17 506 224 86 35
-0.00284801 28 8 28 17 506 224 86 35
-0.0028558 28 16 28 17 506 224 86 35
-0.00286039 42 0 28 17 506 224 86 35
-0.00285872 42 8 28 17 506 224 86 35
-0.0028599 42 16 28 17 506 224 86 35
-0.00285688 56 0 28 17 506 224 86 35
-0.00285997 56 8 28 17 506 224 86 35
-0.00286059 56 16 28 17 506 224 86 35
-0.00285496 0 0 28 17 506 224 86 35
-0.00232562 0 8 28 17 506 224 86 35
-0.00285349 0 16 28 17 506 224 86 35
-0.00285961 14 0 28 17 506 224 86 35
-0.00285586 14 8 28 17 506 224 86 35
-0.00285143 14 16 28 17 506 224 86 35
-0.0028563 28 0 28 17 506 224 86 35
-0.00160624 28 8 28 17 506 224 86 35
-0.00285876 28 16 28 17 506 224 86 35
-0.00196792 42 0 28 17 506 224 86 35
-0.00285607 42 8 28 17 506 224 86 35
-0.00285983 42 16 28 17 506 224 86 35
-0.00246748 56 0 28 17 506 224 86 35
-0.00285967 56 8 28 17 506 224 86 35
-0.00285765 56 16 28 17 506 224 86 35
-0.00132461 0 0 28 17 506 224 86 35
-0.00285515 0 8 28 17 506 224 86 35
-0.00219545 0 16 28 17 506 224 86 35
-0.00285708 14 0 28 17 506 224 86 35
-0.00285408 14 8 28 17 506 224 86 35
-0.00238748 14 16 28 17 506 224 86 35
-0.0028557 28 0 28 17 506 224 86 35
-0.00285663 28 8 28 17 506 224 86 35
-0.00284812 28 16 28 17 506 224 86 35
-0.00265995 42 0 28 17 506 224 86 35
-0.00285863 42 8 28 17 506 224 86 35
-0.00285871 42 16 28 17 506 224 86 35
-0.00285546 56 0 28 17 506 224 86 35
-0.00285989 56 8 28 17 506 224 86 35
-0.00285076 56 16 28 17 506 224 86 35
-0.00286016 0 0 28 17 506 224 86 35
-0.00286015 0 8 28 17 506 224 86 35
-0.00201399 0 16 28 17 506 224 86 35
-0.00286084 14 0 28 17 506 224 86 35
-0.00285959 14 8 28 17 506 224 86 35
-0.00285467 14 16 28 17 506 224 86 35
-0.00286075 28 0 28 17 506 224 86 35
-0.00240763 28 8 28 17 506 224 86 35
-0.00282537 28 16 28 17 506 224 86 35
-0.00286074 42 0 28 17 506 224 86 35
-0.00286023 42 8 28 17 506 224 86 35
-0.00286027 42 16 28 17 506 224 86 35
-0.00285806 56 0 28 17 506 224 86 35
-0.00285827 56 8 28 17 506 224 86 35
-0.00286026 56 16 28 17 506 224 86 35
-0.0028598 0 0 28 17 506 224 86 35
-0.00286043 0 8 28 17 506 224 86 35
-0.0028574 0 16 28 17 506 224 86 35
-0.00286082 14 0 28 17 506 224 86 35
-0.00286006 14 8 28 17 506 224 86 35
-0.00285957 14 16 28 17 506 224 86 35
-0.00286054 28 0 28 17 506 224 86 35
-0.00284705 28 8 28 17 506 224 86 35
-0.00285873 28 16 28 17 506 224 86 35
-0.0028605 42 0 28 17 506 224 86 35
-0.0028589 42 8 28 17 506 224 86 35
-0.00286026 42 16 28 17 506 224 86 35
-0.00273485 56 0 28 17 506 224 86 35
-0.00285724 56 8 28 17 506 224 86 35
-0.00286024 56 16 28 17 506 224 86 35
-0.00137324 0 0 34 35 506 224 86 35
-0.00132746 17 0 34 35 506 224 86 35
-0.00139869 34 0 34 35 506 224 86 35
-0.00284772 51 0 34 35 506 224 86 35
-0.00187285 0 0 34 35 506 224 86 35
-0.00177947 17 0 34 35 506 224 86 35
-0.00155491 34 0 34 35 506 224 86 35
-0.00285163 51 0 34 35 506 224 86 35
-0.00157133 0 0 34 35 506 224 86 35
-0.0014586 17 0 34 35 506 224 86 35
-0.00286157 34 0 34 35 506 224 86 35
-0.00286079 51 0 34 35 506 224 86 35
-0.00184887 0 0 34 35 506 224 86 35
-0.00182477 17 0 34 35 506 224 86 35
-0.00285552 34 0 34 35 506 224 86 35
-0.00285987 51 0 34 35 506 224 86 35
-0.00285785 0 0 34 35 506 224 86 35
-0.00285954 17 0 34 35 506 224 86 35
-0.00228298 34 0 34 35 506 224 86 35
-0.00285936 51 0 34 35 506 224 86 35
-0.00285907 0 0 34 35 506 224 86 35
-0.00285658 17 0 34 35 506 224 86 35
-0.00285589 34 0 34 35 506 224 86 35
-0.00284823 51 0 34 35 506 224 86 35
-0.00230436 0 0 34 35 506 224 86 35
-0.0017555 17 0 34 35 506 224 86 35
-0.00134558 34 0 34 35 506 224 86 35
-0.00285501 51 0 34 35 506 224 86 35
-0.00152072 0 0 34 35 506 224 86 35
-0.00134243 17 0 34 35 506 224 86 35
-0.00164333 34 0 34 35 506 224 86 35
-0.00284557 51 0 34 35 506 224 86 35
-0.00260366 0 0 34 35 506 224 86 35
-0.00285198 17 0 34 35 506 224 86 35
-0.00284649 34 0 34 35 506 224 86 35
-0.00285922 51 0 34 35 506 224 86 35
-0.00285744 0 0 34 35 506 224 86 35
-0.00285364 17 0 34 35 506 224 86 35
-0.00284844 34 0 34 35 506 224 86 35
-0.00286011 51 0 34 35 506 224 86 35
-0.00150103 0 0 86 35 506 224 86 35
-0.00135971 0 0 86 35 506 224 86 35
-0.00286091 0 0 86 35 506 224 86 35
-0.00285584 0 0 86 35 506 224 86 35
-0.00189662 0 0 86 35 506 224 86 35
-0.00284826 0 0 86 35 506 224 86 35
-0.00180215 0 0 86 35 506 224 86 35
-0.00153947 0 0 86 35 506 224 86 35
-0.00170967 0 0 86 35 506 224 86 35
-0.00284699 0 0 86 35 506 224 86 35
