-0.00484818 0 0 18 19 436 371 84 86
-0.00484139 0 9 18 19 436 371 84 86
-0.00484611 0 18 18 19 436 371 84 86
-0.00484796 0 27 18 19 436 371 84 86
-0.00483764 0 36 18 19 436 371 84 86
-0.0048393 0 45 18 19 436 371 84 86
-0.00444846 0 54 18 19 436 371 84 86
-0.00483558 0 63 18 19 436 371 84 86
-0.00484603 9 0 18 19 436 371 84 86
-0.00484901 9 9 18 19 436 371 84 86
-0.00484668 9 18 18 19 436 371 84 86
-0.00484357 9 27 18 19 436 371 84 86
-0.00484772 9 36 18 19 436 371 84 86
-0.00484847 9 45 18 19 436 371 84 86
-0.00484524 9 54 18 19 436 371 84 86
-0.00482741 9 63 18 19 436 371 84 86
-0.00454149 18 0 18 19 436 371 84 86
-0.00484857 18 9 18 19 436 371 84 86
-0.0048481 18 18 18 19 436 371 84 86
-0.00484924 18 27 18 19 436 371 84 86
-0.00484876 18 36 18 19 436 371 84 86
-0.00484876 18 45 18 19 436 371 84 86
-0.00484641 18 54 18 19 436 371 84 86
-0.00351091 18 63 18 19 436 371 84 86
-0.004847 27 0 18 19 436 371 84 86
-0.00484938 27 9 18 19 436 371 84 86
-0.00484597 27 18 18 19 436 371 84 86
-0.00484896 27 27 18 19 436 371 84 86
-0.00484263 27 36 18 19 436 371 84 86
-0.00484912 27 45 18 19 436 371 84 86
-0.0048448 27 54 18 19 436 371 84 86
-0.00482611 27 63 18 19 436 371 84 86
-0.00484863 36 0 18 19 436 371 84 86
-0.0048488 36 9 18 19 436 371 84 86
-0.00484885 36 18 18 19 436 371 84 86
-0.00484412 36 27 18 19 436 371 84 86
-0.00484707 36 36 18 19 436 371 84 86
-0.00484934 36 45 18 19 436 371 84 86
-0.0048358 36 54 18 19 436 371 84 86
-0.00483681 36 63 18 19 436 371 84 86
-0.00484704 45 0 18 19 436 371 84 86
-0.00484878 45 9 18 19 436 371 84 86
-0.00484839 45 18 18 19 436 371 84 86
-0.00484817 45 27 18 19 436 371 84 86
-0.00484938 45 36 18 19 436 371 84 86
-0.00484818 45 45 18 19 436 371 84 86
-0.00484162 45 54 18 19 436 371 84 86
-0.00483962 45 63 18 19 436 371 84 86
-0.00484672 54 0 18 19 436 371 84 86
-0.0048492 54 9 18 19 436 371 84 86
-0.00484838 54 18 18 19 436 371 84 86
-0.0048494 54 27 18 19 436 371 84 86
-0.00484866 54 36 18 19 436 371 84 86
-0.00484616 54 45 18 19 436 371 84 86
-0.00484395 54 54 18 19 436 371 84 86
-0.00482173 54 63 18 19 436 371 84 86
-0.00484902 63 0 18 19 436 371 84 86
-0.00484735 63 9 18 19 436 371 84 86
-0.00484642 63 18 18 19 436 371 84 86
-0.00484498 63 27 18 19 436 371 84 86
-0.00484725 63 36 18 19 436 371 84 86
-0.00484214 63 45 18 19 436 371 84 86
-0.00483808 63 54 18 19 436 371 84 86
-0.00483979 63 63 18 19 436 371 84 86
-0.00484071 0 0 18 19 436 371 84 86
-0.00482202 0 9 18 19 436 371 84 86
-0.00188095 0 18 18 19 436 371 84 86
-0.00483432 0 27 18 19 436 371 84 86
-0.00484713 0 36 18 19 436 371 84 86
-0.00484795 0 45 18 19 436 371 84 86
-0.00484608 0 54 18 19 436 371 84 86
-0.00483884 0 63 18 19 436 371 84 86
-0.00483927 9 0 18 19 436 371 84 86
-0.00484404 9 9 18 19 436 371 84 86
-0.00484331 9 18 18 19 436 371 84 86
-0.00484872 9 27 18 19 436 371 84 86
-0.00484945 9 36 18 19 436 371 84 86
-0.00484584 9 45 18 19 436 371 84 86
-0.00484645 9 54 18 19 436 371 84 86
-0.00484043 9 63 18 19 436 371 84 86
-0.00219233 18 0 18 19 436 371 84 86
-0.00484226 18 9 18 19 436 371 84 86
-0.00484912 18 18 18 19 436 371 84 86
-0.00484946 18 27 18 19 436 371 84 86
-0.00484405 18 36 18 19 436 371 84 86
-0.00484273 18 45 18 19 436 371 84 86
-0.00484527 18 54 18 19 436 371 84 86
-0.00483629 18 63 18 19 436 371 84 86
-0.00483326 27 0 18 19 436 371 84 86
-0.00484765 27 9 18 19 436 371 84 86
-0.00484974 27 18 18 19 436 371 84 86
-0.0048465 27 27 18 19 436 371 84 86
-0.00269104 27 36 18 19 436 371 84 86
-0.00484263 27 45 18 19 436 371 84 86
-0.00484053 27 54 18 19 436 371 84 86
-0.00483163 27 63 18 19 436 371 84 86
-0.00483677 36 0 18 19 436 371 84 86
-0.00484873 36 9 18 19 436 371 84 86
-0.00484929 36 18 18 19 436 371 84 86
-0.00483185 36 27 18 19 436 371 84 86
-0.0048293 36 36 18 19 436 371 84 86
-0.00484512 36 45 18 19 436 371 84 86
-0.00484117 36 54 18 19 436 371 84 86
-0.00394816 36 63 18 19 436 371 84 86
-0.00457308 45 0 18 19 436 371 84 86
-0.00484876 45 9 18 19 436 371 84 86
-0.00484864 45 18 18 19 436 371 84 86
-0.00482265 45 27 18 19 436 371 84 86
-0.00484215 45 36 18 19 436 371 84 86
-0.00484661 45 45 18 19 436 371 84 86
-0.00484393 45 54 18 19 436 371 84 86
-0.00484059 45 63 18 19 436 371 84 86
-0.00484769 54 0 18 19 436 371 84 86
-0.00484934 54 9 18 19 436 371 84 86
-0.00484322 54 18 18 19 436 371 84 86
-0.00484487 54 27 18 19 436 371 84 86
-0.00484523 54 36 18 19 436 371 84 86
-0.004842 54 45 18 19 436 371 84 86
-0.00483762 54 54 18 19 436 371 84 86
-0.00484435 54 63 18 19 436 371 84 86
-0.00484918 63 0 18 19 436 371 84 86
-0.00484708 63 9 18 19 436 371 84 86
-0.00484614 63 18 18 19 436 371 84 86
-0.00484852 63 27 18 19 436 371 84 86
-0.0048464 63 36 18 19 436 371 84 86
-0.00484084 63 45 18 19 436 371 84 86
-0.00484042 63 54 18 19 436 371 84 86
-0.00484582 63 63 18 19 436 371 84 86
-0.00482669 0 0 18 19 436 371 84 86
-0.00441755 0 9 18 19 436 371 84 86
-0.00484479 0 18 18 19 436 371 84 86
-0.00484692 0 27 18 19 436 371 84 86
-0.00484242 0 36 18 19 436 371 84 86
-0.00484795 0 45 18 19 436 371 84 86
-0.00483553 0 54 18 19 436 371 84 86
-0.00483963 0 63 18 19 436 371 84 86
-0.00484669 9 0 18 19 436 371 84 86
-0.00484314 9 9 18 19 436 371 84 86
-0.00484117 9 18 18 19 436 371 84 86
-0.00484078 9 27 18 19 436 371 84 86
-0.00483787 9 36 18 19 436 371 84 86
-0.0048485 9 45 18 19 436 371 84 86
-0.00483912 9 54 18 19 436 371 84 86
-0.00483852 9 63 18 19 436 371 84 86
-0.00404668 18 0 18 19 436 371 84 86
-0.00264339 18 9 18 19 436 371 84 86
-0.004294 18 18 18 19 436 371 84 86
-0.00483368 18 27 18 19 436 371 84 86
-0.00484712 18 36 18 19 436 371 84 86
-0.00484873 18 45 18 19 436 371 84 86
-0.00475887 18 54 18 19 436 371 84 86
-0.00484573 18 63 18 19 436 371 84 86
-0.00484026 27 0 18 19 436 371 84 86
-0.0036621 27 9 18 19 436 371 84 86
-0.00482883 27 18 18 19 436 371 84 86
-0.00484081 27 27 18 19 436 371 84 86
-0.00484837 27 36 18 19 436 371 84 86
-0.00484781 27 45 18 19 436 371 84 86
-0.00482847 27 54 18 19 436 371 84 86
-0.00484675 27 63 18 19 436 371 84 86
-0.00482989 36 0 18 19 436 371 84 86
-0.00482707 36 9 18 19 436 371 84 86
-0.00484078 36 18 18 19 436 371 84 86
-0.00484616 36 27 18 19 436 371 84 86
-0.00484861 36 36 18 19 436 371 84 86
-0.0048414 36 45 18 19 436 371 84 86
-0.00250029 36 54 18 19 436 371 84 86
-0.004839 36 63 18 19 436 371 84 86
-0.00398165 45 0 18 19 436 371 84 86
-0.00483453 45 9 18 19 436 371 84 86
-0.00484554 45 18 18 19 436 371 84 86
-0.00484784 45 27 18 19 436 371 84 86
-0.00484623 45 36 18 19 436 371 84 86
-0.00384442 45 45 18 19 436 371 84 86
-0.00482153 45 54 18 19 436 371 84 86
-0.00432401 45 63 18 19 436 371 84 86
-0.00483221 54 0 18 19 436 371 84 86
-0.00484631 54 9 18 19 436 371 84 86
-0.00484754 54 18 18 19 436 371 84 86
-0.00484679 54 27 18 19 436 371 84 86
-0.00483219 54 36 18 19 436 371 84 86
-0.00377238 54 45 18 19 436 371 84 86
-0.00483428 54 54 18 19 436 371 84 86
-0.00483904 54 63 18 19 436 371 84 86
-0.00484664 63 0 18 19 436 371 84 86
-0.00484904 63 9 18 19 436 371 84 86
-0.00484717 63 18 18 19 436 371 84 86
-0.00484334 63 27 18 19 436 371 84 86
-0.0048361 63 36 18 19 436 371 84 86
-0.00482735 63 45 18 19 436 371 84 86
-0.00482316 63 54 18 19 436 371 84 86
-0.00478963 63 63 18 19 436 371 84 86
-0.00484654 0 0 18 19 436 371 84 86
-0.00484743 0 9 18 19 436 371 84 86
-0.0048402 0 18 18 19 436 371 84 86
-0.0048495 0 27 18 19 436 371 84 86
-0.00484681 0 36 18 19 436 371 84 86
-0.00484351 0 45 18 19 436 371 84 86
-0.00484071 0 54 18 19 436 371 84 86
-0.00482123 0 63 18 19 436 371 84 86
-0.00484458 9 0 18 19 436 371 84 86
-0.00484816 9 9 18 19 436 371 84 86
-0.00484883 9 18 18 19 436 371 84 86
-0.00484947 9 27 18 19 436 371 84 86
-0.00483866 9 36 18 19 436 371 84 86
-0.00483297 9 45 18 19 436 371 84 86
-0.00483201 9 54 18 19 436 371 84 86
-0.00483592 9 63 18 19 436 371 84 86
-0.00225008 18 0 18 19 436 371 84 86
-0.00482446 18 9 18 19 436 371 84 86
-0.00484622 18 18 18 19 436 371 84 86
-0.00484577 18 27 18 19 436 371 84 86
-0.00240427 18 36 18 19 436 371 84 86
-0.00484233 18 45 18 19 436 371 84 86
-0.0048485 18 54 18 19 436 371 84 86
-0.00484942 18 63 18 19 436 371 84 86
-0.00483876 27 0 18 19 436 371 84 86
-0.00482473 27 9 18 19 436 371 84 86
-0.00483323 27 18 18 19 436 371 84 86
-0.0029785 27 27 18 19 436 371 84 86
-0.00484336 27 36 18 19 436 371 84 86
-0.0048482 27 45 18 19 436 371 84 86
-0.00484944 27 54 18 19 436 371 84 86
-0.0048456 27 63 18 19 436 371 84 86
-0.00484383 36 0 18 19 436 371 84 86
-0.00483992 36 9 18 19 436 371 84 86
-0.00482295 36 18 18 19 436 371 84 86
-0.00484136 36 27 18 19 436 371 84 86
-0.00484916 36 36 18 19 436 371 84 86
-0.00484823 36 45 18 19 436 371 84 86
-0.00484489 36 54 18 19 436 371 84 86
-0.00484353 36 63 18 19 436 371 84 86
-0.0048483 45 0 18 19 436 371 84 86
-0.00484432 45 9 18 19 436 371 84 86
-0.0571393 45 18 18 19 436 371 84 86
-0.00484592 45 27 18 19 436 371 84 86
-0.00484584 45 36 18 19 436 371 84 86
-0.00484823 45 45 18 19 436 371 84 86
-0.00484744 45 54 18 19 436 371 84 86
-0.00483994 45 63 18 19 436 371 84 86
-0.00484928 54 0 18 19 436 371 84 86
-0.00484815 54 9 18 19 436 371 84 86
-0.0048381 54 18 18 19 436 371 84 86
-0.00484673 54 27 18 19 436 371 84 86
-0.00483785 54 36 18 19 436 371 84 86
-0.00484114 54 45 18 19 436 371 84 86
-0.00484626 54 54 18 19 436 371 84 86
-0.0048484 54 63 18 19 436 371 84 86
-0.00484865 63 0 18 19 436 371 84 86
-0.00484927 63 9 18 19 436 371 84 86
-0.00484931 63 18 18 19 436 371 84 86
-0.00484928 63 27 18 19 436 371 84 86
-0.00484681 63 36 18 19 436 371 84 86
-0.00483107 63 45 18 19 436 371 84 86
-0.00484514 63 54 18 19 436 371 84 86
-0.0048493 63 63 18 19 436 371 84 86
-0.00484936 0 0 18 19 436 371 84 86
-0.00484879 0 9 18 19 436 371 84 86
-0.00484913 0 18 18 19 436 371 84 86
-0.00484935 0 27 18 19 436 371 84 86
-0.00484641 0 36 18 19 436 371 84 86
-0.00484713 0 45 18 19 436 371 84 86
-0.00484423 0 54 18 19 436 371 84 86
-0.00484829 0 63 18 19 436 371 84 86
-0.00484682 9 0 18 19 436 371 84 86
-0.0048494 9 9 18 19 436 371 84 86
-0.00484307 9 18 18 19 436 371 84 86
-0.00484934 9 27 18 19 436 371 84 86
-0.0048476 9 36 18 19 436 371 84 86
-0.00484902 9 45 18 19 436 371 84 86
-0.00484724 9 54 18 19 436 371 84 86
-0.00484745 9 63 18 19 436 371 84 86
-0.00354981 18 0 18 19 436 371 84 86
-0.00484597 18 9 18 19 436 371 84 86
-0.00484842 18 18 18 19 436 371 84 86
-0.004849 18 27 18 19 436 371 84 86
-0.00484001 18 36 18 19 436 371 84 86
-0.00484807 18 45 18 19 436 371 84 86
-0.0048483 18 54 18 19 436 371 84 86
-0.00484492 18 63 18 19 436 371 84 86
-0.00484472 27 0 18 19 436 371 84 86
-0.00484524 27 9 18 19 436 371 84 86
-0.004837 27 18 18 19 436 371 84 86
-0.00484101 27 27 18 19 436 371 84 86
-0.00484872 27 36 18 19 436 371 84 86
-0.00484949 27 45 18 19 436 371 84 86
-0.00484848 27 54 18 19 436 371 84 86
-0.00484857 27 63 18 19 436 371 84 86
-0.00484171 36 0 18 19 436 371 84 86
-0.00484068 36 9 18 19 436 371 84 86
-0.00484386 36 18 18 19 436 371 84 86
-0.00177554 36 27 18 19 436 371 84 86
-0.00484925 36 36 18 19 436 371 84 86
-0.00484778 36 45 18 19 436 371 84 86
-0.00484533 36 54 18 19 436 371 84 86
-0.00484912 36 63 18 19 436 371 84 86
-0.00484756 45 0 18 19 436 371 84 86
-0.00484995 45 9 18 19 436 371 84 86
-0.00484986 45 18 18 19 436 371 84 86
-0.0048487 45 27 18 19 436 371 84 86
-0.00484621 45 36 18 19 436 371 84 86
-0.00484956 45 45 18 19 436 371 84 86
-0.00484948 45 54 18 19 436 371 84 86
-0.00484847 45 63 18 19 436 371 84 86
-0.00484947 54 0 18 19 436 371 84 86
-0.00484639 54 9 18 19 436 371 84 86
-0.00484708 54 18 18 19 436 371 84 86
-0.0048495 54 27 18 19 436 371 84 86
-0.00484621 54 36 18 19 436 371 84 86
-0.0042032 54 45 18 19 436 371 84 86
-0.00484527 54 54 18 19 436 371 84 86
-0.00484212 54 63 18 19 436 371 84 86
-0.00484869 63 0 18 19 436 371 84 86
-0.00484984 63 9 18 19 436 371 84 86
-0.00484906 63 18 18 19 436 371 84 86
-0.00484909 63 27 18 19 436 371 84 86
-0.00484855 63 36 18 19 436 371 84 86
-0.00484595 63 45 18 19 436 371 84 86
-0.00484783 63 54 18 19 436 371 84 86
-0.00484264 63 63 18 19 436 371 84 86
-0.00484852 0 0 18 19 436 371 84 86
-0.00484887 0 9 18 19 436 371 84 86
-0.00484725 0 18 18 19 436 371 84 86
-0.00484955 0 27 18 19 436 371 84 86
-0.00484814 0 36 18 19 436 371 84 86
-0.00484235 0 45 18 19 436 371 84 86
-0.00484831 0 54 18 19 436 371 84 86
-0.0048471 0 63 18 19 436 371 84 86
-0.00484565 9 0 18 19 436 371 84 86
-0.00484806 9 9 18 19 436 371 84 86
-0.00484966 9 18 18 19 436 371 84 86
-0.00484705 9 27 18 19 436 371 84 86
-0.00484464 9 36 18 19 436 371 84 86
-0.00484879 9 45 18 19 436 371 84 86
-0.00484902 9 54 18 19 436 371 84 86
-0.00484744 9 63 18 19 436 371 84 86
-0.00288132 18 0 18 19 436 371 84 86
-0.00484737 18 9 18 19 436 371 84 86
-0.0048496 18 18 18 19 436 371 84 86
-0.00484797 18 27 18 19 436 371 84 86
-0.00484924 18 36 18 19 436 371 84 86
-0.00484938 18 45 18 19 436 371 84 86
-0.00484947 18 54 18 19 436 371 84 86
-0.00483896 18 63 18 19 436 371 84 86
-0.00484171 27 0 18 19 436 371 84 86
-0.00484771 27 9 18 19 436 371 84 86
-0.00484903 27 18 18 19 436 371 84 86
-0.00484962 27 27 18 19 436 371 84 86
-0.00484867 27 36 18 19 436 371 84 86
-0.0048492 27 45 18 19 436 371 84 86
-0.00484855 27 54 18 19 436 371 84 86
-0.00484736 27 63 18 19 436 371 84 86
-0.0048479 36 0 18 19 436 371 84 86
-0.00484479 36 9 18 19 436 371 84 86
-0.00484824 36 18 18 19 436 371 84 86
-0.00482961 36 27 18 19 436 371 84 86
-0.0048476 36 36 18 19 436 371 84 86
-0.0048487 36 45 18 19 436 371 84 86
-0.00484495 36 54 18 19 436 371 84 86
-0.00484861 36 63 18 19 436 371 84 86
-0.00484903 45 0 18 19 436 371 84 86
-0.00484917 45 9 18 19 436 371 84 86
-0.00484995 45 18 18 19 436 371 84 86
-0.00484936 45 27 18 19 436 371 84 86
-0.00484819 45 36 18 19 436 371 84 86
-0.00484851 45 45 18 19 436 371 84 86
-0.00484841 45 54 18 19 436 371 84 86
-0.00484489 45 63 18 19 436 371 84 86
-0.0048491 54 0 18 19 436 371 84 86
-0.00484891 54 9 18 19 436 371 84 86
-0.00484916 54 18 18 19 436 371 84 86
-0.00484919 54 27 18 19 436 371 84 86
-0.0048492 54 36 18 19 436 371 84 86
-0.00484564 54 45 18 19 436 371 84 86
-0.00483966 54 54 18 19 436 371 84 86
-0.00484001 54 63 18 19 436 371 84 86
-0.00484926 63 0 18 19 436 371 84 86
-0.00484959 63 9 18 19 436 371 84 86
-0.00484714 63 18 18 19 436 371 84 86
-0.00484668 63 27 18 19 436 371 84 86
-0.00484905 63 36 18 19 436 371 84 86
-0.00484661 63 45 18 19 436 371 84 86
-0.0048457 63 54 18 19 436 371 84 86
-0.00484586 63 63 18 19 436 371 84 86
-0.00484707 0 0 18 19 436 371 84 86
-0.004847 0 9 18 19 436 371 84 86
-0.00484406 0 18 18 19 436 371 84 86
-0.0048494 0 27 18 19 436 371 84 86
-0.0048462 0 36 18 19 436 371 84 86
-0.0048401 0 45 18 19 436 371 84 86
-0.00483601 0 54 18 19 436 371 84 86
-0.00482831 0 63 18 19 436 371 84 86
-0.00482926 9 0 18 19 436 371 84 86
-0.00484578 9 9 18 19 436 371 84 86
-0.00484926 9 18 18 19 436 371 84 86
-0.00484761 9 27 18 19 436 371 84 86
-0.00484054 9 36 18 19 436 371 84 86
-0.00483742 9 45 18 19 436 371 84 86
-0.00483683 9 54 18 19 436 371 84 86
-0.00484357 9 63 18 19 436 371 84 86
-0.00235946 18 0 18 19 436 371 84 86
-0.00484825 18 9 18 19 436 371 84 86
-0.00484918 18 18 18 19 436 371 84 86
-0.00484866 18 27 18 19 436 371 84 86
-0.00484955 18 36 18 19 436 371 84 86
-0.00484912 18 45 18 19 436 371 84 86
-0.00484652 18 54 18 19 436 371 84 86
-0.00484488 18 63 18 19 436 371 84 86
-0.00483652 27 0 18 19 436 371 84 86
-0.00484948 27 9 18 19 436 371 84 86
-0.00484686 27 18 18 19 436 371 84 86
-0.0048496 27 27 18 19 436 371 84 86
-0.00484675 27 36 18 19 436 371 84 86
-0.00484939 27 45 18 19 436 371 84 86
-0.00484595 27 54 18 19 436 371 84 86
-0.00484615 27 63 18 19 436 371 84 86
-0.00484524 36 0 18 19 436 371 84 86
-0.00484934 36 9 18 19 436 371 84 86
-0.00484956 36 18 18 19 436 371 84 86
-0.00484795 36 27 18 19 436 371 84 86
-0.00484877 36 36 18 19 436 371 84 86
-0.00484851 36 45 18 19 436 371 84 86
-0.00484503 36 54 18 19 436 371 84 86
-0.00484239 36 63 18 19 436 371 84 86
-0.00484302 45 0 18 19 436 371 84 86
-0.00484704 45 9 18 19 436 371 84 86
-0.00484706 45 18 18 19 436 371 84 86
-0.00484968 45 27 18 19 436 371 84 86
-0.00484961 45 36 18 19 436 371 84 86
-0.00484894 45 45 18 19 436 371 84 86
-0.00484828 45 54 18 19 436 371 84 86
-0.00484468 45 63 18 19 436 371 84 86
-0.00484665 54 0 18 19 436 371 84 86
-0.00484939 54 9 18 19 436 371 84 86
-0.00484958 54 18 18 19 436 371 84 86
-0.00484893 54 27 18 19 436 371 84 86
-0.00484138 54 36 18 19 436 371 84 86
-0.00484721 54 45 18 19 436 371 84 86
-0.00484459 54 54 18 19 436 371 84 86
-0.00484448 54 63 18 19 436 371 84 86
-0.00484893 63 0 18 19 436 371 84 86
-0.00484933 63 9 18 19 436 371 84 86
-0.00484928 63 18 18 19 436 371 84 86
-0.00484945 63 27 18 19 436 371 84 86
-0.00484916 63 36 18 19 436 371 84 86
-0.0048478 63 45 18 19 436 371 84 86
-0.00484722 63 54 18 19 436 371 84 86
-0.00484904 63 63 18 19 436 371 84 86
-0.00484163 0 0 18 19 436 371 84 86
-0.00482581 0 9 18 19 436 371 84 86
-0.00483829 0 18 18 19 436 371 84 86
-0.00484122 0 27 18 19 436 371 84 86
-0.00484829 0 36 18 19 436 371 84 86
-0.00484772 0 45 18 19 436 371 84 86
-0.00484041 0 54 18 19 436 371 84 86
-0.00484254 0 63 18 19 436 371 84 86
-0.00482571 9 0 18 19 436 371 84 86
-0.00484656 9 9 18 19 436 371 84 86
-0.00484393 9 18 18 19 436 371 84 86
-0.00484381 9 27 18 19 436 371 84 86
-0.00484555 9 36 18 19 436 371 84 86
-0.00484808 9 45 18 19 436 371 84 86
-0.00484533 9 54 18 19 436 371 84 86
-0.00484831 9 63 18 19 436 371 84 86
-0.00483722 18 0 18 19 436 371 84 86
-0.00484921 18 9 18 19 436 371 84 86
-0.00484225 18 18 18 19 436 371 84 86
-0.00484879 18 27 18 19 436 371 84 86
-0.00483838 18 36 18 19 436 371 84 86
-0.00484772 18 45 18 19 436 371 84 86
-0.00483527 18 54 18 19 436 371 84 86
-0.00484364 18 63 18 19 436 371 84 86
-0.00484695 27 0 18 19 436 371 84 86
-0.00484955 27 9 18 19 436 371 84 86
-0.00483574 27 18 18 19 436 371 84 86
-0.00484914 27 27 18 19 436 371 84 86
-0.00483331 27 36 18 19 436 371 84 86
-0.00484737 27 45 18 19 436 371 84 86
-0.00484135 27 54 18 19 436 371 84 86
-0.00484575 27 63 18 19 436 371 84 86
-0.00484785 36 0 18 19 436 371 84 86
-0.00484896 36 9 18 19 436 371 84 86
-0.00484229 36 18 18 19 436 371 84 86
-0.00484908 36 27 18 19 436 371 84 86
-0.00484347 36 36 18 19 436 371 84 86
-0.00484688 36 45 18 19 436 371 84 86
-0.00484137 36 54 18 19 436 371 84 86
-0.00484545 36 63 18 19 436 371 84 86
-0.00484774 45 0 18 19 436 371 84 86
-0.00484951 45 9 18 19 436 371 84 86
-0.00484844 45 18 18 19 436 371 84 86
-0.00484803 45 27 18 19 436 371 84 86
-0.00484899 45 36 18 19 436 371 84 86
-0.0048484 45 45 18 19 436 371 84 86
-0.00484656 45 54 18 19 436 371 84 86
-0.0048469 45 63 18 19 436 371 84 86
-0.0048476 54 0 18 19 436 371 84 86
-0.00484765 54 9 18 19 436 371 84 86
-0.00484578 54 18 18 19 436 371 84 86
-0.004847 54 27 18 19 436 371 84 86
-0.00484894 54 36 18 19 436 371 84 86
-0.00484783 54 45 18 19 436 371 84 86
-0.0048478 54 54 18 19 436 371 84 86
-0.00484571 54 63 18 19 436 371 84 86
-0.00484535 63 0 18 19 436 371 84 86
-0.00484749 63 9 18 19 436 371 84 86
-0.00484504 63 18 18 19 436 371 84 86
-0.0048464 63 27 18 19 436 371 84 86
-0.00484939 63 36 18 19 436 371 84 86
-0.00484625 63 45 18 19 436 371 84 86
-0.00484396 63 54 18 19 436 371 84 86
-0.00484004 63 63 18 19 436 371 84 86
-0.00484022 0 0 18 19 436 371 84 86
-0.00484421 0 9 18 19 436 371 84 86
-0.00484353 0 18 18 19 436 371 84 86
-0.00484354 0 27 18 19 436 371 84 86
-0.00484723 0 36 18 19 436 371 84 86
-0.00484842 0 45 18 19 436 371 84 86
-0.00484583 0 54 18 19 436 371 84 86
-0.00484113 0 63 18 19 436 371 84 86
-0.00484836 9 0 18 19 436 371 84 86
-0.00484614 9 9 18 19 436 371 84 86
-0.00483953 9 18 18 19 436 371 84 86
-0.00484473 9 27 18 19 436 371 84 86
-0.00484869 9 36 18 19 436 371 84 86
-0.00484904 9 45 18 19 436 371 84 86
-0.00484749 9 54 18 19 436 371 84 86
-0.00483964 9 63 18 19 436 371 84 86
-0.00484059 18 0 18 19 436 371 84 86
-0.00484862 18 9 18 19 436 371 84 86
-0.00484711 18 18 18 19 436 371 84 86
-0.00484822 18 27 18 19 436 371 84 86
-0.00483885 18 36 18 19 436 371 84 86
-0.0048484 18 45 18 19 436 371 84 86
-0.00484803 18 54 18 19 436 371 84 86
-0.00484354 18 63 18 19 436 371 84 86
-0.00484682 27 0 18 19 436 371 84 86
-0.00484771 27 9 18 19 436 371 84 86
-0.00483966 27 18 18 19 436 371 84 86
-0.00484393 27 27 18 19 436 371 84 86
-0.00482718 27 36 18 19 436 371 84 86
-0.0048466 27 45 18 19 436 371 84 86
-0.00484743 27 54 18 19 436 371 84 86
-0.00484388 27 63 18 19 436 371 84 86
-0.00484581 36 0 18 19 436 371 84 86
-0.00484872 36 9 18 19 436 371 84 86
-0.00484813 36 18 18 19 436 371 84 86
-0.00484237 36 27 18 19 436 371 84 86
-0.00484161 36 36 18 19 436 371 84 86
-0.00484773 36 45 18 19 436 371 84 86
-0.00484851 36 54 18 19 436 371 84 86
-0.00484774 36 63 18 19 436 371 84 86
-0.00484231 45 0 18 19 436 371 84 86
-0.00484829 45 9 18 19 436 371 84 86
-0.00484774 45 18 18 19 436 371 84 86
-0.00484854 45 27 18 19 436 371 84 86
-0.0048481 45 36 18 19 436 371 84 86
-0.00484915 45 45 18 19 436 371 84 86
-0.00484756 45 54 18 19 436 371 84 86
-0.00484076 45 63 18 19 436 371 84 86
-0.0048451 54 0 18 19 436 371 84 86
-0.00484847 54 9 18 19 436 371 84 86
-0.00484818 54 18 18 19 436 371 84 86
-0.00484817 54 27 18 19 436 371 84 86
-0.00484912 54 36 18 19 436 371 84 86
-0.00484584 54 45 18 19 436 371 84 86
-0.00484852 54 54 18 19 436 371 84 86
-0.00484853 54 63 18 19 436 371 84 86
-0.00484923 63 0 18 19 436 371 84 86
-0.0048494 63 9 18 19 436 371 84 86
-0.00484942 63 18 18 19 436 371 84 86
-0.00484954 63 27 18 19 436 371 84 86
-0.00484764 63 36 18 19 436 371 84 86
-0.00484917 63 45 18 19 436 371 84 86
-0.00484003 63 54 18 19 436 371 84 86
-0.00484307 63 63 18 19 436 371 84 86
-0.00484724 0 0 18 19 436 371 84 86
-0.00484715 0 9 18 19 436 371 84 86
-0.00484883 0 18 18 19 436 371 84 86
-0.00484683 0 27 18 19 436 371 84 86
-0.00484349 0 36 18 19 436 371 84 86
-0.00484626 0 45 18 19 436 371 84 86
-0.00484597 0 54 18 19 436 371 84 86
-0.00484717 0 63 18 19 436 371 84 86
-0.00484887 9 0 18 19 436 371 84 86
-0.00484867 9 9 18 19 436 371 84 86
-0.00484492 9 18 18 19 436 371 84 86
-0.00484835 9 27 18 19 436 371 84 86
-0.0048486 9 36 18 19 436 371 84 86
-0.00484713 9 45 18 19 436 371 84 86
-0.00484822 9 54 18 19 436 371 84 86
-0.00484048 9 63 18 19 436 371 84 86
-0.00483958 18 0 18 19 436 371 84 86
-0.00484846 18 9 18 19 436 371 84 86
-0.00484943 18 18 18 19 436 371 84 86
-0.00484919 18 27 18 19 436 371 84 86
-0.00484495 18 36 18 19 436 371 84 86
-0.0048483 18 45 18 19 436 371 84 86
-0.00484779 18 54 18 19 436 371 84 86
-0.00483907 18 63 18 19 436 371 84 86
-0.00484928 27 0 18 19 436 371 84 86
-0.00484937 27 9 18 19 436 371 84 86
-0.00484393 27 18 18 19 436 371 84 86
-0.00483465 27 27 18 19 436 371 84 86
-0.00484344 27 36 18 19 436 371 84 86
-0.00484792 27 45 18 19 436 371 84 86
-0.00484482 27 54 18 19 436 371 84 86
-0.00484273 27 63 18 19 436 371 84 86
-0.00484911 36 0 18 19 436 371 84 86
-0.00484859 36 9 18 19 436 371 84 86
-0.00484837 36 18 18 19 436 371 84 86
-0.00170432 36 27 18 19 436 371 84 86
-0.00484331 36 36 18 19 436 371 84 86
-0.00484716 36 45 18 19 436 371 84 86
-0.00484458 36 54 18 19 436 371 84 86
-0.00484529 36 63 18 19 436 371 84 86
-0.00484703 45 0 18 19 436 371 84 86
-0.00484905 45 9 18 19 436 371 84 86
-0.00484662 45 18 18 19 436 371 84 86
-0.00401466 45 27 18 19 436 371 84 86
-0.00484456 45 36 18 19 436 371 84 86
-0.00484745 45 45 18 19 436 371 84 86
-0.00484557 45 54 18 19 436 371 84 86
-0.00484382 45 63 18 19 436 371 84 86
-0.00483444 54 0 18 19 436 371 84 86
-0.00484666 54 9 18 19 436 371 84 86
-0.00484197 54 18 18 19 436 371 84 86
-0.00484232 54 27 18 19 436 371 84 86
-0.00484643 54 36 18 19 436 371 84 86
-0.00483994 54 45 18 19 436 371 84 86
-0.0048421 54 54 18 19 436 371 84 86
-0.00484786 54 63 18 19 436 371 84 86
-0.00484922 63 0 18 19 436 371 84 86
-0.00484966 63 9 18 19 436 371 84 86
-0.00484963 63 18 18 19 436 371 84 86
-0.00484892 63 27 18 19 436 371 84 86
-0.00484859 63 36 18 19 436 371 84 86
-0.00484339 63 45 18 19 436 371 84 86
-0.00484254 63 54 18 19 436 371 84 86
-0.00484339 63 63 18 19 436 371 84 86
-0.00484762 0 0 28 24 436 371 84 86
-0.0048465 0 12 28 24 436 371 84 86
-0.00482849 0 24 28 24 436 371 84 86
-0.00484217 0 36 28 24 436 371 84 86
-0.00483633 0 48 28 24 436 371 84 86
-0.00373614 0 60 28 24 436 371 84 86
-0.0048408 14 0 28 24 436 371 84 86
-0.00484602 14 12 28 24 436 371 84 86
-0.00484763 14 24 28 24 436 371 84 86
-0.0048469 14 36 28 24 436 371 84 86
-0.00484793 14 48 28 24 436 371 84 86
-0.00426389 14 60 28 24 436 371 84 86
-0.00484652 28 0 28 24 436 371 84 86
-0.00484524 28 12 28 24 436 371 84 86
-0.00484507 28 24 28 24 436 371 84 86
-0.00484714 28 36 28 24 436 371 84 86
-0.00484846 28 48 28 24 436 371 84 86
-0.00472797 28 60 28 24 436 371 84 86
-0.00484823 42 0 28 24 436 371 84 86
-0.00484731 42 12 28 24 436 371 84 86
-0.00484805 42 24 28 24 436 371 84 86
-0.00484953 42 36 28 24 436 371 84 86
-0.00484409 42 48 28 24 436 371 84 86
-0.00460446 42 60 28 24 436 371 84 86
-0.00484856 56 0 28 24 436 371 84 86
-0.00484597 56 12 28 24 436 371 84 86
-0.00484234 56 24 28 24 436 371 84 86
-0.00484696 56 36 28 24 436 371 84 86
-0.00483133 56 48 28 24 436 371 84 86
-0.00483918 56 60 28 24 436 371 84 86
-0.00483455 0 0 28 24 436 371 84 86
-0.00483572 0 12 28 24 436 371 84 86
-0.00484705 0 24 28 24 436 371 84 86
-0.00484776 0 36 28 24 436 371 84 86
-0.00484287 0 48 28 24 436 371 84 86
-0.0048389 0 60 28 24 436 371 84 86
-0.00312577 14 0 28 24 436 371 84 86
-0.00484789 14 12 28 24 436 371 84 86
-0.00484939 14 24 28 24 436 371 84 86
-0.00483789 14 36 28 24 436 371 84 86
-0.00484218 14 48 28 24 436 371 84 86
-0.00483549 14 60 28 24 436 371 84 86
-0.00483914 28 0 28 24 436 371 84 86
-0.00484947 28 12 28 24 436 371 84 86
-0.00484522 28 24 28 24 436 371 84 86
-0.00483293 28 36 28 24 436 371 84 86
-0.00484111 28 48 28 24 436 371 84 86
-0.00204801 28 60 28 24 436 371 84 86
-0.00484772 42 0 28 24 436 371 84 86
-0.00484852 42 12 28 24 436 371 84 86
-0.00483535 42 24 28 24 436 371 84 86
-0.00484253 42 36 28 24 436 371 84 86
-0.00484189 42 48 28 24 436 371 84 86
-0.00483732 42 60 28 24 436 371 84 86
-0.00484797 56 0 28 24 436 371 84 86
-0.0048408 56 12 28 24 436 371 84 86
-0.00484455 56 24 28 24 436 371 84 86
-0.00484311 56 36 28 24 436 371 84 86
-0.00483541 56 48 28 24 436 371 84 86
-0.00484419 56 60 28 24 436 371 84 86
-0.00483298 0 0 28 24 436 371 84 86
-0.00483758 0 12 28 24 436 371 84 86
-0.00484373 0 24 28 24 436 371 84 86
-0.00484637 0 36 28 24 436 371 84 86
-0.00483538 0 48 28 24 436 371 84 86
-0.00307672 0 60 28 24 436 371 84 86
-0.00199214 14 0 28 24 436 371 84 86
-0.00278889 14 12 28 24 436 371 84 86
-0.00483955 14 24 28 24 436 371 84 86
-0.00484847 14 36 28 24 436 371 84 86
-0.00483529 14 48 28 24 436 371 84 86
-0.004832 14 60 28 24 436 371 84 86
-0.0048338 28 0 28 24 436 371 84 86
-0.00482753 28 12 28 24 436 371 84 86
-0.00484602 28 24 28 24 436 371 84 86
-0.00484829 28 36 28 24 436 371 84 86
-0.0023091 28 48 28 24 436 371 84 86
-0.0041106 28 60 28 24 436 371 84 86
-0.00483067 42 0 28 24 436 371 84 86
-0.00484434 42 12 28 24 436 371 84 86
-0.00484768 42 24 28 24 436 371 84 86
-0.00484044 42 36 28 24 436 371 84 86
-0.00212615 42 48 28 24 436 371 84 86
-0.0033062 42 60 28 24 436 371 84 86
-0.00484671 56 0 28 24 436 371 84 86
-0.00484831 56 12 28 24 436 371 84 86
-0.00484412 56 24 28 24 436 371 84 86
-0.00463559 56 36 28 24 436 371 84 86
-0.00482431 56 48 28 24 436 371 84 86
-0.00482741 56 60 28 24 436 371 84 86
-0.00484602 0 0 28 24 436 371 84 86
-0.00484796 0 12 28 24 436 371 84 86
-0.0048494 0 24 28 24 436 371 84 86
-0.00483747 0 36 28 24 436 371 84 86
-0.00483355 0 48 28 24 436 371 84 86
-0.00482891 0 60 28 24 436 371 84 86
-0.00181578 14 0 28 24 436 371 84 86
-0.004842 14 12 28 24 436 371 84 86
-0.00484261 14 24 28 24 436 371 84 86
-0.00417313 14 36 28 24 436 371 84 86
-0.00484775 14 48 28 24 436 371 84 86
-0.00484808 14 60 28 24 436 371 84 86
-0.00483845 28 0 28 24 436 371 84 86
-0.00482426 28 12 28 24 436 371 84 86
-0.00334794 28 24 28 24 436 371 84 86
-0.0048452 28 36 28 24 436 371 84 86
-0.00484693 28 48 28 24 436 371 84 86
-0.00484062 28 60 28 24 436 371 84 86
-0.00484833 42 0 28 24 436 371 84 86
-0.0048337 42 12 28 24 436 371 84 86
-0.00484209 42 24 28 24 436 371 84 86
-0.00483388 42 36 28 24 436 371 84 86
-0.00483413 42 48 28 24 436 371 84 86
-0.00484483 42 60 28 24 436 371 84 86
-0.00484881 56 0 28 24 436 371 84 86
-0.00484807 56 12 28 24 436 371 84 86
-0.00484702 56 24 28 24 436 371 84 86
-0.00484196 56 36 28 24 436 371 84 86
-0.00483028 56 48 28 24 436 371 84 86
-0.00484901 56 60 28 24 436 371 84 86
-0.00484887 0 0 28 24 436 371 84 86
-0.0048438 0 12 28 24 436 371 84 86
-0.00484732 0 24 28 24 436 371 84 86
-0.00484471 0 36 28 24 436 371 84 86
-0.00484544 0 48 28 24 436 371 84 86
-0.00484682 0 60 28 24 436 371 84 86
-0.00483331 14 0 28 24 436 371 84 86
-0.00483949 14 12 28 24 436 371 84 86
-0.00484793 14 24 28 24 436 371 84 86
-0.00484759 14 36 28 24 436 371 84 86
-0.00484914 14 48 28 24 436 371 84 86
-0.00484525 14 60 28 24 436 371 84 86
-0.00482685 28 0 28 24 436 371 84 86
-0.00484495 28 12 28 24 436 371 84 86
-0.00482824 28 24 28 24 436 371 84 86
-0.00484919 28 36 28 24 436 371 84 86
-0.0048291 28 48 28 24 436 371 84 86
-0.00484794 28 60 28 24 436 371 84 86
-0.00484894 42 0 28 24 436 371 84 86
-0.00484524 42 12 28 24 436 371 84 86
-0.00484941 42 24 28 24 436 371 84 86
-0.00484863 42 36 28 24 436 371 84 86
-0.00484929 42 48 28 24 436 371 84 86
-0.00484856 42 60 28 24 436 371 84 86
-0.00484891 56 0 28 24 436 371 84 86
-0.00484107 56 12 28 24 436 371 84 86
-0.00484875 56 24 28 24 436 371 84 86
-0.00484586 56 36 28 24 436 371 84 86
-0.00484402 56 48 28 24 436 371 84 86
-0.00484784 56 60 28 24 436 371 84 86
-0.00484873 0 0 28 24 436 371 84 86
-0.00484924 0 12 28 24 436 371 84 86
-0.00484679 0 24 28 24 436 371 84 86
-0.00483308 0 36 28 24 436 371 84 86
-0.00483919 0 48 28 24 436 371 84 86
-0.00484563 0 60 28 24 436 371 84 86
-0.00483529 14 0 28 24 436 371 84 86
-0.00484954 14 12 28 24 436 371 84 86
-0.00484529 14 24 28 24 436 371 84 86
-0.00484902 14 36 28 24 436 371 84 86
-0.00484918 14 48 28 24 436 371 84 86
-0.00483095 14 60 28 24 436 371 84 86
-0.00483575 28 0 28 24 436 371 84 86
-0.00484566 28 12 28 24 436 371 84 86
-0.00484804 28 24 28 24 436 371 84 86
-0.00484659 28 36 28 24 436 371 84 86
-0.00484689 28 48 28 24 436 371 84 86
-0.00484685 28 60 28 24 436 371 84 86
-0.00484817 42 0 28 24 436 371 84 86
-0.00484951 42 12 28 24 436 371 84 86
-0.00484997 42 24 28 24 436 371 84 86
-0.0048487 42 36 28 24 436 371 84 86
-0.00484757 42 48 28 24 436 371 84 86
-0.00484574 42 60 28 24 436 371 84 86
-0.00484873 56 0 28 24 436 371 84 86
-0.0048452 56 12 28 24 436 371 84 86
-0.00483296 56 24 28 24 436 371 84 86
-0.00484876 56 36 28 24 436 371 84 86
-0.00484046 56 48 28 24 436 371 84 86
-0.00484371 56 60 28 24 436 371 84 86
-0.00484468 0 0 28 24 436 371 84 86
-0.00484784 0 12 28 24 436 371 84 86
-0.00484756 0 24 28 24 436 371 84 86
-0.00483003 0 36 28 24 436 371 84 86
-0.00435466 0 48 28 24 436 371 84 86
-0.00482964 0 60 28 24 436 371 84 86
-0.0048357 14 0 28 24 436 371 84 86
-0.00484893 14 12 28 24 436 371 84 86
-0.00484516 14 24 28 24 436 371 84 86
-0.00484863 14 36 28 24 436 371 84 86
-0.00484593 14 48 28 24 436 371 84 86
-0.00483974 14 60 28 24 436 371 84 86
-0.00484346 28 0 28 24 436 371 84 86
-0.0048464 28 12 28 24 436 371 84 86
-0.00484848 28 24 28 24 436 371 84 86
-0.00484864 28 36 28 24 436 371 84 86
-0.00484662 28 48 28 24 436 371 84 86
-0.00484323 28 60 28 24 436 371 84 86
-0.00484254 42 0 28 24 436 371 84 86
-0.00484222 42 12 28 24 436 371 84 86
-0.0048487 42 24 28 24 436 371 84 86
-0.00484796 42 36 28 24 436 371 84 86
-0.00484435 42 48 28 24 436 371 84 86
-0.00483339 42 60 28 24 436 371 84 86
-0.00484523 56 0 28 24 436 371 84 86
-0.00484604 56 12 28 24 436 371 84 86
-0.00484683 56 24 28 24 436 371 84 86
-0.0048431 56 36 28 24 436 371 84 86
-0.00483211 56 48 28 24 436 371 84 86
-0.00484569 56 60 28 24 436 371 84 86
-0.00482749 0 0 28 24 436 371 84 86
-0.00484187 0 12 28 24 436 371 84 86
-0.00407888 0 24 28 24 436 371 84 86
-0.00484727 0 36 28 24 436 371 84 86
-0.00484149 0 48 28 24 436 371 84 86
-0.00484345 0 60 28 24 436 371 84 86
-0.00484368 14 0 28 24 436 371 84 86
-0.00484362 14 12 28 24 436 371 84 86
-0.0048435 14 24 28 24 436 371 84 86
-0.00484307 14 36 28 24 436 371 84 86
-0.004843 14 48 28 24 436 371 84 86
-0.00483924 14 60 28 24 436 371 84 86
-0.00484901 28 0 28 24 436 371 84 86
-0.0048342 28 12 28 24 436 371 84 86
-0.0048479 28 24 28 24 436 371 84 86
-0.00484484 28 36 28 24 436 371 84 86
-0.00484479 28 48 28 24 436 371 84 86
-0.00484265 28 60 28 24 436 371 84 86
-0.0048483 42 0 28 24 436 371 84 86
-0.00484233 42 12 28 24 436 371 84 86
-0.00484144 42 24 28 24 436 371 84 86
-0.00484934 42 36 28 24 436 371 84 86
-0.00484893 42 48 28 24 436 371 84 86
-0.00484553 42 60 28 24 436 371 84 86
-0.00482701 56 0 28 24 436 371 84 86
-0.00484112 56 12 28 24 436 371 84 86
-0.00484239 56 24 28 24 436 371 84 86
-0.00484957 56 36 28 24 436 371 84 86
-0.0048441 56 48 28 24 436 371 84 86
-0.00483815 56 60 28 24 436 371 84 86
-0.00484408 0 0 28 24 436 371 84 86
-0.00483545 0 12 28 24 436 371 84 86
-0.00483354 0 24 28 24 436 371 84 86
-0.00484814 0 36 28 24 436 371 84 86
-0.00484501 0 48 28 24 436 371 84 86
-0.00483023 0 60 28 24 436 371 84 86
-0.00484471 14 0 28 24 436 371 84 86
-0.00483855 14 12 28 24 436 371 84 86
-0.00484611 14 24 28 24 436 371 84 86
-0.00484021 14 36 28 24 436 371 84 86
-0.00484726 14 48 28 24 436 371 84 86
-0.00483885 14 60 28 24 436 371 84 86
-0.00484615 28 0 28 24 436 371 84 86
-0.00484608 28 12 28 24 436 371 84 86
-0.00484132 28 24 28 24 436 371 84 86
-0.00484427 28 36 28 24 436 371 84 86
-0.00484907 28 48 28 24 436 371 84 86
-0.00484475 28 60 28 24 436 371 84 86
-0.00484494 42 0 28 24 436 371 84 86
-0.00484741 42 12 28 24 436 371 84 86
-0.00484579 42 24 28 24 436 371 84 86
-0.00484856 42 36 28 24 436 371 84 86
-0.00484562 42 48 28 24 436 371 84 86
-0.00482676 42 60 28 24 436 371 84 86
-0.00484906 56 0 28 24 436 371 84 86
-0.00484871 56 12 28 24 436 371 84 86
-0.00484915 56 24 28 24 436 371 84 86
-0.0048481 56 36 28 24 436 371 84 86
-0.00484641 56 48 28 24 436 371 84 86
-0.00484734 56 60 28 24 436 371 84 86
-0.00484819 0 0 28 24 436 371 84 86
-0.00483211 0 12 28 24 436 371 84 86
-0.00484622 0 24 28 24 436 371 84 86
-0.00484509 0 36 28 24 436 371 84 86
-0.00484692 0 48 28 24 436 371 84 86
-0.00484302 0 60 28 24 436 371 84 86
-0.00484398 14 0 28 24 436 371 84 86
-0.0048462 14 12 28 24 436 371 84 86
-0.0048487 14 24 28 24 436 371 84 86
-0.00483722 14 36 28 24 436 371 84 86
-0.00484849 14 48 28 24 436 371 84 86
-0.00483062 14 60 28 24 436 371 84 86
-0.00484097 28 0 28 24 436 371 84 86
-0.00484709 28 12 28 24 436 371 84 86
-0.00254471 28 24 28 24 436 371 84 86
-0.00484401 28 36 28 24 436 371 84 86
-0.00484781 28 48 28 24 436 371 84 86
-0.00483284 28 60 28 24 436 371 84 86
-0.00483494 42 0 28 24 436 371 84 86
-0.00484751 42 12 28 24 436 371 84 86
-0.0046667 42 24 28 24 436 371 84 86
-0.00484343 42 36 28 24 436 371 84 86
-0.0048425 42 48 28 24 436 371 84 86
-0.00484117 42 60 28 24 436 371 84 86
-0.00484804 56 0 28 24 436 371 84 86
-0.00484974 56 12 28 24 436 371 84 86
-0.00484928 56 24 28 24 436 371 84 86
-0.00484609 56 36 28 24 436 371 84 86
-0.00484004 56 48 28 24 436 371 84 86
-0.0048385 56 60 28 24 436 371 84 86
-0.00484657 0 0 33 34 436 371 84 86
-0.00483871 0 17 33 34 436 371 84 86
-0.00484018 0 34 33 34 436 371 84 86
-0.00639064 0 51 33 34 436 371 84 86
-0.0048407 16 0 33 34 436 371 84 86
-0.00483927 16 17 33 34 436 371 84 86
-0.00484395 16 34 33 34 436 371 84 86
-0.00484403 16 51 33 34 436 371 84 86
-0.00483888 32 0 33 34 436 371 84 86
-0.00484452 32 17 33 34 436 371 84 86
-0.00484838 32 34 33 34 436 371 84 86
-0.00484006 32 51 33 34 436 371 84 86
-0.00317316 48 0 33 34 436 371 84 86
-0.00484552 48 17 33 34 436 371 84 86
-0.00484662 48 34 33 34 436 371 84 86
-0.00347149 48 51 33 34 436 371 84 86
-0.00482843 0 0 33 34 436 371 84 86
-0.00484707 0 17 33 34 436 371 84 86
-0.00484636 0 34 33 34 436 371 84 86
-0.00484031 0 51 33 34 436 371 84 86
-0.00484412 16 0 33 34 436 371 84 86
-0.00484926 16 17 33 34 436 371 84 86
-0.00469732 16 34 33 34 436 371 84 86
-0.00483585 16 51 33 34 436 371 84 86
-0.00484872 32 0 33 34 436 371 84 86
-0.0048453 32 17 33 34 436 371 84 86
-0.00483314 32 34 33 34 436 371 84 86
-0.00369878 32 51 33 34 436 371 84 86
-0.00484708 48 0 33 34 436 371 84 86
-0.00483996 48 17 33 34 436 371 84 86
-0.00484235 48 34 33 34 436 371 84 86
-0.00482763 48 51 33 34 436 371 84 86
-0.00482512 0 0 33 34 436 371 84 86
-0.0048366 0 17 33 34 436 371 84 86
-0.00484368 0 34 33 34 436 371 84 86
-0.00274114 0 51 33 34 436 371 84 86
-0.00451007 16 0 33 34 436 371 84 86
-0.00484064 16 17 33 34 436 371 84 86
-0.00484554 16 34 33 34 436 371 84 86
-0.00483047 16 51 33 34 436 371 84 86
-0.00483318 32 0 33 34 436 371 84 86
-0.00484692 32 17 33 34 436 371 84 86
-0.00484024 32 34 33 34 436 371 84 86
-0.00232006 32 51 33 34 436 371 84 86
-0.00484157 48 0 33 34 436 371 84 86
-0.00484703 48 17 33 34 436 371 84 86
-0.00483015 48 34 33 34 436 371 84 86
-0.00482556 48 51 33 34 436 371 84 86
-0.00484551 0 0 33 34 436 371 84 86
-0.00484726 0 17 33 34 436 371 84 86
-0.00482791 0 34 33 34 436 371 84 86
-0.00484117 0 51 33 34 436 371 84 86
-0.00482625 16 0 33 34 436 371 84 86
-0.00343108 16 17 33 34 436 371 84 86
-0.00484109 16 34 33 34 436 371 84 86
-0.00484706 16 51 33 34 436 371 84 86
-0.00484125 32 0 33 34 436 371 84 86
-0.00245419 32 17 33 34 436 371 84 86
-0.00484575 32 34 33 34 436 371 84 86
-0.00483979 32 51 33 34 436 371 84 86
-0.00484782 48 0 33 34 436 371 84 86
-0.00484024 48 17 33 34 436 371 84 86
-0.00391441 48 34 33 34 436 371 84 86
-0.004843 48 51 33 34 436 371 84 86
-0.00484652 0 0 33 34 436 371 84 86
-0.00482351 0 17 33 34 436 371 84 86
-0.00484545 0 34 33 34 436 371 84 86
-0.00483635 0 51 33 34 436 371 84 86
-0.00321971 16 0 33 34 436 371 84 86
-0.0048422 16 17 33 34 436 371 84 86
-0.00484603 16 34 33 34 436 371 84 86
-0.00484061 16 51 33 34 436 371 84 86
-0.0048487 32 0 33 34 436 371 84 86
-0.00484895 32 17 33 34 436 371 84 86
-0.00484172 32 34 33 34 436 371 84 86
-0.00482643 32 51 33 34 436 371 84 86
-0.00483734 48 0 33 34 436 371 84 86
-0.00484299 48 17 33 34 436 371 84 86
-0.00484669 48 34 33 34 436 371 84 86
-0.00484868 48 51 33 34 436 371 84 86
-0.00484879 0 0 33 34 436 371 84 86
-0.00484244 0 17 33 34 436 371 84 86
-0.00362516 0 34 33 34 436 371 84 86
-0.00483981 0 51 33 34 436 371 84 86
-0.00484468 16 0 33 34 436 371 84 86
-0.00484834 16 17 33 34 436 371 84 86
-0.00484864 16 34 33 34 436 371 84 86
-0.00483977 16 51 33 34 436 371 84 86
-0.00484838 32 0 33 34 436 371 84 86
-0.00484916 32 17 33 34 436 371 84 86
-0.00484781 32 34 33 34 436 371 84 86
-0.00483697 32 51 33 34 436 371 84 86
-0.00484808 48 0 33 34 436 371 84 86
-0.00482197 48 17 33 34 436 371 84 86
-0.00484713 48 34 33 34 436 371 84 86
-0.00484476 48 51 33 34 436 371 84 86
-0.00484559 0 0 33 34 436 371 84 86
-0.00484705 0 17 33 34 436 371 84 86
-0.00482325 0 34 33 34 436 371 84 86
-0.00387978 0 51 33 34 436 371 84 86
-0.00484552 16 0 33 34 436 371 84 86
-0.00484778 16 17 33 34 436 371 84 86
-0.00484823 16 34 33 34 436 371 84 86
-0.00483512 16 51 33 34 436 371 84 86
-0.00482855 32 0 33 34 436 371 84 86
-0.00484917 32 17 33 34 436 371 84 86
-0.00484976 32 34 33 34 436 371 84 86
-0.00484273 32 51 33 34 436 371 84 86
-0.00484217 48 0 33 34 436 371 84 86
-0.00484467 48 17 33 34 436 371 84 86
-0.00483632 48 34 33 34 436 371 84 86
-0.00482893 48 51 33 34 436 371 84 86
-0.0048356 0 0 33 34 436 371 84 86
-0.0048246 0 17 33 34 436 371 84 86
-0.00483881 0 34 33 34 436 371 84 86
-0.00482915 0 51 33 34 436 371 84 86
-0.00484508 16 0 33 34 436 371 84 86
-0.00482618 16 17 33 34 436 371 84 86
-0.00438607 16 34 33 34 436 371 84 86
-0.0048442 16 51 33 34 436 371 84 86
-0.00483295 32 0 33 34 436 371 84 86
-0.00358765 32 17 33 34 436 371 84 86
-0.00484399 32 34 33 34 436 371 84 86
-0.00484609 32 51 33 34 436 371 84 86
-0.00484092 48 0 33 34 436 371 84 86
-0.00483585 48 17 33 34 436 371 84 86
-0.00484739 48 34 33 34 436 371 84 86
-0.00483196 48 51 33 34 436 371 84 86
-0.00483871 0 0 33 34 436 371 84 86
-0.0048381 0 17 33 34 436 371 84 86
-0.0048456 0 34 33 34 436 371 84 86
-0.00483079 0 51 33 34 436 371 84 86
-0.00302676 16 0 33 34 436 371 84 86
-0.00483323 16 17 33 34 436 371 84 86
-0.00483577 16 34 33 34 436 371 84 86
-0.00484781 16 51 33 34 436 371 84 86
-0.00483104 32 0 33 34 436 371 84 86
-0.00380885 32 17 33 34 436 371 84 86
-0.00484577 32 34 33 34 436 371 84 86
-0.00484223 32 51 33 34 436 371 84 86
-0.00484931 48 0 33 34 436 371 84 86
-0.00484967 48 17 33 34 436 371 84 86
-0.00484917 48 34 33 34 436 371 84 86
-0.00483237 48 51 33 34 436 371 84 86
-0.00484613 0 0 33 34 436 371 84 86
-0.00484098 0 17 33 34 436 371 84 86
-0.00484176 0 34 33 34 436 371 84 86
-0.00484193 0 51 33 34 436 371 84 86
-0.0048367 16 0 33 34 436 371 84 86
-0.00484745 16 17 33 34 436 371 84 86
-0.0048422 16 34 33 34 436 371 84 86
-0.00484527 16 51 33 34 436 371 84 86
-0.00482718 32 0 33 34 436 371 84 86
-0.00483119 32 17 33 34 436 371 84 86
-0.00484331 32 34 33 34 436 371 84 86
-0.00483964 32 51 33 34 436 371 84 86
-0.00484337 48 0 33 34 436 371 84 86
-0.00484849 48 17 33 34 436 371 84 86
-0.00484755 48 34 33 34 436 371 84 86
-0.00483452 48 51 33 34 436 371 84 86
-0.00484466 0 0 56 57 436 371 84 86
-0.00482835 0 28 56 57 436 371 84 86
-0.00484544 28 0 56 57 436 371 84 86
-0.00484095 28 28 56 57 436 371 84 86
-0.00484471 0 0 56 57 436 371 84 86
-0.00484091 0 28 56 57 436 371 84 86
-0.00484377 28 0 56 57 436 371 84 86
-0.00292935 28 28 56 57 436 371 84 86
-0.00484173 0 0 56 57 436 371 84 86
-0.00484213 0 28 56 57 436 371 84 86
-0.00484525 28 0 56 57 436 371 84 86
-0.00482712 28 28 56 57 436 371 84 86
-0.00482003 0 0 56 57 436 371 84 86
-0.00283584 0 28 56 57 436 371 84 86
-0.00484168 28 0 56 57 436 371 84 86
-0.00484228 28 28 56 57 436 371 84 86
-0.00483688 0 0 56 57 436 371 84 86
-0.00338979 0 28 56 57 436 371 84 86
-0.00482498 28 0 56 57 436 371 84 86
-0.0048412 28 28 56 57 436 371 84 86
-0.00484549 0 0 56 57 436 371 84 86
-0.00196546 0 28 56 57 436 371 84 86
-0.00483049 28 0 56 57 436 371 84 86
-0.00484634 28 28 56 57 436 371 84 86
-0.00484817 0 0 56 57 436 371 84 86
-0.00423302 0 28 56 57 436 371 84 86
-0.00484544 28 0 56 57 436 371 84 86
-0.00483655 28 28 56 57 436 371 84 86
-0.00483189 0 0 56 57 436 371 84 86
-0.0048287 0 28 56 57 436 371 84 86
-0.00483974 28 0 56 57 436 371 84 86
-0.00483285 28 28 56 57 436 371 84 86
-0.0048315 0 0 56 57 436 371 84 86
-0.00483844 0 28 56 57 436 371 84 86
-0.00484922 28 0 56 57 436 371 84 86
-0.00484742 28 28 56 57 436 371 84 86
-0.00414222 0 0 56 57 436 371 84 86
-0.00483754 0 28 56 57 436 371 84 86
-0.00484613 28 0 56 57 436 371 84 86
-0.004844 28 28 56 57 436 371 84 86
-0.00484387 0 0 84 86 436 371 84 86
-0.00484351 0 0 84 86 436 371 84 86
-0.00484376 0 0 84 86 436 371 84 86
-0.00447921 0 0 84 86 436 371 84 86
-0.00259399 0 0 84 86 436 371 84 86
-0.00326306 0 0 84 86 436 371 84 86
-0.00484343 0 0 84 86 436 371 84 86
-0.00483445 0 0 84 86 436 371 84 86
-0.00484627 0 0 84 86 436 371 84 86
-0.00484584 0 0 84 86 436 371 84 86
