0.00130027 385 319 8 8 436 371 84 86
0.000967836 385 327 8 8 436 371 84 86
0.000717803 385 335 8 8 436 371 84 86
0.000771283 385 343 8 8 436 371 84 86
0.00172153 385 351 8 8 436 371 84 86
0.00336811 385 359 8 8 436 371 84 86
0.0030141 385 367 8 8 436 371 84 86
0.00150083 385 375 8 8 436 371 84 86
0.00252322 385 383 8 8 436 371 84 86
0.00192014 385 391 8 8 436 371 84 86
0.00362153 385 399 8 8 436 371 84 86
0.00264834 385 407 8 8 436 371 84 86
0.00254569 385 415 8 8 436 371 84 86
0.00237918 385 423 8 8 436 371 84 86
0.00494485 385 431 8 8 436 371 84 86
0.00296078 385 439 8 8 436 371 84 86
0.00301423 385 447 8 8 436 371 84 86
0.00535806 385 455 8 8 436 371 84 86
0.00222396 385 463 8 8 436 371 84 86
0.00343403 385 471 8 8 436 371 84 86
0.00226364 385 479 8 8 436 371 84 86
0.00230086 385 487 8 8 436 371 84 86
0.00218542 385 495 8 8 436 371 84 86
0.00159237 385 503 8 8 436 371 84 86
0.000849329 393 319 8 8 436 371 84 86
0.00134837 393 327 8 8 436 371 84 86
0.00152413 393 335 8 8 436 371 84 86
0.00163194 393 343 8 8 436 371 84 86
0.000930615 393 351 8 8 436 371 84 86
0.00408299 393 359 8 8 436 371 84 86
0.000586641 393 367 8 8 436 371 84 86
0.00185701 393 375 8 8 436 371 84 86
0.00157262 393 383 8 8 436 371 84 86
0.00110756 393 391 8 8 436 371 84 86
0.0024535 393 399 8 8 436 371 84 86
0.00273863 393 407 8 8 436 371 84 86
0.00265725 393 415 8 8 436 371 84 86
0.00363834 393 423 8 8 436 371 84 86
0.0020025 393 431 8 8 436 371 84 86
0.00266323 393 439 8 8 436 371 84 86
0.00316705 393 447 8 8 436 371 84 86
0.00509763 393 455 8 8 436 371 84 86
0.00200672 393 463 8 8 436 371 84 86
0.00191938 393 471 8 8 436 371 84 86
0.00234126 393 479 8 8 436 371 84 86
0.00229613 393 487 8 8 436 371 84 86
0.00227492 393 495 8 8 436 371 84 86
0.00278054 393 503 8 8 436 371 84 86
0.000983451 401 319 8 8 436 371 84 86
0.000544772 401 327 8 8 436 371 84 86
0.00065263 401 335 8 8 436 371 84 86
0.00108085 401 343 8 8 436 371 84 86
0.00161413 401 351 8 8 436 371 84 86
0.00115055 401 359 8 8 436 371 84 86
0.000646388 401 367 8 8 436 371 84 86
0.00101693 401 375 8 8 436 371 84 86
0.0015514 401 383 8 8 436 371 84 86
0.00102846 401 391 8 8 436 371 84 86
0.00235183 401 399 8 8 436 371 84 86
0.00256811 401 407 8 8 436 371 84 86
0.00211931 401 415 8 8 436 371 84 86
0.00336077 401 423 8 8 436 371 84 86
0.00264574 401 431 8 8 436 371 84 86
0.00309009 401 439 8 8 436 371 84 86
0.00262699 401 447 8 8 436 371 84 86
0.00496142 401 455 8 8 436 371 84 86
0.0020527 401 463 8 8 436 371 84 86
0.00264421 401 471 8 8 436 371 84 86
0.00212055 401 479 8 8 436 371 84 86
0.0017351 401 487 8 8 436 371 84 86
0.00163113 401 495 8 8 436 371 84 86
0.00259228 401 503 8 8 436 371 84 86
0.00131166 409 319 8 8 436 371 84 86
0.0015237 409 327 8 8 436 371 84 86
0.00169575 409 335 8 8 436 371 84 86
0.00181829 409 343 8 8 436 371 84 86
0.00134073 409 351 8 8 436 371 84 86
0.00113465 409 359 8 8 436 371 84 86
0.0025349 409 367 8 8 436 371 84 86
0.00211677 409 375 8 8 436 371 84 86
0.000776817 409 383 8 8 436 371 84 86
0.00104691 409 391 8 8 436 371 84 86
0.00317514 409 399 8 8 436 371 84 86
0.00284848 409 407 8 8 436 371 84 86
0.00325968 409 415 8 8 436 371 84 86
0.00379632 409 423 8 8 436 371 84 86
0.00293164 409 431 8 8 436 371 84 86
0.00302443 409 439 8 8 436 371 84 86
0.00189038 409 447 8 8 436 371 84 86
0.00177361 409 455 8 8 436 371 84 86
0.00178054 409 463 8 8 436 371 84 86
0.00208477 409 471 8 8 436 371 84 86
0.00181884 409 479 8 8 436 371 84 86
0.00141555 409 487 8 8 436 371 84 86
0.000835664 409 495 8 8 436 371 84 86
0.00269161 409 503 8 8 436 371 84 86
0.00102783 417 319 8 8 436 371 84 86
0.00113022 417 327 8 8 436 371 84 86
0.000913375 417 335 8 8 436 371 84 86
0.000741811 417 343 8 8 436 371 84 86
0.000821615 417 351 8 8 436 371 84 86
0.00108939 417 359 8 8 436 371 84 86
0.00114011 417 367 8 8 436 371 84 86
0.00130781 417 375 8 8 436 371 84 86
0.00235056 417 383 8 8 436 371 84 86
0.00132763 417 391 8 8 436 371 84 86
0.00206921 417 399 8 8 436 371 84 86
0.00166723 417 407 8 8 436 371 84 86
0.00266684 417 415 8 8 436 371 84 86
0.00347624 417 423 8 8 436 371 84 86
0.00439151 417 431 8 8 436 371 84 86
0.00345684 417 439 8 8 436 371 84 86
0.00231438 417 447 8 8 436 371 84 86
0.00374039 417 455 8 8 436 371 84 86
0.002231 417 463 8 8 436 371 84 86
0.00241449 417 471 8 8 436 371 84 86
0.00267951 417 479 8 8 436 371 84 86
0.00208107 417 487 8 8 436 371 84 86
0.00181819 417 495 8 8 436 371 84 86
0.00158813 417 503 8 8 436 371 84 86
0.000955028 425 319 8 8 436 371 84 86
0.00125339 425 327 8 8 436 371 84 86
0.000763379 425 335 8 8 436 371 84 86
0.000993355 425 343 8 8 436 371 84 86
0.00102142 425 351 8 8 436 371 84 86
0.00113672 425 359 8 8 436 371 84 86
0.00100526 425 367 8 8 436 371 84 86
0.0016683 425 375 8 8 436 371 84 86
0.00112762 425 383 8 8 436 371 84 86
0.000814104 425 391 8 8 436 371 84 86
0.00162179 425 399 8 8 436 371 84 86
0.0032054 425 407 8 8 436 371 84 86
0.00422314 425 415 8 8 436 371 84 86
0.00393087 425 423 8 8 436 371 84 86
0.00257392 425 431 8 8 436 371 84 86
0.00402906 425 439 8 8 436 371 84 86
0.00295128 425 447 8 8 436 371 84 86
0.00278504 425 455 8 8 436 371 84 86
0.00283083 425 463 8 8 436 371 84 86
0.00324042 425 471 8 8 436 371 84 86
0.00271695 425 479 8 8 436 371 84 86
0.0032016 425 487 8 8 436 371 84 86
0.00195908 425 495 8 8 436 371 84 86
0.0013136 425 503 8 8 436 371 84 86
0.000968763 433 319 8 8 436 371 84 86
0.00103631 433 327 8 8 436 371 84 86
0.000945103 433 335 8 8 436 371 84 86
0.00102528 433 343 8 8 436 371 84 86
0.000929076 433 351 8 8 436 371 84 86
0.000927165 433 359 8 8 436 371 84 86
0.00077807 433 367 8 8 436 371 84 86
0.00218529 433 375 8 8 436 371 84 86
0.00134758 433 383 8 8 436 371 84 86
0.000484139 433 391 8 8 436 371 84 86
0.00234321 433 399 8 8 436 371 84 86
0.00256764 433 407 8 8 436 371 84 86
0.00388763 433 415 8 8 436 371 84 86
0.00289548 433 423 8 8 436 371 84 86
0.00314448 433 431 8 8 436 371 84 86
0.00317452 433 439 8 8 436 371 84 86
0.00320524 433 447 8 8 436 371 84 86
0.00249717 433 455 8 8 436 371 84 86
0.0030183 433 463 8 8 436 371 84 86
0.00241152 433 471 8 8 436 371 84 86
0.0027402 433 479 8 8 436 371 84 86
0.00319141 433 487 8 8 436 371 84 86
0.00184085 433 495 8 8 436 371 84 86
0.00139257 433 503 8 8 436 371 84 86
0.000989232 441 319 8 8 436 371 84 86
0.00133374 441 327 8 8 436 371 84 86
0.000709469 441 335 8 8 436 371 84 86
0.00078743 441 343 8 8 436 371 84 86
0.000923453 441 351 8 8 436 371 84 86
0.000754391 441 359 8 8 436 371 84 86
0.00130093 441 367 8 8 436 371 84 86
0.00102767 441 375 8 8 436 371 84 86
0.0011859 441 383 8 8 436 371 84 86
0.00104992 441 391 8 8 436 371 84 86
0.0024022 441 399 8 8 436 371 84 86
0.00353465 441 407 8 8 436 371 84 86
0.00244914 441 415 8 8 436 371 84 86
0.00269766 441 423 8 8 436 371 84 86
0.00353657 441 431 8 8 436 371 84 86
0.00341539 441 439 8 8 436 371 84 86
0.00377073 441 447 8 8 436 371 84 86
0.00313469 441 455 8 8 436 371 84 86
0.00208308 441 463 8 8 436 371 84 86
0.00269533 441 471 8 8 436 371 84 86
0.00267946 441 479 8 8 436 371 84 86
0.00253169 441 487 8 8 436 371 84 86
0.00135093 441 495 8 8 436 371 84 86
0.000840328 441 503 8 8 436 371 84 86
0.000905844 449 319 8 8 436 371 84 86
0.0013758 449 327 8 8 436 371 84 86
0.000752677 449 335 8 8 436 371 84 86
0.00097343 449 343 8 8 436 371 84 86
0.00114821 449 351 8 8 436 371 84 86
0.00106178 449 359 8 8 436 371 84 86
0.00145454 449 367 8 8 436 371 84 86
0.0016174 449 375 8 8 436 371 84 86
0.00104314 449 383 8 8 436 371 84 86
0.00179478 449 391 8 8 436 371 84 86
0.0028018 449 399 8 8 436 371 84 86
0.00293579 449 407 8 8 436 371 84 86
0.00280087 449 415 8 8 436 371 84 86
0.00293115 449 423 8 8 436 371 84 86
0.00299449 449 431 8 8 436 371 84 86
0.00323448 449 439 8 8 436 371 84 86
0.00320375 449 447 8 8 436 371 84 86
0.00419401 449 455 8 8 436 371 84 86
0.0024307 449 463 8 8 436 371 84 86
0.00270423 449 471 8 8 436 371 84 86
0.00342567 449 479 8 8 436 371 84 86
0.00327004 449 487 8 8 436 371 84 86
0.00261308 449 495 8 8 436 371 84 86
0.00189649 449 503 8 8 436 371 84 86
0.00101995 457 319 8 8 436 371 84 86
0.00165149 457 327 8 8 436 371 84 86
0.00207937 457 335 8 8 436 371 84 86
0.00149118 457 343 8 8 436 371 84 86
0.00117755 457 351 8 8 436 371 84 86
0.00107903 457 359 8 8 436 371 84 86
0.00203367 457 367 8 8 436 371 84 86
0.00168164 457 375 8 8 436 371 84 86
0.00134302 457 383 8 8 436 371 84 86
0.00162253 457 391 8 8 436 371 84 86
0.00371545 457 399 8 8 436 371 84 86
0.00242445 457 407 8 8 436 371 84 86
0.00177991 457 415 8 8 436 371 84 86
0.00279849 457 423 8 8 436 371 84 86
0.00279484 457 431 8 8 436 371 84 86
0.00318563 457 439 8 8 436 371 84 86
0.00136269 457 447 8 8 436 371 84 86
0.00291626 457 455 8 8 436 371 84 86
0.00180903 457 463 8 8 436 371 84 86
0.00203175 457 471 8 8 436 371 84 86
0.00311264 457 479 8 8 436 371 84 86
0.00281916 457 487 8 8 436 371 84 86
0.00280018 457 495 8 8 436 371 84 86
0.00246191 457 503 8 8 436 371 84 86
0.000942117 465 319 8 8 436 371 84 86
0.00131103 465 327 8 8 436 371 84 86
0.00124636 465 335 8 8 436 371 84 86
0.00132639 465 343 8 8 436 371 84 86
0.000957909 465 351 8 8 436 371 84 86
0.000929531 465 359 8 8 436 371 84 86
0.00140689 465 367 8 8 436 371 84 86
0.00159209 465 375 8 8 436 371 84 86
0.00109727 465 383 8 8 436 371 84 86
0.00156234 465 391 8 8 436 371 84 86
0.00264175 465 399 8 8 436 371 84 86
0.0014752 465 407 8 8 436 371 84 86
0.00193042 465 415 8 8 436 371 84 86
0.00292221 465 423 8 8 436 371 84 86
0.00190295 465 431 8 8 436 371 84 86
0.00178359 465 439 8 8 436 371 84 86
0.0017408 465 447 8 8 436 371 84 86
0.00249636 465 455 8 8 436 371 84 86
0.00136312 465 463 8 8 436 371 84 86
0.00169204 465 471 8 8 436 371 84 86
0.00270628 465 479 8 8 436 371 84 86
0.00351303 465 487 8 8 436 371 84 86
0.00221699 465 495 8 8 436 371 84 86
0.00188939 465 503 8 8 436 371 84 86
0.00129418 473 319 8 8 436 371 84 86
0.00104167 473 327 8 8 436 371 84 86
0.00096834 473 335 8 8 436 371 84 86
0.000952762 473 343 8 8 436 371 84 86
0.000939297 473 351 8 8 436 371 84 86
0.00107923 473 359 8 8 436 371 84 86
0.000910955 473 367 8 8 436 371 84 86
0.00199382 473 375 8 8 436 371 84 86
0.0013765 473 383 8 8 436 371 84 86
0.00321346 473 391 8 8 436 371 84 86
0.00165699 473 399 8 8 436 371 84 86
0.00156588 473 407 8 8 436 371 84 86
0.00310524 473 415 8 8 436 371 84 86
0.00392696 473 423 8 8 436 371 84 86
0.00290996 473 431 8 8 436 371 84 86
0.00179658 473 439 8 8 436 371 84 86
0.00221413 473 447 8 8 436 371 84 86
0.00191639 473 455 8 8 436 371 84 86
0.00196376 473 463 8 8 436 371 84 86
0.00196001 473 471 8 8 436 371 84 86
0.00153224 473 479 8 8 436 371 84 86
0.00322756 473 487 8 8 436 371 84 86
0.00181728 473 495 8 8 436 371 84 86
0.00160997 473 503 8 8 436 371 84 86
0.00126263 481 319 8 8 436 371 84 86
0.000818104 481 327 8 8 436 371 84 86
0.000935805 481 335 8 8 436 371 84 86
0.000899798 481 343 8 8 436 371 84 86
0.000665982 481 351 8 8 436 371 84 86
0.000983093 481 359 8 8 436 371 84 86
0.000732285 481 367 8 8 436 371 84 86
0.00124357 481 375 8 8 436 371 84 86
0.00192181 481 383 8 8 436 371 84 86
0.00288802 481 391 8 8 436 371 84 86
0.00160778 481 399 8 8 436 371 84 86
0.00244667 481 407 8 8 436 371 84 86
0.0015788 481 415 8 8 436 371 84 86
0.00212871 481 423 8 8 436 371 84 86
0.00379198 481 431 8 8 436 371 84 86
0.00267896 481 439 8 8 436 371 84 86
0.00294834 481 447 8 8 436 371 84 86
0.00161787 481 455 8 8 436 371 84 86
0.00160569 481 463 8 8 436 371 84 86
0.00161891 481 471 8 8 436 371 84 86
0.00256254 481 479 8 8 436 371 84 86
0.00263087 481 487 8 8 436 371 84 86
0.00157621 481 495 8 8 436 371 84 86
0.00111412 481 503 8 8 436 371 84 86
0.000987767 489 319 8 8 436 371 84 86
0.000713754 489 327 8 8 436 371 84 86
0.000665908 489 335 8 8 436 371 84 86
0.00064823 489 343 8 8 436 371 84 86
0.000805405 489 351 8 8 436 371 84 86
0.000534791 489 359 8 8 436 371 84 86
0.000715683 489 367 8 8 436 371 84 86
0.00101852 489 375 8 8 436 371 84 86
0.00100503 489 383 8 8 436 371 84 86
0.00210094 489 391 8 8 436 371 84 86
0.00169289 489 399 8 8 436 371 84 86
0.00319053 489 407 8 8 436 371 84 86
0.00386743 489 415 8 8 436 371 84 86
0.00257288 489 423 8 8 436 371 84 86
0.00358593 489 431 8 8 436 371 84 86
0.00237529 489 439 8 8 436 371 84 86
0.00309038 489 447 8 8 436 371 84 86
0.00321345 489 455 8 8 436 371 84 86
0.00189439 489 463 8 8 436 371 84 86
0.00237052 489 471 8 8 436 371 84 86
0.00249609 489 479 8 8 436 371 84 86
0.00271521 489 487 8 8 436 371 84 86
0.00211078 489 495 8 8 436 371 84 86
0.00147558 489 503 8 8 436 371 84 86
0.00163316 497 319 8 8 436 371 84 86
0.000716287 497 327 8 8 436 371 84 86
0.00106218 497 335 8 8 436 371 84 86
0.0007628 497 343 8 8 436 371 84 86
0.000639893 497 351 8 8 436 371 84 86
0.0011617 497 359 8 8 436 371 84 86
0.000773876 497 367 8 8 436 371 84 86
0.00105012 497 375 8 8 436 371 84 86
0.0040722 497 383 8 8 436 371 84 86
0.00351738 497 391 8 8 436 371 84 86
0.00313824 497 399 8 8 436 371 84 86
0.00543372 497 407 8 8 436 371 84 86
0.00350111 497 415 8 8 436 371 84 86
0.00332626 497 423 8 8 436 371 84 86
0.00284987 497 431 8 8 436 371 84 86
0.00396493 497 439 8 8 436 371 84 86
0.00224399 497 447 8 8 436 371 84 86
0.00248117 497 455 8 8 436 371 84 86
0.001969 497 463 8 8 436 371 84 86
0.00155393 497 471 8 8 436 371 84 86
0.00186529 497 479 8 8 436 371 84 86
0.00347738 497 487 8 8 436 371 84 86
0.00234351 497 495 8 8 436 371 84 86
0.00128381 497 503 8 8 436 371 84 86
0.000703603 505 319 8 8 436 371 84 86
0.000462392 505 327 8 8 436 371 84 86
0.000677466 505 335 8 8 436 371 84 86
0.000698888 505 343 8 8 436 371 84 86
0.000662798 505 351 8 8 436 371 84 86
0.000924621 505 359 8 8 436 371 84 86
0.000712985 505 367 8 8 436 371 84 86
0.000436733 505 375 8 8 436 371 84 86
0.00342601 505 383 8 8 436 371 84 86
0.00320316 505 391 8 8 436 371 84 86
0.00205712 505 399 8 8 436 371 84 86
0.00265338 505 407 8 8 436 371 84 86
0.00401255 505 415 8 8 436 371 84 86
0.00329421 505 423 8 8 436 371 84 86
0.00336795 505 431 8 8 436 371 84 86
0.00272594 505 439 8 8 436 371 84 86
0.00203562 505 447 8 8 436 371 84 86
0.00220233 505 455 8 8 436 371 84 86
0.00189255 505 463 8 8 436 371 84 86
0.00156406 505 471 8 8 436 371 84 86
0.00196771 505 479 8 8 436 371 84 86
0.00324161 505 487 8 8 436 371 84 86
0.00265487 505 495 8 8 436 371 84 86
0.00123386 505 503 8 8 436 371 84 86
0.000720741 513 319 8 8 436 371 84 86
0.000653416 513 327 8 8 436 371 84 86
0.000793931 513 335 8 8 436 371 84 86
0.000597487 513 343 8 8 436 371 84 86
0.000832773 513 351 8 8 436 371 84 86
0.00128992 513 359 8 8 436 371 84 86
0.000729786 513 367 8 8 436 371 84 86
0.000544916 513 375 8 8 436 371 84 86
0.0026564 513 383 8 8 436 371 84 86
0.000586031 513 391 8 8 436 371 84 86
0.00109943 513 399 8 8 436 371 84 86
0.00305199 513 407 8 8 436 371 84 86
0.00240939 513 415 8 8 436 371 84 86
0.00348117 513 423 8 8 436 371 84 86
0.00453666 513 431 8 8 436 371 84 86
0.00268058 513 439 8 8 436 371 84 86
0.00156233 513 447 8 8 436 371 84 86
0.00201389 513 455 8 8 436 371 84 86
0.00207966 513 463 8 8 436 371 84 86
0.00156504 513 471 8 8 436 371 84 86
0.00144746 513 479 8 8 436 371 84 86
0.00183109 513 487 8 8 436 371 84 86
0.00259826 513 495 8 8 436 371 84 86
0.00205206 513 503 8 8 436 371 84 86
0.000961511 521 319 8 8 436 371 84 86
0.000708034 521 327 8 8 436 371 84 86
0.000842686 521 335 8 8 436 371 84 86
0.000952143 521 343 8 8 436 371 84 86
0.0010909 521 351 8 8 436 371 84 86
0.00113676 521 359 8 8 436 371 84 86
0.000714726 521 367 8 8 436 371 84 86
0.000613373 521 375 8 8 436 371 84 86
0.000538046 521 383 8 8 436 371 84 86
0.0011985 521 391 8 8 436 371 84 86
0.00102632 521 399 8 8 436 371 84 86
0.00176665 521 407 8 8 436 371 84 86
0.00258453 521 415 8 8 436 371 84 86
0.00272791 521 423 8 8 436 371 84 86
0.00340339 521 431 8 8 436 371 84 86
0.00254844 521 439 8 8 436 371 84 86
0.00230712 521 447 8 8 436 371 84 86
0.0039902 521 455 8 8 436 371 84 86
0.00190071 521 463 8 8 436 371 84 86
0.00136049 521 471 8 8 436 371 84 86
0.000815672 521 479 8 8 436 371 84 86
0.00225841 521 487 8 8 436 371 84 86
0.00267464 521 495 8 8 436 371 84 86
0.00253588 521 503 8 8 436 371 84 86
0.000795148 529 319 8 8 436 371 84 86
0.000751798 529 327 8 8 436 371 84 86
0.000549768 529 335 8 8 436 371 84 86
0.000979449 529 343 8 8 436 371 84 86
0.000920749 529 351 8 8 436 371 84 86
0.00100002 529 359 8 8 436 371 84 86
0.00107302 529 367 8 8 436 371 84 86
0.000523926 529 375 8 8 436 371 84 86
0.000597226 529 383 8 8 436 371 84 86
0.00228024 529 391 8 8 436 371 84 86
0.000579238 529 399 8 8 436 371 84 86
0.00225691 529 407 8 8 436 371 84 86
0.00234404 529 415 8 8 436 371 84 86
0.00371676 529 423 8 8 436 371 84 86
0.00395962 529 431 8 8 436 371 84 86
0.00205005 529 439 8 8 436 371 84 86
0.00251308 529 447 8 8 436 371 84 86
0.0031553 529 455 8 8 436 371 84 86
0.00237164 529 463 8 8 436 371 84 86
0.00158932 529 471 8 8 436 371 84 86
0.000952417 529 479 8 8 436 371 84 86
0.00266857 529 487 8 8 436 371 84 86
0.00180155 529 495 8 8 436 371 84 86
0.00224926 529 503 8 8 436 371 84 86
0.000531266 537 319 8 8 436 371 84 86
0.000619513 537 327 8 8 436 371 84 86
0.000792199 537 335 8 8 436 371 84 86
0.000728846 537 343 8 8 436 371 84 86
0.000588249 537 351 8 8 436 371 84 86
0.000636316 537 359 8 8 436 371 84 86
0.000548995 537 367 8 8 436 371 84 86
0.000338293 537 375 8 8 436 371 84 86
0.000615299 537 383 8 8 436 371 84 86
0.000856508 537 391 8 8 436 371 84 86
0.000696303 537 399 8 8 436 371 84 86
0.00264983 537 407 8 8 436 371 84 86
0.00246011 537 415 8 8 436 371 84 86
0.00337459 537 423 8 8 436 371 84 86
0.00261515 537 431 8 8 436 371 84 86
0.00243018 537 439 8 8 436 371 84 86
0.00210107 537 447 8 8 436 371 84 86
0.00258843 537 455 8 8 436 371 84 86
0.00251326 537 463 8 8 436 371 84 86
0.00200687 537 471 8 8 436 371 84 86
0.00223668 537 479 8 8 436 371 84 86
0.00283158 537 487 8 8 436 371 84 86
0.00232778 537 495 8 8 436 371 84 86
0.00230375 537 503 8 8 436 371 84 86
0.000664976 545 319 8 8 436 371 84 86
0.00102316 545 327 8 8 436 371 84 86
0.000725775 545 335 8 8 436 371 84 86
0.000522174 545 343 8 8 436 371 84 86
0.000850594 545 351 8 8 436 371 84 86
0.000514366 545 359 8 8 436 371 84 86
0.000729398 545 367 8 8 436 371 84 86
0.000645755 545 375 8 8 436 371 84 86
0.000769896 545 383 8 8 436 371 84 86
0.000803026 545 391 8 8 436 371 84 86
0.00102125 545 399 8 8 436 371 84 86
0.0025779 545 407 8 8 436 371 84 86
0.00323273 545 415 8 8 436 371 84 86
0.00420097 545 423 8 8 436 371 84 86
0.00281892 545 431 8 8 436 371 84 86
0.0021666 545 439 8 8 436 371 84 86
0.00240872 545 447 8 8 436 371 84 86
0.00292503 545 455 8 8 436 371 84 86
0.00175598 545 463 8 8 436 371 84 86
0.00310868 545 471 8 8 436 371 84 86
0.0021593 545 479 8 8 436 371 84 86
0.00255935 545 487 8 8 436 371 84 86
0.00191051 545 495 8 8 436 371 84 86
0.00312451 545 503 8 8 436 371 84 86
0.00061634 553 319 8 8 436 371 84 86
0.000890395 553 327 8 8 436 371 84 86
0.000652732 553 335 8 8 436 371 84 86
0.000676427 553 343 8 8 436 371 84 86
0.00120057 553 351 8 8 436 371 84 86
0.000365706 553 359 8 8 436 371 84 86
0.00045397 553 367 8 8 436 371 84 86
0.000506356 553 375 8 8 436 371 84 86
0.000860115 553 383 8 8 436 371 84 86
0.000907965 553 391 8 8 436 371 84 86
0.00137723 553 399 8 8 436 371 84 86
0.00476309 553 407 8 8 436 371 84 86
0.00269355 553 415 8 8 436 371 84 86
0.00340709 553 423 8 8 436 371 84 86
0.00243959 553 431 8 8 436 371 84 86
0.00155241 553 439 8 8 436 371 84 86
0.00189285 553 447 8 8 436 371 84 86
0.00223176 553 455 8 8 436 371 84 86
0.00254243 553 463 8 8 436 371 84 86
0.00240159 553 471 8 8 436 371 84 86
0.0022395 553 479 8 8 436 371 84 86
0.002092 553 487 8 8 436 371 84 86
0.0016858 553 495 8 8 436 371 84 86
0.00276788 553 503 8 8 436 371 84 86
0.000590907 561 319 8 8 436 371 84 86
0.00082367 561 327 8 8 436 371 84 86
0.000774445 561 335 8 8 436 371 84 86
0.000528625 561 343 8 8 436 371 84 86
0.000622652 561 351 8 8 436 371 84 86
0.000785099 561 359 8 8 436 371 84 86
0.0011263 561 367 8 8 436 371 84 86
0.000772479 561 375 8 8 436 371 84 86
0.000865564 561 383 8 8 436 371 84 86
0.00152869 561 391 8 8 436 371 84 86
0.00141341 561 399 8 8 436 371 84 86
0.00294751 561 407 8 8 436 371 84 86
0.00196509 561 415 8 8 436 371 84 86
0.00254687 561 423 8 8 436 371 84 86
0.00293697 561 431 8 8 436 371 84 86
0.00214925 561 439 8 8 436 371 84 86
0.00127829 561 447 8 8 436 371 84 86
0.00171215 561 455 8 8 436 371 84 86
0.00233558 561 463 8 8 436 371 84 86
0.00218777 561 471 8 8 436 371 84 86
0.00241108 561 479 8 8 436 371 84 86
0.00294449 561 487 8 8 436 371 84 86
0.0017731 561 495 8 8 436 371 84 86
0.00263446 561 503 8 8 436 371 84 86
0.000419493 569 319 8 8 436 371 84 86
0.000466633 569 327 8 8 436 371 84 86
0.000430416 569 335 8 8 436 371 84 86
0.000471967 569 343 8 8 436 371 84 86
0.000759649 569 351 8 8 436 371 84 86
0.000487941 569 359 8 8 436 371 84 86
0.00103463 569 367 8 8 436 371 84 86
0.00083961 569 375 8 8 436 371 84 86
0.000977682 569 383 8 8 436 371 84 86
0.000742529 569 391 8 8 436 371 84 86
0.00154532 569 399 8 8 436 371 84 86
0.00311021 569 407 8 8 436 371 84 86
0.00155031 569 415 8 8 436 371 84 86
0.00246186 569 423 8 8 436 371 84 86
0.00235863 569 431 8 8 436 371 84 86
0.00203657 569 439 8 8 436 371 84 86
0.00214557 569 447 8 8 436 371 84 86
0.00214478 569 455 8 8 436 371 84 86
0.00274657 569 463 8 8 436 371 84 86
0.00213783 569 471 8 8 436 371 84 86
0.00228864 569 479 8 8 436 371 84 86
0.00205266 569 487 8 8 436 371 84 86
0.00242973 569 495 8 8 436 371 84 86
0.00307532 569 503 8 8 436 371 84 86
