0.00143148 454 202 8 3 506 224 86 35
0.00145573 454 205 8 3 506 224 86 35
0.00145078 454 208 8 3 506 224 86 35
0.00154176 454 211 8 3 506 224 86 35
0.00148351 454 214 8 3 506 224 86 35
0.00148048 454 217 8 3 506 224 86 35
0.00173904 454 220 8 3 506 224 86 35
0.00177811 454 223 8 3 506 224 86 35
0.00176446 454 226 8 3 506 224 86 35
0.00161091 454 229 8 3 506 224 86 35
0.00155949 454 232 8 3 506 224 86 35
0.00163068 454 235 8 3 506 224 86 35
0.00190514 454 238 8 3 506 224 86 35
0.0019107 454 241 8 3 506 224 86 35
0.00284615 454 244 8 3 506 224 86 35
0.00166738 454 247 8 3 506 224 86 35
0.00206854 454 250 8 3 506 224 86 35
0.0013777 454 253 8 3 506 224 86 35
0.0013886 454 256 8 3 506 224 86 35
0.00151492 454 259 8 3 506 224 86 35
0.00162916 454 262 8 3 506 224 86 35
0.00155685 454 265 8 3 506 224 86 35
0.00152973 454 268 8 3 506 224 86 35
0.00223552 454 271 8 3 506 224 86 35
0.00207223 454 274 8 3 506 224 86 35
0.00176368 454 277 8 3 506 224 86 35
0.00151188 462 202 8 3 506 224 86 35
0.00147494 462 205 8 3 506 224 86 35
0.00147325 462 208 8 3 506 224 86 35
0.00159049 462 211 8 3 506 224 86 35
0.00147279 462 214 8 3 506 224 86 35
0.00158888 462 217 8 3 506 224 86 35
0.00191177 462 220 8 3 506 224 86 35
0.00207287 462 223 8 3 506 224 86 35
0.00161723 462 226 8 3 506 224 86 35
0.00185334 462 229 8 3 506 224 86 35
9.52423e-005 462 232 8 3 506 224 86 35
0.000495432 462 235 8 3 506 224 86 35
0.00155343 462 238 8 3 506 224 86 35
0.00163544 462 241 8 3 506 224 86 35
0.00185625 462 244 8 3 506 224 86 35
0.00170426 462 247 8 3 506 224 86 35
0.00196173 462 250 8 3 506 224 86 35
0.00134861 462 253 8 3 506 224 86 35
0.00040818 462 256 8 3 506 224 86 35
0.00235631 462 259 8 3 506 224 86 35
0.00156678 462 262 8 3 506 224 86 35
0.00172746 462 265 8 3 506 224 86 35
0.00199805 462 268 8 3 506 224 86 35
0.00269497 462 271 8 3 506 224 86 35
0.00213733 462 274 8 3 506 224 86 35
0.00146578 462 277 8 3 506 224 86 35
0.00154244 470 202 8 3 506 224 86 35
0.00146517 470 205 8 3 506 224 86 35
0.00145254 470 208 8 3 506 224 86 35
0.00161355 470 211 8 3 506 224 86 35
0.0014531 470 214 8 3 506 224 86 35
0.00210955 470 217 8 3 506 224 86 35
0.00219846 470 220 8 3 506 224 86 35
0.00207859 470 223 8 3 506 224 86 35
0.00185299 470 226 8 3 506 224 86 35
0.00170508 470 229 8 3 506 224 86 35
0.00234882 470 232 8 3 506 224 86 35
0.00396313 470 235 8 3 506 224 86 35
0.00207191 470 238 8 3 506 224 86 35
0.00430907 470 241 8 3 506 224 86 35
0.00183739 470 244 8 3 506 224 86 35
0.00161233 470 247 8 3 506 224 86 35
0.00171563 470 250 8 3 506 224 86 35
0.00142579 470 253 8 3 506 224 86 35
0.0013391 470 256 8 3 506 224 86 35
0.00305373 470 259 8 3 506 224 86 35
0.00180027 470 262 8 3 506 224 86 35
0.00219308 470 265 8 3 506 224 86 35
0.00171829 470 268 8 3 506 224 86 35
0.0020406 470 271 8 3 506 224 86 35
0.00195509 470 274 8 3 506 224 86 35
0.00155957 470 277 8 3 506 224 86 35
0.00154811 478 202 8 3 506 224 86 35
0.00143778 478 205 8 3 506 224 86 35
0.00149577 478 208 8 3 506 224 86 35
0.0016383 478 211 8 3 506 224 86 35
0.00160869 478 214 8 3 506 224 86 35
0.00209143 478 217 8 3 506 224 86 35
0.00252101 478 220 8 3 506 224 86 35
0.0020588 478 223 8 3 506 224 86 35
0.00198848 478 226 8 3 506 224 86 35
0.00167392 478 229 8 3 506 224 86 35
0.0023396 478 232 8 3 506 224 86 35
0.00610289 478 235 8 3 506 224 86 35
0.00204097 478 238 8 3 506 224 86 35
0.00302034 478 241 8 3 506 224 86 35
0.00211477 478 244 8 3 506 224 86 35
0.00185805 478 247 8 3 506 224 86 35
0.00159781 478 250 8 3 506 224 86 35
0.00146788 478 253 8 3 506 224 86 35
0.00245574 478 256 8 3 506 224 86 35
0.00172942 478 259 8 3 506 224 86 35
0.00181068 478 262 8 3 506 224 86 35
0.00214108 478 265 8 3 506 224 86 35
0.00143304 478 268 8 3 506 224 86 35
0.00143145 478 271 8 3 506 224 86 35
0.00150837 478 274 8 3 506 224 86 35
0.0017771 478 277 8 3 506 224 86 35
0.00131781 486 202 8 3 506 224 86 35
0.000130702 486 205 8 3 506 224 86 35
0.00165457 486 208 8 3 506 224 86 35
0.00155619 486 211 8 3 506 224 86 35
0.00173284 486 214 8 3 506 224 86 35
0.00297662 486 217 8 3 506 224 86 35
0.00211255 486 220 8 3 506 224 86 35
0.00176305 486 223 8 3 506 224 86 35
0.00161608 486 226 8 3 506 224 86 35
0.000418204 486 229 8 3 506 224 86 35
0.0017529 486 232 8 3 506 224 86 35
0.00431675 486 235 8 3 506 224 86 35
0.00419863 486 238 8 3 506 224 86 35
0.0014987 486 241 8 3 506 224 86 35
0.00321547 486 244 8 3 506 224 86 35
0.00192048 486 247 8 3 506 224 86 35
0.00134226 486 250 8 3 506 224 86 35
0.0014165 486 253 8 3 506 224 86 35
0.00322522 486 256 8 3 506 224 86 35
0.00155411 486 259 8 3 506 224 86 35
0.00183566 486 262 8 3 506 224 86 35
0.00238473 486 265 8 3 506 224 86 35
0.00129575 486 268 8 3 506 224 86 35
0.00158895 486 271 8 3 506 224 86 35
0.00155505 486 274 8 3 506 224 86 35
0.00172552 486 277 8 3 506 224 86 35
0.00123983 494 202 8 3 506 224 86 35
0.00131773 494 205 8 3 506 224 86 35
0.00145988 494 208 8 3 506 224 86 35
0.00151464 494 211 8 3 506 224 86 35
0.00145989 494 214 8 3 506 224 86 35
0.00167366 494 217 8 3 506 224 86 35
0.00160414 494 220 8 3 506 224 86 35
0.00158186 494 223 8 3 506 224 86 35
0.00163968 494 226 8 3 506 224 86 35
0.0016155 494 229 8 3 506 224 86 35
0.00241653 494 232 8 3 506 224 86 35
0.00357743 494 235 8 3 506 224 86 35
0.00471319 494 238 8 3 506 224 86 35
0.00195384 494 241 8 3 506 224 86 35
0.00289547 494 244 8 3 506 224 86 35
0.00171433 494 247 8 3 506 224 86 35
0.00130292 494 250 8 3 506 224 86 35
9.42057e-005 494 253 8 3 506 224 86 35
0.00293825 494 256 8 3 506 224 86 35
0.00204557 494 259 8 3 506 224 86 35
0.00175449 494 262 8 3 506 224 86 35
0.00193247 494 265 8 3 506 224 86 35
0.00129149 494 268 8 3 506 224 86 35
0.00162829 494 271 8 3 506 224 86 35
0.00154871 494 274 8 3 506 224 86 35
0.00172855 494 277 8 3 506 224 86 35
0.00128695 502 202 8 3 506 224 86 35
0.00133977 502 205 8 3 506 224 86 35
0.00151048 502 208 8 3 506 224 86 35
0.00163529 502 211 8 3 506 224 86 35
0.00146363 502 214 8 3 506 224 86 35
0.00150061 502 217 8 3 506 224 86 35
0.0015568 502 220 8 3 506 224 86 35
0.00182076 502 223 8 3 506 224 86 35
0.00219923 502 226 8 3 506 224 86 35
0.0023795 502 229 8 3 506 224 86 35
0.00298264 502 232 8 3 506 224 86 35
0.00271604 502 235 8 3 506 224 86 35
0.00283866 502 238 8 3 506 224 86 35
0.00261459 502 241 8 3 506 224 86 35
0.00251694 502 244 8 3 506 224 86 35
6.19451e-005 502 247 8 3 506 224 86 35
0.00210096 502 250 8 3 506 224 86 35
0.0021334 502 253 8 3 506 224 86 35
0.00302505 502 256 8 3 506 224 86 35
0.002835 502 259 8 3 506 224 86 35
0.00141367 502 262 8 3 506 224 86 35
0.0013682 502 265 8 3 506 224 86 35
0.00154846 502 268 8 3 506 224 86 35
0.00147141 502 271 8 3 506 224 86 35
0.00155173 502 274 8 3 506 224 86 35
0.00179503 502 277 8 3 506 224 86 35
0.00126994 510 202 8 3 506 224 86 35
0.00132284 510 205 8 3 506 224 86 35
0.00153386 510 208 8 3 506 224 86 35
0.00143075 510 211 8 3 506 224 86 35
0.00138929 510 214 8 3 506 224 86 35
0.00144072 510 217 8 3 506 224 86 35
0.00145496 510 220 8 3 506 224 86 35
0.00191852 510 223 8 3 506 224 86 35
0.00245446 510 226 8 3 506 224 86 35
0.00553972 510 229 8 3 506 224 86 35
0.00198223 510 232 8 3 506 224 86 35
0.00522843 510 235 8 3 506 224 86 35
0.00161178 510 238 8 3 506 224 86 35
0.00248162 510 241 8 3 506 224 86 35
0.00456649 510 244 8 3 506 224 86 35
0.00432654 510 247 8 3 506 224 86 35
0.00168979 510 250 8 3 506 224 86 35
0.0031821 510 253 8 3 506 224 86 35
0.00233749 510 256 8 3 506 224 86 35
0.00190249 510 259 8 3 506 224 86 35
0.00148453 510 262 8 3 506 224 86 35
0.00150399 510 265 8 3 506 224 86 35
0.00147986 510 268 8 3 506 224 86 35
0.00156363 510 271 8 3 506 224 86 35
0.00156065 510 274 8 3 506 224 86 35
0.00162272 510 277 8 3 506 224 86 35
0.00128991 518 202 8 3 506 224 86 35
0.00131382 518 205 8 3 506 224 86 35
0.00146252 518 208 8 3 506 224 86 35
0.00139486 518 211 8 3 506 224 86 35
0.00138128 518 214 8 3 506 224 86 35
0.00158443 518 217 8 3 506 224 86 35
0.00152115 518 220 8 3 506 224 86 35
0.00168119 518 223 8 3 506 224 86 35
0.00157688 518 226 8 3 506 224 86 35
0.00223388 518 229 8 3 506 224 86 35
0.0027942 518 232 8 3 506 224 86 35
0.00358803 518 235 8 3 506 224 86 35
0.00156939 518 238 8 3 506 224 86 35
0.00255142 518 241 8 3 506 224 86 35
0.0346712 518 244 8 3 506 224 86 35
0.999554 518 247 8 3 506 224 86 35
0.000813889 518 250 8 3 506 224 86 35
0.00315116 518 253 8 3 506 224 86 35
0.00171125 518 256 8 3 506 224 86 35
0.00169414 518 259 8 3 506 224 86 35
0.00165496 518 262 8 3 506 224 86 35
0.00155714 518 265 8 3 506 224 86 35
0.00188266 518 268 8 3 506 224 86 35
0.00182969 518 271 8 3 506 224 86 35
0.00180766 518 274 8 3 506 224 86 35
0.00202103 518 277 8 3 506 224 86 35
0.00137088 526 202 8 3 506 224 86 35
0.00171432 526 205 8 3 506 224 86 35
0.00156222 526 208 8 3 506 224 86 35
0.00146283 526 211 8 3 506 224 86 35
0.00144657 526 214 8 3 506 224 86 35
0.00163892 526 217 8 3 506 224 86 35
0.00178039 526 220 8 3 506 224 86 35
0.00203661 526 223 8 3 506 224 86 35
0.0015823 526 226 8 3 506 224 86 35
0.003233 526 229 8 3 506 224 86 35
0.00271958 526 232 8 3 506 224 86 35
0.00282437 526 235 8 3 506 224 86 35
0.00174737 526 238 8 3 506 224 86 35
0.00178962 526 241 8 3 506 224 86 35
0.00201039 526 244 8 3 506 224 86 35
0.00618146 526 247 8 3 506 224 86 35
0.00204684 526 250 8 3 506 224 86 35
0.0021269 526 253 8 3 506 224 86 35
0.00225666 526 256 8 3 506 224 86 35
0.0021199 526 259 8 3 506 224 86 35
0.00161172 526 262 8 3 506 224 86 35
0.00155027 526 265 8 3 506 224 86 35
0.00207007 526 268 8 3 506 224 86 35
0.00143149 526 271 8 3 506 224 86 35
0.00146772 526 274 8 3 506 224 86 35
9.38556e-005 526 277 8 3 506 224 86 35
0.00159306 534 202 8 3 506 224 86 35
0.00204621 534 205 8 3 506 224 86 35
0.00160915 534 208 8 3 506 224 86 35
0.0014483 534 211 8 3 506 224 86 35
0.0014434 534 214 8 3 506 224 86 35
0.00149601 534 217 8 3 506 224 86 35
0.00170137 534 220 8 3 506 224 86 35
0.00159052 534 223 8 3 506 224 86 35
0.00215088 534 226 8 3 506 224 86 35
0.0040305 534 229 8 3 506 224 86 35
0.00537918 534 232 8 3 506 224 86 35
0.00209085 534 235 8 3 506 224 86 35
0.001631 534 238 8 3 506 224 86 35
0.0016547 534 241 8 3 506 224 86 35
0.998168 534 244 8 3 506 224 86 35
0.00556403 534 247 8 3 506 224 86 35
0.0023189 534 250 8 3 506 224 86 35
0.00198313 534 253 8 3 506 224 86 35
0.00156931 534 256 8 3 506 224 86 35
0.00157093 534 259 8 3 506 224 86 35
0.00149402 534 262 8 3 506 224 86 35
0.00170451 534 265 8 3 506 224 86 35
0.00256093 534 268 8 3 506 224 86 35
0.00217969 534 271 8 3 506 224 86 35
0.00250204 534 274 8 3 506 224 86 35
0.00146055 534 277 8 3 506 224 86 35
0.00165645 542 202 8 3 506 224 86 35
0.0024259 542 205 8 3 506 224 86 35
0.00233363 542 208 8 3 506 224 86 35
0.00151761 542 211 8 3 506 224 86 35
0.00143191 542 214 8 3 506 224 86 35
0.0014886 542 217 8 3 506 224 86 35
0.00184387 542 220 8 3 506 224 86 35
0.00211622 542 223 8 3 506 224 86 35
0.00410618 542 226 8 3 506 224 86 35
0.00245657 542 229 8 3 506 224 86 35
0.0073218 542 232 8 3 506 224 86 35
0.00174484 542 235 8 3 506 224 86 35
0.00179452 542 238 8 3 506 224 86 35
0.999616 542 241 8 3 506 224 86 35
0.00218485 542 244 8 3 506 224 86 35
1.95233e-005 542 247 8 3 506 224 86 35
0.00386171 542 250 8 3 506 224 86 35
6.24146e-005 542 253 8 3 506 224 86 35
0.00161794 542 256 8 3 506 224 86 35
0.00160859 542 259 8 3 506 224 86 35
0.0015219 542 262 8 3 506 224 86 35
0.00209753 542 265 8 3 506 224 86 35
0.00243603 542 268 8 3 506 224 86 35
0.00230311 542 271 8 3 506 224 86 35
0.00367817 542 274 8 3 506 224 86 35
0.00139901 542 277 8 3 506 224 86 35
0.00168824 550 202 8 3 506 224 86 35
0.00218302 550 205 8 3 506 224 86 35
0.00160459 550 208 8 3 506 224 86 35
0.00152381 550 211 8 3 506 224 86 35
0.0013888 550 214 8 3 506 224 86 35
0.00144856 550 217 8 3 506 224 86 35
0.00162187 550 220 8 3 506 224 86 35
0.00161471 550 223 8 3 506 224 86 35
0.00675237 550 226 8 3 506 224 86 35
0.00228759 550 229 8 3 506 224 86 35
0.00494851 550 232 8 3 506 224 86 35
0.00122563 550 235 8 3 506 224 86 35
2.98884e-006 550 238 8 3 506 224 86 35
0.997555 550 241 8 3 506 224 86 35
0.996555 550 244 8 3 506 224 86 35
0.00144996 550 247 8 3 506 224 86 35
0.00283458 550 250 8 3 506 224 86 35
0.00172963 550 253 8 3 506 224 86 35
0.00156178 550 256 8 3 506 224 86 35
0.00161966 550 259 8 3 506 224 86 35
0.00154613 550 262 8 3 506 224 86 35
6.20636e-005 550 265 8 3 506 224 86 35
0.0019478 550 268 8 3 506 224 86 35
0.00186429 550 271 8 3 506 224 86 35
0.00179502 550 274 8 3 506 224 86 35
0.00216563 550 277 8 3 506 224 86 35
0.00158645 558 202 8 3 506 224 86 35
0.00214306 558 205 8 3 506 224 86 35
0.00147452 558 208 8 3 506 224 86 35
0.00148893 558 211 8 3 506 224 86 35
0.00143897 558 214 8 3 506 224 86 35
0.00151713 558 217 8 3 506 224 86 35
0.00196935 558 220 8 3 506 224 86 35
8.06362e-005 558 223 8 3 506 224 86 35
0.00994139 558 226 8 3 506 224 86 35
0.00224981 558 229 8 3 506 224 86 35
0.00231683 558 232 8 3 506 224 86 35
0.00246178 558 235 8 3 506 224 86 35
0.00254179 558 238 8 3 506 224 86 35
0.00215645 558 241 8 3 506 224 86 35
0.00483822 558 244 8 3 506 224 86 35
0.00196008 558 247 8 3 506 224 86 35
0.00244342 558 250 8 3 506 224 86 35
0.00164747 558 253 8 3 506 224 86 35
0.0016324 558 256 8 3 506 224 86 35
0.00164035 558 259 8 3 506 224 86 35
0.00178141 558 262 8 3 506 224 86 35
0.00168465 558 265 8 3 506 224 86 35
0.00024223 558 268 8 3 506 224 86 35
0.00164919 558 271 8 3 506 224 86 35
0.00144423 558 274 8 3 506 224 86 35
0.00194753 558 277 8 3 506 224 86 35
0.0015789 566 202 8 3 506 224 86 35
0.00213983 566 205 8 3 506 224 86 35
0.00159004 566 208 8 3 506 224 86 35
0.00160339 566 211 8 3 506 224 86 35
0.00145013 566 214 8 3 506 224 86 35
0.0015297 566 217 8 3 506 224 86 35
0.00212393 566 220 8 3 506 224 86 35
0.00156168 566 223 8 3 506 224 86 35
0.00704558 566 226 8 3 506 224 86 35
0.00276459 566 229 8 3 506 224 86 35
0.00173425 566 232 8 3 506 224 86 35
0.00272239 566 235 8 3 506 224 86 35
0.00187375 566 238 8 3 506 224 86 35
0.00194631 566 241 8 3 506 224 86 35
0.00493022 566 244 8 3 506 224 86 35
0.00240885 566 247 8 3 506 224 86 35
0.00215042 566 250 8 3 506 224 86 35
0.000480868 566 253 8 3 506 224 86 35
4.05162e-005 566 256 8 3 506 224 86 35
4.1688e-005 566 259 8 3 506 224 86 35
4.26872e-005 566 262 8 3 506 224 86 35
4.17068e-005 566 265 8 3 506 224 86 35
4.02858e-005 566 268 8 3 506 224 86 35
0.00164217 566 271 8 3 506 224 86 35
0.00185077 566 274 8 3 506 224 86 35
0.00190169 566 277 8 3 506 224 86 35
0.001475 574 202 8 3 506 224 86 35
0.00153259 574 205 8 3 506 224 86 35
0.00147992 574 208 8 3 506 224 86 35
0.00149129 574 211 8 3 506 224 86 35
0.00155636 574 214 8 3 506 224 86 35
0.00156836 574 217 8 3 506 224 86 35
0.0018907 574 220 8 3 506 224 86 35
0.00174705 574 223 8 3 506 224 86 35
0.00249828 574 226 8 3 506 224 86 35
0.999372 574 229 8 3 506 224 86 35
0.998649 574 232 8 3 506 224 86 35
0.00273673 574 235 8 3 506 224 86 35
0.00163864 574 238 8 3 506 224 86 35
0.00233114 574 241 8 3 506 224 86 35
0.0025233 574 244 8 3 506 224 86 35
0.00165175 574 247 8 3 506 224 86 35
0.00159407 574 250 8 3 506 224 86 35
2.12192e-005 574 253 8 3 506 224 86 35
1.09952e-006 574 256 8 3 506 224 86 35
1.09323e-006 574 259 8 3 506 224 86 35
1.08769e-006 574 262 8 3 506 224 86 35
1.07934e-006 574 265 8 3 506 224 86 35
1.05431e-006 574 268 8 3 506 224 86 35
4.21478e-006 574 271 8 3 506 224 86 35
4.27417e-006 574 274 8 3 506 224 86 35
4.2187e-006 574 277 8 3 506 224 86 35
0.00145402 582 202 8 3 506 224 86 35
0.00148613 582 205 8 3 506 224 86 35
0.00149137 582 208 8 3 506 224 86 35
0.00148576 582 211 8 3 506 224 86 35
0.00156423 582 214 8 3 506 224 86 35
0.00154293 582 217 8 3 506 224 86 35
0.00227881 582 220 8 3 506 224 86 35
0.00390699 582 223 8 3 506 224 86 35
0.00214683 582 226 8 3 506 224 86 35
0.000693805 582 229 8 3 506 224 86 35
0.000786389 582 232 8 3 506 224 86 35
0.00186466 582 235 8 3 506 224 86 35
0.00162601 582 238 8 3 506 224 86 35
0.00237269 582 241 8 3 506 224 86 35
0.00224628 582 244 8 3 506 224 86 35
0.00158396 582 247 8 3 506 224 86 35
0.00163294 582 250 8 3 506 224 86 35
1.75441e-005 582 253 8 3 506 224 86 35
8.04969e-007 582 256 8 3 506 224 86 35
7.98755e-007 582 259 8 3 506 224 86 35
7.92724e-007 582 262 8 3 506 224 86 35
7.83999e-007 582 265 8 3 506 224 86 35
7.7006e-007 582 268 8 3 506 224 86 35
6.82521e-007 582 271 8 3 506 224 86 35
6.73338e-007 582 274 8 3 506 224 86 35
7.61903e-007 582 277 8 3 506 224 86 35
0.00149912 590 202 8 3 506 224 86 35
0.00149251 590 205 8 3 506 224 86 35
0.00151599 590 208 8 3 506 224 86 35
0.00152858 590 211 8 3 506 224 86 35
0.00162631 590 214 8 3 506 224 86 35
0.00166284 590 217 8 3 506 224 86 35
0.00174505 590 220 8 3 506 224 86 35
0.00519494 590 223 8 3 506 224 86 35
0.00190181 590 226 8 3 506 224 86 35
0.00369968 590 229 8 3 506 224 86 35
0.00172723 590 232 8 3 506 224 86 35
0.00149144 590 235 8 3 506 224 86 35
0.00149216 590 238 8 3 506 224 86 35
0.00186909 590 241 8 3 506 224 86 35
0.00159042 590 244 8 3 506 224 86 35
0.00160753 590 247 8 3 506 224 86 35
0.00176849 590 250 8 3 506 224 86 35
6.6495e-005 590 253 8 3 506 224 86 35
2.44559e-006 590 256 8 3 506 224 86 35
2.41862e-006 590 259 8 3 506 224 86 35
1.36708e-006 590 262 8 3 506 224 86 35
7.66131e-007 590 265 8 3 506 224 86 35
7.59476e-007 590 268 8 3 506 224 86 35
7.62334e-007 590 271 8 3 506 224 86 35
7.47738e-007 590 274 8 3 506 224 86 35
8.61909e-007 590 277 8 3 506 224 86 35
0.00148718 598 202 8 3 506 224 86 35
0.00148295 598 205 8 3 506 224 86 35
0.00153901 598 208 8 3 506 224 86 35
0.0016001 598 211 8 3 506 224 86 35
0.00175335 598 214 8 3 506 224 86 35
0.00186466 598 217 8 3 506 224 86 35
0.00226964 598 220 8 3 506 224 86 35
0.00499778 598 223 8 3 506 224 86 35
0.00201359 598 226 8 3 506 224 86 35
0.00266534 598 229 8 3 506 224 86 35
0.00157623 598 232 8 3 506 224 86 35
0.00158716 598 235 8 3 506 224 86 35
0.00152217 598 238 8 3 506 224 86 35
0.001958 598 241 8 3 506 224 86 35
0.00163298 598 244 8 3 506 224 86 35
0.00157334 598 247 8 3 506 224 86 35
0.00184119 598 250 8 3 506 224 86 35
0.00104096 598 253 8 3 506 224 86 35
4.19025e-005 598 256 8 3 506 224 86 35
4.15425e-005 598 259 8 3 506 224 86 35
1.01671e-005 598 262 8 3 506 224 86 35
2.35762e-006 598 265 8 3 506 224 86 35
2.32691e-006 598 268 8 3 506 224 86 35
2.35693e-006 598 271 8 3 506 224 86 35
2.31975e-006 598 274 8 3 506 224 86 35
2.39095e-006 598 277 8 3 506 224 86 35
0.00148883 606 202 8 3 506 224 86 35
0.00147706 606 205 8 3 506 224 86 35
0.00173957 606 208 8 3 506 224 86 35
0.00171083 606 211 8 3 506 224 86 35
0.00162713 606 214 8 3 506 224 86 35
0.00182645 606 217 8 3 506 224 86 35
0.00319816 606 220 8 3 506 224 86 35
0.00480939 606 223 8 3 506 224 86 35
0.00211779 606 226 8 3 506 224 86 35
0.00167307 606 229 8 3 506 224 86 35
0.00160538 606 232 8 3 506 224 86 35
0.00153547 606 235 8 3 506 224 86 35
0.00175253 606 238 8 3 506 224 86 35
0.00179805 606 241 8 3 506 224 86 35
0.00165474 606 244 8 3 506 224 86 35
0.00136967 606 247 8 3 506 224 86 35
0.00193268 606 250 8 3 506 224 86 35
0.0018182 606 253 8 3 506 224 86 35
0.00159054 606 256 8 3 506 224 86 35
0.00165666 606 259 8 3 506 224 86 35
2.14696e-005 606 262 8 3 506 224 86 35
4.34873e-006 606 265 8 3 506 224 86 35
4.66187e-006 606 268 8 3 506 224 86 35
6.15267e-006 606 271 8 3 506 224 86 35
6.14277e-006 606 274 8 3 506 224 86 35
6.11834e-006 606 277 8 3 506 224 86 35
0.00150076 614 202 8 3 506 224 86 35
0.00153886 614 205 8 3 506 224 86 35
0.00167693 614 208 8 3 506 224 86 35
0.00187014 614 211 8 3 506 224 86 35
0.00162546 614 214 8 3 506 224 86 35
0.0017722 614 217 8 3 506 224 86 35
0.0031463 614 220 8 3 506 224 86 35
0.00569695 614 223 8 3 506 224 86 35
0.00178582 614 226 8 3 506 224 86 35
0.00157671 614 229 8 3 506 224 86 35
0.00185278 614 232 8 3 506 224 86 35
0.00169783 614 235 8 3 506 224 86 35
0.00160761 614 238 8 3 506 224 86 35
0.00196672 614 241 8 3 506 224 86 35
0.00159262 614 244 8 3 506 224 86 35
0.0013269 614 247 8 3 506 224 86 35
0.00190629 614 250 8 3 506 224 86 35
0.00157979 614 253 8 3 506 224 86 35
0.00176711 614 256 8 3 506 224 86 35
0.00153084 614 259 8 3 506 224 86 35
0.000395839 614 262 8 3 506 224 86 35
4.06355e-005 614 265 8 3 506 224 86 35
3.83852e-005 614 268 8 3 506 224 86 35
0.000124075 614 271 8 3 506 224 86 35
0.000126818 614 274 8 3 506 224 86 35
0.000128099 614 277 8 3 506 224 86 35
0.00148557 622 202 8 3 506 224 86 35
0.00156979 622 205 8 3 506 224 86 35
0.00150173 622 208 8 3 506 224 86 35
0.00176955 622 211 8 3 506 224 86 35
0.00158587 622 214 8 3 506 224 86 35
0.00180113 622 217 8 3 506 224 86 35
0.0026024 622 220 8 3 506 224 86 35
0.00502427 622 223 8 3 506 224 86 35
0.00167892 622 226 8 3 506 224 86 35
0.00180862 622 229 8 3 506 224 86 35
0.00285398 622 232 8 3 506 224 86 35
0.00183565 622 235 8 3 506 224 86 35
0.00149495 622 238 8 3 506 224 86 35
0.00144593 622 241 8 3 506 224 86 35
0.00162297 622 244 8 3 506 224 86 35
0.00142542 622 247 8 3 506 224 86 35
0.00157558 622 250 8 3 506 224 86 35
0.00147071 622 253 8 3 506 224 86 35
0.00168465 622 256 8 3 506 224 86 35
0.00163442 622 259 8 3 506 224 86 35
0.00209956 622 262 8 3 506 224 86 35
0.00215447 622 265 8 3 506 224 86 35
0.0019853 622 268 8 3 506 224 86 35
0.00148477 622 271 8 3 506 224 86 35
0.00144785 622 274 8 3 506 224 86 35
0.00152583 622 277 8 3 506 224 86 35
0.00144348 630 202 8 3 506 224 86 35
0.00145963 630 205 8 3 506 224 86 35
0.00155156 630 208 8 3 506 224 86 35
0.00222335 630 211 8 3 506 224 86 35
0.00203268 630 214 8 3 506 224 86 35
0.00240559 630 217 8 3 506 224 86 35
0.00264485 630 220 8 3 506 224 86 35
0.00237919 630 223 8 3 506 224 86 35
0.00154232 630 226 8 3 506 224 86 35
0.000134906 630 229 8 3 506 224 86 35
0.00227511 630 232 8 3 506 224 86 35
0.00206086 630 235 8 3 506 224 86 35
0.00153492 630 238 8 3 506 224 86 35
0.00168733 630 241 8 3 506 224 86 35
0.00214881 630 244 8 3 506 224 86 35
0.00146303 630 247 8 3 506 224 86 35
0.00169654 630 250 8 3 506 224 86 35
0.00161619 630 253 8 3 506 224 86 35
0.00152268 630 256 8 3 506 224 86 35
0.00148728 630 259 8 3 506 224 86 35
0.00139482 630 262 8 3 506 224 86 35
0.00138255 630 265 8 3 506 224 86 35
0.00149869 630 268 8 3 506 224 86 35
0.00148617 630 271 8 3 506 224 86 35
0.001425 630 274 8 3 506 224 86 35
0.00127488 630 277 8 3 506 224 86 35
0.00146334 638 202 8 3 506 224 86 35
0.0014997 638 205 8 3 506 224 86 35
0.00152669 638 208 8 3 506 224 86 35
0.000135108 638 211 8 3 506 224 86 35
0.00168752 638 214 8 3 506 224 86 35
0.00167736 638 217 8 3 506 224 86 35
0.0021944 638 220 8 3 506 224 86 35
0.00153293 638 223 8 3 506 224 86 35
0.00156587 638 226 8 3 506 224 86 35
0.00173264 638 229 8 3 506 224 86 35
0.00172137 638 232 8 3 506 224 86 35
0.00175728 638 235 8 3 506 224 86 35
0.00151862 638 238 8 3 506 224 86 35
0.00233399 638 241 8 3 506 224 86 35
0.00276076 638 244 8 3 506 224 86 35
0.00150143 638 247 8 3 506 224 86 35
0.00152629 638 250 8 3 506 224 86 35
0.00157689 638 253 8 3 506 224 86 35
0.00150251 638 256 8 3 506 224 86 35
0.00144621 638 259 8 3 506 224 86 35
0.00133558 638 262 8 3 506 224 86 35
0.00130095 638 265 8 3 506 224 86 35
0.00137161 638 268 8 3 506 224 86 35
0.00149924 638 271 8 3 506 224 86 35
0.00135026 638 274 8 3 506 224 86 35
0.00121757 638 277 8 3 506 224 86 35
