628 
1111 
1071 
950 
1099 
962 
1025 
1096 
1070 
1072 
965 
922 
1079 
935 
1110 
1098 
1117 
1076 
1078 
920 
1017 
668 
1100 
700 
925 
1118 
636 
1095 
1075 
1116 
1083 
1082 
1074 
1114 
664 
560 
1019 
150 
1042 
929 
565 
696 
632 
663 
672 
932 
1027 
624 
665 
949 
1088 
1094 
1011 
957 
421 
1030 
1047 
41 
697 
1022 
617 
704 
927 
972 
684 
121 
1102 
667 
633 
1034 
181 
942 
825 
1067 
694 
61 
640 
145 
1048 
659 
