-0.00181817 0 0 9 8 170 24 24 59
-0.00181747 0 4 9 8 170 24 24 59
-0.00181436 0 8 9 8 170 24 24 59
-0.00181666 0 12 9 8 170 24 24 59
-0.0018182 0 16 9 8 170 24 24 59
-0.00181781 0 20 9 8 170 24 24 59
-0.00181778 0 24 9 8 170 24 24 59
-0.00181795 0 28 9 8 170 24 24 59
-0.00181747 0 32 9 8 170 24 24 59
-0.00181843 0 36 9 8 170 24 24 59
-0.00181869 0 40 9 8 170 24 24 59
-0.00181851 0 44 9 8 170 24 24 59
-0.00181851 0 48 9 8 170 24 24 59
-0.00181632 4 0 9 8 170 24 24 59
-0.00181346 4 4 9 8 170 24 24 59
-0.00181668 4 8 9 8 170 24 24 59
-0.00181584 4 12 9 8 170 24 24 59
-0.00181697 4 16 9 8 170 24 24 59
-0.00181704 4 20 9 8 170 24 24 59
-0.00181627 4 24 9 8 170 24 24 59
-0.00181702 4 28 9 8 170 24 24 59
-0.00181746 4 32 9 8 170 24 24 59
-0.00181859 4 36 9 8 170 24 24 59
-0.00181868 4 40 9 8 170 24 24 59
-0.00181819 4 44 9 8 170 24 24 59
-0.00181836 4 48 9 8 170 24 24 59
-0.00181786 8 0 9 8 170 24 24 59
-0.00181795 8 4 9 8 170 24 24 59
-0.00181815 8 8 9 8 170 24 24 59
-0.00181829 8 12 9 8 170 24 24 59
-0.00181822 8 16 9 8 170 24 24 59
-0.00181773 8 20 9 8 170 24 24 59
-0.00181836 8 24 9 8 170 24 24 59
-0.00181844 8 28 9 8 170 24 24 59
-0.00181456 8 32 9 8 170 24 24 59
-0.00181815 8 36 9 8 170 24 24 59
-0.00181837 8 40 9 8 170 24 24 59
-0.00181851 8 44 9 8 170 24 24 59
-0.00181856 8 48 9 8 170 24 24 59
-0.00181831 12 0 9 8 170 24 24 59
-0.0018184 12 4 9 8 170 24 24 59
-0.00181838 12 8 9 8 170 24 24 59
-0.00181826 12 12 9 8 170 24 24 59
-0.00181748 12 16 9 8 170 24 24 59
-0.0018173 12 20 9 8 170 24 24 59
-0.00181849 12 24 9 8 170 24 24 59
-0.00181853 12 28 9 8 170 24 24 59
-0.00181632 12 32 9 8 170 24 24 59
-0.00181628 12 36 9 8 170 24 24 59
-0.00181824 12 40 9 8 170 24 24 59
-0.00181843 12 44 9 8 170 24 24 59
-0.00181838 12 48 9 8 170 24 24 59
-0.00181691 0 0 9 8 170 24 24 59
-0.00181769 0 4 9 8 170 24 24 59
-0.0018179 0 8 9 8 170 24 24 59
-0.00181808 0 12 9 8 170 24 24 59
-0.00181845 0 16 9 8 170 24 24 59
-0.00181865 0 20 9 8 170 24 24 59
-0.00181855 0 24 9 8 170 24 24 59
-0.00181668 0 28 9 8 170 24 24 59
-0.0018174 0 32 9 8 170 24 24 59
-0.00181815 0 36 9 8 170 24 24 59
-0.00181624 0 40 9 8 170 24 24 59
-0.000719006 0 44 9 8 170 24 24 59
-0.000472781 0 48 9 8 170 24 24 59
-0.00181848 4 0 9 8 170 24 24 59
-0.00181838 4 4 9 8 170 24 24 59
-0.00181825 4 8 9 8 170 24 24 59
-0.00181815 4 12 9 8 170 24 24 59
-0.00181759 4 16 9 8 170 24 24 59
-0.00181798 4 20 9 8 170 24 24 59
-0.00181829 4 24 9 8 170 24 24 59
-0.0018166 4 28 9 8 170 24 24 59
-0.00181799 4 32 9 8 170 24 24 59
-0.00181707 4 36 9 8 170 24 24 59
-0.00181265 4 40 9 8 170 24 24 59
-0.00135204 4 44 9 8 170 24 24 59
-0.000762835 4 48 9 8 170 24 24 59
-0.00181851 8 0 9 8 170 24 24 59
-0.0018169 8 4 9 8 170 24 24 59
-0.00181541 8 8 9 8 170 24 24 59
-0.00181593 8 12 9 8 170 24 24 59
-0.00181664 8 16 9 8 170 24 24 59
-0.00181682 8 20 9 8 170 24 24 59
-0.00181763 8 24 9 8 170 24 24 59
-0.00181636 8 28 9 8 170 24 24 59
-0.00181812 8 32 9 8 170 24 24 59
-0.00181644 8 36 9 8 170 24 24 59
-0.00181677 8 40 9 8 170 24 24 59
-0.0018168 8 44 9 8 170 24 24 59
-0.00181518 8 48 9 8 170 24 24 59
-0.00181855 12 0 9 8 170 24 24 59
-0.00181576 12 4 9 8 170 24 24 59
-0.00107356 12 8 9 8 170 24 24 59
-0.00181126 12 12 9 8 170 24 24 59
-0.00181391 12 16 9 8 170 24 24 59
-0.00181338 12 20 9 8 170 24 24 59
-0.00181255 12 24 9 8 170 24 24 59
-0.00181659 12 28 9 8 170 24 24 59
-0.00181772 12 32 9 8 170 24 24 59
-0.00181609 12 36 9 8 170 24 24 59
-0.0018182 12 40 9 8 170 24 24 59
-0.00181786 12 44 9 8 170 24 24 59
-0.00181682 12 48 9 8 170 24 24 59
-0.00181844 0 0 9 8 170 24 24 59
-0.00181854 0 4 9 8 170 24 24 59
-0.00181852 0 8 9 8 170 24 24 59
-0.00181825 0 12 9 8 170 24 24 59
-0.00181787 0 16 9 8 170 24 24 59
-0.00181721 0 20 9 8 170 24 24 59
-0.00181473 0 24 9 8 170 24 24 59
-0.00181375 0 28 9 8 170 24 24 59
-0.00181559 0 32 9 8 170 24 24 59
-0.00181549 0 36 9 8 170 24 24 59
-0.00181183 0 40 9 8 170 24 24 59
-0.000909801 0 44 9 8 170 24 24 59
-0.00181673 0 48 9 8 170 24 24 59
-0.00181844 4 0 9 8 170 24 24 59
-0.001818 4 4 9 8 170 24 24 59
-0.00181713 4 8 9 8 170 24 24 59
-0.00181578 4 12 9 8 170 24 24 59
-0.00181543 4 16 9 8 170 24 24 59
-0.00181195 4 20 9 8 170 24 24 59
-0.000561695 4 24 9 8 170 24 24 59
-0.0018112 4 28 9 8 170 24 24 59
-0.00181534 4 32 9 8 170 24 24 59
-0.00181278 4 36 9 8 170 24 24 59
-0.00181498 4 40 9 8 170 24 24 59
-0.00127394 4 44 9 8 170 24 24 59
-0.0018137 4 48 9 8 170 24 24 59
-0.00181809 8 0 9 8 170 24 24 59
-0.00181655 8 4 9 8 170 24 24 59
-0.00181174 8 8 9 8 170 24 24 59
-0.00147714 8 12 9 8 170 24 24 59
-0.0013677 8 16 9 8 170 24 24 59
-0.00158516 8 20 9 8 170 24 24 59
-0.00169128 8 24 9 8 170 24 24 59
-0.00181629 8 28 9 8 170 24 24 59
-0.00181697 8 32 9 8 170 24 24 59
-0.00181115 8 36 9 8 170 24 24 59
-0.00181483 8 40 9 8 170 24 24 59
-0.00181173 8 44 9 8 170 24 24 59
-0.00181267 8 48 9 8 170 24 24 59
-0.00181818 12 0 9 8 170 24 24 59
-0.00181734 12 4 9 8 170 24 24 59
-0.00181658 12 8 9 8 170 24 24 59
-0.00181634 12 12 9 8 170 24 24 59
-0.00181547 12 16 9 8 170 24 24 59
-0.00181415 12 20 9 8 170 24 24 59
-0.0018156 12 24 9 8 170 24 24 59
-0.00181654 12 28 9 8 170 24 24 59
-0.00181633 12 32 9 8 170 24 24 59
-0.00181252 12 36 9 8 170 24 24 59
-0.00181669 12 40 9 8 170 24 24 59
-0.00181591 12 44 9 8 170 24 24 59
-0.00181514 12 48 9 8 170 24 24 59
-0.00181786 0 0 9 8 170 24 24 59
-0.0018166 0 4 9 8 170 24 24 59
-0.00181781 0 8 9 8 170 24 24 59
-0.00181858 0 12 9 8 170 24 24 59
-0.00181854 0 16 9 8 170 24 24 59
-0.0018182 0 20 9 8 170 24 24 59
-0.00181488 0 24 9 8 170 24 24 59
-0.00181303 0 28 9 8 170 24 24 59
-0.0018155 0 32 9 8 170 24 24 59
-0.00181351 0 36 9 8 170 24 24 59
-0.00181689 0 40 9 8 170 24 24 59
-0.00181525 0 44 9 8 170 24 24 59
-0.00181617 0 48 9 8 170 24 24 59
-0.00181795 4 0 9 8 170 24 24 59
-0.00181634 4 4 9 8 170 24 24 59
-0.00181628 4 8 9 8 170 24 24 59
-0.00181783 4 12 9 8 170 24 24 59
-0.0018183 4 16 9 8 170 24 24 59
-0.0018182 4 20 9 8 170 24 24 59
-0.00181631 4 24 9 8 170 24 24 59
-0.00124167 4 28 9 8 170 24 24 59
-0.00181334 4 32 9 8 170 24 24 59
-0.00160019 4 36 9 8 170 24 24 59
-0.00181385 4 40 9 8 170 24 24 59
-0.00181082 4 44 9 8 170 24 24 59
-0.00181276 4 48 9 8 170 24 24 59
-0.00181785 8 0 9 8 170 24 24 59
-0.00181537 8 4 9 8 170 24 24 59
-0.00181433 8 8 9 8 170 24 24 59
-0.00181637 8 12 9 8 170 24 24 59
-0.00181831 8 16 9 8 170 24 24 59
-0.00181837 8 20 9 8 170 24 24 59
-0.00181753 8 24 9 8 170 24 24 59
-0.00114322 8 28 9 8 170 24 24 59
-0.00150828 8 32 9 8 170 24 24 59
-0.000929122 8 36 9 8 170 24 24 59
-0.00152376 8 40 9 8 170 24 24 59
-0.00130563 8 44 9 8 170 24 24 59
-0.00181218 8 48 9 8 170 24 24 59
-0.00181771 12 0 9 8 170 24 24 59
-0.00181728 12 4 9 8 170 24 24 59
-0.00181729 12 8 9 8 170 24 24 59
-0.00181781 12 12 9 8 170 24 24 59
-0.00181859 12 16 9 8 170 24 24 59
-0.00181851 12 20 9 8 170 24 24 59
-0.00181785 12 24 9 8 170 24 24 59
-0.00120898 12 28 9 8 170 24 24 59
-0.00096661 12 32 9 8 170 24 24 59
-0.00080269 12 36 9 8 170 24 24 59
-0.000454379 12 40 9 8 170 24 24 59
-0.000985177 12 44 9 8 170 24 24 59
-0.00181377 12 48 9 8 170 24 24 59
-0.00181822 0 0 9 8 170 24 24 59
-0.00181849 0 4 9 8 170 24 24 59
-0.00181764 0 8 9 8 170 24 24 59
-0.00181835 0 12 9 8 170 24 24 59
-0.00181857 0 16 9 8 170 24 24 59
-0.00181781 0 20 9 8 170 24 24 59
-0.00181828 0 24 9 8 170 24 24 59
-0.00181854 0 28 9 8 170 24 24 59
-0.00181837 0 32 9 8 170 24 24 59
-0.00181855 0 36 9 8 170 24 24 59
-0.00181837 0 40 9 8 170 24 24 59
-0.00181567 0 44 9 8 170 24 24 59
-0.00181693 0 48 9 8 170 24 24 59
-0.00181827 4 0 9 8 170 24 24 59
-0.00181853 4 4 9 8 170 24 24 59
-0.00181822 4 8 9 8 170 24 24 59
-0.00181851 4 12 9 8 170 24 24 59
-0.0018186 4 16 9 8 170 24 24 59
-0.00181786 4 20 9 8 170 24 24 59
-0.00181816 4 24 9 8 170 24 24 59
-0.00181745 4 28 9 8 170 24 24 59
-0.00181798 4 32 9 8 170 24 24 59
-0.00181816 4 36 9 8 170 24 24 59
-0.00181797 4 40 9 8 170 24 24 59
-0.00181547 4 44 9 8 170 24 24 59
-0.000647164 4 48 9 8 170 24 24 59
-0.00181804 8 0 9 8 170 24 24 59
-0.00181814 8 4 9 8 170 24 24 59
-0.00181796 8 8 9 8 170 24 24 59
-0.00181829 8 12 9 8 170 24 24 59
-0.00181828 8 16 9 8 170 24 24 59
-0.00181682 8 20 9 8 170 24 24 59
-0.00181401 8 24 9 8 170 24 24 59
-0.00181479 8 28 9 8 170 24 24 59
-0.00181654 8 32 9 8 170 24 24 59
-0.00143064 8 36 9 8 170 24 24 59
-0.00181779 8 40 9 8 170 24 24 59
-0.00181822 8 44 9 8 170 24 24 59
-0.00181845 8 48 9 8 170 24 24 59
-0.00181855 12 0 9 8 170 24 24 59
-0.00181867 12 4 9 8 170 24 24 59
-0.00181862 12 8 9 8 170 24 24 59
-0.00181864 12 12 9 8 170 24 24 59
-0.00181868 12 16 9 8 170 24 24 59
-0.00181821 12 20 9 8 170 24 24 59
-0.00181523 12 24 9 8 170 24 24 59
-0.00181628 12 28 9 8 170 24 24 59
-0.00181778 12 32 9 8 170 24 24 59
-0.0018165 12 36 9 8 170 24 24 59
-0.00181845 12 40 9 8 170 24 24 59
-0.00181862 12 44 9 8 170 24 24 59
-0.00181861 12 48 9 8 170 24 24 59
-0.00181844 0 0 9 8 170 24 24 59
-0.00181841 0 4 9 8 170 24 24 59
-0.00181862 0 8 9 8 170 24 24 59
-0.00181821 0 12 9 8 170 24 24 59
-0.00181861 0 16 9 8 170 24 24 59
-0.00181868 0 20 9 8 170 24 24 59
-0.00181864 0 24 9 8 170 24 24 59
-0.00181852 0 28 9 8 170 24 24 59
-0.00181791 0 32 9 8 170 24 24 59
-0.00181832 0 36 9 8 170 24 24 59
-0.00181863 0 40 9 8 170 24 24 59
-0.00181865 0 44 9 8 170 24 24 59
-0.0018181 0 48 9 8 170 24 24 59
-0.00181805 4 0 9 8 170 24 24 59
-0.00181843 4 4 9 8 170 24 24 59
-0.00181862 4 8 9 8 170 24 24 59
-0.00181814 4 12 9 8 170 24 24 59
-0.00181845 4 16 9 8 170 24 24 59
-0.00181855 4 20 9 8 170 24 24 59
-0.00181858 4 24 9 8 170 24 24 59
-0.00181862 4 28 9 8 170 24 24 59
-0.00181855 4 32 9 8 170 24 24 59
-0.0018186 4 36 9 8 170 24 24 59
-0.00181868 4 40 9 8 170 24 24 59
-0.00181858 4 44 9 8 170 24 24 59
-0.00181816 4 48 9 8 170 24 24 59
-0.00181833 8 0 9 8 170 24 24 59
-0.00181851 8 4 9 8 170 24 24 59
-0.00181857 8 8 9 8 170 24 24 59
-0.0018184 8 12 9 8 170 24 24 59
-0.00181857 8 16 9 8 170 24 24 59
-0.00181851 8 20 9 8 170 24 24 59
-0.00181823 8 24 9 8 170 24 24 59
-0.0018186 8 28 9 8 170 24 24 59
-0.00181871 8 32 9 8 170 24 24 59
-0.00181872 8 36 9 8 170 24 24 59
-0.00181869 8 40 9 8 170 24 24 59
-0.00181863 8 44 9 8 170 24 24 59
-0.0018186 8 48 9 8 170 24 24 59
-0.00181865 12 0 9 8 170 24 24 59
-0.00181826 12 4 9 8 170 24 24 59
-0.00181841 12 8 9 8 170 24 24 59
-0.00181849 12 12 9 8 170 24 24 59
-0.00181824 12 16 9 8 170 24 24 59
-0.00181845 12 20 9 8 170 24 24 59
-0.00181819 12 24 9 8 170 24 24 59
-0.0018184 12 28 9 8 170 24 24 59
-0.00181854 12 32 9 8 170 24 24 59
-0.00181863 12 36 9 8 170 24 24 59
-0.00181845 12 40 9 8 170 24 24 59
-0.00181819 12 44 9 8 170 24 24 59
-0.00181858 12 48 9 8 170 24 24 59
-0.00181863 0 0 9 8 170 24 24 59
-0.00181872 0 4 9 8 170 24 24 59
-0.00181749 0 8 9 8 170 24 24 59
-0.00181872 0 12 9 8 170 24 24 59
-0.00181867 0 16 9 8 170 24 24 59
-0.00181848 0 20 9 8 170 24 24 59
-0.00181849 0 24 9 8 170 24 24 59
-0.00181732 0 28 9 8 170 24 24 59
-0.00181727 0 32 9 8 170 24 24 59
-0.00181819 0 36 9 8 170 24 24 59
-0.0018178 0 40 9 8 170 24 24 59
-0.00181843 0 44 9 8 170 24 24 59
-0.00181837 0 48 9 8 170 24 24 59
-0.00181859 4 0 9 8 170 24 24 59
-0.00181869 4 4 9 8 170 24 24 59
-0.0018186 4 8 9 8 170 24 24 59
-0.00181836 4 12 9 8 170 24 24 59
-0.0018187 4 16 9 8 170 24 24 59
-0.00181863 4 20 9 8 170 24 24 59
-0.00181859 4 24 9 8 170 24 24 59
-0.00181858 4 28 9 8 170 24 24 59
-0.00181812 4 32 9 8 170 24 24 59
-0.00181823 4 36 9 8 170 24 24 59
-0.00181846 4 40 9 8 170 24 24 59
-0.00181798 4 44 9 8 170 24 24 59
-0.00181866 4 48 9 8 170 24 24 59
-0.00181854 8 0 9 8 170 24 24 59
-0.00181866 8 4 9 8 170 24 24 59
-0.0018186 8 8 9 8 170 24 24 59
-0.00181863 8 12 9 8 170 24 24 59
-0.00181867 8 16 9 8 170 24 24 59
-0.00181855 8 20 9 8 170 24 24 59
-0.00181839 8 24 9 8 170 24 24 59
-0.00181859 8 28 9 8 170 24 24 59
-0.00181785 8 32 9 8 170 24 24 59
-0.001818 8 36 9 8 170 24 24 59
-0.0018186 8 40 9 8 170 24 24 59
-0.00181857 8 44 9 8 170 24 24 59
-0.00181872 8 48 9 8 170 24 24 59
-0.00181848 12 0 9 8 170 24 24 59
-0.00181868 12 4 9 8 170 24 24 59
-0.00181872 12 8 9 8 170 24 24 59
-0.00181869 12 12 9 8 170 24 24 59
-0.00181853 12 16 9 8 170 24 24 59
-0.00181789 12 20 9 8 170 24 24 59
-0.0018184 12 24 9 8 170 24 24 59
-0.00181856 12 28 9 8 170 24 24 59
-0.00181799 12 32 9 8 170 24 24 59
-0.00181795 12 36 9 8 170 24 24 59
-0.00181791 12 40 9 8 170 24 24 59
-0.00181866 12 44 9 8 170 24 24 59
-0.00181871 12 48 9 8 170 24 24 59
-0.00181863 0 0 9 8 170 24 24 59
-0.00181846 0 4 9 8 170 24 24 59
-0.000593779 0 8 9 8 170 24 24 59
-0.00181846 0 12 9 8 170 24 24 59
-0.00181861 0 16 9 8 170 24 24 59
-0.00181829 0 20 9 8 170 24 24 59
-0.00181862 0 24 9 8 170 24 24 59
-0.00181767 0 28 9 8 170 24 24 59
-0.00181801 0 32 9 8 170 24 24 59
-0.00181727 0 36 9 8 170 24 24 59
-0.00181542 0 40 9 8 170 24 24 59
-0.00181377 0 44 9 8 170 24 24 59
-0.00181745 0 48 9 8 170 24 24 59
-0.00181666 4 0 9 8 170 24 24 59
-0.00122521 4 4 9 8 170 24 24 59
-0.00100331 4 8 9 8 170 24 24 59
-0.00181605 4 12 9 8 170 24 24 59
-0.00181824 4 16 9 8 170 24 24 59
-0.00181828 4 20 9 8 170 24 24 59
-0.00181826 4 24 9 8 170 24 24 59
-0.00181822 4 28 9 8 170 24 24 59
-0.00181827 4 32 9 8 170 24 24 59
-0.00181852 4 36 9 8 170 24 24 59
-0.00181823 4 40 9 8 170 24 24 59
-0.00125786 4 44 9 8 170 24 24 59
-0.00181804 4 48 9 8 170 24 24 59
-0.00181867 8 0 9 8 170 24 24 59
-0.00181822 8 4 9 8 170 24 24 59
-0.00155469 8 8 9 8 170 24 24 59
-0.00181336 8 12 9 8 170 24 24 59
-0.00181837 8 16 9 8 170 24 24 59
-0.00181832 8 20 9 8 170 24 24 59
-0.00181841 8 24 9 8 170 24 24 59
-0.00181847 8 28 9 8 170 24 24 59
-0.0018184 8 32 9 8 170 24 24 59
-0.00181859 8 36 9 8 170 24 24 59
-0.00181848 8 40 9 8 170 24 24 59
-0.00181128 8 44 9 8 170 24 24 59
-0.00181788 8 48 9 8 170 24 24 59
-0.00181868 12 0 9 8 170 24 24 59
-0.00181862 12 4 9 8 170 24 24 59
-0.00175141 12 8 9 8 170 24 24 59
-0.00181766 12 12 9 8 170 24 24 59
-0.00181857 12 16 9 8 170 24 24 59
-0.00181818 12 20 9 8 170 24 24 59
-0.00181858 12 24 9 8 170 24 24 59
-0.00181823 12 28 9 8 170 24 24 59
-0.00181777 12 32 9 8 170 24 24 59
-0.00181765 12 36 9 8 170 24 24 59
-0.00181687 12 40 9 8 170 24 24 59
-0.00164601 12 44 9 8 170 24 24 59
-0.00181743 12 48 9 8 170 24 24 59
-0.0018187 0 0 9 8 170 24 24 59
-0.00181869 0 4 9 8 170 24 24 59
-0.0018157 0 8 9 8 170 24 24 59
-0.0018187 0 12 9 8 170 24 24 59
-0.00181867 0 16 9 8 170 24 24 59
-0.00181853 0 20 9 8 170 24 24 59
-0.00181851 0 24 9 8 170 24 24 59
-0.00181867 0 28 9 8 170 24 24 59
-0.00181855 0 32 9 8 170 24 24 59
-0.00181814 0 36 9 8 170 24 24 59
-0.00181846 0 40 9 8 170 24 24 59
-0.00181857 0 44 9 8 170 24 24 59
-0.00181859 0 48 9 8 170 24 24 59
-0.00181871 4 0 9 8 170 24 24 59
-0.00181796 4 4 9 8 170 24 24 59
-0.00181868 4 8 9 8 170 24 24 59
-0.0018187 4 12 9 8 170 24 24 59
-0.0018186 4 16 9 8 170 24 24 59
-0.00181826 4 20 9 8 170 24 24 59
-0.00181849 4 24 9 8 170 24 24 59
-0.00181863 4 28 9 8 170 24 24 59
-0.00181856 4 32 9 8 170 24 24 59
-0.0018186 4 36 9 8 170 24 24 59
-0.00181854 4 40 9 8 170 24 24 59
-0.00181856 4 44 9 8 170 24 24 59
-0.00181826 4 48 9 8 170 24 24 59
-0.00181868 8 0 9 8 170 24 24 59
-0.00181872 8 4 9 8 170 24 24 59
-0.00181872 8 8 9 8 170 24 24 59
-0.00181864 8 12 9 8 170 24 24 59
-0.00181854 8 16 9 8 170 24 24 59
-0.00181799 8 20 9 8 170 24 24 59
-0.00181854 8 24 9 8 170 24 24 59
-0.00181861 8 28 9 8 170 24 24 59
-0.00181837 8 32 9 8 170 24 24 59
-0.0018183 8 36 9 8 170 24 24 59
-0.00181867 8 40 9 8 170 24 24 59
-0.0018186 8 44 9 8 170 24 24 59
-0.00181747 8 48 9 8 170 24 24 59
-0.00181854 12 0 9 8 170 24 24 59
-0.00181865 12 4 9 8 170 24 24 59
-0.0018187 12 8 9 8 170 24 24 59
-0.00181869 12 12 9 8 170 24 24 59
-0.00181857 12 16 9 8 170 24 24 59
-0.00181822 12 20 9 8 170 24 24 59
-0.00181853 12 24 9 8 170 24 24 59
-0.0018186 12 28 9 8 170 24 24 59
-0.00181842 12 32 9 8 170 24 24 59
-0.00181841 12 36 9 8 170 24 24 59
-0.00181868 12 40 9 8 170 24 24 59
-0.00181825 12 44 9 8 170 24 24 59
-0.00181647 12 48 9 8 170 24 24 59
-0.00181773 0 0 9 8 170 24 24 59
-0.0018165 0 4 9 8 170 24 24 59
-0.00181846 0 8 9 8 170 24 24 59
-0.00181856 0 12 9 8 170 24 24 59
-0.00181764 0 16 9 8 170 24 24 59
-0.00181826 0 20 9 8 170 24 24 59
-0.00181853 0 24 9 8 170 24 24 59
-0.00181758 0 28 9 8 170 24 24 59
-0.00181857 0 32 9 8 170 24 24 59
-0.00181867 0 36 9 8 170 24 24 59
-0.00181851 0 40 9 8 170 24 24 59
-0.00181786 0 44 9 8 170 24 24 59
-0.00181857 0 48 9 8 170 24 24 59
-0.00181642 4 0 9 8 170 24 24 59
-0.00181842 4 4 9 8 170 24 24 59
-0.0018187 4 8 9 8 170 24 24 59
-0.00181854 4 12 9 8 170 24 24 59
-0.00181798 4 16 9 8 170 24 24 59
-0.00181851 4 20 9 8 170 24 24 59
-0.00181857 4 24 9 8 170 24 24 59
-0.00181834 4 28 9 8 170 24 24 59
-0.00181869 4 32 9 8 170 24 24 59
-0.0018186 4 36 9 8 170 24 24 59
-0.00181824 4 40 9 8 170 24 24 59
-0.00181855 4 44 9 8 170 24 24 59
-0.00181809 4 48 9 8 170 24 24 59
-0.00181859 8 0 9 8 170 24 24 59
-0.00181869 8 4 9 8 170 24 24 59
-0.00181847 8 8 9 8 170 24 24 59
-0.00181696 8 12 9 8 170 24 24 59
-0.00181826 8 16 9 8 170 24 24 59
-0.00181865 8 20 9 8 170 24 24 59
-0.00181849 8 24 9 8 170 24 24 59
-0.00181833 8 28 9 8 170 24 24 59
-0.00181859 8 32 9 8 170 24 24 59
-0.00181801 8 36 9 8 170 24 24 59
-0.00181782 8 40 9 8 170 24 24 59
-0.00181851 8 44 9 8 170 24 24 59
-0.00181869 8 48 9 8 170 24 24 59
-0.00181868 12 0 9 8 170 24 24 59
-0.00181857 12 4 9 8 170 24 24 59
-0.00181757 12 8 9 8 170 24 24 59
-0.0018176 12 12 9 8 170 24 24 59
-0.00181809 12 16 9 8 170 24 24 59
-0.00181859 12 20 9 8 170 24 24 59
-0.00181864 12 24 9 8 170 24 24 59
-0.00181864 12 28 9 8 170 24 24 59
-0.0018186 12 32 9 8 170 24 24 59
-0.00181866 12 36 9 8 170 24 24 59
-0.0018187 12 40 9 8 170 24 24 59
-0.00181864 12 44 9 8 170 24 24 59
-0.00181857 12 48 9 8 170 24 24 59
-0.00181782 0 0 12 11 170 24 24 59
-0.00181628 0 5 12 11 170 24 24 59
-0.00181749 0 10 12 11 170 24 24 59
-0.00181801 0 15 12 11 170 24 24 59
-0.00181636 0 20 12 11 170 24 24 59
-0.00181583 0 25 12 11 170 24 24 59
-0.00181677 0 30 12 11 170 24 24 59
-0.00181845 0 35 12 11 170 24 24 59
-0.00181866 0 40 12 11 170 24 24 59
-0.00181703 6 0 12 11 170 24 24 59
-0.00181619 6 5 12 11 170 24 24 59
-0.00181601 6 10 12 11 170 24 24 59
-0.00181714 6 15 12 11 170 24 24 59
-0.00181603 6 20 12 11 170 24 24 59
-0.0018179 6 25 12 11 170 24 24 59
-0.00181815 6 30 12 11 170 24 24 59
-0.00181806 6 35 12 11 170 24 24 59
-0.00181805 6 40 12 11 170 24 24 59
-0.00181748 12 0 12 11 170 24 24 59
-0.00181345 12 5 12 11 170 24 24 59
-0.00181192 12 10 12 11 170 24 24 59
-0.00179606 12 15 12 11 170 24 24 59
-0.00181644 12 20 12 11 170 24 24 59
-0.00181824 12 25 12 11 170 24 24 59
-0.00181826 12 30 12 11 170 24 24 59
-0.00181811 12 35 12 11 170 24 24 59
-0.00181824 12 40 12 11 170 24 24 59
-0.00181741 0 0 12 11 170 24 24 59
-0.00181786 0 5 12 11 170 24 24 59
-0.00181802 0 10 12 11 170 24 24 59
-0.00181833 0 15 12 11 170 24 24 59
-0.00181856 0 20 12 11 170 24 24 59
-0.00181772 0 25 12 11 170 24 24 59
-0.00181564 0 30 12 11 170 24 24 59
-0.00181739 0 35 12 11 170 24 24 59
-0.00119297 0 40 12 11 170 24 24 59
-0.00181843 6 0 12 11 170 24 24 59
-0.00181699 6 5 12 11 170 24 24 59
-0.00181676 6 10 12 11 170 24 24 59
-0.00181593 6 15 12 11 170 24 24 59
-0.00181573 6 20 12 11 170 24 24 59
-0.00181353 6 25 12 11 170 24 24 59
-0.00181724 6 30 12 11 170 24 24 59
-0.0018123 6 35 12 11 170 24 24 59
-0.00181676 6 40 12 11 170 24 24 59
-0.00181847 12 0 12 11 170 24 24 59
-0.00181546 12 5 12 11 170 24 24 59
-0.00181497 12 10 12 11 170 24 24 59
-0.00181233 12 15 12 11 170 24 24 59
-0.00181401 12 20 12 11 170 24 24 59
-0.00181229 12 25 12 11 170 24 24 59
-0.00181715 12 30 12 11 170 24 24 59
-0.00181457 12 35 12 11 170 24 24 59
-0.00181758 12 40 12 11 170 24 24 59
-0.00181836 0 0 12 11 170 24 24 59
-0.00181814 0 5 12 11 170 24 24 59
-0.00181771 0 10 12 11 170 24 24 59
-0.00181683 0 15 12 11 170 24 24 59
-0.00181151 0 20 12 11 170 24 24 59
-0.00110892 0 25 12 11 170 24 24 59
-0.00181134 0 30 12 11 170 24 24 59
-0.00161557 0 35 12 11 170 24 24 59
-0.0013834 0 40 12 11 170 24 24 59
-0.00181788 6 0 12 11 170 24 24 59
-0.0018148 6 5 12 11 170 24 24 59
-0.00163082 6 10 12 11 170 24 24 59
-0.00132123 6 15 12 11 170 24 24 59
-0.00117659 6 20 12 11 170 24 24 59
-0.00181424 6 25 12 11 170 24 24 59
-0.00181473 6 30 12 11 170 24 24 59
-0.000857067 6 35 12 11 170 24 24 59
-0.00181348 6 40 12 11 170 24 24 59
-0.00181815 12 0 12 11 170 24 24 59
-0.00181745 12 5 12 11 170 24 24 59
-0.00181716 12 10 12 11 170 24 24 59
-0.00181699 12 15 12 11 170 24 24 59
-0.00181711 12 20 12 11 170 24 24 59
-0.00181712 12 25 12 11 170 24 24 59
-0.00181519 12 30 12 11 170 24 24 59
-0.00153932 12 35 12 11 170 24 24 59
-0.00181553 12 40 12 11 170 24 24 59
-0.00181741 0 0 12 11 170 24 24 59
-0.00181637 0 5 12 11 170 24 24 59
-0.00181829 0 10 12 11 170 24 24 59
-0.00181842 0 15 12 11 170 24 24 59
-0.00181758 0 20 12 11 170 24 24 59
-0.00133674 0 25 12 11 170 24 24 59
-0.00181368 0 30 12 11 170 24 24 59
-0.00112624 0 35 12 11 170 24 24 59
-0.0018143 0 40 12 11 170 24 24 59
-0.0018173 6 0 12 11 170 24 24 59
-0.00181468 6 5 12 11 170 24 24 59
-0.00181707 6 10 12 11 170 24 24 59
-0.00181834 6 15 12 11 170 24 24 59
-0.00181799 6 20 12 11 170 24 24 59
-0.00181291 6 25 12 11 170 24 24 59
-0.00102113 6 30 12 11 170 24 24 59
-0.000505177 6 35 12 11 170 24 24 59
-0.00116003 6 40 12 11 170 24 24 59
-0.001818 12 0 12 11 170 24 24 59
-0.00181763 12 5 12 11 170 24 24 59
-0.00181813 12 10 12 11 170 24 24 59
-0.0018186 12 15 12 11 170 24 24 59
-0.00181836 12 20 12 11 170 24 24 59
-0.00181612 12 25 12 11 170 24 24 59
-0.00053484 12 30 12 11 170 24 24 59
-0.000782973 12 35 12 11 170 24 24 59
-0.000474533 12 40 12 11 170 24 24 59
-0.00181817 0 0 12 11 170 24 24 59
-0.00181776 0 5 12 11 170 24 24 59
-0.001818 0 10 12 11 170 24 24 59
-0.00181832 0 15 12 11 170 24 24 59
-0.0018156 0 20 12 11 170 24 24 59
-0.00181809 0 25 12 11 170 24 24 59
-0.00181778 0 30 12 11 170 24 24 59
-0.00181831 0 35 12 11 170 24 24 59
-0.00181729 0 40 12 11 170 24 24 59
-0.00181837 6 0 12 11 170 24 24 59
-0.00181814 6 5 12 11 170 24 24 59
-0.00181827 6 10 12 11 170 24 24 59
-0.00181838 6 15 12 11 170 24 24 59
-0.00181528 6 20 12 11 170 24 24 59
-0.00181506 6 25 12 11 170 24 24 59
-0.0018174 6 30 12 11 170 24 24 59
-0.00181652 6 35 12 11 170 24 24 59
-0.00181645 6 40 12 11 170 24 24 59
-0.0018187 12 0 12 11 170 24 24 59
-0.00181823 12 5 12 11 170 24 24 59
-0.00181834 12 10 12 11 170 24 24 59
-0.00181869 12 15 12 11 170 24 24 59
-0.00181762 12 20 12 11 170 24 24 59
-0.00181809 12 25 12 11 170 24 24 59
-0.00181839 12 30 12 11 170 24 24 59
-0.00181847 12 35 12 11 170 24 24 59
-0.00181861 12 40 12 11 170 24 24 59
-0.00181768 0 0 12 11 170 24 24 59
-0.00181842 0 5 12 11 170 24 24 59
-0.00181841 0 10 12 11 170 24 24 59
-0.00181842 0 15 12 11 170 24 24 59
-0.00181861 0 20 12 11 170 24 24 59
-0.00181851 0 25 12 11 170 24 24 59
-0.00181793 0 30 12 11 170 24 24 59
-0.00181815 0 35 12 11 170 24 24 59
-0.00181862 0 40 12 11 170 24 24 59
-0.00181786 6 0 12 11 170 24 24 59
-0.00181836 6 5 12 11 170 24 24 59
-0.00181834 6 10 12 11 170 24 24 59
-0.00181843 6 15 12 11 170 24 24 59
-0.00181829 6 20 12 11 170 24 24 59
-0.00181775 6 25 12 11 170 24 24 59
-0.0018185 6 30 12 11 170 24 24 59
-0.00181854 6 35 12 11 170 24 24 59
-0.00181842 6 40 12 11 170 24 24 59
-0.00181849 12 0 12 11 170 24 24 59
-0.00181799 12 5 12 11 170 24 24 59
-0.00181723 12 10 12 11 170 24 24 59
-0.0018171 12 15 12 11 170 24 24 59
-0.00181852 12 20 12 11 170 24 24 59
-0.00181786 12 25 12 11 170 24 24 59
-0.00181768 12 30 12 11 170 24 24 59
-0.00181832 12 35 12 11 170 24 24 59
-0.00181761 12 40 12 11 170 24 24 59
-0.00181863 0 0 12 11 170 24 24 59
-0.00181872 0 5 12 11 170 24 24 59
-0.0018187 0 10 12 11 170 24 24 59
-0.00181858 0 15 12 11 170 24 24 59
-0.00181746 0 20 12 11 170 24 24 59
-0.00181827 0 25 12 11 170 24 24 59
-0.00181634 0 30 12 11 170 24 24 59
-0.00181475 0 35 12 11 170 24 24 59
-0.00181773 0 40 12 11 170 24 24 59
-0.00181857 6 0 12 11 170 24 24 59
-0.00181866 6 5 12 11 170 24 24 59
-0.00181866 6 10 12 11 170 24 24 59
-0.00181863 6 15 12 11 170 24 24 59
-0.00181809 6 20 12 11 170 24 24 59
-0.00181821 6 25 12 11 170 24 24 59
-0.00181827 6 30 12 11 170 24 24 59
-0.00181833 6 35 12 11 170 24 24 59
-0.00181858 6 40 12 11 170 24 24 59
-0.00181858 12 0 12 11 170 24 24 59
-0.00181859 12 5 12 11 170 24 24 59
-0.0018187 12 10 12 11 170 24 24 59
-0.00181849 12 15 12 11 170 24 24 59
-0.00181781 12 20 12 11 170 24 24 59
-0.00181845 12 25 12 11 170 24 24 59
-0.00181811 12 30 12 11 170 24 24 59
-0.00181795 12 35 12 11 170 24 24 59
-0.00181832 12 40 12 11 170 24 24 59
-0.00181842 0 0 12 11 170 24 24 59
-0.00181724 0 5 12 11 170 24 24 59
-0.00181823 0 10 12 11 170 24 24 59
-0.00181831 0 15 12 11 170 24 24 59
-0.00181726 0 20 12 11 170 24 24 59
-0.00181739 0 25 12 11 170 24 24 59
-0.0018167 0 30 12 11 170 24 24 59
-0.0018178 0 35 12 11 170 24 24 59
-0.00181751 0 40 12 11 170 24 24 59
-0.00181858 6 0 12 11 170 24 24 59
-0.00181669 6 5 12 11 170 24 24 59
-0.00181541 6 10 12 11 170 24 24 59
-0.00181831 6 15 12 11 170 24 24 59
-0.00181594 6 20 12 11 170 24 24 59
-0.00181274 6 25 12 11 170 24 24 59
-0.00181275 6 30 12 11 170 24 24 59
-0.00181838 6 35 12 11 170 24 24 59
-0.00181806 6 40 12 11 170 24 24 59
-0.00181863 12 0 12 11 170 24 24 59
-0.00181767 12 5 12 11 170 24 24 59
-0.00181774 12 10 12 11 170 24 24 59
-0.00181832 12 15 12 11 170 24 24 59
-0.00181598 12 20 12 11 170 24 24 59
-0.00181783 12 25 12 11 170 24 24 59
-0.00181486 12 30 12 11 170 24 24 59
-0.00181627 12 35 12 11 170 24 24 59
-0.00181459 12 40 12 11 170 24 24 59
-0.00181872 0 0 12 11 170 24 24 59
-0.00181757 0 5 12 11 170 24 24 59
-0.00181872 0 10 12 11 170 24 24 59
-0.0018186 0 15 12 11 170 24 24 59
-0.00181766 0 20 12 11 170 24 24 59
-0.00181854 0 25 12 11 170 24 24 59
-0.00181855 0 30 12 11 170 24 24 59
-0.00181816 0 35 12 11 170 24 24 59
-0.0018185 0 40 12 11 170 24 24 59
-0.00181869 6 0 12 11 170 24 24 59
-0.00181867 6 5 12 11 170 24 24 59
-0.00181867 6 10 12 11 170 24 24 59
-0.00181847 6 15 12 11 170 24 24 59
-0.00181681 6 20 12 11 170 24 24 59
-0.00181844 6 25 12 11 170 24 24 59
-0.0018174 6 30 12 11 170 24 24 59
-0.00181812 6 35 12 11 170 24 24 59
-0.00181865 6 40 12 11 170 24 24 59
-0.00181857 12 0 12 11 170 24 24 59
-0.0018187 12 5 12 11 170 24 24 59
-0.00181868 12 10 12 11 170 24 24 59
-0.0018185 12 15 12 11 170 24 24 59
-0.00181677 12 20 12 11 170 24 24 59
-0.00181852 12 25 12 11 170 24 24 59
-0.00181843 12 30 12 11 170 24 24 59
-0.00181842 12 35 12 11 170 24 24 59
-0.00181853 12 40 12 11 170 24 24 59
-0.00181559 0 0 12 11 170 24 24 59
-0.00181851 0 5 12 11 170 24 24 59
-0.00181853 0 10 12 11 170 24 24 59
-0.00181712 0 15 12 11 170 24 24 59
-0.00181787 0 20 12 11 170 24 24 59
-0.00181692 0 25 12 11 170 24 24 59
-0.00181824 0 30 12 11 170 24 24 59
-0.00181857 0 35 12 11 170 24 24 59
-0.00181829 0 40 12 11 170 24 24 59
-0.00181871 6 0 12 11 170 24 24 59
-0.00181856 6 5 12 11 170 24 24 59
-0.00181799 6 10 12 11 170 24 24 59
-0.0018181 6 15 12 11 170 24 24 59
-0.00181842 6 20 12 11 170 24 24 59
-0.0018185 6 25 12 11 170 24 24 59
-0.0018186 6 30 12 11 170 24 24 59
-0.00181807 6 35 12 11 170 24 24 59
-0.00181843 6 40 12 11 170 24 24 59
-0.00181768 12 0 12 11 170 24 24 59
-0.00181803 12 5 12 11 170 24 24 59
-0.00181716 12 10 12 11 170 24 24 59
-0.00181791 12 15 12 11 170 24 24 59
-0.00181818 12 20 12 11 170 24 24 59
-0.00181831 12 25 12 11 170 24 24 59
-0.00181841 12 30 12 11 170 24 24 59
-0.0018184 12 35 12 11 170 24 24 59
-0.0018184 12 40 12 11 170 24 24 59
-0.00181784 0 0 16 16 170 24 24 59
-0.00181825 0 8 16 16 170 24 24 59
-0.0018139 0 16 16 16 170 24 24 59
-0.00181654 0 24 16 16 170 24 24 59
-0.00181813 0 32 16 16 170 24 24 59
-0.00181815 0 40 16 16 170 24 24 59
-0.00181526 8 0 16 16 170 24 24 59
-0.00181267 8 8 16 16 170 24 24 59
-0.00181539 8 16 16 16 170 24 24 59
-0.00181822 8 24 16 16 170 24 24 59
-0.00181799 8 32 16 16 170 24 24 59
-0.00181814 8 40 16 16 170 24 24 59
-0.00181794 0 0 16 16 170 24 24 59
-0.0018181 0 8 16 16 170 24 24 59
-0.00181833 0 16 16 16 170 24 24 59
-0.00167622 0 24 16 16 170 24 24 59
-0.00181576 0 32 16 16 170 24 24 59
-0.000670547 0 40 16 16 170 24 24 59
-0.00181796 8 0 16 16 170 24 24 59
-0.00149266 8 8 16 16 170 24 24 59
-0.000695007 8 16 16 16 170 24 24 59
-0.00157001 8 24 16 16 170 24 24 59
-0.00173646 8 32 16 16 170 24 24 59
-0.00181636 8 40 16 16 170 24 24 59
-0.00181774 0 0 16 16 170 24 24 59
-0.00181608 0 8 16 16 170 24 24 59
-0.00139923 0 16 16 16 170 24 24 59
-0.00176627 0 24 16 16 170 24 24 59
-0.000874151 0 32 16 16 170 24 24 59
-0.00181218 0 40 16 16 170 24 24 59
-0.00181735 8 0 16 16 170 24 24 59
-0.00181502 8 8 16 16 170 24 24 59
-0.00181564 8 16 16 16 170 24 24 59
-0.00181585 8 24 16 16 170 24 24 59
-0.000741431 8 32 16 16 170 24 24 59
-0.00181471 8 40 16 16 170 24 24 59
-0.00181667 0 0 16 16 170 24 24 59
-0.00181819 0 8 16 16 170 24 24 59
-0.00181764 0 16 16 16 170 24 24 59
-0.000891345 0 24 16 16 170 24 24 59
-0.000531429 0 32 16 16 170 24 24 59
-0.00103878 0 40 16 16 170 24 24 59
-0.00181757 8 0 16 16 170 24 24 59
-0.0018184 8 8 16 16 170 24 24 59
-0.00181812 8 16 16 16 170 24 24 59
-0.00181217 8 24 16 16 170 24 24 59
-0.00045894 8 32 16 16 170 24 24 59
-0.00109126 8 40 16 16 170 24 24 59
-0.00181798 0 0 16 16 170 24 24 59
-0.00181811 0 8 16 16 170 24 24 59
-0.00181532 0 16 16 16 170 24 24 59
-0.00181665 0 24 16 16 170 24 24 59
-0.00181678 0 32 16 16 170 24 24 59
-0.00181484 0 40 16 16 170 24 24 59
-0.00181849 8 0 16 16 170 24 24 59
-0.00181823 8 8 16 16 170 24 24 59
-0.00181804 8 16 16 16 170 24 24 59
-0.00181737 8 24 16 16 170 24 24 59
-0.00181831 8 32 16 16 170 24 24 59
-0.00181815 8 40 16 16 170 24 24 59
-0.00181661 0 0 16 16 170 24 24 59
-0.00181827 0 8 16 16 170 24 24 59
-0.00181837 0 16 16 16 170 24 24 59
-0.00181812 0 24 16 16 170 24 24 59
-0.00181743 0 32 16 16 170 24 24 59
-0.00181838 0 40 16 16 170 24 24 59
-0.00181793 8 0 16 16 170 24 24 59
-0.00181348 8 8 16 16 170 24 24 59
-0.00181761 8 16 16 16 170 24 24 59
-0.00181768 8 24 16 16 170 24 24 59
-0.00181689 8 32 16 16 170 24 24 59
-0.00181794 8 40 16 16 170 24 24 59
-0.00181862 0 0 16 16 170 24 24 59
-0.00181863 0 8 16 16 170 24 24 59
-0.00181625 0 16 16 16 170 24 24 59
-0.00181741 0 24 16 16 170 24 24 59
-0.00181686 0 32 16 16 170 24 24 59
-0.00181819 0 40 16 16 170 24 24 59
-0.00181847 8 0 16 16 170 24 24 59
-0.00181854 8 8 16 16 170 24 24 59
-0.00181511 8 16 16 16 170 24 24 59
-0.00181695 8 24 16 16 170 24 24 59
-0.00181533 8 32 16 16 170 24 24 59
-0.00181852 8 40 16 16 170 24 24 59
-0.00181846 0 0 16 16 170 24 24 59
-0.00181837 0 8 16 16 170 24 24 59
-0.00181389 0 16 16 16 170 24 24 59
-0.00181733 0 24 16 16 170 24 24 59
-0.00181103 0 32 16 16 170 24 24 59
-0.00181623 0 40 16 16 170 24 24 59
-0.0018183 8 0 16 16 170 24 24 59
-0.0018181 8 8 16 16 170 24 24 59
-0.00144608 8 16 16 16 170 24 24 59
-0.00181713 8 24 16 16 170 24 24 59
-0.00181261 8 32 16 16 170 24 24 59
-0.00181618 8 40 16 16 170 24 24 59
-0.00181868 0 0 16 16 170 24 24 59
-0.00181865 0 8 16 16 170 24 24 59
-0.00181463 0 16 16 16 170 24 24 59
-0.00181821 0 24 16 16 170 24 24 59
-0.0018164 0 32 16 16 170 24 24 59
-0.00181838 0 40 16 16 170 24 24 59
-0.00181858 8 0 16 16 170 24 24 59
-0.00181861 8 8 16 16 170 24 24 59
-0.00141496 8 16 16 16 170 24 24 59
-0.00181837 8 24 16 16 170 24 24 59
-0.00181781 8 32 16 16 170 24 24 59
-0.00181777 8 40 16 16 170 24 24 59
-0.00181846 0 0 16 16 170 24 24 59
-0.00181806 0 8 16 16 170 24 24 59
-0.00181739 0 16 16 16 170 24 24 59
-0.00181613 0 24 16 16 170 24 24 59
-0.00181856 0 32 16 16 170 24 24 59
-0.00181756 0 40 16 16 170 24 24 59
-0.00181715 8 0 16 16 170 24 24 59
-0.00181227 8 8 16 16 170 24 24 59
-0.0018175 8 16 16 16 170 24 24 59
-0.00181834 8 24 16 16 170 24 24 59
-0.00181831 8 32 16 16 170 24 24 59
-0.0018179 8 40 16 16 170 24 24 59
-0.00170641 0 0 24 29 170 24 24 59
-0.00166107 0 14 24 29 170 24 24 59
-0.00181706 0 28 24 29 170 24 24 59
-0.00181791 0 0 24 29 170 24 24 59
-0.00146157 0 14 24 29 170 24 24 59
-0.000621242 0 28 24 29 170 24 24 59
-0.00181654 0 0 24 29 170 24 24 59
-0.00181079 0 14 24 29 170 24 24 59
-0.000839668 0 28 24 29 170 24 24 59
-0.0018183 0 0 24 29 170 24 24 59
-0.00181414 0 14 24 29 170 24 24 59
-0.000947866 0 28 24 29 170 24 24 59
-0.00181436 0 0 24 29 170 24 24 59
-0.00181822 0 14 24 29 170 24 24 59
-0.00181729 0 28 24 29 170 24 24 59
-0.00178123 0 0 24 29 170 24 24 59
-0.0018159 0 14 24 29 170 24 24 59
-0.0018152 0 28 24 29 170 24 24 59
-0.00181509 0 0 24 29 170 24 24 59
-0.00181672 0 14 24 29 170 24 24 59
-0.00181736 0 28 24 29 170 24 24 59
-0.00181562 0 0 24 29 170 24 24 59
-0.00181202 0 14 24 29 170 24 24 59
-0.00181505 0 28 24 29 170 24 24 59
-0.00181627 0 0 24 29 170 24 24 59
-0.001813 0 14 24 29 170 24 24 59
-0.00181859 0 28 24 29 170 24 24 59
-0.0018173 0 0 24 29 170 24 24 59
-0.00181683 0 14 24 29 170 24 24 59
-0.00181737 0 28 24 29 170 24 24 59
-0.00128981 0 0 24 39 170 24 24 59
-0.00181483 0 19 24 39 170 24 24 59
-0.00181663 0 0 24 39 170 24 24 59
-0.00172145 0 19 24 39 170 24 24 59
-0.00181569 0 0 24 39 170 24 24 59
-0.000821377 0 19 24 39 170 24 24 59
-0.00181581 0 0 24 39 170 24 24 59
-0.00105601 0 19 24 39 170 24 24 59
-0.00181328 0 0 24 39 170 24 24 59
-0.00181701 0 19 24 39 170 24 24 59
-0.00181339 0 0 24 39 170 24 24 59
-0.00181644 0 19 24 39 170 24 24 59
-0.00181453 0 0 24 39 170 24 24 59
-0.00181658 0 19 24 39 170 24 24 59
-0.00181117 0 0 24 39 170 24 24 59
-0.00181393 0 19 24 39 170 24 24 59
-0.00181432 0 0 24 39 170 24 24 59
-0.00181239 0 19 24 39 170 24 24 59
-0.00181605 0 0 24 39 170 24 24 59
-0.00181702 0 19 24 39 170 24 24 59
