0.00138568 683 154 12 18 758 265 123 183
0.00146069 683 172 12 18 758 265 123 183
0.0014196 683 190 12 18 758 265 123 183
0.00143344 683 208 12 18 758 265 123 183
0.00141958 683 226 12 18 758 265 123 183
0.00149417 683 244 12 18 758 265 123 183
0.00147571 683 262 12 18 758 265 123 183
0.00141261 683 280 12 18 758 265 123 183
0.00145533 683 298 12 18 758 265 123 183
0.00147051 683 316 12 18 758 265 123 183
0.0014853 683 334 12 18 758 265 123 183
0.00148968 683 352 12 18 758 265 123 183
0.00151861 683 370 12 18 758 265 123 183
0.00150501 683 388 12 18 758 265 123 183
0.00147415 683 406 12 18 758 265 123 183
0.00134426 683 424 12 18 758 265 123 183
0.00116494 683 442 12 18 758 265 123 183
0.000617737 683 460 12 18 758 265 123 183
0.00192055 683 478 12 18 758 265 123 183
0.00145179 683 496 12 18 758 265 123 183
0.00151255 683 514 12 18 758 265 123 183
0.000355059 683 532 12 18 758 265 123 183
0.000793542 683 550 12 18 758 265 123 183
0.0014865 695 154 12 18 758 265 123 183
0.00141763 695 172 12 18 758 265 123 183
0.00143741 695 190 12 18 758 265 123 183
0.00142298 695 208 12 18 758 265 123 183
0.00145572 695 226 12 18 758 265 123 183
0.00144978 695 244 12 18 758 265 123 183
0.00145645 695 262 12 18 758 265 123 183
0.00149831 695 280 12 18 758 265 123 183
0.00146269 695 298 12 18 758 265 123 183
0.00142283 695 316 12 18 758 265 123 183
0.00158049 695 334 12 18 758 265 123 183
0.00144244 695 352 12 18 758 265 123 183
0.00146312 695 370 12 18 758 265 123 183
0.00157437 695 388 12 18 758 265 123 183
0.00142416 695 406 12 18 758 265 123 183
0.00125462 695 424 12 18 758 265 123 183
0.00104481 695 442 12 18 758 265 123 183
0.000574866 695 460 12 18 758 265 123 183
0.00191583 695 478 12 18 758 265 123 183
0.0016292 695 496 12 18 758 265 123 183
0.00156497 695 514 12 18 758 265 123 183
0.000261809 695 532 12 18 758 265 123 183
0.000686701 695 550 12 18 758 265 123 183
0.00142205 707 154 12 18 758 265 123 183
0.00142215 707 172 12 18 758 265 123 183
0.00146334 707 190 12 18 758 265 123 183
0.00149138 707 208 12 18 758 265 123 183
0.00170989 707 226 12 18 758 265 123 183
0.00143685 707 244 12 18 758 265 123 183
0.00144002 707 262 12 18 758 265 123 183
0.00142676 707 280 12 18 758 265 123 183
0.00152963 707 298 12 18 758 265 123 183
0.001455 707 316 12 18 758 265 123 183
0.00156793 707 334 12 18 758 265 123 183
0.00159969 707 352 12 18 758 265 123 183
0.00145221 707 370 12 18 758 265 123 183
0.0014412 707 388 12 18 758 265 123 183
0.00145049 707 406 12 18 758 265 123 183
0.00119075 707 424 12 18 758 265 123 183
0.00112438 707 442 12 18 758 265 123 183
0.000678591 707 460 12 18 758 265 123 183
0.00142925 707 478 12 18 758 265 123 183
0.00170196 707 496 12 18 758 265 123 183
0.00128303 707 514 12 18 758 265 123 183
0.000222651 707 532 12 18 758 265 123 183
0.000783089 707 550 12 18 758 265 123 183
0.00152657 719 154 12 18 758 265 123 183
0.00141639 719 172 12 18 758 265 123 183
0.00146197 719 190 12 18 758 265 123 183
0.00141884 719 208 12 18 758 265 123 183
0.00140007 719 226 12 18 758 265 123 183
0.00142657 719 244 12 18 758 265 123 183
0.00144681 719 262 12 18 758 265 123 183
0.00147127 719 280 12 18 758 265 123 183
0.00148678 719 298 12 18 758 265 123 183
0.00162021 719 316 12 18 758 265 123 183
0.00142836 719 334 12 18 758 265 123 183
0.00144867 719 352 12 18 758 265 123 183
0.00148077 719 370 12 18 758 265 123 183
0.00156408 719 388 12 18 758 265 123 183
0.00144762 719 406 12 18 758 265 123 183
0.00116637 719 424 12 18 758 265 123 183
0.00108193 719 442 12 18 758 265 123 183
0.000825799 719 460 12 18 758 265 123 183
0.00187862 719 478 12 18 758 265 123 183
0.00173798 719 496 12 18 758 265 123 183
0.00150014 719 514 12 18 758 265 123 183
0.000552565 719 532 12 18 758 265 123 183
0.000794365 719 550 12 18 758 265 123 183
0.00150094 731 154 12 18 758 265 123 183
0.00142957 731 172 12 18 758 265 123 183
0.00147867 731 190 12 18 758 265 123 183
0.00144337 731 208 12 18 758 265 123 183
0.00143117 731 226 12 18 758 265 123 183
0.00143732 731 244 12 18 758 265 123 183
0.00147519 731 262 12 18 758 265 123 183
0.00143131 731 280 12 18 758 265 123 183
0.00145227 731 298 12 18 758 265 123 183
0.00146026 731 316 12 18 758 265 123 183
0.00149308 731 334 12 18 758 265 123 183
0.00144126 731 352 12 18 758 265 123 183
0.0014208 731 370 12 18 758 265 123 183
0.00142242 731 388 12 18 758 265 123 183
0.00143697 731 406 12 18 758 265 123 183
0.00120201 731 424 12 18 758 265 123 183
0.00109716 731 442 12 18 758 265 123 183
0.00080546 731 460 12 18 758 265 123 183
0.00381087 731 478 12 18 758 265 123 183
0.0573832 731 496 12 18 758 265 123 183
0.0030206 731 514 12 18 758 265 123 183
0.000772653 731 532 12 18 758 265 123 183
0.000693263 731 550 12 18 758 265 123 183
0.00139188 743 154 12 18 758 265 123 183
0.00143711 743 172 12 18 758 265 123 183
0.00147753 743 190 12 18 758 265 123 183
0.00146913 743 208 12 18 758 265 123 183
0.00143719 743 226 12 18 758 265 123 183
0.00144818 743 244 12 18 758 265 123 183
0.00146283 743 262 12 18 758 265 123 183
0.00145349 743 280 12 18 758 265 123 183
0.00147988 743 298 12 18 758 265 123 183
0.00158533 743 316 12 18 758 265 123 183
0.00154538 743 334 12 18 758 265 123 183
0.00148207 743 352 12 18 758 265 123 183
0.00144651 743 370 12 18 758 265 123 183
0.001562 743 388 12 18 758 265 123 183
0.00155924 743 406 12 18 758 265 123 183
0.00116469 743 424 12 18 758 265 123 183
0.00112689 743 442 12 18 758 265 123 183
0.000594153 743 460 12 18 758 265 123 183
0.000966048 743 478 12 18 758 265 123 183
0.000665715 743 496 12 18 758 265 123 183
0.000527501 743 514 12 18 758 265 123 183
0.00058224 743 532 12 18 758 265 123 183
0.000679708 743 550 12 18 758 265 123 183
0.00147622 755 154 12 18 758 265 123 183
0.00143151 755 172 12 18 758 265 123 183
0.00148368 755 190 12 18 758 265 123 183
0.0014712 755 208 12 18 758 265 123 183
0.00145361 755 226 12 18 758 265 123 183
0.00144865 755 244 12 18 758 265 123 183
0.00150197 755 262 12 18 758 265 123 183
0.00144676 755 280 12 18 758 265 123 183
0.00146626 755 298 12 18 758 265 123 183
0.0014754 755 316 12 18 758 265 123 183
0.00143137 755 334 12 18 758 265 123 183
0.00143581 755 352 12 18 758 265 123 183
0.00152836 755 370 12 18 758 265 123 183
0.00150032 755 388 12 18 758 265 123 183
0.00163521 755 406 12 18 758 265 123 183
0.00121299 755 424 12 18 758 265 123 183
0.00112907 755 442 12 18 758 265 123 183
0.000914101 755 460 12 18 758 265 123 183
0.000529274 755 478 12 18 758 265 123 183
0.000585298 755 496 12 18 758 265 123 183
0.000732399 755 514 12 18 758 265 123 183
0.00045015 755 532 12 18 758 265 123 183
0.000501327 755 550 12 18 758 265 123 183
0.00164997 767 154 12 18 758 265 123 183
0.00167234 767 172 12 18 758 265 123 183
0.00160147 767 190 12 18 758 265 123 183
0.00154976 767 208 12 18 758 265 123 183
0.00141545 767 226 12 18 758 265 123 183
0.00142845 767 244 12 18 758 265 123 183
0.00144164 767 262 12 18 758 265 123 183
0.00144243 767 280 12 18 758 265 123 183
0.00144981 767 298 12 18 758 265 123 183
0.00152181 767 316 12 18 758 265 123 183
0.00180581 767 334 12 18 758 265 123 183
0.00161391 767 352 12 18 758 265 123 183
0.00159999 767 370 12 18 758 265 123 183
0.00190889 767 388 12 18 758 265 123 183
0.00203353 767 406 12 18 758 265 123 183
0.0013579 767 424 12 18 758 265 123 183
0.00114117 767 442 12 18 758 265 123 183
0.0010114 767 460 12 18 758 265 123 183
0.00137283 767 478 12 18 758 265 123 183
0.000501763 767 496 12 18 758 265 123 183
0.00167449 767 514 12 18 758 265 123 183
0.000520176 767 532 12 18 758 265 123 183
0.00073575 767 550 12 18 758 265 123 183
0.00143802 779 154 12 18 758 265 123 183
0.00145625 779 172 12 18 758 265 123 183
0.00145002 779 190 12 18 758 265 123 183
0.00147276 779 208 12 18 758 265 123 183
0.00144336 779 226 12 18 758 265 123 183
0.00150139 779 244 12 18 758 265 123 183
0.00146451 779 262 12 18 758 265 123 183
0.00148641 779 280 12 18 758 265 123 183
0.00157307 779 298 12 18 758 265 123 183
0.00306994 779 316 12 18 758 265 123 183
0.00453086 779 334 12 18 758 265 123 183
0.00243794 779 352 12 18 758 265 123 183
0.00161961 779 370 12 18 758 265 123 183
0.00181985 779 388 12 18 758 265 123 183
0.00249243 779 406 12 18 758 265 123 183
0.00168298 779 424 12 18 758 265 123 183
0.00120911 779 442 12 18 758 265 123 183
0.000771654 779 460 12 18 758 265 123 183
0.000644642 779 478 12 18 758 265 123 183
0.000485145 779 496 12 18 758 265 123 183
0.000614518 779 514 12 18 758 265 123 183
0.00223802 779 532 12 18 758 265 123 183
0.000869483 779 550 12 18 758 265 123 183
0.0015426 791 154 12 18 758 265 123 183
0.00172366 791 172 12 18 758 265 123 183
0.00167404 791 190 12 18 758 265 123 183
0.00150623 791 208 12 18 758 265 123 183
0.00145383 791 226 12 18 758 265 123 183
0.00146725 791 244 12 18 758 265 123 183
0.00218647 791 262 12 18 758 265 123 183
0.00166309 791 280 12 18 758 265 123 183
0.00340989 791 298 12 18 758 265 123 183
0.0135847 791 316 12 18 758 265 123 183
0.00178049 791 334 12 18 758 265 123 183
0.98887 791 352 12 18 758 265 123 183
0.00267932 791 370 12 18 758 265 123 183
0.00244338 791 388 12 18 758 265 123 183
0.000219739 791 406 12 18 758 265 123 183
0.00194114 791 424 12 18 758 265 123 183
0.00162696 791 442 12 18 758 265 123 183
0.000476816 791 460 12 18 758 265 123 183
0.000499419 791 478 12 18 758 265 123 183
0.000518586 791 496 12 18 758 265 123 183
0.000525329 791 514 12 18 758 265 123 183
0.000404598 791 532 12 18 758 265 123 183
0.000288813 791 550 12 18 758 265 123 183
0.00156155 803 154 12 18 758 265 123 183
0.00155143 803 172 12 18 758 265 123 183
0.00143509 803 190 12 18 758 265 123 183
0.00148141 803 208 12 18 758 265 123 183
0.00151198 803 226 12 18 758 265 123 183
0.00156022 803 244 12 18 758 265 123 183
0.00575309 803 262 12 18 758 265 123 183
0.00169422 803 280 12 18 758 265 123 183
0.000386172 803 298 12 18 758 265 123 183
0.000302796 803 316 12 18 758 265 123 183
0.00496422 803 334 12 18 758 265 123 183
0.00169039 803 352 12 18 758 265 123 183
0.00394 803 370 12 18 758 265 123 183
0.000137499 803 388 12 18 758 265 123 183
0.00033194 803 406 12 18 758 265 123 183
0.974566 803 424 12 18 758 265 123 183
0.0177514 803 442 12 18 758 265 123 183
0.000409461 803 460 12 18 758 265 123 183
0.000493476 803 478 12 18 758 265 123 183
0.000505657 803 496 12 18 758 265 123 183
0.00046981 803 514 12 18 758 265 123 183
0.000495912 803 532 12 18 758 265 123 183
0.000547517 803 550 12 18 758 265 123 183
0.00148859 815 154 12 18 758 265 123 183
0.00172689 815 172 12 18 758 265 123 183
0.00168017 815 190 12 18 758 265 123 183
0.00156085 815 208 12 18 758 265 123 183
0.0014784 815 226 12 18 758 265 123 183
0.00185558 815 244 12 18 758 265 123 183
0.000466076 815 262 12 18 758 265 123 183
0.0197838 815 280 12 18 758 265 123 183
0.00287024 815 298 12 18 758 265 123 183
0.000838319 815 316 12 18 758 265 123 183
0.000206803 815 334 12 18 758 265 123 183
0.000127406 815 352 12 18 758 265 123 183
0.987712 815 370 12 18 758 265 123 183
0.00296253 815 388 12 18 758 265 123 183
0.00137081 815 406 12 18 758 265 123 183
0.000704313 815 424 12 18 758 265 123 183
0.00147381 815 442 12 18 758 265 123 183
0.000484101 815 460 12 18 758 265 123 183
0.000495965 815 478 12 18 758 265 123 183
0.000519847 815 496 12 18 758 265 123 183
0.000461023 815 514 12 18 758 265 123 183
0.000468362 815 532 12 18 758 265 123 183
0.00040214 815 550 12 18 758 265 123 183
0.00142288 827 154 12 18 758 265 123 183
0.00143327 827 172 12 18 758 265 123 183
0.00146204 827 190 12 18 758 265 123 183
0.00160679 827 208 12 18 758 265 123 183
0.00158174 827 226 12 18 758 265 123 183
0.00174908 827 244 12 18 758 265 123 183
0.00197832 827 262 12 18 758 265 123 183
0.000238223 827 280 12 18 758 265 123 183
0.00191769 827 298 12 18 758 265 123 183
0.000998244 827 316 12 18 758 265 123 183
0.000219853 827 334 12 18 758 265 123 183
0.000183276 827 352 12 18 758 265 123 183
0.000190277 827 370 12 18 758 265 123 183
0.000183513 827 388 12 18 758 265 123 183
0.00124669 827 406 12 18 758 265 123 183
0.000304201 827 424 12 18 758 265 123 183
0.00109771 827 442 12 18 758 265 123 183
0.000521607 827 460 12 18 758 265 123 183
0.000472899 827 478 12 18 758 265 123 183
0.0011822 827 496 12 18 758 265 123 183
0.000465739 827 514 12 18 758 265 123 183
0.000475932 827 532 12 18 758 265 123 183
0.000558743 827 550 12 18 758 265 123 183
0.00160571 839 154 12 18 758 265 123 183
0.00153585 839 172 12 18 758 265 123 183
0.00156718 839 190 12 18 758 265 123 183
0.00155861 839 208 12 18 758 265 123 183
0.00156737 839 226 12 18 758 265 123 183
0.00156251 839 244 12 18 758 265 123 183
0.00177117 839 262 12 18 758 265 123 183
0.00278981 839 280 12 18 758 265 123 183
0.000303123 839 298 12 18 758 265 123 183
0.000312244 839 316 12 18 758 265 123 183
0.000257364 839 334 12 18 758 265 123 183
0.000993349 839 352 12 18 758 265 123 183
0.000445529 839 370 12 18 758 265 123 183
0.000206035 839 388 12 18 758 265 123 183
0.000417533 839 406 12 18 758 265 123 183
0.00122044 839 424 12 18 758 265 123 183
0.00112382 839 442 12 18 758 265 123 183
0.000535518 839 460 12 18 758 265 123 183
0.000481862 839 478 12 18 758 265 123 183
0.000496461 839 496 12 18 758 265 123 183
0.000471735 839 514 12 18 758 265 123 183
0.000477239 839 532 12 18 758 265 123 183
0.000534317 839 550 12 18 758 265 123 183
0.00161763 851 154 12 18 758 265 123 183
0.00160702 851 172 12 18 758 265 123 183
0.00154683 851 190 12 18 758 265 123 183
0.00143564 851 208 12 18 758 265 123 183
0.00140902 851 226 12 18 758 265 123 183
0.00162402 851 244 12 18 758 265 123 183
0.00159845 851 262 12 18 758 265 123 183
0.00186622 851 280 12 18 758 265 123 183
0.0043743 851 298 12 18 758 265 123 183
0.000698768 851 316 12 18 758 265 123 183
0.99817 851 334 12 18 758 265 123 183
0.00067237 851 352 12 18 758 265 123 183
0.00135348 851 370 12 18 758 265 123 183
0.00156185 851 388 12 18 758 265 123 183
0.00148398 851 406 12 18 758 265 123 183
0.00106552 851 424 12 18 758 265 123 183
0.00103092 851 442 12 18 758 265 123 183
0.000584233 851 460 12 18 758 265 123 183
0.000487201 851 478 12 18 758 265 123 183
0.000486178 851 496 12 18 758 265 123 183
0.000472646 851 514 12 18 758 265 123 183
0.000471488 851 532 12 18 758 265 123 183
0.000426554 851 550 12 18 758 265 123 183
0.00142962 863 154 12 18 758 265 123 183
0.00149926 863 172 12 18 758 265 123 183
0.00143497 863 190 12 18 758 265 123 183
0.00152937 863 208 12 18 758 265 123 183
0.00148329 863 226 12 18 758 265 123 183
0.00149008 863 244 12 18 758 265 123 183
0.00157938 863 262 12 18 758 265 123 183
0.00144046 863 280 12 18 758 265 123 183
0.00145939 863 298 12 18 758 265 123 183
0.0025842 863 316 12 18 758 265 123 183
0.00038747 863 334 12 18 758 265 123 183
0.00153875 863 352 12 18 758 265 123 183
0.00143342 863 370 12 18 758 265 123 183
0.00145044 863 388 12 18 758 265 123 183
0.00142247 863 406 12 18 758 265 123 183
0.00107581 863 424 12 18 758 265 123 183
0.0009561 863 442 12 18 758 265 123 183
0.000702149 863 460 12 18 758 265 123 183
0.000491246 863 478 12 18 758 265 123 183
0.000465055 863 496 12 18 758 265 123 183
0.000474854 863 514 12 18 758 265 123 183
0.000484577 863 532 12 18 758 265 123 183
0.000409904 863 550 12 18 758 265 123 183
0.00150606 875 154 12 18 758 265 123 183
0.00145656 875 172 12 18 758 265 123 183
0.00143233 875 190 12 18 758 265 123 183
0.00146483 875 208 12 18 758 265 123 183
0.00143659 875 226 12 18 758 265 123 183
0.00140279 875 244 12 18 758 265 123 183
0.00142012 875 262 12 18 758 265 123 183
0.00146067 875 280 12 18 758 265 123 183
0.00139889 875 298 12 18 758 265 123 183
0.00179064 875 316 12 18 758 265 123 183
0.00166876 875 334 12 18 758 265 123 183
0.00147016 875 352 12 18 758 265 123 183
0.00143146 875 370 12 18 758 265 123 183
0.00148519 875 388 12 18 758 265 123 183
0.00139551 875 406 12 18 758 265 123 183
0.00105489 875 424 12 18 758 265 123 183
0.000942296 875 442 12 18 758 265 123 183
0.000561033 875 460 12 18 758 265 123 183
0.000493998 875 478 12 18 758 265 123 183
0.000467518 875 496 12 18 758 265 123 183
0.00051054 875 514 12 18 758 265 123 183
0.000507099 875 532 12 18 758 265 123 183
0.000374245 875 550 12 18 758 265 123 183
0.00145337 887 154 12 18 758 265 123 183
0.00150168 887 172 12 18 758 265 123 183
0.00142793 887 190 12 18 758 265 123 183
0.00143681 887 208 12 18 758 265 123 183
0.0014773 887 226 12 18 758 265 123 183
0.00141869 887 244 12 18 758 265 123 183
0.00130001 887 262 12 18 758 265 123 183
0.00141758 887 280 12 18 758 265 123 183
0.00131162 887 298 12 18 758 265 123 183
0.001407 887 316 12 18 758 265 123 183
0.0015286 887 334 12 18 758 265 123 183
0.00135009 887 352 12 18 758 265 123 183
0.00140022 887 370 12 18 758 265 123 183
0.00145318 887 388 12 18 758 265 123 183
0.00141245 887 406 12 18 758 265 123 183
0.00100418 887 424 12 18 758 265 123 183
0.000902594 887 442 12 18 758 265 123 183
0.000532775 887 460 12 18 758 265 123 183
0.000500398 887 478 12 18 758 265 123 183
0.000472422 887 496 12 18 758 265 123 183
0.00050764 887 514 12 18 758 265 123 183
0.000495084 887 532 12 18 758 265 123 183
0.000398161 887 550 12 18 758 265 123 183
0.00144519 899 154 12 18 758 265 123 183
0.00142242 899 172 12 18 758 265 123 183
0.00146473 899 190 12 18 758 265 123 183
0.00155808 899 208 12 18 758 265 123 183
0.00137604 899 226 12 18 758 265 123 183
0.00130263 899 244 12 18 758 265 123 183
0.00123412 899 262 12 18 758 265 123 183
0.0013233 899 280 12 18 758 265 123 183
0.00124378 899 298 12 18 758 265 123 183
0.00134841 899 316 12 18 758 265 123 183
0.00132364 899 334 12 18 758 265 123 183
0.0012595 899 352 12 18 758 265 123 183
0.001421 899 370 12 18 758 265 123 183
0.00138524 899 388 12 18 758 265 123 183
0.00141791 899 406 12 18 758 265 123 183
0.00103071 899 424 12 18 758 265 123 183
0.000869136 899 442 12 18 758 265 123 183
0.000587891 899 460 12 18 758 265 123 183
0.000486965 899 478 12 18 758 265 123 183
0.00054381 899 496 12 18 758 265 123 183
0.000503436 899 514 12 18 758 265 123 183
0.000490972 899 532 12 18 758 265 123 183
0.000445837 899 550 12 18 758 265 123 183
0.00152205 911 154 12 18 758 265 123 183
0.001609 911 172 12 18 758 265 123 183
0.00154837 911 190 12 18 758 265 123 183
0.00137253 911 208 12 18 758 265 123 183
0.00131959 911 226 12 18 758 265 123 183
0.00129899 911 244 12 18 758 265 123 183
0.00122533 911 262 12 18 758 265 123 183
0.00129058 911 280 12 18 758 265 123 183
0.00121088 911 298 12 18 758 265 123 183
0.00125538 911 316 12 18 758 265 123 183
0.00143706 911 334 12 18 758 265 123 183
0.00136073 911 352 12 18 758 265 123 183
0.00135061 911 370 12 18 758 265 123 183
0.0013724 911 388 12 18 758 265 123 183
0.00129825 911 406 12 18 758 265 123 183
0.00100779 911 424 12 18 758 265 123 183
0.000879499 911 442 12 18 758 265 123 183
0.000582108 911 460 12 18 758 265 123 183
0.00050169 911 478 12 18 758 265 123 183
0.000488333 911 496 12 18 758 265 123 183
0.000622722 911 514 12 18 758 265 123 183
0.000689104 911 532 12 18 758 265 123 183
0.000342796 911 550 12 18 758 265 123 183
0.00156531 923 154 12 18 758 265 123 183
0.00146161 923 172 12 18 758 265 123 183
0.00147178 923 190 12 18 758 265 123 183
0.00143253 923 208 12 18 758 265 123 183
0.00124609 923 226 12 18 758 265 123 183
0.00121994 923 244 12 18 758 265 123 183
0.00118757 923 262 12 18 758 265 123 183
0.00123198 923 280 12 18 758 265 123 183
0.001178 923 298 12 18 758 265 123 183
0.00120013 923 316 12 18 758 265 123 183
0.00129733 923 334 12 18 758 265 123 183
0.00133188 923 352 12 18 758 265 123 183
0.00136651 923 370 12 18 758 265 123 183
0.00139557 923 388 12 18 758 265 123 183
0.00142885 923 406 12 18 758 265 123 183
0.00100998 923 424 12 18 758 265 123 183
0.000895548 923 442 12 18 758 265 123 183
0.00054362 923 460 12 18 758 265 123 183
0.000511315 923 478 12 18 758 265 123 183
0.00051977 923 496 12 18 758 265 123 183
0.00109306 923 514 12 18 758 265 123 183
0.000548271 923 532 12 18 758 265 123 183
0.00033149 923 550 12 18 758 265 123 183
0.00140065 935 154 12 18 758 265 123 183
0.0013747 935 172 12 18 758 265 123 183
0.00132829 935 190 12 18 758 265 123 183
0.00126576 935 208 12 18 758 265 123 183
0.00115498 935 226 12 18 758 265 123 183
0.00111833 935 244 12 18 758 265 123 183
0.00115493 935 262 12 18 758 265 123 183
0.00121141 935 280 12 18 758 265 123 183
0.001166 935 298 12 18 758 265 123 183
0.00118772 935 316 12 18 758 265 123 183
0.00129902 935 334 12 18 758 265 123 183
0.00132302 935 352 12 18 758 265 123 183
0.00135303 935 370 12 18 758 265 123 183
0.00137289 935 388 12 18 758 265 123 183
0.00131526 935 406 12 18 758 265 123 183
0.000973176 935 424 12 18 758 265 123 183
0.00088046 935 442 12 18 758 265 123 183
0.000623787 935 460 12 18 758 265 123 183
0.000524686 935 478 12 18 758 265 123 183
0.000585702 935 496 12 18 758 265 123 183
0.00146686 935 514 12 18 758 265 123 183
0.000853469 935 532 12 18 758 265 123 183
0.000386127 935 550 12 18 758 265 123 183
0.00144562 947 154 12 18 758 265 123 183
0.00135847 947 172 12 18 758 265 123 183
0.00129952 947 190 12 18 758 265 123 183
0.00128527 947 208 12 18 758 265 123 183
0.00112467 947 226 12 18 758 265 123 183
0.00111046 947 244 12 18 758 265 123 183
0.00116727 947 262 12 18 758 265 123 183
0.00116783 947 280 12 18 758 265 123 183
0.0011489 947 298 12 18 758 265 123 183
0.00112401 947 316 12 18 758 265 123 183
0.00120137 947 334 12 18 758 265 123 183
0.00128406 947 352 12 18 758 265 123 183
0.001303 947 370 12 18 758 265 123 183
0.00133689 947 388 12 18 758 265 123 183
0.00127145 947 406 12 18 758 265 123 183
0.000936144 947 424 12 18 758 265 123 183
0.000843374 947 442 12 18 758 265 123 183
0.000534073 947 460 12 18 758 265 123 183
0.000530997 947 478 12 18 758 265 123 183
0.000507823 947 496 12 18 758 265 123 183
0.000752519 947 514 12 18 758 265 123 183
0.00096522 947 532 12 18 758 265 123 183
0.000401015 947 550 12 18 758 265 123 183
