-0.0040268 0 0 35 33 758 265 123 183
-0.00402844 0 16 35 33 758 265 123 183
-0.00402817 0 32 35 33 758 265 123 183
-0.00402779 0 48 35 33 758 265 123 183
-0.00402762 0 64 35 33 758 265 123 183
-0.0040279 0 80 35 33 758 265 123 183
-0.004028 0 96 35 33 758 265 123 183
-0.00402781 0 112 35 33 758 265 123 183
-0.00402774 0 128 35 33 758 265 123 183
-0.0040281 0 144 35 33 758 265 123 183
-0.00402766 17 0 35 33 758 265 123 183
-0.00402748 17 16 35 33 758 265 123 183
-0.0040269 17 32 35 33 758 265 123 183
-0.00402371 17 48 35 33 758 265 123 183
-0.00402088 17 64 35 33 758 265 123 183
-0.00402618 17 80 35 33 758 265 123 183
-0.00402724 17 96 35 33 758 265 123 183
-0.00402701 17 112 35 33 758 265 123 183
-0.00402664 17 128 35 33 758 265 123 183
-0.00402632 17 144 35 33 758 265 123 183
-0.00402478 34 0 35 33 758 265 123 183
-0.00402205 34 16 35 33 758 265 123 183
-0.00401621 34 32 35 33 758 265 123 183
-0.0031316 34 48 35 33 758 265 123 183
-0.00401808 34 64 35 33 758 265 123 183
-0.00401195 34 80 35 33 758 265 123 183
-0.00402078 34 96 35 33 758 265 123 183
-0.00401652 34 112 35 33 758 265 123 183
-0.00401453 34 128 35 33 758 265 123 183
-0.00401501 34 144 35 33 758 265 123 183
-0.00402027 51 0 35 33 758 265 123 183
-0.00400478 51 16 35 33 758 265 123 183
-0.0020822 51 32 35 33 758 265 123 183
-0.00400523 51 48 35 33 758 265 123 183
-0.00401913 51 64 35 33 758 265 123 183
-0.00401574 51 80 35 33 758 265 123 183
-0.00402171 51 96 35 33 758 265 123 183
-0.00402069 51 112 35 33 758 265 123 183
-0.00401774 51 128 35 33 758 265 123 183
-0.0040247 51 144 35 33 758 265 123 183
-0.00402629 68 0 35 33 758 265 123 183
-0.00402537 68 16 35 33 758 265 123 183
-0.00402136 68 32 35 33 758 265 123 183
-0.00351991 68 48 35 33 758 265 123 183
-0.00344077 68 64 35 33 758 265 123 183
-0.00402398 68 80 35 33 758 265 123 183
-0.00402714 68 96 35 33 758 265 123 183
-0.00402719 68 112 35 33 758 265 123 183
-0.00402725 68 128 35 33 758 265 123 183
-0.00402771 68 144 35 33 758 265 123 183
-0.00402764 85 0 35 33 758 265 123 183
-0.0040274 85 16 35 33 758 265 123 183
-0.00402628 85 32 35 33 758 265 123 183
-0.00402312 85 48 35 33 758 265 123 183
-0.00402457 85 64 35 33 758 265 123 183
-0.0040275 85 80 35 33 758 265 123 183
-0.00402792 85 96 35 33 758 265 123 183
-0.00402769 85 112 35 33 758 265 123 183
-0.00402773 85 128 35 33 758 265 123 183
-0.00402721 85 144 35 33 758 265 123 183
-0.00118575 0 0 35 33 758 265 123 183
-0.00402302 0 16 35 33 758 265 123 183
-0.00402795 0 32 35 33 758 265 123 183
-0.00402744 0 48 35 33 758 265 123 183
-0.0040248 0 64 35 33 758 265 123 183
-0.00402403 0 80 35 33 758 265 123 183
-0.00402779 0 96 35 33 758 265 123 183
-0.00402808 0 112 35 33 758 265 123 183
-0.0040277 0 128 35 33 758 265 123 183
-0.00402568 0 144 35 33 758 265 123 183
-0.00402782 17 0 35 33 758 265 123 183
-0.00402799 17 16 35 33 758 265 123 183
-0.00402748 17 32 35 33 758 265 123 183
-0.00402728 17 48 35 33 758 265 123 183
-0.00402775 17 64 35 33 758 265 123 183
-0.00402788 17 80 35 33 758 265 123 183
-0.00402713 17 96 35 33 758 265 123 183
-0.00402336 17 112 35 33 758 265 123 183
-0.00402453 17 128 35 33 758 265 123 183
-0.00402169 17 144 35 33 758 265 123 183
-0.00402831 34 0 35 33 758 265 123 183
-0.00402792 34 16 35 33 758 265 123 183
-0.00402162 34 32 35 33 758 265 123 183
-0.00401453 34 48 35 33 758 265 123 183
-0.00402646 34 64 35 33 758 265 123 183
-0.00402494 34 80 35 33 758 265 123 183
-0.00402512 34 96 35 33 758 265 123 183
-0.00401717 34 112 35 33 758 265 123 183
-0.00402685 34 128 35 33 758 265 123 183
-0.00402669 34 144 35 33 758 265 123 183
-0.00402828 51 0 35 33 758 265 123 183
-0.00402779 51 16 35 33 758 265 123 183
-0.00401602 51 32 35 33 758 265 123 183
-0.0040218 51 48 35 33 758 265 123 183
-0.00401937 51 64 35 33 758 265 123 183
-0.00402345 51 80 35 33 758 265 123 183
-0.0040132 51 96 35 33 758 265 123 183
-0.00402599 51 112 35 33 758 265 123 183
-0.00402816 51 128 35 33 758 265 123 183
-0.00402466 51 144 35 33 758 265 123 183
-0.00402825 68 0 35 33 758 265 123 183
-0.00402714 68 16 35 33 758 265 123 183
-0.00401965 68 32 35 33 758 265 123 183
-0.00401179 68 48 35 33 758 265 123 183
-0.00400994 68 64 35 33 758 265 123 183
-0.00401785 68 80 35 33 758 265 123 183
-0.00402085 68 96 35 33 758 265 123 183
-0.00402619 68 112 35 33 758 265 123 183
-0.00402764 68 128 35 33 758 265 123 183
-0.00402449 68 144 35 33 758 265 123 183
-0.0040257 85 0 35 33 758 265 123 183
-0.00402763 85 16 35 33 758 265 123 183
-0.00402748 85 32 35 33 758 265 123 183
-0.00402578 85 48 35 33 758 265 123 183
-0.0040258 85 64 35 33 758 265 123 183
-0.00402683 85 80 35 33 758 265 123 183
-0.00402763 85 96 35 33 758 265 123 183
-0.00402715 85 112 35 33 758 265 123 183
-0.00402287 85 128 35 33 758 265 123 183
-0.00401878 85 144 35 33 758 265 123 183
-0.00338715 0 0 35 33 758 265 123 183
-0.00400749 0 16 35 33 758 265 123 183
-0.00402416 0 32 35 33 758 265 123 183
-0.0040277 0 48 35 33 758 265 123 183
-0.00402659 0 64 35 33 758 265 123 183
-0.00402683 0 80 35 33 758 265 123 183
-0.00402525 0 96 35 33 758 265 123 183
-0.00402395 0 112 35 33 758 265 123 183
-0.00402771 0 128 35 33 758 265 123 183
-0.00402597 0 144 35 33 758 265 123 183
-0.00400169 17 0 35 33 758 265 123 183
-0.00401555 17 16 35 33 758 265 123 183
-0.00402685 17 32 35 33 758 265 123 183
-0.00402738 17 48 35 33 758 265 123 183
-0.00402438 17 64 35 33 758 265 123 183
-0.00402756 17 80 35 33 758 265 123 183
-0.00402666 17 96 35 33 758 265 123 183
-0.00402556 17 112 35 33 758 265 123 183
-0.00402765 17 128 35 33 758 265 123 183
-0.00402808 17 144 35 33 758 265 123 183
-0.00402647 34 0 35 33 758 265 123 183
-0.00402558 34 16 35 33 758 265 123 183
-0.00402599 34 32 35 33 758 265 123 183
-0.00402765 34 48 35 33 758 265 123 183
-0.00402793 34 64 35 33 758 265 123 183
-0.00402725 34 80 35 33 758 265 123 183
-0.00401681 34 96 35 33 758 265 123 183
-0.00401629 34 112 35 33 758 265 123 183
-0.00401937 34 128 35 33 758 265 123 183
-0.0040275 34 144 35 33 758 265 123 183
-0.00402735 51 0 35 33 758 265 123 183
-0.00402745 51 16 35 33 758 265 123 183
-0.00402683 51 32 35 33 758 265 123 183
-0.0040133 51 48 35 33 758 265 123 183
-0.0040235 51 64 35 33 758 265 123 183
-0.00402607 51 80 35 33 758 265 123 183
-0.00402097 51 96 35 33 758 265 123 183
-0.00401117 51 112 35 33 758 265 123 183
-0.00402268 51 128 35 33 758 265 123 183
-0.00402775 51 144 35 33 758 265 123 183
-0.00402756 68 0 35 33 758 265 123 183
-0.00402619 68 16 35 33 758 265 123 183
-0.00402752 68 32 35 33 758 265 123 183
-0.00402708 68 48 35 33 758 265 123 183
-0.00402826 68 64 35 33 758 265 123 183
-0.0040279 68 80 35 33 758 265 123 183
-0.00402761 68 96 35 33 758 265 123 183
-0.00402175 68 112 35 33 758 265 123 183
-0.00402778 68 128 35 33 758 265 123 183
-0.00402795 68 144 35 33 758 265 123 183
-0.0038079 85 0 35 33 758 265 123 183
-0.00400165 85 16 35 33 758 265 123 183
-0.00401996 85 32 35 33 758 265 123 183
-0.0040275 85 48 35 33 758 265 123 183
-0.0040275 85 64 35 33 758 265 123 183
-0.00402634 85 80 35 33 758 265 123 183
-0.0040276 85 96 35 33 758 265 123 183
-0.00402564 85 112 35 33 758 265 123 183
-0.00402782 85 128 35 33 758 265 123 183
-0.00402582 85 144 35 33 758 265 123 183
-0.00139894 0 0 35 33 758 265 123 183
-0.00402728 0 16 35 33 758 265 123 183
-0.00402792 0 32 35 33 758 265 123 183
-0.00402725 0 48 35 33 758 265 123 183
-0.00402607 0 64 35 33 758 265 123 183
-0.00402355 0 80 35 33 758 265 123 183
-0.00401426 0 96 35 33 758 265 123 183
-0.00402074 0 112 35 33 758 265 123 183
-0.00402351 0 128 35 33 758 265 123 183
-0.00401828 0 144 35 33 758 265 123 183
-0.00402807 17 0 35 33 758 265 123 183
-0.00402767 17 16 35 33 758 265 123 183
-0.00402725 17 32 35 33 758 265 123 183
-0.00402733 17 48 35 33 758 265 123 183
-0.00402656 17 64 35 33 758 265 123 183
-0.00402608 17 80 35 33 758 265 123 183
-0.0040253 17 96 35 33 758 265 123 183
-0.00402314 17 112 35 33 758 265 123 183
-0.00402351 17 128 35 33 758 265 123 183
-0.00402447 17 144 35 33 758 265 123 183
-0.00402738 34 0 35 33 758 265 123 183
-0.00402678 34 16 35 33 758 265 123 183
-0.00402198 34 32 35 33 758 265 123 183
-0.00402506 34 48 35 33 758 265 123 183
-0.00402526 34 64 35 33 758 265 123 183
-0.00402153 34 80 35 33 758 265 123 183
-0.00402073 34 96 35 33 758 265 123 183
-0.00401972 34 112 35 33 758 265 123 183
-0.00401593 34 128 35 33 758 265 123 183
-0.00402014 34 144 35 33 758 265 123 183
-0.00402691 51 0 35 33 758 265 123 183
-0.00402478 51 16 35 33 758 265 123 183
-0.00224657 51 32 35 33 758 265 123 183
-0.00401868 51 48 35 33 758 265 123 183
-0.00402228 51 64 35 33 758 265 123 183
-0.00402153 51 80 35 33 758 265 123 183
-0.00158618 51 96 35 33 758 265 123 183
-0.00187244 51 112 35 33 758 265 123 183
-0.00402026 51 128 35 33 758 265 123 183
-0.00402608 51 144 35 33 758 265 123 183
-0.00402723 68 0 35 33 758 265 123 183
-0.00402508 68 16 35 33 758 265 123 183
-0.00400461 68 32 35 33 758 265 123 183
-0.0040162 68 48 35 33 758 265 123 183
-0.00402278 68 64 35 33 758 265 123 183
-0.00402513 68 80 35 33 758 265 123 183
-0.00402328 68 96 35 33 758 265 123 183
-0.00402527 68 112 35 33 758 265 123 183
-0.00402709 68 128 35 33 758 265 123 183
-0.00402626 68 144 35 33 758 265 123 183
-0.00402781 85 0 35 33 758 265 123 183
-0.00402727 85 16 35 33 758 265 123 183
-0.0040262 85 32 35 33 758 265 123 183
-0.00402483 85 48 35 33 758 265 123 183
-0.00402666 85 64 35 33 758 265 123 183
-0.00402776 85 80 35 33 758 265 123 183
-0.00402751 85 96 35 33 758 265 123 183
-0.0040267 85 112 35 33 758 265 123 183
-0.00402497 85 128 35 33 758 265 123 183
-0.00401276 85 144 35 33 758 265 123 183
-0.00401246 0 0 35 33 758 265 123 183
-0.00402797 0 16 35 33 758 265 123 183
-0.0040282 0 32 35 33 758 265 123 183
-0.00402774 0 48 35 33 758 265 123 183
-0.00402746 0 64 35 33 758 265 123 183
-0.00402761 0 80 35 33 758 265 123 183
-0.00402756 0 96 35 33 758 265 123 183
-0.00402715 0 112 35 33 758 265 123 183
-0.00402722 0 128 35 33 758 265 123 183
-0.0040278 0 144 35 33 758 265 123 183
-0.00402801 17 0 35 33 758 265 123 183
-0.00402762 17 16 35 33 758 265 123 183
-0.00402711 17 32 35 33 758 265 123 183
-0.00402474 17 48 35 33 758 265 123 183
-0.00401632 17 64 35 33 758 265 123 183
-0.00402347 17 80 35 33 758 265 123 183
-0.00402588 17 96 35 33 758 265 123 183
-0.00402571 17 112 35 33 758 265 123 183
-0.00402602 17 128 35 33 758 265 123 183
-0.00402607 17 144 35 33 758 265 123 183
-0.00402735 34 0 35 33 758 265 123 183
-0.00402298 34 16 35 33 758 265 123 183
-0.00401825 34 32 35 33 758 265 123 183
-0.00401884 34 48 35 33 758 265 123 183
-0.00402631 34 64 35 33 758 265 123 183
-0.00402596 34 80 35 33 758 265 123 183
-0.00402009 34 96 35 33 758 265 123 183
-0.00402163 34 112 35 33 758 265 123 183
-0.00400392 34 128 35 33 758 265 123 183
-0.00402356 34 144 35 33 758 265 123 183
-0.00402399 51 0 35 33 758 265 123 183
-0.00402376 51 16 35 33 758 265 123 183
-0.00401811 51 32 35 33 758 265 123 183
-0.00402526 51 48 35 33 758 265 123 183
-0.00402714 51 64 35 33 758 265 123 183
-0.004027 51 80 35 33 758 265 123 183
-0.00402319 51 96 35 33 758 265 123 183
-0.00402038 51 112 35 33 758 265 123 183
-0.00402181 51 128 35 33 758 265 123 183
-0.00402677 51 144 35 33 758 265 123 183
-0.00402385 68 0 35 33 758 265 123 183
-0.00402451 68 16 35 33 758 265 123 183
-0.00402136 68 32 35 33 758 265 123 183
-0.00402423 68 48 35 33 758 265 123 183
-0.00402508 68 64 35 33 758 265 123 183
-0.00402433 68 80 35 33 758 265 123 183
-0.00402637 68 96 35 33 758 265 123 183
-0.00402687 68 112 35 33 758 265 123 183
-0.0040275 68 128 35 33 758 265 123 183
-0.00402799 68 144 35 33 758 265 123 183
-0.00402772 85 0 35 33 758 265 123 183
-0.00402668 85 16 35 33 758 265 123 183
-0.00402687 85 32 35 33 758 265 123 183
-0.0040241 85 48 35 33 758 265 123 183
-0.00402127 85 64 35 33 758 265 123 183
-0.00402674 85 80 35 33 758 265 123 183
-0.00402742 85 96 35 33 758 265 123 183
-0.00402799 85 112 35 33 758 265 123 183
-0.00402823 85 128 35 33 758 265 123 183
-0.00402769 85 144 35 33 758 265 123 183
-0.00402833 0 0 35 33 758 265 123 183
-0.00402791 0 16 35 33 758 265 123 183
-0.00402748 0 32 35 33 758 265 123 183
-0.00402693 0 48 35 33 758 265 123 183
-0.00402681 0 64 35 33 758 265 123 183
-0.00402731 0 80 35 33 758 265 123 183
-0.00402777 0 96 35 33 758 265 123 183
-0.00402768 0 112 35 33 758 265 123 183
-0.00402735 0 128 35 33 758 265 123 183
-0.00402776 0 144 35 33 758 265 123 183
-0.00402716 17 0 35 33 758 265 123 183
-0.00402663 17 16 35 33 758 265 123 183
-0.0040242 17 32 35 33 758 265 123 183
-0.00401606 17 48 35 33 758 265 123 183
-0.00401396 17 64 35 33 758 265 123 183
-0.00402482 17 80 35 33 758 265 123 183
-0.00402642 17 96 35 33 758 265 123 183
-0.00402642 17 112 35 33 758 265 123 183
-0.00402542 17 128 35 33 758 265 123 183
-0.00402578 17 144 35 33 758 265 123 183
-0.00402608 34 0 35 33 758 265 123 183
-0.00402362 34 16 35 33 758 265 123 183
-0.00402392 34 32 35 33 758 265 123 183
-0.00402465 34 48 35 33 758 265 123 183
-0.00402463 34 64 35 33 758 265 123 183
-0.00401841 34 80 35 33 758 265 123 183
-0.00402111 34 96 35 33 758 265 123 183
-0.00401323 34 112 35 33 758 265 123 183
-0.00400446 34 128 35 33 758 265 123 183
-0.00402064 34 144 35 33 758 265 123 183
-0.00402479 51 0 35 33 758 265 123 183
-0.0040218 51 16 35 33 758 265 123 183
-0.00402637 51 32 35 33 758 265 123 183
-0.00402524 51 48 35 33 758 265 123 183
-0.00402663 51 64 35 33 758 265 123 183
-0.00401686 51 80 35 33 758 265 123 183
-0.0040234 51 96 35 33 758 265 123 183
-0.00402394 51 112 35 33 758 265 123 183
-0.00401984 51 128 35 33 758 265 123 183
-0.00402563 51 144 35 33 758 265 123 183
-0.00402658 68 0 35 33 758 265 123 183
-0.0040261 68 16 35 33 758 265 123 183
-0.00402584 68 32 35 33 758 265 123 183
-0.00402589 68 48 35 33 758 265 123 183
-0.00402552 68 64 35 33 758 265 123 183
-0.00402207 68 80 35 33 758 265 123 183
-0.00402688 68 96 35 33 758 265 123 183
-0.00402701 68 112 35 33 758 265 123 183
-0.00402697 68 128 35 33 758 265 123 183
-0.00402756 68 144 35 33 758 265 123 183
-0.00402733 85 0 35 33 758 265 123 183
-0.00402715 85 16 35 33 758 265 123 183
-0.00402703 85 32 35 33 758 265 123 183
-0.00402622 85 48 35 33 758 265 123 183
-0.00402348 85 64 35 33 758 265 123 183
-0.00402667 85 80 35 33 758 265 123 183
-0.0040276 85 96 35 33 758 265 123 183
-0.00402797 85 112 35 33 758 265 123 183
-0.00402814 85 128 35 33 758 265 123 183
-0.0040282 85 144 35 33 758 265 123 183
-0.00402825 0 0 35 33 758 265 123 183
-0.00402851 0 16 35 33 758 265 123 183
-0.00402812 0 32 35 33 758 265 123 183
-0.0040277 0 48 35 33 758 265 123 183
-0.00402755 0 64 35 33 758 265 123 183
-0.00402794 0 80 35 33 758 265 123 183
-0.00402802 0 96 35 33 758 265 123 183
-0.00402705 0 112 35 33 758 265 123 183
-0.00402791 0 128 35 33 758 265 123 183
-0.00402801 0 144 35 33 758 265 123 183
-0.00402741 17 0 35 33 758 265 123 183
-0.0040274 17 16 35 33 758 265 123 183
-0.00402672 17 32 35 33 758 265 123 183
-0.00402106 17 48 35 33 758 265 123 183
-0.00402231 17 64 35 33 758 265 123 183
-0.00402719 17 80 35 33 758 265 123 183
-0.00402791 17 96 35 33 758 265 123 183
-0.0040281 17 112 35 33 758 265 123 183
-0.00402742 17 128 35 33 758 265 123 183
-0.00402663 17 144 35 33 758 265 123 183
-0.00402526 34 0 35 33 758 265 123 183
-0.0040254 34 16 35 33 758 265 123 183
-0.00402599 34 32 35 33 758 265 123 183
-0.00402524 34 48 35 33 758 265 123 183
-0.00402459 34 64 35 33 758 265 123 183
-0.0040248 34 80 35 33 758 265 123 183
-0.00402581 34 96 35 33 758 265 123 183
-0.00402716 34 112 35 33 758 265 123 183
-0.00402691 34 128 35 33 758 265 123 183
-0.00402271 34 144 35 33 758 265 123 183
-0.00402178 51 0 35 33 758 265 123 183
-0.00400398 51 16 35 33 758 265 123 183
-0.00402146 51 32 35 33 758 265 123 183
-0.00402313 51 48 35 33 758 265 123 183
-0.00402292 51 64 35 33 758 265 123 183
-0.00401897 51 80 35 33 758 265 123 183
-0.00402664 51 96 35 33 758 265 123 183
-0.00402676 51 112 35 33 758 265 123 183
-0.00402557 51 128 35 33 758 265 123 183
-0.00402083 51 144 35 33 758 265 123 183
-0.00402711 68 0 35 33 758 265 123 183
-0.00402685 68 16 35 33 758 265 123 183
-0.00402496 68 32 35 33 758 265 123 183
-0.00402007 68 48 35 33 758 265 123 183
-0.00401694 68 64 35 33 758 265 123 183
-0.00402508 68 80 35 33 758 265 123 183
-0.00402764 68 96 35 33 758 265 123 183
-0.00402788 68 112 35 33 758 265 123 183
-0.00402758 68 128 35 33 758 265 123 183
-0.00402764 68 144 35 33 758 265 123 183
-0.00402747 85 0 35 33 758 265 123 183
-0.00402768 85 16 35 33 758 265 123 183
-0.00402664 85 32 35 33 758 265 123 183
-0.00402607 85 48 35 33 758 265 123 183
-0.00402666 85 64 35 33 758 265 123 183
-0.00402743 85 80 35 33 758 265 123 183
-0.00402808 85 96 35 33 758 265 123 183
-0.00402609 85 112 35 33 758 265 123 183
-0.00402575 85 128 35 33 758 265 123 183
-0.0040272 85 144 35 33 758 265 123 183
-0.00246321 0 0 35 33 758 265 123 183
-0.00304327 0 16 35 33 758 265 123 183
-0.00402192 0 32 35 33 758 265 123 183
-0.00402286 0 48 35 33 758 265 123 183
-0.00401584 0 64 35 33 758 265 123 183
-0.00400385 0 80 35 33 758 265 123 183
-0.00255357 0 96 35 33 758 265 123 183
-0.00216842 0 112 35 33 758 265 123 183
-0.00316032 0 128 35 33 758 265 123 183
-0.00401031 0 144 35 33 758 265 123 183
-0.00402839 17 0 35 33 758 265 123 183
-0.00402845 17 16 35 33 758 265 123 183
-0.00402775 17 32 35 33 758 265 123 183
-0.00402387 17 48 35 33 758 265 123 183
-0.00402702 17 64 35 33 758 265 123 183
-0.00402747 17 80 35 33 758 265 123 183
-0.00402673 17 96 35 33 758 265 123 183
-0.00401668 17 112 35 33 758 265 123 183
-0.004015 17 128 35 33 758 265 123 183
-0.0039308 17 144 35 33 758 265 123 183
-0.00402221 34 0 35 33 758 265 123 183
-0.00402544 34 16 35 33 758 265 123 183
-0.00402611 34 32 35 33 758 265 123 183
-0.00402686 34 48 35 33 758 265 123 183
-0.00402709 34 64 35 33 758 265 123 183
-0.00402601 34 80 35 33 758 265 123 183
-0.0040281 34 96 35 33 758 265 123 183
-0.00402434 34 112 35 33 758 265 123 183
-0.0040279 34 128 35 33 758 265 123 183
-0.00402784 34 144 35 33 758 265 123 183
-0.00402282 51 0 35 33 758 265 123 183
-0.00402251 51 16 35 33 758 265 123 183
-0.00401578 51 32 35 33 758 265 123 183
-0.00402057 51 48 35 33 758 265 123 183
-0.00402261 51 64 35 33 758 265 123 183
-0.0040242 51 80 35 33 758 265 123 183
-0.00402806 51 96 35 33 758 265 123 183
-0.00402637 51 112 35 33 758 265 123 183
-0.00402753 51 128 35 33 758 265 123 183
-0.00402014 51 144 35 33 758 265 123 183
-0.00402822 68 0 35 33 758 265 123 183
-0.00402812 68 16 35 33 758 265 123 183
-0.00402719 68 32 35 33 758 265 123 183
-0.0040255 68 48 35 33 758 265 123 183
-0.00402741 68 64 35 33 758 265 123 183
-0.00402789 68 80 35 33 758 265 123 183
-0.00402788 68 96 35 33 758 265 123 183
-0.00402701 68 112 35 33 758 265 123 183
-0.00402796 68 128 35 33 758 265 123 183
-0.00402784 68 144 35 33 758 265 123 183
-0.00401673 85 0 35 33 758 265 123 183
-0.00402842 85 16 35 33 758 265 123 183
-0.00402735 85 32 35 33 758 265 123 183
-0.00402724 85 48 35 33 758 265 123 183
-0.00402697 85 64 35 33 758 265 123 183
-0.00402295 85 80 35 33 758 265 123 183
-0.00400875 85 96 35 33 758 265 123 183
-0.00400393 85 112 35 33 758 265 123 183
-0.00400616 85 128 35 33 758 265 123 183
-0.00401224 85 144 35 33 758 265 123 183
-0.00402752 0 0 35 33 758 265 123 183
-0.00402634 0 16 35 33 758 265 123 183
-0.00402825 0 32 35 33 758 265 123 183
-0.00402796 0 48 35 33 758 265 123 183
-0.00402777 0 64 35 33 758 265 123 183
-0.00402792 0 80 35 33 758 265 123 183
-0.00402813 0 96 35 33 758 265 123 183
-0.00402663 0 112 35 33 758 265 123 183
-0.00402815 0 128 35 33 758 265 123 183
-0.00402814 0 144 35 33 758 265 123 183
-0.00402744 17 0 35 33 758 265 123 183
-0.00402762 17 16 35 33 758 265 123 183
-0.0040273 17 32 35 33 758 265 123 183
-0.004025 17 48 35 33 758 265 123 183
-0.00402413 17 64 35 33 758 265 123 183
-0.00402689 17 80 35 33 758 265 123 183
-0.00402775 17 96 35 33 758 265 123 183
-0.00402798 17 112 35 33 758 265 123 183
-0.00402756 17 128 35 33 758 265 123 183
-0.00402629 17 144 35 33 758 265 123 183
-0.00401739 34 0 35 33 758 265 123 183
-0.0040233 34 16 35 33 758 265 123 183
-0.00402071 34 32 35 33 758 265 123 183
-0.00401424 34 48 35 33 758 265 123 183
-0.00318995 34 64 35 33 758 265 123 183
-0.00401701 34 80 35 33 758 265 123 183
-0.0040261 34 96 35 33 758 265 123 183
-0.00402332 34 112 35 33 758 265 123 183
-0.00402604 34 128 35 33 758 265 123 183
-0.00402465 34 144 35 33 758 265 123 183
-0.00402355 51 0 35 33 758 265 123 183
-0.00402111 51 16 35 33 758 265 123 183
-0.00298163 51 32 35 33 758 265 123 183
-0.00264221 51 48 35 33 758 265 123 183
-0.00401514 51 64 35 33 758 265 123 183
-0.0040237 51 80 35 33 758 265 123 183
-0.00402598 51 96 35 33 758 265 123 183
-0.00402576 51 112 35 33 758 265 123 183
-0.00402263 51 128 35 33 758 265 123 183
-0.00402081 51 144 35 33 758 265 123 183
-0.00402563 68 0 35 33 758 265 123 183
-0.00402322 68 16 35 33 758 265 123 183
-0.00402346 68 32 35 33 758 265 123 183
-0.00401915 68 48 35 33 758 265 123 183
-0.00402372 68 64 35 33 758 265 123 183
-0.00402667 68 80 35 33 758 265 123 183
-0.00402758 68 96 35 33 758 265 123 183
-0.0040278 68 112 35 33 758 265 123 183
-0.00402714 68 128 35 33 758 265 123 183
-0.00402737 68 144 35 33 758 265 123 183
-0.00402789 85 0 35 33 758 265 123 183
-0.00402729 85 16 35 33 758 265 123 183
-0.00402655 85 32 35 33 758 265 123 183
-0.00402518 85 48 35 33 758 265 123 183
-0.00402647 85 64 35 33 758 265 123 183
-0.00402798 85 80 35 33 758 265 123 183
-0.00402761 85 96 35 33 758 265 123 183
-0.00402689 85 112 35 33 758 265 123 183
-0.00402809 85 128 35 33 758 265 123 183
-0.00402774 85 144 35 33 758 265 123 183
-0.00402702 0 0 35 33 758 265 123 183
-0.00402747 0 16 35 33 758 265 123 183
-0.00402801 0 32 35 33 758 265 123 183
-0.0040276 0 48 35 33 758 265 123 183
-0.00402736 0 64 35 33 758 265 123 183
-0.00402752 0 80 35 33 758 265 123 183
-0.00402793 0 96 35 33 758 265 123 183
-0.00402671 0 112 35 33 758 265 123 183
-0.00402684 0 128 35 33 758 265 123 183
-0.00402777 0 144 35 33 758 265 123 183
-0.00402749 17 0 35 33 758 265 123 183
-0.00402734 17 16 35 33 758 265 123 183
-0.00402705 17 32 35 33 758 265 123 183
-0.00402542 17 48 35 33 758 265 123 183
-0.00402195 17 64 35 33 758 265 123 183
-0.00402553 17 80 35 33 758 265 123 183
-0.00402705 17 96 35 33 758 265 123 183
-0.00402746 17 112 35 33 758 265 123 183
-0.00402718 17 128 35 33 758 265 123 183
-0.00402649 17 144 35 33 758 265 123 183
-0.00402475 34 0 35 33 758 265 123 183
-0.0040221 34 16 35 33 758 265 123 183
-0.00402478 34 32 35 33 758 265 123 183
-0.00395465 34 48 35 33 758 265 123 183
-0.00402258 34 64 35 33 758 265 123 183
-0.00401278 34 80 35 33 758 265 123 183
-0.00402185 34 96 35 33 758 265 123 183
-0.00402364 34 112 35 33 758 265 123 183
-0.00401654 34 128 35 33 758 265 123 183
-0.00400286 34 144 35 33 758 265 123 183
-0.00401777 51 0 35 33 758 265 123 183
-0.00402444 51 16 35 33 758 265 123 183
-0.00402248 51 32 35 33 758 265 123 183
-0.00402392 51 48 35 33 758 265 123 183
-0.00402639 51 64 35 33 758 265 123 183
-0.00402622 51 80 35 33 758 265 123 183
-0.00402407 51 96 35 33 758 265 123 183
-0.00401955 51 112 35 33 758 265 123 183
-0.00401811 51 128 35 33 758 265 123 183
-0.00402382 51 144 35 33 758 265 123 183
-0.00402177 68 0 35 33 758 265 123 183
-0.00402486 68 16 35 33 758 265 123 183
-0.00402091 68 32 35 33 758 265 123 183
-0.00402312 68 48 35 33 758 265 123 183
-0.00402627 68 64 35 33 758 265 123 183
-0.00402424 68 80 35 33 758 265 123 183
-0.00402733 68 96 35 33 758 265 123 183
-0.00402756 68 112 35 33 758 265 123 183
-0.00402736 68 128 35 33 758 265 123 183
-0.00402766 68 144 35 33 758 265 123 183
-0.00402747 85 0 35 33 758 265 123 183
-0.00402594 85 16 35 33 758 265 123 183
-0.00402346 85 32 35 33 758 265 123 183
-0.00401401 85 48 35 33 758 265 123 183
-0.00402585 85 64 35 33 758 265 123 183
-0.00402757 85 80 35 33 758 265 123 183
-0.00402796 85 96 35 33 758 265 123 183
-0.00402746 85 112 35 33 758 265 123 183
-0.00402802 85 128 35 33 758 265 123 183
-0.00402784 85 144 35 33 758 265 123 183
-0.00402801 0 0 49 45 758 265 123 183
-0.00402743 0 22 49 45 758 265 123 183
-0.00402541 0 44 49 45 758 265 123 183
-0.00402595 0 66 49 45 758 265 123 183
-0.00402729 0 88 49 45 758 265 123 183
-0.004027 0 110 49 45 758 265 123 183
-0.00402666 0 132 49 45 758 265 123 183
-0.00402204 24 0 49 45 758 265 123 183
-0.00401911 24 22 49 45 758 265 123 183
-0.004016 24 44 49 45 758 265 123 183
-0.00279196 24 66 49 45 758 265 123 183
-0.00401032 24 88 49 45 758 265 123 183
-0.00401032 24 110 49 45 758 265 123 183
-0.00401494 24 132 49 45 758 265 123 183
-0.00401258 48 0 49 45 758 265 123 183
-0.0027002 48 22 49 45 758 265 123 183
-0.00354605 48 44 49 45 758 265 123 183
-0.00252442 48 66 49 45 758 265 123 183
-0.00401157 48 88 49 45 758 265 123 183
-0.00401234 48 110 49 45 758 265 123 183
-0.00402002 48 132 49 45 758 265 123 183
-0.00402686 72 0 49 45 758 265 123 183
-0.00402512 72 22 49 45 758 265 123 183
-0.00401877 72 44 49 45 758 265 123 183
-0.00402426 72 66 49 45 758 265 123 183
-0.00402718 72 88 49 45 758 265 123 183
-0.00402743 72 110 49 45 758 265 123 183
-0.00402797 72 132 49 45 758 265 123 183
-0.00402754 0 0 49 45 758 265 123 183
-0.00402762 0 22 49 45 758 265 123 183
-0.00402683 0 44 49 45 758 265 123 183
-0.00402384 0 66 49 45 758 265 123 183
-0.00402691 0 88 49 45 758 265 123 183
-0.00402539 0 110 49 45 758 265 123 183
-0.00402124 0 132 49 45 758 265 123 183
-0.00402823 24 0 49 45 758 265 123 183
-0.00402635 24 22 49 45 758 265 123 183
-0.00402146 24 44 49 45 758 265 123 183
-0.00402374 24 66 49 45 758 265 123 183
-0.00402449 24 88 49 45 758 265 123 183
-0.00402409 24 110 49 45 758 265 123 183
-0.00402052 24 132 49 45 758 265 123 183
-0.00402808 48 0 49 45 758 265 123 183
-0.00402524 48 22 49 45 758 265 123 183
-0.00291761 48 44 49 45 758 265 123 183
-0.00400364 48 66 49 45 758 265 123 183
-0.00401435 48 88 49 45 758 265 123 183
-0.00402693 48 110 49 45 758 265 123 183
-0.00402683 48 132 49 45 758 265 123 183
-0.00402677 72 0 49 45 758 265 123 183
-0.00402565 72 22 49 45 758 265 123 183
-0.00401773 72 44 49 45 758 265 123 183
-0.00402309 72 66 49 45 758 265 123 183
-0.00402491 72 88 49 45 758 265 123 183
-0.00402633 72 110 49 45 758 265 123 183
-0.00401221 72 132 49 45 758 265 123 183
-0.00400598 0 0 49 45 758 265 123 183
-0.00402445 0 22 49 45 758 265 123 183
-0.00402457 0 44 49 45 758 265 123 183
-0.00401628 0 66 49 45 758 265 123 183
-0.00402624 0 88 49 45 758 265 123 183
-0.00402634 0 110 49 45 758 265 123 183
-0.00402772 0 132 49 45 758 265 123 183
-0.00401421 24 0 49 45 758 265 123 183
-0.00401819 24 22 49 45 758 265 123 183
-0.00402692 24 44 49 45 758 265 123 183
-0.00402716 24 66 49 45 758 265 123 183
-0.00402279 24 88 49 45 758 265 123 183
-0.00359958 24 110 49 45 758 265 123 183
-0.00402683 24 132 49 45 758 265 123 183
-0.00402124 48 0 49 45 758 265 123 183
-0.00402535 48 22 49 45 758 265 123 183
-0.004019 48 44 49 45 758 265 123 183
-0.00402619 48 66 49 45 758 265 123 183
-0.00402561 48 88 49 45 758 265 123 183
-0.00401823 48 110 49 45 758 265 123 183
-0.00402739 48 132 49 45 758 265 123 183
-0.00401994 72 0 49 45 758 265 123 183
-0.00402368 72 22 49 45 758 265 123 183
-0.00402671 72 44 49 45 758 265 123 183
-0.00402631 72 66 49 45 758 265 123 183
-0.00402556 72 88 49 45 758 265 123 183
-0.00402588 72 110 49 45 758 265 123 183
-0.00402753 72 132 49 45 758 265 123 183
-0.00402805 0 0 49 45 758 265 123 183
-0.00402765 0 22 49 45 758 265 123 183
-0.00402744 0 44 49 45 758 265 123 183
-0.00402498 0 66 49 45 758 265 123 183
-0.00402419 0 88 49 45 758 265 123 183
-0.00402282 0 110 49 45 758 265 123 183
-0.0040218 0 132 49 45 758 265 123 183
-0.0040271 24 0 49 45 758 265 123 183
-0.00402355 24 22 49 45 758 265 123 183
-0.00402368 24 44 49 45 758 265 123 183
-0.00402444 24 66 49 45 758 265 123 183
-0.00402103 24 88 49 45 758 265 123 183
-0.00402091 24 110 49 45 758 265 123 183
-0.00402213 24 132 49 45 758 265 123 183
-0.00402613 48 0 49 45 758 265 123 183
-0.00400603 48 22 49 45 758 265 123 183
-0.0040203 48 44 49 45 758 265 123 183
-0.00402043 48 66 49 45 758 265 123 183
-0.0036792 48 88 49 45 758 265 123 183
-0.00401647 48 110 49 45 758 265 123 183
-0.00402484 48 132 49 45 758 265 123 183
-0.00402658 72 0 49 45 758 265 123 183
-0.00402225 72 22 49 45 758 265 123 183
-0.00402201 72 44 49 45 758 265 123 183
-0.00402574 72 66 49 45 758 265 123 183
-0.0040256 72 88 49 45 758 265 123 183
-0.00402658 72 110 49 45 758 265 123 183
-0.00402433 72 132 49 45 758 265 123 183
-0.00402813 0 0 49 45 758 265 123 183
-0.00402756 0 22 49 45 758 265 123 183
-0.00402385 0 44 49 45 758 265 123 183
-0.00402349 0 66 49 45 758 265 123 183
-0.00402487 0 88 49 45 758 265 123 183
-0.00402577 0 110 49 45 758 265 123 183
-0.00402596 0 132 49 45 758 265 123 183
-0.00402656 24 0 49 45 758 265 123 183
-0.00402155 24 22 49 45 758 265 123 183
-0.00400668 24 44 49 45 758 265 123 183
-0.00402042 24 66 49 45 758 265 123 183
-0.00401873 24 88 49 45 758 265 123 183
-0.00401231 24 110 49 45 758 265 123 183
-0.00401193 24 132 49 45 758 265 123 183
-0.00385764 48 0 49 45 758 265 123 183
-0.0040157 48 22 49 45 758 265 123 183
-0.00400439 48 44 49 45 758 265 123 183
-0.00402446 48 66 49 45 758 265 123 183
-0.00402244 48 88 49 45 758 265 123 183
-0.00401419 48 110 49 45 758 265 123 183
-0.00402441 48 132 49 45 758 265 123 183
-0.00402541 72 0 49 45 758 265 123 183
-0.00402481 72 22 49 45 758 265 123 183
-0.00400674 72 44 49 45 758 265 123 183
-0.00401066 72 66 49 45 758 265 123 183
-0.00402549 72 88 49 45 758 265 123 183
-0.00402728 72 110 49 45 758 265 123 183
-0.00402799 72 132 49 45 758 265 123 183
-0.00402736 0 0 49 45 758 265 123 183
-0.00402612 0 22 49 45 758 265 123 183
-0.00402071 0 44 49 45 758 265 123 183
-0.00402343 0 66 49 45 758 265 123 183
-0.00402622 0 88 49 45 758 265 123 183
-0.00402636 0 110 49 45 758 265 123 183
-0.00402589 0 132 49 45 758 265 123 183
-0.00402453 24 0 49 45 758 265 123 183
-0.00401608 24 22 49 45 758 265 123 183
-0.00401329 24 44 49 45 758 265 123 183
-0.00401492 24 66 49 45 758 265 123 183
-0.00401923 24 88 49 45 758 265 123 183
-0.00400908 24 110 49 45 758 265 123 183
-0.00401412 24 132 49 45 758 265 123 183
-0.00401579 48 0 49 45 758 265 123 183
-0.00402224 48 22 49 45 758 265 123 183
-0.00402385 48 44 49 45 758 265 123 183
-0.00401552 48 66 49 45 758 265 123 183
-0.0040072 48 88 49 45 758 265 123 183
-0.00402182 48 110 49 45 758 265 123 183
-0.0040234 48 132 49 45 758 265 123 183
-0.00402697 72 0 49 45 758 265 123 183
-0.0040261 72 22 49 45 758 265 123 183
-0.00402508 72 44 49 45 758 265 123 183
-0.00402227 72 66 49 45 758 265 123 183
-0.00402677 72 88 49 45 758 265 123 183
-0.0040272 72 110 49 45 758 265 123 183
-0.00402754 72 132 49 45 758 265 123 183
-0.00402783 0 0 49 45 758 265 123 183
-0.00402732 0 22 49 45 758 265 123 183
-0.00402456 0 44 49 45 758 265 123 183
-0.00402678 0 66 49 45 758 265 123 183
-0.00402806 0 88 49 45 758 265 123 183
-0.00402782 0 110 49 45 758 265 123 183
-0.00402654 0 132 49 45 758 265 123 183
-0.00402202 24 0 49 45 758 265 123 183
-0.00402345 24 22 49 45 758 265 123 183
-0.00402315 24 44 49 45 758 265 123 183
-0.00402078 24 66 49 45 758 265 123 183
-0.00402337 24 88 49 45 758 265 123 183
-0.00402504 24 110 49 45 758 265 123 183
-0.00402451 24 132 49 45 758 265 123 183
-0.0040144 48 0 49 45 758 265 123 183
-0.00400926 48 22 49 45 758 265 123 183
-0.0040098 48 44 49 45 758 265 123 183
-0.00249341 48 66 49 45 758 265 123 183
-0.00402412 48 88 49 45 758 265 123 183
-0.00402424 48 110 49 45 758 265 123 183
-0.00401385 48 132 49 45 758 265 123 183
-0.00402744 72 0 49 45 758 265 123 183
-0.00402632 72 22 49 45 758 265 123 183
-0.00402349 72 44 49 45 758 265 123 183
-0.00402541 72 66 49 45 758 265 123 183
-0.00402757 72 88 49 45 758 265 123 183
-0.00402762 72 110 49 45 758 265 123 183
-0.00402792 72 132 49 45 758 265 123 183
-0.00402832 0 0 49 45 758 265 123 183
-0.00402622 0 22 49 45 758 265 123 183
-0.00402408 0 44 49 45 758 265 123 183
-0.00402355 0 66 49 45 758 265 123 183
-0.00402392 0 88 49 45 758 265 123 183
-0.00357298 0 110 49 45 758 265 123 183
-0.00198699 0 132 49 45 758 265 123 183
-0.00401865 24 0 49 45 758 265 123 183
-0.00402399 24 22 49 45 758 265 123 183
-0.00402631 24 44 49 45 758 265 123 183
-0.00402282 24 66 49 45 758 265 123 183
-0.00402752 24 88 49 45 758 265 123 183
-0.00402648 24 110 49 45 758 265 123 183
-0.0040274 24 132 49 45 758 265 123 183
-0.00402234 48 0 49 45 758 265 123 183
-0.00401283 48 22 49 45 758 265 123 183
-0.00401924 48 44 49 45 758 265 123 183
-0.00402056 48 66 49 45 758 265 123 183
-0.00402743 48 88 49 45 758 265 123 183
-0.00402567 48 110 49 45 758 265 123 183
-0.0040195 48 132 49 45 758 265 123 183
-0.00402828 72 0 49 45 758 265 123 183
-0.00402737 72 22 49 45 758 265 123 183
-0.00402652 72 44 49 45 758 265 123 183
-0.00402754 72 66 49 45 758 265 123 183
-0.00402648 72 88 49 45 758 265 123 183
-0.0040262 72 110 49 45 758 265 123 183
-0.00402779 72 132 49 45 758 265 123 183
-0.0040279 0 0 49 45 758 265 123 183
-0.00402754 0 22 49 45 758 265 123 183
-0.00402658 0 44 49 45 758 265 123 183
-0.00402662 0 66 49 45 758 265 123 183
-0.00402783 0 88 49 45 758 265 123 183
-0.00402795 0 110 49 45 758 265 123 183
-0.00402694 0 132 49 45 758 265 123 183
-0.00401616 24 0 49 45 758 265 123 183
-0.0040191 24 22 49 45 758 265 123 183
-0.00402167 24 44 49 45 758 265 123 183
-0.00401549 24 66 49 45 758 265 123 183
-0.00402276 24 88 49 45 758 265 123 183
-0.00402529 24 110 49 45 758 265 123 183
-0.00402553 24 132 49 45 758 265 123 183
-0.00402003 48 0 49 45 758 265 123 183
-0.00307285 48 22 49 45 758 265 123 183
-0.00383285 48 44 49 45 758 265 123 183
-0.00401981 48 66 49 45 758 265 123 183
-0.00402393 48 88 49 45 758 265 123 183
-0.00402032 48 110 49 45 758 265 123 183
-0.00401406 48 132 49 45 758 265 123 183
-0.00402564 72 0 49 45 758 265 123 183
-0.00402453 72 22 49 45 758 265 123 183
-0.00402158 72 44 49 45 758 265 123 183
-0.00402552 72 66 49 45 758 265 123 183
-0.00402731 72 88 49 45 758 265 123 183
-0.00402785 72 110 49 45 758 265 123 183
-0.0040279 72 132 49 45 758 265 123 183
-0.00402785 0 0 49 45 758 265 123 183
-0.00402734 0 22 49 45 758 265 123 183
-0.00402605 0 44 49 45 758 265 123 183
-0.00402599 0 66 49 45 758 265 123 183
-0.00402711 0 88 49 45 758 265 123 183
-0.00402733 0 110 49 45 758 265 123 183
-0.00402706 0 132 49 45 758 265 123 183
-0.00402196 24 0 49 45 758 265 123 183
-0.00402342 24 22 49 45 758 265 123 183
-0.00401695 24 44 49 45 758 265 123 183
-0.0026133 24 66 49 45 758 265 123 183
-0.00346714 24 88 49 45 758 265 123 183
-0.00401787 24 110 49 45 758 265 123 183
-0.00335969 24 132 49 45 758 265 123 183
-0.004017 48 0 49 45 758 265 123 183
-0.00401241 48 22 49 45 758 265 123 183
-0.00324724 48 44 49 45 758 265 123 183
-0.00402323 48 66 49 45 758 265 123 183
-0.00402297 48 88 49 45 758 265 123 183
-0.00401712 48 110 49 45 758 265 123 183
-0.00402039 48 132 49 45 758 265 123 183
-0.00402506 72 0 49 45 758 265 123 183
-0.00402237 72 22 49 45 758 265 123 183
-0.00401648 72 44 49 45 758 265 123 183
-0.00402608 72 66 49 45 758 265 123 183
-0.00402702 72 88 49 45 758 265 123 183
-0.00402768 72 110 49 45 758 265 123 183
-0.00402791 72 132 49 45 758 265 123 183
-0.0040264 0 0 61 61 758 265 123 183
-0.00402415 0 30 61 61 758 265 123 183
-0.00402287 0 60 61 61 758 265 123 183
-0.00402492 0 90 61 61 758 265 123 183
-0.0040248 0 120 61 61 758 265 123 183
-0.0040137 30 0 61 61 758 265 123 183
-0.00285312 30 30 61 61 758 265 123 183
-0.00232303 30 60 61 61 758 265 123 183
-0.00111884 30 90 61 61 758 265 123 183
-0.00330347 30 120 61 61 758 265 123 183
-0.00402381 60 0 61 61 758 265 123 183
-0.00401493 60 30 61 61 758 265 123 183
-0.00402264 60 60 61 61 758 265 123 183
-0.00402573 60 90 61 61 758 265 123 183
-0.00402668 60 120 61 61 758 265 123 183
-0.0040265 0 0 61 61 758 265 123 183
-0.00402535 0 30 61 61 758 265 123 183
-0.00402391 0 60 61 61 758 265 123 183
-0.00400667 0 90 61 61 758 265 123 183
-0.00193268 0 120 61 61 758 265 123 183
-0.00402693 30 0 61 61 758 265 123 183
-0.00401349 30 30 61 61 758 265 123 183
-0.00400392 30 60 61 61 758 265 123 183
-0.00400472 30 90 61 61 758 265 123 183
-0.00402167 30 120 61 61 758 265 123 183
-0.00402663 60 0 61 61 758 265 123 183
-0.00401881 60 30 61 61 758 265 123 183
-0.00400655 60 60 61 61 758 265 123 183
-0.00402291 60 90 61 61 758 265 123 183
-0.00401739 60 120 61 61 758 265 123 183
-0.00402139 0 0 61 61 758 265 123 183
-0.0040234 0 30 61 61 758 265 123 183
-0.00402226 0 60 61 61 758 265 123 183
-0.00402344 0 90 61 61 758 265 123 183
-0.00402726 0 120 61 61 758 265 123 183
-0.00321884 30 0 61 61 758 265 123 183
-0.00400734 30 30 61 61 758 265 123 183
-0.00401016 30 60 61 61 758 265 123 183
-0.00370524 30 90 61 61 758 265 123 183
-0.00402568 30 120 61 61 758 265 123 183
-0.00401978 60 0 61 61 758 265 123 183
-0.00401521 60 30 61 61 758 265 123 183
-0.00402089 60 60 61 61 758 265 123 183
-0.00402139 60 90 61 61 758 265 123 183
-0.00402755 60 120 61 61 758 265 123 183
-0.00402636 0 0 61 61 758 265 123 183
-0.00402561 0 30 61 61 758 265 123 183
-0.00402631 0 60 61 61 758 265 123 183
-0.00402307 0 90 61 61 758 265 123 183
-0.00401917 0 120 61 61 758 265 123 183
-0.00402224 30 0 61 61 758 265 123 183
-0.00401077 30 30 61 61 758 265 123 183
-0.00401848 30 60 61 61 758 265 123 183
-0.00294969 30 90 61 61 758 265 123 183
-0.00401994 30 120 61 61 758 265 123 183
-0.00402282 60 0 61 61 758 265 123 183
-0.00401206 60 30 61 61 758 265 123 183
-0.00402137 60 60 61 61 758 265 123 183
-0.00402263 60 90 61 61 758 265 123 183
-0.0040239 60 120 61 61 758 265 123 183
-0.00402711 0 0 61 61 758 265 123 183
-0.00402185 0 30 61 61 758 265 123 183
-0.00402184 0 60 61 61 758 265 123 183
-0.00402456 0 90 61 61 758 265 123 183
-0.00402335 0 120 61 61 758 265 123 183
-0.00402145 30 0 61 61 758 265 123 183
-0.00400928 30 30 61 61 758 265 123 183
-0.00401464 30 60 61 61 758 265 123 183
-0.00401739 30 90 61 61 758 265 123 183
-0.00401084 30 120 61 61 758 265 123 183
-0.00402149 60 0 61 61 758 265 123 183
-0.00401083 60 30 61 61 758 265 123 183
-0.00402057 60 60 61 61 758 265 123 183
-0.00402597 60 90 61 61 758 265 123 183
-0.00402719 60 120 61 61 758 265 123 183
-0.00402475 0 0 61 61 758 265 123 183
-0.00401682 0 30 61 61 758 265 123 183
-0.00401592 0 60 61 61 758 265 123 183
-0.00402281 0 90 61 61 758 265 123 183
-0.00402263 0 120 61 61 758 265 123 183
-0.00301303 30 0 61 61 758 265 123 183
-0.0036264 30 30 61 61 758 265 123 183
-0.00144756 30 60 61 61 758 265 123 183
-0.00220833 30 90 61 61 758 265 123 183
-0.00401227 30 120 61 61 758 265 123 183
-0.00401986 60 0 61 61 758 265 123 183
-0.00401796 60 30 61 61 758 265 123 183
-0.00400672 60 60 61 61 758 265 123 183
-0.00402455 60 90 61 61 758 265 123 183
-0.00402691 60 120 61 61 758 265 123 183
-0.00402693 0 0 61 61 758 265 123 183
-0.00402554 0 30 61 61 758 265 123 183
-0.00402522 0 60 61 61 758 265 123 183
-0.00402681 0 90 61 61 758 265 123 183
-0.00402574 0 120 61 61 758 265 123 183
-0.00400237 30 0 61 61 758 265 123 183
-0.00267114 30 30 61 61 758 265 123 183
-0.00401713 30 60 61 61 758 265 123 183
-0.00401629 30 90 61 61 758 265 123 183
-0.00327555 30 120 61 61 758 265 123 183
-0.00402371 60 0 61 61 758 265 123 183
-0.00401121 60 30 61 61 758 265 123 183
-0.00402435 60 60 61 61 758 265 123 183
-0.00402567 60 90 61 61 758 265 123 183
-0.00402437 60 120 61 61 758 265 123 183
-0.00402781 0 0 61 61 758 265 123 183
-0.00402784 0 30 61 61 758 265 123 183
-0.00402744 0 60 61 61 758 265 123 183
-0.00402702 0 90 61 61 758 265 123 183
-0.00402093 0 120 61 61 758 265 123 183
-0.00401783 30 0 61 61 758 265 123 183
-0.0040215 30 30 61 61 758 265 123 183
-0.00402109 30 60 61 61 758 265 123 183
-0.00402593 30 90 61 61 758 265 123 183
-0.00388229 30 120 61 61 758 265 123 183
-0.00402679 60 0 61 61 758 265 123 183
-0.00402457 60 30 61 61 758 265 123 183
-0.00402686 60 60 61 61 758 265 123 183
-0.00402628 60 90 61 61 758 265 123 183
-0.00401754 60 120 61 61 758 265 123 183
-0.00402547 0 0 61 61 758 265 123 183
-0.0040249 0 30 61 61 758 265 123 183
-0.00402368 0 60 61 61 758 265 123 183
-0.00402659 0 90 61 61 758 265 123 183
-0.00402592 0 120 61 61 758 265 123 183
-0.00400208 30 0 61 61 758 265 123 183
-0.00349338 30 30 61 61 758 265 123 183
-0.00401587 30 60 61 61 758 265 123 183
-0.003414 30 90 61 61 758 265 123 183
-0.0028221 30 120 61 61 758 265 123 183
-0.00402507 60 0 61 61 758 265 123 183
-0.00401835 60 30 61 61 758 265 123 183
-0.00402517 60 60 61 61 758 265 123 183
-0.00402618 60 90 61 61 758 265 123 183
-0.00402356 60 120 61 61 758 265 123 183
-0.0040266 0 0 61 61 758 265 123 183
-0.00402323 0 30 61 61 758 265 123 183
-0.00402125 0 60 61 61 758 265 123 183
-0.0040249 0 90 61 61 758 265 123 183
-0.0040254 0 120 61 61 758 265 123 183
-0.00402346 30 0 61 61 758 265 123 183
-0.00390665 30 30 61 61 758 265 123 183
-0.00401461 30 60 61 61 758 265 123 183
-0.00212678 30 90 61 61 758 265 123 183
-0.00173655 30 120 61 61 758 265 123 183
-0.00402403 60 0 61 61 758 265 123 183
-0.00400927 60 30 61 61 758 265 123 183
-0.00402511 60 60 61 61 758 265 123 183
-0.00402676 60 90 61 61 758 265 123 183
-0.00402709 60 120 61 61 758 265 123 183
-0.00400218 0 0 82 122 758 265 123 183
-0.00365292 0 61 82 122 758 265 123 183
-0.00276121 41 0 82 122 758 265 123 183
-0.00401159 41 61 82 122 758 265 123 183
-0.00402456 0 0 82 122 758 265 123 183
-0.00401436 0 61 82 122 758 265 123 183
-0.00401477 41 0 82 122 758 265 123 183
-0.00401072 41 61 82 122 758 265 123 183
-0.00310201 0 0 82 122 758 265 123 183
-0.00402477 0 61 82 122 758 265 123 183
-0.00127262 41 0 82 122 758 265 123 183
-0.00402542 41 61 82 122 758 265 123 183
-0.0040212 0 0 82 122 758 265 123 183
-0.0040236 0 61 82 122 758 265 123 183
-0.0028856 41 0 82 122 758 265 123 183
-0.00402359 41 61 82 122 758 265 123 183
-0.00402045 0 0 82 122 758 265 123 183
-0.00239455 0 61 82 122 758 265 123 183
-0.00401327 41 0 82 122 758 265 123 183
-0.00401091 41 61 82 122 758 265 123 183
-0.00400409 0 0 82 122 758 265 123 183
-0.00378258 0 61 82 122 758 265 123 183
-0.00397824 41 0 82 122 758 265 123 183
-0.00400713 41 61 82 122 758 265 123 183
-0.00400697 0 0 82 122 758 265 123 183
-0.00401709 0 61 82 122 758 265 123 183
-0.00258356 41 0 82 122 758 265 123 183
-0.00401625 41 61 82 122 758 265 123 183
-0.00400654 0 0 82 122 758 265 123 183
-0.00401185 0 61 82 122 758 265 123 183
-0.00273028 41 0 82 122 758 265 123 183
-0.00401173 41 61 82 122 758 265 123 183
-0.00400309 0 0 82 122 758 265 123 183
-0.00400976 0 61 82 122 758 265 123 183
-0.0037569 41 0 82 122 758 265 123 183
-0.00401391 41 61 82 122 758 265 123 183
-0.00400268 0 0 82 122 758 265 123 183
-0.00400236 0 61 82 122 758 265 123 183
-0.00333165 41 0 82 122 758 265 123 183
-0.00401881 41 61 82 122 758 265 123 183
-0.00203526 0 0 123 183 758 265 123 183
-0.00373105 0 0 123 183 758 265 123 183
-0.00402151 0 0 123 183 758 265 123 183
-0.00401107 0 0 123 183 758 265 123 183
-0.00228554 0 0 123 183 758 265 123 183
-0.00242894 0 0 123 183 758 265 123 183
-0.00235922 0 0 123 183 758 265 123 183
-0.00166602 0 0 123 183 758 265 123 183
-0.00180635 0 0 123 183 758 265 123 183
-0.00150017 0 0 123 183 758 265 123 183
