962 
60 
888 
1040 
180 
1079 
216 
1077 
1024 
1078 
217 
899 
802 
1070 
32 
1023 
427 
963 
212 
1074 
887 
1076 
1047 
1075 
420 
785 
617 
426 
1056 
862 
513 
976 
615 
1060 
1032 
610 
1009 
886 
1044 
644 
933 
512 
960 
421 
839 
1038 
23 
428 
504 
915 
868 
979 
889 
1068 
865 
120 
1008 
44 
863 
1006 
43 
616 
801 
668 
961 
1031 
702 
918 
1071 
1064 
1051 
170 
840 
726 
994 
1021 
439 
563 
1052 
171 
