-0.0049636 0 0 10 10 268 82 35 55
-0.00495595 0 5 10 10 268 82 35 55
-0.00497008 0 10 10 10 268 82 35 55
-0.00497153 0 15 10 10 268 82 35 55
-0.00496638 0 20 10 10 268 82 35 55
-0.00496345 0 25 10 10 268 82 35 55
-0.00496623 0 30 10 10 268 82 35 55
-0.00496908 0 35 10 10 268 82 35 55
-0.00496826 0 40 10 10 268 82 35 55
-0.00497444 0 45 10 10 268 82 35 55
-0.00495315 5 0 10 10 268 82 35 55
-0.00495973 5 5 10 10 268 82 35 55
-0.00497355 5 10 10 10 268 82 35 55
-0.00497508 5 15 10 10 268 82 35 55
-0.0049738 5 20 10 10 268 82 35 55
-0.00497428 5 25 10 10 268 82 35 55
-0.00497117 5 30 10 10 268 82 35 55
-0.00496457 5 35 10 10 268 82 35 55
-0.00496939 5 40 10 10 268 82 35 55
-0.00497416 5 45 10 10 268 82 35 55
-0.00496579 10 0 10 10 268 82 35 55
-0.0049733 10 5 10 10 268 82 35 55
-0.0049748 10 10 10 10 268 82 35 55
-0.0049732 10 15 10 10 268 82 35 55
-0.00496375 10 20 10 10 268 82 35 55
-0.00497463 10 25 10 10 268 82 35 55
-0.00497184 10 30 10 10 268 82 35 55
-0.00497127 10 35 10 10 268 82 35 55
-0.00497081 10 40 10 10 268 82 35 55
-0.00497283 10 45 10 10 268 82 35 55
-0.00496962 15 0 10 10 268 82 35 55
-0.0049747 15 5 10 10 268 82 35 55
-0.00497056 15 10 10 10 268 82 35 55
-0.00497103 15 15 10 10 268 82 35 55
-0.00496604 15 20 10 10 268 82 35 55
-0.0049741 15 25 10 10 268 82 35 55
-0.0049737 15 30 10 10 268 82 35 55
-0.00497151 15 35 10 10 268 82 35 55
-0.00495976 15 40 10 10 268 82 35 55
-0.00495062 15 45 10 10 268 82 35 55
-0.00496739 20 0 10 10 268 82 35 55
-0.0049742 20 5 10 10 268 82 35 55
-0.00496351 20 10 10 10 268 82 35 55
-0.00496149 20 15 10 10 268 82 35 55
-0.00496802 20 20 10 10 268 82 35 55
-0.0049686 20 25 10 10 268 82 35 55
-0.00497276 20 30 10 10 268 82 35 55
-0.00496907 20 35 10 10 268 82 35 55
-0.00497258 20 40 10 10 268 82 35 55
-0.00497298 20 45 10 10 268 82 35 55
-0.0049679 25 0 10 10 268 82 35 55
-0.00497187 25 5 10 10 268 82 35 55
-0.00497327 25 10 10 10 268 82 35 55
-0.00497418 25 15 10 10 268 82 35 55
-0.00497352 25 20 10 10 268 82 35 55
-0.00497299 25 25 10 10 268 82 35 55
-0.00497144 25 30 10 10 268 82 35 55
-0.00497075 25 35 10 10 268 82 35 55
-0.00497117 25 40 10 10 268 82 35 55
-0.00497436 25 45 10 10 268 82 35 55
-0.0049701 0 0 10 10 268 82 35 55
-0.00497102 0 5 10 10 268 82 35 55
-0.00497428 0 10 10 10 268 82 35 55
-0.00497494 0 15 10 10 268 82 35 55
-0.00497509 0 20 10 10 268 82 35 55
-0.00497478 0 25 10 10 268 82 35 55
-0.00497401 0 30 10 10 268 82 35 55
-0.00496604 0 35 10 10 268 82 35 55
-0.0049742 0 40 10 10 268 82 35 55
-0.00497459 0 45 10 10 268 82 35 55
-0.00497345 5 0 10 10 268 82 35 55
-0.00497127 5 5 10 10 268 82 35 55
-0.00497168 5 10 10 10 268 82 35 55
-0.00497349 5 15 10 10 268 82 35 55
-0.00496998 5 20 10 10 268 82 35 55
-0.00496287 5 25 10 10 268 82 35 55
-0.00496571 5 30 10 10 268 82 35 55
-0.00497107 5 35 10 10 268 82 35 55
-0.00497487 5 40 10 10 268 82 35 55
-0.00497383 5 45 10 10 268 82 35 55
-0.00497487 10 0 10 10 268 82 35 55
-0.0049707 10 5 10 10 268 82 35 55
-0.00497007 10 10 10 10 268 82 35 55
-0.00497253 10 15 10 10 268 82 35 55
-0.00495632 10 20 10 10 268 82 35 55
-0.00497458 10 25 10 10 268 82 35 55
-0.00497442 10 30 10 10 268 82 35 55
-0.00497344 10 35 10 10 268 82 35 55
-0.00497225 10 40 10 10 268 82 35 55
-0.00497151 10 45 10 10 268 82 35 55
-0.00497443 15 0 10 10 268 82 35 55
-0.00496896 15 5 10 10 268 82 35 55
-0.00497192 15 10 10 10 268 82 35 55
-0.00497478 15 15 10 10 268 82 35 55
-0.0049637 15 20 10 10 268 82 35 55
-0.00497421 15 25 10 10 268 82 35 55
-0.00497498 15 30 10 10 268 82 35 55
-0.00497468 15 35 10 10 268 82 35 55
-0.00497478 15 40 10 10 268 82 35 55
-0.00497312 15 45 10 10 268 82 35 55
-0.00497421 20 0 10 10 268 82 35 55
-0.00497092 20 5 10 10 268 82 35 55
-0.00496867 20 10 10 10 268 82 35 55
-0.00497399 20 15 10 10 268 82 35 55
-0.00497309 20 20 10 10 268 82 35 55
-0.00496625 20 25 10 10 268 82 35 55
-0.004954 20 30 10 10 268 82 35 55
-0.0049588 20 35 10 10 268 82 35 55
-0.00496336 20 40 10 10 268 82 35 55
-0.00497342 20 45 10 10 268 82 35 55
-0.00497261 25 0 10 10 268 82 35 55
-0.00497205 25 5 10 10 268 82 35 55
-0.0049733 25 10 10 10 268 82 35 55
-0.00496132 25 15 10 10 268 82 35 55
-0.00497295 25 20 10 10 268 82 35 55
-0.0049742 25 25 10 10 268 82 35 55
-0.00497288 25 30 10 10 268 82 35 55
-0.00497307 25 35 10 10 268 82 35 55
-0.00497399 25 40 10 10 268 82 35 55
-0.00497503 25 45 10 10 268 82 35 55
-0.00161753 0 0 10 10 268 82 35 55
-0.00168615 0 5 10 10 268 82 35 55
-0.00356984 0 10 10 10 268 82 35 55
-0.00495664 0 15 10 10 268 82 35 55
-0.00496832 0 20 10 10 268 82 35 55
-0.00497247 0 25 10 10 268 82 35 55
-0.0049736 0 30 10 10 268 82 35 55
-0.00497301 0 35 10 10 268 82 35 55
-0.00497282 0 40 10 10 268 82 35 55
-0.00497305 0 45 10 10 268 82 35 55
-0.00494979 5 0 10 10 268 82 35 55
-0.00495894 5 5 10 10 268 82 35 55
-0.00495568 5 10 10 10 268 82 35 55
-0.00496667 5 15 10 10 268 82 35 55
-0.00497214 5 20 10 10 268 82 35 55
-0.0049733 5 25 10 10 268 82 35 55
-0.00496629 5 30 10 10 268 82 35 55
-0.00495648 5 35 10 10 268 82 35 55
-0.00497056 5 40 10 10 268 82 35 55
-0.00497202 5 45 10 10 268 82 35 55
-0.00496663 10 0 10 10 268 82 35 55
-0.00496459 10 5 10 10 268 82 35 55
-0.00495343 10 10 10 10 268 82 35 55
-0.00496922 10 15 10 10 268 82 35 55
-0.00497201 10 20 10 10 268 82 35 55
-0.00495984 10 25 10 10 268 82 35 55
-0.00497124 10 30 10 10 268 82 35 55
-0.00497241 10 35 10 10 268 82 35 55
-0.00497016 10 40 10 10 268 82 35 55
-0.00497175 10 45 10 10 268 82 35 55
-0.00495891 15 0 10 10 268 82 35 55
-0.00495625 15 5 10 10 268 82 35 55
-0.00496187 15 10 10 10 268 82 35 55
-0.00497194 15 15 10 10 268 82 35 55
-0.00497451 15 20 10 10 268 82 35 55
-0.00497236 15 25 10 10 268 82 35 55
-0.00497365 15 30 10 10 268 82 35 55
-0.00497319 15 35 10 10 268 82 35 55
-0.0049745 15 40 10 10 268 82 35 55
-0.0049745 15 45 10 10 268 82 35 55
-0.00495012 20 0 10 10 268 82 35 55
-0.00496232 20 5 10 10 268 82 35 55
-0.00497039 20 10 10 10 268 82 35 55
-0.00497193 20 15 10 10 268 82 35 55
-0.00497362 20 20 10 10 268 82 35 55
-0.00496419 20 25 10 10 268 82 35 55
-0.0049568 20 30 10 10 268 82 35 55
-0.00497188 20 35 10 10 268 82 35 55
-0.00496881 20 40 10 10 268 82 35 55
-0.00496978 20 45 10 10 268 82 35 55
-0.00497023 25 0 10 10 268 82 35 55
-0.00497276 25 5 10 10 268 82 35 55
-0.00497198 25 10 10 10 268 82 35 55
-0.00497101 25 15 10 10 268 82 35 55
-0.00496618 25 20 10 10 268 82 35 55
-0.0049675 25 25 10 10 268 82 35 55
-0.00301331 25 30 10 10 268 82 35 55
-0.0024232 25 35 10 10 268 82 35 55
-0.00496572 25 40 10 10 268 82 35 55
-0.00497145 25 45 10 10 268 82 35 55
-0.00281484 0 0 10 10 268 82 35 55
-0.00271068 0 5 10 10 268 82 35 55
-0.00160135 0 10 10 10 268 82 35 55
-0.00188504 0 15 10 10 268 82 35 55
-0.00494993 0 20 10 10 268 82 35 55
-0.00496966 0 25 10 10 268 82 35 55
-0.0049747 0 30 10 10 268 82 35 55
-0.00497452 0 35 10 10 268 82 35 55
-0.00497413 0 40 10 10 268 82 35 55
-0.00497446 0 45 10 10 268 82 35 55
-0.00382221 5 0 10 10 268 82 35 55
-0.00494935 5 5 10 10 268 82 35 55
-0.00495431 5 10 10 10 268 82 35 55
-0.00496405 5 15 10 10 268 82 35 55
-0.00496686 5 20 10 10 268 82 35 55
-0.00496812 5 25 10 10 268 82 35 55
-0.00497344 5 30 10 10 268 82 35 55
-0.00497458 5 35 10 10 268 82 35 55
-0.00497467 5 40 10 10 268 82 35 55
-0.0049709 5 45 10 10 268 82 35 55
-0.00496362 10 0 10 10 268 82 35 55
-0.00496217 10 5 10 10 268 82 35 55
-0.00495944 10 10 10 10 268 82 35 55
-0.00497265 10 15 10 10 268 82 35 55
-0.00497381 10 20 10 10 268 82 35 55
-0.00497311 10 25 10 10 268 82 35 55
-0.00496616 10 30 10 10 268 82 35 55
-0.00497292 10 35 10 10 268 82 35 55
-0.00497392 10 40 10 10 268 82 35 55
-0.00497018 10 45 10 10 268 82 35 55
-0.00495288 15 0 10 10 268 82 35 55
-0.00178843 15 5 10 10 268 82 35 55
-0.00495844 15 10 10 10 268 82 35 55
-0.00497453 15 15 10 10 268 82 35 55
-0.00497301 15 20 10 10 268 82 35 55
-0.00497498 15 25 10 10 268 82 35 55
-0.00497465 15 30 10 10 268 82 35 55
-0.0049578 15 35 10 10 268 82 35 55
-0.00495659 15 40 10 10 268 82 35 55
-0.00497254 15 45 10 10 268 82 35 55
-0.00497058 20 0 10 10 268 82 35 55
-0.00434687 20 5 10 10 268 82 35 55
-0.00496866 20 10 10 10 268 82 35 55
-0.00497327 20 15 10 10 268 82 35 55
-0.00497209 20 20 10 10 268 82 35 55
-0.00497226 20 25 10 10 268 82 35 55
-0.00497506 20 30 10 10 268 82 35 55
-0.00497068 20 35 10 10 268 82 35 55
-0.00402331 20 40 10 10 268 82 35 55
-0.00496725 20 45 10 10 268 82 35 55
-0.00497489 25 0 10 10 268 82 35 55
-0.00497302 25 5 10 10 268 82 35 55
-0.00497218 25 10 10 10 268 82 35 55
-0.00496808 25 15 10 10 268 82 35 55
-0.00495021 25 20 10 10 268 82 35 55
-0.00496275 25 25 10 10 268 82 35 55
-0.00497421 25 30 10 10 268 82 35 55
-0.00497197 25 35 10 10 268 82 35 55
-0.0049721 25 40 10 10 268 82 35 55
-0.00497376 25 45 10 10 268 82 35 55
-0.00497498 0 0 10 10 268 82 35 55
-0.00497459 0 5 10 10 268 82 35 55
-0.00497466 0 10 10 10 268 82 35 55
-0.00497306 0 15 10 10 268 82 35 55
-0.00496884 0 20 10 10 268 82 35 55
-0.00496564 0 25 10 10 268 82 35 55
-0.00497293 0 30 10 10 268 82 35 55
-0.00497422 0 35 10 10 268 82 35 55
-0.00497394 0 40 10 10 268 82 35 55
-0.00497236 0 45 10 10 268 82 35 55
-0.00497533 5 0 10 10 268 82 35 55
-0.00497502 5 5 10 10 268 82 35 55
-0.00497314 5 10 10 10 268 82 35 55
-0.00497315 5 15 10 10 268 82 35 55
-0.00497446 5 20 10 10 268 82 35 55
-0.00497459 5 25 10 10 268 82 35 55
-0.00497201 5 30 10 10 268 82 35 55
-0.00497328 5 35 10 10 268 82 35 55
-0.00497514 5 40 10 10 268 82 35 55
-0.00497265 5 45 10 10 268 82 35 55
-0.00497446 10 0 10 10 268 82 35 55
-0.00497024 10 5 10 10 268 82 35 55
-0.00497437 10 10 10 10 268 82 35 55
-0.00497479 10 15 10 10 268 82 35 55
-0.00497135 10 20 10 10 268 82 35 55
-0.00497409 10 25 10 10 268 82 35 55
-0.00497436 10 30 10 10 268 82 35 55
-0.00497331 10 35 10 10 268 82 35 55
-0.00497439 10 40 10 10 268 82 35 55
-0.00497423 10 45 10 10 268 82 35 55
-0.00454048 15 0 10 10 268 82 35 55
-0.00476827 15 5 10 10 268 82 35 55
-0.00496088 15 10 10 10 268 82 35 55
-0.00497301 15 15 10 10 268 82 35 55
-0.0049745 15 20 10 10 268 82 35 55
-0.00497275 15 25 10 10 268 82 35 55
-0.00497408 15 30 10 10 268 82 35 55
-0.00497352 15 35 10 10 268 82 35 55
-0.0049665 15 40 10 10 268 82 35 55
-0.00496402 15 45 10 10 268 82 35 55
-0.00497069 20 0 10 10 268 82 35 55
-0.00495849 20 5 10 10 268 82 35 55
-0.00497308 20 10 10 10 268 82 35 55
-0.00497208 20 15 10 10 268 82 35 55
-0.00496618 20 20 10 10 268 82 35 55
-0.00497056 20 25 10 10 268 82 35 55
-0.0049737 20 30 10 10 268 82 35 55
-0.0049717 20 35 10 10 268 82 35 55
-0.00497329 20 40 10 10 268 82 35 55
-0.00497412 20 45 10 10 268 82 35 55
-0.00497381 25 0 10 10 268 82 35 55
-0.00496837 25 5 10 10 268 82 35 55
-0.00497173 25 10 10 10 268 82 35 55
-0.00497367 25 15 10 10 268 82 35 55
-0.00497403 25 20 10 10 268 82 35 55
-0.0049724 25 25 10 10 268 82 35 55
-0.00497072 25 30 10 10 268 82 35 55
-0.00497345 25 35 10 10 268 82 35 55
-0.00497505 25 40 10 10 268 82 35 55
-0.00497445 25 45 10 10 268 82 35 55
-0.00497287 0 0 10 10 268 82 35 55
-0.00497499 0 5 10 10 268 82 35 55
-0.0049742 0 10 10 10 268 82 35 55
-0.00497474 0 15 10 10 268 82 35 55
-0.00496716 0 20 10 10 268 82 35 55
-0.00497291 0 25 10 10 268 82 35 55
-0.00497289 0 30 10 10 268 82 35 55
-0.00497316 0 35 10 10 268 82 35 55
-0.0049748 0 40 10 10 268 82 35 55
-0.00497483 0 45 10 10 268 82 35 55
-0.00497425 5 0 10 10 268 82 35 55
-0.00497513 5 5 10 10 268 82 35 55
-0.00497065 5 10 10 10 268 82 35 55
-0.00497434 5 15 10 10 268 82 35 55
-0.00497423 5 20 10 10 268 82 35 55
-0.00497035 5 25 10 10 268 82 35 55
-0.00497298 5 30 10 10 268 82 35 55
-0.00497509 5 35 10 10 268 82 35 55
-0.00497136 5 40 10 10 268 82 35 55
-0.00496256 5 45 10 10 268 82 35 55
-0.00497428 10 0 10 10 268 82 35 55
-0.00497147 10 5 10 10 268 82 35 55
-0.00496991 10 10 10 10 268 82 35 55
-0.00497196 10 15 10 10 268 82 35 55
-0.00497355 10 20 10 10 268 82 35 55
-0.00497459 10 25 10 10 268 82 35 55
-0.00497414 10 30 10 10 268 82 35 55
-0.00497451 10 35 10 10 268 82 35 55
-0.0049749 10 40 10 10 268 82 35 55
-0.00497507 10 45 10 10 268 82 35 55
-0.00497451 15 0 10 10 268 82 35 55
-0.0049716 15 5 10 10 268 82 35 55
-0.00497397 15 10 10 10 268 82 35 55
-0.00497299 15 15 10 10 268 82 35 55
-0.0049554 15 20 10 10 268 82 35 55
-0.0049705 15 25 10 10 268 82 35 55
-0.00497388 15 30 10 10 268 82 35 55
-0.00497492 15 35 10 10 268 82 35 55
-0.00497422 15 40 10 10 268 82 35 55
-0.00497111 15 45 10 10 268 82 35 55
-0.0049729 20 0 10 10 268 82 35 55
-0.00495958 20 5 10 10 268 82 35 55
-0.00497201 20 10 10 10 268 82 35 55
-0.00497464 20 15 10 10 268 82 35 55
-0.00497484 20 20 10 10 268 82 35 55
-0.0049733 20 25 10 10 268 82 35 55
-0.0049752 20 30 10 10 268 82 35 55
-0.00497424 20 35 10 10 268 82 35 55
-0.00496929 20 40 10 10 268 82 35 55
-0.00497274 20 45 10 10 268 82 35 55
-0.00497277 25 0 10 10 268 82 35 55
-0.00497055 25 5 10 10 268 82 35 55
-0.00495438 25 10 10 10 268 82 35 55
-0.00497268 25 15 10 10 268 82 35 55
-0.00497437 25 20 10 10 268 82 35 55
-0.00497042 25 25 10 10 268 82 35 55
-0.0049745 25 30 10 10 268 82 35 55
-0.00497229 25 35 10 10 268 82 35 55
-0.0049741 25 40 10 10 268 82 35 55
-0.00497506 25 45 10 10 268 82 35 55
-0.00497176 0 0 10 10 268 82 35 55
-0.00497325 0 5 10 10 268 82 35 55
-0.00497275 0 10 10 10 268 82 35 55
-0.00495634 0 15 10 10 268 82 35 55
-0.00496563 0 20 10 10 268 82 35 55
-0.00496463 0 25 10 10 268 82 35 55
-0.00497195 0 30 10 10 268 82 35 55
-0.00497133 0 35 10 10 268 82 35 55
-0.0049721 0 40 10 10 268 82 35 55
-0.00497419 0 45 10 10 268 82 35 55
-0.0049731 5 0 10 10 268 82 35 55
-0.00497423 5 5 10 10 268 82 35 55
-0.00497471 5 10 10 10 268 82 35 55
-0.00496377 5 15 10 10 268 82 35 55
-0.00496346 5 20 10 10 268 82 35 55
-0.00496294 5 25 10 10 268 82 35 55
-0.00496426 5 30 10 10 268 82 35 55
-0.00496718 5 35 10 10 268 82 35 55
-0.00496822 5 40 10 10 268 82 35 55
-0.00496787 5 45 10 10 268 82 35 55
-0.0049731 10 0 10 10 268 82 35 55
-0.00497416 10 5 10 10 268 82 35 55
-0.00497499 10 10 10 10 268 82 35 55
-0.00497346 10 15 10 10 268 82 35 55
-0.0049672 10 20 10 10 268 82 35 55
-0.0040642 10 25 10 10 268 82 35 55
-0.00496541 10 30 10 10 268 82 35 55
-0.00495537 10 35 10 10 268 82 35 55
-0.00497259 10 40 10 10 268 82 35 55
-0.00497059 10 45 10 10 268 82 35 55
-0.00497147 15 0 10 10 268 82 35 55
-0.00497235 15 5 10 10 268 82 35 55
-0.00496657 15 10 10 10 268 82 35 55
-0.00497393 15 15 10 10 268 82 35 55
-0.00497383 15 20 10 10 268 82 35 55
-0.00496726 15 25 10 10 268 82 35 55
-0.00497034 15 30 10 10 268 82 35 55
-0.00497004 15 35 10 10 268 82 35 55
-0.00497391 15 40 10 10 268 82 35 55
-0.00497118 15 45 10 10 268 82 35 55
-0.00496994 20 0 10 10 268 82 35 55
-0.00497475 20 5 10 10 268 82 35 55
-0.0049737 20 10 10 10 268 82 35 55
-0.00497469 20 15 10 10 268 82 35 55
-0.00497283 20 20 10 10 268 82 35 55
-0.00496754 20 25 10 10 268 82 35 55
-0.00496607 20 30 10 10 268 82 35 55
-0.00497313 20 35 10 10 268 82 35 55
-0.00497373 20 40 10 10 268 82 35 55
-0.00497003 20 45 10 10 268 82 35 55
-0.00497181 25 0 10 10 268 82 35 55
-0.00497469 25 5 10 10 268 82 35 55
-0.0049746 25 10 10 10 268 82 35 55
-0.00496588 25 15 10 10 268 82 35 55
-0.00496803 25 20 10 10 268 82 35 55
-0.00496846 25 25 10 10 268 82 35 55
-0.00496364 25 30 10 10 268 82 35 55
-0.0049662 25 35 10 10 268 82 35 55
-0.00497389 25 40 10 10 268 82 35 55
-0.00497463 25 45 10 10 268 82 35 55
-0.00497518 0 0 10 10 268 82 35 55
-0.00497273 0 5 10 10 268 82 35 55
-0.00497449 0 10 10 10 268 82 35 55
-0.00497459 0 15 10 10 268 82 35 55
-0.00497323 0 20 10 10 268 82 35 55
-0.00495772 0 25 10 10 268 82 35 55
-0.00497414 0 30 10 10 268 82 35 55
-0.00497479 0 35 10 10 268 82 35 55
-0.00497361 0 40 10 10 268 82 35 55
-0.00497381 0 45 10 10 268 82 35 55
-0.00497499 5 0 10 10 268 82 35 55
-0.00497382 5 5 10 10 268 82 35 55
-0.00497525 5 10 10 10 268 82 35 55
-0.00496976 5 15 10 10 268 82 35 55
-0.00496512 5 20 10 10 268 82 35 55
-0.00497086 5 25 10 10 268 82 35 55
-0.00497269 5 30 10 10 268 82 35 55
-0.0049751 5 35 10 10 268 82 35 55
-0.00497482 5 40 10 10 268 82 35 55
-0.00496999 5 45 10 10 268 82 35 55
-0.00497343 10 0 10 10 268 82 35 55
-0.00497215 10 5 10 10 268 82 35 55
-0.00497516 10 10 10 10 268 82 35 55
-0.00497088 10 15 10 10 268 82 35 55
-0.00496321 10 20 10 10 268 82 35 55
-0.00496989 10 25 10 10 268 82 35 55
-0.00497465 10 30 10 10 268 82 35 55
-0.00497422 10 35 10 10 268 82 35 55
-0.00497306 10 40 10 10 268 82 35 55
-0.00497353 10 45 10 10 268 82 35 55
-0.00497144 15 0 10 10 268 82 35 55
-0.00497411 15 5 10 10 268 82 35 55
-0.00497461 15 10 10 10 268 82 35 55
-0.00497263 15 15 10 10 268 82 35 55
-0.00496671 15 20 10 10 268 82 35 55
-0.00497339 15 25 10 10 268 82 35 55
-0.00497506 15 30 10 10 268 82 35 55
-0.00497355 15 35 10 10 268 82 35 55
-0.00497379 15 40 10 10 268 82 35 55
-0.00497505 15 45 10 10 268 82 35 55
-0.00497392 20 0 10 10 268 82 35 55
-0.00497518 20 5 10 10 268 82 35 55
-0.00497276 20 10 10 10 268 82 35 55
-0.00497096 20 15 10 10 268 82 35 55
-0.00495499 20 20 10 10 268 82 35 55
-0.00495339 20 25 10 10 268 82 35 55
-0.00496986 20 30 10 10 268 82 35 55
-0.00497308 20 35 10 10 268 82 35 55
-0.00497118 20 40 10 10 268 82 35 55
-0.0049673 20 45 10 10 268 82 35 55
-0.00497509 25 0 10 10 268 82 35 55
-0.00497441 25 5 10 10 268 82 35 55
-0.00496225 25 10 10 10 268 82 35 55
-0.00497052 25 15 10 10 268 82 35 55
-0.0049727 25 20 10 10 268 82 35 55
-0.00497344 25 25 10 10 268 82 35 55
-0.00495849 25 30 10 10 268 82 35 55
-0.00495897 25 35 10 10 268 82 35 55
-0.00497191 25 40 10 10 268 82 35 55
-0.00497306 25 45 10 10 268 82 35 55
-0.00497168 0 0 10 10 268 82 35 55
-0.00497017 0 5 10 10 268 82 35 55
-0.00497096 0 10 10 10 268 82 35 55
-0.00496849 0 15 10 10 268 82 35 55
-0.00496568 0 20 10 10 268 82 35 55
-0.00496984 0 25 10 10 268 82 35 55
-0.00497129 0 30 10 10 268 82 35 55
-0.00497421 0 35 10 10 268 82 35 55
-0.00497343 0 40 10 10 268 82 35 55
-0.00497075 0 45 10 10 268 82 35 55
-0.00497178 5 0 10 10 268 82 35 55
-0.00496635 5 5 10 10 268 82 35 55
-0.00496705 5 10 10 10 268 82 35 55
-0.00496995 5 15 10 10 268 82 35 55
-0.00496587 5 20 10 10 268 82 35 55
-0.00495634 5 25 10 10 268 82 35 55
-0.00497171 5 30 10 10 268 82 35 55
-0.00497503 5 35 10 10 268 82 35 55
-0.00497341 5 40 10 10 268 82 35 55
-0.00496748 5 45 10 10 268 82 35 55
-0.0049722 10 0 10 10 268 82 35 55
-0.0049664 10 5 10 10 268 82 35 55
-0.00496826 10 10 10 10 268 82 35 55
-0.00495571 10 15 10 10 268 82 35 55
-0.0049654 10 20 10 10 268 82 35 55
-0.00497429 10 25 10 10 268 82 35 55
-0.00497429 10 30 10 10 268 82 35 55
-0.00497386 10 35 10 10 268 82 35 55
-0.0049716 10 40 10 10 268 82 35 55
-0.00497239 10 45 10 10 268 82 35 55
-0.00497353 15 0 10 10 268 82 35 55
-0.00497512 15 5 10 10 268 82 35 55
-0.00497138 15 10 10 10 268 82 35 55
-0.00496834 15 15 10 10 268 82 35 55
-0.00497112 15 20 10 10 268 82 35 55
-0.00497428 15 25 10 10 268 82 35 55
-0.00497153 15 30 10 10 268 82 35 55
-0.0049728 15 35 10 10 268 82 35 55
-0.00497362 15 40 10 10 268 82 35 55
-0.00497272 15 45 10 10 268 82 35 55
-0.00497252 20 0 10 10 268 82 35 55
-0.00497502 20 5 10 10 268 82 35 55
-0.00497236 20 10 10 10 268 82 35 55
-0.00495871 20 15 10 10 268 82 35 55
-0.00496133 20 20 10 10 268 82 35 55
-0.00496701 20 25 10 10 268 82 35 55
-0.00497281 20 30 10 10 268 82 35 55
-0.00497298 20 35 10 10 268 82 35 55
-0.00497343 20 40 10 10 268 82 35 55
-0.00497528 20 45 10 10 268 82 35 55
-0.00497416 25 0 10 10 268 82 35 55
-0.00496895 25 5 10 10 268 82 35 55
-0.00497359 25 10 10 10 268 82 35 55
-0.00497125 25 15 10 10 268 82 35 55
-0.00497087 25 20 10 10 268 82 35 55
-0.00497025 25 25 10 10 268 82 35 55
-0.0049533 25 30 10 10 268 82 35 55
-0.00496816 25 35 10 10 268 82 35 55
-0.00496689 25 40 10 10 268 82 35 55
-0.00497519 25 45 10 10 268 82 35 55
-0.00497505 0 0 10 10 268 82 35 55
-0.00497392 0 5 10 10 268 82 35 55
-0.00497461 0 10 10 10 268 82 35 55
-0.00497431 0 15 10 10 268 82 35 55
-0.00497504 0 20 10 10 268 82 35 55
-0.00497159 0 25 10 10 268 82 35 55
-0.00497486 0 30 10 10 268 82 35 55
-0.00496982 0 35 10 10 268 82 35 55
-0.00496593 0 40 10 10 268 82 35 55
-0.00496383 0 45 10 10 268 82 35 55
-0.00497489 5 0 10 10 268 82 35 55
-0.00497481 5 5 10 10 268 82 35 55
-0.00497393 5 10 10 10 268 82 35 55
-0.00497517 5 15 10 10 268 82 35 55
-0.00497197 5 20 10 10 268 82 35 55
-0.0049747 5 25 10 10 268 82 35 55
-0.00497394 5 30 10 10 268 82 35 55
-0.00497161 5 35 10 10 268 82 35 55
-0.00497462 5 40 10 10 268 82 35 55
-0.00497311 5 45 10 10 268 82 35 55
-0.00497325 10 0 10 10 268 82 35 55
-0.00497218 10 5 10 10 268 82 35 55
-0.00497397 10 10 10 10 268 82 35 55
-0.00497263 10 15 10 10 268 82 35 55
-0.00497299 10 20 10 10 268 82 35 55
-0.00497517 10 25 10 10 268 82 35 55
-0.00497481 10 30 10 10 268 82 35 55
-0.0049718 10 35 10 10 268 82 35 55
-0.00497423 10 40 10 10 268 82 35 55
-0.00497453 10 45 10 10 268 82 35 55
-0.00497145 15 0 10 10 268 82 35 55
-0.00496919 15 5 10 10 268 82 35 55
-0.00497333 15 10 10 10 268 82 35 55
-0.00497375 15 15 10 10 268 82 35 55
-0.00497442 15 20 10 10 268 82 35 55
-0.00497267 15 25 10 10 268 82 35 55
-0.00497055 15 30 10 10 268 82 35 55
-0.00497087 15 35 10 10 268 82 35 55
-0.00497052 15 40 10 10 268 82 35 55
-0.00497443 15 45 10 10 268 82 35 55
-0.00497485 20 0 10 10 268 82 35 55
-0.00497213 20 5 10 10 268 82 35 55
-0.00497309 20 10 10 10 268 82 35 55
-0.00497385 20 15 10 10 268 82 35 55
-0.00497178 20 20 10 10 268 82 35 55
-0.00496937 20 25 10 10 268 82 35 55
-0.00496738 20 30 10 10 268 82 35 55
-0.00497382 20 35 10 10 268 82 35 55
-0.00497412 20 40 10 10 268 82 35 55
-0.00497487 20 45 10 10 268 82 35 55
-0.00497407 25 0 10 10 268 82 35 55
-0.00497122 25 5 10 10 268 82 35 55
-0.00497453 25 10 10 10 268 82 35 55
-0.0049749 25 15 10 10 268 82 35 55
-0.00497515 25 20 10 10 268 82 35 55
-0.00497328 25 25 10 10 268 82 35 55
-0.00497311 25 30 10 10 268 82 35 55
-0.00497501 25 35 10 10 268 82 35 55
-0.00497275 25 40 10 10 268 82 35 55
-0.00497515 25 45 10 10 268 82 35 55
-0.00260014 0 0 14 13 268 82 35 55
-0.00496833 0 6 14 13 268 82 35 55
-0.00497407 0 12 14 13 268 82 35 55
-0.0029625 0 18 14 13 268 82 35 55
-0.00496783 0 24 14 13 268 82 35 55
-0.00496562 0 30 14 13 268 82 35 55
-0.0044638 0 36 14 13 268 82 35 55
-0.00495535 7 0 14 13 268 82 35 55
-0.00497379 7 6 14 13 268 82 35 55
-0.00497504 7 12 14 13 268 82 35 55
-0.00497172 7 18 14 13 268 82 35 55
-0.00497401 7 24 14 13 268 82 35 55
-0.00497232 7 30 14 13 268 82 35 55
-0.00496963 7 36 14 13 268 82 35 55
-0.00496727 14 0 14 13 268 82 35 55
-0.00497421 14 6 14 13 268 82 35 55
-0.00497162 14 12 14 13 268 82 35 55
-0.00496842 14 18 14 13 268 82 35 55
-0.00497316 14 24 14 13 268 82 35 55
-0.00497145 14 30 14 13 268 82 35 55
-0.00496665 14 36 14 13 268 82 35 55
-0.00496633 21 0 14 13 268 82 35 55
-0.00497389 21 6 14 13 268 82 35 55
-0.00497087 21 12 14 13 268 82 35 55
-0.00394246 21 18 14 13 268 82 35 55
-0.00496636 21 24 14 13 268 82 35 55
-0.00497405 21 30 14 13 268 82 35 55
-0.00497427 21 36 14 13 268 82 35 55
-0.00496801 0 0 14 13 268 82 35 55
-0.00497099 0 6 14 13 268 82 35 55
-0.00497379 0 12 14 13 268 82 35 55
-0.00497356 0 18 14 13 268 82 35 55
-0.00496683 0 24 14 13 268 82 35 55
-0.00361333 0 30 14 13 268 82 35 55
-0.00497153 0 36 14 13 268 82 35 55
-0.00497225 7 0 14 13 268 82 35 55
-0.00497028 7 6 14 13 268 82 35 55
-0.0049701 7 12 14 13 268 82 35 55
-0.00495607 7 18 14 13 268 82 35 55
-0.00497253 7 24 14 13 268 82 35 55
-0.00497269 7 30 14 13 268 82 35 55
-0.00496925 7 36 14 13 268 82 35 55
-0.00496825 14 0 14 13 268 82 35 55
-0.00495724 14 6 14 13 268 82 35 55
-0.00497318 14 12 14 13 268 82 35 55
-0.00496725 14 18 14 13 268 82 35 55
-0.00497067 14 24 14 13 268 82 35 55
-0.00497189 14 30 14 13 268 82 35 55
-0.00497128 14 36 14 13 268 82 35 55
-0.00495433 21 0 14 13 268 82 35 55
-0.00496971 21 6 14 13 268 82 35 55
-0.00496739 21 12 14 13 268 82 35 55
-0.0049729 21 18 14 13 268 82 35 55
-0.00496796 21 24 14 13 268 82 35 55
-0.00398314 21 30 14 13 268 82 35 55
-0.00495061 21 36 14 13 268 82 35 55
-0.00217398 0 0 14 13 268 82 35 55
-0.00286514 0 6 14 13 268 82 35 55
-0.00484156 0 12 14 13 268 82 35 55
-0.00496936 0 18 14 13 268 82 35 55
-0.00497125 0 24 14 13 268 82 35 55
-0.00497287 0 30 14 13 268 82 35 55
-0.00497352 0 36 14 13 268 82 35 55
-0.00495022 7 0 14 13 268 82 35 55
-0.00461711 7 6 14 13 268 82 35 55
-0.00495986 7 12 14 13 268 82 35 55
-0.00497364 7 18 14 13 268 82 35 55
-0.00496638 7 24 14 13 268 82 35 55
-0.00496125 7 30 14 13 268 82 35 55
-0.0049549 7 36 14 13 268 82 35 55
-0.00157281 14 0 14 13 268 82 35 55
-0.00430732 14 6 14 13 268 82 35 55
-0.00496433 14 12 14 13 268 82 35 55
-0.00497393 14 18 14 13 268 82 35 55
-0.00496118 14 24 14 13 268 82 35 55
-0.00496866 14 30 14 13 268 82 35 55
-0.00497078 14 36 14 13 268 82 35 55
-0.00495381 21 0 14 13 268 82 35 55
-0.00496563 21 6 14 13 268 82 35 55
-0.00496827 21 12 14 13 268 82 35 55
-0.00497139 21 18 14 13 268 82 35 55
-0.00496526 21 24 14 13 268 82 35 55
-0.00496492 21 30 14 13 268 82 35 55
-0.00496663 21 36 14 13 268 82 35 55
-0.00162374 0 0 14 13 268 82 35 55
-0.00185261 0 6 14 13 268 82 35 55
-0.00211152 0 12 14 13 268 82 35 55
-0.00495278 0 18 14 13 268 82 35 55
-0.00496827 0 24 14 13 268 82 35 55
-0.00497474 0 30 14 13 268 82 35 55
-0.00497448 0 36 14 13 268 82 35 55
-0.00495746 7 0 14 13 268 82 35 55
-0.00495724 7 6 14 13 268 82 35 55
-0.00496927 7 12 14 13 268 82 35 55
-0.00497301 7 18 14 13 268 82 35 55
-0.00497062 7 24 14 13 268 82 35 55
-0.00495813 7 30 14 13 268 82 35 55
-0.00497198 7 36 14 13 268 82 35 55
-0.00496178 14 0 14 13 268 82 35 55
-0.00494895 14 6 14 13 268 82 35 55
-0.00497287 14 12 14 13 268 82 35 55
-0.00497274 14 18 14 13 268 82 35 55
-0.00497476 14 24 14 13 268 82 35 55
-0.00497324 14 30 14 13 268 82 35 55
-0.0017367 14 36 14 13 268 82 35 55
-0.00497236 21 0 14 13 268 82 35 55
-0.00496306 21 6 14 13 268 82 35 55
-0.0049716 21 12 14 13 268 82 35 55
-0.00496378 21 18 14 13 268 82 35 55
-0.00497068 21 24 14 13 268 82 35 55
-0.00497486 21 30 14 13 268 82 35 55
-0.00497063 21 36 14 13 268 82 35 55
-0.00497445 0 0 14 13 268 82 35 55
-0.00497356 0 6 14 13 268 82 35 55
-0.00496398 0 12 14 13 268 82 35 55
-0.00236101 0 18 14 13 268 82 35 55
-0.00496846 0 24 14 13 268 82 35 55
-0.00496347 0 30 14 13 268 82 35 55
-0.00497426 0 36 14 13 268 82 35 55
-0.00497385 7 0 14 13 268 82 35 55
-0.00497484 7 6 14 13 268 82 35 55
-0.00497508 7 12 14 13 268 82 35 55
-0.00497509 7 18 14 13 268 82 35 55
-0.00497454 7 24 14 13 268 82 35 55
-0.00497292 7 30 14 13 268 82 35 55
-0.00497326 7 36 14 13 268 82 35 55
-0.00339264 14 0 14 13 268 82 35 55
-0.00496966 14 6 14 13 268 82 35 55
-0.00497185 14 12 14 13 268 82 35 55
-0.00497342 14 18 14 13 268 82 35 55
-0.00497243 14 24 14 13 268 82 35 55
-0.00497297 14 30 14 13 268 82 35 55
-0.00497106 14 36 14 13 268 82 35 55
-0.00497076 21 0 14 13 268 82 35 55
-0.00496616 21 6 14 13 268 82 35 55
-0.00496692 21 12 14 13 268 82 35 55
-0.00496106 21 18 14 13 268 82 35 55
-0.00496882 21 24 14 13 268 82 35 55
-0.00496354 21 30 14 13 268 82 35 55
-0.00497253 21 36 14 13 268 82 35 55
-0.0049733 0 0 14 13 268 82 35 55
-0.00497504 0 6 14 13 268 82 35 55
-0.00497334 0 12 14 13 268 82 35 55
-0.00497095 0 18 14 13 268 82 35 55
-0.00496913 0 24 14 13 268 82 35 55
-0.0049716 0 30 14 13 268 82 35 55
-0.00497389 0 36 14 13 268 82 35 55
-0.00497334 7 0 14 13 268 82 35 55
-0.00497257 7 6 14 13 268 82 35 55
-0.00497431 7 12 14 13 268 82 35 55
-0.0049751 7 18 14 13 268 82 35 55
-0.00497432 7 24 14 13 268 82 35 55
-0.00497238 7 30 14 13 268 82 35 55
-0.00497328 7 36 14 13 268 82 35 55
-0.00497186 14 0 14 13 268 82 35 55
-0.00497249 14 6 14 13 268 82 35 55
-0.00497487 14 12 14 13 268 82 35 55
-0.0049735 14 18 14 13 268 82 35 55
-0.00497321 14 24 14 13 268 82 35 55
-0.00497469 14 30 14 13 268 82 35 55
-0.00497426 14 36 14 13 268 82 35 55
-0.00496926 21 0 14 13 268 82 35 55
-0.00390276 21 6 14 13 268 82 35 55
-0.00496965 21 12 14 13 268 82 35 55
-0.00497449 21 18 14 13 268 82 35 55
-0.00497285 21 24 14 13 268 82 35 55
-0.00497404 21 30 14 13 268 82 35 55
-0.0049717 21 36 14 13 268 82 35 55
-0.00496806 0 0 14 13 268 82 35 55
-0.0049747 0 6 14 13 268 82 35 55
-0.00496871 0 12 14 13 268 82 35 55
-0.00254241 0 18 14 13 268 82 35 55
-0.0036558 0 24 14 13 268 82 35 55
-0.00494996 0 30 14 13 268 82 35 55
-0.00496967 0 36 14 13 268 82 35 55
-0.00496603 7 0 14 13 268 82 35 55
-0.00497472 7 6 14 13 268 82 35 55
-0.00497288 7 12 14 13 268 82 35 55
-0.00496312 7 18 14 13 268 82 35 55
-0.00193467 7 24 14 13 268 82 35 55
-0.00311133 7 30 14 13 268 82 35 55
-0.00496627 7 36 14 13 268 82 35 55
-0.00496642 14 0 14 13 268 82 35 55
-0.00497402 14 6 14 13 268 82 35 55
-0.00497252 14 12 14 13 268 82 35 55
-0.0049718 14 18 14 13 268 82 35 55
-0.00496101 14 24 14 13 268 82 35 55
-0.00496415 14 30 14 13 268 82 35 55
-0.0049745 14 36 14 13 268 82 35 55
-0.00496998 21 0 14 13 268 82 35 55
-0.00497468 21 6 14 13 268 82 35 55
-0.00497478 21 12 14 13 268 82 35 55
-0.00496867 21 18 14 13 268 82 35 55
-0.0036981 21 24 14 13 268 82 35 55
-0.0049578 21 30 14 13 268 82 35 55
-0.00497433 21 36 14 13 268 82 35 55
-0.00497385 0 0 14 13 268 82 35 55
-0.00497274 0 6 14 13 268 82 35 55
-0.00497497 0 12 14 13 268 82 35 55
-0.00497028 0 18 14 13 268 82 35 55
-0.00495878 0 24 14 13 268 82 35 55
-0.00497368 0 30 14 13 268 82 35 55
-0.00497501 0 36 14 13 268 82 35 55
-0.00496729 7 0 14 13 268 82 35 55
-0.00497433 7 6 14 13 268 82 35 55
-0.0049744 7 12 14 13 268 82 35 55
-0.00276374 7 18 14 13 268 82 35 55
-0.00497261 7 24 14 13 268 82 35 55
-0.00497473 7 30 14 13 268 82 35 55
-0.00497389 7 36 14 13 268 82 35 55
-0.00497143 14 0 14 13 268 82 35 55
-0.00497489 14 6 14 13 268 82 35 55
-0.00497383 14 12 14 13 268 82 35 55
-0.00495124 14 18 14 13 268 82 35 55
-0.00497297 14 24 14 13 268 82 35 55
-0.00497428 14 30 14 13 268 82 35 55
-0.00497259 14 36 14 13 268 82 35 55
-0.00497466 21 0 14 13 268 82 35 55
-0.00497476 21 6 14 13 268 82 35 55
-0.00495534 21 12 14 13 268 82 35 55
-0.00315944 21 18 14 13 268 82 35 55
-0.0049574 21 24 14 13 268 82 35 55
-0.00469348 21 30 14 13 268 82 35 55
-0.00496555 21 36 14 13 268 82 35 55
-0.00497017 0 0 14 13 268 82 35 55
-0.00496498 0 6 14 13 268 82 35 55
-0.00496897 0 12 14 13 268 82 35 55
-0.0049569 0 18 14 13 268 82 35 55
-0.00410607 0 24 14 13 268 82 35 55
-0.00496893 0 30 14 13 268 82 35 55
-0.00497434 0 36 14 13 268 82 35 55
-0.00497135 7 0 14 13 268 82 35 55
-0.00496248 7 6 14 13 268 82 35 55
-0.0049598 7 12 14 13 268 82 35 55
-0.0049588 7 18 14 13 268 82 35 55
-0.00497401 7 24 14 13 268 82 35 55
-0.00497457 7 30 14 13 268 82 35 55
-0.00496992 7 36 14 13 268 82 35 55
-0.00497224 14 0 14 13 268 82 35 55
-0.00497397 14 6 14 13 268 82 35 55
-0.00496599 14 12 14 13 268 82 35 55
-0.00496471 14 18 14 13 268 82 35 55
-0.00497337 14 24 14 13 268 82 35 55
-0.00497066 14 30 14 13 268 82 35 55
-0.00497307 14 36 14 13 268 82 35 55
-0.0049729 21 0 14 13 268 82 35 55
-0.00497446 21 6 14 13 268 82 35 55
-0.00418789 21 12 14 13 268 82 35 55
-0.00465544 21 18 14 13 268 82 35 55
-0.00495557 21 24 14 13 268 82 35 55
-0.00496341 21 30 14 13 268 82 35 55
-0.00496428 21 36 14 13 268 82 35 55
-0.0049742 0 0 14 13 268 82 35 55
-0.00496275 0 6 14 13 268 82 35 55
-0.00497489 0 12 14 13 268 82 35 55
-0.00497359 0 18 14 13 268 82 35 55
-0.00497048 0 24 14 13 268 82 35 55
-0.00497082 0 30 14 13 268 82 35 55
-0.00497146 0 36 14 13 268 82 35 55
-0.00497387 7 0 14 13 268 82 35 55
-0.00497478 7 6 14 13 268 82 35 55
-0.00497459 7 12 14 13 268 82 35 55
-0.00496782 7 18 14 13 268 82 35 55
-0.00497376 7 24 14 13 268 82 35 55
-0.00497356 7 30 14 13 268 82 35 55
-0.00497313 7 36 14 13 268 82 35 55
-0.00496744 14 0 14 13 268 82 35 55
-0.00497184 14 6 14 13 268 82 35 55
-0.00497203 14 12 14 13 268 82 35 55
-0.00497342 14 18 14 13 268 82 35 55
-0.00497048 14 24 14 13 268 82 35 55
-0.00497045 14 30 14 13 268 82 35 55
-0.00497397 14 36 14 13 268 82 35 55
-0.0049727 21 0 14 13 268 82 35 55
-0.00495982 21 6 14 13 268 82 35 55
-0.00496237 21 12 14 13 268 82 35 55
-0.00497385 21 18 14 13 268 82 35 55
-0.00497107 21 24 14 13 268 82 35 55
-0.00497222 21 30 14 13 268 82 35 55
-0.00497505 21 36 14 13 268 82 35 55
-0.00442501 0 0 17 18 268 82 35 55
-0.00497293 0 9 17 18 268 82 35 55
-0.00330069 0 18 17 18 268 82 35 55
-0.00496332 0 27 17 18 268 82 35 55
-0.00496769 0 36 17 18 268 82 35 55
-0.0049678 8 0 17 18 268 82 35 55
-0.00497463 8 9 17 18 268 82 35 55
-0.00496753 8 18 17 18 268 82 35 55
-0.00497364 8 27 17 18 268 82 35 55
-0.00343751 8 36 17 18 268 82 35 55
-0.00496606 16 0 17 18 268 82 35 55
-0.00496721 16 9 17 18 268 82 35 55
-0.00496299 16 18 17 18 268 82 35 55
-0.00496778 16 27 17 18 268 82 35 55
-0.00496644 16 36 17 18 268 82 35 55
-0.00497078 0 0 17 18 268 82 35 55
-0.00497151 0 9 17 18 268 82 35 55
-0.00496934 0 18 17 18 268 82 35 55
-0.0049597 0 27 17 18 268 82 35 55
-0.00497244 0 36 17 18 268 82 35 55
-0.00497246 8 0 17 18 268 82 35 55
-0.00496253 8 9 17 18 268 82 35 55
-0.00320684 8 18 17 18 268 82 35 55
-0.00497152 8 27 17 18 268 82 35 55
-0.00496277 8 36 17 18 268 82 35 55
-0.0049636 16 0 17 18 268 82 35 55
-0.00495249 16 9 17 18 268 82 35 55
-0.00495418 16 18 17 18 268 82 35 55
-0.00495366 16 27 17 18 268 82 35 55
-0.00496176 16 36 17 18 268 82 35 55
-0.00248354 0 0 17 18 268 82 35 55
-0.00386287 0 9 17 18 268 82 35 55
-0.00496781 0 18 17 18 268 82 35 55
-0.00497186 0 27 17 18 268 82 35 55
-0.0049733 0 36 17 18 268 82 35 55
-0.00204592 8 0 17 18 268 82 35 55
-0.00495001 8 9 17 18 268 82 35 55
-0.0049711 8 18 17 18 268 82 35 55
-0.00495185 8 27 17 18 268 82 35 55
-0.00496895 8 36 17 18 268 82 35 55
-0.00457882 16 0 17 18 268 82 35 55
-0.00496351 16 9 17 18 268 82 35 55
-0.00497109 16 18 17 18 268 82 35 55
-0.00496864 16 27 17 18 268 82 35 55
-0.00496912 16 36 17 18 268 82 35 55
-0.00156252 0 0 17 18 268 82 35 55
-0.00291433 0 9 17 18 268 82 35 55
-0.00495579 0 18 17 18 268 82 35 55
-0.00497245 0 27 17 18 268 82 35 55
-0.00497377 0 36 17 18 268 82 35 55
-0.0037395 8 0 17 18 268 82 35 55
-0.00496773 8 9 17 18 268 82 35 55
-0.00497053 8 18 17 18 268 82 35 55
-0.00496514 8 27 17 18 268 82 35 55
-0.00496469 8 36 17 18 268 82 35 55
-0.00496572 16 0 17 18 268 82 35 55
-0.00497112 16 9 17 18 268 82 35 55
-0.00497075 16 18 17 18 268 82 35 55
-0.00497411 16 27 17 18 268 82 35 55
-0.00487775 16 36 17 18 268 82 35 55
-0.004972 0 0 17 18 268 82 35 55
-0.004963 0 9 17 18 268 82 35 55
-0.00223665 0 18 17 18 268 82 35 55
-0.0049543 0 27 17 18 268 82 35 55
-0.00497414 0 36 17 18 268 82 35 55
-0.00497393 8 0 17 18 268 82 35 55
-0.00497457 8 9 17 18 268 82 35 55
-0.00497357 8 18 17 18 268 82 35 55
-0.00496733 8 27 17 18 268 82 35 55
-0.00496497 8 36 17 18 268 82 35 55
-0.00496992 16 0 17 18 268 82 35 55
-0.00495932 16 9 17 18 268 82 35 55
-0.00495098 16 18 17 18 268 82 35 55
-0.00183226 16 27 17 18 268 82 35 55
-0.00495944 16 36 17 18 268 82 35 55
-0.00497323 0 0 17 18 268 82 35 55
-0.00496693 0 9 17 18 268 82 35 55
-0.00450228 0 18 17 18 268 82 35 55
-0.0049676 0 27 17 18 268 82 35 55
-0.00497285 0 36 17 18 268 82 35 55
-0.00497209 8 0 17 18 268 82 35 55
-0.00497358 8 9 17 18 268 82 35 55
-0.00497387 8 18 17 18 268 82 35 55
-0.00496168 8 27 17 18 268 82 35 55
-0.00497103 8 36 17 18 268 82 35 55
-0.00496853 16 0 17 18 268 82 35 55
-0.00496674 16 9 17 18 268 82 35 55
-0.00497398 16 18 17 18 268 82 35 55
-0.00497352 16 27 17 18 268 82 35 55
-0.00496376 16 36 17 18 268 82 35 55
-0.00496091 0 0 17 18 268 82 35 55
-0.00497391 0 9 17 18 268 82 35 55
-0.00154408 0 18 17 18 268 82 35 55
-0.00480515 0 27 17 18 268 82 35 55
-0.00495966 0 36 17 18 268 82 35 55
-0.00496542 8 0 17 18 268 82 35 55
-0.00497459 8 9 17 18 268 82 35 55
-0.0049598 8 18 17 18 268 82 35 55
-0.0022971 8 27 17 18 268 82 35 55
-0.00497004 8 36 17 18 268 82 35 55
-0.00496443 16 0 17 18 268 82 35 55
-0.00497332 16 9 17 18 268 82 35 55
-0.00497024 16 18 17 18 268 82 35 55
-0.00414729 16 27 17 18 268 82 35 55
-0.00497188 16 36 17 18 268 82 35 55
-0.00496946 0 0 17 18 268 82 35 55
-0.00497513 0 9 17 18 268 82 35 55
-0.00495851 0 18 17 18 268 82 35 55
-0.0049748 0 27 17 18 268 82 35 55
-0.00497264 0 36 17 18 268 82 35 55
-0.00497111 8 0 17 18 268 82 35 55
-0.0049751 8 9 17 18 268 82 35 55
-0.00495407 8 18 17 18 268 82 35 55
-0.00497404 8 27 17 18 268 82 35 55
-0.00497152 8 36 17 18 268 82 35 55
-0.00497425 16 0 17 18 268 82 35 55
-0.00497076 16 9 17 18 268 82 35 55
-0.00495475 16 18 17 18 268 82 35 55
-0.00497179 16 27 17 18 268 82 35 55
-0.0049736 16 36 17 18 268 82 35 55
-0.00496923 0 0 17 18 268 82 35 55
-0.00496483 0 9 17 18 268 82 35 55
-0.00496446 0 18 17 18 268 82 35 55
-0.00497424 0 27 17 18 268 82 35 55
-0.00497357 0 36 17 18 268 82 35 55
-0.00496454 8 0 17 18 268 82 35 55
-0.00495084 8 9 17 18 268 82 35 55
-0.00495064 8 18 17 18 268 82 35 55
-0.00497333 8 27 17 18 268 82 35 55
-0.00496827 8 36 17 18 268 82 35 55
-0.00497346 16 0 17 18 268 82 35 55
-0.0049653 16 9 17 18 268 82 35 55
-0.00496876 16 18 17 18 268 82 35 55
-0.00496751 16 27 17 18 268 82 35 55
-0.00497436 16 36 17 18 268 82 35 55
-0.00495738 0 0 17 18 268 82 35 55
-0.00495725 0 9 17 18 268 82 35 55
-0.004731 0 18 17 18 268 82 35 55
-0.00496987 0 27 17 18 268 82 35 55
-0.00496105 0 36 17 18 268 82 35 55
-0.00497171 8 0 17 18 268 82 35 55
-0.00496855 8 9 17 18 268 82 35 55
-0.00497328 8 18 17 18 268 82 35 55
-0.00496816 8 27 17 18 268 82 35 55
-0.00496847 8 36 17 18 268 82 35 55
-0.00496188 16 0 17 18 268 82 35 55
-0.00496692 16 9 17 18 268 82 35 55
-0.00496889 16 18 17 18 268 82 35 55
-0.00495002 16 27 17 18 268 82 35 55
-0.00497315 16 36 17 18 268 82 35 55
-0.0049638 0 0 35 27 268 82 35 55
-0.00495777 0 13 35 27 268 82 35 55
-0.0049583 0 26 35 27 268 82 35 55
-0.00497257 0 0 35 27 268 82 35 55
-0.00496224 0 13 35 27 268 82 35 55
-0.00496766 0 26 35 27 268 82 35 55
-0.0049558 0 0 35 27 268 82 35 55
-0.00496899 0 13 35 27 268 82 35 55
-0.004966 0 26 35 27 268 82 35 55
-0.00422799 0 0 35 27 268 82 35 55
-0.00496057 0 13 35 27 268 82 35 55
-0.00325344 0 26 35 27 268 82 35 55
-0.00495448 0 0 35 27 268 82 35 55
-0.0043861 0 13 35 27 268 82 35 55
-0.00495412 0 26 35 27 268 82 35 55
-0.00495218 0 0 35 27 268 82 35 55
-0.00198255 0 13 35 27 268 82 35 55
-0.00306271 0 26 35 27 268 82 35 55
-0.00496678 0 0 35 27 268 82 35 55
-0.0049617 0 13 35 27 268 82 35 55
-0.00496078 0 26 35 27 268 82 35 55
-0.00497341 0 0 35 27 268 82 35 55
-0.00495618 0 13 35 27 268 82 35 55
-0.00497274 0 26 35 27 268 82 35 55
-0.00265607 0 0 35 27 268 82 35 55
-0.00378124 0 13 35 27 268 82 35 55
-0.00497207 0 26 35 27 268 82 35 55
-0.00496606 0 0 35 27 268 82 35 55
-0.0049547 0 13 35 27 268 82 35 55
-0.00491361 0 26 35 27 268 82 35 55
-0.00352612 0 0 35 55 268 82 35 55
-0.00496376 0 0 35 55 268 82 35 55
-0.00496305 0 0 35 55 268 82 35 55
-0.00953421 0 0 35 55 268 82 35 55
-0.00426787 0 0 35 55 268 82 35 55
-0.00348174 0 0 35 55 268 82 35 55
-0.00496525 0 0 35 55 268 82 35 55
-0.00496975 0 0 35 55 268 82 35 55
-0.00496698 0 0 35 55 268 82 35 55
-0.00334705 0 0 35 55 268 82 35 55
