-0.0050508 0 0 9 10 330 162 38 50
-0.00505648 0 5 9 10 330 162 38 50
-0.00506537 0 10 9 10 330 162 38 50
-0.00506768 0 15 9 10 330 162 38 50
-0.00506673 0 20 9 10 330 162 38 50
-0.00505446 0 25 9 10 330 162 38 50
-0.00506618 0 30 9 10 330 162 38 50
-0.00506633 0 35 9 10 330 162 38 50
-0.00506289 0 40 9 10 330 162 38 50
-0.00503647 4 0 9 10 330 162 38 50
-0.00506559 4 5 9 10 330 162 38 50
-0.0050673 4 10 9 10 330 162 38 50
-0.00506262 4 15 9 10 330 162 38 50
-0.00504687 4 20 9 10 330 162 38 50
-0.00506216 4 25 9 10 330 162 38 50
-0.00506464 4 30 9 10 330 162 38 50
-0.00506204 4 35 9 10 330 162 38 50
-0.00506231 4 40 9 10 330 162 38 50
-0.00505529 8 0 9 10 330 162 38 50
-0.00506697 8 5 9 10 330 162 38 50
-0.00506534 8 10 9 10 330 162 38 50
-0.00506405 8 15 9 10 330 162 38 50
-0.00506602 8 20 9 10 330 162 38 50
-0.00506062 8 25 9 10 330 162 38 50
-0.0050398 8 30 9 10 330 162 38 50
-0.00506403 8 35 9 10 330 162 38 50
-0.00506039 8 40 9 10 330 162 38 50
-0.0050682 12 0 9 10 330 162 38 50
-0.00506752 12 5 9 10 330 162 38 50
-0.00506451 12 10 9 10 330 162 38 50
-0.00506539 12 15 9 10 330 162 38 50
-0.00506206 12 20 9 10 330 162 38 50
-0.00506425 12 25 9 10 330 162 38 50
-0.00506027 12 30 9 10 330 162 38 50
-0.00506628 12 35 9 10 330 162 38 50
-0.00505222 12 40 9 10 330 162 38 50
-0.00506725 16 0 9 10 330 162 38 50
-0.00506079 16 5 9 10 330 162 38 50
-0.00506764 16 10 9 10 330 162 38 50
-0.00505585 16 15 9 10 330 162 38 50
-0.0050519 16 20 9 10 330 162 38 50
-0.0050635 16 25 9 10 330 162 38 50
-0.00506047 16 30 9 10 330 162 38 50
-0.00506047 16 35 9 10 330 162 38 50
-0.00504316 16 40 9 10 330 162 38 50
-0.00506252 20 0 9 10 330 162 38 50
-0.00506749 20 5 9 10 330 162 38 50
-0.00506631 20 10 9 10 330 162 38 50
-0.00505784 20 15 9 10 330 162 38 50
-0.00506537 20 20 9 10 330 162 38 50
-0.00506541 20 25 9 10 330 162 38 50
-0.00506215 20 30 9 10 330 162 38 50
-0.00505852 20 35 9 10 330 162 38 50
-0.00506212 20 40 9 10 330 162 38 50
-0.00506543 24 0 9 10 330 162 38 50
-0.0050675 24 5 9 10 330 162 38 50
-0.00506563 24 10 9 10 330 162 38 50
-0.00506782 24 15 9 10 330 162 38 50
-0.00506781 24 20 9 10 330 162 38 50
-0.00506786 24 25 9 10 330 162 38 50
-0.00506742 24 30 9 10 330 162 38 50
-0.00506714 24 35 9 10 330 162 38 50
-0.00506086 24 40 9 10 330 162 38 50
-0.00504464 0 0 9 10 330 162 38 50
-0.00324047 0 5 9 10 330 162 38 50
-0.00505055 0 10 9 10 330 162 38 50
-0.00506542 0 15 9 10 330 162 38 50
-0.00506446 0 20 9 10 330 162 38 50
-0.00504402 0 25 9 10 330 162 38 50
-0.00505829 0 30 9 10 330 162 38 50
-0.00506607 0 35 9 10 330 162 38 50
-0.00506801 0 40 9 10 330 162 38 50
-0.00506117 4 0 9 10 330 162 38 50
-0.00505646 4 5 9 10 330 162 38 50
-0.0050655 4 10 9 10 330 162 38 50
-0.00506416 4 15 9 10 330 162 38 50
-0.00504796 4 20 9 10 330 162 38 50
-0.00505594 4 25 9 10 330 162 38 50
-0.00506288 4 30 9 10 330 162 38 50
-0.00506758 4 35 9 10 330 162 38 50
-0.00506566 4 40 9 10 330 162 38 50
-0.00506189 8 0 9 10 330 162 38 50
-0.00505765 8 5 9 10 330 162 38 50
-0.00506689 8 10 9 10 330 162 38 50
-0.00506011 8 15 9 10 330 162 38 50
-0.00296016 8 20 9 10 330 162 38 50
-0.0050376 8 25 9 10 330 162 38 50
-0.00506503 8 30 9 10 330 162 38 50
-0.00506821 8 35 9 10 330 162 38 50
-0.00505038 8 40 9 10 330 162 38 50
-0.00506268 12 0 9 10 330 162 38 50
-0.00506527 12 5 9 10 330 162 38 50
-0.0050647 12 10 9 10 330 162 38 50
-0.00506321 12 15 9 10 330 162 38 50
-0.00505162 12 20 9 10 330 162 38 50
-0.0050549 12 25 9 10 330 162 38 50
-0.00506501 12 30 9 10 330 162 38 50
-0.0050682 12 35 9 10 330 162 38 50
-0.00505389 12 40 9 10 330 162 38 50
-0.00505924 16 0 9 10 330 162 38 50
-0.00506776 16 5 9 10 330 162 38 50
-0.00506702 16 10 9 10 330 162 38 50
-0.00506614 16 15 9 10 330 162 38 50
-0.00506035 16 20 9 10 330 162 38 50
-0.00506132 16 25 9 10 330 162 38 50
-0.00505905 16 30 9 10 330 162 38 50
-0.00506713 16 35 9 10 330 162 38 50
-0.00506217 16 40 9 10 330 162 38 50
-0.00506813 20 0 9 10 330 162 38 50
-0.00506777 20 5 9 10 330 162 38 50
-0.00506699 20 10 9 10 330 162 38 50
-0.00506785 20 15 9 10 330 162 38 50
-0.00504612 20 20 9 10 330 162 38 50
-0.00500565 20 25 9 10 330 162 38 50
-0.00340996 20 30 9 10 330 162 38 50
-0.00505867 20 35 9 10 330 162 38 50
-0.00506392 20 40 9 10 330 162 38 50
-0.00506813 24 0 9 10 330 162 38 50
-0.00506474 24 5 9 10 330 162 38 50
-0.00506174 24 10 9 10 330 162 38 50
-0.00506796 24 15 9 10 330 162 38 50
-0.00506771 24 20 9 10 330 162 38 50
-0.00506774 24 25 9 10 330 162 38 50
-0.00506677 24 30 9 10 330 162 38 50
-0.00505926 24 35 9 10 330 162 38 50
-0.00505421 24 40 9 10 330 162 38 50
-0.00506251 0 0 9 10 330 162 38 50
-0.00505938 0 5 9 10 330 162 38 50
-0.00506382 0 10 9 10 330 162 38 50
-0.00506527 0 15 9 10 330 162 38 50
-0.00506221 0 20 9 10 330 162 38 50
-0.00505853 0 25 9 10 330 162 38 50
-0.00506808 0 30 9 10 330 162 38 50
-0.00506675 0 35 9 10 330 162 38 50
-0.00504278 0 40 9 10 330 162 38 50
-0.00505687 4 0 9 10 330 162 38 50
-0.00506608 4 5 9 10 330 162 38 50
-0.00506715 4 10 9 10 330 162 38 50
-0.00506564 4 15 9 10 330 162 38 50
-0.00506718 4 20 9 10 330 162 38 50
-0.0050388 4 25 9 10 330 162 38 50
-0.00506733 4 30 9 10 330 162 38 50
-0.00506727 4 35 9 10 330 162 38 50
-0.00506005 4 40 9 10 330 162 38 50
-0.00505389 8 0 9 10 330 162 38 50
-0.0050632 8 5 9 10 330 162 38 50
-0.00506325 8 10 9 10 330 162 38 50
-0.00505772 8 15 9 10 330 162 38 50
-0.00506593 8 20 9 10 330 162 38 50
-0.0050642 8 25 9 10 330 162 38 50
-0.0050672 8 30 9 10 330 162 38 50
-0.00506577 8 35 9 10 330 162 38 50
-0.00506243 8 40 9 10 330 162 38 50
-0.00506533 12 0 9 10 330 162 38 50
-0.0050631 12 5 9 10 330 162 38 50
-0.00503675 12 10 9 10 330 162 38 50
-0.00505846 12 15 9 10 330 162 38 50
-0.00494745 12 20 9 10 330 162 38 50
-0.00505244 12 25 9 10 330 162 38 50
-0.00506466 12 30 9 10 330 162 38 50
-0.00506116 12 35 9 10 330 162 38 50
-0.00506509 12 40 9 10 330 162 38 50
-0.0050642 16 0 9 10 330 162 38 50
-0.00506416 16 5 9 10 330 162 38 50
-0.00505485 16 10 9 10 330 162 38 50
-0.00505836 16 15 9 10 330 162 38 50
-0.00505281 16 20 9 10 330 162 38 50
-0.00505473 16 25 9 10 330 162 38 50
-0.00506073 16 30 9 10 330 162 38 50
-0.00506629 16 35 9 10 330 162 38 50
-0.00506718 16 40 9 10 330 162 38 50
-0.00505131 20 0 9 10 330 162 38 50
-0.00506383 20 5 9 10 330 162 38 50
-0.00506361 20 10 9 10 330 162 38 50
-0.00505358 20 15 9 10 330 162 38 50
-0.00505536 20 20 9 10 330 162 38 50
-0.00467653 20 25 9 10 330 162 38 50
-0.00503535 20 30 9 10 330 162 38 50
-0.00506404 20 35 9 10 330 162 38 50
-0.00506569 20 40 9 10 330 162 38 50
-0.00297141 24 0 9 10 330 162 38 50
-0.00505591 24 5 9 10 330 162 38 50
-0.0050628 24 10 9 10 330 162 38 50
-0.00506228 24 15 9 10 330 162 38 50
-0.00506251 24 20 9 10 330 162 38 50
-0.00506279 24 25 9 10 330 162 38 50
-0.00506009 24 30 9 10 330 162 38 50
-0.00505287 24 35 9 10 330 162 38 50
-0.00445621 24 40 9 10 330 162 38 50
-0.00506363 0 0 9 10 330 162 38 50
-0.0043942 0 5 9 10 330 162 38 50
-0.00505314 0 10 9 10 330 162 38 50
-0.00506676 0 15 9 10 330 162 38 50
-0.00506726 0 20 9 10 330 162 38 50
-0.00506429 0 25 9 10 330 162 38 50
-0.00506462 0 30 9 10 330 162 38 50
-0.00506506 0 35 9 10 330 162 38 50
-0.00504898 0 40 9 10 330 162 38 50
-0.00506625 4 0 9 10 330 162 38 50
-0.0050675 4 5 9 10 330 162 38 50
-0.00506839 4 10 9 10 330 162 38 50
-0.00506778 4 15 9 10 330 162 38 50
-0.00506571 4 20 9 10 330 162 38 50
-0.00506644 4 25 9 10 330 162 38 50
-0.00506482 4 30 9 10 330 162 38 50
-0.00506516 4 35 9 10 330 162 38 50
-0.00505654 4 40 9 10 330 162 38 50
-0.00506158 8 0 9 10 330 162 38 50
-0.00506681 8 5 9 10 330 162 38 50
-0.00506669 8 10 9 10 330 162 38 50
-0.00506061 8 15 9 10 330 162 38 50
-0.00461366 8 20 9 10 330 162 38 50
-0.00506078 8 25 9 10 330 162 38 50
-0.00506482 8 30 9 10 330 162 38 50
-0.00506072 8 35 9 10 330 162 38 50
-0.00506446 8 40 9 10 330 162 38 50
-0.00506779 12 0 9 10 330 162 38 50
-0.00506573 12 5 9 10 330 162 38 50
-0.0050567 12 10 9 10 330 162 38 50
-0.0327562 12 15 9 10 330 162 38 50
-0.00504901 12 20 9 10 330 162 38 50
-0.00410326 12 25 9 10 330 162 38 50
-0.00503947 12 30 9 10 330 162 38 50
-0.00458156 12 35 9 10 330 162 38 50
-0.00506616 12 40 9 10 330 162 38 50
-0.00506811 16 0 9 10 330 162 38 50
-0.0050659 16 5 9 10 330 162 38 50
-0.00503889 16 10 9 10 330 162 38 50
-0.00505163 16 15 9 10 330 162 38 50
-0.00506247 16 20 9 10 330 162 38 50
-0.00506509 16 25 9 10 330 162 38 50
-0.00506483 16 30 9 10 330 162 38 50
-0.00506265 16 35 9 10 330 162 38 50
-0.00506712 16 40 9 10 330 162 38 50
-0.00506778 20 0 9 10 330 162 38 50
-0.00506568 20 5 9 10 330 162 38 50
-0.00505108 20 10 9 10 330 162 38 50
-0.00506109 20 15 9 10 330 162 38 50
-0.00506731 20 20 9 10 330 162 38 50
-0.00506728 20 25 9 10 330 162 38 50
-0.00506752 20 30 9 10 330 162 38 50
-0.00506766 20 35 9 10 330 162 38 50
-0.0050675 20 40 9 10 330 162 38 50
-0.00506576 24 0 9 10 330 162 38 50
-0.00506549 24 5 9 10 330 162 38 50
-0.00505245 24 10 9 10 330 162 38 50
-0.00506026 24 15 9 10 330 162 38 50
-0.00506669 24 20 9 10 330 162 38 50
-0.0050681 24 25 9 10 330 162 38 50
-0.00506739 24 30 9 10 330 162 38 50
-0.00505642 24 35 9 10 330 162 38 50
-0.00504683 24 40 9 10 330 162 38 50
-0.00337449 0 0 9 10 330 162 38 50
-0.00504051 0 5 9 10 330 162 38 50
-0.00506547 0 10 9 10 330 162 38 50
-0.00506766 0 15 9 10 330 162 38 50
-0.00506543 0 20 9 10 330 162 38 50
-0.00506251 0 25 9 10 330 162 38 50
-0.00506472 0 30 9 10 330 162 38 50
-0.00506716 0 35 9 10 330 162 38 50
-0.00506766 0 40 9 10 330 162 38 50
-0.00505178 4 0 9 10 330 162 38 50
-0.00506013 4 5 9 10 330 162 38 50
-0.00506712 4 10 9 10 330 162 38 50
-0.00506517 4 15 9 10 330 162 38 50
-0.00505539 4 20 9 10 330 162 38 50
-0.00506696 4 25 9 10 330 162 38 50
-0.00506794 4 30 9 10 330 162 38 50
-0.00506785 4 35 9 10 330 162 38 50
-0.00506781 4 40 9 10 330 162 38 50
-0.00506241 8 0 9 10 330 162 38 50
-0.00506459 8 5 9 10 330 162 38 50
-0.00506491 8 10 9 10 330 162 38 50
-0.00506704 8 15 9 10 330 162 38 50
-0.00506785 8 20 9 10 330 162 38 50
-0.00506762 8 25 9 10 330 162 38 50
-0.0050593 8 30 9 10 330 162 38 50
-0.00506363 8 35 9 10 330 162 38 50
-0.00504367 8 40 9 10 330 162 38 50
-0.00506475 12 0 9 10 330 162 38 50
-0.00506708 12 5 9 10 330 162 38 50
-0.0050644 12 10 9 10 330 162 38 50
-0.00506801 12 15 9 10 330 162 38 50
-0.00506731 12 20 9 10 330 162 38 50
-0.00506759 12 25 9 10 330 162 38 50
-0.00506645 12 30 9 10 330 162 38 50
-0.00506762 12 35 9 10 330 162 38 50
-0.0050496 12 40 9 10 330 162 38 50
-0.00506612 16 0 9 10 330 162 38 50
-0.00506599 16 5 9 10 330 162 38 50
-0.0050632 16 10 9 10 330 162 38 50
-0.00506764 16 15 9 10 330 162 38 50
-0.0050567 16 20 9 10 330 162 38 50
-0.00506658 16 25 9 10 330 162 38 50
-0.00504295 16 30 9 10 330 162 38 50
-0.00506629 16 35 9 10 330 162 38 50
-0.00506376 16 40 9 10 330 162 38 50
-0.00506115 20 0 9 10 330 162 38 50
-0.00506543 20 5 9 10 330 162 38 50
-0.00506516 20 10 9 10 330 162 38 50
-0.0050651 20 15 9 10 330 162 38 50
-0.00506807 20 20 9 10 330 162 38 50
-0.00506791 20 25 9 10 330 162 38 50
-0.00506074 20 30 9 10 330 162 38 50
-0.00506381 20 35 9 10 330 162 38 50
-0.00506208 20 40 9 10 330 162 38 50
-0.00504086 24 0 9 10 330 162 38 50
-0.00504914 24 5 9 10 330 162 38 50
-0.00506447 24 10 9 10 330 162 38 50
-0.00506824 24 15 9 10 330 162 38 50
-0.00506763 24 20 9 10 330 162 38 50
-0.00506712 24 25 9 10 330 162 38 50
-0.00506795 24 30 9 10 330 162 38 50
-0.00506471 24 35 9 10 330 162 38 50
-0.00505835 24 40 9 10 330 162 38 50
-0.00505165 0 0 9 10 330 162 38 50
-0.00504484 0 5 9 10 330 162 38 50
-0.00506727 0 10 9 10 330 162 38 50
-0.00506849 0 15 9 10 330 162 38 50
-0.00506624 0 20 9 10 330 162 38 50
-0.00497668 0 25 9 10 330 162 38 50
-0.00506477 0 30 9 10 330 162 38 50
-0.00506707 0 35 9 10 330 162 38 50
-0.00506618 0 40 9 10 330 162 38 50
-0.00503447 4 0 9 10 330 162 38 50
-0.00505906 4 5 9 10 330 162 38 50
-0.00506781 4 10 9 10 330 162 38 50
-0.00506423 4 15 9 10 330 162 38 50
-0.00506148 4 20 9 10 330 162 38 50
-0.00506672 4 25 9 10 330 162 38 50
-0.00506734 4 30 9 10 330 162 38 50
-0.00506706 4 35 9 10 330 162 38 50
-0.00506757 4 40 9 10 330 162 38 50
-0.00504656 8 0 9 10 330 162 38 50
-0.0050637 8 5 9 10 330 162 38 50
-0.0050669 8 10 9 10 330 162 38 50
-0.00506775 8 15 9 10 330 162 38 50
-0.00506828 8 20 9 10 330 162 38 50
-0.00506711 8 25 9 10 330 162 38 50
-0.00505921 8 30 9 10 330 162 38 50
-0.00506742 8 35 9 10 330 162 38 50
-0.00506574 8 40 9 10 330 162 38 50
-0.00506828 12 0 9 10 330 162 38 50
-0.00506826 12 5 9 10 330 162 38 50
-0.00506742 12 10 9 10 330 162 38 50
-0.00506729 12 15 9 10 330 162 38 50
-0.005062 12 20 9 10 330 162 38 50
-0.00506534 12 25 9 10 330 162 38 50
-0.00505427 12 30 9 10 330 162 38 50
-0.00506808 12 35 9 10 330 162 38 50
-0.00506461 12 40 9 10 330 162 38 50
-0.00506765 16 0 9 10 330 162 38 50
-0.00506306 16 5 9 10 330 162 38 50
-0.00506815 16 10 9 10 330 162 38 50
-0.00505973 16 15 9 10 330 162 38 50
-0.0050562 16 20 9 10 330 162 38 50
-0.00506522 16 25 9 10 330 162 38 50
-0.00506396 16 30 9 10 330 162 38 50
-0.00506646 16 35 9 10 330 162 38 50
-0.00506718 16 40 9 10 330 162 38 50
-0.00506675 20 0 9 10 330 162 38 50
-0.00506562 20 5 9 10 330 162 38 50
-0.00506809 20 10 9 10 330 162 38 50
-0.00506718 20 15 9 10 330 162 38 50
-0.00506777 20 20 9 10 330 162 38 50
-0.00506677 20 25 9 10 330 162 38 50
-0.00505897 20 30 9 10 330 162 38 50
-0.00506247 20 35 9 10 330 162 38 50
-0.00506004 20 40 9 10 330 162 38 50
-0.00506755 24 0 9 10 330 162 38 50
-0.00506824 24 5 9 10 330 162 38 50
-0.0050671 24 10 9 10 330 162 38 50
-0.00506746 24 15 9 10 330 162 38 50
-0.00506676 24 20 9 10 330 162 38 50
-0.0050664 24 25 9 10 330 162 38 50
-0.00506707 24 30 9 10 330 162 38 50
-0.00506591 24 35 9 10 330 162 38 50
-0.00506354 24 40 9 10 330 162 38 50
-0.00397605 0 0 9 10 330 162 38 50
-0.00505275 0 5 9 10 330 162 38 50
-0.00505212 0 10 9 10 330 162 38 50
-0.00506032 0 15 9 10 330 162 38 50
-0.00506377 0 20 9 10 330 162 38 50
-0.00506024 0 25 9 10 330 162 38 50
-0.00506507 0 30 9 10 330 162 38 50
-0.0050624 0 35 9 10 330 162 38 50
-0.00506759 0 40 9 10 330 162 38 50
-0.00505892 4 0 9 10 330 162 38 50
-0.00416776 4 5 9 10 330 162 38 50
-0.00503449 4 10 9 10 330 162 38 50
-0.0050604 4 15 9 10 330 162 38 50
-0.00506309 4 20 9 10 330 162 38 50
-0.00506392 4 25 9 10 330 162 38 50
-0.00506649 4 30 9 10 330 162 38 50
-0.00506401 4 35 9 10 330 162 38 50
-0.00506727 4 40 9 10 330 162 38 50
-0.00506419 8 0 9 10 330 162 38 50
-0.00506192 8 5 9 10 330 162 38 50
-0.00420048 8 10 9 10 330 162 38 50
-0.00506034 8 15 9 10 330 162 38 50
-0.00506378 8 20 9 10 330 162 38 50
-0.00505059 8 25 9 10 330 162 38 50
-0.00506393 8 30 9 10 330 162 38 50
-0.00506015 8 35 9 10 330 162 38 50
-0.00506762 8 40 9 10 330 162 38 50
-0.00506755 12 0 9 10 330 162 38 50
-0.00506784 12 5 9 10 330 162 38 50
-0.00506574 12 10 9 10 330 162 38 50
-0.00506083 12 15 9 10 330 162 38 50
-0.00506158 12 20 9 10 330 162 38 50
-0.00506595 12 25 9 10 330 162 38 50
-0.00506685 12 30 9 10 330 162 38 50
-0.00506355 12 35 9 10 330 162 38 50
-0.00506535 12 40 9 10 330 162 38 50
-0.00506703 16 0 9 10 330 162 38 50
-0.00506798 16 5 9 10 330 162 38 50
-0.00506706 16 10 9 10 330 162 38 50
-0.00506096 16 15 9 10 330 162 38 50
-0.00505158 16 20 9 10 330 162 38 50
-0.00506438 16 25 9 10 330 162 38 50
-0.00505533 16 30 9 10 330 162 38 50
-0.00504797 16 35 9 10 330 162 38 50
-0.00505495 16 40 9 10 330 162 38 50
-0.00506222 20 0 9 10 330 162 38 50
-0.00506826 20 5 9 10 330 162 38 50
-0.0050651 20 10 9 10 330 162 38 50
-0.00506498 20 15 9 10 330 162 38 50
-0.0050618 20 20 9 10 330 162 38 50
-0.0050604 20 25 9 10 330 162 38 50
-0.00505134 20 30 9 10 330 162 38 50
-0.00504758 20 35 9 10 330 162 38 50
-0.00504388 20 40 9 10 330 162 38 50
-0.0050672 24 0 9 10 330 162 38 50
-0.00506841 24 5 9 10 330 162 38 50
-0.0050609 24 10 9 10 330 162 38 50
-0.00505784 24 15 9 10 330 162 38 50
-0.0050669 24 20 9 10 330 162 38 50
-0.00505927 24 25 9 10 330 162 38 50
-0.00506332 24 30 9 10 330 162 38 50
-0.00506577 24 35 9 10 330 162 38 50
-0.00506063 24 40 9 10 330 162 38 50
-0.00506673 0 0 9 10 330 162 38 50
-0.00506308 0 5 9 10 330 162 38 50
-0.00505141 0 10 9 10 330 162 38 50
-0.00506662 0 15 9 10 330 162 38 50
-0.00363691 0 20 9 10 330 162 38 50
-0.00304923 0 25 9 10 330 162 38 50
-0.00505871 0 30 9 10 330 162 38 50
-0.0050665 0 35 9 10 330 162 38 50
-0.00506746 0 40 9 10 330 162 38 50
-0.00506076 4 0 9 10 330 162 38 50
-0.00506297 4 5 9 10 330 162 38 50
-0.00506233 4 10 9 10 330 162 38 50
-0.00506497 4 15 9 10 330 162 38 50
-0.00298859 4 20 9 10 330 162 38 50
-0.00433082 4 25 9 10 330 162 38 50
-0.00506619 4 30 9 10 330 162 38 50
-0.00506731 4 35 9 10 330 162 38 50
-0.00506683 4 40 9 10 330 162 38 50
-0.00505731 8 0 9 10 330 162 38 50
-0.00505485 8 5 9 10 330 162 38 50
-0.00400813 8 10 9 10 330 162 38 50
-0.00505519 8 15 9 10 330 162 38 50
-0.00505365 8 20 9 10 330 162 38 50
-0.00454981 8 25 9 10 330 162 38 50
-0.00506257 8 30 9 10 330 162 38 50
-0.00506793 8 35 9 10 330 162 38 50
-0.00506222 8 40 9 10 330 162 38 50
-0.00506626 12 0 9 10 330 162 38 50
-0.00506405 12 5 9 10 330 162 38 50
-0.00506377 12 10 9 10 330 162 38 50
-0.0050634 12 15 9 10 330 162 38 50
-0.00506613 12 20 9 10 330 162 38 50
-0.00504269 12 25 9 10 330 162 38 50
-0.00504188 12 30 9 10 330 162 38 50
-0.00506785 12 35 9 10 330 162 38 50
-0.0050672 12 40 9 10 330 162 38 50
-0.00506391 16 0 9 10 330 162 38 50
-0.00506557 16 5 9 10 330 162 38 50
-0.00506408 16 10 9 10 330 162 38 50
-0.00506351 16 15 9 10 330 162 38 50
-0.00506658 16 20 9 10 330 162 38 50
-0.00505868 16 25 9 10 330 162 38 50
-0.00506341 16 30 9 10 330 162 38 50
-0.00506256 16 35 9 10 330 162 38 50
-0.00506704 16 40 9 10 330 162 38 50
-0.00506433 20 0 9 10 330 162 38 50
-0.00506337 20 5 9 10 330 162 38 50
-0.00505383 20 10 9 10 330 162 38 50
-0.00505999 20 15 9 10 330 162 38 50
-0.00506465 20 20 9 10 330 162 38 50
-0.00505075 20 25 9 10 330 162 38 50
-0.00506379 20 30 9 10 330 162 38 50
-0.00506009 20 35 9 10 330 162 38 50
-0.00505839 20 40 9 10 330 162 38 50
-0.00506637 24 0 9 10 330 162 38 50
-0.00506378 24 5 9 10 330 162 38 50
-0.00369907 24 10 9 10 330 162 38 50
-0.00473766 24 15 9 10 330 162 38 50
-0.00504261 24 20 9 10 330 162 38 50
-0.00506777 24 25 9 10 330 162 38 50
-0.00506824 24 30 9 10 330 162 38 50
-0.00506832 24 35 9 10 330 162 38 50
-0.00506319 24 40 9 10 330 162 38 50
-0.00506711 0 0 9 10 330 162 38 50
-0.00506592 0 5 9 10 330 162 38 50
-0.00506615 0 10 9 10 330 162 38 50
-0.00506805 0 15 9 10 330 162 38 50
-0.00505436 0 20 9 10 330 162 38 50
-0.00505372 0 25 9 10 330 162 38 50
-0.00506356 0 30 9 10 330 162 38 50
-0.00506668 0 35 9 10 330 162 38 50
-0.00506668 0 40 9 10 330 162 38 50
-0.00506568 4 0 9 10 330 162 38 50
-0.00506491 4 5 9 10 330 162 38 50
-0.00506219 4 10 9 10 330 162 38 50
-0.00506835 4 15 9 10 330 162 38 50
-0.00506553 4 20 9 10 330 162 38 50
-0.00506714 4 25 9 10 330 162 38 50
-0.00506804 4 30 9 10 330 162 38 50
-0.00506586 4 35 9 10 330 162 38 50
-0.00506751 4 40 9 10 330 162 38 50
-0.00506407 8 0 9 10 330 162 38 50
-0.00506572 8 5 9 10 330 162 38 50
-0.00506191 8 10 9 10 330 162 38 50
-0.00506793 8 15 9 10 330 162 38 50
-0.00506771 8 20 9 10 330 162 38 50
-0.00506517 8 25 9 10 330 162 38 50
-0.00506495 8 30 9 10 330 162 38 50
-0.00505843 8 35 9 10 330 162 38 50
-0.00506548 8 40 9 10 330 162 38 50
-0.00506369 12 0 9 10 330 162 38 50
-0.00506573 12 5 9 10 330 162 38 50
-0.00506695 12 10 9 10 330 162 38 50
-0.00506506 12 15 9 10 330 162 38 50
-0.00506536 12 20 9 10 330 162 38 50
-0.0050642 12 25 9 10 330 162 38 50
-0.00506416 12 30 9 10 330 162 38 50
-0.00506613 12 35 9 10 330 162 38 50
-0.00506289 12 40 9 10 330 162 38 50
-0.00506573 16 0 9 10 330 162 38 50
-0.00506712 16 5 9 10 330 162 38 50
-0.0050678 16 10 9 10 330 162 38 50
-0.00505917 16 15 9 10 330 162 38 50
-0.00506763 16 20 9 10 330 162 38 50
-0.00506642 16 25 9 10 330 162 38 50
-0.00506265 16 30 9 10 330 162 38 50
-0.00505536 16 35 9 10 330 162 38 50
-0.00506168 16 40 9 10 330 162 38 50
-0.00506657 20 0 9 10 330 162 38 50
-0.00506533 20 5 9 10 330 162 38 50
-0.00506754 20 10 9 10 330 162 38 50
-0.00506532 20 15 9 10 330 162 38 50
-0.00506827 20 20 9 10 330 162 38 50
-0.00506448 20 25 9 10 330 162 38 50
-0.00506682 20 30 9 10 330 162 38 50
-0.00506475 20 35 9 10 330 162 38 50
-0.00506331 20 40 9 10 330 162 38 50
-0.0050682 24 0 9 10 330 162 38 50
-0.00506818 24 5 9 10 330 162 38 50
-0.00506293 24 10 9 10 330 162 38 50
-0.00506734 24 15 9 10 330 162 38 50
-0.00506675 24 20 9 10 330 162 38 50
-0.00506771 24 25 9 10 330 162 38 50
-0.00506723 24 30 9 10 330 162 38 50
-0.00506783 24 35 9 10 330 162 38 50
-0.00506084 24 40 9 10 330 162 38 50
-0.00506779 0 0 9 10 330 162 38 50
-0.0050663 0 5 9 10 330 162 38 50
-0.00506124 0 10 9 10 330 162 38 50
-0.00506249 0 15 9 10 330 162 38 50
-0.00506314 0 20 9 10 330 162 38 50
-0.00506649 0 25 9 10 330 162 38 50
-0.00506746 0 30 9 10 330 162 38 50
-0.00506756 0 35 9 10 330 162 38 50
-0.00506747 0 40 9 10 330 162 38 50
-0.00506455 4 0 9 10 330 162 38 50
-0.0050654 4 5 9 10 330 162 38 50
-0.00506706 4 10 9 10 330 162 38 50
-0.00506736 4 15 9 10 330 162 38 50
-0.00506734 4 20 9 10 330 162 38 50
-0.00506748 4 25 9 10 330 162 38 50
-0.00506612 4 30 9 10 330 162 38 50
-0.00506634 4 35 9 10 330 162 38 50
-0.00506492 4 40 9 10 330 162 38 50
-0.00506407 8 0 9 10 330 162 38 50
-0.0050655 8 5 9 10 330 162 38 50
-0.0050561 8 10 9 10 330 162 38 50
-0.00504926 8 15 9 10 330 162 38 50
-0.00504772 8 20 9 10 330 162 38 50
-0.00504151 8 25 9 10 330 162 38 50
-0.00506309 8 30 9 10 330 162 38 50
-0.00506772 8 35 9 10 330 162 38 50
-0.00504356 8 40 9 10 330 162 38 50
-0.00506697 12 0 9 10 330 162 38 50
-0.00506534 12 5 9 10 330 162 38 50
-0.00505929 12 10 9 10 330 162 38 50
-0.00506546 12 15 9 10 330 162 38 50
-0.00506548 12 20 9 10 330 162 38 50
-0.00506271 12 25 9 10 330 162 38 50
-0.0050581 12 30 9 10 330 162 38 50
-0.00506739 12 35 9 10 330 162 38 50
-0.00506169 12 40 9 10 330 162 38 50
-0.00506701 16 0 9 10 330 162 38 50
-0.0050645 16 5 9 10 330 162 38 50
-0.00506433 16 10 9 10 330 162 38 50
-0.0050661 16 15 9 10 330 162 38 50
-0.00506365 16 20 9 10 330 162 38 50
-0.00506325 16 25 9 10 330 162 38 50
-0.0050642 16 30 9 10 330 162 38 50
-0.00505962 16 35 9 10 330 162 38 50
-0.00506442 16 40 9 10 330 162 38 50
-0.00506147 20 0 9 10 330 162 38 50
-0.00506598 20 5 9 10 330 162 38 50
-0.00506161 20 10 9 10 330 162 38 50
-0.00504448 20 15 9 10 330 162 38 50
-0.00506018 20 20 9 10 330 162 38 50
-0.00353921 20 25 9 10 330 162 38 50
-0.00505798 20 30 9 10 330 162 38 50
-0.00505652 20 35 9 10 330 162 38 50
-0.00506237 20 40 9 10 330 162 38 50
-0.00506797 24 0 9 10 330 162 38 50
-0.00506733 24 5 9 10 330 162 38 50
-0.00506747 24 10 9 10 330 162 38 50
-0.00506752 24 15 9 10 330 162 38 50
-0.0050663 24 20 9 10 330 162 38 50
-0.00505607 24 25 9 10 330 162 38 50
-0.00505422 24 30 9 10 330 162 38 50
-0.0050474 24 35 9 10 330 162 38 50
-0.00505821 24 40 9 10 330 162 38 50
-0.00505441 0 0 12 14 330 162 38 50
-0.00506617 0 7 12 14 330 162 38 50
-0.00506161 0 14 12 14 330 162 38 50
-0.00413555 0 21 12 14 330 162 38 50
-0.00505829 0 28 12 14 330 162 38 50
-0.00506247 0 35 12 14 330 162 38 50
-0.00506536 6 0 12 14 330 162 38 50
-0.00506549 6 7 12 14 330 162 38 50
-0.00505328 6 14 12 14 330 162 38 50
-0.005063 6 21 12 14 330 162 38 50
-0.00506398 6 28 12 14 330 162 38 50
-0.00505923 6 35 12 14 330 162 38 50
-0.00506498 12 0 12 14 330 162 38 50
-0.00506082 12 7 12 14 330 162 38 50
-0.00506533 12 14 12 14 330 162 38 50
-0.0050651 12 21 12 14 330 162 38 50
-0.00505988 12 28 12 14 330 162 38 50
-0.00506044 12 35 12 14 330 162 38 50
-0.00504944 18 0 12 14 330 162 38 50
-0.00506393 18 7 12 14 330 162 38 50
-0.0050637 18 14 12 14 330 162 38 50
-0.00506753 18 21 12 14 330 162 38 50
-0.00506548 18 28 12 14 330 162 38 50
-0.00505716 18 35 12 14 330 162 38 50
-0.00506666 24 0 12 14 330 162 38 50
-0.00506638 24 7 12 14 330 162 38 50
-0.00506486 24 14 12 14 330 162 38 50
-0.0050619 24 21 12 14 330 162 38 50
-0.00505949 24 28 12 14 330 162 38 50
-0.00506635 24 35 12 14 330 162 38 50
-0.00464544 0 0 12 14 330 162 38 50
-0.00506314 0 7 12 14 330 162 38 50
-0.00506265 0 14 12 14 330 162 38 50
-0.00505233 0 21 12 14 330 162 38 50
-0.00504917 0 28 12 14 330 162 38 50
-0.00506722 0 35 12 14 330 162 38 50
-0.00506011 6 0 12 14 330 162 38 50
-0.00506447 6 7 12 14 330 162 38 50
-0.00505132 6 14 12 14 330 162 38 50
-0.0037889 6 21 12 14 330 162 38 50
-0.00506292 6 28 12 14 330 162 38 50
-0.0050668 6 35 12 14 330 162 38 50
-0.00506506 12 0 12 14 330 162 38 50
-0.00506695 12 7 12 14 330 162 38 50
-0.00506413 12 14 12 14 330 162 38 50
-0.00505339 12 21 12 14 330 162 38 50
-0.00506157 12 28 12 14 330 162 38 50
-0.00506605 12 35 12 14 330 162 38 50
-0.00506743 18 0 12 14 330 162 38 50
-0.00506519 18 7 12 14 330 162 38 50
-0.00506703 18 14 12 14 330 162 38 50
-0.0050558 18 21 12 14 330 162 38 50
-0.00505136 18 28 12 14 330 162 38 50
-0.00505893 18 35 12 14 330 162 38 50
-0.00506764 24 0 12 14 330 162 38 50
-0.00506103 24 7 12 14 330 162 38 50
-0.00506821 24 14 12 14 330 162 38 50
-0.00506523 24 21 12 14 330 162 38 50
-0.00506626 24 28 12 14 330 162 38 50
-0.00506386 24 35 12 14 330 162 38 50
-0.00505888 0 0 12 14 330 162 38 50
-0.0050653 0 7 12 14 330 162 38 50
-0.0050658 0 14 12 14 330 162 38 50
-0.00504322 0 21 12 14 330 162 38 50
-0.00506795 0 28 12 14 330 162 38 50
-0.00506024 0 35 12 14 330 162 38 50
-0.00505599 6 0 12 14 330 162 38 50
-0.00506257 6 7 12 14 330 162 38 50
-0.0050638 6 14 12 14 330 162 38 50
-0.00506118 6 21 12 14 330 162 38 50
-0.00506634 6 28 12 14 330 162 38 50
-0.00504998 6 35 12 14 330 162 38 50
-0.00506363 12 0 12 14 330 162 38 50
-0.0035073 12 7 12 14 330 162 38 50
-0.00505521 12 14 12 14 330 162 38 50
-0.00503781 12 21 12 14 330 162 38 50
-0.00505169 12 28 12 14 330 162 38 50
-0.00506027 12 35 12 14 330 162 38 50
-0.0050609 18 0 12 14 330 162 38 50
-0.00505892 18 7 12 14 330 162 38 50
-0.00504274 18 14 12 14 330 162 38 50
-0.00407132 18 21 12 14 330 162 38 50
-0.00504728 18 28 12 14 330 162 38 50
-0.00506527 18 35 12 14 330 162 38 50
-0.00505841 24 0 12 14 330 162 38 50
-0.0050608 24 7 12 14 330 162 38 50
-0.00506325 24 14 12 14 330 162 38 50
-0.0050648 24 21 12 14 330 162 38 50
-0.00506085 24 28 12 14 330 162 38 50
-0.00504957 24 35 12 14 330 162 38 50
-0.00506477 0 0 12 14 330 162 38 50
-0.00506732 0 7 12 14 330 162 38 50
-0.00506779 0 14 12 14 330 162 38 50
-0.00506454 0 21 12 14 330 162 38 50
-0.00504957 0 28 12 14 330 162 38 50
-0.00504399 0 35 12 14 330 162 38 50
-0.00506487 6 0 12 14 330 162 38 50
-0.00506628 6 7 12 14 330 162 38 50
-0.00505886 6 14 12 14 330 162 38 50
-0.00505681 6 21 12 14 330 162 38 50
-0.00506088 6 28 12 14 330 162 38 50
-0.00503969 6 35 12 14 330 162 38 50
-0.00506699 12 0 12 14 330 162 38 50
-0.00505339 12 7 12 14 330 162 38 50
-0.00311037 12 14 12 14 330 162 38 50
-0.00505923 12 21 12 14 330 162 38 50
-0.00504434 12 28 12 14 330 162 38 50
-0.00506007 12 35 12 14 330 162 38 50
-0.00506728 18 0 12 14 330 162 38 50
-0.00505616 18 7 12 14 330 162 38 50
-0.00505914 18 14 12 14 330 162 38 50
-0.00506626 18 21 12 14 330 162 38 50
-0.00506621 18 28 12 14 330 162 38 50
-0.00506691 18 35 12 14 330 162 38 50
-0.00506548 24 0 12 14 330 162 38 50
-0.00504955 24 7 12 14 330 162 38 50
-0.00505302 24 14 12 14 330 162 38 50
-0.0050667 24 21 12 14 330 162 38 50
-0.00506741 24 28 12 14 330 162 38 50
-0.00505646 24 35 12 14 330 162 38 50
-0.00504275 0 0 12 14 330 162 38 50
-0.00506539 0 7 12 14 330 162 38 50
-0.00506246 0 14 12 14 330 162 38 50
-0.00505999 0 21 12 14 330 162 38 50
-0.00506407 0 28 12 14 330 162 38 50
-0.00506688 0 35 12 14 330 162 38 50
-0.00506362 6 0 12 14 330 162 38 50
-0.00506638 6 7 12 14 330 162 38 50
-0.00505907 6 14 12 14 330 162 38 50
-0.0050671 6 21 12 14 330 162 38 50
-0.00506762 6 28 12 14 330 162 38 50
-0.00506439 6 35 12 14 330 162 38 50
-0.00506669 12 0 12 14 330 162 38 50
-0.00503538 12 7 12 14 330 162 38 50
-0.00506769 12 14 12 14 330 162 38 50
-0.00506666 12 21 12 14 330 162 38 50
-0.00504342 12 28 12 14 330 162 38 50
-0.00506682 12 35 12 14 330 162 38 50
-0.00506286 18 0 12 14 330 162 38 50
-0.00366791 18 7 12 14 330 162 38 50
-0.00506771 18 14 12 14 330 162 38 50
-0.0050682 18 21 12 14 330 162 38 50
-0.00506683 18 28 12 14 330 162 38 50
-0.00506514 18 35 12 14 330 162 38 50
-0.00327538 24 0 12 14 330 162 38 50
-0.00506645 24 7 12 14 330 162 38 50
-0.00506578 24 14 12 14 330 162 38 50
-0.00506002 24 21 12 14 330 162 38 50
-0.005067 24 28 12 14 330 162 38 50
-0.00506129 24 35 12 14 330 162 38 50
-0.00505135 0 0 12 14 330 162 38 50
-0.00506651 0 7 12 14 330 162 38 50
-0.00506466 0 14 12 14 330 162 38 50
-0.00334856 0 21 12 14 330 162 38 50
-0.00506231 0 28 12 14 330 162 38 50
-0.00506505 0 35 12 14 330 162 38 50
-0.00505614 6 0 12 14 330 162 38 50
-0.0050654 6 7 12 14 330 162 38 50
-0.00506574 6 14 12 14 330 162 38 50
-0.00506733 6 21 12 14 330 162 38 50
-0.00506711 6 28 12 14 330 162 38 50
-0.00506667 6 35 12 14 330 162 38 50
-0.00506614 12 0 12 14 330 162 38 50
-0.00506552 12 7 12 14 330 162 38 50
-0.00506607 12 14 12 14 330 162 38 50
-0.00506584 12 21 12 14 330 162 38 50
-0.00506148 12 28 12 14 330 162 38 50
-0.00506702 12 35 12 14 330 162 38 50
-0.00503836 18 0 12 14 330 162 38 50
-0.00506553 18 7 12 14 330 162 38 50
-0.00506759 18 14 12 14 330 162 38 50
-0.00506773 18 21 12 14 330 162 38 50
-0.00506337 18 28 12 14 330 162 38 50
-0.00505195 18 35 12 14 330 162 38 50
-0.00506506 24 0 12 14 330 162 38 50
-0.00506487 24 7 12 14 330 162 38 50
-0.00506171 24 14 12 14 330 162 38 50
-0.0050579 24 21 12 14 330 162 38 50
-0.00506534 24 28 12 14 330 162 38 50
-0.00506051 24 35 12 14 330 162 38 50
-0.00317138 0 0 12 14 330 162 38 50
-0.00382041 0 7 12 14 330 162 38 50
-0.00506145 0 14 12 14 330 162 38 50
-0.00505154 0 21 12 14 330 162 38 50
-0.00506187 0 28 12 14 330 162 38 50
-0.00506586 0 35 12 14 330 162 38 50
-0.00506381 6 0 12 14 330 162 38 50
-0.00505268 6 7 12 14 330 162 38 50
-0.00506125 6 14 12 14 330 162 38 50
-0.00504445 6 21 12 14 330 162 38 50
-0.00506009 6 28 12 14 330 162 38 50
-0.00506545 6 35 12 14 330 162 38 50
-0.00506724 12 0 12 14 330 162 38 50
-0.0050677 12 7 12 14 330 162 38 50
-0.00504571 12 14 12 14 330 162 38 50
-0.00505944 12 21 12 14 330 162 38 50
-0.00506305 12 28 12 14 330 162 38 50
-0.00505821 12 35 12 14 330 162 38 50
-0.00506375 18 0 12 14 330 162 38 50
-0.00506807 18 7 12 14 330 162 38 50
-0.00360442 18 14 12 14 330 162 38 50
-0.00505989 18 21 12 14 330 162 38 50
-0.00503632 18 28 12 14 330 162 38 50
-0.00504871 18 35 12 14 330 162 38 50
-0.00506735 24 0 12 14 330 162 38 50
-0.00506732 24 7 12 14 330 162 38 50
-0.00506193 24 14 12 14 330 162 38 50
-0.00504652 24 21 12 14 330 162 38 50
-0.00505232 24 28 12 14 330 162 38 50
-0.00506484 24 35 12 14 330 162 38 50
-0.0050618 0 0 12 14 330 162 38 50
-0.00375837 0 7 12 14 330 162 38 50
-0.00506084 0 14 12 14 330 162 38 50
-0.00294586 0 21 12 14 330 162 38 50
-0.00506532 0 28 12 14 330 162 38 50
-0.00506152 0 35 12 14 330 162 38 50
-0.0050437 6 0 12 14 330 162 38 50
-0.00344184 6 7 12 14 330 162 38 50
-0.00505104 6 14 12 14 330 162 38 50
-0.00504691 6 21 12 14 330 162 38 50
-0.00506663 6 28 12 14 330 162 38 50
-0.00506334 6 35 12 14 330 162 38 50
-0.00505711 12 0 12 14 330 162 38 50
-0.00488802 12 7 12 14 330 162 38 50
-0.00503798 12 14 12 14 330 162 38 50
-0.00505852 12 21 12 14 330 162 38 50
-0.00505316 12 28 12 14 330 162 38 50
-0.00506607 12 35 12 14 330 162 38 50
-0.00506245 18 0 12 14 330 162 38 50
-0.00504915 18 7 12 14 330 162 38 50
-0.00504703 18 14 12 14 330 162 38 50
-0.00505514 18 21 12 14 330 162 38 50
-0.00505259 18 28 12 14 330 162 38 50
-0.00505705 18 35 12 14 330 162 38 50
-0.00506837 24 0 12 14 330 162 38 50
-0.00506663 24 7 12 14 330 162 38 50
-0.00291554 24 14 12 14 330 162 38 50
-0.00506825 24 21 12 14 330 162 38 50
-0.00506738 24 28 12 14 330 162 38 50
-0.00506813 24 35 12 14 330 162 38 50
-0.00505308 0 0 12 14 330 162 38 50
-0.00505942 0 7 12 14 330 162 38 50
-0.00506698 0 14 12 14 330 162 38 50
-0.00505357 0 21 12 14 330 162 38 50
-0.00506705 0 28 12 14 330 162 38 50
-0.00506594 0 35 12 14 330 162 38 50
-0.00505891 6 0 12 14 330 162 38 50
-0.00505209 6 7 12 14 330 162 38 50
-0.00506543 6 14 12 14 330 162 38 50
-0.00506576 6 21 12 14 330 162 38 50
-0.00506327 6 28 12 14 330 162 38 50
-0.0048283 6 35 12 14 330 162 38 50
-0.00506121 12 0 12 14 330 162 38 50
-0.00506665 12 7 12 14 330 162 38 50
-0.00505867 12 14 12 14 330 162 38 50
-0.00506628 12 21 12 14 330 162 38 50
-0.00505826 12 28 12 14 330 162 38 50
-0.00505632 12 35 12 14 330 162 38 50
-0.00506046 18 0 12 14 330 162 38 50
-0.00506615 18 7 12 14 330 162 38 50
-0.00506185 18 14 12 14 330 162 38 50
-0.00506669 18 21 12 14 330 162 38 50
-0.00506306 18 28 12 14 330 162 38 50
-0.00505866 18 35 12 14 330 162 38 50
-0.00506771 24 0 12 14 330 162 38 50
-0.00506677 24 7 12 14 330 162 38 50
-0.00506737 24 14 12 14 330 162 38 50
-0.00506829 24 21 12 14 330 162 38 50
-0.00506511 24 28 12 14 330 162 38 50
-0.00506737 24 35 12 14 330 162 38 50
-0.00506495 0 0 12 14 330 162 38 50
-0.00506552 0 7 12 14 330 162 38 50
-0.00506594 0 14 12 14 330 162 38 50
-0.00506292 0 21 12 14 330 162 38 50
-0.0050619 0 28 12 14 330 162 38 50
-0.00506665 0 35 12 14 330 162 38 50
-0.00506578 6 0 12 14 330 162 38 50
-0.00505557 6 7 12 14 330 162 38 50
-0.00479817 6 14 12 14 330 162 38 50
-0.00426614 6 21 12 14 330 162 38 50
-0.00506054 6 28 12 14 330 162 38 50
-0.00506588 6 35 12 14 330 162 38 50
-0.0050662 12 0 12 14 330 162 38 50
-0.0050605 12 7 12 14 330 162 38 50
-0.0050647 12 14 12 14 330 162 38 50
-0.00506399 12 21 12 14 330 162 38 50
-0.00505752 12 28 12 14 330 162 38 50
-0.00506565 12 35 12 14 330 162 38 50
-0.00506268 18 0 12 14 330 162 38 50
-0.00505392 18 7 12 14 330 162 38 50
-0.00504806 18 14 12 14 330 162 38 50
-0.00503425 18 21 12 14 330 162 38 50
-0.00503882 18 28 12 14 330 162 38 50
-0.0050506 18 35 12 14 330 162 38 50
-0.0050632 24 0 12 14 330 162 38 50
-0.00506547 24 7 12 14 330 162 38 50
-0.00506581 24 14 12 14 330 162 38 50
-0.00506613 24 21 12 14 330 162 38 50
-0.00448655 24 28 12 14 330 162 38 50
-0.00505126 24 35 12 14 330 162 38 50
-0.00506517 0 0 19 16 330 162 38 50
-0.00506472 0 8 19 16 330 162 38 50
-0.00505029 0 16 19 16 330 162 38 50
-0.00505717 0 24 19 16 330 162 38 50
-0.00506445 0 32 19 16 330 162 38 50
-0.00504592 9 0 19 16 330 162 38 50
-0.00506273 9 8 19 16 330 162 38 50
-0.0050634 9 16 19 16 330 162 38 50
-0.00504875 9 24 19 16 330 162 38 50
-0.00504881 9 32 19 16 330 162 38 50
-0.00506436 18 0 19 16 330 162 38 50
-0.00506375 18 8 19 16 330 162 38 50
-0.00505697 18 16 19 16 330 162 38 50
-0.00506124 18 24 19 16 330 162 38 50
-0.00506332 18 32 19 16 330 162 38 50
-0.00504997 0 0 19 16 330 162 38 50
-0.0050596 0 8 19 16 330 162 38 50
-0.00429894 0 16 19 16 330 162 38 50
-0.0050491 0 24 19 16 330 162 38 50
-0.00506673 0 32 19 16 330 162 38 50
-0.00506539 9 0 19 16 330 162 38 50
-0.005066 9 8 19 16 330 162 38 50
-0.00505444 9 16 19 16 330 162 38 50
-0.00505603 9 24 19 16 330 162 38 50
-0.00506591 9 32 19 16 330 162 38 50
-0.0050669 18 0 19 16 330 162 38 50
-0.00505799 18 8 19 16 330 162 38 50
-0.00506627 18 16 19 16 330 162 38 50
-0.00505961 18 24 19 16 330 162 38 50
-0.00506626 18 32 19 16 330 162 38 50
-0.00505317 0 0 19 16 330 162 38 50
-0.00506026 0 8 19 16 330 162 38 50
-0.00506375 0 16 19 16 330 162 38 50
-0.00506389 0 24 19 16 330 162 38 50
-0.00506172 0 32 19 16 330 162 38 50
-0.00505855 9 0 19 16 330 162 38 50
-0.00361381 9 8 19 16 330 162 38 50
-0.00506048 9 16 19 16 330 162 38 50
-0.00307723 9 24 19 16 330 162 38 50
-0.00505194 9 32 19 16 330 162 38 50
-0.00505887 18 0 19 16 330 162 38 50
-0.0033033 18 8 19 16 330 162 38 50
-0.00505675 18 16 19 16 330 162 38 50
-0.00504893 18 24 19 16 330 162 38 50
-0.00504419 18 32 19 16 330 162 38 50
-0.00506494 0 0 19 16 330 162 38 50
-0.0050648 0 8 19 16 330 162 38 50
-0.00505327 0 16 19 16 330 162 38 50
-0.00503528 0 24 19 16 330 162 38 50
-0.0059568 0 32 19 16 330 162 38 50
-0.00506594 9 0 19 16 330 162 38 50
-0.00451754 9 8 19 16 330 162 38 50
-0.00503653 9 16 19 16 330 162 38 50
-0.00505302 9 24 19 16 330 162 38 50
-0.00505905 9 32 19 16 330 162 38 50
-0.00506487 18 0 19 16 330 162 38 50
-0.00301164 18 8 19 16 330 162 38 50
-0.00503813 18 16 19 16 330 162 38 50
-0.00506142 18 24 19 16 330 162 38 50
-0.00506378 18 32 19 16 330 162 38 50
-0.00505668 0 0 19 16 330 162 38 50
-0.0050646 0 8 19 16 330 162 38 50
-0.00506407 0 16 19 16 330 162 38 50
-0.00506225 0 24 19 16 330 162 38 50
-0.00506592 0 32 19 16 330 162 38 50
-0.00506237 9 0 19 16 330 162 38 50
-0.00506312 9 8 19 16 330 162 38 50
-0.00506656 9 16 19 16 330 162 38 50
-0.00505842 9 24 19 16 330 162 38 50
-0.00506279 9 32 19 16 330 162 38 50
-0.00504738 18 0 19 16 330 162 38 50
-0.00506346 18 8 19 16 330 162 38 50
-0.00505371 18 16 19 16 330 162 38 50
-0.0050628 18 24 19 16 330 162 38 50
-0.00506643 18 32 19 16 330 162 38 50
-0.00505872 0 0 19 16 330 162 38 50
-0.00506454 0 8 19 16 330 162 38 50
-0.00505302 0 16 19 16 330 162 38 50
-0.0050483 0 24 19 16 330 162 38 50
-0.00506435 0 32 19 16 330 162 38 50
-0.005051 9 0 19 16 330 162 38 50
-0.00506541 9 8 19 16 330 162 38 50
-0.00506697 9 16 19 16 330 162 38 50
-0.00506125 9 24 19 16 330 162 38 50
-0.00505504 9 32 19 16 330 162 38 50
-0.00476794 18 0 19 16 330 162 38 50
-0.00506366 18 8 19 16 330 162 38 50
-0.00505116 18 16 19 16 330 162 38 50
-0.0050611 18 24 19 16 330 162 38 50
-0.00503804 18 32 19 16 330 162 38 50
-0.00506097 0 0 19 16 330 162 38 50
-0.00505122 0 8 19 16 330 162 38 50
-0.00505363 0 16 19 16 330 162 38 50
-0.00505659 0 24 19 16 330 162 38 50
-0.00505642 0 32 19 16 330 162 38 50
-0.00506623 9 0 19 16 330 162 38 50
-0.00506557 9 8 19 16 330 162 38 50
-0.00504733 9 16 19 16 330 162 38 50
-0.00506248 9 24 19 16 330 162 38 50
-0.00505344 9 32 19 16 330 162 38 50
-0.00506665 18 0 19 16 330 162 38 50
-0.00506761 18 8 19 16 330 162 38 50
-0.00503919 18 16 19 16 330 162 38 50
-0.0050362 18 24 19 16 330 162 38 50
-0.00506352 18 32 19 16 330 162 38 50
-0.00291686 0 0 19 16 330 162 38 50
-0.00504369 0 8 19 16 330 162 38 50
-0.00505442 0 16 19 16 330 162 38 50
-0.00505137 0 24 19 16 330 162 38 50
-0.00505963 0 32 19 16 330 162 38 50
-0.00504523 9 0 19 16 330 162 38 50
-0.00504193 9 8 19 16 330 162 38 50
-0.00416127 9 16 19 16 330 162 38 50
-0.00403917 9 24 19 16 330 162 38 50
-0.00506458 9 32 19 16 330 162 38 50
-0.00506835 18 0 19 16 330 162 38 50
-0.00506475 18 8 19 16 330 162 38 50
-0.00505637 18 16 19 16 330 162 38 50
-0.00506792 18 24 19 16 330 162 38 50
-0.00506739 18 32 19 16 330 162 38 50
-0.00505745 0 0 19 16 330 162 38 50
-0.00506275 0 8 19 16 330 162 38 50
-0.00506438 0 16 19 16 330 162 38 50
-0.00506494 0 24 19 16 330 162 38 50
-0.00442534 0 32 19 16 330 162 38 50
-0.00505555 9 0 19 16 330 162 38 50
-0.00505343 9 8 19 16 330 162 38 50
-0.00505695 9 16 19 16 330 162 38 50
-0.0050612 9 24 19 16 330 162 38 50
-0.00504486 9 32 19 16 330 162 38 50
-0.00506624 18 0 19 16 330 162 38 50
-0.00506241 18 8 19 16 330 162 38 50
-0.00506676 18 16 19 16 330 162 38 50
-0.00506707 18 24 19 16 330 162 38 50
-0.00506384 18 32 19 16 330 162 38 50
-0.00506541 0 0 19 16 330 162 38 50
-0.00503416 0 8 19 16 330 162 38 50
-0.00504213 0 16 19 16 330 162 38 50
-0.00505043 0 24 19 16 330 162 38 50
-0.00506538 0 32 19 16 330 162 38 50
-0.00506482 9 0 19 16 330 162 38 50
-0.0039116 9 8 19 16 330 162 38 50
-0.00314244 9 16 19 16 330 162 38 50
-0.00293556 9 24 19 16 330 162 38 50
-0.00506576 9 32 19 16 330 162 38 50
-0.00505856 18 0 19 16 330 162 38 50
-0.00505751 18 8 19 16 330 162 38 50
-0.00506018 18 16 19 16 330 162 38 50
-0.00505727 18 24 19 16 330 162 38 50
-0.00505337 18 32 19 16 330 162 38 50
-0.00505313 0 0 25 33 330 162 38 50
-0.00505565 0 16 25 33 330 162 38 50
-0.0050593 12 0 25 33 330 162 38 50
-0.00504191 12 16 25 33 330 162 38 50
-0.00394408 0 0 25 33 330 162 38 50
-0.00503867 0 16 25 33 330 162 38 50
-0.00505302 12 0 25 33 330 162 38 50
-0.00325838 12 16 25 33 330 162 38 50
-0.00423283 0 0 25 33 330 162 38 50
-0.00307867 0 16 25 33 330 162 38 50
-0.00372898 12 0 25 33 330 162 38 50
-0.00504941 12 16 25 33 330 162 38 50
-0.00504073 0 0 25 33 330 162 38 50
-0.00347535 0 16 25 33 330 162 38 50
-0.00491787 12 0 25 33 330 162 38 50
-0.00504776 12 16 25 33 330 162 38 50
-0.00506376 0 0 25 33 330 162 38 50
-0.00506289 0 16 25 33 330 162 38 50
-0.00505476 12 0 25 33 330 162 38 50
-0.0038814 12 16 25 33 330 162 38 50
-0.0050567 0 0 25 33 330 162 38 50
-0.00503715 0 16 25 33 330 162 38 50
-0.00357168 12 0 25 33 330 162 38 50
-0.00485807 12 16 25 33 330 162 38 50
-0.00506463 0 0 25 33 330 162 38 50
-0.00505 0 16 25 33 330 162 38 50
-0.00506702 12 0 25 33 330 162 38 50
-0.00503556 12 16 25 33 330 162 38 50
-0.00436251 0 0 25 33 330 162 38 50
-0.00385053 0 16 25 33 330 162 38 50
-0.0050671 12 0 25 33 330 162 38 50
-0.00506695 12 16 25 33 330 162 38 50
-0.00505628 0 0 25 33 330 162 38 50
-0.00505533 0 16 25 33 330 162 38 50
-0.00506629 12 0 25 33 330 162 38 50
-0.00506445 12 16 25 33 330 162 38 50
-0.00505028 0 0 25 33 330 162 38 50
-0.0050609 0 16 25 33 330 162 38 50
-0.00503729 12 0 25 33 330 162 38 50
-0.00505105 12 16 25 33 330 162 38 50
-0.00505255 0 0 38 50 330 162 38 50
-0.00503717 0 0 38 50 330 162 38 50
-0.00333901 0 0 38 50 330 162 38 50
-0.00470741 0 0 38 50 330 162 38 50
-0.00505487 0 0 38 50 330 162 38 50
-0.00314393 0 0 38 50 330 162 38 50
-0.00506545 0 0 38 50 330 162 38 50
-0.00506798 0 0 38 50 330 162 38 50
-0.00506651 0 0 38 50 330 162 38 50
-0.00320697 0 0 38 50 330 162 38 50
