219 
979 
1042 
966 
783 
1087 
1125 
968 
843 
866 
1035 
1073 
85 
180 
454 
986 
446 
1089 
734 
1072 
810 
1129 
64 
774 
971 
1122 
252 
114 
847 
1093 
703 
617 
1102 
830 
445 
769 
497 
1090 
841 
669 
811 
1109 
1099 
1071 
1084 
378 
461 
1043 
711 
221 
633 
388 
398 
1088 
909 
947 
455 
1108 
190 
1054 
188 
928 
981 
464 
223 
211 
660 
176 
1123 
498 
1015 
908 
881 
1103 
853 
1094 
157 
320 
113 
1066 
