-0.000101987 0 0 17 16 199 49 88 64
-0.000101988 0 8 17 16 199 49 88 64
-0.000101987 0 16 17 16 199 49 88 64
-0.000101979 0 24 17 16 199 49 88 64
-0.000101985 0 32 17 16 199 49 88 64
-0.000101987 0 40 17 16 199 49 88 64
-0.000101983 0 48 17 16 199 49 88 64
-0.000101965 8 0 17 16 199 49 88 64
-0.000101987 8 8 17 16 199 49 88 64
-0.000101988 8 16 17 16 199 49 88 64
-0.000101988 8 24 17 16 199 49 88 64
-0.000101988 8 32 17 16 199 49 88 64
-0.000101988 8 40 17 16 199 49 88 64
-0.000101987 8 48 17 16 199 49 88 64
-0.00010198 16 0 17 16 199 49 88 64
-0.000101975 16 8 17 16 199 49 88 64
-0.000101987 16 16 17 16 199 49 88 64
-0.000101988 16 24 17 16 199 49 88 64
-0.000101987 16 32 17 16 199 49 88 64
-0.000101984 16 40 17 16 199 49 88 64
-0.000101988 16 48 17 16 199 49 88 64
-0.000101986 24 0 17 16 199 49 88 64
-0.000101851 24 8 17 16 199 49 88 64
-0.000101975 24 16 17 16 199 49 88 64
-0.000101982 24 24 17 16 199 49 88 64
-0.000101973 24 32 17 16 199 49 88 64
-0.000101976 24 40 17 16 199 49 88 64
-0.000101988 24 48 17 16 199 49 88 64
-0.000101987 32 0 17 16 199 49 88 64
-0.000101705 32 8 17 16 199 49 88 64
-0.00010151 32 16 17 16 199 49 88 64
-6.667e-005 32 24 17 16 199 49 88 64
-4.89538e-005 32 32 17 16 199 49 88 64
-0.00010195 32 40 17 16 199 49 88 64
-0.000101988 32 48 17 16 199 49 88 64
-0.000101987 40 0 17 16 199 49 88 64
-0.000101738 40 8 17 16 199 49 88 64
-5.42347e-005 40 16 17 16 199 49 88 64
-0.000101556 40 24 17 16 199 49 88 64
-0.00010175 40 32 17 16 199 49 88 64
-0.000101901 40 40 17 16 199 49 88 64
-0.000101988 40 48 17 16 199 49 88 64
-0.000101988 48 0 17 16 199 49 88 64
-0.000101859 48 8 17 16 199 49 88 64
-0.000101617 48 16 17 16 199 49 88 64
-0.000101933 48 24 17 16 199 49 88 64
-0.000101963 48 32 17 16 199 49 88 64
-0.000101968 48 40 17 16 199 49 88 64
-0.000101988 48 48 17 16 199 49 88 64
-0.000101987 56 0 17 16 199 49 88 64
-0.000101957 56 8 17 16 199 49 88 64
-0.000101977 56 16 17 16 199 49 88 64
-0.000101985 56 24 17 16 199 49 88 64
-0.000101986 56 32 17 16 199 49 88 64
-0.000101988 56 40 17 16 199 49 88 64
-0.000101988 56 48 17 16 199 49 88 64
-0.000101987 64 0 17 16 199 49 88 64
-0.000101987 64 8 17 16 199 49 88 64
-0.000101988 64 16 17 16 199 49 88 64
-0.000101988 64 24 17 16 199 49 88 64
-0.000101988 64 32 17 16 199 49 88 64
-0.000101988 64 40 17 16 199 49 88 64
-0.000101988 64 48 17 16 199 49 88 64
-0.000101979 0 0 17 16 199 49 88 64
-0.000101983 0 8 17 16 199 49 88 64
-0.000101985 0 16 17 16 199 49 88 64
-0.000101981 0 24 17 16 199 49 88 64
-0.000101984 0 32 17 16 199 49 88 64
-0.000101984 0 40 17 16 199 49 88 64
-0.00010198 0 48 17 16 199 49 88 64
-0.000101614 8 0 17 16 199 49 88 64
-0.00010196 8 8 17 16 199 49 88 64
-0.000101978 8 16 17 16 199 49 88 64
-0.00010197 8 24 17 16 199 49 88 64
-0.00010196 8 32 17 16 199 49 88 64
-0.00010197 8 40 17 16 199 49 88 64
-0.000101972 8 48 17 16 199 49 88 64
-0.000101911 16 0 17 16 199 49 88 64
-0.000101752 16 8 17 16 199 49 88 64
-0.00010197 16 16 17 16 199 49 88 64
-0.000101974 16 24 17 16 199 49 88 64
-0.000101902 16 32 17 16 199 49 88 64
-8.77234e-005 16 40 17 16 199 49 88 64
-0.000101909 16 48 17 16 199 49 88 64
-0.00010196 24 0 17 16 199 49 88 64
-4.97075e-005 24 8 17 16 199 49 88 64
-0.000101632 24 16 17 16 199 49 88 64
-0.000101792 24 24 17 16 199 49 88 64
-0.00010165 24 32 17 16 199 49 88 64
-7.0675e-005 24 40 17 16 199 49 88 64
-0.000101934 24 48 17 16 199 49 88 64
-0.000101987 32 0 17 16 199 49 88 64
-9.78747e-005 32 8 17 16 199 49 88 64
-0.000101434 32 16 17 16 199 49 88 64
-0.000101677 32 24 17 16 199 49 88 64
-0.000101688 32 32 17 16 199 49 88 64
-8.24846e-005 32 40 17 16 199 49 88 64
-0.000101856 32 48 17 16 199 49 88 64
-0.000101988 40 0 17 16 199 49 88 64
-0.000101642 40 8 17 16 199 49 88 64
-0.000101711 40 16 17 16 199 49 88 64
-0.000101774 40 24 17 16 199 49 88 64
-0.000101704 40 32 17 16 199 49 88 64
-7.40395e-005 40 40 17 16 199 49 88 64
-0.000101958 40 48 17 16 199 49 88 64
-0.000101988 48 0 17 16 199 49 88 64
-0.000101773 48 8 17 16 199 49 88 64
-0.000101713 48 16 17 16 199 49 88 64
-0.000101809 48 24 17 16 199 49 88 64
-0.000101746 48 32 17 16 199 49 88 64
-9.9281e-005 48 40 17 16 199 49 88 64
-0.000101959 48 48 17 16 199 49 88 64
-0.000101985 56 0 17 16 199 49 88 64
-0.000101714 56 8 17 16 199 49 88 64
-0.000101889 56 16 17 16 199 49 88 64
-0.000101962 56 24 17 16 199 49 88 64
-0.000101947 56 32 17 16 199 49 88 64
-0.000101946 56 40 17 16 199 49 88 64
-0.000101975 56 48 17 16 199 49 88 64
-0.000101984 64 0 17 16 199 49 88 64
-0.000101977 64 8 17 16 199 49 88 64
-0.000101979 64 16 17 16 199 49 88 64
-0.000101981 64 24 17 16 199 49 88 64
-0.000101976 64 32 17 16 199 49 88 64
-0.000101966 64 40 17 16 199 49 88 64
-0.000101961 64 48 17 16 199 49 88 64
-0.000101983 0 0 17 16 199 49 88 64
-0.000101984 0 8 17 16 199 49 88 64
-0.000101963 0 16 17 16 199 49 88 64
-0.00010182 0 24 17 16 199 49 88 64
-0.000101937 0 32 17 16 199 49 88 64
-0.000101981 0 40 17 16 199 49 88 64
-0.000101986 0 48 17 16 199 49 88 64
-0.000101706 8 0 17 16 199 49 88 64
-0.000101939 8 8 17 16 199 49 88 64
-0.000101967 8 16 17 16 199 49 88 64
-0.000101949 8 24 17 16 199 49 88 64
-0.00010195 8 32 17 16 199 49 88 64
-0.000101872 8 40 17 16 199 49 88 64
-0.000101975 8 48 17 16 199 49 88 64
-0.000101787 16 0 17 16 199 49 88 64
-0.000101824 16 8 17 16 199 49 88 64
-0.000101959 16 16 17 16 199 49 88 64
-0.000101967 16 24 17 16 199 49 88 64
-0.000101901 16 32 17 16 199 49 88 64
-0.000101626 16 40 17 16 199 49 88 64
-0.000101451 16 48 17 16 199 49 88 64
-0.000101717 24 0 17 16 199 49 88 64
-7.48423e-005 24 8 17 16 199 49 88 64
-0.000101766 24 16 17 16 199 49 88 64
-0.000101762 24 24 17 16 199 49 88 64
-6.50763e-005 24 32 17 16 199 49 88 64
-8.0215e-005 24 40 17 16 199 49 88 64
-0.000101932 24 48 17 16 199 49 88 64
-9.6451e-005 32 0 17 16 199 49 88 64
-5.27429e-005 32 8 17 16 199 49 88 64
-0.000101593 32 16 17 16 199 49 88 64
-0.000101667 32 24 17 16 199 49 88 64
-6.98672e-005 32 32 17 16 199 49 88 64
-0.000101569 32 40 17 16 199 49 88 64
-0.000101984 32 48 17 16 199 49 88 64
-9.3606e-005 40 0 17 16 199 49 88 64
-3.93481e-005 40 8 17 16 199 49 88 64
-8.17366e-005 40 16 17 16 199 49 88 64
-0.000101657 40 24 17 16 199 49 88 64
-0.000101621 40 32 17 16 199 49 88 64
-0.000101766 40 40 17 16 199 49 88 64
-0.000101987 40 48 17 16 199 49 88 64
-0.000101841 48 0 17 16 199 49 88 64
-7.87156e-005 48 8 17 16 199 49 88 64
-7.32173e-005 48 16 17 16 199 49 88 64
-6.81924e-005 48 24 17 16 199 49 88 64
-0.000101571 48 32 17 16 199 49 88 64
-0.000101852 48 40 17 16 199 49 88 64
-0.000101987 48 48 17 16 199 49 88 64
-0.000101941 56 0 17 16 199 49 88 64
-5.68543e-005 56 8 17 16 199 49 88 64
-0.000101746 56 16 17 16 199 49 88 64
-0.000101947 56 24 17 16 199 49 88 64
-0.000101946 56 32 17 16 199 49 88 64
-0.000101708 56 40 17 16 199 49 88 64
-0.000101987 56 48 17 16 199 49 88 64
-0.000101966 64 0 17 16 199 49 88 64
-0.00010195 64 8 17 16 199 49 88 64
-0.000101966 64 16 17 16 199 49 88 64
-0.000101975 64 24 17 16 199 49 88 64
-0.000101971 64 32 17 16 199 49 88 64
-0.00010194 64 40 17 16 199 49 88 64
-0.000101986 64 48 17 16 199 49 88 64
-0.000101987 0 0 17 16 199 49 88 64
-0.000101988 0 8 17 16 199 49 88 64
-0.000101988 0 16 17 16 199 49 88 64
-0.000101987 0 24 17 16 199 49 88 64
-0.000101988 0 32 17 16 199 49 88 64
-0.000101988 0 40 17 16 199 49 88 64
-0.000101988 0 48 17 16 199 49 88 64
-0.000101972 8 0 17 16 199 49 88 64
-0.00010198 8 8 17 16 199 49 88 64
-0.000101987 8 16 17 16 199 49 88 64
-0.000101988 8 24 17 16 199 49 88 64
-0.000101987 8 32 17 16 199 49 88 64
-0.000101983 8 40 17 16 199 49 88 64
-0.000101987 8 48 17 16 199 49 88 64
-0.000101965 16 0 17 16 199 49 88 64
-0.000101801 16 8 17 16 199 49 88 64
-0.000101981 16 16 17 16 199 49 88 64
-0.000101986 16 24 17 16 199 49 88 64
-0.000101979 16 32 17 16 199 49 88 64
-0.000101826 16 40 17 16 199 49 88 64
-0.000101983 16 48 17 16 199 49 88 64
-0.000101967 24 0 17 16 199 49 88 64
-8.47409e-005 24 8 17 16 199 49 88 64
-0.00010186 24 16 17 16 199 49 88 64
-0.000101912 24 24 17 16 199 49 88 64
-0.0001017 24 32 17 16 199 49 88 64
-9.06862e-005 24 40 17 16 199 49 88 64
-0.000101979 24 48 17 16 199 49 88 64
-0.000101959 32 0 17 16 199 49 88 64
-8.39851e-005 32 8 17 16 199 49 88 64
-7.23747e-005 32 16 17 16 199 49 88 64
-4.56585e-005 32 24 17 16 199 49 88 64
-4.75935e-005 32 32 17 16 199 49 88 64
-6.26866e-005 32 40 17 16 199 49 88 64
-0.000101978 32 48 17 16 199 49 88 64
-0.000101947 40 0 17 16 199 49 88 64
-6.01449e-005 40 8 17 16 199 49 88 64
-5.32861e-005 40 16 17 16 199 49 88 64
-5.14545e-005 40 24 17 16 199 49 88 64
-5.07947e-005 40 32 17 16 199 49 88 64
-5.51539e-005 40 40 17 16 199 49 88 64
-0.000101976 40 48 17 16 199 49 88 64
-0.000101967 48 0 17 16 199 49 88 64
-0.000101589 48 8 17 16 199 49 88 64
-0.000101571 48 16 17 16 199 49 88 64
-0.000101425 48 24 17 16 199 49 88 64
-6.74394e-005 48 32 17 16 199 49 88 64
-6.18383e-005 48 40 17 16 199 49 88 64
-0.000101974 48 48 17 16 199 49 88 64
-0.000101981 56 0 17 16 199 49 88 64
-4.2612e-005 56 8 17 16 199 49 88 64
-0.000101837 56 16 17 16 199 49 88 64
-0.000101975 56 24 17 16 199 49 88 64
-0.000101976 56 32 17 16 199 49 88 64
-0.000101935 56 40 17 16 199 49 88 64
-0.000101975 56 48 17 16 199 49 88 64
-0.000101985 64 0 17 16 199 49 88 64
-0.000101949 64 8 17 16 199 49 88 64
-0.000101979 64 16 17 16 199 49 88 64
-0.000101987 64 24 17 16 199 49 88 64
-0.000101987 64 32 17 16 199 49 88 64
-0.000101979 64 40 17 16 199 49 88 64
-0.000101977 64 48 17 16 199 49 88 64
-0.000101987 0 0 17 16 199 49 88 64
-0.000101987 0 8 17 16 199 49 88 64
-0.000101986 0 16 17 16 199 49 88 64
-0.000101978 0 24 17 16 199 49 88 64
-0.00010198 0 32 17 16 199 49 88 64
-0.00010198 0 40 17 16 199 49 88 64
-0.000101982 0 48 17 16 199 49 88 64
-0.000101973 8 0 17 16 199 49 88 64
-0.000101968 8 8 17 16 199 49 88 64
-0.000101927 8 16 17 16 199 49 88 64
-0.000101879 8 24 17 16 199 49 88 64
-0.000101982 8 32 17 16 199 49 88 64
-0.000101987 8 40 17 16 199 49 88 64
-0.000101985 8 48 17 16 199 49 88 64
-0.000101963 16 0 17 16 199 49 88 64
-8.32345e-005 16 8 17 16 199 49 88 64
-0.000101902 16 16 17 16 199 49 88 64
-0.000101858 16 24 17 16 199 49 88 64
-0.000101955 16 32 17 16 199 49 88 64
-0.000101976 16 40 17 16 199 49 88 64
-0.000101985 16 48 17 16 199 49 88 64
-0.000101982 24 0 17 16 199 49 88 64
-9.5736e-005 24 8 17 16 199 49 88 64
-0.000101823 24 16 17 16 199 49 88 64
-0.0001019 24 24 17 16 199 49 88 64
-0.000101734 24 32 17 16 199 49 88 64
-4.67456e-005 24 40 17 16 199 49 88 64
-0.000101986 24 48 17 16 199 49 88 64
-0.000101975 32 0 17 16 199 49 88 64
-5.01308e-005 32 8 17 16 199 49 88 64
-6.90351e-005 32 16 17 16 199 49 88 64
-5.77353e-005 32 24 17 16 199 49 88 64
-0.000101686 32 32 17 16 199 49 88 64
-9.85837e-005 32 40 17 16 199 49 88 64
-0.000101982 32 48 17 16 199 49 88 64
-0.000101675 40 0 17 16 199 49 88 64
-6.09957e-005 40 8 17 16 199 49 88 64
-8.99565e-005 40 16 17 16 199 49 88 64
-5.21331e-005 40 24 17 16 199 49 88 64
-0.000101573 40 32 17 16 199 49 88 64
-0.00010142 40 40 17 16 199 49 88 64
-0.00010196 40 48 17 16 199 49 88 64
-0.000101968 48 0 17 16 199 49 88 64
-8.62371e-005 48 8 17 16 199 49 88 64
-0.000101572 48 16 17 16 199 49 88 64
-0.000101893 48 24 17 16 199 49 88 64
-0.000101893 48 32 17 16 199 49 88 64
-0.00010192 48 40 17 16 199 49 88 64
-0.000101974 48 48 17 16 199 49 88 64
-0.000101978 56 0 17 16 199 49 88 64
-0.0001019 56 8 17 16 199 49 88 64
-0.000101864 56 16 17 16 199 49 88 64
-0.00010192 56 24 17 16 199 49 88 64
-0.000101902 56 32 17 16 199 49 88 64
-0.000101972 56 40 17 16 199 49 88 64
-0.000101982 56 48 17 16 199 49 88 64
-0.000101988 64 0 17 16 199 49 88 64
-0.000101988 64 8 17 16 199 49 88 64
-0.000101987 64 16 17 16 199 49 88 64
-0.000101955 64 24 17 16 199 49 88 64
-0.000101932 64 32 17 16 199 49 88 64
-0.000101985 64 40 17 16 199 49 88 64
-0.000101986 64 48 17 16 199 49 88 64
-0.000101987 0 0 17 16 199 49 88 64
-0.000101988 0 8 17 16 199 49 88 64
-0.000101988 0 16 17 16 199 49 88 64
-0.000101987 0 24 17 16 199 49 88 64
-0.000101984 0 32 17 16 199 49 88 64
-0.000101988 0 40 17 16 199 49 88 64
-0.000101988 0 48 17 16 199 49 88 64
-0.000101972 8 0 17 16 199 49 88 64
-0.000101985 8 8 17 16 199 49 88 64
-0.000101988 8 16 17 16 199 49 88 64
-0.000101984 8 24 17 16 199 49 88 64
-0.000101987 8 32 17 16 199 49 88 64
-0.000101988 8 40 17 16 199 49 88 64
-0.000101988 8 48 17 16 199 49 88 64
-0.000101933 16 0 17 16 199 49 88 64
-0.000101974 16 8 17 16 199 49 88 64
-0.000101987 16 16 17 16 199 49 88 64
-0.000101988 16 24 17 16 199 49 88 64
-0.000101988 16 32 17 16 199 49 88 64
-0.000101976 16 40 17 16 199 49 88 64
-0.000101983 16 48 17 16 199 49 88 64
-0.000101948 24 0 17 16 199 49 88 64
-0.000101812 24 8 17 16 199 49 88 64
-0.000101982 24 16 17 16 199 49 88 64
-0.000101987 24 24 17 16 199 49 88 64
-0.000101985 24 32 17 16 199 49 88 64
-0.000101685 24 40 17 16 199 49 88 64
-0.000101986 24 48 17 16 199 49 88 64
-0.000101853 32 0 17 16 199 49 88 64
-0.000101704 32 8 17 16 199 49 88 64
-0.000101741 32 16 17 16 199 49 88 64
-0.000101855 32 24 17 16 199 49 88 64
-0.000101897 32 32 17 16 199 49 88 64
-0.000101797 32 40 17 16 199 49 88 64
-0.000101986 32 48 17 16 199 49 88 64
-0.00010185 40 0 17 16 199 49 88 64
-0.000101888 40 8 17 16 199 49 88 64
-0.000101893 40 16 17 16 199 49 88 64
-0.000101829 40 24 17 16 199 49 88 64
-0.000101924 40 32 17 16 199 49 88 64
-0.000101893 40 40 17 16 199 49 88 64
-0.000101978 40 48 17 16 199 49 88 64
-0.000101979 48 0 17 16 199 49 88 64
-0.000101915 48 8 17 16 199 49 88 64
-0.000101935 48 16 17 16 199 49 88 64
-0.000101967 48 24 17 16 199 49 88 64
-0.000101967 48 32 17 16 199 49 88 64
-0.000101971 48 40 17 16 199 49 88 64
-0.000101976 48 48 17 16 199 49 88 64
-0.000101984 56 0 17 16 199 49 88 64
-0.000101977 56 8 17 16 199 49 88 64
-0.000101983 56 16 17 16 199 49 88 64
-0.000101982 56 24 17 16 199 49 88 64
-0.000101975 56 32 17 16 199 49 88 64
-0.000101974 56 40 17 16 199 49 88 64
-0.000101982 56 48 17 16 199 49 88 64
-0.000101988 64 0 17 16 199 49 88 64
-0.000101988 64 8 17 16 199 49 88 64
-0.000101987 64 16 17 16 199 49 88 64
-0.000101984 64 24 17 16 199 49 88 64
-0.000101983 64 32 17 16 199 49 88 64
-0.000101985 64 40 17 16 199 49 88 64
-0.000101986 64 48 17 16 199 49 88 64
-0.000101983 0 0 17 16 199 49 88 64
-0.000101988 0 8 17 16 199 49 88 64
-0.000101987 0 16 17 16 199 49 88 64
-0.000101984 0 24 17 16 199 49 88 64
-0.000101987 0 32 17 16 199 49 88 64
-0.000101988 0 40 17 16 199 49 88 64
-0.000101985 0 48 17 16 199 49 88 64
-0.000101974 8 0 17 16 199 49 88 64
-0.000101988 8 8 17 16 199 49 88 64
-0.000101988 8 16 17 16 199 49 88 64
-0.000101987 8 24 17 16 199 49 88 64
-0.000101986 8 32 17 16 199 49 88 64
-0.000101988 8 40 17 16 199 49 88 64
-0.000101986 8 48 17 16 199 49 88 64
-0.00010195 16 0 17 16 199 49 88 64
-0.00010198 16 8 17 16 199 49 88 64
-0.000101987 16 16 17 16 199 49 88 64
-0.000101988 16 24 17 16 199 49 88 64
-0.000101988 16 32 17 16 199 49 88 64
-0.000101987 16 40 17 16 199 49 88 64
-0.000101986 16 48 17 16 199 49 88 64
-0.000101979 24 0 17 16 199 49 88 64
-0.000101944 24 8 17 16 199 49 88 64
-0.000101978 24 16 17 16 199 49 88 64
-0.000101986 24 24 17 16 199 49 88 64
-0.000101985 24 32 17 16 199 49 88 64
-0.000101982 24 40 17 16 199 49 88 64
-0.000101987 24 48 17 16 199 49 88 64
-0.00010198 32 0 17 16 199 49 88 64
-0.000101926 32 8 17 16 199 49 88 64
-0.000101916 32 16 17 16 199 49 88 64
-0.000101785 32 24 17 16 199 49 88 64
-0.000101826 32 32 17 16 199 49 88 64
-0.000101974 32 40 17 16 199 49 88 64
-0.000101988 32 48 17 16 199 49 88 64
-0.000101973 40 0 17 16 199 49 88 64
-0.000101947 40 8 17 16 199 49 88 64
-0.000101856 40 16 17 16 199 49 88 64
-0.00010191 40 24 17 16 199 49 88 64
-0.000101934 40 32 17 16 199 49 88 64
-0.000101916 40 40 17 16 199 49 88 64
-0.000101988 40 48 17 16 199 49 88 64
-0.000101986 48 0 17 16 199 49 88 64
-0.000101957 48 8 17 16 199 49 88 64
-0.000101928 48 16 17 16 199 49 88 64
-0.000101976 48 24 17 16 199 49 88 64
-0.000101977 48 32 17 16 199 49 88 64
-0.000101976 48 40 17 16 199 49 88 64
-0.000101988 48 48 17 16 199 49 88 64
-0.000101987 56 0 17 16 199 49 88 64
-0.000101977 56 8 17 16 199 49 88 64
-0.000101987 56 16 17 16 199 49 88 64
-0.000101988 56 24 17 16 199 49 88 64
-0.000101987 56 32 17 16 199 49 88 64
-0.000101987 56 40 17 16 199 49 88 64
-0.000101988 56 48 17 16 199 49 88 64
-0.000101986 64 0 17 16 199 49 88 64
-0.000101982 64 8 17 16 199 49 88 64
-0.000101988 64 16 17 16 199 49 88 64
-0.000101988 64 24 17 16 199 49 88 64
-0.000101988 64 32 17 16 199 49 88 64
-0.000101987 64 40 17 16 199 49 88 64
-0.000101988 64 48 17 16 199 49 88 64
-0.000101985 0 0 17 16 199 49 88 64
-0.000101988 0 8 17 16 199 49 88 64
-0.000101986 0 16 17 16 199 49 88 64
-0.000101983 0 24 17 16 199 49 88 64
-0.000101986 0 32 17 16 199 49 88 64
-0.000101988 0 40 17 16 199 49 88 64
-0.000101988 0 48 17 16 199 49 88 64
-0.000101987 8 0 17 16 199 49 88 64
-0.000101987 8 8 17 16 199 49 88 64
-0.000101988 8 16 17 16 199 49 88 64
-0.000101988 8 24 17 16 199 49 88 64
-0.000101988 8 32 17 16 199 49 88 64
-0.000101988 8 40 17 16 199 49 88 64
-0.000101988 8 48 17 16 199 49 88 64
-0.000101988 16 0 17 16 199 49 88 64
-0.00010198 16 8 17 16 199 49 88 64
-0.000101987 16 16 17 16 199 49 88 64
-0.000101988 16 24 17 16 199 49 88 64
-0.000101988 16 32 17 16 199 49 88 64
-0.000101988 16 40 17 16 199 49 88 64
-0.000101987 16 48 17 16 199 49 88 64
-0.000101988 24 0 17 16 199 49 88 64
-0.000101946 24 8 17 16 199 49 88 64
-0.000101921 24 16 17 16 199 49 88 64
-0.000101831 24 24 17 16 199 49 88 64
-0.000101955 24 32 17 16 199 49 88 64
-0.000101987 24 40 17 16 199 49 88 64
-0.000101988 24 48 17 16 199 49 88 64
-0.000101988 32 0 17 16 199 49 88 64
-0.000101889 32 8 17 16 199 49 88 64
-0.000101579 32 16 17 16 199 49 88 64
-8.92186e-005 32 24 17 16 199 49 88 64
-0.000101798 32 32 17 16 199 49 88 64
-0.000101984 32 40 17 16 199 49 88 64
-0.000101988 32 48 17 16 199 49 88 64
-0.000101988 40 0 17 16 199 49 88 64
-0.000101773 40 8 17 16 199 49 88 64
-6.35148e-005 40 16 17 16 199 49 88 64
-0.000100001 40 24 17 16 199 49 88 64
-0.000101739 40 32 17 16 199 49 88 64
-0.000101979 40 40 17 16 199 49 88 64
-0.000101988 40 48 17 16 199 49 88 64
-0.000101988 48 0 17 16 199 49 88 64
-0.000101907 48 8 17 16 199 49 88 64
-9.43182e-005 48 16 17 16 199 49 88 64
-0.000101575 48 24 17 16 199 49 88 64
-0.000101677 48 32 17 16 199 49 88 64
-0.000101973 48 40 17 16 199 49 88 64
-0.000101988 48 48 17 16 199 49 88 64
-0.000101988 56 0 17 16 199 49 88 64
-0.000101962 56 8 17 16 199 49 88 64
-0.000101894 56 16 17 16 199 49 88 64
-0.000101982 56 24 17 16 199 49 88 64
-0.000101986 56 32 17 16 199 49 88 64
-0.000101988 56 40 17 16 199 49 88 64
-0.000101988 56 48 17 16 199 49 88 64
-0.000101988 64 0 17 16 199 49 88 64
-0.000101974 64 8 17 16 199 49 88 64
-0.00010198 64 16 17 16 199 49 88 64
-0.000101988 64 24 17 16 199 49 88 64
-0.000101988 64 32 17 16 199 49 88 64
-0.000101988 64 40 17 16 199 49 88 64
-0.000101987 64 48 17 16 199 49 88 64
-0.000101978 0 0 17 16 199 49 88 64
-0.000101988 0 8 17 16 199 49 88 64
-0.000101986 0 16 17 16 199 49 88 64
-0.000101983 0 24 17 16 199 49 88 64
-0.000101987 0 32 17 16 199 49 88 64
-0.000101988 0 40 17 16 199 49 88 64
-0.000101988 0 48 17 16 199 49 88 64
-0.000101971 8 0 17 16 199 49 88 64
-0.000101988 8 8 17 16 199 49 88 64
-0.000101987 8 16 17 16 199 49 88 64
-0.000101988 8 24 17 16 199 49 88 64
-0.000101988 8 32 17 16 199 49 88 64
-0.000101987 8 40 17 16 199 49 88 64
-0.000101987 8 48 17 16 199 49 88 64
-0.00010197 16 0 17 16 199 49 88 64
-0.000101987 16 8 17 16 199 49 88 64
-0.000101988 16 16 17 16 199 49 88 64
-0.000101988 16 24 17 16 199 49 88 64
-0.000101986 16 32 17 16 199 49 88 64
-0.000101986 16 40 17 16 199 49 88 64
-0.000101987 16 48 17 16 199 49 88 64
-0.000101983 24 0 17 16 199 49 88 64
-0.000101949 24 8 17 16 199 49 88 64
-0.000101984 24 16 17 16 199 49 88 64
-0.000101985 24 24 17 16 199 49 88 64
-0.000101982 24 32 17 16 199 49 88 64
-0.000101986 24 40 17 16 199 49 88 64
-0.000101988 24 48 17 16 199 49 88 64
-0.000101986 32 0 17 16 199 49 88 64
-0.000101855 32 8 17 16 199 49 88 64
-0.000101673 32 16 17 16 199 49 88 64
-0.00010171 32 24 17 16 199 49 88 64
-0.000101884 32 32 17 16 199 49 88 64
-0.000101981 32 40 17 16 199 49 88 64
-0.000101988 32 48 17 16 199 49 88 64
-0.000101986 40 0 17 16 199 49 88 64
-0.000101873 40 8 17 16 199 49 88 64
-7.63866e-005 40 16 17 16 199 49 88 64
-0.000101669 40 24 17 16 199 49 88 64
-0.000101875 40 32 17 16 199 49 88 64
-0.000101961 40 40 17 16 199 49 88 64
-0.000101988 40 48 17 16 199 49 88 64
-0.000101986 48 0 17 16 199 49 88 64
-0.000101935 48 8 17 16 199 49 88 64
-8.84677e-005 48 16 17 16 199 49 88 64
-0.000101879 48 24 17 16 199 49 88 64
-0.00010197 48 32 17 16 199 49 88 64
-0.000101979 48 40 17 16 199 49 88 64
-0.000101988 48 48 17 16 199 49 88 64
-0.000101987 56 0 17 16 199 49 88 64
-0.00010197 56 8 17 16 199 49 88 64
-0.000101977 56 16 17 16 199 49 88 64
-0.000101987 56 24 17 16 199 49 88 64
-0.000101988 56 32 17 16 199 49 88 64
-0.000101988 56 40 17 16 199 49 88 64
-0.000101988 56 48 17 16 199 49 88 64
-0.000101988 64 0 17 16 199 49 88 64
-0.00010198 64 8 17 16 199 49 88 64
-0.000101988 64 16 17 16 199 49 88 64
-0.000101988 64 24 17 16 199 49 88 64
-0.000101988 64 32 17 16 199 49 88 64
-0.000101988 64 40 17 16 199 49 88 64
-0.000101988 64 48 17 16 199 49 88 64
-0.000101988 0 0 17 16 199 49 88 64
-0.000101988 0 8 17 16 199 49 88 64
-0.000101988 0 16 17 16 199 49 88 64
-0.000101981 0 24 17 16 199 49 88 64
-0.000101983 0 32 17 16 199 49 88 64
-0.000101978 0 40 17 16 199 49 88 64
-0.000101973 0 48 17 16 199 49 88 64
-0.00010198 8 0 17 16 199 49 88 64
-0.000101985 8 8 17 16 199 49 88 64
-0.000101985 8 16 17 16 199 49 88 64
-0.00010198 8 24 17 16 199 49 88 64
-0.000101986 8 32 17 16 199 49 88 64
-0.000101986 8 40 17 16 199 49 88 64
-0.000101987 8 48 17 16 199 49 88 64
-0.000101932 16 0 17 16 199 49 88 64
-0.000101945 16 8 17 16 199 49 88 64
-0.000101983 16 16 17 16 199 49 88 64
-0.000101982 16 24 17 16 199 49 88 64
-0.000101978 16 32 17 16 199 49 88 64
-0.000101972 16 40 17 16 199 49 88 64
-0.000101988 16 48 17 16 199 49 88 64
-0.000101969 24 0 17 16 199 49 88 64
-0.000101821 24 8 17 16 199 49 88 64
-0.000101976 24 16 17 16 199 49 88 64
-0.000101978 24 24 17 16 199 49 88 64
-0.00010192 24 32 17 16 199 49 88 64
-0.000101592 24 40 17 16 199 49 88 64
-0.000101987 24 48 17 16 199 49 88 64
-0.000101961 32 0 17 16 199 49 88 64
-9.21635e-005 32 8 17 16 199 49 88 64
-0.000101459 32 16 17 16 199 49 88 64
-9.14242e-005 32 24 17 16 199 49 88 64
-0.000101523 32 32 17 16 199 49 88 64
-0.000101623 32 40 17 16 199 49 88 64
-0.000101985 32 48 17 16 199 49 88 64
-0.000101884 40 0 17 16 199 49 88 64
-0.000101933 40 8 17 16 199 49 88 64
-0.000101894 40 16 17 16 199 49 88 64
-0.000101933 40 24 17 16 199 49 88 64
-0.000101945 40 32 17 16 199 49 88 64
-0.00010194 40 40 17 16 199 49 88 64
-0.000101971 40 48 17 16 199 49 88 64
-0.000101979 48 0 17 16 199 49 88 64
-0.000101927 48 8 17 16 199 49 88 64
-0.000101923 48 16 17 16 199 49 88 64
-0.000101974 48 24 17 16 199 49 88 64
-0.000101983 48 32 17 16 199 49 88 64
-0.000101977 48 40 17 16 199 49 88 64
-0.000101977 48 48 17 16 199 49 88 64
-0.000101984 56 0 17 16 199 49 88 64
-0.000101972 56 8 17 16 199 49 88 64
-0.000101982 56 16 17 16 199 49 88 64
-0.000101987 56 24 17 16 199 49 88 64
-0.000101987 56 32 17 16 199 49 88 64
-0.000101984 56 40 17 16 199 49 88 64
-0.000101984 56 48 17 16 199 49 88 64
-0.000101987 64 0 17 16 199 49 88 64
-0.000101988 64 8 17 16 199 49 88 64
-0.000101988 64 16 17 16 199 49 88 64
-0.000101987 64 24 17 16 199 49 88 64
-0.000101984 64 32 17 16 199 49 88 64
-0.000101987 64 40 17 16 199 49 88 64
-0.000101988 64 48 17 16 199 49 88 64
-0.000101985 0 0 25 21 199 49 88 64
-0.000101988 0 10 25 21 199 49 88 64
-0.000101987 0 20 25 21 199 49 88 64
-0.000101987 0 30 25 21 199 49 88 64
-0.000101983 0 40 25 21 199 49 88 64
-0.000101975 12 0 25 21 199 49 88 64
-0.000101984 12 10 25 21 199 49 88 64
-0.000101987 12 20 25 21 199 49 88 64
-0.000101987 12 30 25 21 199 49 88 64
-0.000101987 12 40 25 21 199 49 88 64
-0.000101985 24 0 25 21 199 49 88 64
-0.000101942 24 10 25 21 199 49 88 64
-0.000101971 24 20 25 21 199 49 88 64
-0.000101959 24 30 25 21 199 49 88 64
-0.000101987 24 40 25 21 199 49 88 64
-0.000101986 36 0 25 21 199 49 88 64
-5.92944e-005 36 10 25 21 199 49 88 64
-7.9465e-005 36 20 25 21 199 49 88 64
-0.000101723 36 30 25 21 199 49 88 64
-0.000101986 36 40 25 21 199 49 88 64
-0.000101986 48 0 25 21 199 49 88 64
-0.000101953 48 10 25 21 199 49 88 64
-0.000101979 48 20 25 21 199 49 88 64
-0.000101983 48 30 25 21 199 49 88 64
-0.000101988 48 40 25 21 199 49 88 64
-0.000101987 60 0 25 21 199 49 88 64
-0.000101988 60 10 25 21 199 49 88 64
-0.000101988 60 20 25 21 199 49 88 64
-0.000101988 60 30 25 21 199 49 88 64
-0.000101988 60 40 25 21 199 49 88 64
-0.000101972 0 0 25 21 199 49 88 64
-0.000101978 0 10 25 21 199 49 88 64
-0.00010195 0 20 25 21 199 49 88 64
-0.000101974 0 30 25 21 199 49 88 64
-0.000101978 0 40 25 21 199 49 88 64
-0.000101734 12 0 25 21 199 49 88 64
-0.000101955 12 10 25 21 199 49 88 64
-0.00010196 12 20 25 21 199 49 88 64
-0.000101805 12 30 25 21 199 49 88 64
-0.000101848 12 40 25 21 199 49 88 64
-0.000101979 24 0 25 21 199 49 88 64
-9.50258e-005 24 10 25 21 199 49 88 64
-0.000101695 24 20 25 21 199 49 88 64
-0.000101623 24 30 25 21 199 49 88 64
-7.79529e-005 24 40 25 21 199 49 88 64
-0.000101987 36 0 25 21 199 49 88 64
-0.000101661 36 10 25 21 199 49 88 64
-0.000101783 36 20 25 21 199 49 88 64
-0.000101661 36 30 25 21 199 49 88 64
-0.000101603 36 40 25 21 199 49 88 64
-0.000101986 48 0 25 21 199 49 88 64
-0.000101811 48 10 25 21 199 49 88 64
-0.000101935 48 20 25 21 199 49 88 64
-0.000101913 48 30 25 21 199 49 88 64
-0.000101941 48 40 25 21 199 49 88 64
-0.000101984 60 0 25 21 199 49 88 64
-0.000101977 60 10 25 21 199 49 88 64
-0.000101977 60 20 25 21 199 49 88 64
-0.000101972 60 30 25 21 199 49 88 64
-0.000101923 60 40 25 21 199 49 88 64
-0.000101977 0 0 25 21 199 49 88 64
-0.000101973 0 10 25 21 199 49 88 64
-0.000101905 0 20 25 21 199 49 88 64
-0.000101938 0 30 25 21 199 49 88 64
-0.000101978 0 40 25 21 199 49 88 64
-0.000101704 12 0 25 21 199 49 88 64
-0.000101915 12 10 25 21 199 49 88 64
-0.000101929 12 20 25 21 199 49 88 64
-0.000101716 12 30 25 21 199 49 88 64
-9.28894e-005 12 40 25 21 199 49 88 64
-0.000100714 24 0 25 21 199 49 88 64
-7.15205e-005 24 10 25 21 199 49 88 64
-0.000101799 24 20 25 21 199 49 88 64
-8.54877e-005 24 30 25 21 199 49 88 64
-0.0001019 24 40 25 21 199 49 88 64
-0.000101444 36 0 25 21 199 49 88 64
-5.8547e-005 36 10 25 21 199 49 88 64
-0.000101702 36 20 25 21 199 49 88 64
-0.00010162 36 30 25 21 199 49 88 64
-0.000101975 36 40 25 21 199 49 88 64
-0.000101846 48 0 25 21 199 49 88 64
-0.000101506 48 10 25 21 199 49 88 64
-0.000101867 48 20 25 21 199 49 88 64
-0.000101901 48 30 25 21 199 49 88 64
-0.000101973 48 40 25 21 199 49 88 64
-0.000101981 60 0 25 21 199 49 88 64
-0.000101984 60 10 25 21 199 49 88 64
-0.00010198 60 20 25 21 199 49 88 64
-0.000101953 60 30 25 21 199 49 88 64
-0.000101963 60 40 25 21 199 49 88 64
-0.000101984 0 0 25 21 199 49 88 64
-0.000101987 0 10 25 21 199 49 88 64
-0.000101988 0 20 25 21 199 49 88 64
-0.000101988 0 30 25 21 199 49 88 64
-0.000101987 0 40 25 21 199 49 88 64
-0.000101936 12 0 25 21 199 49 88 64
-0.000101973 12 10 25 21 199 49 88 64
-0.000101983 12 20 25 21 199 49 88 64
-0.000101976 12 30 25 21 199 49 88 64
-0.00010197 12 40 25 21 199 49 88 64
-0.000101935 24 0 25 21 199 49 88 64
-0.000101479 24 10 25 21 199 49 88 64
-0.000101741 24 20 25 21 199 49 88 64
-9.71623e-005 24 30 25 21 199 49 88 64
-0.000101933 24 40 25 21 199 49 88 64
-0.000101927 36 0 25 21 199 49 88 64
-5.60359e-005 36 10 25 21 199 49 88 64
-4.40937e-005 36 20 25 21 199 49 88 64
-4.08914e-005 36 30 25 21 199 49 88 64
-0.000101899 36 40 25 21 199 49 88 64
-0.000101965 48 0 25 21 199 49 88 64
-0.000101435 48 10 25 21 199 49 88 64
-0.000101947 48 20 25 21 199 49 88 64
-0.000101949 48 30 25 21 199 49 88 64
-0.000101916 48 40 25 21 199 49 88 64
-0.000101983 60 0 25 21 199 49 88 64
-0.000101979 60 10 25 21 199 49 88 64
-0.000101985 60 20 25 21 199 49 88 64
-0.000101985 60 30 25 21 199 49 88 64
-0.000101977 60 40 25 21 199 49 88 64
-0.000101985 0 0 25 21 199 49 88 64
-0.000101985 0 10 25 21 199 49 88 64
-0.000101967 0 20 25 21 199 49 88 64
-0.00010195 0 30 25 21 199 49 88 64
-0.000101956 0 40 25 21 199 49 88 64
-0.000101963 12 0 25 21 199 49 88 64
-0.000101753 12 10 25 21 199 49 88 64
-7.56117e-005 12 20 25 21 199 49 88 64
-0.000101973 12 30 25 21 199 49 88 64
-0.000101982 12 40 25 21 199 49 88 64
-0.000101969 24 0 25 21 199 49 88 64
-0.00010169 24 10 25 21 199 49 88 64
-0.000101782 24 20 25 21 199 49 88 64
-0.000101565 24 30 25 21 199 49 88 64
-0.000101933 24 40 25 21 199 49 88 64
-0.000101907 36 0 25 21 199 49 88 64
-0.000101571 36 10 25 21 199 49 88 64
-0.000101503 36 20 25 21 199 49 88 64
-0.000101558 36 30 25 21 199 49 88 64
-0.000101633 36 40 25 21 199 49 88 64
-0.000101942 48 0 25 21 199 49 88 64
-0.000101761 48 10 25 21 199 49 88 64
-0.000101886 48 20 25 21 199 49 88 64
-0.000101845 48 30 25 21 199 49 88 64
-0.000101959 48 40 25 21 199 49 88 64
-0.000101988 60 0 25 21 199 49 88 64
-0.000101988 60 10 25 21 199 49 88 64
-0.000101985 60 20 25 21 199 49 88 64
-0.000101939 60 30 25 21 199 49 88 64
-0.000101987 60 40 25 21 199 49 88 64
-0.000101986 0 0 25 21 199 49 88 64
-0.000101988 0 10 25 21 199 49 88 64
-0.000101986 0 20 25 21 199 49 88 64
-0.000101986 0 30 25 21 199 49 88 64
-0.000101987 0 40 25 21 199 49 88 64
-0.000101942 12 0 25 21 199 49 88 64
-0.000101983 12 10 25 21 199 49 88 64
-0.000101984 12 20 25 21 199 49 88 64
-0.000101986 12 30 25 21 199 49 88 64
-0.000101985 12 40 25 21 199 49 88 64
-0.000101904 24 0 25 21 199 49 88 64
-0.000101961 24 10 25 21 199 49 88 64
-0.000101985 24 20 25 21 199 49 88 64
-0.000101981 24 30 25 21 199 49 88 64
-0.00010196 24 40 25 21 199 49 88 64
-0.000101939 36 0 25 21 199 49 88 64
-0.000101764 36 10 25 21 199 49 88 64
-0.000101844 36 20 25 21 199 49 88 64
-0.000101944 36 30 25 21 199 49 88 64
-0.000101932 36 40 25 21 199 49 88 64
-0.00010197 48 0 25 21 199 49 88 64
-0.00010197 48 10 25 21 199 49 88 64
-0.000101976 48 20 25 21 199 49 88 64
-0.000101944 48 30 25 21 199 49 88 64
-0.000101968 48 40 25 21 199 49 88 64
-0.000101988 60 0 25 21 199 49 88 64
-0.000101988 60 10 25 21 199 49 88 64
-0.000101987 60 20 25 21 199 49 88 64
-0.000101985 60 30 25 21 199 49 88 64
-0.000101987 60 40 25 21 199 49 88 64
-0.000101986 0 0 25 21 199 49 88 64
-0.000101988 0 10 25 21 199 49 88 64
-0.000101985 0 20 25 21 199 49 88 64
-0.000101984 0 30 25 21 199 49 88 64
-0.000101987 0 40 25 21 199 49 88 64
-0.000101954 12 0 25 21 199 49 88 64
-0.000101987 12 10 25 21 199 49 88 64
-0.000101988 12 20 25 21 199 49 88 64
-0.000101988 12 30 25 21 199 49 88 64
-0.000101986 12 40 25 21 199 49 88 64
-0.000101971 24 0 25 21 199 49 88 64
-0.000101958 24 10 25 21 199 49 88 64
-0.000101982 24 20 25 21 199 49 88 64
-0.000101981 24 30 25 21 199 49 88 64
-0.000101987 24 40 25 21 199 49 88 64
-0.000101979 36 0 25 21 199 49 88 64
-0.000101895 36 10 25 21 199 49 88 64
-0.000101889 36 20 25 21 199 49 88 64
-0.000101921 36 30 25 21 199 49 88 64
-0.000101985 36 40 25 21 199 49 88 64
-0.000101985 48 0 25 21 199 49 88 64
-0.000101982 48 10 25 21 199 49 88 64
-0.000101987 48 20 25 21 199 49 88 64
-0.000101986 48 30 25 21 199 49 88 64
-0.000101987 48 40 25 21 199 49 88 64
-0.000101986 60 0 25 21 199 49 88 64
-0.000101988 60 10 25 21 199 49 88 64
-0.000101988 60 20 25 21 199 49 88 64
-0.000101988 60 30 25 21 199 49 88 64
-0.000101987 60 40 25 21 199 49 88 64
-0.000101986 0 0 25 21 199 49 88 64
-0.000101985 0 10 25 21 199 49 88 64
-0.000101987 0 20 25 21 199 49 88 64
-0.000101987 0 30 25 21 199 49 88 64
-0.000101988 0 40 25 21 199 49 88 64
-0.000101987 12 0 25 21 199 49 88 64
-0.000101985 12 10 25 21 199 49 88 64
-0.000101988 12 20 25 21 199 49 88 64
-0.000101988 12 30 25 21 199 49 88 64
-0.000101988 12 40 25 21 199 49 88 64
-0.000101988 24 0 25 21 199 49 88 64
-0.000101852 24 10 25 21 199 49 88 64
-0.000101742 24 20 25 21 199 49 88 64
-0.000101918 24 30 25 21 199 49 88 64
-0.000101988 24 40 25 21 199 49 88 64
-0.000101988 36 0 25 21 199 49 88 64
-0.000101662 36 10 25 21 199 49 88 64
-8.09763e-005 36 20 25 21 199 49 88 64
-0.000101801 36 30 25 21 199 49 88 64
-0.000101988 36 40 25 21 199 49 88 64
-0.000101988 48 0 25 21 199 49 88 64
-0.000101761 48 10 25 21 199 49 88 64
-0.000101961 48 20 25 21 199 49 88 64
-0.000101985 48 30 25 21 199 49 88 64
-0.000101988 48 40 25 21 199 49 88 64
-0.000101987 60 0 25 21 199 49 88 64
-0.000101944 60 10 25 21 199 49 88 64
-0.000101985 60 20 25 21 199 49 88 64
-0.000101988 60 30 25 21 199 49 88 64
-0.000101988 60 40 25 21 199 49 88 64
-0.000101986 0 0 25 21 199 49 88 64
-0.000101987 0 10 25 21 199 49 88 64
-0.000101984 0 20 25 21 199 49 88 64
-0.000101988 0 30 25 21 199 49 88 64
-0.000101986 0 40 25 21 199 49 88 64
-0.000101975 12 0 25 21 199 49 88 64
-0.000101988 12 10 25 21 199 49 88 64
-0.000101988 12 20 25 21 199 49 88 64
-0.000101987 12 30 25 21 199 49 88 64
-0.000101988 12 40 25 21 199 49 88 64
-0.000101982 24 0 25 21 199 49 88 64
-0.000101976 24 10 25 21 199 49 88 64
-0.000101979 24 20 25 21 199 49 88 64
-0.000101977 24 30 25 21 199 49 88 64
-0.000101988 24 40 25 21 199 49 88 64
-0.000101985 36 0 25 21 199 49 88 64
-0.000101656 36 10 25 21 199 49 88 64
-0.000101489 36 20 25 21 199 49 88 64
-0.000101732 36 30 25 21 199 49 88 64
-0.000101987 36 40 25 21 199 49 88 64
-0.000101986 48 0 25 21 199 49 88 64
-0.00010196 48 10 25 21 199 49 88 64
-0.000101983 48 20 25 21 199 49 88 64
-0.000101987 48 30 25 21 199 49 88 64
-0.000101988 48 40 25 21 199 49 88 64
-0.000101987 60 0 25 21 199 49 88 64
-0.000101987 60 10 25 21 199 49 88 64
-0.000101988 60 20 25 21 199 49 88 64
-0.000101988 60 30 25 21 199 49 88 64
-0.000101987 60 40 25 21 199 49 88 64
-0.000101988 0 0 25 21 199 49 88 64
-0.000101988 0 10 25 21 199 49 88 64
-0.000101986 0 20 25 21 199 49 88 64
-0.000101983 0 30 25 21 199 49 88 64
-0.000101968 0 40 25 21 199 49 88 64
-0.000101946 12 0 25 21 199 49 88 64
-0.000101972 12 10 25 21 199 49 88 64
-0.000101955 12 20 25 21 199 49 88 64
-0.000101979 12 30 25 21 199 49 88 64
-0.000101984 12 40 25 21 199 49 88 64
-0.000101939 24 0 25 21 199 49 88 64
-0.000101945 24 10 25 21 199 49 88 64
-0.000101964 24 20 25 21 199 49 88 64
-0.000101895 24 30 25 21 199 49 88 64
-0.00010197 24 40 25 21 199 49 88 64
-0.000101919 36 0 25 21 199 49 88 64
-0.000101845 36 10 25 21 199 49 88 64
-0.000101891 36 20 25 21 199 49 88 64
-0.000101941 36 30 25 21 199 49 88 64
-0.000101951 36 40 25 21 199 49 88 64
-0.00010197 48 0 25 21 199 49 88 64
-0.000101972 48 10 25 21 199 49 88 64
-0.000101984 48 20 25 21 199 49 88 64
-0.000101985 48 30 25 21 199 49 88 64
-0.000101983 48 40 25 21 199 49 88 64
-0.000101987 60 0 25 21 199 49 88 64
-0.000101988 60 10 25 21 199 49 88 64
-0.000101988 60 20 25 21 199 49 88 64
-0.000101986 60 30 25 21 199 49 88 64
-0.000101988 60 40 25 21 199 49 88 64
-0.000101987 0 0 29 32 199 49 88 64
-0.000101988 0 16 29 32 199 49 88 64
-0.000101984 0 32 29 32 199 49 88 64
-0.000101975 14 0 29 32 199 49 88 64
-0.000101984 14 16 29 32 199 49 88 64
-0.000101986 14 32 29 32 199 49 88 64
-0.000101981 28 0 29 32 199 49 88 64
-0.000101713 28 16 29 32 199 49 88 64
-0.000101984 28 32 29 32 199 49 88 64
-0.000101982 42 0 29 32 199 49 88 64
-0.000101961 42 16 29 32 199 49 88 64
-0.000101986 42 32 29 32 199 49 88 64
-0.000101987 56 0 29 32 199 49 88 64
-0.000101987 56 16 29 32 199 49 88 64
-0.000101988 56 32 29 32 199 49 88 64
-0.000101971 0 0 29 32 199 49 88 64
-0.000101955 0 16 29 32 199 49 88 64
-0.00010197 0 32 29 32 199 49 88 64
-0.000101944 14 0 29 32 199 49 88 64
-0.000101903 14 16 29 32 199 49 88 64
-6.43158e-005 14 32 29 32 199 49 88 64
-0.000101982 28 0 29 32 199 49 88 64
-0.000101684 28 16 29 32 199 49 88 64
-4.83328e-005 28 32 29 32 199 49 88 64
-0.000101984 42 0 29 32 199 49 88 64
-0.000101858 42 16 29 32 199 49 88 64
-0.000101927 42 32 29 32 199 49 88 64
-0.000101981 56 0 29 32 199 49 88 64
-0.000101971 56 16 29 32 199 49 88 64
-0.000101948 56 32 29 32 199 49 88 64
-0.000101967 0 0 29 32 199 49 88 64
-0.00010192 0 16 29 32 199 49 88 64
-0.000101971 0 32 29 32 199 49 88 64
-0.000101812 14 0 29 32 199 49 88 64
-0.000101846 14 16 29 32 199 49 88 64
-0.000101439 14 32 29 32 199 49 88 64
-4.70417e-005 28 0 29 32 199 49 88 64
-6.58926e-005 28 16 29 32 199 49 88 64
-0.000101975 28 32 29 32 199 49 88 64
-8.69755e-005 42 0 29 32 199 49 88 64
-0.000101657 42 16 29 32 199 49 88 64
-0.000101984 42 32 29 32 199 49 88 64
-0.000101981 56 0 29 32 199 49 88 64
-0.000101976 56 16 29 32 199 49 88 64
-0.000101982 56 32 29 32 199 49 88 64
-0.000101985 0 0 29 32 199 49 88 64
-0.000101987 0 16 29 32 199 49 88 64
-0.000101987 0 32 29 32 199 49 88 64
-0.000101937 14 0 29 32 199 49 88 64
-0.000101964 14 16 29 32 199 49 88 64
-0.000101967 14 32 29 32 199 49 88 64
-0.000101832 28 0 29 32 199 49 88 64
-3.34736e-005 28 16 29 32 199 49 88 64
-0.000101943 28 32 29 32 199 49 88 64
-0.000101905 42 0 29 32 199 49 88 64
-0.000101808 42 16 29 32 199 49 88 64
-0.000101943 42 32 29 32 199 49 88 64
-0.000101979 56 0 29 32 199 49 88 64
-0.000101981 56 16 29 32 199 49 88 64
-0.000101977 56 32 29 32 199 49 88 64
-0.000101984 0 0 29 32 199 49 88 64
-0.000101973 0 16 29 32 199 49 88 64
-0.000101954 0 32 29 32 199 49 88 64
-0.000101925 14 0 29 32 199 49 88 64
-0.000101805 14 16 29 32 199 49 88 64
-0.000101976 14 32 29 32 199 49 88 64
-0.000101912 28 0 29 32 199 49 88 64
-7.71783e-005 28 16 29 32 199 49 88 64
-0.000101938 28 32 29 32 199 49 88 64
-0.000101884 42 0 29 32 199 49 88 64
-0.000101779 42 16 29 32 199 49 88 64
-0.000101946 42 32 29 32 199 49 88 64
-0.000101987 56 0 29 32 199 49 88 64
-0.000101984 56 16 29 32 199 49 88 64
-0.000101983 56 32 29 32 199 49 88 64
-0.000101988 0 0 29 32 199 49 88 64
-0.000101987 0 16 29 32 199 49 88 64
-0.000101986 0 32 29 32 199 49 88 64
-0.000101974 14 0 29 32 199 49 88 64
-0.000101981 14 16 29 32 199 49 88 64
-0.00010198 14 32 29 32 199 49 88 64
-0.000101781 28 0 29 32 199 49 88 64
-0.000101886 28 16 29 32 199 49 88 64
-0.000101959 28 32 29 32 199 49 88 64
-0.000101948 42 0 29 32 199 49 88 64
-0.000101952 42 16 29 32 199 49 88 64
-0.000101963 42 32 29 32 199 49 88 64
-0.000101988 56 0 29 32 199 49 88 64
-0.000101987 56 16 29 32 199 49 88 64
-0.000101987 56 32 29 32 199 49 88 64
-0.000101988 0 0 29 32 199 49 88 64
-0.000101986 0 16 29 32 199 49 88 64
-0.000101985 0 32 29 32 199 49 88 64
-0.000101978 14 0 29 32 199 49 88 64
-0.000101988 14 16 29 32 199 49 88 64
-0.000101988 14 32 29 32 199 49 88 64
-0.000101945 28 0 29 32 199 49 88 64
-0.000101898 28 16 29 32 199 49 88 64
-0.000101985 28 32 29 32 199 49 88 64
-0.000101978 42 0 29 32 199 49 88 64
-0.000101978 42 16 29 32 199 49 88 64
-0.000101986 42 32 29 32 199 49 88 64
-0.000101987 56 0 29 32 199 49 88 64
-0.000101988 56 16 29 32 199 49 88 64
-0.000101987 56 32 29 32 199 49 88 64
-0.000101982 0 0 29 32 199 49 88 64
-0.000101986 0 16 29 32 199 49 88 64
-0.000101984 0 32 29 32 199 49 88 64
-0.000101987 14 0 29 32 199 49 88 64
-0.000101987 14 16 29 32 199 49 88 64
-0.000101988 14 32 29 32 199 49 88 64
-0.000101988 28 0 29 32 199 49 88 64
-0.00010168 28 16 29 32 199 49 88 64
-0.000101988 28 32 29 32 199 49 88 64
-0.000101988 42 0 29 32 199 49 88 64
-0.000101876 42 16 29 32 199 49 88 64
-0.000101988 42 32 29 32 199 49 88 64
-0.000101986 56 0 29 32 199 49 88 64
-0.000101984 56 16 29 32 199 49 88 64
-0.000101987 56 32 29 32 199 49 88 64
-0.000101986 0 0 29 32 199 49 88 64
-0.000101985 0 16 29 32 199 49 88 64
-0.000101984 0 32 29 32 199 49 88 64
-0.000101985 14 0 29 32 199 49 88 64
-0.000101987 14 16 29 32 199 49 88 64
-0.000101987 14 32 29 32 199 49 88 64
-0.000101975 28 0 29 32 199 49 88 64
-0.0001019 28 16 29 32 199 49 88 64
-0.000101987 28 32 29 32 199 49 88 64
-0.000101979 42 0 29 32 199 49 88 64
-0.000101978 42 16 29 32 199 49 88 64
-0.000101988 42 32 29 32 199 49 88 64
-0.000101986 56 0 29 32 199 49 88 64
-0.000101988 56 16 29 32 199 49 88 64
-0.000101987 56 32 29 32 199 49 88 64
-0.000101987 0 0 29 32 199 49 88 64
-0.000101986 0 16 29 32 199 49 88 64
-0.000101976 0 32 29 32 199 49 88 64
-0.000101895 14 0 29 32 199 49 88 64
-0.000101934 14 16 29 32 199 49 88 64
-0.000101979 14 32 29 32 199 49 88 64
-0.000101884 28 0 29 32 199 49 88 64
-0.000101851 28 16 29 32 199 49 88 64
-0.000101955 28 32 29 32 199 49 88 64
-0.000101956 42 0 29 32 199 49 88 64
-0.000101979 42 16 29 32 199 49 88 64
-0.000101981 42 32 29 32 199 49 88 64
-0.000101988 56 0 29 32 199 49 88 64
-0.000101987 56 16 29 32 199 49 88 64
-0.000101988 56 32 29 32 199 49 88 64
-0.000101982 0 0 58 42 199 49 88 64
-0.000101984 0 21 58 42 199 49 88 64
-0.000101984 29 0 58 42 199 49 88 64
-0.000101987 29 21 58 42 199 49 88 64
-0.00010195 0 0 58 42 199 49 88 64
-0.000101916 0 21 58 42 199 49 88 64
-0.000101972 29 0 58 42 199 49 88 64
-0.000101865 29 21 58 42 199 49 88 64
-0.000101901 0 0 58 42 199 49 88 64
-0.000101959 0 21 58 42 199 49 88 64
-0.000101973 29 0 58 42 199 49 88 64
-0.000101975 29 21 58 42 199 49 88 64
-0.000101965 0 0 58 42 199 49 88 64
-0.000101974 0 21 58 42 199 49 88 64
-0.000101962 29 0 58 42 199 49 88 64
-0.000101957 29 21 58 42 199 49 88 64
-0.000101965 0 0 58 42 199 49 88 64
-0.000101934 0 21 58 42 199 49 88 64
-0.000101981 29 0 58 42 199 49 88 64
-0.000101976 29 21 58 42 199 49 88 64
-0.000101981 0 0 58 42 199 49 88 64
-0.000101984 0 21 58 42 199 49 88 64
-0.000101986 29 0 58 42 199 49 88 64
-0.000101984 29 21 58 42 199 49 88 64
-0.000101981 0 0 58 42 199 49 88 64
-0.000101986 0 21 58 42 199 49 88 64
-0.000101979 29 0 58 42 199 49 88 64
-0.000101987 29 21 58 42 199 49 88 64
-0.000101987 0 0 58 42 199 49 88 64
-0.000101987 0 21 58 42 199 49 88 64
-0.000101987 29 0 58 42 199 49 88 64
-0.000101988 29 21 58 42 199 49 88 64
-0.000101983 0 0 58 42 199 49 88 64
-0.000101986 0 21 58 42 199 49 88 64
-0.000101983 29 0 58 42 199 49 88 64
-0.000101988 29 21 58 42 199 49 88 64
-0.000101979 0 0 58 42 199 49 88 64
-0.000101959 0 21 58 42 199 49 88 64
-0.000101982 29 0 58 42 199 49 88 64
-0.000101985 29 21 58 42 199 49 88 64
-0.000101984 0 0 88 64 199 49 88 64
-0.000101946 0 0 88 64 199 49 88 64
-0.000101965 0 0 88 64 199 49 88 64
-0.000101946 0 0 88 64 199 49 88 64
-0.00010197 0 0 88 64 199 49 88 64
-0.000101984 0 0 88 64 199 49 88 64
-0.000101982 0 0 88 64 199 49 88 64
-0.000101987 0 0 88 64 199 49 88 64
-0.000101986 0 0 88 64 199 49 88 64
-0.000101978 0 0 88 64 199 49 88 64
