-0.0857112 0 0 25 26 96 333 114 119
-0.0855983 0 13 25 26 96 333 114 119
-0.0855242 0 26 25 26 96 333 114 119
-0.0836682 0 39 25 26 96 333 114 119
-0.0856004 0 52 25 26 96 333 114 119
-0.0856933 0 65 25 26 96 333 114 119
-0.0856553 0 78 25 26 96 333 114 119
-0.0857829 0 91 25 26 96 333 114 119
-0.0859013 12 0 25 26 96 333 114 119
-0.0858617 12 13 25 26 96 333 114 119
-0.0858044 12 26 25 26 96 333 114 119
-0.0859195 12 39 25 26 96 333 114 119
-0.0860314 12 52 25 26 96 333 114 119
-0.0859895 12 65 25 26 96 333 114 119
-0.086162 12 78 25 26 96 333 114 119
-0.0861084 12 91 25 26 96 333 114 119
-0.0860617 24 0 25 26 96 333 114 119
-0.0860658 24 13 25 26 96 333 114 119
-0.0860474 24 26 25 26 96 333 114 119
-0.0860439 24 39 25 26 96 333 114 119
-0.0860909 24 52 25 26 96 333 114 119
-0.0860504 24 65 25 26 96 333 114 119
-0.0861869 24 78 25 26 96 333 114 119
-0.0859904 24 91 25 26 96 333 114 119
-0.085852 36 0 25 26 96 333 114 119
-0.0858961 36 13 25 26 96 333 114 119
-0.0859041 36 26 25 26 96 333 114 119
-0.0859351 36 39 25 26 96 333 114 119
-0.0859809 36 52 25 26 96 333 114 119
-0.0861398 36 65 25 26 96 333 114 119
-0.0860259 36 78 25 26 96 333 114 119
-0.0857372 36 91 25 26 96 333 114 119
-0.0857957 48 0 25 26 96 333 114 119
-0.085785 48 13 25 26 96 333 114 119
-0.0858046 48 26 25 26 96 333 114 119
-0.0858037 48 39 25 26 96 333 114 119
-0.0860791 48 52 25 26 96 333 114 119
-0.0860526 48 65 25 26 96 333 114 119
-0.0857498 48 78 25 26 96 333 114 119
-0.0856083 48 91 25 26 96 333 114 119
-0.0859802 60 0 25 26 96 333 114 119
-0.0858895 60 13 25 26 96 333 114 119
-0.0859979 60 26 25 26 96 333 114 119
-0.0858842 60 39 25 26 96 333 114 119
-0.0859494 60 52 25 26 96 333 114 119
-0.0858573 60 65 25 26 96 333 114 119
-0.0855835 60 78 25 26 96 333 114 119
-0.0856756 60 91 25 26 96 333 114 119
-0.0859583 72 0 25 26 96 333 114 119
-0.0859986 72 13 25 26 96 333 114 119
-0.0859177 72 26 25 26 96 333 114 119
-0.0860697 72 39 25 26 96 333 114 119
-0.0862138 72 52 25 26 96 333 114 119
-0.0858834 72 65 25 26 96 333 114 119
-0.0856745 72 78 25 26 96 333 114 119
-0.0854771 72 91 25 26 96 333 114 119
-0.0858148 84 0 25 26 96 333 114 119
-0.0859698 84 13 25 26 96 333 114 119
-0.0860051 84 26 25 26 96 333 114 119
-0.086345 84 39 25 26 96 333 114 119
-0.0859372 84 52 25 26 96 333 114 119
-0.0856521 84 65 25 26 96 333 114 119
-0.0855212 84 78 25 26 96 333 114 119
-0.0854935 84 91 25 26 96 333 114 119
-0.0733659 0 0 25 26 96 333 114 119
-0.0786074 0 13 25 26 96 333 114 119
-0.0845864 0 26 25 26 96 333 114 119
-0.0854589 0 39 25 26 96 333 114 119
-0.0855291 0 52 25 26 96 333 114 119
-0.0855083 0 65 25 26 96 333 114 119
-0.0854688 0 78 25 26 96 333 114 119
-0.0854994 0 91 25 26 96 333 114 119
-0.0854794 12 0 25 26 96 333 114 119
-0.0855248 12 13 25 26 96 333 114 119
-0.0855346 12 26 25 26 96 333 114 119
-0.0854872 12 39 25 26 96 333 114 119
-0.085706 12 52 25 26 96 333 114 119
-0.0857748 12 65 25 26 96 333 114 119
-0.0858242 12 78 25 26 96 333 114 119
-0.0858383 12 91 25 26 96 333 114 119
-0.0858822 24 0 25 26 96 333 114 119
-0.0858567 24 13 25 26 96 333 114 119
-0.0858019 24 26 25 26 96 333 114 119
-0.0857865 24 39 25 26 96 333 114 119
-0.0861102 24 52 25 26 96 333 114 119
-0.0859995 24 65 25 26 96 333 114 119
-0.085954 24 78 25 26 96 333 114 119
-0.0859412 24 91 25 26 96 333 114 119
-0.0860813 36 0 25 26 96 333 114 119
-0.0859822 36 13 25 26 96 333 114 119
-0.0860714 36 26 25 26 96 333 114 119
-0.0859921 36 39 25 26 96 333 114 119
-0.0860957 36 52 25 26 96 333 114 119
-0.0859401 36 65 25 26 96 333 114 119
-0.0857159 36 78 25 26 96 333 114 119
-0.0857406 36 91 25 26 96 333 114 119
-0.0859474 48 0 25 26 96 333 114 119
-0.0859904 48 13 25 26 96 333 114 119
-0.086058 48 26 25 26 96 333 114 119
-0.0861235 48 39 25 26 96 333 114 119
-0.0861671 48 52 25 26 96 333 114 119
-0.0858572 48 65 25 26 96 333 114 119
-0.0855004 48 78 25 26 96 333 114 119
-0.085614 48 91 25 26 96 333 114 119
-0.0858879 60 0 25 26 96 333 114 119
-0.0859114 60 13 25 26 96 333 114 119
-0.086059 60 26 25 26 96 333 114 119
-0.0860532 60 39 25 26 96 333 114 119
-0.085874 60 52 25 26 96 333 114 119
-0.0857911 60 65 25 26 96 333 114 119
-0.0856997 60 78 25 26 96 333 114 119
-0.0819349 60 91 25 26 96 333 114 119
-0.0857171 72 0 25 26 96 333 114 119
-0.0856637 72 13 25 26 96 333 114 119
-0.0860363 72 26 25 26 96 333 114 119
-0.0860381 72 39 25 26 96 333 114 119
-0.0859698 72 52 25 26 96 333 114 119
-0.0860507 72 65 25 26 96 333 114 119
-0.0859228 72 78 25 26 96 333 114 119
-0.0856069 72 91 25 26 96 333 114 119
-0.0858705 84 0 25 26 96 333 114 119
-0.0858463 84 13 25 26 96 333 114 119
-0.0858885 84 26 25 26 96 333 114 119
-0.0860679 84 39 25 26 96 333 114 119
-0.085993 84 52 25 26 96 333 114 119
-0.0858294 84 65 25 26 96 333 114 119
-0.0860513 84 78 25 26 96 333 114 119
-0.0856429 84 91 25 26 96 333 114 119
-0.0797802 0 0 25 26 96 333 114 119
-0.08547 0 13 25 26 96 333 114 119
-0.0854848 0 26 25 26 96 333 114 119
-0.0768114 0 39 25 26 96 333 114 119
-0.0816738 0 52 25 26 96 333 114 119
-0.0709276 0 65 25 26 96 333 114 119
-0.0577157 0 78 25 26 96 333 114 119
-0.0854824 0 91 25 26 96 333 114 119
-0.0855115 12 0 25 26 96 333 114 119
-0.0855513 12 13 25 26 96 333 114 119
-0.0854976 12 26 25 26 96 333 114 119
-0.0856671 12 39 25 26 96 333 114 119
-0.0857821 12 52 25 26 96 333 114 119
-0.0857472 12 65 25 26 96 333 114 119
-0.0859476 12 78 25 26 96 333 114 119
-0.0858516 12 91 25 26 96 333 114 119
-0.085819 24 0 25 26 96 333 114 119
-0.0858428 24 13 25 26 96 333 114 119
-0.0858556 24 26 25 26 96 333 114 119
-0.0859916 24 39 25 26 96 333 114 119
-0.0859104 24 52 25 26 96 333 114 119
-0.0858481 24 65 25 26 96 333 114 119
-0.0862881 24 78 25 26 96 333 114 119
-0.086068 24 91 25 26 96 333 114 119
-0.0859784 36 0 25 26 96 333 114 119
-0.0860271 36 13 25 26 96 333 114 119
-0.0860276 36 26 25 26 96 333 114 119
-0.0860287 36 39 25 26 96 333 114 119
-0.0858794 36 52 25 26 96 333 114 119
-0.0859804 36 65 25 26 96 333 114 119
-0.0863415 36 78 25 26 96 333 114 119
-0.086114 36 91 25 26 96 333 114 119
-0.0860695 48 0 25 26 96 333 114 119
-0.0861568 48 13 25 26 96 333 114 119
-0.085933 48 26 25 26 96 333 114 119
-0.0858171 48 39 25 26 96 333 114 119
-0.0856641 48 52 25 26 96 333 114 119
-0.0862407 48 65 25 26 96 333 114 119
-0.0862404 48 78 25 26 96 333 114 119
-0.0859901 48 91 25 26 96 333 114 119
-0.0859675 60 0 25 26 96 333 114 119
-0.0859855 60 13 25 26 96 333 114 119
-0.0856591 60 26 25 26 96 333 114 119
-0.0859983 60 39 25 26 96 333 114 119
-0.085934 60 52 25 26 96 333 114 119
-0.0862041 60 65 25 26 96 333 114 119
-0.0860342 60 78 25 26 96 333 114 119
-0.0859039 60 91 25 26 96 333 114 119
-0.0859718 72 0 25 26 96 333 114 119
-0.0859985 72 13 25 26 96 333 114 119
-0.0859365 72 26 25 26 96 333 114 119
-0.0857494 72 39 25 26 96 333 114 119
-0.0864116 72 52 25 26 96 333 114 119
-0.0860109 72 65 25 26 96 333 114 119
-0.0858538 72 78 25 26 96 333 114 119
-0.0859537 72 91 25 26 96 333 114 119
-0.0858288 84 0 25 26 96 333 114 119
-0.0858954 84 13 25 26 96 333 114 119
-0.0859432 84 26 25 26 96 333 114 119
-0.086065 84 39 25 26 96 333 114 119
-0.0863872 84 52 25 26 96 333 114 119
-0.0859006 84 65 25 26 96 333 114 119
-0.0857144 84 78 25 26 96 333 114 119
-0.0860596 84 91 25 26 96 333 114 119
-0.0854645 0 0 25 26 96 333 114 119
-0.0854613 0 13 25 26 96 333 114 119
-0.0856565 0 26 25 26 96 333 114 119
-0.0856089 0 39 25 26 96 333 114 119
-0.0774216 0 52 25 26 96 333 114 119
-0.0717704 0 65 25 26 96 333 114 119
-0.0755284 0 78 25 26 96 333 114 119
-0.081407 0 91 25 26 96 333 114 119
-0.0850251 12 0 25 26 96 333 114 119
-0.0856503 12 13 25 26 96 333 114 119
-0.0856443 12 26 25 26 96 333 114 119
-0.0857038 12 39 25 26 96 333 114 119
-0.0858531 12 52 25 26 96 333 114 119
-0.0859017 12 65 25 26 96 333 114 119
-0.0858943 12 78 25 26 96 333 114 119
-0.0858838 12 91 25 26 96 333 114 119
-0.0860514 24 0 25 26 96 333 114 119
-0.0860541 24 13 25 26 96 333 114 119
-0.0860227 24 26 25 26 96 333 114 119
-0.0860544 24 39 25 26 96 333 114 119
-0.086088 24 52 25 26 96 333 114 119
-0.0860258 24 65 25 26 96 333 114 119
-0.0860172 24 78 25 26 96 333 114 119
-0.0860184 24 91 25 26 96 333 114 119
-0.0856671 36 0 25 26 96 333 114 119
-0.0858234 36 13 25 26 96 333 114 119
-0.0859243 36 26 25 26 96 333 114 119
-0.0859777 36 39 25 26 96 333 114 119
-0.0859814 36 52 25 26 96 333 114 119
-0.0859141 36 65 25 26 96 333 114 119
-0.0859433 36 78 25 26 96 333 114 119
-0.0858583 36 91 25 26 96 333 114 119
-0.0856381 48 0 25 26 96 333 114 119
-0.0856335 48 13 25 26 96 333 114 119
-0.0856632 48 26 25 26 96 333 114 119
-0.0856916 48 39 25 26 96 333 114 119
-0.0857056 48 52 25 26 96 333 114 119
-0.0859652 48 65 25 26 96 333 114 119
-0.0859757 48 78 25 26 96 333 114 119
-0.0856309 48 91 25 26 96 333 114 119
-0.0860313 60 0 25 26 96 333 114 119
-0.0858655 60 13 25 26 96 333 114 119
-0.0856553 60 26 25 26 96 333 114 119
-0.0569389 60 39 25 26 96 333 114 119
-0.068282 60 52 25 26 96 333 114 119
-0.0857063 60 65 25 26 96 333 114 119
-0.085826 60 78 25 26 96 333 114 119
-0.0856094 60 91 25 26 96 333 114 119
-0.0860545 72 0 25 26 96 333 114 119
-0.0860687 72 13 25 26 96 333 114 119
-0.0860079 72 26 25 26 96 333 114 119
-0.0858873 72 39 25 26 96 333 114 119
-0.0856887 72 52 25 26 96 333 114 119
-0.0860341 72 65 25 26 96 333 114 119
-0.0858871 72 78 25 26 96 333 114 119
-0.0858145 72 91 25 26 96 333 114 119
-0.0858129 84 0 25 26 96 333 114 119
-0.0859616 84 13 25 26 96 333 114 119
-0.0860386 84 26 25 26 96 333 114 119
-0.0860275 84 39 25 26 96 333 114 119
-0.0859977 84 52 25 26 96 333 114 119
-0.0860457 84 65 25 26 96 333 114 119
-0.0859352 84 78 25 26 96 333 114 119
-0.0859217 84 91 25 26 96 333 114 119
-0.0857454 0 0 25 26 96 333 114 119
-0.0857605 0 13 25 26 96 333 114 119
-0.0856432 0 26 25 26 96 333 114 119
-0.0855766 0 39 25 26 96 333 114 119
-0.0857805 0 52 25 26 96 333 114 119
-0.085869 0 65 25 26 96 333 114 119
-0.08584 0 78 25 26 96 333 114 119
-0.0858914 0 91 25 26 96 333 114 119
-0.085997 12 0 25 26 96 333 114 119
-0.0859057 12 13 25 26 96 333 114 119
-0.08584 12 26 25 26 96 333 114 119
-0.0860266 12 39 25 26 96 333 114 119
-0.0861683 12 52 25 26 96 333 114 119
-0.0860928 12 65 25 26 96 333 114 119
-0.0860902 12 78 25 26 96 333 114 119
-0.0860334 12 91 25 26 96 333 114 119
-0.0860973 24 0 25 26 96 333 114 119
-0.0859782 24 13 25 26 96 333 114 119
-0.0859413 24 26 25 26 96 333 114 119
-0.0859687 24 39 25 26 96 333 114 119
-0.0861398 24 52 25 26 96 333 114 119
-0.0861412 24 65 25 26 96 333 114 119
-0.0859598 24 78 25 26 96 333 114 119
-0.0860476 24 91 25 26 96 333 114 119
-0.0859549 36 0 25 26 96 333 114 119
-0.0861196 36 13 25 26 96 333 114 119
-0.0859658 36 26 25 26 96 333 114 119
-0.0859658 36 39 25 26 96 333 114 119
-0.0859359 36 52 25 26 96 333 114 119
-0.0860978 36 65 25 26 96 333 114 119
-0.0859054 36 78 25 26 96 333 114 119
-0.0861098 36 91 25 26 96 333 114 119
-0.0859415 48 0 25 26 96 333 114 119
-0.0859417 48 13 25 26 96 333 114 119
-0.085787 48 26 25 26 96 333 114 119
-0.0860482 48 39 25 26 96 333 114 119
-0.0858224 48 52 25 26 96 333 114 119
-0.0863585 48 65 25 26 96 333 114 119
-0.0859369 48 78 25 26 96 333 114 119
-0.0860857 48 91 25 26 96 333 114 119
-0.0858829 60 0 25 26 96 333 114 119
-0.0858554 60 13 25 26 96 333 114 119
-0.0858602 60 26 25 26 96 333 114 119
-0.0858124 60 39 25 26 96 333 114 119
-0.0860651 60 52 25 26 96 333 114 119
-0.0862043 60 65 25 26 96 333 114 119
-0.0858377 60 78 25 26 96 333 114 119
-0.08569 60 91 25 26 96 333 114 119
-0.0858327 72 0 25 26 96 333 114 119
-0.0859109 72 13 25 26 96 333 114 119
-0.0859344 72 26 25 26 96 333 114 119
-0.0858802 72 39 25 26 96 333 114 119
-0.0858903 72 52 25 26 96 333 114 119
-0.0859806 72 65 25 26 96 333 114 119
-0.0858776 72 78 25 26 96 333 114 119
-0.0855407 72 91 25 26 96 333 114 119
-0.0856986 84 0 25 26 96 333 114 119
-0.0858324 84 13 25 26 96 333 114 119
-0.0858992 84 26 25 26 96 333 114 119
-0.085908 84 39 25 26 96 333 114 119
-0.08608 84 52 25 26 96 333 114 119
-0.0858999 84 65 25 26 96 333 114 119
-0.085958 84 78 25 26 96 333 114 119
-0.0862142 84 91 25 26 96 333 114 119
-0.0857542 0 0 25 26 96 333 114 119
-0.085627 0 13 25 26 96 333 114 119
-0.0856106 0 26 25 26 96 333 114 119
-0.0855017 0 39 25 26 96 333 114 119
-0.0856654 0 52 25 26 96 333 114 119
-0.0857509 0 65 25 26 96 333 114 119
-0.0856801 0 78 25 26 96 333 114 119
-0.0857551 0 91 25 26 96 333 114 119
-0.0860258 12 0 25 26 96 333 114 119
-0.0859298 12 13 25 26 96 333 114 119
-0.0858516 12 26 25 26 96 333 114 119
-0.0860679 12 39 25 26 96 333 114 119
-0.0861647 12 52 25 26 96 333 114 119
-0.0860685 12 65 25 26 96 333 114 119
-0.0860321 12 78 25 26 96 333 114 119
-0.0860239 12 91 25 26 96 333 114 119
-0.0859505 24 0 25 26 96 333 114 119
-0.0860162 24 13 25 26 96 333 114 119
-0.0860497 24 26 25 26 96 333 114 119
-0.0860736 24 39 25 26 96 333 114 119
-0.086049 24 52 25 26 96 333 114 119
-0.0859994 24 65 25 26 96 333 114 119
-0.0859738 24 78 25 26 96 333 114 119
-0.0859811 24 91 25 26 96 333 114 119
-0.085818 36 0 25 26 96 333 114 119
-0.0857913 36 13 25 26 96 333 114 119
-0.0859395 36 26 25 26 96 333 114 119
-0.0860166 36 39 25 26 96 333 114 119
-0.0858302 36 52 25 26 96 333 114 119
-0.0859725 36 65 25 26 96 333 114 119
-0.0857581 36 78 25 26 96 333 114 119
-0.0857267 36 91 25 26 96 333 114 119
-0.0859208 48 0 25 26 96 333 114 119
-0.0857948 48 13 25 26 96 333 114 119
-0.0857883 48 26 25 26 96 333 114 119
-0.0857741 48 39 25 26 96 333 114 119
-0.0863481 48 52 25 26 96 333 114 119
-0.0858839 48 65 25 26 96 333 114 119
-0.0861124 48 78 25 26 96 333 114 119
-0.0861432 48 91 25 26 96 333 114 119
-0.0860193 60 0 25 26 96 333 114 119
-0.0859481 60 13 25 26 96 333 114 119
-0.0859042 60 26 25 26 96 333 114 119
-0.0859229 60 39 25 26 96 333 114 119
-0.086063 60 52 25 26 96 333 114 119
-0.0857056 60 65 25 26 96 333 114 119
-0.0862 60 78 25 26 96 333 114 119
-0.0859215 60 91 25 26 96 333 114 119
-0.0859339 72 0 25 26 96 333 114 119
-0.0860075 72 13 25 26 96 333 114 119
-0.0859138 72 26 25 26 96 333 114 119
-0.0863196 72 39 25 26 96 333 114 119
-0.0859448 72 52 25 26 96 333 114 119
-0.0856404 72 65 25 26 96 333 114 119
-0.085739 72 78 25 26 96 333 114 119
-0.0856564 72 91 25 26 96 333 114 119
-0.0856645 84 0 25 26 96 333 114 119
-0.085922 84 13 25 26 96 333 114 119
-0.0860157 84 26 25 26 96 333 114 119
-0.0864218 84 39 25 26 96 333 114 119
-0.0859844 84 52 25 26 96 333 114 119
-0.0856512 84 65 25 26 96 333 114 119
-0.065366 84 78 25 26 96 333 114 119
-0.061251 84 91 25 26 96 333 114 119
-0.0857349 0 0 25 26 96 333 114 119
-0.0856705 0 13 25 26 96 333 114 119
-0.0855555 0 26 25 26 96 333 114 119
-0.0855705 0 39 25 26 96 333 114 119
-0.0856125 0 52 25 26 96 333 114 119
-0.0855582 0 65 25 26 96 333 114 119
-0.0855557 0 78 25 26 96 333 114 119
-0.0857903 0 91 25 26 96 333 114 119
-0.0858219 12 0 25 26 96 333 114 119
-0.0859002 12 13 25 26 96 333 114 119
-0.0858894 12 26 25 26 96 333 114 119
-0.085923 12 39 25 26 96 333 114 119
-0.0859619 12 52 25 26 96 333 114 119
-0.0859475 12 65 25 26 96 333 114 119
-0.0863006 12 78 25 26 96 333 114 119
-0.0861402 12 91 25 26 96 333 114 119
-0.0860434 24 0 25 26 96 333 114 119
-0.0860084 24 13 25 26 96 333 114 119
-0.0860327 24 26 25 26 96 333 114 119
-0.0860709 24 39 25 26 96 333 114 119
-0.0860218 24 52 25 26 96 333 114 119
-0.0860322 24 65 25 26 96 333 114 119
-0.0862431 24 78 25 26 96 333 114 119
-0.0857757 24 91 25 26 96 333 114 119
-0.0857796 36 0 25 26 96 333 114 119
-0.0855841 36 13 25 26 96 333 114 119
-0.0856325 36 26 25 26 96 333 114 119
-0.085752 36 39 25 26 96 333 114 119
-0.085734 36 52 25 26 96 333 114 119
-0.0858303 36 65 25 26 96 333 114 119
-0.0859001 36 78 25 26 96 333 114 119
-0.0855592 36 91 25 26 96 333 114 119
-0.0858903 48 0 25 26 96 333 114 119
-0.0858277 48 13 25 26 96 333 114 119
-0.0857671 48 26 25 26 96 333 114 119
-0.0856516 48 39 25 26 96 333 114 119
-0.0806137 48 52 25 26 96 333 114 119
-0.0854616 48 65 25 26 96 333 114 119
-0.0860446 48 78 25 26 96 333 114 119
-0.0860585 48 91 25 26 96 333 114 119
-0.0860527 60 0 25 26 96 333 114 119
-0.0860184 60 13 25 26 96 333 114 119
-0.0859709 60 26 25 26 96 333 114 119
-0.0858776 60 39 25 26 96 333 114 119
-0.0780219 60 52 25 26 96 333 114 119
-0.0761842 60 65 25 26 96 333 114 119
-0.0862942 60 78 25 26 96 333 114 119
-0.0860523 60 91 25 26 96 333 114 119
-0.0859312 72 0 25 26 96 333 114 119
-0.0859871 72 13 25 26 96 333 114 119
-0.0859769 72 26 25 26 96 333 114 119
-0.0861584 72 39 25 26 96 333 114 119
-0.0857913 72 52 25 26 96 333 114 119
-0.0857298 72 65 25 26 96 333 114 119
-0.0858683 72 78 25 26 96 333 114 119
-0.0859201 72 91 25 26 96 333 114 119
-0.0856461 84 0 25 26 96 333 114 119
-0.0858989 84 13 25 26 96 333 114 119
-0.0861665 84 26 25 26 96 333 114 119
-0.086066 84 39 25 26 96 333 114 119
-0.0646441 84 52 25 26 96 333 114 119
-0.0725795 84 65 25 26 96 333 114 119
-0.0855355 84 78 25 26 96 333 114 119
-0.0843616 84 91 25 26 96 333 114 119
-0.0861181 0 0 25 26 96 333 114 119
-0.0858147 0 13 25 26 96 333 114 119
-0.0857289 0 26 25 26 96 333 114 119
-0.0856799 0 39 25 26 96 333 114 119
-0.08562 0 52 25 26 96 333 114 119
-0.0855609 0 65 25 26 96 333 114 119
-0.0857832 0 78 25 26 96 333 114 119
-0.0858363 0 91 25 26 96 333 114 119
-0.0860404 12 0 25 26 96 333 114 119
-0.0858927 12 13 25 26 96 333 114 119
-0.0858346 12 26 25 26 96 333 114 119
-0.0857903 12 39 25 26 96 333 114 119
-0.0858177 12 52 25 26 96 333 114 119
-0.0857685 12 65 25 26 96 333 114 119
-0.0866977 12 78 25 26 96 333 114 119
-0.0861369 12 91 25 26 96 333 114 119
-0.0861972 24 0 25 26 96 333 114 119
-0.0860108 24 13 25 26 96 333 114 119
-0.0859252 24 26 25 26 96 333 114 119
-0.0860727 24 39 25 26 96 333 114 119
-0.0860921 24 52 25 26 96 333 114 119
-0.0860838 24 65 25 26 96 333 114 119
-0.0862945 24 78 25 26 96 333 114 119
-0.0855367 24 91 25 26 96 333 114 119
-0.0841318 36 0 25 26 96 333 114 119
-0.0666063 36 13 25 26 96 333 114 119
-0.0604967 36 26 25 26 96 333 114 119
-0.0590468 36 39 25 26 96 333 114 119
-0.0639723 36 52 25 26 96 333 114 119
-0.0859114 36 65 25 26 96 333 114 119
-0.0858754 36 78 25 26 96 333 114 119
-0.0721798 36 91 25 26 96 333 114 119
-0.0855383 48 0 25 26 96 333 114 119
-0.0858186 48 13 25 26 96 333 114 119
-0.0856279 48 26 25 26 96 333 114 119
-0.05636 48 39 25 26 96 333 114 119
-0.0571794 48 52 25 26 96 333 114 119
-0.0857943 48 65 25 26 96 333 114 119
-0.085775 48 78 25 26 96 333 114 119
-0.0860073 48 91 25 26 96 333 114 119
-0.0861772 60 0 25 26 96 333 114 119
-0.0860713 60 13 25 26 96 333 114 119
-0.0859342 60 26 25 26 96 333 114 119
-0.0855469 60 39 25 26 96 333 114 119
-0.0737385 60 52 25 26 96 333 114 119
-0.0858031 60 65 25 26 96 333 114 119
-0.086004 60 78 25 26 96 333 114 119
-0.0861026 60 91 25 26 96 333 114 119
-0.0859306 72 0 25 26 96 333 114 119
-0.0860319 72 13 25 26 96 333 114 119
-0.0860101 72 26 25 26 96 333 114 119
-0.0858214 72 39 25 26 96 333 114 119
-0.0856891 72 52 25 26 96 333 114 119
-0.0858015 72 65 25 26 96 333 114 119
-0.0860048 72 78 25 26 96 333 114 119
-0.08596 72 91 25 26 96 333 114 119
-0.0856269 84 0 25 26 96 333 114 119
-0.0860362 84 13 25 26 96 333 114 119
-0.0861 84 26 25 26 96 333 114 119
-0.0848067 84 39 25 26 96 333 114 119
-0.0597755 84 52 25 26 96 333 114 119
-0.0559915 84 65 25 26 96 333 114 119
-0.0856454 84 78 25 26 96 333 114 119
-0.085626 84 91 25 26 96 333 114 119
-0.0856848 0 0 25 26 96 333 114 119
-0.0857202 0 13 25 26 96 333 114 119
-0.0855243 0 26 25 26 96 333 114 119
-0.079198 0 39 25 26 96 333 114 119
-0.0811443 0 52 25 26 96 333 114 119
-0.0855401 0 65 25 26 96 333 114 119
-0.0855577 0 78 25 26 96 333 114 119
-0.0856971 0 91 25 26 96 333 114 119
-0.0857941 12 0 25 26 96 333 114 119
-0.0857932 12 13 25 26 96 333 114 119
-0.0858049 12 26 25 26 96 333 114 119
-0.0858099 12 39 25 26 96 333 114 119
-0.0858379 12 52 25 26 96 333 114 119
-0.085862 12 65 25 26 96 333 114 119
-0.0865484 12 78 25 26 96 333 114 119
-0.0862045 12 91 25 26 96 333 114 119
-0.0860952 24 0 25 26 96 333 114 119
-0.0860776 24 13 25 26 96 333 114 119
-0.086058 24 26 25 26 96 333 114 119
-0.0860133 24 39 25 26 96 333 114 119
-0.0860157 24 52 25 26 96 333 114 119
-0.0860066 24 65 25 26 96 333 114 119
-0.0864271 24 78 25 26 96 333 114 119
-0.085902 24 91 25 26 96 333 114 119
-0.0857831 36 0 25 26 96 333 114 119
-0.0858198 36 13 25 26 96 333 114 119
-0.0858515 36 26 25 26 96 333 114 119
-0.0859336 36 39 25 26 96 333 114 119
-0.0859741 36 52 25 26 96 333 114 119
-0.0859424 36 65 25 26 96 333 114 119
-0.086049 36 78 25 26 96 333 114 119
-0.0700593 36 91 25 26 96 333 114 119
-0.085657 48 0 25 26 96 333 114 119
-0.0858302 48 13 25 26 96 333 114 119
-0.0858018 48 26 25 26 96 333 114 119
-0.0860241 48 39 25 26 96 333 114 119
-0.0856727 48 52 25 26 96 333 114 119
-0.0857497 48 65 25 26 96 333 114 119
-0.0857734 48 78 25 26 96 333 114 119
-0.0783134 48 91 25 26 96 333 114 119
-0.0860469 60 0 25 26 96 333 114 119
-0.0859009 60 13 25 26 96 333 114 119
-0.0861114 60 26 25 26 96 333 114 119
-0.0858758 60 39 25 26 96 333 114 119
-0.0859191 60 52 25 26 96 333 114 119
-0.085811 60 65 25 26 96 333 114 119
-0.0856805 60 78 25 26 96 333 114 119
-0.0808825 60 91 25 26 96 333 114 119
-0.0859967 72 0 25 26 96 333 114 119
-0.0860137 72 13 25 26 96 333 114 119
-0.0859625 72 26 25 26 96 333 114 119
-0.0857577 72 39 25 26 96 333 114 119
-0.0862094 72 52 25 26 96 333 114 119
-0.0859092 72 65 25 26 96 333 114 119
-0.0856274 72 78 25 26 96 333 114 119
-0.0856449 72 91 25 26 96 333 114 119
-0.085842 84 0 25 26 96 333 114 119
-0.0860002 84 13 25 26 96 333 114 119
-0.0860495 84 26 25 26 96 333 114 119
-0.0859801 84 39 25 26 96 333 114 119
-0.063331 84 52 25 26 96 333 114 119
-0.0677572 84 65 25 26 96 333 114 119
-0.0856089 84 78 25 26 96 333 114 119
-0.0858272 84 91 25 26 96 333 114 119
-0.0856147 0 0 25 26 96 333 114 119
-0.085471 0 13 25 26 96 333 114 119
-0.0855695 0 26 25 26 96 333 114 119
-0.0852412 0 39 25 26 96 333 114 119
-0.0855193 0 52 25 26 96 333 114 119
-0.085645 0 65 25 26 96 333 114 119
-0.0856584 0 78 25 26 96 333 114 119
-0.085714 0 91 25 26 96 333 114 119
-0.0858774 12 0 25 26 96 333 114 119
-0.0858209 12 13 25 26 96 333 114 119
-0.0857554 12 26 25 26 96 333 114 119
-0.0858287 12 39 25 26 96 333 114 119
-0.0859964 12 52 25 26 96 333 114 119
-0.0859549 12 65 25 26 96 333 114 119
-0.0860436 12 78 25 26 96 333 114 119
-0.0860399 12 91 25 26 96 333 114 119
-0.0860747 24 0 25 26 96 333 114 119
-0.0860456 24 13 25 26 96 333 114 119
-0.0859442 24 26 25 26 96 333 114 119
-0.0859092 24 39 25 26 96 333 114 119
-0.0861368 24 52 25 26 96 333 114 119
-0.086097 24 65 25 26 96 333 114 119
-0.0860095 24 78 25 26 96 333 114 119
-0.085926 24 91 25 26 96 333 114 119
-0.0859659 36 0 25 26 96 333 114 119
-0.0860733 36 13 25 26 96 333 114 119
-0.085905 36 26 25 26 96 333 114 119
-0.0858755 36 39 25 26 96 333 114 119
-0.08594 36 52 25 26 96 333 114 119
-0.0863392 36 65 25 26 96 333 114 119
-0.0860259 36 78 25 26 96 333 114 119
-0.0859237 36 91 25 26 96 333 114 119
-0.0857862 48 0 25 26 96 333 114 119
-0.0857369 48 13 25 26 96 333 114 119
-0.0858083 48 26 25 26 96 333 114 119
-0.0858464 48 39 25 26 96 333 114 119
-0.0858648 48 52 25 26 96 333 114 119
-0.0863163 48 65 25 26 96 333 114 119
-0.0855906 48 78 25 26 96 333 114 119
-0.0856204 48 91 25 26 96 333 114 119
-0.0859499 60 0 25 26 96 333 114 119
-0.0860597 60 13 25 26 96 333 114 119
-0.0860799 60 26 25 26 96 333 114 119
-0.0858613 60 39 25 26 96 333 114 119
-0.0859024 60 52 25 26 96 333 114 119
-0.085952 60 65 25 26 96 333 114 119
-0.0584307 60 78 25 26 96 333 114 119
-0.0748296 60 91 25 26 96 333 114 119
-0.0860177 72 0 25 26 96 333 114 119
-0.0859886 72 13 25 26 96 333 114 119
-0.0858298 72 26 25 26 96 333 114 119
-0.0858164 72 39 25 26 96 333 114 119
-0.0859422 72 52 25 26 96 333 114 119
-0.0860109 72 65 25 26 96 333 114 119
-0.0826956 72 78 25 26 96 333 114 119
-0.0856017 72 91 25 26 96 333 114 119
-0.0859307 84 0 25 26 96 333 114 119
-0.0860564 84 13 25 26 96 333 114 119
-0.0860664 84 26 25 26 96 333 114 119
-0.0861188 84 39 25 26 96 333 114 119
-0.0860073 84 52 25 26 96 333 114 119
-0.0857756 84 65 25 26 96 333 114 119
-0.0858215 84 78 25 26 96 333 114 119
-0.0861673 84 91 25 26 96 333 114 119
-0.0858741 0 0 38 34 96 333 114 119
-0.0858039 0 17 38 34 96 333 114 119
-0.0858883 0 34 38 34 96 333 114 119
-0.0859453 0 51 38 34 96 333 114 119
-0.0860405 0 68 38 34 96 333 114 119
-0.0860139 0 85 38 34 96 333 114 119
-0.0860001 19 0 38 34 96 333 114 119
-0.085984 19 17 38 34 96 333 114 119
-0.0859996 19 34 38 34 96 333 114 119
-0.0860093 19 51 38 34 96 333 114 119
-0.0861316 19 68 38 34 96 333 114 119
-0.0859737 19 85 38 34 96 333 114 119
-0.085936 38 0 38 34 96 333 114 119
-0.0859382 38 17 38 34 96 333 114 119
-0.0859589 38 34 38 34 96 333 114 119
-0.0861301 38 51 38 34 96 333 114 119
-0.085904 38 68 38 34 96 333 114 119
-0.0855423 38 85 38 34 96 333 114 119
-0.0859717 57 0 38 34 96 333 114 119
-0.0859114 57 17 38 34 96 333 114 119
-0.0860837 57 34 38 34 96 333 114 119
-0.0861522 57 51 38 34 96 333 114 119
-0.0857926 57 68 38 34 96 333 114 119
-0.0777272 57 85 38 34 96 333 114 119
-0.0858891 76 0 38 34 96 333 114 119
-0.0859644 76 17 38 34 96 333 114 119
-0.0862029 76 34 38 34 96 333 114 119
-0.0858479 76 51 38 34 96 333 114 119
-0.0855486 76 68 38 34 96 333 114 119
-0.0863277 76 85 38 34 96 333 114 119
-0.083432 0 0 38 34 96 333 114 119
-0.0854929 0 17 38 34 96 333 114 119
-0.0803396 0 34 38 34 96 333 114 119
-0.0855513 0 51 38 34 96 333 114 119
-0.0857177 0 68 38 34 96 333 114 119
-0.0857695 0 85 38 34 96 333 114 119
-0.0858898 19 0 38 34 96 333 114 119
-0.0857996 19 17 38 34 96 333 114 119
-0.0859436 19 34 38 34 96 333 114 119
-0.0861488 19 51 38 34 96 333 114 119
-0.0859802 19 68 38 34 96 333 114 119
-0.0858887 19 85 38 34 96 333 114 119
-0.0858996 38 0 38 34 96 333 114 119
-0.0860659 38 17 38 34 96 333 114 119
-0.0861364 38 34 38 34 96 333 114 119
-0.0860154 38 51 38 34 96 333 114 119
-0.085847 38 68 38 34 96 333 114 119
-0.0839029 38 85 38 34 96 333 114 119
-0.0855614 57 0 38 34 96 333 114 119
-0.0860827 57 17 38 34 96 333 114 119
-0.0859692 57 34 38 34 96 333 114 119
-0.085781 57 51 38 34 96 333 114 119
-0.0857991 57 68 38 34 96 333 114 119
-0.0854979 57 85 38 34 96 333 114 119
-0.0858266 76 0 38 34 96 333 114 119
-0.0858649 76 17 38 34 96 333 114 119
-0.086048 76 34 38 34 96 333 114 119
-0.0858736 76 51 38 34 96 333 114 119
-0.0858999 76 68 38 34 96 333 114 119
-0.0856282 76 85 38 34 96 333 114 119
-0.0831893 0 0 38 34 96 333 114 119
-0.085503 0 17 38 34 96 333 114 119
-0.0856847 0 34 38 34 96 333 114 119
-0.085679 0 51 38 34 96 333 114 119
-0.0857627 0 68 38 34 96 333 114 119
-0.0857655 0 85 38 34 96 333 114 119
-0.0858493 19 0 38 34 96 333 114 119
-0.0859147 19 17 38 34 96 333 114 119
-0.085948 19 34 38 34 96 333 114 119
-0.0858778 19 51 38 34 96 333 114 119
-0.086103 19 68 38 34 96 333 114 119
-0.0860522 19 85 38 34 96 333 114 119
-0.0860554 38 0 38 34 96 333 114 119
-0.0859681 38 17 38 34 96 333 114 119
-0.0858086 38 34 38 34 96 333 114 119
-0.086268 38 51 38 34 96 333 114 119
-0.0862443 38 68 38 34 96 333 114 119
-0.0860162 38 85 38 34 96 333 114 119
-0.0859462 57 0 38 34 96 333 114 119
-0.0858521 57 17 38 34 96 333 114 119
-0.0855872 57 34 38 34 96 333 114 119
-0.0862089 57 51 38 34 96 333 114 119
-0.0860984 57 68 38 34 96 333 114 119
-0.0859723 57 85 38 34 96 333 114 119
-0.0858706 76 0 38 34 96 333 114 119
-0.0859066 76 17 38 34 96 333 114 119
-0.0861855 76 34 38 34 96 333 114 119
-0.0860445 76 51 38 34 96 333 114 119
-0.0860106 76 68 38 34 96 333 114 119
-0.0861121 76 85 38 34 96 333 114 119
-0.0854809 0 0 38 34 96 333 114 119
-0.0855994 0 17 38 34 96 333 114 119
-0.08571 0 34 38 34 96 333 114 119
-0.0858211 0 51 38 34 96 333 114 119
-0.0858264 0 68 38 34 96 333 114 119
-0.0858314 0 85 38 34 96 333 114 119
-0.0860145 19 0 38 34 96 333 114 119
-0.0859916 19 17 38 34 96 333 114 119
-0.0860096 19 34 38 34 96 333 114 119
-0.0860497 19 51 38 34 96 333 114 119
-0.0859788 19 68 38 34 96 333 114 119
-0.0859443 19 85 38 34 96 333 114 119
-0.085728 38 0 38 34 96 333 114 119
-0.085767 38 17 38 34 96 333 114 119
-0.0858355 38 34 38 34 96 333 114 119
-0.085946 38 51 38 34 96 333 114 119
-0.0860338 38 68 38 34 96 333 114 119
-0.0857122 38 85 38 34 96 333 114 119
-0.0859985 57 0 38 34 96 333 114 119
-0.0858628 57 17 38 34 96 333 114 119
-0.0856869 57 34 38 34 96 333 114 119
-0.0855134 57 51 38 34 96 333 114 119
-0.0858465 57 68 38 34 96 333 114 119
-0.0857123 57 85 38 34 96 333 114 119
-0.0859566 76 0 38 34 96 333 114 119
-0.0860039 76 17 38 34 96 333 114 119
-0.0859816 76 34 38 34 96 333 114 119
-0.0857397 76 51 38 34 96 333 114 119
-0.0858418 76 68 38 34 96 333 114 119
-0.0858589 76 85 38 34 96 333 114 119
-0.0858864 0 0 38 34 96 333 114 119
-0.0858132 0 17 38 34 96 333 114 119
-0.086255 0 34 38 34 96 333 114 119
-0.0861746 0 51 38 34 96 333 114 119
-0.0860347 0 68 38 34 96 333 114 119
-0.085997 0 85 38 34 96 333 114 119
-0.0859477 19 0 38 34 96 333 114 119
-0.0859637 19 17 38 34 96 333 114 119
-0.0860254 19 34 38 34 96 333 114 119
-0.0862592 19 51 38 34 96 333 114 119
-0.0858874 19 68 38 34 96 333 114 119
-0.0861625 19 85 38 34 96 333 114 119
-0.08594 38 0 38 34 96 333 114 119
-0.0859708 38 17 38 34 96 333 114 119
-0.0858779 38 34 38 34 96 333 114 119
-0.0860415 38 51 38 34 96 333 114 119
-0.0860286 38 68 38 34 96 333 114 119
-0.0859446 38 85 38 34 96 333 114 119
-0.085899 57 0 38 34 96 333 114 119
-0.0858718 57 17 38 34 96 333 114 119
-0.0859134 57 34 38 34 96 333 114 119
-0.086116 57 51 38 34 96 333 114 119
-0.0860909 57 68 38 34 96 333 114 119
-0.0856461 57 85 38 34 96 333 114 119
-0.0857595 76 0 38 34 96 333 114 119
-0.0858242 76 17 38 34 96 333 114 119
-0.086186 76 34 38 34 96 333 114 119
-0.0863059 76 51 38 34 96 333 114 119
-0.086064 76 68 38 34 96 333 114 119
-0.0858081 76 85 38 34 96 333 114 119
-0.0859632 0 0 38 34 96 333 114 119
-0.0858504 0 17 38 34 96 333 114 119
-0.0860634 0 34 38 34 96 333 114 119
-0.0860397 0 51 38 34 96 333 114 119
-0.0860011 0 68 38 34 96 333 114 119
-0.0859541 0 85 38 34 96 333 114 119
-0.0859579 19 0 38 34 96 333 114 119
-0.0859976 19 17 38 34 96 333 114 119
-0.086063 19 34 38 34 96 333 114 119
-0.0860341 19 51 38 34 96 333 114 119
-0.0859404 19 68 38 34 96 333 114 119
-0.085916 19 85 38 34 96 333 114 119
-0.0859366 38 0 38 34 96 333 114 119
-0.0859486 38 17 38 34 96 333 114 119
-0.0858421 38 34 38 34 96 333 114 119
-0.0859711 38 51 38 34 96 333 114 119
-0.085714 38 68 38 34 96 333 114 119
-0.0860795 38 85 38 34 96 333 114 119
-0.0859993 57 0 38 34 96 333 114 119
-0.0859286 57 17 38 34 96 333 114 119
-0.0861027 57 34 38 34 96 333 114 119
-0.0859573 57 51 38 34 96 333 114 119
-0.0860575 57 68 38 34 96 333 114 119
-0.0857948 57 85 38 34 96 333 114 119
-0.0858682 76 0 38 34 96 333 114 119
-0.0859824 76 17 38 34 96 333 114 119
-0.0862426 76 34 38 34 96 333 114 119
-0.0858238 76 51 38 34 96 333 114 119
-0.0854757 76 68 38 34 96 333 114 119
-0.0691997 76 85 38 34 96 333 114 119
-0.0858441 0 0 38 34 96 333 114 119
-0.0858505 0 17 38 34 96 333 114 119
-0.0858914 0 34 38 34 96 333 114 119
-0.0859028 0 51 38 34 96 333 114 119
-0.0860862 0 68 38 34 96 333 114 119
-0.086047 0 85 38 34 96 333 114 119
-0.0859173 19 0 38 34 96 333 114 119
-0.08593 19 17 38 34 96 333 114 119
-0.0859707 19 34 38 34 96 333 114 119
-0.0859523 19 51 38 34 96 333 114 119
-0.0862917 19 68 38 34 96 333 114 119
-0.0859354 19 85 38 34 96 333 114 119
-0.0858519 38 0 38 34 96 333 114 119
-0.0857044 38 17 38 34 96 333 114 119
-0.0857302 38 34 38 34 96 333 114 119
-0.0854648 38 51 38 34 96 333 114 119
-0.0856532 38 68 38 34 96 333 114 119
-0.0857159 38 85 38 34 96 333 114 119
-0.086016 57 0 38 34 96 333 114 119
-0.0859859 57 17 38 34 96 333 114 119
-0.0859149 57 34 38 34 96 333 114 119
-0.0854892 57 51 38 34 96 333 114 119
-0.0854874 57 68 38 34 96 333 114 119
-0.0860327 57 85 38 34 96 333 114 119
-0.0858163 76 0 38 34 96 333 114 119
-0.0861694 76 17 38 34 96 333 114 119
-0.0858945 76 34 38 34 96 333 114 119
-0.0729772 76 51 38 34 96 333 114 119
-0.0741075 76 68 38 34 96 333 114 119
-0.0854736 76 85 38 34 96 333 114 119
-0.0859043 0 0 38 34 96 333 114 119
-0.0857917 0 17 38 34 96 333 114 119
-0.0858065 0 34 38 34 96 333 114 119
-0.0857721 0 51 38 34 96 333 114 119
-0.0865816 0 68 38 34 96 333 114 119
-0.0860782 0 85 38 34 96 333 114 119
-0.0857172 19 0 38 34 96 333 114 119
-0.0857947 19 17 38 34 96 333 114 119
-0.0859069 19 34 38 34 96 333 114 119
-0.0860047 19 51 38 34 96 333 114 119
-0.086395 19 68 38 34 96 333 114 119
-0.0858496 19 85 38 34 96 333 114 119
-0.080064 38 0 38 34 96 333 114 119
-0.0671902 38 17 38 34 96 333 114 119
-0.0567726 38 34 38 34 96 333 114 119
-0.0626688 38 51 38 34 96 333 114 119
-0.0856278 38 68 38 34 96 333 114 119
-0.0856866 38 85 38 34 96 333 114 119
-0.0861058 57 0 38 34 96 333 114 119
-0.0859674 57 17 38 34 96 333 114 119
-0.0789005 57 34 38 34 96 333 114 119
-0.0696379 57 51 38 34 96 333 114 119
-0.0858219 57 68 38 34 96 333 114 119
-0.0861428 57 85 38 34 96 333 114 119
-0.0857943 76 0 38 34 96 333 114 119
-0.0860043 76 17 38 34 96 333 114 119
-0.0856259 76 34 38 34 96 333 114 119
-0.0577311 76 51 38 34 96 333 114 119
-0.0765001 76 68 38 34 96 333 114 119
-0.0687473 76 85 38 34 96 333 114 119
-0.0857744 0 0 38 34 96 333 114 119
-0.0857749 0 17 38 34 96 333 114 119
-0.0857744 0 34 38 34 96 333 114 119
-0.0857828 0 51 38 34 96 333 114 119
-0.0862079 0 68 38 34 96 333 114 119
-0.0861212 0 85 38 34 96 333 114 119
-0.0859725 19 0 38 34 96 333 114 119
-0.085971 19 17 38 34 96 333 114 119
-0.0859469 19 34 38 34 96 333 114 119
-0.0859524 19 51 38 34 96 333 114 119
-0.0863938 19 68 38 34 96 333 114 119
-0.0859868 19 85 38 34 96 333 114 119
-0.085783 38 0 38 34 96 333 114 119
-0.0858424 38 17 38 34 96 333 114 119
-0.085926 38 34 38 34 96 333 114 119
-0.0860121 38 51 38 34 96 333 114 119
-0.0859187 38 68 38 34 96 333 114 119
-0.0821919 38 85 38 34 96 333 114 119
-0.0860069 57 0 38 34 96 333 114 119
-0.0859086 57 17 38 34 96 333 114 119
-0.0858134 57 34 38 34 96 333 114 119
-0.0858892 57 51 38 34 96 333 114 119
-0.0856115 57 68 38 34 96 333 114 119
-0.0794903 57 85 38 34 96 333 114 119
-0.0859115 76 0 38 34 96 333 114 119
-0.0860157 76 17 38 34 96 333 114 119
-0.0858561 76 34 38 34 96 333 114 119
-0.082446 76 51 38 34 96 333 114 119
-0.0713534 76 68 38 34 96 333 114 119
-0.0856806 76 85 38 34 96 333 114 119
-0.0858415 0 0 38 34 96 333 114 119
-0.085756 0 17 38 34 96 333 114 119
-0.0858014 0 34 38 34 96 333 114 119
-0.0859372 0 51 38 34 96 333 114 119
-0.0859712 0 68 38 34 96 333 114 119
-0.0859653 0 85 38 34 96 333 114 119
-0.0860096 19 0 38 34 96 333 114 119
-0.0859145 19 17 38 34 96 333 114 119
-0.0858771 19 34 38 34 96 333 114 119
-0.0861257 19 51 38 34 96 333 114 119
-0.0859586 19 68 38 34 96 333 114 119
-0.0859726 19 85 38 34 96 333 114 119
-0.0859953 38 0 38 34 96 333 114 119
-0.0859448 38 17 38 34 96 333 114 119
-0.0858824 38 34 38 34 96 333 114 119
-0.0866007 38 51 38 34 96 333 114 119
-0.0859421 38 68 38 34 96 333 114 119
-0.0856288 38 85 38 34 96 333 114 119
-0.0859514 57 0 38 34 96 333 114 119
-0.0858749 57 17 38 34 96 333 114 119
-0.0858262 57 34 38 34 96 333 114 119
-0.0862879 57 51 38 34 96 333 114 119
-0.085626 57 68 38 34 96 333 114 119
-0.0619565 57 85 38 34 96 333 114 119
-0.08595 76 0 38 34 96 333 114 119
-0.0859255 76 17 38 34 96 333 114 119
-0.0861331 76 34 38 34 96 333 114 119
-0.0858798 76 51 38 34 96 333 114 119
-0.0857214 76 68 38 34 96 333 114 119
-0.0859827 76 85 38 34 96 333 114 119
-0.085992 0 0 45 47 96 333 114 119
-0.0859905 0 23 45 47 96 333 114 119
-0.0859828 0 46 45 47 96 333 114 119
-0.0860397 0 69 45 47 96 333 114 119
-0.085923 22 0 45 47 96 333 114 119
-0.0860316 22 23 45 47 96 333 114 119
-0.0860428 22 46 45 47 96 333 114 119
-0.0859553 22 69 45 47 96 333 114 119
-0.0859078 44 0 45 47 96 333 114 119
-0.0860428 44 23 45 47 96 333 114 119
-0.085968 44 46 45 47 96 333 114 119
-0.0856554 44 69 45 47 96 333 114 119
-0.0859285 66 0 45 47 96 333 114 119
-0.0861456 66 23 45 47 96 333 114 119
-0.0859447 66 46 45 47 96 333 114 119
-0.0758598 66 69 45 47 96 333 114 119
-0.0855868 0 0 45 47 96 333 114 119
-0.0855593 0 23 45 47 96 333 114 119
-0.0857874 0 46 45 47 96 333 114 119
-0.0858415 0 69 45 47 96 333 114 119
-0.0857699 22 0 45 47 96 333 114 119
-0.0860342 22 23 45 47 96 333 114 119
-0.0859856 22 46 45 47 96 333 114 119
-0.0858247 22 69 45 47 96 333 114 119
-0.0858774 44 0 45 47 96 333 114 119
-0.0860383 44 23 45 47 96 333 114 119
-0.0858216 44 46 45 47 96 333 114 119
-0.0855438 44 69 45 47 96 333 114 119
-0.0858325 66 0 45 47 96 333 114 119
-0.0860071 66 23 45 47 96 333 114 119
-0.0858616 66 46 45 47 96 333 114 119
-0.0856388 66 69 45 47 96 333 114 119
-0.0855506 0 0 45 47 96 333 114 119
-0.0856836 0 23 45 47 96 333 114 119
-0.0857306 0 46 45 47 96 333 114 119
-0.0858461 0 69 45 47 96 333 114 119
-0.0859624 22 0 45 47 96 333 114 119
-0.0859161 22 23 45 47 96 333 114 119
-0.0859993 22 46 45 47 96 333 114 119
-0.0861244 22 69 45 47 96 333 114 119
-0.0859419 44 0 45 47 96 333 114 119
-0.0858195 44 23 45 47 96 333 114 119
-0.0860565 44 46 45 47 96 333 114 119
-0.0860925 44 69 45 47 96 333 114 119
-0.0858996 66 0 45 47 96 333 114 119
-0.0859908 66 23 45 47 96 333 114 119
-0.086063 66 46 45 47 96 333 114 119
-0.0860304 66 69 45 47 96 333 114 119
-0.0857578 0 0 45 47 96 333 114 119
-0.0858501 0 23 45 47 96 333 114 119
-0.0858877 0 46 45 47 96 333 114 119
-0.0859073 0 69 45 47 96 333 114 119
-0.0859464 22 0 45 47 96 333 114 119
-0.0859531 22 23 45 47 96 333 114 119
-0.0859696 22 46 45 47 96 333 114 119
-0.085967 22 69 45 47 96 333 114 119
-0.0858087 44 0 45 47 96 333 114 119
-0.0857149 44 23 45 47 96 333 114 119
-0.0856412 44 46 45 47 96 333 114 119
-0.0857165 44 69 45 47 96 333 114 119
-0.0859974 66 0 45 47 96 333 114 119
-0.0859181 66 23 45 47 96 333 114 119
-0.0856863 66 46 45 47 96 333 114 119
-0.0857708 66 69 45 47 96 333 114 119
-0.0859364 0 0 45 47 96 333 114 119
-0.0859899 0 23 45 47 96 333 114 119
-0.0860387 0 46 45 47 96 333 114 119
-0.0859042 0 69 45 47 96 333 114 119
-0.085876 22 0 45 47 96 333 114 119
-0.0858607 22 23 45 47 96 333 114 119
-0.0861639 22 46 45 47 96 333 114 119
-0.0859315 22 69 45 47 96 333 114 119
-0.085887 44 0 45 47 96 333 114 119
-0.0859824 44 23 45 47 96 333 114 119
-0.0862651 44 46 45 47 96 333 114 119
-0.0858655 44 69 45 47 96 333 114 119
-0.085833 66 0 45 47 96 333 114 119
-0.0859797 66 23 45 47 96 333 114 119
-0.0860732 66 46 45 47 96 333 114 119
-0.0858008 66 69 45 47 96 333 114 119
-0.086027 0 0 45 47 96 333 114 119
-0.0860624 0 23 45 47 96 333 114 119
-0.0860345 0 46 45 47 96 333 114 119
-0.0859628 0 69 45 47 96 333 114 119
-0.0859358 22 0 45 47 96 333 114 119
-0.0860119 22 23 45 47 96 333 114 119
-0.0859832 22 46 45 47 96 333 114 119
-0.0858581 22 69 45 47 96 333 114 119
-0.0859021 44 0 45 47 96 333 114 119
-0.0860884 44 23 45 47 96 333 114 119
-0.0858504 44 46 45 47 96 333 114 119
-0.0856768 44 69 45 47 96 333 114 119
-0.085893 66 0 45 47 96 333 114 119
-0.0862028 66 23 45 47 96 333 114 119
-0.0859014 66 46 45 47 96 333 114 119
-0.0829421 66 69 45 47 96 333 114 119
-0.0860453 0 0 45 47 96 333 114 119
-0.086071 0 23 45 47 96 333 114 119
-0.0859896 0 46 45 47 96 333 114 119
-0.0860665 0 69 45 47 96 333 114 119
-0.0858765 22 0 45 47 96 333 114 119
-0.0859576 22 23 45 47 96 333 114 119
-0.0859124 22 46 45 47 96 333 114 119
-0.0858365 22 69 45 47 96 333 114 119
-0.0858836 44 0 45 47 96 333 114 119
-0.0857711 44 23 45 47 96 333 114 119
-0.0660049 44 46 45 47 96 333 114 119
-0.0855804 44 69 45 47 96 333 114 119
-0.0859676 66 0 45 47 96 333 114 119
-0.0859808 66 23 45 47 96 333 114 119
-0.0855167 66 46 45 47 96 333 114 119
-0.0854648 66 69 45 47 96 333 114 119
-0.0860938 0 0 45 47 96 333 114 119
-0.0860377 0 23 45 47 96 333 114 119
-0.0859452 0 46 45 47 96 333 114 119
-0.0861129 0 69 45 47 96 333 114 119
-0.0855399 22 0 45 47 96 333 114 119
-0.0856208 22 23 45 47 96 333 114 119
-0.0858942 22 46 45 47 96 333 114 119
-0.0857998 22 69 45 47 96 333 114 119
-0.0854916 44 0 45 47 96 333 114 119
-0.0597936 44 23 45 47 96 333 114 119
-0.0771154 44 46 45 47 96 333 114 119
-0.0856844 44 69 45 47 96 333 114 119
-0.0859793 66 0 45 47 96 333 114 119
-0.0856514 66 23 45 47 96 333 114 119
-0.0704961 66 46 45 47 96 333 114 119
-0.0856313 66 69 45 47 96 333 114 119
-0.085983 0 0 45 47 96 333 114 119
-0.0859556 0 23 45 47 96 333 114 119
-0.0859241 0 46 45 47 96 333 114 119
-0.0862358 0 69 45 47 96 333 114 119
-0.0858474 22 0 45 47 96 333 114 119
-0.086015 22 23 45 47 96 333 114 119
-0.0860095 22 46 45 47 96 333 114 119
-0.0860251 22 69 45 47 96 333 114 119
-0.0858192 44 0 45 47 96 333 114 119
-0.0858407 44 23 45 47 96 333 114 119
-0.0858465 44 46 45 47 96 333 114 119
-0.0855986 44 69 45 47 96 333 114 119
-0.0859839 66 0 45 47 96 333 114 119
-0.0860103 66 23 45 47 96 333 114 119
-0.0857155 66 46 45 47 96 333 114 119
-0.0744727 66 69 45 47 96 333 114 119
-0.0859279 0 0 45 47 96 333 114 119
-0.0859041 0 23 45 47 96 333 114 119
-0.0859878 0 46 45 47 96 333 114 119
-0.0859756 0 69 45 47 96 333 114 119
-0.0859001 22 0 45 47 96 333 114 119
-0.0858993 22 23 45 47 96 333 114 119
-0.086228 22 46 45 47 96 333 114 119
-0.0860492 22 69 45 47 96 333 114 119
-0.0859079 44 0 45 47 96 333 114 119
-0.0858271 44 23 45 47 96 333 114 119
-0.0861536 44 46 45 47 96 333 114 119
-0.0857353 44 69 45 47 96 333 114 119
-0.0859104 66 0 45 47 96 333 114 119
-0.0861401 66 23 45 47 96 333 114 119
-0.0859959 66 46 45 47 96 333 114 119
-0.0854879 66 69 45 47 96 333 114 119
-0.0860084 0 0 76 79 96 333 114 119
-0.0859756 0 39 76 79 96 333 114 119
-0.0860478 38 0 76 79 96 333 114 119
-0.0857681 38 39 76 79 96 333 114 119
-0.0858794 0 0 76 79 96 333 114 119
-0.0857849 0 39 76 79 96 333 114 119
-0.0859754 38 0 76 79 96 333 114 119
-0.0856761 38 39 76 79 96 333 114 119
-0.085776 0 0 76 79 96 333 114 119
-0.0859761 0 39 76 79 96 333 114 119
-0.0860571 38 0 76 79 96 333 114 119
-0.0861202 38 39 76 79 96 333 114 119
-0.085911 0 0 76 79 96 333 114 119
-0.0858889 0 39 76 79 96 333 114 119
-0.0859037 38 0 76 79 96 333 114 119
-0.0858354 38 39 76 79 96 333 114 119
-0.0859863 0 0 76 79 96 333 114 119
-0.0858495 0 39 76 79 96 333 114 119
-0.0859689 38 0 76 79 96 333 114 119
-0.085497 38 39 76 79 96 333 114 119
-0.0861158 0 0 76 79 96 333 114 119
-0.0858437 0 39 76 79 96 333 114 119
-0.086084 38 0 76 79 96 333 114 119
-0.0857325 38 39 76 79 96 333 114 119
-0.0859915 0 0 76 79 96 333 114 119
-0.0858659 0 39 76 79 96 333 114 119
-0.08582 38 0 76 79 96 333 114 119
-0.0855838 38 39 76 79 96 333 114 119
-0.0857921 0 0 76 79 96 333 114 119
-0.0858741 0 39 76 79 96 333 114 119
-0.0854578 38 0 76 79 96 333 114 119
-0.075182 38 39 76 79 96 333 114 119
-0.0858946 0 0 76 79 96 333 114 119
-0.0861238 0 39 76 79 96 333 114 119
-0.0859359 38 0 76 79 96 333 114 119
-0.0856159 38 39 76 79 96 333 114 119
-0.085945 0 0 76 79 96 333 114 119
-0.0860593 0 39 76 79 96 333 114 119
-0.085987 38 0 76 79 96 333 114 119
-0.0856898 38 39 76 79 96 333 114 119
-0.0859452 0 0 114 119 96 333 114 119
-0.0856969 0 0 114 119 96 333 114 119
-0.0860407 0 0 114 119 96 333 114 119
-0.08588 0 0 114 119 96 333 114 119
-0.0857333 0 0 114 119 96 333 114 119
-0.0859107 0 0 114 119 96 333 114 119
-0.0859282 0 0 114 119 96 333 114 119
-0.0859346 0 0 114 119 96 333 114 119
-0.086009 0 0 114 119 96 333 114 119
-0.0858529 0 0 114 119 96 333 114 119
