-0.0035487 0 0 27 26 240 162 122 117
-0.00354741 0 13 27 26 240 162 122 117
-0.00355063 0 26 27 26 240 162 122 117
-0.00355273 0 39 27 26 240 162 122 117
-0.00354937 0 52 27 26 240 162 122 117
-0.00355011 0 65 27 26 240 162 122 117
-0.00354707 0 78 27 26 240 162 122 117
-0.00355209 0 91 27 26 240 162 122 117
-0.003554 13 0 27 26 240 162 122 117
-0.00355424 13 13 27 26 240 162 122 117
-0.00355404 13 26 27 26 240 162 122 117
-0.00355446 13 39 27 26 240 162 122 117
-0.0035504 13 52 27 26 240 162 122 117
-0.00353989 13 65 27 26 240 162 122 117
-0.00354243 13 78 27 26 240 162 122 117
-0.00354963 13 91 27 26 240 162 122 117
-0.00355461 26 0 27 26 240 162 122 117
-0.00355331 26 13 27 26 240 162 122 117
-0.00355131 26 26 27 26 240 162 122 117
-0.00355288 26 39 27 26 240 162 122 117
-0.00355181 26 52 27 26 240 162 122 117
-0.00353806 26 65 27 26 240 162 122 117
-0.00335115 26 78 27 26 240 162 122 117
-0.00354252 26 91 27 26 240 162 122 117
-0.00355463 39 0 27 26 240 162 122 117
-0.00355379 39 13 27 26 240 162 122 117
-0.00355291 39 26 27 26 240 162 122 117
-0.0035512 39 39 27 26 240 162 122 117
-0.00354911 39 52 27 26 240 162 122 117
-0.00353861 39 65 27 26 240 162 122 117
-0.00354006 39 78 27 26 240 162 122 117
-0.0035413 39 91 27 26 240 162 122 117
-0.00355458 52 0 27 26 240 162 122 117
-0.00355412 52 13 27 26 240 162 122 117
-0.0035533 52 26 27 26 240 162 122 117
-0.00353679 52 39 27 26 240 162 122 117
-0.00354218 52 52 27 26 240 162 122 117
-0.00225361 52 65 27 26 240 162 122 117
-0.00354635 52 78 27 26 240 162 122 117
-0.00354314 52 91 27 26 240 162 122 117
-0.00355452 65 0 27 26 240 162 122 117
-0.00355419 65 13 27 26 240 162 122 117
-0.00355303 65 26 27 26 240 162 122 117
-0.00355317 65 39 27 26 240 162 122 117
-0.00355252 65 52 27 26 240 162 122 117
-0.00353963 65 65 27 26 240 162 122 117
-0.00354822 65 78 27 26 240 162 122 117
-0.00354487 65 91 27 26 240 162 122 117
-0.00355442 78 0 27 26 240 162 122 117
-0.00355387 78 13 27 26 240 162 122 117
-0.00355218 78 26 27 26 240 162 122 117
-0.00355414 78 39 27 26 240 162 122 117
-0.00355345 78 52 27 26 240 162 122 117
-0.00277612 78 65 27 26 240 162 122 117
-0.00355011 78 78 27 26 240 162 122 117
-0.00355179 78 91 27 26 240 162 122 117
-0.00355407 91 0 27 26 240 162 122 117
-0.003554 91 13 27 26 240 162 122 117
-0.00355333 91 26 27 26 240 162 122 117
-0.0035533 91 39 27 26 240 162 122 117
-0.00355098 91 52 27 26 240 162 122 117
-0.00354549 91 65 27 26 240 162 122 117
-0.00355186 91 78 27 26 240 162 122 117
-0.00355154 91 91 27 26 240 162 122 117
-0.00355452 0 0 27 26 240 162 122 117
-0.00355347 0 13 27 26 240 162 122 117
-0.00355105 0 26 27 26 240 162 122 117
-0.00355202 0 39 27 26 240 162 122 117
-0.00354833 0 52 27 26 240 162 122 117
-0.00355388 0 65 27 26 240 162 122 117
-0.00355047 0 78 27 26 240 162 122 117
-0.0035524 0 91 27 26 240 162 122 117
-0.0035549 13 0 27 26 240 162 122 117
-0.00355356 13 13 27 26 240 162 122 117
-0.00355428 13 26 27 26 240 162 122 117
-0.00355247 13 39 27 26 240 162 122 117
-0.00355389 13 52 27 26 240 162 122 117
-0.00355376 13 65 27 26 240 162 122 117
-0.00353695 13 78 27 26 240 162 122 117
-0.00355011 13 91 27 26 240 162 122 117
-0.00355384 26 0 27 26 240 162 122 117
-0.00355362 26 13 27 26 240 162 122 117
-0.00355456 26 26 27 26 240 162 122 117
-0.00354674 26 39 27 26 240 162 122 117
-0.00355408 26 52 27 26 240 162 122 117
-0.00355389 26 65 27 26 240 162 122 117
-0.00236877 26 78 27 26 240 162 122 117
-0.00354896 26 91 27 26 240 162 122 117
-0.00354876 39 0 27 26 240 162 122 117
-0.00355351 39 13 27 26 240 162 122 117
-0.00355437 39 26 27 26 240 162 122 117
-0.00354987 39 39 27 26 240 162 122 117
-0.00355433 39 52 27 26 240 162 122 117
-0.00355357 39 65 27 26 240 162 122 117
-0.00330465 39 78 27 26 240 162 122 117
-0.00354827 39 91 27 26 240 162 122 117
-0.00354089 52 0 27 26 240 162 122 117
-0.00355239 52 13 27 26 240 162 122 117
-0.00355427 52 26 27 26 240 162 122 117
-0.00355079 52 39 27 26 240 162 122 117
-0.00355433 52 52 27 26 240 162 122 117
-0.00355385 52 65 27 26 240 162 122 117
-0.00354044 52 78 27 26 240 162 122 117
-0.00354722 52 91 27 26 240 162 122 117
-0.00353786 65 0 27 26 240 162 122 117
-0.0035496 65 13 27 26 240 162 122 117
-0.00355448 65 26 27 26 240 162 122 117
-0.00355337 65 39 27 26 240 162 122 117
-0.00355385 65 52 27 26 240 162 122 117
-0.00355451 65 65 27 26 240 162 122 117
-0.00354115 65 78 27 26 240 162 122 117
-0.00354917 65 91 27 26 240 162 122 117
-0.0035427 78 0 27 26 240 162 122 117
-0.0035489 78 13 27 26 240 162 122 117
-0.00355468 78 26 27 26 240 162 122 117
-0.00355332 78 39 27 26 240 162 122 117
-0.00355316 78 52 27 26 240 162 122 117
-0.00355469 78 65 27 26 240 162 122 117
-0.00355059 78 78 27 26 240 162 122 117
-0.00354911 78 91 27 26 240 162 122 117
-0.00353689 91 0 27 26 240 162 122 117
-0.00354921 91 13 27 26 240 162 122 117
-0.00355445 91 26 27 26 240 162 122 117
-0.0035547 91 39 27 26 240 162 122 117
-0.00355386 91 52 27 26 240 162 122 117
-0.00355465 91 65 27 26 240 162 122 117
-0.00355304 91 78 27 26 240 162 122 117
-0.00355046 91 91 27 26 240 162 122 117
-0.00355482 0 0 27 26 240 162 122 117
-0.0035549 0 13 27 26 240 162 122 117
-0.00355364 0 26 27 26 240 162 122 117
-0.00355345 0 39 27 26 240 162 122 117
-0.0035548 0 52 27 26 240 162 122 117
-0.00355282 0 65 27 26 240 162 122 117
-0.00355471 0 78 27 26 240 162 122 117
-0.00355454 0 91 27 26 240 162 122 117
-0.00355485 13 0 27 26 240 162 122 117
-0.00355464 13 13 27 26 240 162 122 117
-0.00355475 13 26 27 26 240 162 122 117
-0.00355469 13 39 27 26 240 162 122 117
-0.00355491 13 52 27 26 240 162 122 117
-0.00355465 13 65 27 26 240 162 122 117
-0.00355386 13 78 27 26 240 162 122 117
-0.00355393 13 91 27 26 240 162 122 117
-0.00355479 26 0 27 26 240 162 122 117
-0.00354066 26 13 27 26 240 162 122 117
-0.00355074 26 26 27 26 240 162 122 117
-0.00355294 26 39 27 26 240 162 122 117
-0.00354434 26 52 27 26 240 162 122 117
-0.00355461 26 65 27 26 240 162 122 117
-0.00355385 26 78 27 26 240 162 122 117
-0.00355344 26 91 27 26 240 162 122 117
-0.00355475 39 0 27 26 240 162 122 117
-0.00354914 39 13 27 26 240 162 122 117
-0.00355267 39 26 27 26 240 162 122 117
-0.00355352 39 39 27 26 240 162 122 117
-0.00355338 39 52 27 26 240 162 122 117
-0.00355479 39 65 27 26 240 162 122 117
-0.00355053 39 78 27 26 240 162 122 117
-0.00355285 39 91 27 26 240 162 122 117
-0.00355491 52 0 27 26 240 162 122 117
-0.00355228 52 13 27 26 240 162 122 117
-0.00355337 52 26 27 26 240 162 122 117
-0.00355085 52 39 27 26 240 162 122 117
-0.00355019 52 52 27 26 240 162 122 117
-0.0035547 52 65 27 26 240 162 122 117
-0.00354973 52 78 27 26 240 162 122 117
-0.00355306 52 91 27 26 240 162 122 117
-0.00355468 65 0 27 26 240 162 122 117
-0.00355036 65 13 27 26 240 162 122 117
-0.00355095 65 26 27 26 240 162 122 117
-0.00354706 65 39 27 26 240 162 122 117
-0.00355261 65 52 27 26 240 162 122 117
-0.00355464 65 65 27 26 240 162 122 117
-0.00355366 65 78 27 26 240 162 122 117
-0.0035531 65 91 27 26 240 162 122 117
-0.00355379 78 0 27 26 240 162 122 117
-0.00355015 78 13 27 26 240 162 122 117
-0.00355483 78 26 27 26 240 162 122 117
-0.00355484 78 39 27 26 240 162 122 117
-0.00355483 78 52 27 26 240 162 122 117
-0.0035535 78 65 27 26 240 162 122 117
-0.00355433 78 78 27 26 240 162 122 117
-0.00355332 78 91 27 26 240 162 122 117
-0.00355401 91 0 27 26 240 162 122 117
-0.00355482 91 13 27 26 240 162 122 117
-0.00355457 91 26 27 26 240 162 122 117
-0.00355414 91 39 27 26 240 162 122 117
-0.00355466 91 52 27 26 240 162 122 117
-0.0035546 91 65 27 26 240 162 122 117
-0.00355407 91 78 27 26 240 162 122 117
-0.00355261 91 91 27 26 240 162 122 117
-0.00355488 0 0 27 26 240 162 122 117
-0.00355482 0 13 27 26 240 162 122 117
-0.00355425 0 26 27 26 240 162 122 117
-0.00355434 0 39 27 26 240 162 122 117
-0.00355467 0 52 27 26 240 162 122 117
-0.00354937 0 65 27 26 240 162 122 117
-0.00354091 0 78 27 26 240 162 122 117
-0.00354972 0 91 27 26 240 162 122 117
-0.00355503 13 0 27 26 240 162 122 117
-0.00355376 13 13 27 26 240 162 122 117
-0.00355491 13 26 27 26 240 162 122 117
-0.00355486 13 39 27 26 240 162 122 117
-0.00355369 13 52 27 26 240 162 122 117
-0.00354624 13 65 27 26 240 162 122 117
-0.00353749 13 78 27 26 240 162 122 117
-0.00354663 13 91 27 26 240 162 122 117
-0.00355455 26 0 27 26 240 162 122 117
-0.00355282 26 13 27 26 240 162 122 117
-0.00355443 26 26 27 26 240 162 122 117
-0.00355438 26 39 27 26 240 162 122 117
-0.00355336 26 52 27 26 240 162 122 117
-0.00354391 26 65 27 26 240 162 122 117
-0.0035416 26 78 27 26 240 162 122 117
-0.00354801 26 91 27 26 240 162 122 117
-0.00355106 39 0 27 26 240 162 122 117
-0.00355224 39 13 27 26 240 162 122 117
-0.0035544 39 26 27 26 240 162 122 117
-0.00355442 39 39 27 26 240 162 122 117
-0.00355439 39 52 27 26 240 162 122 117
-0.0035468 39 65 27 26 240 162 122 117
-0.0035419 39 78 27 26 240 162 122 117
-0.00355114 39 91 27 26 240 162 122 117
-0.00355079 52 0 27 26 240 162 122 117
-0.00354789 52 13 27 26 240 162 122 117
-0.00355431 52 26 27 26 240 162 122 117
-0.00355385 52 39 27 26 240 162 122 117
-0.00355491 52 52 27 26 240 162 122 117
-0.00355277 52 65 27 26 240 162 122 117
-0.003538 52 78 27 26 240 162 122 117
-0.00355025 52 91 27 26 240 162 122 117
-0.00355058 65 0 27 26 240 162 122 117
-0.00354381 65 13 27 26 240 162 122 117
-0.00355423 65 26 27 26 240 162 122 117
-0.0035537 65 39 27 26 240 162 122 117
-0.00355455 65 52 27 26 240 162 122 117
-0.00355364 65 65 27 26 240 162 122 117
-0.003538 65 78 27 26 240 162 122 117
-0.00354769 65 91 27 26 240 162 122 117
-0.00355092 78 0 27 26 240 162 122 117
-0.00354776 78 13 27 26 240 162 122 117
-0.00355429 78 26 27 26 240 162 122 117
-0.00355334 78 39 27 26 240 162 122 117
-0.00355388 78 52 27 26 240 162 122 117
-0.00355185 78 65 27 26 240 162 122 117
-0.00353669 78 78 27 26 240 162 122 117
-0.00353541 78 91 27 26 240 162 122 117
-0.00355067 91 0 27 26 240 162 122 117
-0.00355 91 13 27 26 240 162 122 117
-0.00355476 91 26 27 26 240 162 122 117
-0.00355337 91 39 27 26 240 162 122 117
-0.00355468 91 52 27 26 240 162 122 117
-0.00355103 91 65 27 26 240 162 122 117
-0.00354619 91 78 27 26 240 162 122 117
-0.00355133 91 91 27 26 240 162 122 117
-0.00355466 0 0 27 26 240 162 122 117
-0.00355421 0 13 27 26 240 162 122 117
-0.00355377 0 26 27 26 240 162 122 117
-0.00355109 0 39 27 26 240 162 122 117
-0.00355421 0 52 27 26 240 162 122 117
-0.00355464 0 65 27 26 240 162 122 117
-0.00355422 0 78 27 26 240 162 122 117
-0.00355429 0 91 27 26 240 162 122 117
-0.00355357 13 0 27 26 240 162 122 117
-0.00355454 13 13 27 26 240 162 122 117
-0.00355487 13 26 27 26 240 162 122 117
-0.00355478 13 39 27 26 240 162 122 117
-0.00355491 13 52 27 26 240 162 122 117
-0.00355494 13 65 27 26 240 162 122 117
-0.00355479 13 78 27 26 240 162 122 117
-0.00355479 13 91 27 26 240 162 122 117
-0.0035518 26 0 27 26 240 162 122 117
-0.0035413 26 13 27 26 240 162 122 117
-0.00355349 26 26 27 26 240 162 122 117
-0.00355452 26 39 27 26 240 162 122 117
-0.00355199 26 52 27 26 240 162 122 117
-0.00354763 26 65 27 26 240 162 122 117
-0.00355489 26 78 27 26 240 162 122 117
-0.00355502 26 91 27 26 240 162 122 117
-0.00355 39 0 27 26 240 162 122 117
-0.00174663 39 13 27 26 240 162 122 117
-0.00354967 39 26 27 26 240 162 122 117
-0.00354972 39 39 27 26 240 162 122 117
-0.00355211 39 52 27 26 240 162 122 117
-0.00354896 39 65 27 26 240 162 122 117
-0.0035541 39 78 27 26 240 162 122 117
-0.00203415 39 91 27 26 240 162 122 117
-0.00354674 52 0 27 26 240 162 122 117
-0.00247593 52 13 27 26 240 162 122 117
-0.00355199 52 26 27 26 240 162 122 117
-0.00354988 52 39 27 26 240 162 122 117
-0.00355212 52 52 27 26 240 162 122 117
-0.00354991 52 65 27 26 240 162 122 117
-0.00355413 52 78 27 26 240 162 122 117
-0.00231303 52 91 27 26 240 162 122 117
-0.00182339 65 0 27 26 240 162 122 117
-0.00202129 65 13 27 26 240 162 122 117
-0.00354973 65 26 27 26 240 162 122 117
-0.00354766 65 39 27 26 240 162 122 117
-0.00354811 65 52 27 26 240 162 122 117
-0.00354897 65 65 27 26 240 162 122 117
-0.00355435 65 78 27 26 240 162 122 117
-0.003555 65 91 27 26 240 162 122 117
-0.00355357 78 0 27 26 240 162 122 117
-0.00355455 78 13 27 26 240 162 122 117
-0.00355494 78 26 27 26 240 162 122 117
-0.00355494 78 39 27 26 240 162 122 117
-0.00355496 78 52 27 26 240 162 122 117
-0.00355283 78 65 27 26 240 162 122 117
-0.00355499 78 78 27 26 240 162 122 117
-0.00355476 78 91 27 26 240 162 122 117
-0.0035523 91 0 27 26 240 162 122 117
-0.00355384 91 13 27 26 240 162 122 117
-0.00355432 91 26 27 26 240 162 122 117
-0.00355404 91 39 27 26 240 162 122 117
-0.00355436 91 52 27 26 240 162 122 117
-0.00355468 91 65 27 26 240 162 122 117
-0.0035545 91 78 27 26 240 162 122 117
-0.00355421 91 91 27 26 240 162 122 117
-0.00355086 0 0 27 26 240 162 122 117
-0.00354899 0 13 27 26 240 162 122 117
-0.00355219 0 26 27 26 240 162 122 117
-0.00355397 0 39 27 26 240 162 122 117
-0.00355456 0 52 27 26 240 162 122 117
-0.00355479 0 65 27 26 240 162 122 117
-0.00355445 0 78 27 26 240 162 122 117
-0.00355468 0 91 27 26 240 162 122 117
-0.0035545 13 0 27 26 240 162 122 117
-0.00355476 13 13 27 26 240 162 122 117
-0.00355483 13 26 27 26 240 162 122 117
-0.00355488 13 39 27 26 240 162 122 117
-0.00355491 13 52 27 26 240 162 122 117
-0.00355465 13 65 27 26 240 162 122 117
-0.00355482 13 78 27 26 240 162 122 117
-0.00355483 13 91 27 26 240 162 122 117
-0.00355481 26 0 27 26 240 162 122 117
-0.00355439 26 13 27 26 240 162 122 117
-0.00355315 26 26 27 26 240 162 122 117
-0.00355255 26 39 27 26 240 162 122 117
-0.00354965 26 52 27 26 240 162 122 117
-0.00355244 26 65 27 26 240 162 122 117
-0.00355364 26 78 27 26 240 162 122 117
-0.0035531 26 91 27 26 240 162 122 117
-0.0035475 39 0 27 26 240 162 122 117
-0.00354178 39 13 27 26 240 162 122 117
-0.00355335 39 26 27 26 240 162 122 117
-0.00355263 39 39 27 26 240 162 122 117
-0.00355154 39 52 27 26 240 162 122 117
-0.00353941 39 65 27 26 240 162 122 117
-0.00355441 39 78 27 26 240 162 122 117
-0.00242228 39 91 27 26 240 162 122 117
-0.00353458 52 0 27 26 240 162 122 117
-0.00354563 52 13 27 26 240 162 122 117
-0.00355316 52 26 27 26 240 162 122 117
-0.00355094 52 39 27 26 240 162 122 117
-0.00355344 52 52 27 26 240 162 122 117
-0.00355232 52 65 27 26 240 162 122 117
-0.00355257 52 78 27 26 240 162 122 117
-0.00210777 52 91 27 26 240 162 122 117
-0.00255679 65 0 27 26 240 162 122 117
-0.00354069 65 13 27 26 240 162 122 117
-0.00355252 65 26 27 26 240 162 122 117
-0.00355172 65 39 27 26 240 162 122 117
-0.00355262 65 52 27 26 240 162 122 117
-0.00354283 65 65 27 26 240 162 122 117
-0.00355171 65 78 27 26 240 162 122 117
-0.00355426 65 91 27 26 240 162 122 117
-0.00355256 78 0 27 26 240 162 122 117
-0.00354074 78 13 27 26 240 162 122 117
-0.00355473 78 26 27 26 240 162 122 117
-0.00355498 78 39 27 26 240 162 122 117
-0.00355498 78 52 27 26 240 162 122 117
-0.00355376 78 65 27 26 240 162 122 117
-0.00355469 78 78 27 26 240 162 122 117
-0.00355439 78 91 27 26 240 162 122 117
-0.00355294 91 0 27 26 240 162 122 117
-0.00355357 91 13 27 26 240 162 122 117
-0.00355469 91 26 27 26 240 162 122 117
-0.00355409 91 39 27 26 240 162 122 117
-0.00355443 91 52 27 26 240 162 122 117
-0.00355474 91 65 27 26 240 162 122 117
-0.00355457 91 78 27 26 240 162 122 117
-0.00355356 91 91 27 26 240 162 122 117
-0.0035524 0 0 27 26 240 162 122 117
-0.00355007 0 13 27 26 240 162 122 117
-0.00355207 0 26 27 26 240 162 122 117
-0.00355358 0 39 27 26 240 162 122 117
-0.00355424 0 52 27 26 240 162 122 117
-0.00355313 0 65 27 26 240 162 122 117
-0.00355396 0 78 27 26 240 162 122 117
-0.00355463 0 91 27 26 240 162 122 117
-0.00355418 13 0 27 26 240 162 122 117
-0.00355484 13 13 27 26 240 162 122 117
-0.00355486 13 26 27 26 240 162 122 117
-0.00355479 13 39 27 26 240 162 122 117
-0.00355402 13 52 27 26 240 162 122 117
-0.00355384 13 65 27 26 240 162 122 117
-0.00355145 13 78 27 26 240 162 122 117
-0.00355417 13 91 27 26 240 162 122 117
-0.0035548 26 0 27 26 240 162 122 117
-0.00355422 26 13 27 26 240 162 122 117
-0.00355416 26 26 27 26 240 162 122 117
-0.00355393 26 39 27 26 240 162 122 117
-0.00354813 26 52 27 26 240 162 122 117
-0.00355284 26 65 27 26 240 162 122 117
-0.00355269 26 78 27 26 240 162 122 117
-0.00355378 26 91 27 26 240 162 122 117
-0.00355484 39 0 27 26 240 162 122 117
-0.00353784 39 13 27 26 240 162 122 117
-0.00355467 39 26 27 26 240 162 122 117
-0.00355167 39 39 27 26 240 162 122 117
-0.0035538 39 52 27 26 240 162 122 117
-0.00355094 39 65 27 26 240 162 122 117
-0.00355318 39 78 27 26 240 162 122 117
-0.00355325 39 91 27 26 240 162 122 117
-0.00355131 52 0 27 26 240 162 122 117
-0.00355158 52 13 27 26 240 162 122 117
-0.00355435 52 26 27 26 240 162 122 117
-0.0035483 52 39 27 26 240 162 122 117
-0.00355415 52 52 27 26 240 162 122 117
-0.00355251 52 65 27 26 240 162 122 117
-0.00355237 52 78 27 26 240 162 122 117
-0.00355229 52 91 27 26 240 162 122 117
-0.00355086 65 0 27 26 240 162 122 117
-0.00355342 65 13 27 26 240 162 122 117
-0.00355087 65 26 27 26 240 162 122 117
-0.00355352 65 39 27 26 240 162 122 117
-0.00355182 65 52 27 26 240 162 122 117
-0.00355094 65 65 27 26 240 162 122 117
-0.0035533 65 78 27 26 240 162 122 117
-0.0035542 65 91 27 26 240 162 122 117
-0.00355287 78 0 27 26 240 162 122 117
-0.00355311 78 13 27 26 240 162 122 117
-0.00355047 78 26 27 26 240 162 122 117
-0.00355407 78 39 27 26 240 162 122 117
-0.00355248 78 52 27 26 240 162 122 117
-0.00354869 78 65 27 26 240 162 122 117
-0.00354546 78 78 27 26 240 162 122 117
-0.00354875 78 91 27 26 240 162 122 117
-0.00355205 91 0 27 26 240 162 122 117
-0.00355405 91 13 27 26 240 162 122 117
-0.00355365 91 26 27 26 240 162 122 117
-0.00355377 91 39 27 26 240 162 122 117
-0.00355345 91 52 27 26 240 162 122 117
-0.00355233 91 65 27 26 240 162 122 117
-0.00354932 91 78 27 26 240 162 122 117
-0.00355198 91 91 27 26 240 162 122 117
-0.00354981 0 0 27 26 240 162 122 117
-0.00354587 0 13 27 26 240 162 122 117
-0.00354924 0 26 27 26 240 162 122 117
-0.00355334 0 39 27 26 240 162 122 117
-0.00354981 0 52 27 26 240 162 122 117
-0.00355399 0 65 27 26 240 162 122 117
-0.00355447 0 78 27 26 240 162 122 117
-0.00355448 0 91 27 26 240 162 122 117
-0.00355417 13 0 27 26 240 162 122 117
-0.00355246 13 13 27 26 240 162 122 117
-0.00354811 13 26 27 26 240 162 122 117
-0.00355398 13 39 27 26 240 162 122 117
-0.00355233 13 52 27 26 240 162 122 117
-0.00355049 13 65 27 26 240 162 122 117
-0.00355255 13 78 27 26 240 162 122 117
-0.00355261 13 91 27 26 240 162 122 117
-0.00355419 26 0 27 26 240 162 122 117
-0.00355308 26 13 27 26 240 162 122 117
-0.00354945 26 26 27 26 240 162 122 117
-0.00355371 26 39 27 26 240 162 122 117
-0.00355243 26 52 27 26 240 162 122 117
-0.00353811 26 65 27 26 240 162 122 117
-0.00354578 26 78 27 26 240 162 122 117
-0.00353942 26 91 27 26 240 162 122 117
-0.00355412 39 0 27 26 240 162 122 117
-0.00355366 39 13 27 26 240 162 122 117
-0.00354811 39 26 27 26 240 162 122 117
-0.00355171 39 39 27 26 240 162 122 117
-0.00355126 39 52 27 26 240 162 122 117
-0.00354315 39 65 27 26 240 162 122 117
-0.00354671 39 78 27 26 240 162 122 117
-0.00332801 39 91 27 26 240 162 122 117
-0.0035541 52 0 27 26 240 162 122 117
-0.00355417 52 13 27 26 240 162 122 117
-0.0035511 52 26 27 26 240 162 122 117
-0.00354326 52 39 27 26 240 162 122 117
-0.00354949 52 52 27 26 240 162 122 117
-0.00239596 52 65 27 26 240 162 122 117
-0.00354827 52 78 27 26 240 162 122 117
-0.00353662 52 91 27 26 240 162 122 117
-0.00355403 65 0 27 26 240 162 122 117
-0.00355451 65 13 27 26 240 162 122 117
-0.00355079 65 26 27 26 240 162 122 117
-0.00355323 65 39 27 26 240 162 122 117
-0.00355306 65 52 27 26 240 162 122 117
-0.00353804 65 65 27 26 240 162 122 117
-0.0035502 65 78 27 26 240 162 122 117
-0.00354627 65 91 27 26 240 162 122 117
-0.00355448 78 0 27 26 240 162 122 117
-0.00355436 78 13 27 26 240 162 122 117
-0.00353895 78 26 27 26 240 162 122 117
-0.00355358 78 39 27 26 240 162 122 117
-0.0035537 78 52 27 26 240 162 122 117
-0.00353408 78 65 27 26 240 162 122 117
-0.0035528 78 78 27 26 240 162 122 117
-0.00355353 78 91 27 26 240 162 122 117
-0.0035548 91 0 27 26 240 162 122 117
-0.00355449 91 13 27 26 240 162 122 117
-0.00355133 91 26 27 26 240 162 122 117
-0.00355126 91 39 27 26 240 162 122 117
-0.00355271 91 52 27 26 240 162 122 117
-0.00355238 91 65 27 26 240 162 122 117
-0.00355454 91 78 27 26 240 162 122 117
-0.0035548 91 91 27 26 240 162 122 117
-0.00355363 0 0 27 26 240 162 122 117
-0.00355227 0 13 27 26 240 162 122 117
-0.00355146 0 26 27 26 240 162 122 117
-0.00355344 0 39 27 26 240 162 122 117
-0.00354894 0 52 27 26 240 162 122 117
-0.00355151 0 65 27 26 240 162 122 117
-0.00355274 0 78 27 26 240 162 122 117
-0.00355329 0 91 27 26 240 162 122 117
-0.00355414 13 0 27 26 240 162 122 117
-0.00355475 13 13 27 26 240 162 122 117
-0.00355453 13 26 27 26 240 162 122 117
-0.00355387 13 39 27 26 240 162 122 117
-0.00354502 13 52 27 26 240 162 122 117
-0.00354471 13 65 27 26 240 162 122 117
-0.00355182 13 78 27 26 240 162 122 117
-0.00354562 13 91 27 26 240 162 122 117
-0.00355475 26 0 27 26 240 162 122 117
-0.00354922 26 13 27 26 240 162 122 117
-0.00355258 26 26 27 26 240 162 122 117
-0.00355028 26 39 27 26 240 162 122 117
-0.00354792 26 52 27 26 240 162 122 117
-0.00354879 26 65 27 26 240 162 122 117
-0.00355204 26 78 27 26 240 162 122 117
-0.00355071 26 91 27 26 240 162 122 117
-0.00355476 39 0 27 26 240 162 122 117
-0.00355126 39 13 27 26 240 162 122 117
-0.00355423 39 26 27 26 240 162 122 117
-0.0035498 39 39 27 26 240 162 122 117
-0.00353879 39 52 27 26 240 162 122 117
-0.00354307 39 65 27 26 240 162 122 117
-0.00353983 39 78 27 26 240 162 122 117
-0.00355187 39 91 27 26 240 162 122 117
-0.00355469 52 0 27 26 240 162 122 117
-0.00355383 52 13 27 26 240 162 122 117
-0.00355396 52 26 27 26 240 162 122 117
-0.00353768 52 39 27 26 240 162 122 117
-0.00353514 52 52 27 26 240 162 122 117
-0.00346447 52 65 27 26 240 162 122 117
-0.0035525 52 78 27 26 240 162 122 117
-0.00355242 52 91 27 26 240 162 122 117
-0.00355468 65 0 27 26 240 162 122 117
-0.00355357 65 13 27 26 240 162 122 117
-0.0035541 65 26 27 26 240 162 122 117
-0.00355306 65 39 27 26 240 162 122 117
-0.00354752 65 52 27 26 240 162 122 117
-0.00353861 65 65 27 26 240 162 122 117
-0.0035474 65 78 27 26 240 162 122 117
-0.0035479 65 91 27 26 240 162 122 117
-0.00355457 78 0 27 26 240 162 122 117
-0.00355398 78 13 27 26 240 162 122 117
-0.00355247 78 26 27 26 240 162 122 117
-0.0035538 78 39 27 26 240 162 122 117
-0.0035499 78 52 27 26 240 162 122 117
-0.00353912 78 65 27 26 240 162 122 117
-0.00354039 78 78 27 26 240 162 122 117
-0.00355286 78 91 27 26 240 162 122 117
-0.00355476 91 0 27 26 240 162 122 117
-0.00355428 91 13 27 26 240 162 122 117
-0.00355416 91 26 27 26 240 162 122 117
-0.00355365 91 39 27 26 240 162 122 117
-0.00355189 91 52 27 26 240 162 122 117
-0.00354627 91 65 27 26 240 162 122 117
-0.00355233 91 78 27 26 240 162 122 117
-0.00355413 91 91 27 26 240 162 122 117
-0.00355292 0 0 27 26 240 162 122 117
-0.00355282 0 13 27 26 240 162 122 117
-0.00355328 0 26 27 26 240 162 122 117
-0.00355181 0 39 27 26 240 162 122 117
-0.00355449 0 52 27 26 240 162 122 117
-0.00355428 0 65 27 26 240 162 122 117
-0.00355298 0 78 27 26 240 162 122 117
-0.00355305 0 91 27 26 240 162 122 117
-0.00355468 13 0 27 26 240 162 122 117
-0.00355488 13 13 27 26 240 162 122 117
-0.00355487 13 26 27 26 240 162 122 117
-0.00355482 13 39 27 26 240 162 122 117
-0.00355493 13 52 27 26 240 162 122 117
-0.00355407 13 65 27 26 240 162 122 117
-0.00355427 13 78 27 26 240 162 122 117
-0.00355447 13 91 27 26 240 162 122 117
-0.00355461 26 0 27 26 240 162 122 117
-0.00355143 26 13 27 26 240 162 122 117
-0.00355247 26 26 27 26 240 162 122 117
-0.00355397 26 39 27 26 240 162 122 117
-0.00355185 26 52 27 26 240 162 122 117
-0.00353826 26 65 27 26 240 162 122 117
-0.00355194 26 78 27 26 240 162 122 117
-0.00355309 26 91 27 26 240 162 122 117
-0.00355447 39 0 27 26 240 162 122 117
-0.0019543 39 13 27 26 240 162 122 117
-0.00355332 39 26 27 26 240 162 122 117
-0.0035533 39 39 27 26 240 162 122 117
-0.00355325 39 52 27 26 240 162 122 117
-0.0035437 39 65 27 26 240 162 122 117
-0.00355166 39 78 27 26 240 162 122 117
-0.00354261 39 91 27 26 240 162 122 117
-0.003552 52 0 27 26 240 162 122 117
-0.00263325 52 13 27 26 240 162 122 117
-0.00355465 52 26 27 26 240 162 122 117
-0.00354723 52 39 27 26 240 162 122 117
-0.0035541 52 52 27 26 240 162 122 117
-0.00354582 52 65 27 26 240 162 122 117
-0.00355294 52 78 27 26 240 162 122 117
-0.003545 52 91 27 26 240 162 122 117
-0.00354683 65 0 27 26 240 162 122 117
-0.00289933 65 13 27 26 240 162 122 117
-0.00355429 65 26 27 26 240 162 122 117
-0.00354426 65 39 27 26 240 162 122 117
-0.00355376 65 52 27 26 240 162 122 117
-0.00354888 65 65 27 26 240 162 122 117
-0.00355464 65 78 27 26 240 162 122 117
-0.00355491 65 91 27 26 240 162 122 117
-0.00355491 78 0 27 26 240 162 122 117
-0.00355496 78 13 27 26 240 162 122 117
-0.00355494 78 26 27 26 240 162 122 117
-0.0035548 78 39 27 26 240 162 122 117
-0.00355481 78 52 27 26 240 162 122 117
-0.00355419 78 65 27 26 240 162 122 117
-0.00355477 78 78 27 26 240 162 122 117
-0.00355329 78 91 27 26 240 162 122 117
-0.00355283 91 0 27 26 240 162 122 117
-0.00355375 91 13 27 26 240 162 122 117
-0.00355415 91 26 27 26 240 162 122 117
-0.00355423 91 39 27 26 240 162 122 117
-0.00355449 91 52 27 26 240 162 122 117
-0.0035548 91 65 27 26 240 162 122 117
-0.00355447 91 78 27 26 240 162 122 117
-0.00355324 91 91 27 26 240 162 122 117
-0.00337425 0 0 40 33 240 162 122 117
-0.00354733 0 16 40 33 240 162 122 117
-0.00354974 0 32 40 33 240 162 122 117
-0.00354468 0 48 40 33 240 162 122 117
-0.0028497 0 64 40 33 240 162 122 117
-0.0035421 0 80 40 33 240 162 122 117
-0.0035535 20 0 40 33 240 162 122 117
-0.00355166 20 16 40 33 240 162 122 117
-0.00355015 20 32 40 33 240 162 122 117
-0.00354542 20 48 40 33 240 162 122 117
-0.0035371 20 64 40 33 240 162 122 117
-0.00353983 20 80 40 33 240 162 122 117
-0.00355369 40 0 40 33 240 162 122 117
-0.00355242 40 16 40 33 240 162 122 117
-0.0035445 40 32 40 33 240 162 122 117
-0.0027285 40 48 40 33 240 162 122 117
-0.0019976 40 64 40 33 240 162 122 117
-0.00354244 40 80 40 33 240 162 122 117
-0.00355319 60 0 40 33 240 162 122 117
-0.00354869 60 16 40 33 240 162 122 117
-0.00354874 60 32 40 33 240 162 122 117
-0.00354509 60 48 40 33 240 162 122 117
-0.00294787 60 64 40 33 240 162 122 117
-0.00354701 60 80 40 33 240 162 122 117
-0.00355167 80 0 40 33 240 162 122 117
-0.0035505 80 16 40 33 240 162 122 117
-0.00355059 80 32 40 33 240 162 122 117
-0.00353843 80 48 40 33 240 162 122 117
-0.00353648 80 64 40 33 240 162 122 117
-0.00354956 80 80 40 33 240 162 122 117
-0.0035547 0 0 40 33 240 162 122 117
-0.00354695 0 16 40 33 240 162 122 117
-0.0035523 0 32 40 33 240 162 122 117
-0.0035533 0 48 40 33 240 162 122 117
-0.00355092 0 64 40 33 240 162 122 117
-0.00354493 0 80 40 33 240 162 122 117
-0.0035532 20 0 40 33 240 162 122 117
-0.003554 20 16 40 33 240 162 122 117
-0.00355189 20 32 40 33 240 162 122 117
-0.0035543 20 48 40 33 240 162 122 117
-0.00355007 20 64 40 33 240 162 122 117
-0.00353411 20 80 40 33 240 162 122 117
-0.00353816 40 0 40 33 240 162 122 117
-0.00355388 40 16 40 33 240 162 122 117
-0.00355296 40 32 40 33 240 162 122 117
-0.00355422 40 48 40 33 240 162 122 117
-0.00355121 40 64 40 33 240 162 122 117
-0.00282445 40 80 40 33 240 162 122 117
-0.00314046 60 0 40 33 240 162 122 117
-0.00355369 60 16 40 33 240 162 122 117
-0.00355419 60 32 40 33 240 162 122 117
-0.00355391 60 48 40 33 240 162 122 117
-0.00355324 60 64 40 33 240 162 122 117
-0.00354422 60 80 40 33 240 162 122 117
-0.00222953 80 0 40 33 240 162 122 117
-0.00355308 80 16 40 33 240 162 122 117
-0.00355465 80 32 40 33 240 162 122 117
-0.00355336 80 48 40 33 240 162 122 117
-0.00355398 80 64 40 33 240 162 122 117
-0.00354928 80 80 40 33 240 162 122 117
-0.00355495 0 0 40 33 240 162 122 117
-0.00355469 0 16 40 33 240 162 122 117
-0.00355229 0 32 40 33 240 162 122 117
-0.00355486 0 48 40 33 240 162 122 117
-0.00355167 0 64 40 33 240 162 122 117
-0.00355367 0 80 40 33 240 162 122 117
-0.00355454 20 0 40 33 240 162 122 117
-0.00355376 20 16 40 33 240 162 122 117
-0.00355488 20 32 40 33 240 162 122 117
-0.00355354 20 48 40 33 240 162 122 117
-0.00355456 20 64 40 33 240 162 122 117
-0.00354438 20 80 40 33 240 162 122 117
-0.00355399 40 0 40 33 240 162 122 117
-0.00354381 40 16 40 33 240 162 122 117
-0.00354251 40 32 40 33 240 162 122 117
-0.00354984 40 48 40 33 240 162 122 117
-0.00355435 40 64 40 33 240 162 122 117
-0.00325824 40 80 40 33 240 162 122 117
-0.00355353 60 0 40 33 240 162 122 117
-0.00353961 60 16 40 33 240 162 122 117
-0.0035506 60 32 40 33 240 162 122 117
-0.00355014 60 48 40 33 240 162 122 117
-0.00355422 60 64 40 33 240 162 122 117
-0.00354322 60 80 40 33 240 162 122 117
-0.00355246 80 0 40 33 240 162 122 117
-0.00355489 80 16 40 33 240 162 122 117
-0.00355415 80 32 40 33 240 162 122 117
-0.00355469 80 48 40 33 240 162 122 117
-0.00355247 80 64 40 33 240 162 122 117
-0.00355109 80 80 40 33 240 162 122 117
-0.00355507 0 0 40 33 240 162 122 117
-0.00355346 0 16 40 33 240 162 122 117
-0.00354921 0 32 40 33 240 162 122 117
-0.00355469 0 48 40 33 240 162 122 117
-0.00353504 0 64 40 33 240 162 122 117
-0.00328111 0 80 40 33 240 162 122 117
-0.00355432 20 0 40 33 240 162 122 117
-0.00355319 20 16 40 33 240 162 122 117
-0.00355273 20 32 40 33 240 162 122 117
-0.00355342 20 48 40 33 240 162 122 117
-0.0035371 20 64 40 33 240 162 122 117
-0.00280005 20 80 40 33 240 162 122 117
-0.003548 40 0 40 33 240 162 122 117
-0.00355288 40 16 40 33 240 162 122 117
-0.0035528 40 32 40 33 240 162 122 117
-0.00355452 40 48 40 33 240 162 122 117
-0.00354774 40 64 40 33 240 162 122 117
-0.00252994 40 80 40 33 240 162 122 117
-0.00354732 60 0 40 33 240 162 122 117
-0.00355231 60 16 40 33 240 162 122 117
-0.00355369 60 32 40 33 240 162 122 117
-0.00355421 60 48 40 33 240 162 122 117
-0.00355044 60 64 40 33 240 162 122 117
-0.00351078 60 80 40 33 240 162 122 117
-0.0035446 80 0 40 33 240 162 122 117
-0.00355354 80 16 40 33 240 162 122 117
-0.00355331 80 32 40 33 240 162 122 117
-0.00355426 80 48 40 33 240 162 122 117
-0.00354965 80 64 40 33 240 162 122 117
-0.00354355 80 80 40 33 240 162 122 117
-0.00355458 0 0 40 33 240 162 122 117
-0.0035536 0 16 40 33 240 162 122 117
-0.00355057 0 32 40 33 240 162 122 117
-0.00355404 0 48 40 33 240 162 122 117
-0.00355465 0 64 40 33 240 162 122 117
-0.00355434 0 80 40 33 240 162 122 117
-0.00355247 20 0 40 33 240 162 122 117
-0.00355414 20 16 40 33 240 162 122 117
-0.00355481 20 32 40 33 240 162 122 117
-0.0035544 20 48 40 33 240 162 122 117
-0.00355396 20 64 40 33 240 162 122 117
-0.00355501 20 80 40 33 240 162 122 117
-0.00354026 40 0 40 33 240 162 122 117
-0.00354143 40 16 40 33 240 162 122 117
-0.00353937 40 32 40 33 240 162 122 117
-0.0035511 40 48 40 33 240 162 122 117
-0.00355156 40 64 40 33 240 162 122 117
-0.00355424 40 80 40 33 240 162 122 117
-0.00354925 60 0 40 33 240 162 122 117
-0.00355273 60 16 40 33 240 162 122 117
-0.00355474 60 32 40 33 240 162 122 117
-0.0035547 60 48 40 33 240 162 122 117
-0.0035498 60 64 40 33 240 162 122 117
-0.0035541 60 80 40 33 240 162 122 117
-0.00354865 80 0 40 33 240 162 122 117
-0.00355391 80 16 40 33 240 162 122 117
-0.00355349 80 32 40 33 240 162 122 117
-0.00355388 80 48 40 33 240 162 122 117
-0.0035545 80 64 40 33 240 162 122 117
-0.00355415 80 80 40 33 240 162 122 117
-0.00355064 0 0 40 33 240 162 122 117
-0.00355228 0 16 40 33 240 162 122 117
-0.0035537 0 32 40 33 240 162 122 117
-0.00355462 0 48 40 33 240 162 122 117
-0.00355473 0 64 40 33 240 162 122 117
-0.00355469 0 80 40 33 240 162 122 117
-0.00355489 20 0 40 33 240 162 122 117
-0.00355482 20 16 40 33 240 162 122 117
-0.00355431 20 32 40 33 240 162 122 117
-0.00355082 20 48 40 33 240 162 122 117
-0.00354926 20 64 40 33 240 162 122 117
-0.00355342 20 80 40 33 240 162 122 117
-0.003397 40 0 40 33 240 162 122 117
-0.00354936 40 16 40 33 240 162 122 117
-0.00353943 40 32 40 33 240 162 122 117
-0.00354651 40 48 40 33 240 162 122 117
-0.00354952 40 64 40 33 240 162 122 117
-0.0035531 40 80 40 33 240 162 122 117
-0.00353987 60 0 40 33 240 162 122 117
-0.00354029 60 16 40 33 240 162 122 117
-0.00355315 60 32 40 33 240 162 122 117
-0.00355383 60 48 40 33 240 162 122 117
-0.00354582 60 64 40 33 240 162 122 117
-0.0035514 60 80 40 33 240 162 122 117
-0.0035492 80 0 40 33 240 162 122 117
-0.00355468 80 16 40 33 240 162 122 117
-0.00355392 80 32 40 33 240 162 122 117
-0.00355422 80 48 40 33 240 162 122 117
-0.00355455 80 64 40 33 240 162 122 117
-0.00355372 80 80 40 33 240 162 122 117
-0.00355097 0 0 40 33 240 162 122 117
-0.00355195 0 16 40 33 240 162 122 117
-0.00355318 0 32 40 33 240 162 122 117
-0.00355392 0 48 40 33 240 162 122 117
-0.00354915 0 64 40 33 240 162 122 117
-0.00354936 0 80 40 33 240 162 122 117
-0.00355482 20 0 40 33 240 162 122 117
-0.00355439 20 16 40 33 240 162 122 117
-0.00355055 20 32 40 33 240 162 122 117
-0.00355104 20 48 40 33 240 162 122 117
-0.00355325 20 64 40 33 240 162 122 117
-0.00354659 20 80 40 33 240 162 122 117
-0.00355358 40 0 40 33 240 162 122 117
-0.00355431 40 16 40 33 240 162 122 117
-0.00354548 40 32 40 33 240 162 122 117
-0.00355105 40 48 40 33 240 162 122 117
-0.00355178 40 64 40 33 240 162 122 117
-0.00354697 40 80 40 33 240 162 122 117
-0.00354519 60 0 40 33 240 162 122 117
-0.00354872 60 16 40 33 240 162 122 117
-0.00354744 60 32 40 33 240 162 122 117
-0.00354998 60 48 40 33 240 162 122 117
-0.00354858 60 64 40 33 240 162 122 117
-0.00354547 60 80 40 33 240 162 122 117
-0.00354762 80 0 40 33 240 162 122 117
-0.00355126 80 16 40 33 240 162 122 117
-0.00355159 80 32 40 33 240 162 122 117
-0.00355279 80 48 40 33 240 162 122 117
-0.00355041 80 64 40 33 240 162 122 117
-0.00354872 80 80 40 33 240 162 122 117
-0.00354935 0 0 40 33 240 162 122 117
-0.00304431 0 16 40 33 240 162 122 117
-0.00354938 0 32 40 33 240 162 122 117
-0.00354042 0 48 40 33 240 162 122 117
-0.00355059 0 64 40 33 240 162 122 117
-0.00355279 0 80 40 33 240 162 122 117
-0.00355007 20 0 40 33 240 162 122 117
-0.00354257 20 16 40 33 240 162 122 117
-0.00355071 20 32 40 33 240 162 122 117
-0.00354857 20 48 40 33 240 162 122 117
-0.00353911 20 64 40 33 240 162 122 117
-0.00354399 20 80 40 33 240 162 122 117
-0.00355209 40 0 40 33 240 162 122 117
-0.00354639 40 16 40 33 240 162 122 117
-0.00354688 40 32 40 33 240 162 122 117
-0.0035359 40 48 40 33 240 162 122 117
-0.00184577 40 64 40 33 240 162 122 117
-0.00348776 40 80 40 33 240 162 122 117
-0.00355281 60 0 40 33 240 162 122 117
-0.00354969 60 16 40 33 240 162 122 117
-0.00355131 60 32 40 33 240 162 122 117
-0.00354876 60 48 40 33 240 162 122 117
-0.00299672 60 64 40 33 240 162 122 117
-0.0035478 60 80 40 33 240 162 122 117
-0.0035544 80 0 40 33 240 162 122 117
-0.00354942 80 16 40 33 240 162 122 117
-0.00354975 80 32 40 33 240 162 122 117
-0.00354925 80 48 40 33 240 162 122 117
-0.00355006 80 64 40 33 240 162 122 117
-0.00355383 80 80 40 33 240 162 122 117
-0.00355174 0 0 40 33 240 162 122 117
-0.00355089 0 16 40 33 240 162 122 117
-0.00354959 0 32 40 33 240 162 122 117
-0.00354424 0 48 40 33 240 162 122 117
-0.00355029 0 64 40 33 240 162 122 117
-0.0035507 0 80 40 33 240 162 122 117
-0.00355412 20 0 40 33 240 162 122 117
-0.00355353 20 16 40 33 240 162 122 117
-0.00355089 20 32 40 33 240 162 122 117
-0.00354256 20 48 40 33 240 162 122 117
-0.00354411 20 64 40 33 240 162 122 117
-0.00354164 20 80 40 33 240 162 122 117
-0.0035542 40 0 40 33 240 162 122 117
-0.00355393 40 16 40 33 240 162 122 117
-0.00354072 40 32 40 33 240 162 122 117
-0.00204049 40 48 40 33 240 162 122 117
-0.0035406 40 64 40 33 240 162 122 117
-0.0035473 40 80 40 33 240 162 122 117
-0.00355365 60 0 40 33 240 162 122 117
-0.00355268 60 16 40 33 240 162 122 117
-0.00354261 60 32 40 33 240 162 122 117
-0.00354376 60 48 40 33 240 162 122 117
-0.00354037 60 64 40 33 240 162 122 117
-0.0035505 60 80 40 33 240 162 122 117
-0.00355298 80 0 40 33 240 162 122 117
-0.00355256 80 16 40 33 240 162 122 117
-0.00355061 80 32 40 33 240 162 122 117
-0.00354696 80 48 40 33 240 162 122 117
-0.00354047 80 64 40 33 240 162 122 117
-0.00355078 80 80 40 33 240 162 122 117
-0.0035519 0 0 40 33 240 162 122 117
-0.00355343 0 16 40 33 240 162 122 117
-0.00355208 0 32 40 33 240 162 122 117
-0.00355445 0 48 40 33 240 162 122 117
-0.00355293 0 64 40 33 240 162 122 117
-0.00355131 0 80 40 33 240 162 122 117
-0.0035546 20 0 40 33 240 162 122 117
-0.00355441 20 16 40 33 240 162 122 117
-0.00355459 20 32 40 33 240 162 122 117
-0.00355404 20 48 40 33 240 162 122 117
-0.00355067 20 64 40 33 240 162 122 117
-0.00355294 20 80 40 33 240 162 122 117
-0.00355237 40 0 40 33 240 162 122 117
-0.00355276 40 16 40 33 240 162 122 117
-0.00354737 40 32 40 33 240 162 122 117
-0.00355287 40 48 40 33 240 162 122 117
-0.00354641 40 64 40 33 240 162 122 117
-0.00355264 40 80 40 33 240 162 122 117
-0.00355443 60 0 40 33 240 162 122 117
-0.00355413 60 16 40 33 240 162 122 117
-0.00355258 60 32 40 33 240 162 122 117
-0.0035539 60 48 40 33 240 162 122 117
-0.00355167 60 64 40 33 240 162 122 117
-0.00355381 60 80 40 33 240 162 122 117
-0.0035519 80 0 40 33 240 162 122 117
-0.00355348 80 16 40 33 240 162 122 117
-0.00355361 80 32 40 33 240 162 122 117
-0.0035542 80 48 40 33 240 162 122 117
-0.00355399 80 64 40 33 240 162 122 117
-0.00355034 80 80 40 33 240 162 122 117
-0.00353536 0 0 48 46 240 162 122 117
-0.00354655 0 23 48 46 240 162 122 117
-0.00309182 0 46 48 46 240 162 122 117
-0.00354681 0 69 48 46 240 162 122 117
-0.00355167 24 0 48 46 240 162 122 117
-0.00355175 24 23 48 46 240 162 122 117
-0.00244935 24 46 48 46 240 162 122 117
-0.00353997 24 69 48 46 240 162 122 117
-0.00354872 48 0 48 46 240 162 122 117
-0.00355236 48 23 48 46 240 162 122 117
-0.00179619 48 46 48 46 240 162 122 117
-0.00353655 48 69 48 46 240 162 122 117
-0.00354793 72 0 48 46 240 162 122 117
-0.00355049 72 23 48 46 240 162 122 117
-0.00228398 72 46 48 46 240 162 122 117
-0.00354719 72 69 48 46 240 162 122 117
-0.00355158 0 0 48 46 240 162 122 117
-0.00354415 0 23 48 46 240 162 122 117
-0.00355362 0 46 48 46 240 162 122 117
-0.00354307 0 69 48 46 240 162 122 117
-0.00354596 24 0 48 46 240 162 122 117
-0.00355037 24 23 48 46 240 162 122 117
-0.00355411 24 46 48 46 240 162 122 117
-0.00353962 24 69 48 46 240 162 122 117
-0.0035409 48 0 48 46 240 162 122 117
-0.00355188 48 23 48 46 240 162 122 117
-0.00355438 48 46 48 46 240 162 122 117
-0.00354518 48 69 48 46 240 162 122 117
-0.00354412 72 0 48 46 240 162 122 117
-0.00355353 72 23 48 46 240 162 122 117
-0.00355453 72 46 48 46 240 162 122 117
-0.00354823 72 69 48 46 240 162 122 117
-0.00355439 0 0 48 46 240 162 122 117
-0.00355324 0 23 48 46 240 162 122 117
-0.00355471 0 46 48 46 240 162 122 117
-0.0035505 0 69 48 46 240 162 122 117
-0.0035532 24 0 48 46 240 162 122 117
-0.00354712 24 23 48 46 240 162 122 117
-0.00355213 24 46 48 46 240 162 122 117
-0.00354612 24 69 48 46 240 162 122 117
-0.00354548 48 0 48 46 240 162 122 117
-0.00311611 48 23 48 46 240 162 122 117
-0.00354736 48 46 48 46 240 162 122 117
-0.00354873 48 69 48 46 240 162 122 117
-0.00355473 72 0 48 46 240 162 122 117
-0.00355452 72 23 48 46 240 162 122 117
-0.00355453 72 46 48 46 240 162 122 117
-0.00354546 72 69 48 46 240 162 122 117
-0.0035548 0 0 48 46 240 162 122 117
-0.00353773 0 23 48 46 240 162 122 117
-0.00355397 0 46 48 46 240 162 122 117
-0.00292369 0 69 48 46 240 162 122 117
-0.00354837 24 0 48 46 240 162 122 117
-0.00354174 24 23 48 46 240 162 122 117
-0.00355222 24 46 48 46 240 162 122 117
-0.00218186 24 69 48 46 240 162 122 117
-0.0019118 48 0 48 46 240 162 122 117
-0.00354544 48 23 48 46 240 162 122 117
-0.00355372 48 46 48 46 240 162 122 117
-0.0029724 48 69 48 46 240 162 122 117
-0.00353823 72 0 48 46 240 162 122 117
-0.00355033 72 23 48 46 240 162 122 117
-0.00355405 72 46 48 46 240 162 122 117
-0.00354407 72 69 48 46 240 162 122 117
-0.00355434 0 0 48 46 240 162 122 117
-0.00355117 0 23 48 46 240 162 122 117
-0.00355409 0 46 48 46 240 162 122 117
-0.00355446 0 69 48 46 240 162 122 117
-0.00355027 24 0 48 46 240 162 122 117
-0.00355294 24 23 48 46 240 162 122 117
-0.00355267 24 46 48 46 240 162 122 117
-0.00355347 24 69 48 46 240 162 122 117
-0.0032121 48 0 48 46 240 162 122 117
-0.00220585 48 23 48 46 240 162 122 117
-0.00354583 48 46 48 46 240 162 122 117
-0.00355107 48 69 48 46 240 162 122 117
-0.00355298 72 0 48 46 240 162 122 117
-0.00355323 72 23 48 46 240 162 122 117
-0.0035536 72 46 48 46 240 162 122 117
-0.00355422 72 69 48 46 240 162 122 117
-0.00355092 0 0 48 46 240 162 122 117
-0.0035535 0 23 48 46 240 162 122 117
-0.00355441 0 46 48 46 240 162 122 117
-0.00355455 0 69 48 46 240 162 122 117
-0.00355392 24 0 48 46 240 162 122 117
-0.00355079 24 23 48 46 240 162 122 117
-0.00354811 24 46 48 46 240 162 122 117
-0.00353425 24 69 48 46 240 162 122 117
-0.00302084 48 0 48 46 240 162 122 117
-0.00188437 48 23 48 46 240 162 122 117
-0.0035496 48 46 48 46 240 162 122 117
-0.00270568 48 69 48 46 240 162 122 117
-0.00355151 72 0 48 46 240 162 122 117
-0.0035535 72 23 48 46 240 162 122 117
-0.00355394 72 46 48 46 240 162 122 117
-0.00355383 72 69 48 46 240 162 122 117
-0.00354977 0 0 48 46 240 162 122 117
-0.003552 0 23 48 46 240 162 122 117
-0.00355123 0 46 48 46 240 162 122 117
-0.00354649 0 69 48 46 240 162 122 117
-0.00355445 24 0 48 46 240 162 122 117
-0.00354159 24 23 48 46 240 162 122 117
-0.00354313 24 46 48 46 240 162 122 117
-0.00208642 24 69 48 46 240 162 122 117
-0.00354346 48 0 48 46 240 162 122 117
-0.00258257 48 23 48 46 240 162 122 117
-0.00354437 48 46 48 46 240 162 122 117
-0.00176638 48 69 48 46 240 162 122 117
-0.00354195 72 0 48 46 240 162 122 117
-0.00354797 72 23 48 46 240 162 122 117
-0.00354906 72 46 48 46 240 162 122 117
-0.00353826 72 69 48 46 240 162 122 117
-0.00354739 0 0 48 46 240 162 122 117
-0.00355072 0 23 48 46 240 162 122 117
-0.00344215 0 46 48 46 240 162 122 117
-0.0035519 0 69 48 46 240 162 122 117
-0.00355018 24 0 48 46 240 162 122 117
-0.00355249 24 23 48 46 240 162 122 117
-0.00268181 24 46 48 46 240 162 122 117
-0.00354326 24 69 48 46 240 162 122 117
-0.00354975 48 0 48 46 240 162 122 117
-0.00355294 48 23 48 46 240 162 122 117
-0.00230401 48 46 48 46 240 162 122 117
-0.00353895 48 69 48 46 240 162 122 117
-0.00355334 72 0 48 46 240 162 122 117
-0.00355356 72 23 48 46 240 162 122 117
-0.003547 72 46 48 46 240 162 122 117
-0.00355174 72 69 48 46 240 162 122 117
-0.00354481 0 0 48 46 240 162 122 117
-0.00354478 0 23 48 46 240 162 122 117
-0.00354136 0 46 48 46 240 162 122 117
-0.00354987 0 69 48 46 240 162 122 117
-0.00355038 24 0 48 46 240 162 122 117
-0.00354824 24 23 48 46 240 162 122 117
-0.00316461 24 46 48 46 240 162 122 117
-0.00213026 24 69 48 46 240 162 122 117
-0.00354801 48 0 48 46 240 162 122 117
-0.0035489 48 23 48 46 240 162 122 117
-0.00353356 48 46 48 46 240 162 122 117
-0.00354268 48 69 48 46 240 162 122 117
-0.00354703 72 0 48 46 240 162 122 117
-0.00354869 72 23 48 46 240 162 122 117
-0.00354296 72 46 48 46 240 162 122 117
-0.00354877 72 69 48 46 240 162 122 117
-0.00355388 0 0 48 46 240 162 122 117
-0.00355226 0 23 48 46 240 162 122 117
-0.00355386 0 46 48 46 240 162 122 117
-0.00355163 0 69 48 46 240 162 122 117
-0.00355334 24 0 48 46 240 162 122 117
-0.00355139 24 23 48 46 240 162 122 117
-0.00355219 24 46 48 46 240 162 122 117
-0.00353862 24 69 48 46 240 162 122 117
-0.00355053 48 0 48 46 240 162 122 117
-0.00176486 48 23 48 46 240 162 122 117
-0.00354738 48 46 48 46 240 162 122 117
-0.00354926 48 69 48 46 240 162 122 117
-0.00355284 72 0 48 46 240 162 122 117
-0.00355336 72 23 48 46 240 162 122 117
-0.00355382 72 46 48 46 240 162 122 117
-0.0035528 72 69 48 46 240 162 122 117
-0.00275184 0 0 81 78 240 162 122 117
-0.00206126 0 39 81 78 240 162 122 117
-0.00250256 40 0 81 78 240 162 122 117
-0.00193556 40 39 81 78 240 162 122 117
-0.00354421 0 0 81 78 240 162 122 117
-0.00353374 0 39 81 78 240 162 122 117
-0.00341967 40 0 81 78 240 162 122 117
-0.00353442 40 39 81 78 240 162 122 117
-0.00355471 0 0 81 78 240 162 122 117
-0.00355228 0 39 81 78 240 162 122 117
-0.00355449 40 0 81 78 240 162 122 117
-0.00355312 40 39 81 78 240 162 122 117
-0.00355383 0 0 81 78 240 162 122 117
-0.00354223 0 39 81 78 240 162 122 117
-0.00318842 40 0 81 78 240 162 122 117
-0.00354363 40 39 81 78 240 162 122 117
-0.00355365 0 0 81 78 240 162 122 117
-0.00355403 0 39 81 78 240 162 122 117
-0.00355279 40 0 81 78 240 162 122 117
-0.0035537 40 39 81 78 240 162 122 117
-0.00355302 0 0 81 78 240 162 122 117
-0.00355447 0 39 81 78 240 162 122 117
-0.00355217 40 0 81 78 240 162 122 117
-0.00355322 40 39 81 78 240 162 122 117
-0.00354931 0 0 81 78 240 162 122 117
-0.00353972 0 39 81 78 240 162 122 117
-0.00353707 40 0 81 78 240 162 122 117
-0.00353402 40 39 81 78 240 162 122 117
-0.00306767 0 0 81 78 240 162 122 117
-0.00215612 0 39 81 78 240 162 122 117
-0.00353719 40 0 81 78 240 162 122 117
-0.00234098 40 39 81 78 240 162 122 117
-0.0026573 0 0 81 78 240 162 122 117
-0.00183918 0 39 81 78 240 162 122 117
-0.00323524 40 0 81 78 240 162 122 117
-0.00287472 40 39 81 78 240 162 122 117
-0.00355226 0 0 81 78 240 162 122 117
-0.00355143 0 39 81 78 240 162 122 117
-0.00355281 40 0 81 78 240 162 122 117
-0.00355327 40 39 81 78 240 162 122 117
-0.00186728 0 0 122 117 240 162 122 117
-0.00260804 0 0 122 117 240 162 122 117
-0.00355222 0 0 122 117 240 162 122 117
-0.0035464 0 0 122 117 240 162 122 117
-0.00354807 0 0 122 117 240 162 122 117
-0.00354525 0 0 122 117 240 162 122 117
-0.00353836 0 0 122 117 240 162 122 117
-0.00173457 0 0 122 117 240 162 122 117
-0.00197434 0 0 122 117 240 162 122 117
-0.00354276 0 0 122 117 240 162 122 117
