0.00932404 166 91 12 11 240 162 122 117
0.00919789 166 102 12 11 240 162 122 117
0.00889585 166 113 12 11 240 162 122 117
0.000158166 166 124 12 11 240 162 122 117
4.61439e-005 166 135 12 11 240 162 122 117
0.000576357 166 146 12 11 240 162 122 117
0.00149429 166 157 12 11 240 162 122 117
0.0126919 166 168 12 11 240 162 122 117
0.00700173 166 179 12 11 240 162 122 117
0.00135036 166 190 12 11 240 162 122 117
0.0043151 166 201 12 11 240 162 122 117
0.00347949 166 212 12 11 240 162 122 117
0.00613953 166 223 12 11 240 162 122 117
0.00436138 166 234 12 11 240 162 122 117
0.000203184 166 245 12 11 240 162 122 117
0.000273959 166 256 12 11 240 162 122 117
0.00908202 166 267 12 11 240 162 122 117
0.00897193 166 278 12 11 240 162 122 117
0.00864786 166 289 12 11 240 162 122 117
0.00861361 166 300 12 11 240 162 122 117
0.00873978 166 311 12 11 240 162 122 117
0.00876959 166 322 12 11 240 162 122 117
0.0087422 166 333 12 11 240 162 122 117
0.00881063 166 344 12 11 240 162 122 117
0.0111402 178 91 12 11 240 162 122 117
0.00938553 178 102 12 11 240 162 122 117
0.00865603 178 113 12 11 240 162 122 117
0.00839392 178 124 12 11 240 162 122 117
0.00839093 178 135 12 11 240 162 122 117
0.00882598 178 146 12 11 240 162 122 117
0.0255357 178 157 12 11 240 162 122 117
0.00982421 178 168 12 11 240 162 122 117
0.00408728 178 179 12 11 240 162 122 117
0.00979907 178 190 12 11 240 162 122 117
0.0137135 178 201 12 11 240 162 122 117
0.00360511 178 212 12 11 240 162 122 117
0.000824206 178 223 12 11 240 162 122 117
8.06296e-005 178 234 12 11 240 162 122 117
0.000353 178 245 12 11 240 162 122 117
0.00917206 178 256 12 11 240 162 122 117
0.00970881 178 267 12 11 240 162 122 117
0.00863357 178 278 12 11 240 162 122 117
0.0087696 178 289 12 11 240 162 122 117
0.00873387 178 300 12 11 240 162 122 117
0.00832913 178 311 12 11 240 162 122 117
0.00877956 178 322 12 11 240 162 122 117
0.00883973 178 333 12 11 240 162 122 117
0.00875848 178 344 12 11 240 162 122 117
0.00118939 190 91 12 11 240 162 122 117
0.0157692 190 102 12 11 240 162 122 117
0.00881366 190 113 12 11 240 162 122 117
0.00790669 190 124 12 11 240 162 122 117
0.00814064 190 135 12 11 240 162 122 117
0.00861242 190 146 12 11 240 162 122 117
0.00960283 190 157 12 11 240 162 122 117
0.00926083 190 168 12 11 240 162 122 117
0.00881194 190 179 12 11 240 162 122 117
0.0264975 190 190 12 11 240 162 122 117
0.00989478 190 201 12 11 240 162 122 117
0.0196987 190 212 12 11 240 162 122 117
0.0173368 190 223 12 11 240 162 122 117
0.0169319 190 234 12 11 240 162 122 117
0.00906145 190 245 12 11 240 162 122 117
0.00942966 190 256 12 11 240 162 122 117
0.00803036 190 267 12 11 240 162 122 117
0.00868281 190 278 12 11 240 162 122 117
0.00875108 190 289 12 11 240 162 122 117
0.00882604 190 300 12 11 240 162 122 117
0.00870734 190 311 12 11 240 162 122 117
0.00881222 190 322 12 11 240 162 122 117
0.0090531 190 333 12 11 240 162 122 117
0.00867495 190 344 12 11 240 162 122 117
0.00492903 202 91 12 11 240 162 122 117
0.00188366 202 102 12 11 240 162 122 117
0.0142381 202 113 12 11 240 162 122 117
0.00902873 202 124 12 11 240 162 122 117
0.0079321 202 135 12 11 240 162 122 117
0.00865414 202 146 12 11 240 162 122 117
0.00927613 202 157 12 11 240 162 122 117
0.0216006 202 168 12 11 240 162 122 117
0.00876956 202 179 12 11 240 162 122 117
0.0278035 202 190 12 11 240 162 122 117
0.0100076 202 201 12 11 240 162 122 117
0.0146044 202 212 12 11 240 162 122 117
0.0176243 202 223 12 11 240 162 122 117
0.0164668 202 234 12 11 240 162 122 117
0.00939409 202 245 12 11 240 162 122 117
0.00907624 202 256 12 11 240 162 122 117
0.0088185 202 267 12 11 240 162 122 117
0.00988356 202 278 12 11 240 162 122 117
0.00884451 202 289 12 11 240 162 122 117
0.00862059 202 300 12 11 240 162 122 117
0.00871916 202 311 12 11 240 162 122 117
0.00856093 202 322 12 11 240 162 122 117
0.0088923 202 333 12 11 240 162 122 117
0.00868149 202 344 12 11 240 162 122 117
0.00482266 214 91 12 11 240 162 122 117
0.00489598 214 102 12 11 240 162 122 117
0.0111623 214 113 12 11 240 162 122 117
0.00861819 214 124 12 11 240 162 122 117
0.00497486 214 135 12 11 240 162 122 117
0.00991015 214 146 12 11 240 162 122 117
0.00480444 214 157 12 11 240 162 122 117
0.00762489 214 168 12 11 240 162 122 117
0.0024714 214 179 12 11 240 162 122 117
0.00667259 214 190 12 11 240 162 122 117
0.00154025 214 201 12 11 240 162 122 117
0.0122757 214 212 12 11 240 162 122 117
0.0107351 214 223 12 11 240 162 122 117
0.00571981 214 234 12 11 240 162 122 117
0.0101367 214 245 12 11 240 162 122 117
0.00878129 214 256 12 11 240 162 122 117
0.00882265 214 267 12 11 240 162 122 117
0.00866397 214 278 12 11 240 162 122 117
0.00859399 214 289 12 11 240 162 122 117
0.00865333 214 300 12 11 240 162 122 117
0.00889152 214 311 12 11 240 162 122 117
0.0086519 214 322 12 11 240 162 122 117
0.00860728 214 333 12 11 240 162 122 117
0.0088825 214 344 12 11 240 162 122 117
0.00476942 226 91 12 11 240 162 122 117
0.00486587 226 102 12 11 240 162 122 117
0.00496153 226 113 12 11 240 162 122 117
0.000317065 226 124 12 11 240 162 122 117
0.00449977 226 135 12 11 240 162 122 117
0.00157187 226 146 12 11 240 162 122 117
0.000504332 226 157 12 11 240 162 122 117
0.000194971 226 168 12 11 240 162 122 117
0.00225763 226 179 12 11 240 162 122 117
0.00977858 226 190 12 11 240 162 122 117
0.0362886 226 201 12 11 240 162 122 117
0.00217288 226 212 12 11 240 162 122 117
0.0627679 226 223 12 11 240 162 122 117
0.010419 226 234 12 11 240 162 122 117
0.00892422 226 245 12 11 240 162 122 117
0.00903956 226 256 12 11 240 162 122 117
0.00872221 226 267 12 11 240 162 122 117
0.00874953 226 278 12 11 240 162 122 117
0.00852382 226 289 12 11 240 162 122 117
0.00850063 226 300 12 11 240 162 122 117
0.00895176 226 311 12 11 240 162 122 117
0.0086867 226 322 12 11 240 162 122 117
0.00868837 226 333 12 11 240 162 122 117
0.00859943 226 344 12 11 240 162 122 117
0.00474149 238 91 12 11 240 162 122 117
0.0049146 238 102 12 11 240 162 122 117
0.00503933 238 113 12 11 240 162 122 117
0.00510181 238 124 12 11 240 162 122 117
0.00497865 238 135 12 11 240 162 122 117
0.00463176 238 146 12 11 240 162 122 117
0.00418876 238 157 12 11 240 162 122 117
0.00672057 238 168 12 11 240 162 122 117
0.0013613 238 179 12 11 240 162 122 117
0.00806634 238 190 12 11 240 162 122 117
0.00193894 238 201 12 11 240 162 122 117
0.00120321 238 212 12 11 240 162 122 117
0.000106583 238 223 12 11 240 162 122 117
3.40891e-005 238 234 12 11 240 162 122 117
2.58608e-005 238 245 12 11 240 162 122 117
0.000112964 238 256 12 11 240 162 122 117
0.00346887 238 267 12 11 240 162 122 117
0.00915749 238 278 12 11 240 162 122 117
0.00850281 238 289 12 11 240 162 122 117
0.00622813 238 300 12 11 240 162 122 117
0.00843176 238 311 12 11 240 162 122 117
0.00855093 238 322 12 11 240 162 122 117
0.00863435 238 333 12 11 240 162 122 117
0.00865616 238 344 12 11 240 162 122 117
0.00478396 250 91 12 11 240 162 122 117
0.0048276 250 102 12 11 240 162 122 117
0.0051424 250 113 12 11 240 162 122 117
0.00508979 250 124 12 11 240 162 122 117
0.00520718 250 135 12 11 240 162 122 117
0.00418936 250 146 12 11 240 162 122 117
0.00461867 250 157 12 11 240 162 122 117
0.0109742 250 168 12 11 240 162 122 117
0.000473708 250 179 12 11 240 162 122 117
0.0145531 250 190 12 11 240 162 122 117
0.000149923 250 201 12 11 240 162 122 117
0.000256365 250 212 12 11 240 162 122 117
0.00131741 250 223 12 11 240 162 122 117
0.0129829 250 234 12 11 240 162 122 117
0.00831091 250 245 12 11 240 162 122 117
0.00102389 250 256 12 11 240 162 122 117
0.0136111 250 267 12 11 240 162 122 117
0.010649 250 278 12 11 240 162 122 117
0.0084368 250 289 12 11 240 162 122 117
0.00866058 250 300 12 11 240 162 122 117
0.00833908 250 311 12 11 240 162 122 117
0.00897789 250 322 12 11 240 162 122 117
0.00879897 250 333 12 11 240 162 122 117
0.00873636 250 344 12 11 240 162 122 117
0.00427674 262 91 12 11 240 162 122 117
0.00459478 262 102 12 11 240 162 122 117
0.00622104 262 113 12 11 240 162 122 117
0.00162147 262 124 12 11 240 162 122 117
0.0055349 262 135 12 11 240 162 122 117
0.00463572 262 146 12 11 240 162 122 117
0.00552342 262 157 12 11 240 162 122 117
0.00836092 262 168 12 11 240 162 122 117
0.00881968 262 179 12 11 240 162 122 117
0.0783541 262 190 12 11 240 162 122 117
0.00888922 262 201 12 11 240 162 122 117
0.0145222 262 212 12 11 240 162 122 117
0.0390692 262 223 12 11 240 162 122 117
0.0215302 262 234 12 11 240 162 122 117
0.00922631 262 245 12 11 240 162 122 117
0.0174656 262 256 12 11 240 162 122 117
0.0124899 262 267 12 11 240 162 122 117
0.0116494 262 278 12 11 240 162 122 117
0.00800509 262 289 12 11 240 162 122 117
0.00655897 262 300 12 11 240 162 122 117
0.00798567 262 311 12 11 240 162 122 117
0.00884847 262 322 12 11 240 162 122 117
0.0074427 262 333 12 11 240 162 122 117
0.00868296 262 344 12 11 240 162 122 117
0.00574036 274 91 12 11 240 162 122 117
0.00682396 274 102 12 11 240 162 122 117
0.00836518 274 113 12 11 240 162 122 117
0.00926223 274 124 12 11 240 162 122 117
0.00800794 274 135 12 11 240 162 122 117
0.00582041 274 146 12 11 240 162 122 117
0.051623 274 157 12 11 240 162 122 117
0.00993719 274 168 12 11 240 162 122 117
0.00865007 274 179 12 11 240 162 122 117
0.432309 274 190 12 11 240 162 122 117
0.0101797 274 201 12 11 240 162 122 117
0.0101583 274 212 12 11 240 162 122 117
0.0178428 274 223 12 11 240 162 122 117
0.0187028 274 234 12 11 240 162 122 117
0.00994583 274 245 12 11 240 162 122 117
0.0159833 274 256 12 11 240 162 122 117
0.0124409 274 267 12 11 240 162 122 117
0.0128927 274 278 12 11 240 162 122 117
0.00835313 274 289 12 11 240 162 122 117
0.00802327 274 300 12 11 240 162 122 117
0.00811374 274 311 12 11 240 162 122 117
0.00406347 274 322 12 11 240 162 122 117
0.00791052 274 333 12 11 240 162 122 117
0.00893768 274 344 12 11 240 162 122 117
0.00122836 286 91 12 11 240 162 122 117
0.0114272 286 102 12 11 240 162 122 117
0.0110932 286 113 12 11 240 162 122 117
0.00420799 286 124 12 11 240 162 122 117
0.00211516 286 135 12 11 240 162 122 117
0.00898724 286 146 12 11 240 162 122 117
0.931571 286 157 12 11 240 162 122 117
0.0109249 286 168 12 11 240 162 122 117
0.00894798 286 179 12 11 240 162 122 117
0.120443 286 190 12 11 240 162 122 117
0.00354553 286 201 12 11 240 162 122 117
0.00774543 286 212 12 11 240 162 122 117
0.0216116 286 223 12 11 240 162 122 117
0.0180331 286 234 12 11 240 162 122 117
0.0125434 286 245 12 11 240 162 122 117
0.0108409 286 256 12 11 240 162 122 117
0.0124636 286 267 12 11 240 162 122 117
0.0150388 286 278 12 11 240 162 122 117
0.00808476 286 289 12 11 240 162 122 117
0.00780405 286 300 12 11 240 162 122 117
0.00799817 286 311 12 11 240 162 122 117
0.00847477 286 322 12 11 240 162 122 117
0.00866869 286 333 12 11 240 162 122 117
0.00858544 286 344 12 11 240 162 122 117
0.00979248 298 91 12 11 240 162 122 117
0.0236683 298 102 12 11 240 162 122 117
0.010993 298 113 12 11 240 162 122 117
0.000316801 298 124 12 11 240 162 122 117
0.00394402 298 135 12 11 240 162 122 117
0.00906808 298 146 12 11 240 162 122 117
0.88339 298 157 12 11 240 162 122 117
0.0138879 298 168 12 11 240 162 122 117
0.00896111 298 179 12 11 240 162 122 117
0.0683342 298 190 12 11 240 162 122 117
0.0253125 298 201 12 11 240 162 122 117
0.0297772 298 212 12 11 240 162 122 117
0.0175599 298 223 12 11 240 162 122 117
0.0241877 298 234 12 11 240 162 122 117
0.0179105 298 245 12 11 240 162 122 117
0.0155218 298 256 12 11 240 162 122 117
0.0130851 298 267 12 11 240 162 122 117
0.0140067 298 278 12 11 240 162 122 117
0.00787163 298 289 12 11 240 162 122 117
0.00813272 298 300 12 11 240 162 122 117
0.00808922 298 311 12 11 240 162 122 117
0.00812988 298 322 12 11 240 162 122 117
0.00821148 298 333 12 11 240 162 122 117
0.0086088 298 344 12 11 240 162 122 117
0.00860999 310 91 12 11 240 162 122 117
0.00842202 310 102 12 11 240 162 122 117
0.0214681 310 113 12 11 240 162 122 117
0.00296312 310 124 12 11 240 162 122 117
0.0118413 310 135 12 11 240 162 122 117
0.00881796 310 146 12 11 240 162 122 117
0.869999 310 157 12 11 240 162 122 117
0.013442 310 168 12 11 240 162 122 117
0.00847724 310 179 12 11 240 162 122 117
0.013202 310 190 12 11 240 162 122 117
0.0180168 310 201 12 11 240 162 122 117
0.0092688 310 212 12 11 240 162 122 117
0.0221806 310 223 12 11 240 162 122 117
0.00148895 310 234 12 11 240 162 122 117
0.0206764 310 245 12 11 240 162 122 117
0.0122717 310 256 12 11 240 162 122 117
0.0133713 310 267 12 11 240 162 122 117
0.0133801 310 278 12 11 240 162 122 117
0.00856321 310 289 12 11 240 162 122 117
0.00701367 310 300 12 11 240 162 122 117
0.00871632 310 311 12 11 240 162 122 117
0.00876453 310 322 12 11 240 162 122 117
0.00884851 310 333 12 11 240 162 122 117
0.00825932 310 344 12 11 240 162 122 117
0.00859713 322 91 12 11 240 162 122 117
0.0098829 322 102 12 11 240 162 122 117
0.0102418 322 113 12 11 240 162 122 117
0.00928163 322 124 12 11 240 162 122 117
0.000529478 322 135 12 11 240 162 122 117
0.00982758 322 146 12 11 240 162 122 117
0.020776 322 157 12 11 240 162 122 117
0.0146683 322 168 12 11 240 162 122 117
0.00728747 322 179 12 11 240 162 122 117
0.0125174 322 190 12 11 240 162 122 117
0.00988146 322 201 12 11 240 162 122 117
0.00869098 322 212 12 11 240 162 122 117
0.0115856 322 223 12 11 240 162 122 117
0.0259946 322 234 12 11 240 162 122 117
0.015915 322 245 12 11 240 162 122 117
0.0149702 322 256 12 11 240 162 122 117
0.014632 322 267 12 11 240 162 122 117
0.0129844 322 278 12 11 240 162 122 117
0.008654 322 289 12 11 240 162 122 117
0.0048194 322 300 12 11 240 162 122 117
0.00830586 322 311 12 11 240 162 122 117
0.00739148 322 322 12 11 240 162 122 117
0.00867572 322 333 12 11 240 162 122 117
0.00823798 322 344 12 11 240 162 122 117
0.00801365 334 91 12 11 240 162 122 117
0.007797 334 102 12 11 240 162 122 117
0.00667527 334 113 12 11 240 162 122 117
0.00497348 334 124 12 11 240 162 122 117
0.00143719 334 135 12 11 240 162 122 117
0.0149271 334 146 12 11 240 162 122 117
0.0107466 334 157 12 11 240 162 122 117
0.0129806 334 168 12 11 240 162 122 117
0.00868369 334 179 12 11 240 162 122 117
0.0281781 334 190 12 11 240 162 122 117
0.00894013 334 201 12 11 240 162 122 117
0.0109694 334 212 12 11 240 162 122 117
0.0143377 334 223 12 11 240 162 122 117
0.0191621 334 234 12 11 240 162 122 117
0.0172967 334 245 12 11 240 162 122 117
0.00124337 334 256 12 11 240 162 122 117
0.0103896 334 267 12 11 240 162 122 117
0.012604 334 278 12 11 240 162 122 117
0.00842296 334 289 12 11 240 162 122 117
0.00872304 334 300 12 11 240 162 122 117
0.00890022 334 311 12 11 240 162 122 117
0.00859594 334 322 12 11 240 162 122 117
0.0086329 334 333 12 11 240 162 122 117
0.0088759 334 344 12 11 240 162 122 117
0.00903494 346 91 12 11 240 162 122 117
0.00856426 346 102 12 11 240 162 122 117
0.00647788 346 113 12 11 240 162 122 117
0.00764541 346 124 12 11 240 162 122 117
0.00820479 346 135 12 11 240 162 122 117
0.00806772 346 146 12 11 240 162 122 117
0.00913039 346 157 12 11 240 162 122 117
0.00118987 346 168 12 11 240 162 122 117
0.000161974 346 179 12 11 240 162 122 117
0.00104329 346 190 12 11 240 162 122 117
0.000401464 346 201 12 11 240 162 122 117
4.8728e-005 346 212 12 11 240 162 122 117
0.000334556 346 223 12 11 240 162 122 117
0.00250359 346 234 12 11 240 162 122 117
0.010466 346 245 12 11 240 162 122 117
0.00903259 346 256 12 11 240 162 122 117
0.00554551 346 267 12 11 240 162 122 117
0.0101433 346 278 12 11 240 162 122 117
0.00866572 346 289 12 11 240 162 122 117
0.00889873 346 300 12 11 240 162 122 117
0.0091682 346 311 12 11 240 162 122 117
0.00850347 346 322 12 11 240 162 122 117
0.00871835 346 333 12 11 240 162 122 117
0.00876612 346 344 12 11 240 162 122 117
0.00441581 358 91 12 11 240 162 122 117
0.0108893 358 102 12 11 240 162 122 117
0.00925428 358 113 12 11 240 162 122 117
0.00787852 358 124 12 11 240 162 122 117
0.0080604 358 135 12 11 240 162 122 117
0.00833085 358 146 12 11 240 162 122 117
0.00763178 358 157 12 11 240 162 122 117
0.00537333 358 168 12 11 240 162 122 117
0.00819999 358 179 12 11 240 162 122 117
0.0108866 358 190 12 11 240 162 122 117
0.00546905 358 201 12 11 240 162 122 117
0.00902836 358 212 12 11 240 162 122 117
0.0114863 358 223 12 11 240 162 122 117
0.0104813 358 234 12 11 240 162 122 117
0.0088043 358 245 12 11 240 162 122 117
0.00916931 358 256 12 11 240 162 122 117
0.00874069 358 267 12 11 240 162 122 117
0.00914534 358 278 12 11 240 162 122 117
0.00854714 358 289 12 11 240 162 122 117
0.00890652 358 300 12 11 240 162 122 117
0.00844907 358 311 12 11 240 162 122 117
0.0088948 358 322 12 11 240 162 122 117
0.00884774 358 333 12 11 240 162 122 117
0.0074801 358 344 12 11 240 162 122 117
0.00825872 370 91 12 11 240 162 122 117
0.00781864 370 102 12 11 240 162 122 117
0.00693186 370 113 12 11 240 162 122 117
0.0110806 370 124 12 11 240 162 122 117
0.00676827 370 135 12 11 240 162 122 117
0.00902981 370 146 12 11 240 162 122 117
0.00914159 370 157 12 11 240 162 122 117
0.00768235 370 168 12 11 240 162 122 117
0.00932891 370 179 12 11 240 162 122 117
0.00861975 370 190 12 11 240 162 122 117
0.0121956 370 201 12 11 240 162 122 117
0.0102224 370 212 12 11 240 162 122 117
0.00983143 370 223 12 11 240 162 122 117
0.0123914 370 234 12 11 240 162 122 117
0.0091443 370 245 12 11 240 162 122 117
0.00867318 370 256 12 11 240 162 122 117
0.00943692 370 267 12 11 240 162 122 117
0.0076158 370 278 12 11 240 162 122 117
0.00884854 370 289 12 11 240 162 122 117
0.00873668 370 300 12 11 240 162 122 117
0.0089982 370 311 12 11 240 162 122 117
0.00889556 370 322 12 11 240 162 122 117
0.00879476 370 333 12 11 240 162 122 117
0.00893624 370 344 12 11 240 162 122 117
0.00375463 382 91 12 11 240 162 122 117
0.00972993 382 102 12 11 240 162 122 117
0.0100723 382 113 12 11 240 162 122 117
0.0211111 382 124 12 11 240 162 122 117
0.026073 382 135 12 11 240 162 122 117
0.00791874 382 146 12 11 240 162 122 117
0.0090836 382 157 12 11 240 162 122 117
0.00888515 382 168 12 11 240 162 122 117
2.66376e-005 382 179 12 11 240 162 122 117
0.00502829 382 190 12 11 240 162 122 117
0.0150947 382 201 12 11 240 162 122 117
0.000174783 382 212 12 11 240 162 122 117
0.000709281 382 223 12 11 240 162 122 117
0.00733983 382 234 12 11 240 162 122 117
0.00913757 382 245 12 11 240 162 122 117
0.00892528 382 256 12 11 240 162 122 117
0.00918905 382 267 12 11 240 162 122 117
0.00942542 382 278 12 11 240 162 122 117
0.0087022 382 289 12 11 240 162 122 117
0.00900705 382 300 12 11 240 162 122 117
0.008928 382 311 12 11 240 162 122 117
0.00873259 382 322 12 11 240 162 122 117
0.00898296 382 333 12 11 240 162 122 117
0.00900707 382 344 12 11 240 162 122 117
0.00966503 394 91 12 11 240 162 122 117
0.00884157 394 102 12 11 240 162 122 117
0.00847518 394 113 12 11 240 162 122 117
0.00864417 394 124 12 11 240 162 122 117
0.00917197 394 135 12 11 240 162 122 117
0.00842419 394 146 12 11 240 162 122 117
0.00894432 394 157 12 11 240 162 122 117
0.00880903 394 168 12 11 240 162 122 117
0.00896303 394 179 12 11 240 162 122 117
0.00874533 394 190 12 11 240 162 122 117
0.954185 394 201 12 11 240 162 122 117
0.00944822 394 212 12 11 240 162 122 117
0.350444 394 223 12 11 240 162 122 117
0.00918239 394 234 12 11 240 162 122 117
0.0126583 394 245 12 11 240 162 122 117
0.00896671 394 256 12 11 240 162 122 117
0.00884119 394 267 12 11 240 162 122 117
0.00902251 394 278 12 11 240 162 122 117
0.00905394 394 289 12 11 240 162 122 117
0.00944525 394 300 12 11 240 162 122 117
0.00885892 394 311 12 11 240 162 122 117
0.00855175 394 322 12 11 240 162 122 117
0.00893894 394 333 12 11 240 162 122 117
0.00866202 394 344 12 11 240 162 122 117
0.00527795 406 91 12 11 240 162 122 117
0.00104117 406 102 12 11 240 162 122 117
0.0088939 406 113 12 11 240 162 122 117
0.00854676 406 124 12 11 240 162 122 117
0.000406757 406 135 12 11 240 162 122 117
0.0017016 406 146 12 11 240 162 122 117
0.00957722 406 157 12 11 240 162 122 117
0.00897475 406 168 12 11 240 162 122 117
0.00877258 406 179 12 11 240 162 122 117
0.0100621 406 190 12 11 240 162 122 117
0.0166571 406 201 12 11 240 162 122 117
0.000142617 406 212 12 11 240 162 122 117
0.00341002 406 223 12 11 240 162 122 117
0.0095805 406 234 12 11 240 162 122 117
0.014372 406 245 12 11 240 162 122 117
0.00900881 406 256 12 11 240 162 122 117
0.00909826 406 267 12 11 240 162 122 117
0.00922053 406 278 12 11 240 162 122 117
0.00901526 406 289 12 11 240 162 122 117
0.00900753 406 300 12 11 240 162 122 117
0.00909504 406 311 12 11 240 162 122 117
0.00881241 406 322 12 11 240 162 122 117
0.00903556 406 333 12 11 240 162 122 117
0.00898018 406 344 12 11 240 162 122 117
0.00666852 418 91 12 11 240 162 122 117
0.00434676 418 102 12 11 240 162 122 117
0.00653788 418 113 12 11 240 162 122 117
0.00991439 418 124 12 11 240 162 122 117
0.0112086 418 135 12 11 240 162 122 117
0.00575409 418 146 12 11 240 162 122 117
0.0100262 418 157 12 11 240 162 122 117
0.00921297 418 168 12 11 240 162 122 117
0.00894112 418 179 12 11 240 162 122 117
0.0112251 418 190 12 11 240 162 122 117
0.00799188 418 201 12 11 240 162 122 117
0.0107793 418 212 12 11 240 162 122 117
0.00304603 418 223 12 11 240 162 122 117
0.00306018 418 234 12 11 240 162 122 117
0.0113659 418 245 12 11 240 162 122 117
0.00918106 418 256 12 11 240 162 122 117
0.0090027 418 267 12 11 240 162 122 117
0.00880616 418 278 12 11 240 162 122 117
0.00882477 418 289 12 11 240 162 122 117
0.00886591 418 300 12 11 240 162 122 117
0.00750336 418 311 12 11 240 162 122 117
0.00886928 418 322 12 11 240 162 122 117
0.00871708 418 333 12 11 240 162 122 117
0.00904039 418 344 12 11 240 162 122 117
0.00277294 430 91 12 11 240 162 122 117
0.00102813 430 102 12 11 240 162 122 117
0.0108018 430 113 12 11 240 162 122 117
0.000846102 430 124 12 11 240 162 122 117
0.00952672 430 135 12 11 240 162 122 117
0.00912066 430 146 12 11 240 162 122 117
0.0110767 430 157 12 11 240 162 122 117
0.00704767 430 168 12 11 240 162 122 117
0.014353 430 179 12 11 240 162 122 117
0.0119982 430 190 12 11 240 162 122 117
0.00713188 430 201 12 11 240 162 122 117
0.00613749 430 212 12 11 240 162 122 117
0.00872244 430 223 12 11 240 162 122 117
0.0106046 430 234 12 11 240 162 122 117
0.0110784 430 245 12 11 240 162 122 117
0.00929328 430 256 12 11 240 162 122 117
0.0090518 430 267 12 11 240 162 122 117
0.00872828 430 278 12 11 240 162 122 117
0.00887878 430 289 12 11 240 162 122 117
0.00896642 430 300 12 11 240 162 122 117
0.00971798 430 311 12 11 240 162 122 117
0.00842096 430 322 12 11 240 162 122 117
0.00875254 430 333 12 11 240 162 122 117
0.00881313 430 344 12 11 240 162 122 117
