1062 
287 
866 
1093 
1147 
281 
1047 
950 
296 
1133 
1140 
1029 
996 
1103 
601 
1148 
656 
297 
895 
1101 
1043 
359 
1075 
1129 
995 
1013 
694 
37 
954 
295 
1131 
86 
485 
351 
946 
289 
1102 
747 
360 
1045 
1141 
609 
1132 
1058 
1031 
655 
1100 
53 
741 
687 
644 
1135 
617 
991 
662 
999 
872 
1028 
851 
1128 
942 
981 
688 
1074 
1114 
1012 
1134 
717 
735 
94 
479 
22 
640 
802 
1106 
1054 
549 
867 
753 
1078 
