1110 
314 
936 
973 
949 
1099 
958 
1082 
765 
1080 
667 
1042 
1103 
929 
1086 
637 
747 
1126 
307 
1106 
629 
1108 
718 
934 
885 
241 
178 
988 
687 
1041 
646 
993 
943 
779 
942 
957 
734 
242 
717 
1096 
1026 
748 
1102 
645 
924 
671 
642 
187 
704 
652 
981 
63 
1056 
1029 
1000 
966 
685 
66 
939 
181 
825 
184 
1033 
1098 
1100 
1120 
672 
940 
952 
185 
1090 
641 
670 
251 
1114 
997 
243 
1121 
948 
647 
