-0.00506996 0 0 6 5 72 127 32 23
-0.00507021 0 2 6 5 72 127 32 23
-0.00507018 0 4 6 5 72 127 32 23
-0.00506963 0 6 6 5 72 127 32 23
-0.00506575 0 8 6 5 72 127 32 23
-0.0050531 0 10 6 5 72 127 32 23
-0.00506783 0 12 6 5 72 127 32 23
-0.00506095 3 0 6 5 72 127 32 23
-0.00506281 3 2 6 5 72 127 32 23
-0.00505986 3 4 6 5 72 127 32 23
-0.00505735 3 6 6 5 72 127 32 23
-0.0050509 3 8 6 5 72 127 32 23
-0.0050586 3 10 6 5 72 127 32 23
-0.00506852 3 12 6 5 72 127 32 23
-0.00504229 6 0 6 5 72 127 32 23
-0.00504749 6 2 6 5 72 127 32 23
-0.0050504 6 4 6 5 72 127 32 23
-0.00503969 6 6 6 5 72 127 32 23
-0.00505384 6 8 6 5 72 127 32 23
-0.00505112 6 10 6 5 72 127 32 23
-0.00506758 6 12 6 5 72 127 32 23
-0.00506734 9 0 6 5 72 127 32 23
-0.00506623 9 2 6 5 72 127 32 23
-0.00506377 9 4 6 5 72 127 32 23
-0.00504943 9 6 6 5 72 127 32 23
-0.0050636 9 8 6 5 72 127 32 23
-0.00505689 9 10 6 5 72 127 32 23
-0.00506627 9 12 6 5 72 127 32 23
-0.00506212 12 0 6 5 72 127 32 23
-0.00506149 12 2 6 5 72 127 32 23
-0.00505338 12 4 6 5 72 127 32 23
-0.00505481 12 6 6 5 72 127 32 23
-0.00506626 12 8 6 5 72 127 32 23
-0.00506061 12 10 6 5 72 127 32 23
-0.00506958 12 12 6 5 72 127 32 23
-0.00506581 15 0 6 5 72 127 32 23
-0.00506627 15 2 6 5 72 127 32 23
-0.00506478 15 4 6 5 72 127 32 23
-0.00505312 15 6 6 5 72 127 32 23
-0.00506606 15 8 6 5 72 127 32 23
-0.00506794 15 10 6 5 72 127 32 23
-0.00506981 15 12 6 5 72 127 32 23
-0.00506997 18 0 6 5 72 127 32 23
-0.00506899 18 2 6 5 72 127 32 23
-0.00506285 18 4 6 5 72 127 32 23
-0.00505915 18 6 6 5 72 127 32 23
-0.0050683 18 8 6 5 72 127 32 23
-0.0050695 18 10 6 5 72 127 32 23
-0.00506594 18 12 6 5 72 127 32 23
-0.00506461 21 0 6 5 72 127 32 23
-0.0050689 21 2 6 5 72 127 32 23
-0.00506703 21 4 6 5 72 127 32 23
-0.00505916 21 6 6 5 72 127 32 23
-0.00506844 21 8 6 5 72 127 32 23
-0.00506954 21 10 6 5 72 127 32 23
-0.00506539 21 12 6 5 72 127 32 23
-0.00506808 24 0 6 5 72 127 32 23
-0.00506858 24 2 6 5 72 127 32 23
-0.00505816 24 4 6 5 72 127 32 23
-0.00505008 24 6 6 5 72 127 32 23
-0.00506735 24 8 6 5 72 127 32 23
-0.00506919 24 10 6 5 72 127 32 23
-0.0050668 24 12 6 5 72 127 32 23
-0.00409059 0 0 6 5 72 127 32 23
-0.00504312 0 2 6 5 72 127 32 23
-0.00504001 0 4 6 5 72 127 32 23
-0.00430897 0 6 6 5 72 127 32 23
-0.0050597 0 8 6 5 72 127 32 23
-0.00506762 0 10 6 5 72 127 32 23
-0.00506916 0 12 6 5 72 127 32 23
-0.00506325 3 0 6 5 72 127 32 23
-0.00506423 3 2 6 5 72 127 32 23
-0.00506332 3 4 6 5 72 127 32 23
-0.00505817 3 6 6 5 72 127 32 23
-0.00506384 3 8 6 5 72 127 32 23
-0.00506759 3 10 6 5 72 127 32 23
-0.00506549 3 12 6 5 72 127 32 23
-0.00506337 6 0 6 5 72 127 32 23
-0.00506297 6 2 6 5 72 127 32 23
-0.00506351 6 4 6 5 72 127 32 23
-0.00505346 6 6 6 5 72 127 32 23
-0.00504424 6 8 6 5 72 127 32 23
-0.00506566 6 10 6 5 72 127 32 23
-0.00506739 6 12 6 5 72 127 32 23
-0.00506115 9 0 6 5 72 127 32 23
-0.00504527 9 2 6 5 72 127 32 23
-0.00506367 9 4 6 5 72 127 32 23
-0.00506587 9 6 6 5 72 127 32 23
-0.00504823 9 8 6 5 72 127 32 23
-0.00506156 9 10 6 5 72 127 32 23
-0.00506822 9 12 6 5 72 127 32 23
-0.0050624 12 0 6 5 72 127 32 23
-0.00505414 12 2 6 5 72 127 32 23
-0.00506311 12 4 6 5 72 127 32 23
-0.00506612 12 6 6 5 72 127 32 23
-0.00505426 12 8 6 5 72 127 32 23
-0.00506651 12 10 6 5 72 127 32 23
-0.00506862 12 12 6 5 72 127 32 23
-0.00506566 15 0 6 5 72 127 32 23
-0.00506528 15 2 6 5 72 127 32 23
-0.00506385 15 4 6 5 72 127 32 23
-0.00506761 15 6 6 5 72 127 32 23
-0.00506693 15 8 6 5 72 127 32 23
-0.00506851 15 10 6 5 72 127 32 23
-0.00506665 15 12 6 5 72 127 32 23
-0.00506949 18 0 6 5 72 127 32 23
-0.00506924 18 2 6 5 72 127 32 23
-0.00506626 18 4 6 5 72 127 32 23
-0.0050641 18 6 6 5 72 127 32 23
-0.00505457 18 8 6 5 72 127 32 23
-0.0050646 18 10 6 5 72 127 32 23
-0.0050561 18 12 6 5 72 127 32 23
-0.00506138 21 0 6 5 72 127 32 23
-0.00505276 21 2 6 5 72 127 32 23
-0.00506919 21 4 6 5 72 127 32 23
-0.00506622 21 6 6 5 72 127 32 23
-0.00505856 21 8 6 5 72 127 32 23
-0.00506676 21 10 6 5 72 127 32 23
-0.00506018 21 12 6 5 72 127 32 23
-0.00506502 24 0 6 5 72 127 32 23
-0.00506787 24 2 6 5 72 127 32 23
-0.0050667 24 4 6 5 72 127 32 23
-0.00506129 24 6 6 5 72 127 32 23
-0.00506563 24 8 6 5 72 127 32 23
-0.00506769 24 10 6 5 72 127 32 23
-0.00506132 24 12 6 5 72 127 32 23
-0.00506859 0 0 6 5 72 127 32 23
-0.0050701 0 2 6 5 72 127 32 23
-0.00507037 0 4 6 5 72 127 32 23
-0.00507044 0 6 6 5 72 127 32 23
-0.00507097 0 8 6 5 72 127 32 23
-0.00507095 0 10 6 5 72 127 32 23
-0.00507065 0 12 6 5 72 127 32 23
-0.00507072 3 0 6 5 72 127 32 23
-0.00507084 3 2 6 5 72 127 32 23
-0.00507061 3 4 6 5 72 127 32 23
-0.00507044 3 6 6 5 72 127 32 23
-0.00506927 3 8 6 5 72 127 32 23
-0.00506518 3 10 6 5 72 127 32 23
-0.00506992 3 12 6 5 72 127 32 23
-0.00507068 6 0 6 5 72 127 32 23
-0.00506885 6 2 6 5 72 127 32 23
-0.00506226 6 4 6 5 72 127 32 23
-0.00506891 6 6 6 5 72 127 32 23
-0.00506993 6 8 6 5 72 127 32 23
-0.00507024 6 10 6 5 72 127 32 23
-0.00506976 6 12 6 5 72 127 32 23
-0.00506958 9 0 6 5 72 127 32 23
-0.00507029 9 2 6 5 72 127 32 23
-0.00507076 9 4 6 5 72 127 32 23
-0.00507086 9 6 6 5 72 127 32 23
-0.00507014 9 8 6 5 72 127 32 23
-0.00506919 9 10 6 5 72 127 32 23
-0.00505792 9 12 6 5 72 127 32 23
-0.00506125 12 0 6 5 72 127 32 23
-0.00506601 12 2 6 5 72 127 32 23
-0.00506835 12 4 6 5 72 127 32 23
-0.00506939 12 6 6 5 72 127 32 23
-0.00506835 12 8 6 5 72 127 32 23
-0.00506798 12 10 6 5 72 127 32 23
-0.00506625 12 12 6 5 72 127 32 23
-0.00506032 15 0 6 5 72 127 32 23
-0.00506967 15 2 6 5 72 127 32 23
-0.00507035 15 4 6 5 72 127 32 23
-0.00507062 15 6 6 5 72 127 32 23
-0.00507077 15 8 6 5 72 127 32 23
-0.00507065 15 10 6 5 72 127 32 23
-0.00507024 15 12 6 5 72 127 32 23
-0.00506881 18 0 6 5 72 127 32 23
-0.00507006 18 2 6 5 72 127 32 23
-0.00506712 18 4 6 5 72 127 32 23
-0.00505698 18 6 6 5 72 127 32 23
-0.00506432 18 8 6 5 72 127 32 23
-0.00506708 18 10 6 5 72 127 32 23
-0.00506569 18 12 6 5 72 127 32 23
-0.00506918 21 0 6 5 72 127 32 23
-0.0050683 21 2 6 5 72 127 32 23
-0.00505053 21 4 6 5 72 127 32 23
-0.00308668 21 6 6 5 72 127 32 23
-0.00505416 21 8 6 5 72 127 32 23
-0.00504661 21 10 6 5 72 127 32 23
-0.00437907 21 12 6 5 72 127 32 23
-0.00506898 24 0 6 5 72 127 32 23
-0.0050672 24 2 6 5 72 127 32 23
-0.00444778 24 4 6 5 72 127 32 23
-0.00471651 24 6 6 5 72 127 32 23
-0.00505471 24 8 6 5 72 127 32 23
-0.00393718 24 10 6 5 72 127 32 23
-0.00506424 24 12 6 5 72 127 32 23
-0.00505561 0 0 6 5 72 127 32 23
-0.00506965 0 2 6 5 72 127 32 23
-0.00507061 0 4 6 5 72 127 32 23
-0.00507058 0 6 6 5 72 127 32 23
-0.00507086 0 8 6 5 72 127 32 23
-0.0050709 0 10 6 5 72 127 32 23
-0.00507011 0 12 6 5 72 127 32 23
-0.00506785 3 0 6 5 72 127 32 23
-0.00507054 3 2 6 5 72 127 32 23
-0.00506878 3 4 6 5 72 127 32 23
-0.0050639 3 6 6 5 72 127 32 23
-0.00506799 3 8 6 5 72 127 32 23
-0.00506869 3 10 6 5 72 127 32 23
-0.00506943 3 12 6 5 72 127 32 23
-0.00506763 6 0 6 5 72 127 32 23
-0.00507076 6 2 6 5 72 127 32 23
-0.00506608 6 4 6 5 72 127 32 23
-0.00506454 6 6 6 5 72 127 32 23
-0.00507072 6 8 6 5 72 127 32 23
-0.00507069 6 10 6 5 72 127 32 23
-0.00506776 6 12 6 5 72 127 32 23
-0.00506414 9 0 6 5 72 127 32 23
-0.0050706 9 2 6 5 72 127 32 23
-0.00506819 9 4 6 5 72 127 32 23
-0.0050691 9 6 6 5 72 127 32 23
-0.00507093 9 8 6 5 72 127 32 23
-0.00506435 9 10 6 5 72 127 32 23
-0.00506596 9 12 6 5 72 127 32 23
-0.00505833 12 0 6 5 72 127 32 23
-0.00506792 12 2 6 5 72 127 32 23
-0.00506772 12 4 6 5 72 127 32 23
-0.00506823 12 6 6 5 72 127 32 23
-0.00507037 12 8 6 5 72 127 32 23
-0.00506613 12 10 6 5 72 127 32 23
-0.00506916 12 12 6 5 72 127 32 23
-0.00504592 15 0 6 5 72 127 32 23
-0.00506805 15 2 6 5 72 127 32 23
-0.0050695 15 4 6 5 72 127 32 23
-0.00506877 15 6 6 5 72 127 32 23
-0.00507065 15 8 6 5 72 127 32 23
-0.00507089 15 10 6 5 72 127 32 23
-0.00507058 15 12 6 5 72 127 32 23
-0.00506877 18 0 6 5 72 127 32 23
-0.00507069 18 2 6 5 72 127 32 23
-0.00506949 18 4 6 5 72 127 32 23
-0.00506541 18 6 6 5 72 127 32 23
-0.00506736 18 8 6 5 72 127 32 23
-0.00506843 18 10 6 5 72 127 32 23
-0.00506498 18 12 6 5 72 127 32 23
-0.00506979 21 0 6 5 72 127 32 23
-0.00507085 21 2 6 5 72 127 32 23
-0.00506747 21 4 6 5 72 127 32 23
-0.00304349 21 6 6 5 72 127 32 23
-0.00355407 21 8 6 5 72 127 32 23
-0.00494475 21 10 6 5 72 127 32 23
-0.00505031 21 12 6 5 72 127 32 23
-0.00507095 24 0 6 5 72 127 32 23
-0.00507021 24 2 6 5 72 127 32 23
-0.00506591 24 4 6 5 72 127 32 23
-0.0050595 24 6 6 5 72 127 32 23
-0.00505685 24 8 6 5 72 127 32 23
-0.00504118 24 10 6 5 72 127 32 23
-0.00484816 24 12 6 5 72 127 32 23
-0.00506242 0 0 6 5 72 127 32 23
-0.0050667 0 2 6 5 72 127 32 23
-0.00506725 0 4 6 5 72 127 32 23
-0.00506841 0 6 6 5 72 127 32 23
-0.00506882 0 8 6 5 72 127 32 23
-0.00506914 0 10 6 5 72 127 32 23
-0.00507085 0 12 6 5 72 127 32 23
-0.00506575 3 0 6 5 72 127 32 23
-0.00506625 3 2 6 5 72 127 32 23
-0.00506621 3 4 6 5 72 127 32 23
-0.00506863 3 6 6 5 72 127 32 23
-0.00506653 3 8 6 5 72 127 32 23
-0.00506339 3 10 6 5 72 127 32 23
-0.00506655 3 12 6 5 72 127 32 23
-0.00506 6 0 6 5 72 127 32 23
-0.00506605 6 2 6 5 72 127 32 23
-0.00506844 6 4 6 5 72 127 32 23
-0.0050666 6 6 6 5 72 127 32 23
-0.00506748 6 8 6 5 72 127 32 23
-0.00506782 6 10 6 5 72 127 32 23
-0.00506363 6 12 6 5 72 127 32 23
-0.00505855 9 0 6 5 72 127 32 23
-0.00506837 9 2 6 5 72 127 32 23
-0.00506863 9 4 6 5 72 127 32 23
-0.00506835 9 6 6 5 72 127 32 23
-0.00506834 9 8 6 5 72 127 32 23
-0.00506932 9 10 6 5 72 127 32 23
-0.00506821 9 12 6 5 72 127 32 23
-0.0050457 12 0 6 5 72 127 32 23
-0.00506326 12 2 6 5 72 127 32 23
-0.00506926 12 4 6 5 72 127 32 23
-0.00506991 12 6 6 5 72 127 32 23
-0.00506933 12 8 6 5 72 127 32 23
-0.00507025 12 10 6 5 72 127 32 23
-0.00505708 12 12 6 5 72 127 32 23
-0.00504034 15 0 6 5 72 127 32 23
-0.00506398 15 2 6 5 72 127 32 23
-0.0050706 15 4 6 5 72 127 32 23
-0.00506986 15 6 6 5 72 127 32 23
-0.00506543 15 8 6 5 72 127 32 23
-0.0050709 15 10 6 5 72 127 32 23
-0.00506059 15 12 6 5 72 127 32 23
-0.00506263 18 0 6 5 72 127 32 23
-0.00506523 18 2 6 5 72 127 32 23
-0.00507 18 4 6 5 72 127 32 23
-0.00507087 18 6 6 5 72 127 32 23
-0.00507093 18 8 6 5 72 127 32 23
-0.0050711 18 10 6 5 72 127 32 23
-0.00506443 18 12 6 5 72 127 32 23
-0.00506958 21 0 6 5 72 127 32 23
-0.00506687 21 2 6 5 72 127 32 23
-0.0050645 21 4 6 5 72 127 32 23
-0.0050686 21 6 6 5 72 127 32 23
-0.0050678 21 8 6 5 72 127 32 23
-0.00506475 21 10 6 5 72 127 32 23
-0.00276874 21 12 6 5 72 127 32 23
-0.00507023 24 0 6 5 72 127 32 23
-0.00506904 24 2 6 5 72 127 32 23
-0.00507074 24 4 6 5 72 127 32 23
-0.00507072 24 6 6 5 72 127 32 23
-0.00507091 24 8 6 5 72 127 32 23
-0.00506907 24 10 6 5 72 127 32 23
-0.00399104 24 12 6 5 72 127 32 23
-0.00507082 0 0 6 5 72 127 32 23
-0.00506986 0 2 6 5 72 127 32 23
-0.00506755 0 4 6 5 72 127 32 23
-0.00506999 0 6 6 5 72 127 32 23
-0.00506823 0 8 6 5 72 127 32 23
-0.00506399 0 10 6 5 72 127 32 23
-0.00506852 0 12 6 5 72 127 32 23
-0.00506871 3 0 6 5 72 127 32 23
-0.00506761 3 2 6 5 72 127 32 23
-0.00507035 3 4 6 5 72 127 32 23
-0.00507084 3 6 6 5 72 127 32 23
-0.00507051 3 8 6 5 72 127 32 23
-0.00506988 3 10 6 5 72 127 32 23
-0.0050706 3 12 6 5 72 127 32 23
-0.00506992 6 0 6 5 72 127 32 23
-0.00507024 6 2 6 5 72 127 32 23
-0.00507054 6 4 6 5 72 127 32 23
-0.00506957 6 6 6 5 72 127 32 23
-0.00507042 6 8 6 5 72 127 32 23
-0.00506994 6 10 6 5 72 127 32 23
-0.00507037 6 12 6 5 72 127 32 23
-0.0050708 9 0 6 5 72 127 32 23
-0.00507091 9 2 6 5 72 127 32 23
-0.00506992 9 4 6 5 72 127 32 23
-0.00506152 9 6 6 5 72 127 32 23
-0.00506955 9 8 6 5 72 127 32 23
-0.00507001 9 10 6 5 72 127 32 23
-0.00506936 9 12 6 5 72 127 32 23
-0.00507063 12 0 6 5 72 127 32 23
-0.00507089 12 2 6 5 72 127 32 23
-0.00506994 12 4 6 5 72 127 32 23
-0.00507083 12 6 6 5 72 127 32 23
-0.0050704 12 8 6 5 72 127 32 23
-0.0050708 12 10 6 5 72 127 32 23
-0.00507056 12 12 6 5 72 127 32 23
-0.00506956 15 0 6 5 72 127 32 23
-0.005069 15 2 6 5 72 127 32 23
-0.00507084 15 4 6 5 72 127 32 23
-0.00507082 15 6 6 5 72 127 32 23
-0.00506773 15 8 6 5 72 127 32 23
-0.0050695 15 10 6 5 72 127 32 23
-0.00507079 15 12 6 5 72 127 32 23
-0.0050663 18 0 6 5 72 127 32 23
-0.00506936 18 2 6 5 72 127 32 23
-0.00506925 18 4 6 5 72 127 32 23
-0.00506976 18 6 6 5 72 127 32 23
-0.00507064 18 8 6 5 72 127 32 23
-0.005071 18 10 6 5 72 127 32 23
-0.00506961 18 12 6 5 72 127 32 23
-0.00506931 21 0 6 5 72 127 32 23
-0.00507062 21 2 6 5 72 127 32 23
-0.00507043 21 4 6 5 72 127 32 23
-0.00506976 21 6 6 5 72 127 32 23
-0.00507024 21 8 6 5 72 127 32 23
-0.00506917 21 10 6 5 72 127 32 23
-0.00506237 21 12 6 5 72 127 32 23
-0.00506945 24 0 6 5 72 127 32 23
-0.00507032 24 2 6 5 72 127 32 23
-0.00506872 24 4 6 5 72 127 32 23
-0.00506914 24 6 6 5 72 127 32 23
-0.00506934 24 8 6 5 72 127 32 23
-0.00507002 24 10 6 5 72 127 32 23
-0.0050614 24 12 6 5 72 127 32 23
-0.00507088 0 0 6 5 72 127 32 23
-0.00507057 0 2 6 5 72 127 32 23
-0.00507069 0 4 6 5 72 127 32 23
-0.0050705 0 6 6 5 72 127 32 23
-0.00506987 0 8 6 5 72 127 32 23
-0.00506846 0 10 6 5 72 127 32 23
-0.00506475 0 12 6 5 72 127 32 23
-0.00507038 3 0 6 5 72 127 32 23
-0.0050678 3 2 6 5 72 127 32 23
-0.0050649 3 4 6 5 72 127 32 23
-0.00506691 3 6 6 5 72 127 32 23
-0.0050619 3 8 6 5 72 127 32 23
-0.0050687 3 10 6 5 72 127 32 23
-0.00507019 3 12 6 5 72 127 32 23
-0.00507028 6 0 6 5 72 127 32 23
-0.00506976 6 2 6 5 72 127 32 23
-0.00506875 6 4 6 5 72 127 32 23
-0.00506068 6 6 6 5 72 127 32 23
-0.00506952 6 8 6 5 72 127 32 23
-0.00507007 6 10 6 5 72 127 32 23
-0.0050681 6 12 6 5 72 127 32 23
-0.00506992 9 0 6 5 72 127 32 23
-0.00506908 9 2 6 5 72 127 32 23
-0.00506614 9 4 6 5 72 127 32 23
-0.00506454 9 6 6 5 72 127 32 23
-0.00507041 9 8 6 5 72 127 32 23
-0.00507014 9 10 6 5 72 127 32 23
-0.00506739 9 12 6 5 72 127 32 23
-0.00506409 12 0 6 5 72 127 32 23
-0.00506641 12 2 6 5 72 127 32 23
-0.00506939 12 4 6 5 72 127 32 23
-0.00507046 12 6 6 5 72 127 32 23
-0.00506925 12 8 6 5 72 127 32 23
-0.00506983 12 10 6 5 72 127 32 23
-0.00506551 12 12 6 5 72 127 32 23
-0.00506844 15 0 6 5 72 127 32 23
-0.00506054 15 2 6 5 72 127 32 23
-0.00507007 15 4 6 5 72 127 32 23
-0.00507041 15 6 6 5 72 127 32 23
-0.00506652 15 8 6 5 72 127 32 23
-0.00506863 15 10 6 5 72 127 32 23
-0.00506307 15 12 6 5 72 127 32 23
-0.00507067 18 0 6 5 72 127 32 23
-0.00506963 18 2 6 5 72 127 32 23
-0.00506883 18 4 6 5 72 127 32 23
-0.00507021 18 6 6 5 72 127 32 23
-0.0050702 18 8 6 5 72 127 32 23
-0.00506758 18 10 6 5 72 127 32 23
-0.00506822 18 12 6 5 72 127 32 23
-0.00507055 21 0 6 5 72 127 32 23
-0.00507073 21 2 6 5 72 127 32 23
-0.00506828 21 4 6 5 72 127 32 23
-0.00506713 21 6 6 5 72 127 32 23
-0.00506984 21 8 6 5 72 127 32 23
-0.00506924 21 10 6 5 72 127 32 23
-0.00506751 21 12 6 5 72 127 32 23
-0.00507088 24 0 6 5 72 127 32 23
-0.00507032 24 2 6 5 72 127 32 23
-0.00506782 24 4 6 5 72 127 32 23
-0.00506797 24 6 6 5 72 127 32 23
-0.00506894 24 8 6 5 72 127 32 23
-0.0050671 24 10 6 5 72 127 32 23
-0.00506865 24 12 6 5 72 127 32 23
-0.00507061 0 0 6 5 72 127 32 23
-0.0050692 0 2 6 5 72 127 32 23
-0.00507051 0 4 6 5 72 127 32 23
-0.005071 0 6 6 5 72 127 32 23
-0.00507094 0 8 6 5 72 127 32 23
-0.00507076 0 10 6 5 72 127 32 23
-0.00506684 0 12 6 5 72 127 32 23
-0.00507024 3 0 6 5 72 127 32 23
-0.00506849 3 2 6 5 72 127 32 23
-0.00507032 3 4 6 5 72 127 32 23
-0.00506963 3 6 6 5 72 127 32 23
-0.00506613 3 8 6 5 72 127 32 23
-0.00506844 3 10 6 5 72 127 32 23
-0.00506908 3 12 6 5 72 127 32 23
-0.00507073 6 0 6 5 72 127 32 23
-0.00507077 6 2 6 5 72 127 32 23
-0.00507054 6 4 6 5 72 127 32 23
-0.00506972 6 6 6 5 72 127 32 23
-0.00506901 6 8 6 5 72 127 32 23
-0.0050686 6 10 6 5 72 127 32 23
-0.00506939 6 12 6 5 72 127 32 23
-0.00506895 9 0 6 5 72 127 32 23
-0.00506899 9 2 6 5 72 127 32 23
-0.00506893 9 4 6 5 72 127 32 23
-0.00506893 9 6 6 5 72 127 32 23
-0.00506948 9 8 6 5 72 127 32 23
-0.00506921 9 10 6 5 72 127 32 23
-0.00506766 9 12 6 5 72 127 32 23
-0.0050633 12 0 6 5 72 127 32 23
-0.00506737 12 2 6 5 72 127 32 23
-0.00506503 12 4 6 5 72 127 32 23
-0.00506478 12 6 6 5 72 127 32 23
-0.00506805 12 8 6 5 72 127 32 23
-0.00506678 12 10 6 5 72 127 32 23
-0.00506806 12 12 6 5 72 127 32 23
-0.00506922 15 0 6 5 72 127 32 23
-0.00507008 15 2 6 5 72 127 32 23
-0.00507041 15 4 6 5 72 127 32 23
-0.0050704 15 6 6 5 72 127 32 23
-0.00507046 15 8 6 5 72 127 32 23
-0.00507054 15 10 6 5 72 127 32 23
-0.0050705 15 12 6 5 72 127 32 23
-0.00507108 18 0 6 5 72 127 32 23
-0.00507026 18 2 6 5 72 127 32 23
-0.00506973 18 4 6 5 72 127 32 23
-0.00507059 18 6 6 5 72 127 32 23
-0.00507071 18 8 6 5 72 127 32 23
-0.00507019 18 10 6 5 72 127 32 23
-0.00506776 18 12 6 5 72 127 32 23
-0.00506288 21 0 6 5 72 127 32 23
-0.00507092 21 2 6 5 72 127 32 23
-0.00506864 21 4 6 5 72 127 32 23
-0.00506908 21 6 6 5 72 127 32 23
-0.00506906 21 8 6 5 72 127 32 23
-0.00506952 21 10 6 5 72 127 32 23
-0.00506998 21 12 6 5 72 127 32 23
-0.0050701 24 0 6 5 72 127 32 23
-0.00507005 24 2 6 5 72 127 32 23
-0.00506934 24 4 6 5 72 127 32 23
-0.00506947 24 6 6 5 72 127 32 23
-0.00506786 24 8 6 5 72 127 32 23
-0.00506823 24 10 6 5 72 127 32 23
-0.00507012 24 12 6 5 72 127 32 23
-0.00506997 0 0 6 5 72 127 32 23
-0.00504649 0 2 6 5 72 127 32 23
-0.00505905 0 4 6 5 72 127 32 23
-0.0050513 0 6 6 5 72 127 32 23
-0.00505603 0 8 6 5 72 127 32 23
-0.00506533 0 10 6 5 72 127 32 23
-0.00506626 0 12 6 5 72 127 32 23
-0.00507105 3 0 6 5 72 127 32 23
-0.00506675 3 2 6 5 72 127 32 23
-0.00506757 3 4 6 5 72 127 32 23
-0.00506831 3 6 6 5 72 127 32 23
-0.00506966 3 8 6 5 72 127 32 23
-0.00507095 3 10 6 5 72 127 32 23
-0.00507087 3 12 6 5 72 127 32 23
-0.00507064 6 0 6 5 72 127 32 23
-0.00507051 6 2 6 5 72 127 32 23
-0.00506889 6 4 6 5 72 127 32 23
-0.00506907 6 6 6 5 72 127 32 23
-0.0050688 6 8 6 5 72 127 32 23
-0.00506992 6 10 6 5 72 127 32 23
-0.00506565 6 12 6 5 72 127 32 23
-0.00507017 9 0 6 5 72 127 32 23
-0.00507027 9 2 6 5 72 127 32 23
-0.00507037 9 4 6 5 72 127 32 23
-0.0050699 9 6 6 5 72 127 32 23
-0.00506883 9 8 6 5 72 127 32 23
-0.00507013 9 10 6 5 72 127 32 23
-0.00507012 9 12 6 5 72 127 32 23
-0.00506822 12 0 6 5 72 127 32 23
-0.00506077 12 2 6 5 72 127 32 23
-0.0050695 12 4 6 5 72 127 32 23
-0.00507033 12 6 6 5 72 127 32 23
-0.00507047 12 8 6 5 72 127 32 23
-0.00507062 12 10 6 5 72 127 32 23
-0.00507065 12 12 6 5 72 127 32 23
-0.00506898 15 0 6 5 72 127 32 23
-0.00507006 15 2 6 5 72 127 32 23
-0.00507 15 4 6 5 72 127 32 23
-0.00506772 15 6 6 5 72 127 32 23
-0.00507068 15 8 6 5 72 127 32 23
-0.00506969 15 10 6 5 72 127 32 23
-0.00506597 15 12 6 5 72 127 32 23
-0.00507012 18 0 6 5 72 127 32 23
-0.00507015 18 2 6 5 72 127 32 23
-0.00506997 18 4 6 5 72 127 32 23
-0.00506745 18 6 6 5 72 127 32 23
-0.0050696 18 8 6 5 72 127 32 23
-0.00506922 18 10 6 5 72 127 32 23
-0.00506927 18 12 6 5 72 127 32 23
-0.00506841 21 0 6 5 72 127 32 23
-0.00507013 21 2 6 5 72 127 32 23
-0.00506684 21 4 6 5 72 127 32 23
-0.00506054 21 6 6 5 72 127 32 23
-0.00506945 21 8 6 5 72 127 32 23
-0.0050699 21 10 6 5 72 127 32 23
-0.00506956 21 12 6 5 72 127 32 23
-0.00506827 24 0 6 5 72 127 32 23
-0.00506913 24 2 6 5 72 127 32 23
-0.00506861 24 4 6 5 72 127 32 23
-0.00507012 24 6 6 5 72 127 32 23
-0.00507074 24 8 6 5 72 127 32 23
-0.00506906 24 10 6 5 72 127 32 23
-0.00506602 24 12 6 5 72 127 32 23
-0.00507063 0 0 6 5 72 127 32 23
-0.00507051 0 2 6 5 72 127 32 23
-0.00507035 0 4 6 5 72 127 32 23
-0.00506983 0 6 6 5 72 127 32 23
-0.00507076 0 8 6 5 72 127 32 23
-0.00506947 0 10 6 5 72 127 32 23
-0.00506557 0 12 6 5 72 127 32 23
-0.00506993 3 0 6 5 72 127 32 23
-0.00507039 3 2 6 5 72 127 32 23
-0.00506704 3 4 6 5 72 127 32 23
-0.00506787 3 6 6 5 72 127 32 23
-0.00507099 3 8 6 5 72 127 32 23
-0.00507064 3 10 6 5 72 127 32 23
-0.00507025 3 12 6 5 72 127 32 23
-0.00506875 6 0 6 5 72 127 32 23
-0.00507015 6 2 6 5 72 127 32 23
-0.00506982 6 4 6 5 72 127 32 23
-0.00506958 6 6 6 5 72 127 32 23
-0.00506915 6 8 6 5 72 127 32 23
-0.00506901 6 10 6 5 72 127 32 23
-0.00506963 6 12 6 5 72 127 32 23
-0.00507045 9 0 6 5 72 127 32 23
-0.0050701 9 2 6 5 72 127 32 23
-0.00507097 9 4 6 5 72 127 32 23
-0.00507104 9 6 6 5 72 127 32 23
-0.00507087 9 8 6 5 72 127 32 23
-0.0050706 9 10 6 5 72 127 32 23
-0.0050708 9 12 6 5 72 127 32 23
-0.00505971 12 0 6 5 72 127 32 23
-0.00506632 12 2 6 5 72 127 32 23
-0.00507087 12 4 6 5 72 127 32 23
-0.00507092 12 6 6 5 72 127 32 23
-0.00507064 12 8 6 5 72 127 32 23
-0.0050702 12 10 6 5 72 127 32 23
-0.00506742 12 12 6 5 72 127 32 23
-0.00506426 15 0 6 5 72 127 32 23
-0.00506871 15 2 6 5 72 127 32 23
-0.00507045 15 4 6 5 72 127 32 23
-0.00506665 15 6 6 5 72 127 32 23
-0.00507048 15 8 6 5 72 127 32 23
-0.00507089 15 10 6 5 72 127 32 23
-0.00504911 15 12 6 5 72 127 32 23
-0.00506533 18 0 6 5 72 127 32 23
-0.00506714 18 2 6 5 72 127 32 23
-0.005071 18 4 6 5 72 127 32 23
-0.00507052 18 6 6 5 72 127 32 23
-0.00507031 18 8 6 5 72 127 32 23
-0.00507088 18 10 6 5 72 127 32 23
-0.00505987 18 12 6 5 72 127 32 23
-0.00506947 21 0 6 5 72 127 32 23
-0.00507043 21 2 6 5 72 127 32 23
-0.00507052 21 4 6 5 72 127 32 23
-0.00507047 21 6 6 5 72 127 32 23
-0.00507037 21 8 6 5 72 127 32 23
-0.00507024 21 10 6 5 72 127 32 23
-0.00504531 21 12 6 5 72 127 32 23
-0.00506717 24 0 6 5 72 127 32 23
-0.00506979 24 2 6 5 72 127 32 23
-0.00507077 24 4 6 5 72 127 32 23
-0.00507081 24 6 6 5 72 127 32 23
-0.00507094 24 8 6 5 72 127 32 23
-0.00506817 24 10 6 5 72 127 32 23
-0.00284919 24 12 6 5 72 127 32 23
-0.00506758 0 0 9 7 72 127 32 23
-0.00506784 0 3 9 7 72 127 32 23
-0.00505914 0 6 9 7 72 127 32 23
-0.0050414 0 9 9 7 72 127 32 23
-0.00506757 0 12 9 7 72 127 32 23
-0.00504917 4 0 9 7 72 127 32 23
-0.00504429 4 3 9 7 72 127 32 23
-0.00264387 4 6 9 7 72 127 32 23
-0.00504599 4 9 9 7 72 127 32 23
-0.00506806 4 12 9 7 72 127 32 23
-0.00505415 8 0 9 7 72 127 32 23
-0.00478248 8 3 9 7 72 127 32 23
-0.00389878 8 6 9 7 72 127 32 23
-0.0050465 8 9 9 7 72 127 32 23
-0.00506881 8 12 9 7 72 127 32 23
-0.0037858 12 0 9 7 72 127 32 23
-0.00325991 12 3 9 7 72 127 32 23
-0.00503948 12 6 9 7 72 127 32 23
-0.00506496 12 9 9 7 72 127 32 23
-0.00506926 12 12 9 7 72 127 32 23
-0.00506445 16 0 9 7 72 127 32 23
-0.00504456 16 3 9 7 72 127 32 23
-0.004014 16 6 9 7 72 127 32 23
-0.00506744 16 9 9 7 72 127 32 23
-0.0050656 16 12 9 7 72 127 32 23
-0.00506317 20 0 9 7 72 127 32 23
-0.00505433 20 3 9 7 72 127 32 23
-0.00504716 20 6 9 7 72 127 32 23
-0.00506834 20 9 9 7 72 127 32 23
-0.00506341 20 12 9 7 72 127 32 23
-0.00505845 0 0 9 7 72 127 32 23
-0.00505516 0 3 9 7 72 127 32 23
-0.00505219 0 6 9 7 72 127 32 23
-0.00506539 0 9 9 7 72 127 32 23
-0.00506575 0 12 9 7 72 127 32 23
-0.0050589 4 0 9 7 72 127 32 23
-0.0050452 4 3 9 7 72 127 32 23
-0.00243419 4 6 9 7 72 127 32 23
-0.00506376 4 9 9 7 72 127 32 23
-0.00506059 4 12 9 7 72 127 32 23
-0.00481555 8 0 9 7 72 127 32 23
-0.00386111 8 3 9 7 72 127 32 23
-0.00461625 8 6 9 7 72 127 32 23
-0.00506168 8 9 9 7 72 127 32 23
-0.00506618 8 12 9 7 72 127 32 23
-0.00505013 12 0 9 7 72 127 32 23
-0.00504065 12 3 9 7 72 127 32 23
-0.00505329 12 6 9 7 72 127 32 23
-0.00506586 12 9 9 7 72 127 32 23
-0.00506315 12 12 9 7 72 127 32 23
-0.00506475 16 0 9 7 72 127 32 23
-0.00505999 16 3 9 7 72 127 32 23
-0.00504889 16 6 9 7 72 127 32 23
-0.0050655 16 9 9 7 72 127 32 23
-0.00505351 16 12 9 7 72 127 32 23
-0.00427296 20 0 9 7 72 127 32 23
-0.00505959 20 3 9 7 72 127 32 23
-0.00317319 20 6 9 7 72 127 32 23
-0.00506505 20 9 9 7 72 127 32 23
-0.00505208 20 12 9 7 72 127 32 23
-0.00507026 0 0 9 7 72 127 32 23
-0.00507078 0 3 9 7 72 127 32 23
-0.00507038 0 6 9 7 72 127 32 23
-0.00506881 0 9 9 7 72 127 32 23
-0.00506729 0 12 9 7 72 127 32 23
-0.00506776 4 0 9 7 72 127 32 23
-0.00504992 4 3 9 7 72 127 32 23
-0.00506246 4 6 9 7 72 127 32 23
-0.00506449 4 9 9 7 72 127 32 23
-0.00506517 4 12 9 7 72 127 32 23
-0.0050678 8 0 9 7 72 127 32 23
-0.0050683 8 3 9 7 72 127 32 23
-0.00506871 8 6 9 7 72 127 32 23
-0.00506479 8 9 9 7 72 127 32 23
-0.00397601 8 12 9 7 72 127 32 23
-0.00505976 12 0 9 7 72 127 32 23
-0.00506623 12 3 9 7 72 127 32 23
-0.00506974 12 6 9 7 72 127 32 23
-0.00507002 12 9 9 7 72 127 32 23
-0.00506883 12 12 9 7 72 127 32 23
-0.00506862 16 0 9 7 72 127 32 23
-0.00506888 16 3 9 7 72 127 32 23
-0.00506754 16 6 9 7 72 127 32 23
-0.00506819 16 9 9 7 72 127 32 23
-0.00506646 16 12 9 7 72 127 32 23
-0.0050655 20 0 9 7 72 127 32 23
-0.00506178 20 3 9 7 72 127 32 23
-0.0035938 20 6 9 7 72 127 32 23
-0.00292904 20 9 9 7 72 127 32 23
-0.00505479 20 12 9 7 72 127 32 23
-0.00506944 0 0 9 7 72 127 32 23
-0.00506866 0 3 9 7 72 127 32 23
-0.00506749 0 6 9 7 72 127 32 23
-0.00506888 0 9 9 7 72 127 32 23
-0.00506685 0 12 9 7 72 127 32 23
-0.00507039 4 0 9 7 72 127 32 23
-0.00506153 4 3 9 7 72 127 32 23
-0.00506527 4 6 9 7 72 127 32 23
-0.00506885 4 9 9 7 72 127 32 23
-0.00505957 4 12 9 7 72 127 32 23
-0.00506915 8 0 9 7 72 127 32 23
-0.00506446 8 3 9 7 72 127 32 23
-0.00506987 8 6 9 7 72 127 32 23
-0.00506535 8 9 9 7 72 127 32 23
-0.00351413 8 12 9 7 72 127 32 23
-0.00506593 12 0 9 7 72 127 32 23
-0.00506129 12 3 9 7 72 127 32 23
-0.00506858 12 6 9 7 72 127 32 23
-0.00507027 12 9 9 7 72 127 32 23
-0.00506953 12 12 9 7 72 127 32 23
-0.0050694 16 0 9 7 72 127 32 23
-0.00506844 16 3 9 7 72 127 32 23
-0.00506677 16 6 9 7 72 127 32 23
-0.00506793 16 9 9 7 72 127 32 23
-0.00506643 16 12 9 7 72 127 32 23
-0.00507016 20 0 9 7 72 127 32 23
-0.00506679 20 3 9 7 72 127 32 23
-0.00268524 20 6 9 7 72 127 32 23
-0.00370897 20 9 9 7 72 127 32 23
-0.00506114 20 12 9 7 72 127 32 23
-0.00506639 0 0 9 7 72 127 32 23
-0.00506584 0 3 9 7 72 127 32 23
-0.00505545 0 6 9 7 72 127 32 23
-0.00506612 0 9 9 7 72 127 32 23
-0.00507073 0 12 9 7 72 127 32 23
-0.00505431 4 0 9 7 72 127 32 23
-0.00504494 4 3 9 7 72 127 32 23
-0.00506236 4 6 9 7 72 127 32 23
-0.00506451 4 9 9 7 72 127 32 23
-0.00506177 4 12 9 7 72 127 32 23
-0.00506517 8 0 9 7 72 127 32 23
-0.005066 8 3 9 7 72 127 32 23
-0.00506539 8 6 9 7 72 127 32 23
-0.00506857 8 9 9 7 72 127 32 23
-0.00504307 8 12 9 7 72 127 32 23
-0.00242205 12 0 9 7 72 127 32 23
-0.00506747 12 3 9 7 72 127 32 23
-0.00505504 12 6 9 7 72 127 32 23
-0.00507008 12 9 9 7 72 127 32 23
-0.00505549 12 12 9 7 72 127 32 23
-0.00505326 16 0 9 7 72 127 32 23
-0.00506859 16 3 9 7 72 127 32 23
-0.00506689 16 6 9 7 72 127 32 23
-0.00507041 16 9 9 7 72 127 32 23
-0.00504001 16 12 9 7 72 127 32 23
-0.00506763 20 0 9 7 72 127 32 23
-0.00506581 20 3 9 7 72 127 32 23
-0.00506651 20 6 9 7 72 127 32 23
-0.00506952 20 9 9 7 72 127 32 23
-0.00339088 20 12 9 7 72 127 32 23
-0.00506711 0 0 9 7 72 127 32 23
-0.00506224 0 3 9 7 72 127 32 23
-0.00506598 0 6 9 7 72 127 32 23
-0.00505291 0 9 9 7 72 127 32 23
-0.00506986 0 12 9 7 72 127 32 23
-0.00506682 4 0 9 7 72 127 32 23
-0.00506927 4 3 9 7 72 127 32 23
-0.00507067 4 6 9 7 72 127 32 23
-0.00507076 4 9 9 7 72 127 32 23
-0.00507076 4 12 9 7 72 127 32 23
-0.00506998 8 0 9 7 72 127 32 23
-0.00506808 8 3 9 7 72 127 32 23
-0.00507044 8 6 9 7 72 127 32 23
-0.00507044 8 9 9 7 72 127 32 23
-0.00506817 8 12 9 7 72 127 32 23
-0.00506834 12 0 9 7 72 127 32 23
-0.00506921 12 3 9 7 72 127 32 23
-0.00506342 12 6 9 7 72 127 32 23
-0.00506585 12 9 9 7 72 127 32 23
-0.00506847 12 12 9 7 72 127 32 23
-0.00505375 16 0 9 7 72 127 32 23
-0.00506269 16 3 9 7 72 127 32 23
-0.00506654 16 6 9 7 72 127 32 23
-0.0050697 16 9 9 7 72 127 32 23
-0.00506724 16 12 9 7 72 127 32 23
-0.0050676 20 0 9 7 72 127 32 23
-0.00506911 20 3 9 7 72 127 32 23
-0.00506593 20 6 9 7 72 127 32 23
-0.00507021 20 9 9 7 72 127 32 23
-0.00505487 20 12 9 7 72 127 32 23
-0.00506867 0 0 9 7 72 127 32 23
-0.00506805 0 3 9 7 72 127 32 23
-0.00506123 0 6 9 7 72 127 32 23
-0.00505769 0 9 9 7 72 127 32 23
-0.00506486 0 12 9 7 72 127 32 23
-0.00506949 4 0 9 7 72 127 32 23
-0.00506523 4 3 9 7 72 127 32 23
-0.00506366 4 6 9 7 72 127 32 23
-0.00506827 4 9 9 7 72 127 32 23
-0.00506884 4 12 9 7 72 127 32 23
-0.00506787 8 0 9 7 72 127 32 23
-0.0050571 8 3 9 7 72 127 32 23
-0.00504612 8 6 9 7 72 127 32 23
-0.00506598 8 9 9 7 72 127 32 23
-0.00506924 8 12 9 7 72 127 32 23
-0.00441341 12 0 9 7 72 127 32 23
-0.00506446 12 3 9 7 72 127 32 23
-0.00506611 12 6 9 7 72 127 32 23
-0.00506198 12 9 9 7 72 127 32 23
-0.00506148 12 12 9 7 72 127 32 23
-0.00506684 16 0 9 7 72 127 32 23
-0.0050641 16 3 9 7 72 127 32 23
-0.00506866 16 6 9 7 72 127 32 23
-0.00506023 16 9 9 7 72 127 32 23
-0.00505155 16 12 9 7 72 127 32 23
-0.0050704 20 0 9 7 72 127 32 23
-0.00505264 20 3 9 7 72 127 32 23
-0.00505824 20 6 9 7 72 127 32 23
-0.00506576 20 9 9 7 72 127 32 23
-0.00506151 20 12 9 7 72 127 32 23
-0.00506779 0 0 9 7 72 127 32 23
-0.00507074 0 3 9 7 72 127 32 23
-0.00506556 0 6 9 7 72 127 32 23
-0.00506489 0 9 9 7 72 127 32 23
-0.00506942 0 12 9 7 72 127 32 23
-0.00507026 4 0 9 7 72 127 32 23
-0.00507005 4 3 9 7 72 127 32 23
-0.00506948 4 6 9 7 72 127 32 23
-0.00506807 4 9 9 7 72 127 32 23
-0.00506984 4 12 9 7 72 127 32 23
-0.0050658 8 0 9 7 72 127 32 23
-0.00505482 8 3 9 7 72 127 32 23
-0.00505235 8 6 9 7 72 127 32 23
-0.00504818 8 9 9 7 72 127 32 23
-0.00506695 8 12 9 7 72 127 32 23
-0.00506082 12 0 9 7 72 127 32 23
-0.00506311 12 3 9 7 72 127 32 23
-0.0050618 12 6 9 7 72 127 32 23
-0.00506293 12 9 9 7 72 127 32 23
-0.00506838 12 12 9 7 72 127 32 23
-0.00506998 16 0 9 7 72 127 32 23
-0.00506945 16 3 9 7 72 127 32 23
-0.00506927 16 6 9 7 72 127 32 23
-0.00506867 16 9 9 7 72 127 32 23
-0.00506996 16 12 9 7 72 127 32 23
-0.00506908 20 0 9 7 72 127 32 23
-0.00506797 20 3 9 7 72 127 32 23
-0.00506081 20 6 9 7 72 127 32 23
-0.00506586 20 9 9 7 72 127 32 23
-0.00506996 20 12 9 7 72 127 32 23
-0.00506917 0 0 9 7 72 127 32 23
-0.00506497 0 3 9 7 72 127 32 23
-0.00506571 0 6 9 7 72 127 32 23
-0.00506971 0 9 9 7 72 127 32 23
-0.00507049 0 12 9 7 72 127 32 23
-0.0050702 4 0 9 7 72 127 32 23
-0.00506517 4 3 9 7 72 127 32 23
-0.00505303 4 6 9 7 72 127 32 23
-0.00506479 4 9 9 7 72 127 32 23
-0.00506619 4 12 9 7 72 127 32 23
-0.00506739 8 0 9 7 72 127 32 23
-0.00506867 8 3 9 7 72 127 32 23
-0.00506606 8 6 9 7 72 127 32 23
-0.00506879 8 9 9 7 72 127 32 23
-0.00506929 8 12 9 7 72 127 32 23
-0.00300461 12 0 9 7 72 127 32 23
-0.00506222 12 3 9 7 72 127 32 23
-0.00506632 12 6 9 7 72 127 32 23
-0.00506778 12 9 9 7 72 127 32 23
-0.00506619 12 12 9 7 72 127 32 23
-0.00506741 16 0 9 7 72 127 32 23
-0.00506303 16 3 9 7 72 127 32 23
-0.00506621 16 6 9 7 72 127 32 23
-0.00506941 16 9 9 7 72 127 32 23
-0.0050637 16 12 9 7 72 127 32 23
-0.00506565 20 0 9 7 72 127 32 23
-0.00506403 20 3 9 7 72 127 32 23
-0.00505859 20 6 9 7 72 127 32 23
-0.00506682 20 9 9 7 72 127 32 23
-0.00506583 20 12 9 7 72 127 32 23
-0.00506951 0 0 9 7 72 127 32 23
-0.00506843 0 3 9 7 72 127 32 23
-0.0050689 0 6 9 7 72 127 32 23
-0.00507035 0 9 9 7 72 127 32 23
-0.00506649 0 12 9 7 72 127 32 23
-0.00506789 4 0 9 7 72 127 32 23
-0.00506404 4 3 9 7 72 127 32 23
-0.00506055 4 6 9 7 72 127 32 23
-0.00506885 4 9 9 7 72 127 32 23
-0.00506647 4 12 9 7 72 127 32 23
-0.00506973 8 0 9 7 72 127 32 23
-0.00506921 8 3 9 7 72 127 32 23
-0.00506845 8 6 9 7 72 127 32 23
-0.00506936 8 9 9 7 72 127 32 23
-0.00506946 8 12 9 7 72 127 32 23
-0.00506487 12 0 9 7 72 127 32 23
-0.00506576 12 3 9 7 72 127 32 23
-0.00505606 12 6 9 7 72 127 32 23
-0.00507059 12 9 9 7 72 127 32 23
-0.00505805 12 12 9 7 72 127 32 23
-0.00506266 16 0 9 7 72 127 32 23
-0.00506849 16 3 9 7 72 127 32 23
-0.00506646 16 6 9 7 72 127 32 23
-0.00507085 16 9 9 7 72 127 32 23
-0.00382373 16 12 9 7 72 127 32 23
-0.00506703 20 0 9 7 72 127 32 23
-0.00506878 20 3 9 7 72 127 32 23
-0.00506852 20 6 9 7 72 127 32 23
-0.00506971 20 9 9 7 72 127 32 23
-0.00255413 20 12 9 7 72 127 32 23
-0.00506411 0 0 10 11 72 127 32 23
-0.00505106 0 5 10 11 72 127 32 23
-0.00506468 0 10 10 11 72 127 32 23
-0.0050406 5 0 10 11 72 127 32 23
-0.0029659 5 5 10 11 72 127 32 23
-0.00506648 5 10 10 11 72 127 32 23
-0.00294344 10 0 10 11 72 127 32 23
-0.00504414 10 5 10 11 72 127 32 23
-0.00506667 10 10 10 11 72 127 32 23
-0.00434436 15 0 10 11 72 127 32 23
-0.00465 15 5 10 11 72 127 32 23
-0.00506585 15 10 10 11 72 127 32 23
-0.00343244 20 0 10 11 72 127 32 23
-0.00334804 20 5 10 11 72 127 32 23
-0.00506758 20 10 10 11 72 127 32 23
-0.005054 0 0 10 11 72 127 32 23
-0.00505487 0 5 10 11 72 127 32 23
-0.00506433 0 10 10 11 72 127 32 23
-0.00500824 5 0 10 11 72 127 32 23
-0.00265719 5 5 10 11 72 127 32 23
-0.00506315 5 10 10 11 72 127 32 23
-0.00505556 10 0 10 11 72 127 32 23
-0.00468347 10 5 10 11 72 127 32 23
-0.00506486 10 10 10 11 72 127 32 23
-0.0050616 15 0 10 11 72 127 32 23
-0.00504868 15 5 10 11 72 127 32 23
-0.00506311 15 10 10 11 72 127 32 23
-0.0034735 20 0 10 11 72 127 32 23
-0.00248744 20 5 10 11 72 127 32 23
-0.00505906 20 10 10 11 72 127 32 23
-0.00507021 0 0 10 11 72 127 32 23
-0.00506913 0 5 10 11 72 127 32 23
-0.00505828 0 10 10 11 72 127 32 23
-0.00506012 5 0 10 11 72 127 32 23
-0.00506695 5 5 10 11 72 127 32 23
-0.00505031 5 10 10 11 72 127 32 23
-0.00423715 10 0 10 11 72 127 32 23
-0.00506375 10 5 10 11 72 127 32 23
-0.00506277 10 10 10 11 72 127 32 23
-0.00506795 15 0 10 11 72 127 32 23
-0.00506823 15 5 10 11 72 127 32 23
-0.00506786 15 10 10 11 72 127 32 23
-0.00505951 20 0 10 11 72 127 32 23
-0.00274061 20 5 10 11 72 127 32 23
-0.0050429 20 10 10 11 72 127 32 23
-0.00506528 0 0 10 11 72 127 32 23
-0.00506566 0 5 10 11 72 127 32 23
-0.00506526 0 10 10 11 72 127 32 23
-0.00505643 5 0 10 11 72 127 32 23
-0.00506343 5 5 10 11 72 127 32 23
-0.00506439 5 10 10 11 72 127 32 23
-0.00405269 10 0 10 11 72 127 32 23
-0.00506364 10 5 10 11 72 127 32 23
-0.00506783 10 10 10 11 72 127 32 23
-0.00506221 15 0 10 11 72 127 32 23
-0.00506724 15 5 10 11 72 127 32 23
-0.00506925 15 10 10 11 72 127 32 23
-0.00506137 20 0 10 11 72 127 32 23
-0.00313024 20 5 10 11 72 127 32 23
-0.00506278 20 10 10 11 72 127 32 23
-0.00505539 0 0 10 11 72 127 32 23
-0.00505684 0 5 10 11 72 127 32 23
-0.00507053 0 10 10 11 72 127 32 23
-0.00330398 5 0 10 11 72 127 32 23
-0.00506257 5 5 10 11 72 127 32 23
-0.00505687 5 10 10 11 72 127 32 23
-0.00506561 10 0 10 11 72 127 32 23
-0.00491277 10 5 10 11 72 127 32 23
-0.00506846 10 10 10 11 72 127 32 23
-0.00506453 15 0 10 11 72 127 32 23
-0.00420166 15 5 10 11 72 127 32 23
-0.00506733 15 10 10 11 72 127 32 23
-0.00506685 20 0 10 11 72 127 32 23
-0.00505277 20 5 10 11 72 127 32 23
-0.00505677 20 10 10 11 72 127 32 23
-0.00506493 0 0 10 11 72 127 32 23
-0.00505914 0 5 10 11 72 127 32 23
-0.00506848 0 10 10 11 72 127 32 23
-0.00506845 5 0 10 11 72 127 32 23
-0.00507067 5 5 10 11 72 127 32 23
-0.00506958 5 10 10 11 72 127 32 23
-0.00506899 10 0 10 11 72 127 32 23
-0.00505917 10 5 10 11 72 127 32 23
-0.00506799 10 10 10 11 72 127 32 23
-0.00506438 15 0 10 11 72 127 32 23
-0.00506149 15 5 10 11 72 127 32 23
-0.00506841 15 10 10 11 72 127 32 23
-0.00506421 20 0 10 11 72 127 32 23
-0.00506069 20 5 10 11 72 127 32 23
-0.00506758 20 10 10 11 72 127 32 23
-0.00506948 0 0 10 11 72 127 32 23
-0.0050551 0 5 10 11 72 127 32 23
-0.00506504 0 10 10 11 72 127 32 23
-0.005051 5 0 10 11 72 127 32 23
-0.00505991 5 5 10 11 72 127 32 23
-0.00506857 5 10 10 11 72 127 32 23
-0.00367129 10 0 10 11 72 127 32 23
-0.00504977 10 5 10 11 72 127 32 23
-0.00505631 10 10 10 11 72 127 32 23
-0.00416529 15 0 10 11 72 127 32 23
-0.00506597 15 5 10 11 72 127 32 23
-0.00505526 15 10 10 11 72 127 32 23
-0.00504773 20 0 10 11 72 127 32 23
-0.0044821 20 5 10 11 72 127 32 23
-0.00506455 20 10 10 11 72 127 32 23
-0.00506978 0 0 10 11 72 127 32 23
-0.00506557 0 5 10 11 72 127 32 23
-0.00506945 0 10 10 11 72 127 32 23
-0.00506741 5 0 10 11 72 127 32 23
-0.00506701 5 5 10 11 72 127 32 23
-0.00506801 5 10 10 11 72 127 32 23
-0.00321671 10 0 10 11 72 127 32 23
-0.00246566 10 5 10 11 72 127 32 23
-0.00505055 10 10 10 11 72 127 32 23
-0.00506843 15 0 10 11 72 127 32 23
-0.0050687 15 5 10 11 72 127 32 23
-0.00506793 15 10 10 11 72 127 32 23
-0.00506269 20 0 10 11 72 127 32 23
-0.00504834 20 5 10 11 72 127 32 23
-0.0050649 20 10 10 11 72 127 32 23
-0.00506832 0 0 10 11 72 127 32 23
-0.00506969 0 5 10 11 72 127 32 23
-0.00506991 0 10 10 11 72 127 32 23
-0.00506867 5 0 10 11 72 127 32 23
-0.0050578 5 5 10 11 72 127 32 23
-0.0050604 5 10 10 11 72 127 32 23
-0.00412815 10 0 10 11 72 127 32 23
-0.00506836 10 5 10 11 72 127 32 23
-0.00506816 10 10 10 11 72 127 32 23
-0.00504549 15 0 10 11 72 127 32 23
-0.00506579 15 5 10 11 72 127 32 23
-0.00505661 15 10 10 11 72 127 32 23
-0.00505519 20 0 10 11 72 127 32 23
-0.00506225 20 5 10 11 72 127 32 23
-0.00506411 20 10 10 11 72 127 32 23
-0.00506649 0 0 10 11 72 127 32 23
-0.0050635 0 5 10 11 72 127 32 23
-0.00506597 0 10 10 11 72 127 32 23
-0.00506326 5 0 10 11 72 127 32 23
-0.00506221 5 5 10 11 72 127 32 23
-0.0050613 5 10 10 11 72 127 32 23
-0.00505935 10 0 10 11 72 127 32 23
-0.00505834 10 5 10 11 72 127 32 23
-0.00506816 10 10 10 11 72 127 32 23
-0.00504655 15 0 10 11 72 127 32 23
-0.00505506 15 5 10 11 72 127 32 23
-0.00506717 15 10 10 11 72 127 32 23
-0.00506615 20 0 10 11 72 127 32 23
-0.00506729 20 5 10 11 72 127 32 23
-0.00506218 20 10 10 11 72 127 32 23
-0.00241211 0 0 21 15 72 127 32 23
-0.00506021 0 7 21 15 72 127 32 23
-0.00245553 10 0 21 15 72 127 32 23
-0.00506528 10 7 21 15 72 127 32 23
-0.00504091 0 0 21 15 72 127 32 23
-0.00505422 0 7 21 15 72 127 32 23
-0.00260072 10 0 21 15 72 127 32 23
-0.00504254 10 7 21 15 72 127 32 23
-0.00506599 0 0 21 15 72 127 32 23
-0.0050633 0 7 21 15 72 127 32 23
-0.0047497 10 0 21 15 72 127 32 23
-0.00504722 10 7 21 15 72 127 32 23
-0.00506219 0 0 21 15 72 127 32 23
-0.00506896 0 7 21 15 72 127 32 23
-0.00504836 10 0 21 15 72 127 32 23
-0.00506656 10 7 21 15 72 127 32 23
-0.00363277 0 0 21 15 72 127 32 23
-0.00506939 0 7 21 15 72 127 32 23
-0.00451597 10 0 21 15 72 127 32 23
-0.00259836 10 7 21 15 72 127 32 23
-0.0045494 0 0 21 15 72 127 32 23
-0.00506038 0 7 21 15 72 127 32 23
-0.00374769 10 0 21 15 72 127 32 23
-0.0025071 10 7 21 15 72 127 32 23
-0.00504983 0 0 21 15 72 127 32 23
-0.00505544 0 7 21 15 72 127 32 23
-0.00280794 10 0 21 15 72 127 32 23
-0.00506419 10 7 21 15 72 127 32 23
-0.00289017 0 0 21 15 72 127 32 23
-0.00505773 0 7 21 15 72 127 32 23
-0.00918624 10 0 21 15 72 127 32 23
-0.00506115 10 7 21 15 72 127 32 23
-0.00504515 0 0 21 15 72 127 32 23
-0.0050615 0 7 21 15 72 127 32 23
-0.00488067 10 0 21 15 72 127 32 23
-0.00506726 10 7 21 15 72 127 32 23
-0.0050547 0 0 21 15 72 127 32 23
-0.00506905 0 7 21 15 72 127 32 23
-0.00506147 10 0 21 15 72 127 32 23
-0.00506148 10 7 21 15 72 127 32 23
-0.00458305 0 0 32 23 72 127 32 23
-0.00497663 0 0 32 23 72 127 32 23
-0.00504596 0 0 32 23 72 127 32 23
-0.00505655 0 0 32 23 72 127 32 23
-0.0050658 0 0 32 23 72 127 32 23
-0.00504181 0 0 32 23 72 127 32 23
-0.00272889 0 0 32 23 72 127 32 23
-0.00504147 0 0 32 23 72 127 32 23
-0.00506062 0 0 32 23 72 127 32 23
-0.00506223 0 0 32 23 72 127 32 23
