1099 
1049 
1080 
1052 
1043 
1042 
1081 
1053 
1089 
1078 
1097 
206 
1090 
1096 
1091 
424 
1073 
1070 
1059 
97 
645 
1086 
1040 
1084 
146 
480 
903 
904 
622 
1041 
646 
811 
947 
901 
434 
1062 
1098 
1082 
1079 
674 
96 
535 
1066 
927 
902 
92 
957 
734 
602 
207 
908 
3 
556 
917 
110 
1092 
985 
910 
1063 
470 
1030 
708 
1060 
432 
422 
1061 
274 
1037 
1056 
926 
658 
1094 
999 
1044 
922 
949 
664 
1045 
810 
98 
