-0.00560579 0 0 14 14 487 513 35 117
-0.00560339 0 7 14 14 487 513 35 117
-0.00559282 0 14 14 14 487 513 35 117
-0.00443476 0 21 14 14 487 513 35 117
-0.00558228 0 28 14 14 487 513 35 117
-0.00559769 0 35 14 14 487 513 35 117
-0.0055971 0 42 14 14 487 513 35 117
-0.00560305 0 49 14 14 487 513 35 117
-0.00559781 0 56 14 14 487 513 35 117
-0.00560182 0 63 14 14 487 513 35 117
-0.00560467 0 70 14 14 487 513 35 117
-0.00560015 0 77 14 14 487 513 35 117
-0.00560195 0 84 14 14 487 513 35 117
-0.00560284 0 91 14 14 487 513 35 117
-0.0056012 0 98 14 14 487 513 35 117
-0.00560318 7 0 14 14 487 513 35 117
-0.00560464 7 7 14 14 487 513 35 117
-0.00560575 7 14 14 14 487 513 35 117
-0.00560561 7 21 14 14 487 513 35 117
-0.00560348 7 28 14 14 487 513 35 117
-0.00559549 7 35 14 14 487 513 35 117
-0.00560024 7 42 14 14 487 513 35 117
-0.00560333 7 49 14 14 487 513 35 117
-0.00559926 7 56 14 14 487 513 35 117
-0.0056035 7 63 14 14 487 513 35 117
-0.00560161 7 70 14 14 487 513 35 117
-0.00560344 7 77 14 14 487 513 35 117
-0.00560124 7 84 14 14 487 513 35 117
-0.00559759 7 91 14 14 487 513 35 117
-0.00559268 7 98 14 14 487 513 35 117
-0.00560472 14 0 14 14 487 513 35 117
-0.00560535 14 7 14 14 487 513 35 117
-0.00560486 14 14 14 14 487 513 35 117
-0.00560364 14 21 14 14 487 513 35 117
-0.00559648 14 28 14 14 487 513 35 117
-0.00559492 14 35 14 14 487 513 35 117
-0.00560411 14 42 14 14 487 513 35 117
-0.00560577 14 49 14 14 487 513 35 117
-0.00560218 14 56 14 14 487 513 35 117
-0.00560207 14 63 14 14 487 513 35 117
-0.00560039 14 70 14 14 487 513 35 117
-0.00559811 14 77 14 14 487 513 35 117
-0.00560064 14 84 14 14 487 513 35 117
-0.00559792 14 91 14 14 487 513 35 117
-0.00558706 14 98 14 14 487 513 35 117
-0.00559876 21 0 14 14 487 513 35 117
-0.00557819 21 7 14 14 487 513 35 117
-0.00558393 21 14 14 14 487 513 35 117
-0.00560158 21 21 14 14 487 513 35 117
-0.0055993 21 28 14 14 487 513 35 117
-0.00559615 21 35 14 14 487 513 35 117
-0.00560577 21 42 14 14 487 513 35 117
-0.00560523 21 49 14 14 487 513 35 117
-0.00560227 21 56 14 14 487 513 35 117
-0.00560557 21 63 14 14 487 513 35 117
-0.00560535 21 70 14 14 487 513 35 117
-0.00559935 21 77 14 14 487 513 35 117
-0.00560348 21 84 14 14 487 513 35 117
-0.00560246 21 91 14 14 487 513 35 117
-0.00559487 21 98 14 14 487 513 35 117
-0.00560628 0 0 14 14 487 513 35 117
-0.00560564 0 7 14 14 487 513 35 117
-0.00560414 0 14 14 14 487 513 35 117
-0.00560213 0 21 14 14 487 513 35 117
-0.00560238 0 28 14 14 487 513 35 117
-0.00560329 0 35 14 14 487 513 35 117
-0.00560026 0 42 14 14 487 513 35 117
-0.00560323 0 49 14 14 487 513 35 117
-0.00560231 0 56 14 14 487 513 35 117
-0.00560468 0 63 14 14 487 513 35 117
-0.00560562 0 70 14 14 487 513 35 117
-0.00560321 0 77 14 14 487 513 35 117
-0.00559892 0 84 14 14 487 513 35 117
-0.0056037 0 91 14 14 487 513 35 117
-0.0056045 0 98 14 14 487 513 35 117
-0.00560558 7 0 14 14 487 513 35 117
-0.0056032 7 7 14 14 487 513 35 117
-0.00558969 7 14 14 14 487 513 35 117
-0.00557847 7 21 14 14 487 513 35 117
-0.00560016 7 28 14 14 487 513 35 117
-0.00560348 7 35 14 14 487 513 35 117
-0.00559957 7 42 14 14 487 513 35 117
-0.0055961 7 49 14 14 487 513 35 117
-0.00559231 7 56 14 14 487 513 35 117
-0.00558989 7 63 14 14 487 513 35 117
-0.00560106 7 70 14 14 487 513 35 117
-0.00560149 7 77 14 14 487 513 35 117
-0.00560208 7 84 14 14 487 513 35 117
-0.00560313 7 91 14 14 487 513 35 117
-0.00560229 7 98 14 14 487 513 35 117
-0.00560448 14 0 14 14 487 513 35 117
-0.00559282 14 7 14 14 487 513 35 117
-0.00415651 14 14 14 14 487 513 35 117
-0.00559313 14 21 14 14 487 513 35 117
-0.00559933 14 28 14 14 487 513 35 117
-0.00559421 14 35 14 14 487 513 35 117
-0.00391609 14 42 14 14 487 513 35 117
-0.00278781 14 49 14 14 487 513 35 117
-0.00557453 14 56 14 14 487 513 35 117
-0.00559236 14 63 14 14 487 513 35 117
-0.0055906 14 70 14 14 487 513 35 117
-0.00559034 14 77 14 14 487 513 35 117
-0.00559992 14 84 14 14 487 513 35 117
-0.0056011 14 91 14 14 487 513 35 117
-0.00560202 14 98 14 14 487 513 35 117
-0.00560457 21 0 14 14 487 513 35 117
-0.00560004 21 7 14 14 487 513 35 117
-0.0055995 21 14 14 14 487 513 35 117
-0.00559941 21 21 14 14 487 513 35 117
-0.00559591 21 28 14 14 487 513 35 117
-0.00456891 21 35 14 14 487 513 35 117
-0.00558571 21 42 14 14 487 513 35 117
-0.00560378 21 49 14 14 487 513 35 117
-0.00560523 21 56 14 14 487 513 35 117
-0.00560365 21 63 14 14 487 513 35 117
-0.00560218 21 70 14 14 487 513 35 117
-0.00560104 21 77 14 14 487 513 35 117
-0.00560012 21 84 14 14 487 513 35 117
-0.00560303 21 91 14 14 487 513 35 117
-0.00560166 21 98 14 14 487 513 35 117
-0.00560634 0 0 14 14 487 513 35 117
-0.00560595 0 7 14 14 487 513 35 117
-0.00560471 0 14 14 14 487 513 35 117
-0.00559842 0 21 14 14 487 513 35 117
-0.00559595 0 28 14 14 487 513 35 117
-0.00559208 0 35 14 14 487 513 35 117
-0.00557967 0 42 14 14 487 513 35 117
-0.00559804 0 49 14 14 487 513 35 117
-0.005603 0 56 14 14 487 513 35 117
-0.00560335 0 63 14 14 487 513 35 117
-0.00560001 0 70 14 14 487 513 35 117
-0.00559893 0 77 14 14 487 513 35 117
-0.00560122 0 84 14 14 487 513 35 117
-0.00560419 0 91 14 14 487 513 35 117
-0.00560551 0 98 14 14 487 513 35 117
-0.00560573 7 0 14 14 487 513 35 117
-0.0056064 7 7 14 14 487 513 35 117
-0.00560568 7 14 14 14 487 513 35 117
-0.00560437 7 21 14 14 487 513 35 117
-0.00560372 7 28 14 14 487 513 35 117
-0.00560033 7 35 14 14 487 513 35 117
-0.00557737 7 42 14 14 487 513 35 117
-0.00558845 7 49 14 14 487 513 35 117
-0.00560146 7 56 14 14 487 513 35 117
-0.00560137 7 63 14 14 487 513 35 117
-0.00557769 7 70 14 14 487 513 35 117
-0.00309068 7 77 14 14 487 513 35 117
-0.00559327 7 84 14 14 487 513 35 117
-0.00560358 7 91 14 14 487 513 35 117
-0.0056053 7 98 14 14 487 513 35 117
-0.00560469 14 0 14 14 487 513 35 117
-0.00560565 14 7 14 14 487 513 35 117
-0.00560628 14 14 14 14 487 513 35 117
-0.00560592 14 21 14 14 487 513 35 117
-0.00560504 14 28 14 14 487 513 35 117
-0.00560281 14 35 14 14 487 513 35 117
-0.00558795 14 42 14 14 487 513 35 117
-0.00559423 14 49 14 14 487 513 35 117
-0.00560323 14 56 14 14 487 513 35 117
-0.0056041 14 63 14 14 487 513 35 117
-0.0055997 14 70 14 14 487 513 35 117
-0.00559506 14 77 14 14 487 513 35 117
-0.00560108 14 84 14 14 487 513 35 117
-0.00560491 14 91 14 14 487 513 35 117
-0.00560597 14 98 14 14 487 513 35 117
-0.00560291 21 0 14 14 487 513 35 117
-0.00560611 21 7 14 14 487 513 35 117
-0.00560598 21 14 14 14 487 513 35 117
-0.00560457 21 21 14 14 487 513 35 117
-0.00560287 21 28 14 14 487 513 35 117
-0.00560006 21 35 14 14 487 513 35 117
-0.00559313 21 42 14 14 487 513 35 117
-0.00560259 21 49 14 14 487 513 35 117
-0.0056051 21 56 14 14 487 513 35 117
-0.00560583 21 63 14 14 487 513 35 117
-0.00560455 21 70 14 14 487 513 35 117
-0.00560312 21 77 14 14 487 513 35 117
-0.00560386 21 84 14 14 487 513 35 117
-0.00560574 21 91 14 14 487 513 35 117
-0.00560584 21 98 14 14 487 513 35 117
-0.00559387 0 0 14 14 487 513 35 117
-0.00560531 0 7 14 14 487 513 35 117
-0.00560499 0 14 14 14 487 513 35 117
-0.0055995 0 21 14 14 487 513 35 117
-0.00560314 0 28 14 14 487 513 35 117
-0.00560614 0 35 14 14 487 513 35 117
-0.00560657 0 42 14 14 487 513 35 117
-0.00560603 0 49 14 14 487 513 35 117
-0.00560647 0 56 14 14 487 513 35 117
-0.00560529 0 63 14 14 487 513 35 117
-0.00559248 0 70 14 14 487 513 35 117
-0.00558884 0 77 14 14 487 513 35 117
-0.00559804 0 84 14 14 487 513 35 117
-0.00560477 0 91 14 14 487 513 35 117
-0.00560605 0 98 14 14 487 513 35 117
-0.0055998 7 0 14 14 487 513 35 117
-0.00560079 7 7 14 14 487 513 35 117
-0.00560464 7 14 14 14 487 513 35 117
-0.00560539 7 21 14 14 487 513 35 117
-0.0056026 7 28 14 14 487 513 35 117
-0.00560617 7 35 14 14 487 513 35 117
-0.00560638 7 42 14 14 487 513 35 117
-0.00560499 7 49 14 14 487 513 35 117
-0.00560647 7 56 14 14 487 513 35 117
-0.00560565 7 63 14 14 487 513 35 117
-0.00558442 7 70 14 14 487 513 35 117
-0.00222788 7 77 14 14 487 513 35 117
-0.00434195 7 84 14 14 487 513 35 117
-0.00560213 7 91 14 14 487 513 35 117
-0.00560547 7 98 14 14 487 513 35 117
-0.00560292 14 0 14 14 487 513 35 117
-0.00559632 14 7 14 14 487 513 35 117
-0.00560241 14 14 14 14 487 513 35 117
-0.00560602 14 21 14 14 487 513 35 117
-0.0056043 14 28 14 14 487 513 35 117
-0.00560454 14 35 14 14 487 513 35 117
-0.00560532 14 42 14 14 487 513 35 117
-0.00559975 14 49 14 14 487 513 35 117
-0.00560576 14 56 14 14 487 513 35 117
-0.00560514 14 63 14 14 487 513 35 117
-0.00559621 14 70 14 14 487 513 35 117
-0.00559261 14 77 14 14 487 513 35 117
-0.00559678 14 84 14 14 487 513 35 117
-0.00560375 14 91 14 14 487 513 35 117
-0.0056057 14 98 14 14 487 513 35 117
-0.00559297 21 0 14 14 487 513 35 117
-0.00559053 21 7 14 14 487 513 35 117
-0.00560485 21 14 14 14 487 513 35 117
-0.00560507 21 21 14 14 487 513 35 117
-0.0055965 21 28 14 14 487 513 35 117
-0.00560139 21 35 14 14 487 513 35 117
-0.00560201 21 42 14 14 487 513 35 117
-0.00559052 21 49 14 14 487 513 35 117
-0.0055771 21 56 14 14 487 513 35 117
-0.00559352 21 63 14 14 487 513 35 117
-0.00558777 21 70 14 14 487 513 35 117
-0.00559816 21 77 14 14 487 513 35 117
-0.00560478 21 84 14 14 487 513 35 117
-0.00560582 21 91 14 14 487 513 35 117
-0.00560554 21 98 14 14 487 513 35 117
-0.00560621 0 0 14 14 487 513 35 117
-0.00560542 0 7 14 14 487 513 35 117
-0.00560258 0 14 14 14 487 513 35 117
-0.00560094 0 21 14 14 487 513 35 117
-0.00560495 0 28 14 14 487 513 35 117
-0.00560506 0 35 14 14 487 513 35 117
-0.00560149 0 42 14 14 487 513 35 117
-0.00560335 0 49 14 14 487 513 35 117
-0.00560414 0 56 14 14 487 513 35 117
-0.00560415 0 63 14 14 487 513 35 117
-0.00560284 0 70 14 14 487 513 35 117
-0.00560189 0 77 14 14 487 513 35 117
-0.00560176 0 84 14 14 487 513 35 117
-0.00560179 0 91 14 14 487 513 35 117
-0.00560102 0 98 14 14 487 513 35 117
-0.00560628 7 0 14 14 487 513 35 117
-0.00560605 7 7 14 14 487 513 35 117
-0.00560591 7 14 14 14 487 513 35 117
-0.00560606 7 21 14 14 487 513 35 117
-0.00560628 7 28 14 14 487 513 35 117
-0.00560441 7 35 14 14 487 513 35 117
-0.00560153 7 42 14 14 487 513 35 117
-0.00560453 7 49 14 14 487 513 35 117
-0.00560444 7 56 14 14 487 513 35 117
-0.00560619 7 63 14 14 487 513 35 117
-0.00560523 7 70 14 14 487 513 35 117
-0.00560299 7 77 14 14 487 513 35 117
-0.00559364 7 84 14 14 487 513 35 117
-0.0055999 7 91 14 14 487 513 35 117
-0.00559733 7 98 14 14 487 513 35 117
-0.00560279 14 0 14 14 487 513 35 117
-0.00560459 14 7 14 14 487 513 35 117
-0.00560368 14 14 14 14 487 513 35 117
-0.00559902 14 21 14 14 487 513 35 117
-0.00507125 14 28 14 14 487 513 35 117
-0.00559038 14 35 14 14 487 513 35 117
-0.00559313 14 42 14 14 487 513 35 117
-0.00560295 14 49 14 14 487 513 35 117
-0.00560577 14 56 14 14 487 513 35 117
-0.00560543 14 63 14 14 487 513 35 117
-0.00560263 14 70 14 14 487 513 35 117
-0.00559342 14 77 14 14 487 513 35 117
-0.00559674 14 84 14 14 487 513 35 117
-0.00560179 14 91 14 14 487 513 35 117
-0.00560044 14 98 14 14 487 513 35 117
-0.00560501 21 0 14 14 487 513 35 117
-0.00560035 21 7 14 14 487 513 35 117
-0.00560481 21 14 14 14 487 513 35 117
-0.00560161 21 21 14 14 487 513 35 117
-0.00560377 21 28 14 14 487 513 35 117
-0.00560249 21 35 14 14 487 513 35 117
-0.00560193 21 42 14 14 487 513 35 117
-0.00560335 21 49 14 14 487 513 35 117
-0.00560103 21 56 14 14 487 513 35 117
-0.00560322 21 63 14 14 487 513 35 117
-0.00560217 21 70 14 14 487 513 35 117
-0.00558982 21 77 14 14 487 513 35 117
-0.00559763 21 84 14 14 487 513 35 117
-0.00559893 21 91 14 14 487 513 35 117
-0.0056021 21 98 14 14 487 513 35 117
-0.00560493 0 0 14 14 487 513 35 117
-0.00559589 0 7 14 14 487 513 35 117
-0.00560015 0 14 14 14 487 513 35 117
-0.00560463 0 21 14 14 487 513 35 117
-0.00560507 0 28 14 14 487 513 35 117
-0.00560406 0 35 14 14 487 513 35 117
-0.00560267 0 42 14 14 487 513 35 117
-0.00560493 0 49 14 14 487 513 35 117
-0.00560507 0 56 14 14 487 513 35 117
-0.00559496 0 63 14 14 487 513 35 117
-0.00559442 0 70 14 14 487 513 35 117
-0.0056045 0 77 14 14 487 513 35 117
-0.00560548 0 84 14 14 487 513 35 117
-0.00560296 0 91 14 14 487 513 35 117
-0.00560322 0 98 14 14 487 513 35 117
-0.00560429 7 0 14 14 487 513 35 117
-0.00560443 7 7 14 14 487 513 35 117
-0.00560571 7 14 14 14 487 513 35 117
-0.00560574 7 21 14 14 487 513 35 117
-0.00560411 7 28 14 14 487 513 35 117
-0.00560273 7 35 14 14 487 513 35 117
-0.00560138 7 42 14 14 487 513 35 117
-0.00560538 7 49 14 14 487 513 35 117
-0.00560432 7 56 14 14 487 513 35 117
-0.00558927 7 63 14 14 487 513 35 117
-0.00559315 7 70 14 14 487 513 35 117
-0.00560588 7 77 14 14 487 513 35 117
-0.0056058 7 84 14 14 487 513 35 117
-0.00560317 7 91 14 14 487 513 35 117
-0.00559663 7 98 14 14 487 513 35 117
-0.00560569 14 0 14 14 487 513 35 117
-0.00560553 14 7 14 14 487 513 35 117
-0.00560541 14 14 14 14 487 513 35 117
-0.00560427 14 21 14 14 487 513 35 117
-0.0056015 14 28 14 14 487 513 35 117
-0.00560415 14 35 14 14 487 513 35 117
-0.00560377 14 42 14 14 487 513 35 117
-0.00560591 14 49 14 14 487 513 35 117
-0.00560546 14 56 14 14 487 513 35 117
-0.0056059 14 63 14 14 487 513 35 117
-0.00560632 14 70 14 14 487 513 35 117
-0.00560385 14 77 14 14 487 513 35 117
-0.00560581 14 84 14 14 487 513 35 117
-0.00560462 14 91 14 14 487 513 35 117
-0.00560004 14 98 14 14 487 513 35 117
-0.00560603 21 0 14 14 487 513 35 117
-0.00560372 21 7 14 14 487 513 35 117
-0.00560486 21 14 14 14 487 513 35 117
-0.00560219 21 21 14 14 487 513 35 117
-0.00560378 21 28 14 14 487 513 35 117
-0.00560467 21 35 14 14 487 513 35 117
-0.00560626 21 42 14 14 487 513 35 117
-0.00560542 21 49 14 14 487 513 35 117
-0.00560368 21 56 14 14 487 513 35 117
-0.00560588 21 63 14 14 487 513 35 117
-0.00560646 21 70 14 14 487 513 35 117
-0.00560617 21 77 14 14 487 513 35 117
-0.00560567 21 84 14 14 487 513 35 117
-0.00560341 21 91 14 14 487 513 35 117
-0.00559733 21 98 14 14 487 513 35 117
-0.0056055 0 0 14 14 487 513 35 117
-0.00560237 0 7 14 14 487 513 35 117
-0.00560321 0 14 14 14 487 513 35 117
-0.00560361 0 21 14 14 487 513 35 117
-0.0055984 0 28 14 14 487 513 35 117
-0.00558384 0 35 14 14 487 513 35 117
-0.00558351 0 42 14 14 487 513 35 117
-0.00559798 0 49 14 14 487 513 35 117
-0.00560204 0 56 14 14 487 513 35 117
-0.0056023 0 63 14 14 487 513 35 117
-0.00560524 0 70 14 14 487 513 35 117
-0.00560214 0 77 14 14 487 513 35 117
-0.00559359 0 84 14 14 487 513 35 117
-0.0055976 0 91 14 14 487 513 35 117
-0.00558177 0 98 14 14 487 513 35 117
-0.00560554 7 0 14 14 487 513 35 117
-0.00560635 7 7 14 14 487 513 35 117
-0.00560196 7 14 14 14 487 513 35 117
-0.00559755 7 21 14 14 487 513 35 117
-0.00560181 7 28 14 14 487 513 35 117
-0.00558922 7 35 14 14 487 513 35 117
-0.0055937 7 42 14 14 487 513 35 117
-0.00560496 7 49 14 14 487 513 35 117
-0.0056049 7 56 14 14 487 513 35 117
-0.0056051 7 63 14 14 487 513 35 117
-0.00560459 7 70 14 14 487 513 35 117
-0.00559053 7 77 14 14 487 513 35 117
-0.00560434 7 84 14 14 487 513 35 117
-0.00560499 7 91 14 14 487 513 35 117
-0.00560503 7 98 14 14 487 513 35 117
-0.00560592 14 0 14 14 487 513 35 117
-0.00560639 14 7 14 14 487 513 35 117
-0.00560587 14 14 14 14 487 513 35 117
-0.00560494 14 21 14 14 487 513 35 117
-0.00559944 14 28 14 14 487 513 35 117
-0.00559563 14 35 14 14 487 513 35 117
-0.00560393 14 42 14 14 487 513 35 117
-0.00560612 14 49 14 14 487 513 35 117
-0.00560458 14 56 14 14 487 513 35 117
-0.00560606 14 63 14 14 487 513 35 117
-0.00560619 14 70 14 14 487 513 35 117
-0.00559415 14 77 14 14 487 513 35 117
-0.00560552 14 84 14 14 487 513 35 117
-0.00560624 14 91 14 14 487 513 35 117
-0.00560493 14 98 14 14 487 513 35 117
-0.00560321 21 0 14 14 487 513 35 117
-0.00560373 21 7 14 14 487 513 35 117
-0.00560617 21 14 14 14 487 513 35 117
-0.00560421 21 21 14 14 487 513 35 117
-0.005604 21 28 14 14 487 513 35 117
-0.00560323 21 35 14 14 487 513 35 117
-0.00560626 21 42 14 14 487 513 35 117
-0.00560579 21 49 14 14 487 513 35 117
-0.00560326 21 56 14 14 487 513 35 117
-0.00560604 21 63 14 14 487 513 35 117
-0.00560638 21 70 14 14 487 513 35 117
-0.00560284 21 77 14 14 487 513 35 117
-0.0056059 21 84 14 14 487 513 35 117
-0.00560608 21 91 14 14 487 513 35 117
-0.00560463 21 98 14 14 487 513 35 117
-0.0055869 0 0 14 14 487 513 35 117
-0.00558891 0 7 14 14 487 513 35 117
-0.00499073 0 14 14 14 487 513 35 117
-0.00558007 0 21 14 14 487 513 35 117
-0.00251126 0 28 14 14 487 513 35 117
-0.00559697 0 35 14 14 487 513 35 117
-0.00560643 0 42 14 14 487 513 35 117
-0.00560611 0 49 14 14 487 513 35 117
-0.00560449 0 56 14 14 487 513 35 117
-0.00560594 0 63 14 14 487 513 35 117
-0.00560641 0 70 14 14 487 513 35 117
-0.0055989 0 77 14 14 487 513 35 117
-0.00495028 0 84 14 14 487 513 35 117
-0.00558903 0 91 14 14 487 513 35 117
-0.00362079 0 98 14 14 487 513 35 117
-0.00560631 7 0 14 14 487 513 35 117
-0.00560604 7 7 14 14 487 513 35 117
-0.00559695 7 14 14 14 487 513 35 117
-0.00559865 7 21 14 14 487 513 35 117
-0.00560453 7 28 14 14 487 513 35 117
-0.00560023 7 35 14 14 487 513 35 117
-0.00560643 7 42 14 14 487 513 35 117
-0.00560585 7 49 14 14 487 513 35 117
-0.00560411 7 56 14 14 487 513 35 117
-0.00560579 7 63 14 14 487 513 35 117
-0.00560643 7 70 14 14 487 513 35 117
-0.00559239 7 77 14 14 487 513 35 117
-0.0056016 7 84 14 14 487 513 35 117
-0.00560558 7 91 14 14 487 513 35 117
-0.00560588 7 98 14 14 487 513 35 117
-0.0056058 14 0 14 14 487 513 35 117
-0.00560639 14 7 14 14 487 513 35 117
-0.00560135 14 14 14 14 487 513 35 117
-0.00560247 14 21 14 14 487 513 35 117
-0.0056045 14 28 14 14 487 513 35 117
-0.00559687 14 35 14 14 487 513 35 117
-0.0056063 14 42 14 14 487 513 35 117
-0.00560612 14 49 14 14 487 513 35 117
-0.00560505 14 56 14 14 487 513 35 117
-0.00560615 14 63 14 14 487 513 35 117
-0.00560631 14 70 14 14 487 513 35 117
-0.00559255 14 77 14 14 487 513 35 117
-0.00560519 14 84 14 14 487 513 35 117
-0.00560628 14 91 14 14 487 513 35 117
-0.0056054 14 98 14 14 487 513 35 117
-0.00560623 21 0 14 14 487 513 35 117
-0.00560633 21 7 14 14 487 513 35 117
-0.00560512 21 14 14 14 487 513 35 117
-0.0056037 21 21 14 14 487 513 35 117
-0.00560255 21 28 14 14 487 513 35 117
-0.00478364 21 35 14 14 487 513 35 117
-0.00560511 21 42 14 14 487 513 35 117
-0.00560623 21 49 14 14 487 513 35 117
-0.00560483 21 56 14 14 487 513 35 117
-0.00560636 21 63 14 14 487 513 35 117
-0.00560443 21 70 14 14 487 513 35 117
-0.0055822 21 77 14 14 487 513 35 117
-0.00560234 21 84 14 14 487 513 35 117
-0.00560586 21 91 14 14 487 513 35 117
-0.00560614 21 98 14 14 487 513 35 117
-0.00314864 0 0 14 14 487 513 35 117
-0.00558863 0 7 14 14 487 513 35 117
-0.00560514 0 14 14 14 487 513 35 117
-0.00560623 0 21 14 14 487 513 35 117
-0.00560553 0 28 14 14 487 513 35 117
-0.00560484 0 35 14 14 487 513 35 117
-0.00560487 0 42 14 14 487 513 35 117
-0.00560455 0 49 14 14 487 513 35 117
-0.00560111 0 56 14 14 487 513 35 117
-0.00560522 0 63 14 14 487 513 35 117
-0.00560616 0 70 14 14 487 513 35 117
-0.00560586 0 77 14 14 487 513 35 117
-0.00560412 0 84 14 14 487 513 35 117
-0.00560617 0 91 14 14 487 513 35 117
-0.00560542 0 98 14 14 487 513 35 117
-0.00560373 7 0 14 14 487 513 35 117
-0.00560209 7 7 14 14 487 513 35 117
-0.00560378 7 14 14 14 487 513 35 117
-0.00560637 7 21 14 14 487 513 35 117
-0.00560569 7 28 14 14 487 513 35 117
-0.00560212 7 35 14 14 487 513 35 117
-0.00560364 7 42 14 14 487 513 35 117
-0.00560053 7 49 14 14 487 513 35 117
-0.00560299 7 56 14 14 487 513 35 117
-0.00560564 7 63 14 14 487 513 35 117
-0.00560603 7 70 14 14 487 513 35 117
-0.0056044 7 77 14 14 487 513 35 117
-0.00560621 7 84 14 14 487 513 35 117
-0.00560594 7 91 14 14 487 513 35 117
-0.00560392 7 98 14 14 487 513 35 117
-0.00560578 14 0 14 14 487 513 35 117
-0.00560608 14 7 14 14 487 513 35 117
-0.0056048 14 14 14 14 487 513 35 117
-0.00560536 14 21 14 14 487 513 35 117
-0.00560616 14 28 14 14 487 513 35 117
-0.00560538 14 35 14 14 487 513 35 117
-0.00560338 14 42 14 14 487 513 35 117
-0.00559857 14 49 14 14 487 513 35 117
-0.00560482 14 56 14 14 487 513 35 117
-0.00560527 14 63 14 14 487 513 35 117
-0.00559756 14 70 14 14 487 513 35 117
-0.00560458 14 77 14 14 487 513 35 117
-0.00560643 14 84 14 14 487 513 35 117
-0.00560549 14 91 14 14 487 513 35 117
-0.00559722 14 98 14 14 487 513 35 117
-0.00560584 21 0 14 14 487 513 35 117
-0.00560603 21 7 14 14 487 513 35 117
-0.00560533 21 14 14 14 487 513 35 117
-0.00560563 21 21 14 14 487 513 35 117
-0.00560622 21 28 14 14 487 513 35 117
-0.00559698 21 35 14 14 487 513 35 117
-0.0056042 21 42 14 14 487 513 35 117
-0.00560209 21 49 14 14 487 513 35 117
-0.00560489 21 56 14 14 487 513 35 117
-0.00560356 21 63 14 14 487 513 35 117
-0.00396488 21 70 14 14 487 513 35 117
-0.00559796 21 77 14 14 487 513 35 117
-0.00560584 21 84 14 14 487 513 35 117
-0.00560502 21 91 14 14 487 513 35 117
-0.00560039 21 98 14 14 487 513 35 117
-0.00559102 0 0 14 14 487 513 35 117
-0.00560422 0 7 14 14 487 513 35 117
-0.00560631 0 14 14 14 487 513 35 117
-0.00560553 0 21 14 14 487 513 35 117
-0.00560231 0 28 14 14 487 513 35 117
-0.00560487 0 35 14 14 487 513 35 117
-0.00560557 0 42 14 14 487 513 35 117
-0.0056056 0 49 14 14 487 513 35 117
-0.00560472 0 56 14 14 487 513 35 117
-0.00560013 0 63 14 14 487 513 35 117
-0.00560414 0 70 14 14 487 513 35 117
-0.00560298 0 77 14 14 487 513 35 117
-0.00560319 0 84 14 14 487 513 35 117
-0.00560517 0 91 14 14 487 513 35 117
-0.00560367 0 98 14 14 487 513 35 117
-0.00557993 7 0 14 14 487 513 35 117
-0.00448038 7 7 14 14 487 513 35 117
-0.00560624 7 14 14 14 487 513 35 117
-0.00560604 7 21 14 14 487 513 35 117
-0.00560483 7 28 14 14 487 513 35 117
-0.00560498 7 35 14 14 487 513 35 117
-0.00560576 7 42 14 14 487 513 35 117
-0.00560084 7 49 14 14 487 513 35 117
-0.00560539 7 56 14 14 487 513 35 117
-0.00560591 7 63 14 14 487 513 35 117
-0.00560289 7 70 14 14 487 513 35 117
-0.00559191 7 77 14 14 487 513 35 117
-0.00558925 7 84 14 14 487 513 35 117
-0.00560295 7 91 14 14 487 513 35 117
-0.00560167 7 98 14 14 487 513 35 117
-0.00560496 14 0 14 14 487 513 35 117
-0.00560403 14 7 14 14 487 513 35 117
-0.00560506 14 14 14 14 487 513 35 117
-0.00560481 14 21 14 14 487 513 35 117
-0.00560407 14 28 14 14 487 513 35 117
-0.00560201 14 35 14 14 487 513 35 117
-0.00557713 14 42 14 14 487 513 35 117
-0.00559235 14 49 14 14 487 513 35 117
-0.0056057 14 56 14 14 487 513 35 117
-0.0056051 14 63 14 14 487 513 35 117
-0.00559656 14 70 14 14 487 513 35 117
-0.00559718 14 77 14 14 487 513 35 117
-0.00559397 14 84 14 14 487 513 35 117
-0.00558319 14 91 14 14 487 513 35 117
-0.0056003 14 98 14 14 487 513 35 117
-0.00560535 21 0 14 14 487 513 35 117
-0.00560579 21 7 14 14 487 513 35 117
-0.00560561 21 14 14 14 487 513 35 117
-0.00560572 21 21 14 14 487 513 35 117
-0.00560544 21 28 14 14 487 513 35 117
-0.00560381 21 35 14 14 487 513 35 117
-0.00559255 21 42 14 14 487 513 35 117
-0.00559817 21 49 14 14 487 513 35 117
-0.00559989 21 56 14 14 487 513 35 117
-0.0056017 21 63 14 14 487 513 35 117
-0.00560521 21 70 14 14 487 513 35 117
-0.00560592 21 77 14 14 487 513 35 117
-0.00560546 21 84 14 14 487 513 35 117
-0.00560417 21 91 14 14 487 513 35 117
-0.00560208 21 98 14 14 487 513 35 117
-0.00560324 0 0 17 21 487 513 35 117
-0.00558788 0 10 17 21 487 513 35 117
-0.0042953 0 20 17 21 487 513 35 117
-0.00558 0 30 17 21 487 513 35 117
-0.00559004 0 40 17 21 487 513 35 117
-0.0055814 0 50 17 21 487 513 35 117
-0.00559754 0 60 17 21 487 513 35 117
-0.0055982 0 70 17 21 487 513 35 117
-0.00560056 0 80 17 21 487 513 35 117
-0.00559911 0 90 17 21 487 513 35 117
-0.00560282 8 0 17 21 487 513 35 117
-0.00560473 8 10 17 21 487 513 35 117
-0.00560391 8 20 17 21 487 513 35 117
-0.00558996 8 30 17 21 487 513 35 117
-0.00559673 8 40 17 21 487 513 35 117
-0.00559106 8 50 17 21 487 513 35 117
-0.00559184 8 60 17 21 487 513 35 117
-0.00559647 8 70 17 21 487 513 35 117
-0.00560102 8 80 17 21 487 513 35 117
-0.00559489 8 90 17 21 487 513 35 117
-0.00558896 16 0 17 21 487 513 35 117
-0.00559311 16 10 17 21 487 513 35 117
-0.00331195 16 20 17 21 487 513 35 117
-0.00558531 16 30 17 21 487 513 35 117
-0.00560474 16 40 17 21 487 513 35 117
-0.00558897 16 50 17 21 487 513 35 117
-0.00560243 16 60 17 21 487 513 35 117
-0.00560148 16 70 17 21 487 513 35 117
-0.00560314 16 80 17 21 487 513 35 117
-0.00559664 16 90 17 21 487 513 35 117
-0.00560539 0 0 17 21 487 513 35 117
-0.00560193 0 10 17 21 487 513 35 117
-0.00559725 0 20 17 21 487 513 35 117
-0.00560152 0 30 17 21 487 513 35 117
-0.0055973 0 40 17 21 487 513 35 117
-0.00559501 0 50 17 21 487 513 35 117
-0.00560118 0 60 17 21 487 513 35 117
-0.0056045 0 70 17 21 487 513 35 117
-0.00560031 0 80 17 21 487 513 35 117
-0.00560207 0 90 17 21 487 513 35 117
-0.00560366 8 0 17 21 487 513 35 117
-0.00557839 8 10 17 21 487 513 35 117
-0.00558891 8 20 17 21 487 513 35 117
-0.00559994 8 30 17 21 487 513 35 117
-0.0055888 8 40 17 21 487 513 35 117
-0.0028512 8 50 17 21 487 513 35 117
-0.00341858 8 60 17 21 487 513 35 117
-0.00559582 8 70 17 21 487 513 35 117
-0.00560062 8 80 17 21 487 513 35 117
-0.00560125 8 90 17 21 487 513 35 117
-0.00560123 16 0 17 21 487 513 35 117
-0.00558718 16 10 17 21 487 513 35 117
-0.00559351 16 20 17 21 487 513 35 117
-0.00558859 16 30 17 21 487 513 35 117
-0.00557574 16 40 17 21 487 513 35 117
-0.00559731 16 50 17 21 487 513 35 117
-0.00559741 16 60 17 21 487 513 35 117
-0.00559005 16 70 17 21 487 513 35 117
-0.00523196 16 80 17 21 487 513 35 117
-0.00559678 16 90 17 21 487 513 35 117
-0.00560627 0 0 17 21 487 513 35 117
-0.00560486 0 10 17 21 487 513 35 117
-0.00560153 0 20 17 21 487 513 35 117
-0.00559573 0 30 17 21 487 513 35 117
-0.00546234 0 40 17 21 487 513 35 117
-0.00559933 0 50 17 21 487 513 35 117
-0.00560206 0 60 17 21 487 513 35 117
-0.0055926 0 70 17 21 487 513 35 117
-0.00559838 0 80 17 21 487 513 35 117
-0.00560412 0 90 17 21 487 513 35 117
-0.00560617 8 0 17 21 487 513 35 117
-0.0056059 8 10 17 21 487 513 35 117
-0.00560431 8 20 17 21 487 513 35 117
-0.0056014 8 30 17 21 487 513 35 117
-0.00386809 8 40 17 21 487 513 35 117
-0.00559639 8 50 17 21 487 513 35 117
-0.00560145 8 60 17 21 487 513 35 117
-0.00557992 8 70 17 21 487 513 35 117
-0.00559605 8 80 17 21 487 513 35 117
-0.00560426 8 90 17 21 487 513 35 117
-0.00560373 16 0 17 21 487 513 35 117
-0.00560625 16 10 17 21 487 513 35 117
-0.00560506 16 20 17 21 487 513 35 117
-0.00560211 16 30 17 21 487 513 35 117
-0.00558249 16 40 17 21 487 513 35 117
-0.00560202 16 50 17 21 487 513 35 117
-0.00560446 16 60 17 21 487 513 35 117
-0.00560004 16 70 17 21 487 513 35 117
-0.00560198 16 80 17 21 487 513 35 117
-0.00560554 16 90 17 21 487 513 35 117
-0.00559953 0 0 17 21 487 513 35 117
-0.00560484 0 10 17 21 487 513 35 117
-0.00560142 0 20 17 21 487 513 35 117
-0.00560574 0 30 17 21 487 513 35 117
-0.00560654 0 40 17 21 487 513 35 117
-0.00560652 0 50 17 21 487 513 35 117
-0.00560537 0 60 17 21 487 513 35 117
-0.00557936 0 70 17 21 487 513 35 117
-0.00559194 0 80 17 21 487 513 35 117
-0.00560452 0 90 17 21 487 513 35 117
-0.00559785 8 0 17 21 487 513 35 117
-0.00560445 8 10 17 21 487 513 35 117
-0.00560392 8 20 17 21 487 513 35 117
-0.00560281 8 30 17 21 487 513 35 117
-0.00560568 8 40 17 21 487 513 35 117
-0.00560612 8 50 17 21 487 513 35 117
-0.00560539 8 60 17 21 487 513 35 117
-0.00557815 8 70 17 21 487 513 35 117
-0.00486765 8 80 17 21 487 513 35 117
-0.00560312 8 90 17 21 487 513 35 117
-0.00558462 16 0 17 21 487 513 35 117
-0.00560427 16 10 17 21 487 513 35 117
-0.00560393 16 20 17 21 487 513 35 117
-0.00559479 16 30 17 21 487 513 35 117
-0.00560354 16 40 17 21 487 513 35 117
-0.00559243 16 50 17 21 487 513 35 117
-0.00560111 16 60 17 21 487 513 35 117
-0.00559112 16 70 17 21 487 513 35 117
-0.00560193 16 80 17 21 487 513 35 117
-0.00560577 16 90 17 21 487 513 35 117
-0.00560579 0 0 17 21 487 513 35 117
-0.00560188 0 10 17 21 487 513 35 117
-0.00559967 0 20 17 21 487 513 35 117
-0.00560467 0 30 17 21 487 513 35 117
-0.00559912 0 40 17 21 487 513 35 117
-0.00559318 0 50 17 21 487 513 35 117
-0.00560424 0 60 17 21 487 513 35 117
-0.00560254 0 70 17 21 487 513 35 117
-0.00558696 0 80 17 21 487 513 35 117
-0.00559791 0 90 17 21 487 513 35 117
-0.00560579 8 0 17 21 487 513 35 117
-0.00560616 8 10 17 21 487 513 35 117
-0.00560623 8 20 17 21 487 513 35 117
-0.00560414 8 30 17 21 487 513 35 117
-0.00424985 8 40 17 21 487 513 35 117
-0.00560442 8 50 17 21 487 513 35 117
-0.00560568 8 60 17 21 487 513 35 117
-0.00560303 8 70 17 21 487 513 35 117
-0.00559342 8 80 17 21 487 513 35 117
-0.00559934 8 90 17 21 487 513 35 117
-0.00560326 16 0 17 21 487 513 35 117
-0.00560182 16 10 17 21 487 513 35 117
-0.00559069 16 20 17 21 487 513 35 117
-0.00559754 16 30 17 21 487 513 35 117
-0.00558809 16 40 17 21 487 513 35 117
-0.00560196 16 50 17 21 487 513 35 117
-0.00560359 16 60 17 21 487 513 35 117
-0.00559549 16 70 17 21 487 513 35 117
-0.00558723 16 80 17 21 487 513 35 117
-0.00559772 16 90 17 21 487 513 35 117
-0.00559914 0 0 17 21 487 513 35 117
-0.00559962 0 10 17 21 487 513 35 117
-0.00560328 0 20 17 21 487 513 35 117
-0.00560271 0 30 17 21 487 513 35 117
-0.00560109 0 40 17 21 487 513 35 117
-0.00560471 0 50 17 21 487 513 35 117
-0.00559928 0 60 17 21 487 513 35 117
-0.00559669 0 70 17 21 487 513 35 117
-0.00560402 0 80 17 21 487 513 35 117
-0.00559517 0 90 17 21 487 513 35 117
-0.00560212 8 0 17 21 487 513 35 117
-0.00560477 8 10 17 21 487 513 35 117
-0.00559664 8 20 17 21 487 513 35 117
-0.00559044 8 30 17 21 487 513 35 117
-0.00559824 8 40 17 21 487 513 35 117
-0.00560467 8 50 17 21 487 513 35 117
-0.00560499 8 60 17 21 487 513 35 117
-0.00560325 8 70 17 21 487 513 35 117
-0.00560538 8 80 17 21 487 513 35 117
-0.00559751 8 90 17 21 487 513 35 117
-0.00560172 16 0 17 21 487 513 35 117
-0.00558519 16 10 17 21 487 513 35 117
-0.00559014 16 20 17 21 487 513 35 117
-0.00559531 16 30 17 21 487 513 35 117
-0.00560527 16 40 17 21 487 513 35 117
-0.0055898 16 50 17 21 487 513 35 117
-0.00560534 16 60 17 21 487 513 35 117
-0.00560585 16 70 17 21 487 513 35 117
-0.00560586 16 80 17 21 487 513 35 117
-0.00560194 16 90 17 21 487 513 35 117
-0.00560342 0 0 17 21 487 513 35 117
-0.0056033 0 10 17 21 487 513 35 117
-0.0055951 0 20 17 21 487 513 35 117
-0.00557498 0 30 17 21 487 513 35 117
-0.00558851 0 40 17 21 487 513 35 117
-0.00559975 0 50 17 21 487 513 35 117
-0.00560043 0 60 17 21 487 513 35 117
-0.00560337 0 70 17 21 487 513 35 117
-0.00558611 0 80 17 21 487 513 35 117
-0.0055901 0 90 17 21 487 513 35 117
-0.00560568 8 0 17 21 487 513 35 117
-0.00560516 8 10 17 21 487 513 35 117
-0.00560252 8 20 17 21 487 513 35 117
-0.00558918 8 30 17 21 487 513 35 117
-0.00560487 8 40 17 21 487 513 35 117
-0.00560365 8 50 17 21 487 513 35 117
-0.00560521 8 60 17 21 487 513 35 117
-0.00560482 8 70 17 21 487 513 35 117
-0.00560469 8 80 17 21 487 513 35 117
-0.0056058 8 90 17 21 487 513 35 117
-0.00560585 16 0 17 21 487 513 35 117
-0.00560434 16 10 17 21 487 513 35 117
-0.00559767 16 20 17 21 487 513 35 117
-0.0056016 16 30 17 21 487 513 35 117
-0.00560592 16 40 17 21 487 513 35 117
-0.00560173 16 50 17 21 487 513 35 117
-0.00560576 16 60 17 21 487 513 35 117
-0.00560577 16 70 17 21 487 513 35 117
-0.00560606 16 80 17 21 487 513 35 117
-0.00560568 16 90 17 21 487 513 35 117
-0.00553698 0 0 17 21 487 513 35 117
-0.00347092 0 10 17 21 487 513 35 117
-0.00558864 0 20 17 21 487 513 35 117
-0.00560406 0 30 17 21 487 513 35 117
-0.00560634 0 40 17 21 487 513 35 117
-0.00560158 0 50 17 21 487 513 35 117
-0.00560567 0 60 17 21 487 513 35 117
-0.00560617 0 70 17 21 487 513 35 117
-0.00557757 0 80 17 21 487 513 35 117
-0.00558979 0 90 17 21 487 513 35 117
-0.00560619 8 0 17 21 487 513 35 117
-0.00560518 8 10 17 21 487 513 35 117
-0.00560245 8 20 17 21 487 513 35 117
-0.00560431 8 30 17 21 487 513 35 117
-0.00560622 8 40 17 21 487 513 35 117
-0.00559982 8 50 17 21 487 513 35 117
-0.00560573 8 60 17 21 487 513 35 117
-0.0056063 8 70 17 21 487 513 35 117
-0.00560413 8 80 17 21 487 513 35 117
-0.00560608 8 90 17 21 487 513 35 117
-0.00560591 16 0 17 21 487 513 35 117
-0.00560391 16 10 17 21 487 513 35 117
-0.00560016 16 20 17 21 487 513 35 117
-0.00560052 16 30 17 21 487 513 35 117
-0.00560623 16 40 17 21 487 513 35 117
-0.00560098 16 50 17 21 487 513 35 117
-0.0056062 16 60 17 21 487 513 35 117
-0.0056049 16 70 17 21 487 513 35 117
-0.00560497 16 80 17 21 487 513 35 117
-0.00560616 16 90 17 21 487 513 35 117
-0.00559256 0 0 17 21 487 513 35 117
-0.00560555 0 10 17 21 487 513 35 117
-0.00560578 0 20 17 21 487 513 35 117
-0.0055964 0 30 17 21 487 513 35 117
-0.00559503 0 40 17 21 487 513 35 117
-0.00557528 0 50 17 21 487 513 35 117
-0.00560496 0 60 17 21 487 513 35 117
-0.00560624 0 70 17 21 487 513 35 117
-0.00560585 0 80 17 21 487 513 35 117
-0.0056055 0 90 17 21 487 513 35 117
-0.00560376 8 0 17 21 487 513 35 117
-0.00560365 8 10 17 21 487 513 35 117
-0.00560603 8 20 17 21 487 513 35 117
-0.00559258 8 30 17 21 487 513 35 117
-0.00559213 8 40 17 21 487 513 35 117
-0.00559854 8 50 17 21 487 513 35 117
-0.00560569 8 60 17 21 487 513 35 117
-0.00560453 8 70 17 21 487 513 35 117
-0.00560622 8 80 17 21 487 513 35 117
-0.00560494 8 90 17 21 487 513 35 117
-0.00559706 16 0 17 21 487 513 35 117
-0.00560118 16 10 17 21 487 513 35 117
-0.00560364 16 20 17 21 487 513 35 117
-0.00560428 16 30 17 21 487 513 35 117
-0.00560113 16 40 17 21 487 513 35 117
-0.00559685 16 50 17 21 487 513 35 117
-0.00560449 16 60 17 21 487 513 35 117
-0.00559738 16 70 17 21 487 513 35 117
-0.00560604 16 80 17 21 487 513 35 117
-0.00560406 16 90 17 21 487 513 35 117
-0.0056005 0 0 17 21 487 513 35 117
-0.00560623 0 10 17 21 487 513 35 117
-0.00560332 0 20 17 21 487 513 35 117
-0.00559604 0 30 17 21 487 513 35 117
-0.00560448 0 40 17 21 487 513 35 117
-0.00560359 0 50 17 21 487 513 35 117
-0.00558037 0 60 17 21 487 513 35 117
-0.00560155 0 70 17 21 487 513 35 117
-0.00560178 0 80 17 21 487 513 35 117
-0.00560216 0 90 17 21 487 513 35 117
-0.0055811 8 0 17 21 487 513 35 117
-0.00560597 8 10 17 21 487 513 35 117
-0.00560573 8 20 17 21 487 513 35 117
-0.0056041 8 30 17 21 487 513 35 117
-0.00560545 8 40 17 21 487 513 35 117
-0.00560498 8 50 17 21 487 513 35 117
-0.0056037 8 60 17 21 487 513 35 117
-0.00559097 8 70 17 21 487 513 35 117
-0.00559475 8 80 17 21 487 513 35 117
-0.00559446 8 90 17 21 487 513 35 117
-0.00560254 16 0 17 21 487 513 35 117
-0.0056041 16 10 17 21 487 513 35 117
-0.00559984 16 20 17 21 487 513 35 117
-0.00560301 16 30 17 21 487 513 35 117
-0.00560195 16 40 17 21 487 513 35 117
-0.00560284 16 50 17 21 487 513 35 117
-0.00559228 16 60 17 21 487 513 35 117
-0.00559348 16 70 17 21 487 513 35 117
-0.00559905 16 80 17 21 487 513 35 117
-0.00559871 16 90 17 21 487 513 35 117
-0.00559178 0 0 23 29 487 513 35 117
-0.00356991 0 14 23 29 487 513 35 117
-0.00410888 0 28 23 29 487 513 35 117
-0.00320375 0 42 23 29 487 513 35 117
-0.003258 0 56 23 29 487 513 35 117
-0.00559147 0 70 23 29 487 513 35 117
-0.00559788 0 84 23 29 487 513 35 117
-0.0055906 11 0 23 29 487 513 35 117
-0.00438867 11 14 23 29 487 513 35 117
-0.00560168 11 28 23 29 487 513 35 117
-0.00469904 11 42 23 29 487 513 35 117
-0.00558288 11 56 23 29 487 513 35 117
-0.00559576 11 70 23 29 487 513 35 117
-0.00559689 11 84 23 29 487 513 35 117
-0.00560201 0 0 23 29 487 513 35 117
-0.00557867 0 14 23 29 487 513 35 117
-0.00559499 0 28 23 29 487 513 35 117
-0.00452481 0 42 23 29 487 513 35 117
-0.00558511 0 56 23 29 487 513 35 117
-0.00560159 0 70 23 29 487 513 35 117
-0.00560081 0 84 23 29 487 513 35 117
-0.00559739 11 0 23 29 487 513 35 117
-0.00538724 11 14 23 29 487 513 35 117
-0.00559027 11 28 23 29 487 513 35 117
-0.00557611 11 42 23 29 487 513 35 117
-0.00558855 11 56 23 29 487 513 35 117
-0.00519207 11 70 23 29 487 513 35 117
-0.00406128 11 84 23 29 487 513 35 117
-0.00560563 0 0 23 29 487 513 35 117
-0.00560352 0 14 23 29 487 513 35 117
-0.00559104 0 28 23 29 487 513 35 117
-0.005581 0 42 23 29 487 513 35 117
-0.00560048 0 56 23 29 487 513 35 117
-0.00558884 0 70 23 29 487 513 35 117
-0.00560266 0 84 23 29 487 513 35 117
-0.00560579 11 0 23 29 487 513 35 117
-0.0056048 11 14 23 29 487 513 35 117
-0.00559593 11 28 23 29 487 513 35 117
-0.00558858 11 42 23 29 487 513 35 117
-0.00560249 11 56 23 29 487 513 35 117
-0.00559591 11 70 23 29 487 513 35 117
-0.00560385 11 84 23 29 487 513 35 117
-0.00559802 0 0 23 29 487 513 35 117
-0.00559744 0 14 23 29 487 513 35 117
-0.0056048 0 28 23 29 487 513 35 117
-0.00560377 0 42 23 29 487 513 35 117
-0.00560515 0 56 23 29 487 513 35 117
-0.00352087 0 70 23 29 487 513 35 117
-0.00560095 0 84 23 29 487 513 35 117
-0.00542501 11 0 23 29 487 513 35 117
-0.00559917 11 14 23 29 487 513 35 117
-0.0055808 11 28 23 29 487 513 35 117
-0.00558974 11 42 23 29 487 513 35 117
-0.00560164 11 56 23 29 487 513 35 117
-0.00559024 11 70 23 29 487 513 35 117
-0.00560415 11 84 23 29 487 513 35 117
-0.00560444 0 0 23 29 487 513 35 117
-0.00420366 0 14 23 29 487 513 35 117
-0.0056042 0 28 23 29 487 513 35 117
-0.0055985 0 42 23 29 487 513 35 117
-0.00560421 0 56 23 29 487 513 35 117
-0.00559896 0 70 23 29 487 513 35 117
-0.0055943 0 84 23 29 487 513 35 117
-0.00559213 11 0 23 29 487 513 35 117
-0.00559219 11 14 23 29 487 513 35 117
-0.00558835 11 28 23 29 487 513 35 117
-0.00558748 11 42 23 29 487 513 35 117
-0.00560296 11 56 23 29 487 513 35 117
-0.00558691 11 70 23 29 487 513 35 117
-0.00559139 11 84 23 29 487 513 35 117
-0.00558545 0 0 23 29 487 513 35 117
-0.00558756 0 14 23 29 487 513 35 117
-0.00559762 0 28 23 29 487 513 35 117
-0.00560141 0 42 23 29 487 513 35 117
-0.00560046 0 56 23 29 487 513 35 117
-0.0056039 0 70 23 29 487 513 35 117
-0.00559597 0 84 23 29 487 513 35 117
-0.0055956 11 0 23 29 487 513 35 117
-0.0056031 11 14 23 29 487 513 35 117
-0.00560011 11 28 23 29 487 513 35 117
-0.00558499 11 42 23 29 487 513 35 117
-0.0056016 11 56 23 29 487 513 35 117
-0.00560388 11 70 23 29 487 513 35 117
-0.00560166 11 84 23 29 487 513 35 117
-0.00560368 0 0 23 29 487 513 35 117
-0.0046561 0 14 23 29 487 513 35 117
-0.00559227 0 28 23 29 487 513 35 117
-0.00559922 0 42 23 29 487 513 35 117
-0.00559611 0 56 23 29 487 513 35 117
-0.00559687 0 70 23 29 487 513 35 117
-0.00560541 0 84 23 29 487 513 35 117
-0.00559778 11 0 23 29 487 513 35 117
-0.00558949 11 14 23 29 487 513 35 117
-0.00560318 11 28 23 29 487 513 35 117
-0.00560015 11 42 23 29 487 513 35 117
-0.00560334 11 56 23 29 487 513 35 117
-0.00560391 11 70 23 29 487 513 35 117
-0.00560588 11 84 23 29 487 513 35 117
-0.00560591 0 0 23 29 487 513 35 117
-0.00531047 0 14 23 29 487 513 35 117
-0.00560644 0 28 23 29 487 513 35 117
-0.00559908 0 42 23 29 487 513 35 117
-0.00560371 0 56 23 29 487 513 35 117
-0.0056054 0 70 23 29 487 513 35 117
-0.0056051 0 84 23 29 487 513 35 117
-0.00560549 11 0 23 29 487 513 35 117
-0.00559599 11 14 23 29 487 513 35 117
-0.0056062 11 28 23 29 487 513 35 117
-0.0056 11 42 23 29 487 513 35 117
-0.00560454 11 56 23 29 487 513 35 117
-0.0056045 11 70 23 29 487 513 35 117
-0.00560599 11 84 23 29 487 513 35 117
-0.00559744 0 0 23 29 487 513 35 117
-0.00560508 0 14 23 29 487 513 35 117
-0.0056022 0 28 23 29 487 513 35 117
-0.00557859 0 42 23 29 487 513 35 117
-0.00560347 0 56 23 29 487 513 35 117
-0.00560431 0 70 23 29 487 513 35 117
-0.00560463 0 84 23 29 487 513 35 117
-0.00560185 11 0 23 29 487 513 35 117
-0.00560191 11 14 23 29 487 513 35 117
-0.0055976 11 28 23 29 487 513 35 117
-0.00560106 11 42 23 29 487 513 35 117
-0.00560466 11 56 23 29 487 513 35 117
-0.00560329 11 70 23 29 487 513 35 117
-0.00560401 11 84 23 29 487 513 35 117
-0.00560608 0 0 23 29 487 513 35 117
-0.0056011 0 14 23 29 487 513 35 117
-0.00557595 0 28 23 29 487 513 35 117
-0.00559866 0 42 23 29 487 513 35 117
-0.0048258 0 56 23 29 487 513 35 117
-0.00559016 0 70 23 29 487 513 35 117
-0.0055924 0 84 23 29 487 513 35 117
-0.00560273 11 0 23 29 487 513 35 117
-0.00560396 11 14 23 29 487 513 35 117
-0.00559521 11 28 23 29 487 513 35 117
-0.00558878 11 42 23 29 487 513 35 117
-0.00511178 11 56 23 29 487 513 35 117
-0.00559411 11 70 23 29 487 513 35 117
-0.00560033 11 84 23 29 487 513 35 117
-0.00297133 0 0 35 46 487 513 35 117
-0.00336559 0 23 35 46 487 513 35 117
-0.00203299 0 46 35 46 487 513 35 117
-0.00204839 0 69 35 46 487 513 35 117
-0.00534905 0 0 35 46 487 513 35 117
-0.00549953 0 23 35 46 487 513 35 117
-0.00558065 0 46 35 46 487 513 35 117
-0.0055814 0 69 35 46 487 513 35 117
-0.00560332 0 0 35 46 487 513 35 117
-0.00332013 0 23 35 46 487 513 35 117
-0.00559323 0 46 35 46 487 513 35 117
-0.00560016 0 69 35 46 487 513 35 117
-0.00227242 0 0 35 46 487 513 35 117
-0.00209484 0 23 35 46 487 513 35 117
-0.005577 0 46 35 46 487 513 35 117
-0.00558512 0 69 35 46 487 513 35 117
-0.00515191 0 0 35 46 487 513 35 117
-0.00558668 0 23 35 46 487 513 35 117
-0.00559077 0 46 35 46 487 513 35 117
-0.00272274 0 69 35 46 487 513 35 117
-0.00490912 0 0 35 46 487 513 35 117
-0.0050308 0 23 35 46 487 513 35 117
-0.00367046 0 46 35 46 487 513 35 117
-0.00474155 0 69 35 46 487 513 35 117
-0.00558728 0 0 35 46 487 513 35 117
-0.00559927 0 23 35 46 487 513 35 117
-0.00401344 0 46 35 46 487 513 35 117
-0.00560255 0 69 35 46 487 513 35 117
-0.00560142 0 0 35 46 487 513 35 117
-0.00560347 0 23 35 46 487 513 35 117
-0.00265585 0 46 35 46 487 513 35 117
-0.0056024 0 69 35 46 487 513 35 117
-0.00558095 0 0 35 46 487 513 35 117
-0.00258528 0 23 35 46 487 513 35 117
-0.00559385 0 46 35 46 487 513 35 117
-0.00558127 0 69 35 46 487 513 35 117
-0.00558525 0 0 35 46 487 513 35 117
-0.00558957 0 23 35 46 487 513 35 117
-0.00212065 0 46 35 46 487 513 35 117
-0.00381936 0 69 35 46 487 513 35 117
-0.00255891 0 0 35 78 487 513 35 117
-0.00205836 0 39 35 78 487 513 35 117
-0.00376978 0 0 35 78 487 513 35 117
-0.00558192 0 39 35 78 487 513 35 117
-0.00303048 0 0 35 78 487 513 35 117
-0.00558485 0 39 35 78 487 513 35 117
-0.0029112 0 0 35 78 487 513 35 117
-0.00558143 0 39 35 78 487 513 35 117
-0.00557713 0 0 35 78 487 513 35 117
-0.00209293 0 39 35 78 487 513 35 117
-0.00229784 0 0 35 78 487 513 35 117
-0.00244296 0 39 35 78 487 513 35 117
-0.00461255 0 0 35 78 487 513 35 117
-0.00560158 0 39 35 78 487 513 35 117
-0.00527151 0 0 35 78 487 513 35 117
-0.00559704 0 39 35 78 487 513 35 117
-0.00237121 0 0 35 78 487 513 35 117
-0.00216033 0 39 35 78 487 513 35 117
-0.00371934 0 0 35 78 487 513 35 117
-0.00349704 0 39 35 78 487 513 35 117
