-0.00302804 0 0 19 20 186 17 88 93
-0.00302729 0 10 19 20 186 17 88 93
-0.00302459 0 20 19 20 186 17 88 93
-0.00302071 0 30 19 20 186 17 88 93
-0.00302009 0 40 19 20 186 17 88 93
-0.00301955 0 50 19 20 186 17 88 93
-0.00302468 0 60 19 20 186 17 88 93
-0.00302228 0 70 19 20 186 17 88 93
-0.00302784 9 0 19 20 186 17 88 93
-0.00302424 9 10 19 20 186 17 88 93
-0.00302498 9 20 19 20 186 17 88 93
-0.00302711 9 30 19 20 186 17 88 93
-0.00302404 9 40 19 20 186 17 88 93
-0.00302123 9 50 19 20 186 17 88 93
-0.00302027 9 60 19 20 186 17 88 93
-0.00302408 9 70 19 20 186 17 88 93
-0.00302757 18 0 19 20 186 17 88 93
-0.00302441 18 10 19 20 186 17 88 93
-0.00302693 18 20 19 20 186 17 88 93
-0.0030268 18 30 19 20 186 17 88 93
-0.00302777 18 40 19 20 186 17 88 93
-0.0030252 18 50 19 20 186 17 88 93
-0.00302033 18 60 19 20 186 17 88 93
-0.00302597 18 70 19 20 186 17 88 93
-0.00302705 27 0 19 20 186 17 88 93
-0.00302592 27 10 19 20 186 17 88 93
-0.00302723 27 20 19 20 186 17 88 93
-0.00302633 27 30 19 20 186 17 88 93
-0.00302747 27 40 19 20 186 17 88 93
-0.00302824 27 50 19 20 186 17 88 93
-0.00302711 27 60 19 20 186 17 88 93
-0.00302676 27 70 19 20 186 17 88 93
-0.00302503 36 0 19 20 186 17 88 93
-0.00302642 36 10 19 20 186 17 88 93
-0.00302738 36 20 19 20 186 17 88 93
-0.0030243 36 30 19 20 186 17 88 93
-0.00302463 36 40 19 20 186 17 88 93
-0.0030277 36 50 19 20 186 17 88 93
-0.00302771 36 60 19 20 186 17 88 93
-0.00302596 36 70 19 20 186 17 88 93
-0.00302688 45 0 19 20 186 17 88 93
-0.00302719 45 10 19 20 186 17 88 93
-0.00302565 45 20 19 20 186 17 88 93
-0.00301978 45 30 19 20 186 17 88 93
-0.00302699 45 40 19 20 186 17 88 93
-0.00302815 45 50 19 20 186 17 88 93
-0.003027 45 60 19 20 186 17 88 93
-0.00302609 45 70 19 20 186 17 88 93
-0.00302675 54 0 19 20 186 17 88 93
-0.00302714 54 10 19 20 186 17 88 93
-0.00302667 54 20 19 20 186 17 88 93
-0.00302593 54 30 19 20 186 17 88 93
-0.00302737 54 40 19 20 186 17 88 93
-0.00302516 54 50 19 20 186 17 88 93
-0.00302574 54 60 19 20 186 17 88 93
-0.00302585 54 70 19 20 186 17 88 93
-0.00302759 63 0 19 20 186 17 88 93
-0.00302753 63 10 19 20 186 17 88 93
-0.00302618 63 20 19 20 186 17 88 93
-0.00302253 63 30 19 20 186 17 88 93
-0.00302663 63 40 19 20 186 17 88 93
-0.00302656 63 50 19 20 186 17 88 93
-0.00302775 63 60 19 20 186 17 88 93
-0.00302777 63 70 19 20 186 17 88 93
-0.00302524 0 0 19 20 186 17 88 93
-0.00302623 0 10 19 20 186 17 88 93
-0.00302693 0 20 19 20 186 17 88 93
-0.00301088 0 30 19 20 186 17 88 93
-0.00302623 0 40 19 20 186 17 88 93
-0.00302258 0 50 19 20 186 17 88 93
-0.00302409 0 60 19 20 186 17 88 93
-0.00291533 0 70 19 20 186 17 88 93
-0.00302652 9 0 19 20 186 17 88 93
-0.00302444 9 10 19 20 186 17 88 93
-0.003025 9 20 19 20 186 17 88 93
-0.00302574 9 30 19 20 186 17 88 93
-0.00301914 9 40 19 20 186 17 88 93
-0.00301612 9 50 19 20 186 17 88 93
-0.00302258 9 60 19 20 186 17 88 93
-0.00287683 9 70 19 20 186 17 88 93
-0.0030273 18 0 19 20 186 17 88 93
-0.00302515 18 10 19 20 186 17 88 93
-0.00302119 18 20 19 20 186 17 88 93
-0.00302491 18 30 19 20 186 17 88 93
-0.00301899 18 40 19 20 186 17 88 93
-0.00302141 18 50 19 20 186 17 88 93
-0.00301224 18 60 19 20 186 17 88 93
-0.00217602 18 70 19 20 186 17 88 93
-0.00302395 27 0 19 20 186 17 88 93
-0.00302691 27 10 19 20 186 17 88 93
-0.00302349 27 20 19 20 186 17 88 93
-0.00302443 27 30 19 20 186 17 88 93
-0.00302586 27 40 19 20 186 17 88 93
-0.00302034 27 50 19 20 186 17 88 93
-0.00301073 27 60 19 20 186 17 88 93
-0.00302073 27 70 19 20 186 17 88 93
-0.00302593 36 0 19 20 186 17 88 93
-0.00302581 36 10 19 20 186 17 88 93
-0.00302076 36 20 19 20 186 17 88 93
-0.00302568 36 30 19 20 186 17 88 93
-0.00302666 36 40 19 20 186 17 88 93
-0.00302394 36 50 19 20 186 17 88 93
-0.0030261 36 60 19 20 186 17 88 93
-0.00302285 36 70 19 20 186 17 88 93
-0.00300955 45 0 19 20 186 17 88 93
-0.00301199 45 10 19 20 186 17 88 93
-0.00301791 45 20 19 20 186 17 88 93
-0.00302361 45 30 19 20 186 17 88 93
-0.00302697 45 40 19 20 186 17 88 93
-0.00302149 45 50 19 20 186 17 88 93
-0.00302646 45 60 19 20 186 17 88 93
-0.00302559 45 70 19 20 186 17 88 93
-0.0030175 54 0 19 20 186 17 88 93
-0.00172126 54 10 19 20 186 17 88 93
-0.00301881 54 20 19 20 186 17 88 93
-0.00301438 54 30 19 20 186 17 88 93
-0.00302692 54 40 19 20 186 17 88 93
-0.00302602 54 50 19 20 186 17 88 93
-0.0030253 54 60 19 20 186 17 88 93
-0.00302771 54 70 19 20 186 17 88 93
-0.00301784 63 0 19 20 186 17 88 93
-0.00301174 63 10 19 20 186 17 88 93
-0.00302113 63 20 19 20 186 17 88 93
-0.0030244 63 30 19 20 186 17 88 93
-0.00301817 63 40 19 20 186 17 88 93
-0.00302207 63 50 19 20 186 17 88 93
-0.00302689 63 60 19 20 186 17 88 93
-0.00302499 63 70 19 20 186 17 88 93
-0.0017793 0 0 19 20 186 17 88 93
-0.00302541 0 10 19 20 186 17 88 93
-0.00302668 0 20 19 20 186 17 88 93
-0.00302522 0 30 19 20 186 17 88 93
-0.00302608 0 40 19 20 186 17 88 93
-0.00302765 0 50 19 20 186 17 88 93
-0.00302331 0 60 19 20 186 17 88 93
-0.00302766 0 70 19 20 186 17 88 93
-0.00302649 9 0 19 20 186 17 88 93
-0.00302489 9 10 19 20 186 17 88 93
-0.00302199 9 20 19 20 186 17 88 93
-0.00302282 9 30 19 20 186 17 88 93
-0.00302399 9 40 19 20 186 17 88 93
-0.00302736 9 50 19 20 186 17 88 93
-0.0030143 9 60 19 20 186 17 88 93
-0.00302773 9 70 19 20 186 17 88 93
-0.00302779 18 0 19 20 186 17 88 93
-0.00302527 18 10 19 20 186 17 88 93
-0.00302143 18 20 19 20 186 17 88 93
-0.00301627 18 30 19 20 186 17 88 93
-0.00302069 18 40 19 20 186 17 88 93
-0.0030268 18 50 19 20 186 17 88 93
-0.00302532 18 60 19 20 186 17 88 93
-0.00302241 18 70 19 20 186 17 88 93
-0.00302502 27 0 19 20 186 17 88 93
-0.00301283 27 10 19 20 186 17 88 93
-0.00302209 27 20 19 20 186 17 88 93
-0.00301218 27 30 19 20 186 17 88 93
-0.00226185 27 40 19 20 186 17 88 93
-0.00302341 27 50 19 20 186 17 88 93
-0.0030259 27 60 19 20 186 17 88 93
-0.00302563 27 70 19 20 186 17 88 93
-0.00302764 36 0 19 20 186 17 88 93
-0.00302474 36 10 19 20 186 17 88 93
-0.00302113 36 20 19 20 186 17 88 93
-0.00301268 36 30 19 20 186 17 88 93
-0.00105537 36 40 19 20 186 17 88 93
-0.00238703 36 50 19 20 186 17 88 93
-0.00301402 36 60 19 20 186 17 88 93
-0.00301775 36 70 19 20 186 17 88 93
-0.00302773 45 0 19 20 186 17 88 93
-0.00302676 45 10 19 20 186 17 88 93
-0.00128182 45 20 19 20 186 17 88 93
-0.00300953 45 30 19 20 186 17 88 93
-0.00274369 45 40 19 20 186 17 88 93
-0.0030239 45 50 19 20 186 17 88 93
-0.00302457 45 60 19 20 186 17 88 93
-0.00302396 45 70 19 20 186 17 88 93
-0.00302703 54 0 19 20 186 17 88 93
-0.00302768 54 10 19 20 186 17 88 93
-0.00302218 54 20 19 20 186 17 88 93
-0.00301481 54 30 19 20 186 17 88 93
-0.00299065 54 40 19 20 186 17 88 93
-0.00302061 54 50 19 20 186 17 88 93
-0.00302501 54 60 19 20 186 17 88 93
-0.00302643 54 70 19 20 186 17 88 93
-0.00302259 63 0 19 20 186 17 88 93
-0.00302706 63 10 19 20 186 17 88 93
-0.00302757 63 20 19 20 186 17 88 93
-0.00302712 63 30 19 20 186 17 88 93
-0.00302571 63 40 19 20 186 17 88 93
-0.00302615 63 50 19 20 186 17 88 93
-0.00302679 63 60 19 20 186 17 88 93
-0.00302377 63 70 19 20 186 17 88 93
-0.00302805 0 0 19 20 186 17 88 93
-0.00302447 0 10 19 20 186 17 88 93
-0.00302665 0 20 19 20 186 17 88 93
-0.00302337 0 30 19 20 186 17 88 93
-0.00302813 0 40 19 20 186 17 88 93
-0.003028 0 50 19 20 186 17 88 93
-0.003026 0 60 19 20 186 17 88 93
-0.00302816 0 70 19 20 186 17 88 93
-0.00302827 9 0 19 20 186 17 88 93
-0.0030271 9 10 19 20 186 17 88 93
-0.0030261 9 20 19 20 186 17 88 93
-0.00301683 9 30 19 20 186 17 88 93
-0.00302744 9 40 19 20 186 17 88 93
-0.0030283 9 50 19 20 186 17 88 93
-0.00302421 9 60 19 20 186 17 88 93
-0.00302816 9 70 19 20 186 17 88 93
-0.00302782 18 0 19 20 186 17 88 93
-0.00302822 18 10 19 20 186 17 88 93
-0.0030283 18 20 19 20 186 17 88 93
-0.00302761 18 30 19 20 186 17 88 93
-0.00302583 18 40 19 20 186 17 88 93
-0.00302831 18 50 19 20 186 17 88 93
-0.00302808 18 60 19 20 186 17 88 93
-0.00302698 18 70 19 20 186 17 88 93
-0.00302693 27 0 19 20 186 17 88 93
-0.00302387 27 10 19 20 186 17 88 93
-0.00302714 27 20 19 20 186 17 88 93
-0.00302803 27 30 19 20 186 17 88 93
-0.0030174 27 40 19 20 186 17 88 93
-0.00302711 27 50 19 20 186 17 88 93
-0.00302768 27 60 19 20 186 17 88 93
-0.00302715 27 70 19 20 186 17 88 93
-0.0030283 36 0 19 20 186 17 88 93
-0.00302822 36 10 19 20 186 17 88 93
-0.00302644 36 20 19 20 186 17 88 93
-0.00302791 36 30 19 20 186 17 88 93
-0.00301961 36 40 19 20 186 17 88 93
-0.00257347 36 50 19 20 186 17 88 93
-0.00301613 36 60 19 20 186 17 88 93
-0.0030233 36 70 19 20 186 17 88 93
-0.00302728 45 0 19 20 186 17 88 93
-0.00302771 45 10 19 20 186 17 88 93
-0.00302664 45 20 19 20 186 17 88 93
-0.00302767 45 30 19 20 186 17 88 93
-0.00302311 45 40 19 20 186 17 88 93
-0.00133736 45 50 19 20 186 17 88 93
-0.00194114 45 60 19 20 186 17 88 93
-0.00302589 45 70 19 20 186 17 88 93
-0.00302557 54 0 19 20 186 17 88 93
-0.0030269 54 10 19 20 186 17 88 93
-0.00302741 54 20 19 20 186 17 88 93
-0.00302617 54 30 19 20 186 17 88 93
-0.00302495 54 40 19 20 186 17 88 93
-0.00180782 54 50 19 20 186 17 88 93
-0.00166346 54 60 19 20 186 17 88 93
-0.00302598 54 70 19 20 186 17 88 93
-0.00302217 63 0 19 20 186 17 88 93
-0.0030257 63 10 19 20 186 17 88 93
-0.00302705 63 20 19 20 186 17 88 93
-0.00302725 63 30 19 20 186 17 88 93
-0.00302427 63 40 19 20 186 17 88 93
-0.00149957 63 50 19 20 186 17 88 93
-0.00103812 63 60 19 20 186 17 88 93
-0.00302161 63 70 19 20 186 17 88 93
-0.00302115 0 0 19 20 186 17 88 93
-0.00300908 0 10 19 20 186 17 88 93
-0.00221968 0 20 19 20 186 17 88 93
-0.00302203 0 30 19 20 186 17 88 93
-0.00293456 0 40 19 20 186 17 88 93
-0.00302516 0 50 19 20 186 17 88 93
-0.00302815 0 60 19 20 186 17 88 93
-0.0030276 0 70 19 20 186 17 88 93
-0.00302776 9 0 19 20 186 17 88 93
-0.00302617 9 10 19 20 186 17 88 93
-0.00301532 9 20 19 20 186 17 88 93
-0.0030114 9 30 19 20 186 17 88 93
-0.00301881 9 40 19 20 186 17 88 93
-0.00302721 9 50 19 20 186 17 88 93
-0.00302791 9 60 19 20 186 17 88 93
-0.00302703 9 70 19 20 186 17 88 93
-0.00302419 18 0 19 20 186 17 88 93
-0.00302613 18 10 19 20 186 17 88 93
-0.00302399 18 20 19 20 186 17 88 93
-0.00302084 18 30 19 20 186 17 88 93
-0.00302417 18 40 19 20 186 17 88 93
-0.00302736 18 50 19 20 186 17 88 93
-0.00302727 18 60 19 20 186 17 88 93
-0.00302752 18 70 19 20 186 17 88 93
-0.00302755 27 0 19 20 186 17 88 93
-0.00302738 27 10 19 20 186 17 88 93
-0.0030254 27 20 19 20 186 17 88 93
-0.00297212 27 30 19 20 186 17 88 93
-0.00302595 27 40 19 20 186 17 88 93
-0.0030279 27 50 19 20 186 17 88 93
-0.00302606 27 60 19 20 186 17 88 93
-0.00302731 27 70 19 20 186 17 88 93
-0.00302648 36 0 19 20 186 17 88 93
-0.00302522 36 10 19 20 186 17 88 93
-0.00301489 36 20 19 20 186 17 88 93
-0.00301243 36 30 19 20 186 17 88 93
-0.00301787 36 40 19 20 186 17 88 93
-0.00302807 36 50 19 20 186 17 88 93
-0.00302383 36 60 19 20 186 17 88 93
-0.00302596 36 70 19 20 186 17 88 93
-0.00302377 45 0 19 20 186 17 88 93
-0.00301998 45 10 19 20 186 17 88 93
-0.00301656 45 20 19 20 186 17 88 93
-0.00251213 45 30 19 20 186 17 88 93
-0.00302504 45 40 19 20 186 17 88 93
-0.00302792 45 50 19 20 186 17 88 93
-0.00302663 45 60 19 20 186 17 88 93
-0.00302328 45 70 19 20 186 17 88 93
-0.00245065 54 0 19 20 186 17 88 93
-0.00302193 54 10 19 20 186 17 88 93
-0.00302422 54 20 19 20 186 17 88 93
-0.00302189 54 30 19 20 186 17 88 93
-0.00302298 54 40 19 20 186 17 88 93
-0.00302442 54 50 19 20 186 17 88 93
-0.00302808 54 60 19 20 186 17 88 93
-0.00302759 54 70 19 20 186 17 88 93
-0.00302312 63 0 19 20 186 17 88 93
-0.00302576 63 10 19 20 186 17 88 93
-0.00302207 63 20 19 20 186 17 88 93
-0.0030119 63 30 19 20 186 17 88 93
-0.00301276 63 40 19 20 186 17 88 93
-0.00302219 63 50 19 20 186 17 88 93
-0.00302441 63 60 19 20 186 17 88 93
-0.00302816 63 70 19 20 186 17 88 93
-0.00302182 0 0 19 20 186 17 88 93
-0.00302271 0 10 19 20 186 17 88 93
-0.0030277 0 20 19 20 186 17 88 93
-0.0030274 0 30 19 20 186 17 88 93
-0.00302691 0 40 19 20 186 17 88 93
-0.00302785 0 50 19 20 186 17 88 93
-0.00302824 0 60 19 20 186 17 88 93
-0.00302814 0 70 19 20 186 17 88 93
-0.00302716 9 0 19 20 186 17 88 93
-0.00302351 9 10 19 20 186 17 88 93
-0.00302536 9 20 19 20 186 17 88 93
-0.00302741 9 30 19 20 186 17 88 93
-0.00302547 9 40 19 20 186 17 88 93
-0.00302756 9 50 19 20 186 17 88 93
-0.00302783 9 60 19 20 186 17 88 93
-0.00302727 9 70 19 20 186 17 88 93
-0.00302385 18 0 19 20 186 17 88 93
-0.00302504 18 10 19 20 186 17 88 93
-0.00302416 18 20 19 20 186 17 88 93
-0.00302644 18 30 19 20 186 17 88 93
-0.00302649 18 40 19 20 186 17 88 93
-0.00302463 18 50 19 20 186 17 88 93
-0.00302498 18 60 19 20 186 17 88 93
-0.00302495 18 70 19 20 186 17 88 93
-0.00302792 27 0 19 20 186 17 88 93
-0.00302209 27 10 19 20 186 17 88 93
-0.00302547 27 20 19 20 186 17 88 93
-0.00302578 27 30 19 20 186 17 88 93
-0.00302731 27 40 19 20 186 17 88 93
-0.00302744 27 50 19 20 186 17 88 93
-0.0030269 27 60 19 20 186 17 88 93
-0.00302638 27 70 19 20 186 17 88 93
-0.00302808 36 0 19 20 186 17 88 93
-0.00302683 36 10 19 20 186 17 88 93
-0.00302754 36 20 19 20 186 17 88 93
-0.00302202 36 30 19 20 186 17 88 93
-0.00302778 36 40 19 20 186 17 88 93
-0.00302805 36 50 19 20 186 17 88 93
-0.00302762 36 60 19 20 186 17 88 93
-0.00302602 36 70 19 20 186 17 88 93
-0.00302778 45 0 19 20 186 17 88 93
-0.00302683 45 10 19 20 186 17 88 93
-0.00302722 45 20 19 20 186 17 88 93
-0.00302614 45 30 19 20 186 17 88 93
-0.00302725 45 40 19 20 186 17 88 93
-0.00302725 45 50 19 20 186 17 88 93
-0.00302612 45 60 19 20 186 17 88 93
-0.0030209 45 70 19 20 186 17 88 93
-0.00302755 54 0 19 20 186 17 88 93
-0.00302686 54 10 19 20 186 17 88 93
-0.00302733 54 20 19 20 186 17 88 93
-0.00302741 54 30 19 20 186 17 88 93
-0.0030224 54 40 19 20 186 17 88 93
-0.00302442 54 50 19 20 186 17 88 93
-0.00302801 54 60 19 20 186 17 88 93
-0.00302807 54 70 19 20 186 17 88 93
-0.00302799 63 0 19 20 186 17 88 93
-0.00302785 63 10 19 20 186 17 88 93
-0.00302615 63 20 19 20 186 17 88 93
-0.00302693 63 30 19 20 186 17 88 93
-0.00302776 63 40 19 20 186 17 88 93
-0.00302801 63 50 19 20 186 17 88 93
-0.00302754 63 60 19 20 186 17 88 93
-0.00302772 63 70 19 20 186 17 88 93
-0.00302616 0 0 19 20 186 17 88 93
-0.00302179 0 10 19 20 186 17 88 93
-0.00302639 0 20 19 20 186 17 88 93
-0.00302694 0 30 19 20 186 17 88 93
-0.0030256 0 40 19 20 186 17 88 93
-0.00302304 0 50 19 20 186 17 88 93
-0.00302534 0 60 19 20 186 17 88 93
-0.00302723 0 70 19 20 186 17 88 93
-0.00302781 9 0 19 20 186 17 88 93
-0.00302779 9 10 19 20 186 17 88 93
-0.00302699 9 20 19 20 186 17 88 93
-0.00302705 9 30 19 20 186 17 88 93
-0.00302059 9 40 19 20 186 17 88 93
-0.0030255 9 50 19 20 186 17 88 93
-0.00302632 9 60 19 20 186 17 88 93
-0.00302492 9 70 19 20 186 17 88 93
-0.00302637 18 0 19 20 186 17 88 93
-0.00302766 18 10 19 20 186 17 88 93
-0.00302744 18 20 19 20 186 17 88 93
-0.00302378 18 30 19 20 186 17 88 93
-0.00302603 18 40 19 20 186 17 88 93
-0.00302753 18 50 19 20 186 17 88 93
-0.00302712 18 60 19 20 186 17 88 93
-0.00302726 18 70 19 20 186 17 88 93
-0.00302807 27 0 19 20 186 17 88 93
-0.00302747 27 10 19 20 186 17 88 93
-0.00302349 27 20 19 20 186 17 88 93
-0.00302092 27 30 19 20 186 17 88 93
-0.00302772 27 40 19 20 186 17 88 93
-0.00302796 27 50 19 20 186 17 88 93
-0.00302793 27 60 19 20 186 17 88 93
-0.00302734 27 70 19 20 186 17 88 93
-0.00302805 36 0 19 20 186 17 88 93
-0.00302518 36 10 19 20 186 17 88 93
-0.00302772 36 20 19 20 186 17 88 93
-0.00302557 36 30 19 20 186 17 88 93
-0.00302743 36 40 19 20 186 17 88 93
-0.00302813 36 50 19 20 186 17 88 93
-0.00302685 36 60 19 20 186 17 88 93
-0.00302771 36 70 19 20 186 17 88 93
-0.00302791 45 0 19 20 186 17 88 93
-0.00302789 45 10 19 20 186 17 88 93
-0.0030279 45 20 19 20 186 17 88 93
-0.00302748 45 30 19 20 186 17 88 93
-0.00302297 45 40 19 20 186 17 88 93
-0.00302751 45 50 19 20 186 17 88 93
-0.00302736 45 60 19 20 186 17 88 93
-0.0030247 45 70 19 20 186 17 88 93
-0.00302563 54 0 19 20 186 17 88 93
-0.00302684 54 10 19 20 186 17 88 93
-0.00302598 54 20 19 20 186 17 88 93
-0.00302789 54 30 19 20 186 17 88 93
-0.00302767 54 40 19 20 186 17 88 93
-0.00302497 54 50 19 20 186 17 88 93
-0.00302681 54 60 19 20 186 17 88 93
-0.00302521 54 70 19 20 186 17 88 93
-0.00302472 63 0 19 20 186 17 88 93
-0.0030253 63 10 19 20 186 17 88 93
-0.00302649 63 20 19 20 186 17 88 93
-0.00302557 63 30 19 20 186 17 88 93
-0.00302815 63 40 19 20 186 17 88 93
-0.00302777 63 50 19 20 186 17 88 93
-0.00302767 63 60 19 20 186 17 88 93
-0.00302731 63 70 19 20 186 17 88 93
-0.00302564 0 0 19 20 186 17 88 93
-0.00302724 0 10 19 20 186 17 88 93
-0.00302774 0 20 19 20 186 17 88 93
-0.00302718 0 30 19 20 186 17 88 93
-0.00302618 0 40 19 20 186 17 88 93
-0.00302669 0 50 19 20 186 17 88 93
-0.00302423 0 60 19 20 186 17 88 93
-0.00302792 0 70 19 20 186 17 88 93
-0.00302283 9 0 19 20 186 17 88 93
-0.00302436 9 10 19 20 186 17 88 93
-0.00302766 9 20 19 20 186 17 88 93
-0.00302804 9 30 19 20 186 17 88 93
-0.00302688 9 40 19 20 186 17 88 93
-0.00302319 9 50 19 20 186 17 88 93
-0.00302705 9 60 19 20 186 17 88 93
-0.0030277 9 70 19 20 186 17 88 93
-0.00302218 18 0 19 20 186 17 88 93
-0.00302059 18 10 19 20 186 17 88 93
-0.00301925 18 20 19 20 186 17 88 93
-0.00302516 18 30 19 20 186 17 88 93
-0.00302799 18 40 19 20 186 17 88 93
-0.00302779 18 50 19 20 186 17 88 93
-0.00302801 18 60 19 20 186 17 88 93
-0.00302717 18 70 19 20 186 17 88 93
-0.00301539 27 0 19 20 186 17 88 93
-0.00301958 27 10 19 20 186 17 88 93
-0.00301202 27 20 19 20 186 17 88 93
-0.00301427 27 30 19 20 186 17 88 93
-0.00302705 27 40 19 20 186 17 88 93
-0.00302789 27 50 19 20 186 17 88 93
-0.00302698 27 60 19 20 186 17 88 93
-0.00302771 27 70 19 20 186 17 88 93
-0.00301296 36 0 19 20 186 17 88 93
-0.00186275 36 10 19 20 186 17 88 93
-0.00236561 36 20 19 20 186 17 88 93
-0.00301279 36 30 19 20 186 17 88 93
-0.00302262 36 40 19 20 186 17 88 93
-0.00302359 36 50 19 20 186 17 88 93
-0.00302632 36 60 19 20 186 17 88 93
-0.0030281 36 70 19 20 186 17 88 93
-0.00301044 45 0 19 20 186 17 88 93
-0.00301891 45 10 19 20 186 17 88 93
-0.00301201 45 20 19 20 186 17 88 93
-0.00302001 45 30 19 20 186 17 88 93
-0.00301905 45 40 19 20 186 17 88 93
-0.00302503 45 50 19 20 186 17 88 93
-0.00302655 45 60 19 20 186 17 88 93
-0.00301365 45 70 19 20 186 17 88 93
-0.00301901 54 0 19 20 186 17 88 93
-0.00302439 54 10 19 20 186 17 88 93
-0.00302055 54 20 19 20 186 17 88 93
-0.00301369 54 30 19 20 186 17 88 93
-0.00302421 54 40 19 20 186 17 88 93
-0.00301035 54 50 19 20 186 17 88 93
-0.00302584 54 60 19 20 186 17 88 93
-0.00302764 54 70 19 20 186 17 88 93
-0.00302176 63 0 19 20 186 17 88 93
-0.00302266 63 10 19 20 186 17 88 93
-0.00228274 63 20 19 20 186 17 88 93
-0.0014621 63 30 19 20 186 17 88 93
-0.00301768 63 40 19 20 186 17 88 93
-0.00302204 63 50 19 20 186 17 88 93
-0.00302249 63 60 19 20 186 17 88 93
-0.00302711 63 70 19 20 186 17 88 93
-0.00302765 0 0 19 20 186 17 88 93
-0.00302531 0 10 19 20 186 17 88 93
-0.00302515 0 20 19 20 186 17 88 93
-0.00302388 0 30 19 20 186 17 88 93
-0.00302632 0 40 19 20 186 17 88 93
-0.00302565 0 50 19 20 186 17 88 93
-0.00302458 0 60 19 20 186 17 88 93
-0.00302616 0 70 19 20 186 17 88 93
-0.00302662 9 0 19 20 186 17 88 93
-0.00302643 9 10 19 20 186 17 88 93
-0.00302684 9 20 19 20 186 17 88 93
-0.003027 9 30 19 20 186 17 88 93
-0.00302651 9 40 19 20 186 17 88 93
-0.00301621 9 50 19 20 186 17 88 93
-0.00302616 9 60 19 20 186 17 88 93
-0.00302674 9 70 19 20 186 17 88 93
-0.00302824 18 0 19 20 186 17 88 93
-0.00302803 18 10 19 20 186 17 88 93
-0.00302463 18 20 19 20 186 17 88 93
-0.00302496 18 30 19 20 186 17 88 93
-0.00302772 18 40 19 20 186 17 88 93
-0.00302757 18 50 19 20 186 17 88 93
-0.00302673 18 60 19 20 186 17 88 93
-0.00302792 18 70 19 20 186 17 88 93
-0.00302407 27 0 19 20 186 17 88 93
-0.00302723 27 10 19 20 186 17 88 93
-0.00302632 27 20 19 20 186 17 88 93
-0.00302357 27 30 19 20 186 17 88 93
-0.00302694 27 40 19 20 186 17 88 93
-0.0030277 27 50 19 20 186 17 88 93
-0.00302803 27 60 19 20 186 17 88 93
-0.00302803 27 70 19 20 186 17 88 93
-0.00302666 36 0 19 20 186 17 88 93
-0.00302592 36 10 19 20 186 17 88 93
-0.00302501 36 20 19 20 186 17 88 93
-0.0030265 36 30 19 20 186 17 88 93
-0.00302585 36 40 19 20 186 17 88 93
-0.00302292 36 50 19 20 186 17 88 93
-0.0030273 36 60 19 20 186 17 88 93
-0.00302827 36 70 19 20 186 17 88 93
-0.00302772 45 0 19 20 186 17 88 93
-0.00302766 45 10 19 20 186 17 88 93
-0.00302222 45 20 19 20 186 17 88 93
-0.00302515 45 30 19 20 186 17 88 93
-0.00302715 45 40 19 20 186 17 88 93
-0.00302824 45 50 19 20 186 17 88 93
-0.00302825 45 60 19 20 186 17 88 93
-0.0030267 45 70 19 20 186 17 88 93
-0.00302798 54 0 19 20 186 17 88 93
-0.00302786 54 10 19 20 186 17 88 93
-0.00302665 54 20 19 20 186 17 88 93
-0.00302521 54 30 19 20 186 17 88 93
-0.00302823 54 40 19 20 186 17 88 93
-0.00302767 54 50 19 20 186 17 88 93
-0.00302755 54 60 19 20 186 17 88 93
-0.00302807 54 70 19 20 186 17 88 93
-0.00302807 63 0 19 20 186 17 88 93
-0.00302804 63 10 19 20 186 17 88 93
-0.00302693 63 20 19 20 186 17 88 93
-0.00302516 63 30 19 20 186 17 88 93
-0.00302806 63 40 19 20 186 17 88 93
-0.00302797 63 50 19 20 186 17 88 93
-0.0030246 63 60 19 20 186 17 88 93
-0.00302779 63 70 19 20 186 17 88 93
-0.00302816 0 0 19 20 186 17 88 93
-0.00302699 0 10 19 20 186 17 88 93
-0.00302749 0 20 19 20 186 17 88 93
-0.00302801 0 30 19 20 186 17 88 93
-0.00302596 0 40 19 20 186 17 88 93
-0.00302729 0 50 19 20 186 17 88 93
-0.00302811 0 60 19 20 186 17 88 93
-0.00302662 0 70 19 20 186 17 88 93
-0.00302786 9 0 19 20 186 17 88 93
-0.00302629 9 10 19 20 186 17 88 93
-0.00302501 9 20 19 20 186 17 88 93
-0.00302497 9 30 19 20 186 17 88 93
-0.00302645 9 40 19 20 186 17 88 93
-0.00302493 9 50 19 20 186 17 88 93
-0.00302685 9 60 19 20 186 17 88 93
-0.00302617 9 70 19 20 186 17 88 93
-0.00302776 18 0 19 20 186 17 88 93
-0.00302511 18 10 19 20 186 17 88 93
-0.00302745 18 20 19 20 186 17 88 93
-0.00302764 18 30 19 20 186 17 88 93
-0.00302635 18 40 19 20 186 17 88 93
-0.00302779 18 50 19 20 186 17 88 93
-0.00302783 18 60 19 20 186 17 88 93
-0.00302512 18 70 19 20 186 17 88 93
-0.00302772 27 0 19 20 186 17 88 93
-0.00302744 27 10 19 20 186 17 88 93
-0.00302781 27 20 19 20 186 17 88 93
-0.00302553 27 30 19 20 186 17 88 93
-0.00302642 27 40 19 20 186 17 88 93
-0.00302788 27 50 19 20 186 17 88 93
-0.00302332 27 60 19 20 186 17 88 93
-0.00302108 27 70 19 20 186 17 88 93
-0.00302723 36 0 19 20 186 17 88 93
-0.00302805 36 10 19 20 186 17 88 93
-0.0030269 36 20 19 20 186 17 88 93
-0.0030244 36 30 19 20 186 17 88 93
-0.00302448 36 40 19 20 186 17 88 93
-0.00302824 36 50 19 20 186 17 88 93
-0.00302722 36 60 19 20 186 17 88 93
-0.00302723 36 70 19 20 186 17 88 93
-0.00302781 45 0 19 20 186 17 88 93
-0.00302817 45 10 19 20 186 17 88 93
-0.00302356 45 20 19 20 186 17 88 93
-0.00302249 45 30 19 20 186 17 88 93
-0.00302373 45 40 19 20 186 17 88 93
-0.00302663 45 50 19 20 186 17 88 93
-0.00302748 45 60 19 20 186 17 88 93
-0.00302785 45 70 19 20 186 17 88 93
-0.00302732 54 0 19 20 186 17 88 93
-0.00302791 54 10 19 20 186 17 88 93
-0.00302812 54 20 19 20 186 17 88 93
-0.00302796 54 30 19 20 186 17 88 93
-0.00302782 54 40 19 20 186 17 88 93
-0.00302772 54 50 19 20 186 17 88 93
-0.00302684 54 60 19 20 186 17 88 93
-0.00301976 54 70 19 20 186 17 88 93
-0.0030282 63 0 19 20 186 17 88 93
-0.00302756 63 10 19 20 186 17 88 93
-0.00302729 63 20 19 20 186 17 88 93
-0.00302739 63 30 19 20 186 17 88 93
-0.00302793 63 40 19 20 186 17 88 93
-0.00302737 63 50 19 20 186 17 88 93
-0.00302658 63 60 19 20 186 17 88 93
-0.00302777 63 70 19 20 186 17 88 93
-0.00302787 0 0 29 26 186 17 88 93
-0.00302575 0 13 29 26 186 17 88 93
-0.00302322 0 26 29 26 186 17 88 93
-0.00300916 0 39 29 26 186 17 88 93
-0.00272521 0 52 29 26 186 17 88 93
-0.00301703 0 65 29 26 186 17 88 93
-0.00302552 14 0 29 26 186 17 88 93
-0.00302168 14 13 29 26 186 17 88 93
-0.00302718 14 26 29 26 186 17 88 93
-0.00302693 14 39 29 26 186 17 88 93
-0.00302403 14 52 29 26 186 17 88 93
-0.00302519 14 65 29 26 186 17 88 93
-0.00302737 28 0 29 26 186 17 88 93
-0.00302704 28 13 29 26 186 17 88 93
-0.00302619 28 26 29 26 186 17 88 93
-0.00302576 28 39 29 26 186 17 88 93
-0.00302795 28 52 29 26 186 17 88 93
-0.00302229 28 65 29 26 186 17 88 93
-0.00302548 42 0 29 26 186 17 88 93
-0.00302589 42 13 29 26 186 17 88 93
-0.00302031 42 26 29 26 186 17 88 93
-0.00302677 42 39 29 26 186 17 88 93
-0.0030266 42 52 29 26 186 17 88 93
-0.00302023 42 65 29 26 186 17 88 93
-0.00302595 56 0 29 26 186 17 88 93
-0.00302313 56 13 29 26 186 17 88 93
-0.00302471 56 26 29 26 186 17 88 93
-0.00302726 56 39 29 26 186 17 88 93
-0.00301528 56 52 29 26 186 17 88 93
-0.00302188 56 65 29 26 186 17 88 93
-0.00302648 0 0 29 26 186 17 88 93
-0.00302616 0 13 29 26 186 17 88 93
-0.00301622 0 26 29 26 186 17 88 93
-0.00302121 0 39 29 26 186 17 88 93
-0.00302324 0 52 29 26 186 17 88 93
-0.00300899 0 65 29 26 186 17 88 93
-0.00301453 14 0 29 26 186 17 88 93
-0.00301953 14 13 29 26 186 17 88 93
-0.00302399 14 26 29 26 186 17 88 93
-0.00301547 14 39 29 26 186 17 88 93
-0.00295346 14 52 29 26 186 17 88 93
-0.00142398 14 65 29 26 186 17 88 93
-0.00302083 28 0 29 26 186 17 88 93
-0.00302536 28 13 29 26 186 17 88 93
-0.00301872 28 26 29 26 186 17 88 93
-0.00302633 28 39 29 26 186 17 88 93
-0.00302219 28 52 29 26 186 17 88 93
-0.00302078 28 65 29 26 186 17 88 93
-0.00247124 42 0 29 26 186 17 88 93
-0.00301597 42 13 29 26 186 17 88 93
-0.00234416 42 26 29 26 186 17 88 93
-0.00302395 42 39 29 26 186 17 88 93
-0.00302407 42 52 29 26 186 17 88 93
-0.00302667 42 65 29 26 186 17 88 93
-0.0025934 56 0 29 26 186 17 88 93
-0.00301892 56 13 29 26 186 17 88 93
-0.00301914 56 26 29 26 186 17 88 93
-0.00253282 56 39 29 26 186 17 88 93
-0.00302443 56 52 29 26 186 17 88 93
-0.00230273 56 65 29 26 186 17 88 93
-0.00302593 0 0 29 26 186 17 88 93
-0.00302385 0 13 29 26 186 17 88 93
-0.002781 0 26 29 26 186 17 88 93
-0.00302545 0 39 29 26 186 17 88 93
-0.00302077 0 52 29 26 186 17 88 93
-0.00302556 0 65 29 26 186 17 88 93
-0.00302476 14 0 29 26 186 17 88 93
-0.00301338 14 13 29 26 186 17 88 93
-0.00301554 14 26 29 26 186 17 88 93
-0.00302412 14 39 29 26 186 17 88 93
-0.00302558 14 52 29 26 186 17 88 93
-0.00301797 14 65 29 26 186 17 88 93
-0.00302472 28 0 29 26 186 17 88 93
-0.00301681 28 13 29 26 186 17 88 93
-0.00301464 28 26 29 26 186 17 88 93
-0.00203769 28 39 29 26 186 17 88 93
-0.00300951 28 52 29 26 186 17 88 93
-0.00302062 28 65 29 26 186 17 88 93
-0.00302781 42 0 29 26 186 17 88 93
-0.00302322 42 13 29 26 186 17 88 93
-0.00215427 42 26 29 26 186 17 88 93
-0.00116771 42 39 29 26 186 17 88 93
-0.00265135 42 52 29 26 186 17 88 93
-0.00302218 42 65 29 26 186 17 88 93
-0.00302527 56 0 29 26 186 17 88 93
-0.00302706 56 13 29 26 186 17 88 93
-0.00302552 56 26 29 26 186 17 88 93
-0.00302335 56 39 29 26 186 17 88 93
-0.00302379 56 52 29 26 186 17 88 93
-0.00301377 56 65 29 26 186 17 88 93
-0.00302785 0 0 29 26 186 17 88 93
-0.00302461 0 13 29 26 186 17 88 93
-0.00255331 0 26 29 26 186 17 88 93
-0.00302813 0 39 29 26 186 17 88 93
-0.00302613 0 52 29 26 186 17 88 93
-0.00302742 0 65 29 26 186 17 88 93
-0.00302673 14 0 29 26 186 17 88 93
-0.00302787 14 13 29 26 186 17 88 93
-0.00302659 14 26 29 26 186 17 88 93
-0.00302663 14 39 29 26 186 17 88 93
-0.00302814 14 52 29 26 186 17 88 93
-0.00302606 14 65 29 26 186 17 88 93
-0.00302829 28 0 29 26 186 17 88 93
-0.00302626 28 13 29 26 186 17 88 93
-0.00302727 28 26 29 26 186 17 88 93
-0.00208507 28 39 29 26 186 17 88 93
-0.00302234 28 52 29 26 186 17 88 93
-0.00302474 28 65 29 26 186 17 88 93
-0.00302701 42 0 29 26 186 17 88 93
-0.00302745 42 13 29 26 186 17 88 93
-0.00302269 42 26 29 26 186 17 88 93
-0.00302152 42 39 29 26 186 17 88 93
-0.00111683 42 52 29 26 186 17 88 93
-0.00302256 42 65 29 26 186 17 88 93
-0.00302239 56 0 29 26 186 17 88 93
-0.00302611 56 13 29 26 186 17 88 93
-0.00302566 56 26 29 26 186 17 88 93
-0.00301553 56 39 29 26 186 17 88 93
-0.00376631 56 52 29 26 186 17 88 93
-0.00301678 56 65 29 26 186 17 88 93
-0.0030264 0 0 29 26 186 17 88 93
-0.00301931 0 13 29 26 186 17 88 93
-0.00301461 0 26 29 26 186 17 88 93
-0.00301428 0 39 29 26 186 17 88 93
-0.00302668 0 52 29 26 186 17 88 93
-0.00302568 0 65 29 26 186 17 88 93
-0.0030257 14 0 29 26 186 17 88 93
-0.00301497 14 13 29 26 186 17 88 93
-0.00301852 14 26 29 26 186 17 88 93
-0.00302225 14 39 29 26 186 17 88 93
-0.00302586 14 52 29 26 186 17 88 93
-0.00302464 14 65 29 26 186 17 88 93
-0.00302752 28 0 29 26 186 17 88 93
-0.00302585 28 13 29 26 186 17 88 93
-0.0030164 28 26 29 26 186 17 88 93
-0.0030268 28 39 29 26 186 17 88 93
-0.00302707 28 52 29 26 186 17 88 93
-0.00302159 28 65 29 26 186 17 88 93
-0.00302314 42 0 29 26 186 17 88 93
-0.00301197 42 13 29 26 186 17 88 93
-0.00301483 42 26 29 26 186 17 88 93
-0.00301518 42 39 29 26 186 17 88 93
-0.0030271 42 52 29 26 186 17 88 93
-0.00302337 42 65 29 26 186 17 88 93
-0.00302079 56 0 29 26 186 17 88 93
-0.00302023 56 13 29 26 186 17 88 93
-0.00267025 56 26 29 26 186 17 88 93
-0.00301507 56 39 29 26 186 17 88 93
-0.00302538 56 52 29 26 186 17 88 93
-0.0030279 56 65 29 26 186 17 88 93
-0.00302478 0 0 29 26 186 17 88 93
-0.0030264 0 13 29 26 186 17 88 93
-0.00302718 0 26 29 26 186 17 88 93
-0.00302384 0 39 29 26 186 17 88 93
-0.00302639 0 52 29 26 186 17 88 93
-0.00302773 0 65 29 26 186 17 88 93
-0.0030238 14 0 29 26 186 17 88 93
-0.00302528 14 13 29 26 186 17 88 93
-0.00302741 14 26 29 26 186 17 88 93
-0.0030262 14 39 29 26 186 17 88 93
-0.00302622 14 52 29 26 186 17 88 93
-0.00302722 14 65 29 26 186 17 88 93
-0.00302762 28 0 29 26 186 17 88 93
-0.00302552 28 13 29 26 186 17 88 93
-0.0030262 28 26 29 26 186 17 88 93
-0.00302683 28 39 29 26 186 17 88 93
-0.0030278 28 52 29 26 186 17 88 93
-0.0030222 28 65 29 26 186 17 88 93
-0.00302722 42 0 29 26 186 17 88 93
-0.00302456 42 13 29 26 186 17 88 93
-0.00302354 42 26 29 26 186 17 88 93
-0.00302459 42 39 29 26 186 17 88 93
-0.00302459 42 52 29 26 186 17 88 93
-0.00302046 42 65 29 26 186 17 88 93
-0.00302783 56 0 29 26 186 17 88 93
-0.00302474 56 13 29 26 186 17 88 93
-0.0030256 56 26 29 26 186 17 88 93
-0.00302735 56 39 29 26 186 17 88 93
-0.003028 56 52 29 26 186 17 88 93
-0.00302787 56 65 29 26 186 17 88 93
-0.00302294 0 0 29 26 186 17 88 93
-0.00302548 0 13 29 26 186 17 88 93
-0.00302619 0 26 29 26 186 17 88 93
-0.00301929 0 39 29 26 186 17 88 93
-0.00302539 0 52 29 26 186 17 88 93
-0.00302256 0 65 29 26 186 17 88 93
-0.0030261 14 0 29 26 186 17 88 93
-0.00302313 14 13 29 26 186 17 88 93
-0.00301437 14 26 29 26 186 17 88 93
-0.00302498 14 39 29 26 186 17 88 93
-0.00302766 14 52 29 26 186 17 88 93
-0.00302753 14 65 29 26 186 17 88 93
-0.00302749 28 0 29 26 186 17 88 93
-0.00302216 28 13 29 26 186 17 88 93
-0.00302331 28 26 29 26 186 17 88 93
-0.00302762 28 39 29 26 186 17 88 93
-0.00302599 28 52 29 26 186 17 88 93
-0.00302566 28 65 29 26 186 17 88 93
-0.00302606 42 0 29 26 186 17 88 93
-0.00302796 42 13 29 26 186 17 88 93
-0.00302784 42 26 29 26 186 17 88 93
-0.00302024 42 39 29 26 186 17 88 93
-0.00302612 42 52 29 26 186 17 88 93
-0.00302195 42 65 29 26 186 17 88 93
-0.00201365 56 0 29 26 186 17 88 93
-0.00302567 56 13 29 26 186 17 88 93
-0.00302723 56 26 29 26 186 17 88 93
-0.00302809 56 39 29 26 186 17 88 93
-0.00302744 56 52 29 26 186 17 88 93
-0.00302546 56 65 29 26 186 17 88 93
-0.00301705 0 0 29 26 186 17 88 93
-0.00302695 0 13 29 26 186 17 88 93
-0.00302701 0 26 29 26 186 17 88 93
-0.00302428 0 39 29 26 186 17 88 93
-0.00301957 0 52 29 26 186 17 88 93
-0.00302371 0 65 29 26 186 17 88 93
-0.00301467 14 0 29 26 186 17 88 93
-0.00302184 14 13 29 26 186 17 88 93
-0.00302717 14 26 29 26 186 17 88 93
-0.00302766 14 39 29 26 186 17 88 93
-0.0030278 14 52 29 26 186 17 88 93
-0.00302757 14 65 29 26 186 17 88 93
-0.00301468 28 0 29 26 186 17 88 93
-0.0021089 28 13 29 26 186 17 88 93
-0.00163393 28 26 29 26 186 17 88 93
-0.00302484 28 39 29 26 186 17 88 93
-0.00302689 28 52 29 26 186 17 88 93
-0.00302764 28 65 29 26 186 17 88 93
-0.00261298 42 0 29 26 186 17 88 93
-0.00302506 42 13 29 26 186 17 88 93
-0.0028384 42 26 29 26 186 17 88 93
-0.00300944 42 39 29 26 186 17 88 93
-0.00188946 42 52 29 26 186 17 88 93
-0.00302311 42 65 29 26 186 17 88 93
-0.00213163 56 0 29 26 186 17 88 93
-0.00302133 56 13 29 26 186 17 88 93
-0.00199114 56 26 29 26 186 17 88 93
-0.00301866 56 39 29 26 186 17 88 93
-0.00302228 56 52 29 26 186 17 88 93
-0.0030268 56 65 29 26 186 17 88 93
-0.00301912 0 0 29 26 186 17 88 93
-0.00302186 0 13 29 26 186 17 88 93
-0.00302442 0 26 29 26 186 17 88 93
-0.00301671 0 39 29 26 186 17 88 93
-0.00301773 0 52 29 26 186 17 88 93
-0.00302376 0 65 29 26 186 17 88 93
-0.00302789 14 0 29 26 186 17 88 93
-0.00302725 14 13 29 26 186 17 88 93
-0.0030269 14 26 29 26 186 17 88 93
-0.00302697 14 39 29 26 186 17 88 93
-0.00302697 14 52 29 26 186 17 88 93
-0.00302745 14 65 29 26 186 17 88 93
-0.003023 28 0 29 26 186 17 88 93
-0.00302337 28 13 29 26 186 17 88 93
-0.00301415 28 26 29 26 186 17 88 93
-0.00302559 28 39 29 26 186 17 88 93
-0.00302624 28 52 29 26 186 17 88 93
-0.00302816 28 65 29 26 186 17 88 93
-0.00302681 42 0 29 26 186 17 88 93
-0.00302788 42 13 29 26 186 17 88 93
-0.00302155 42 26 29 26 186 17 88 93
-0.00302788 42 39 29 26 186 17 88 93
-0.00302759 42 52 29 26 186 17 88 93
-0.00302784 42 65 29 26 186 17 88 93
-0.00302717 56 0 29 26 186 17 88 93
-0.00302787 56 13 29 26 186 17 88 93
-0.0030226 56 26 29 26 186 17 88 93
-0.00302831 56 39 29 26 186 17 88 93
-0.00302363 56 52 29 26 186 17 88 93
-0.00302742 56 65 29 26 186 17 88 93
-0.00302757 0 0 29 26 186 17 88 93
-0.00302557 0 13 29 26 186 17 88 93
-0.00302256 0 26 29 26 186 17 88 93
-0.00302256 0 39 29 26 186 17 88 93
-0.00302617 0 52 29 26 186 17 88 93
-0.00302381 0 65 29 26 186 17 88 93
-0.00302757 14 0 29 26 186 17 88 93
-0.00302436 14 13 29 26 186 17 88 93
-0.00302717 14 26 29 26 186 17 88 93
-0.0030228 14 39 29 26 186 17 88 93
-0.00302706 14 52 29 26 186 17 88 93
-0.00301882 14 65 29 26 186 17 88 93
-0.00302715 28 0 29 26 186 17 88 93
-0.00302801 28 13 29 26 186 17 88 93
-0.00302635 28 26 29 26 186 17 88 93
-0.0030253 28 39 29 26 186 17 88 93
-0.00302496 28 52 29 26 186 17 88 93
-0.00302036 28 65 29 26 186 17 88 93
-0.00302763 42 0 29 26 186 17 88 93
-0.00302763 42 13 29 26 186 17 88 93
-0.00302718 42 26 29 26 186 17 88 93
-0.00302255 42 39 29 26 186 17 88 93
-0.00302773 42 52 29 26 186 17 88 93
-0.00302285 42 65 29 26 186 17 88 93
-0.00302815 56 0 29 26 186 17 88 93
-0.00302717 56 13 29 26 186 17 88 93
-0.00302622 56 26 29 26 186 17 88 93
-0.00302736 56 39 29 26 186 17 88 93
-0.00302578 56 52 29 26 186 17 88 93
-0.00302037 56 65 29 26 186 17 88 93
-0.00302553 0 0 35 37 186 17 88 93
-0.00302212 0 18 35 37 186 17 88 93
-0.00302006 0 36 35 37 186 17 88 93
-0.00240829 0 54 35 37 186 17 88 93
-0.00302645 17 0 35 37 186 17 88 93
-0.00302683 17 18 35 37 186 17 88 93
-0.00302643 17 36 35 37 186 17 88 93
-0.00302515 17 54 35 37 186 17 88 93
-0.00301729 34 0 35 37 186 17 88 93
-0.00302557 34 18 35 37 186 17 88 93
-0.0030274 34 36 35 37 186 17 88 93
-0.003026 34 54 35 37 186 17 88 93
-0.00302514 51 0 35 37 186 17 88 93
-0.00302379 51 18 35 37 186 17 88 93
-0.00302628 51 36 35 37 186 17 88 93
-0.00302291 51 54 35 37 186 17 88 93
-0.00302604 0 0 35 37 186 17 88 93
-0.00128931 0 18 35 37 186 17 88 93
-0.00281912 0 36 35 37 186 17 88 93
-0.00242946 0 54 35 37 186 17 88 93
-0.00224121 17 0 35 37 186 17 88 93
-0.00301795 17 18 35 37 186 17 88 93
-0.00302498 17 36 35 37 186 17 88 93
-0.0018361 17 54 35 37 186 17 88 93
-0.00302488 34 0 35 37 186 17 88 93
-0.0030195 34 18 35 37 186 17 88 93
-0.00302608 34 36 35 37 186 17 88 93
-0.00302599 34 54 35 37 186 17 88 93
-0.00302208 51 0 35 37 186 17 88 93
-0.00300965 51 18 35 37 186 17 88 93
-0.00156921 51 36 35 37 186 17 88 93
-0.00263219 51 54 35 37 186 17 88 93
-0.0030264 0 0 35 37 186 17 88 93
-0.00191488 0 18 35 37 186 17 88 93
-0.00302108 0 36 35 37 186 17 88 93
-0.00289605 0 54 35 37 186 17 88 93
-0.0030162 17 0 35 37 186 17 88 93
-0.00300941 17 18 35 37 186 17 88 93
-0.00302121 17 36 35 37 186 17 88 93
-0.00302185 17 54 35 37 186 17 88 93
-0.00302646 34 0 35 37 186 17 88 93
-0.00196631 34 18 35 37 186 17 88 93
-0.00219742 34 36 35 37 186 17 88 93
-0.00302378 34 54 35 37 186 17 88 93
-0.00302623 51 0 35 37 186 17 88 93
-0.00302619 51 18 35 37 186 17 88 93
-0.00301868 51 36 35 37 186 17 88 93
-0.00249195 51 54 35 37 186 17 88 93
-0.00302757 0 0 35 37 186 17 88 93
-0.00270714 0 18 35 37 186 17 88 93
-0.0030276 0 36 35 37 186 17 88 93
-0.00302447 0 54 35 37 186 17 88 93
-0.00302342 17 0 35 37 186 17 88 93
-0.00302576 17 18 35 37 186 17 88 93
-0.00302219 17 36 35 37 186 17 88 93
-0.00302629 17 54 35 37 186 17 88 93
-0.00302785 34 0 35 37 186 17 88 93
-0.00302138 34 18 35 37 186 17 88 93
-0.00301305 34 36 35 37 186 17 88 93
-0.00302148 34 54 35 37 186 17 88 93
-0.00302493 51 0 35 37 186 17 88 93
-0.00302373 51 18 35 37 186 17 88 93
-0.00232216 51 36 35 37 186 17 88 93
-0.00301307 51 54 35 37 186 17 88 93
-0.0030235 0 0 35 37 186 17 88 93
-0.00268896 0 18 35 37 186 17 88 93
-0.00301301 0 36 35 37 186 17 88 93
-0.00302537 0 54 35 37 186 17 88 93
-0.00302105 17 0 35 37 186 17 88 93
-0.00301813 17 18 35 37 186 17 88 93
-0.0030215 17 36 35 37 186 17 88 93
-0.00302404 17 54 35 37 186 17 88 93
-0.00302037 34 0 35 37 186 17 88 93
-0.0016007 34 18 35 37 186 17 88 93
-0.00302657 34 36 35 37 186 17 88 93
-0.00302551 34 54 35 37 186 17 88 93
-0.00301395 51 0 35 37 186 17 88 93
-0.00301039 51 18 35 37 186 17 88 93
-0.00302468 51 36 35 37 186 17 88 93
-0.00302752 51 54 35 37 186 17 88 93
-0.00302398 0 0 35 37 186 17 88 93
-0.00302361 0 18 35 37 186 17 88 93
-0.00302483 0 36 35 37 186 17 88 93
-0.00302733 0 54 35 37 186 17 88 93
-0.00302312 17 0 35 37 186 17 88 93
-0.00302657 17 18 35 37 186 17 88 93
-0.00302781 17 36 35 37 186 17 88 93
-0.00302747 17 54 35 37 186 17 88 93
-0.00302556 34 0 35 37 186 17 88 93
-0.00302453 34 18 35 37 186 17 88 93
-0.00302521 34 36 35 37 186 17 88 93
-0.0030177 34 54 35 37 186 17 88 93
-0.00302673 51 0 35 37 186 17 88 93
-0.00302557 51 18 35 37 186 17 88 93
-0.0030272 51 36 35 37 186 17 88 93
-0.00302645 51 54 35 37 186 17 88 93
-0.0030202 0 0 35 37 186 17 88 93
-0.00302282 0 18 35 37 186 17 88 93
-0.00302092 0 36 35 37 186 17 88 93
-0.00302415 0 54 35 37 186 17 88 93
-0.00302595 17 0 35 37 186 17 88 93
-0.00206125 17 18 35 37 186 17 88 93
-0.00302389 17 36 35 37 186 17 88 93
-0.00302584 17 54 35 37 186 17 88 93
-0.00302685 34 0 35 37 186 17 88 93
-0.00302722 34 18 35 37 186 17 88 93
-0.00302365 34 36 35 37 186 17 88 93
-0.00302441 34 54 35 37 186 17 88 93
-0.00302184 51 0 35 37 186 17 88 93
-0.0030272 51 18 35 37 186 17 88 93
-0.00302584 51 36 35 37 186 17 88 93
-0.00302025 51 54 35 37 186 17 88 93
-0.00302555 0 0 35 37 186 17 88 93
-0.00302671 0 18 35 37 186 17 88 93
-0.00302505 0 36 35 37 186 17 88 93
-0.00301495 0 54 35 37 186 17 88 93
-0.00138327 17 0 35 37 186 17 88 93
-0.00302513 17 18 35 37 186 17 88 93
-0.00302809 17 36 35 37 186 17 88 93
-0.00302801 17 54 35 37 186 17 88 93
-0.00153445 34 0 35 37 186 17 88 93
-0.00302133 34 18 35 37 186 17 88 93
-0.0030193 34 36 35 37 186 17 88 93
-0.00302586 34 54 35 37 186 17 88 93
-0.00280002 51 0 35 37 186 17 88 93
-0.00300906 51 18 35 37 186 17 88 93
-0.00301092 51 36 35 37 186 17 88 93
-0.00302576 51 54 35 37 186 17 88 93
-0.0030123 0 0 35 37 186 17 88 93
-0.00302208 0 18 35 37 186 17 88 93
-0.00301411 0 36 35 37 186 17 88 93
-0.00301927 0 54 35 37 186 17 88 93
-0.00302693 17 0 35 37 186 17 88 93
-0.00302741 17 18 35 37 186 17 88 93
-0.00302777 17 36 35 37 186 17 88 93
-0.00302765 17 54 35 37 186 17 88 93
-0.00302637 34 0 35 37 186 17 88 93
-0.0030256 34 18 35 37 186 17 88 93
-0.00302709 34 36 35 37 186 17 88 93
-0.00302742 34 54 35 37 186 17 88 93
-0.00302668 51 0 35 37 186 17 88 93
-0.00302583 51 18 35 37 186 17 88 93
-0.00302727 51 36 35 37 186 17 88 93
-0.00302555 51 54 35 37 186 17 88 93
-0.00302688 0 0 35 37 186 17 88 93
-0.00302254 0 18 35 37 186 17 88 93
-0.00302364 0 36 35 37 186 17 88 93
-0.00301715 0 54 35 37 186 17 88 93
-0.00302716 17 0 35 37 186 17 88 93
-0.00302757 17 18 35 37 186 17 88 93
-0.00302365 17 36 35 37 186 17 88 93
-0.00302507 17 54 35 37 186 17 88 93
-0.00302757 34 0 35 37 186 17 88 93
-0.00302659 34 18 35 37 186 17 88 93
-0.00302751 34 36 35 37 186 17 88 93
-0.00302516 34 54 35 37 186 17 88 93
-0.00302801 51 0 35 37 186 17 88 93
-0.00302668 51 18 35 37 186 17 88 93
-0.00302638 51 36 35 37 186 17 88 93
-0.00302419 51 54 35 37 186 17 88 93
-0.00302393 0 0 58 62 186 17 88 93
-0.00301978 0 31 58 62 186 17 88 93
-0.00302738 29 0 58 62 186 17 88 93
-0.003027 29 31 58 62 186 17 88 93
-0.00301307 0 0 58 62 186 17 88 93
-0.0030105 0 31 58 62 186 17 88 93
-0.00285757 29 0 58 62 186 17 88 93
-0.00301466 29 31 58 62 186 17 88 93
-0.00302243 0 0 58 62 186 17 88 93
-0.00169126 0 31 58 62 186 17 88 93
-0.00302746 29 0 58 62 186 17 88 93
-0.00301962 29 31 58 62 186 17 88 93
-0.00302008 0 0 58 62 186 17 88 93
-0.00301151 0 31 58 62 186 17 88 93
-0.00302237 29 0 58 62 186 17 88 93
-0.00301154 29 31 58 62 186 17 88 93
-0.00301337 0 0 58 62 186 17 88 93
-0.00302428 0 31 58 62 186 17 88 93
-0.00302648 29 0 58 62 186 17 88 93
-0.00302746 29 31 58 62 186 17 88 93
-0.00301139 0 0 58 62 186 17 88 93
-0.0030224 0 31 58 62 186 17 88 93
-0.00302785 29 0 58 62 186 17 88 93
-0.00302244 29 31 58 62 186 17 88 93
-0.00301374 0 0 58 62 186 17 88 93
-0.00122311 0 31 58 62 186 17 88 93
-0.00302742 29 0 58 62 186 17 88 93
-0.00302769 29 31 58 62 186 17 88 93
-0.00302557 0 0 58 62 186 17 88 93
-0.00302528 0 31 58 62 186 17 88 93
-0.00276195 29 0 58 62 186 17 88 93
-0.00301908 29 31 58 62 186 17 88 93
-0.00301491 0 0 58 62 186 17 88 93
-0.00301865 0 31 58 62 186 17 88 93
-0.00302655 29 0 58 62 186 17 88 93
-0.00302654 29 31 58 62 186 17 88 93
-0.00302756 0 0 58 62 186 17 88 93
-0.00302044 0 31 58 62 186 17 88 93
-0.00302663 29 0 58 62 186 17 88 93
-0.0030232 29 31 58 62 186 17 88 93
-0.0030258 0 0 88 93 186 17 88 93
-0.00174918 0 0 88 93 186 17 88 93
-0.00302302 0 0 88 93 186 17 88 93
-0.00301771 0 0 88 93 186 17 88 93
-0.00302556 0 0 88 93 186 17 88 93
-0.0030231 0 0 88 93 186 17 88 93
-0.00302256 0 0 88 93 186 17 88 93
-0.00302625 0 0 88 93 186 17 88 93
-0.00302228 0 0 88 93 186 17 88 93
-0.00301626 0 0 88 93 186 17 88 93
