-0.00446548 0 0 28 30 143 124 84 196
-0.00444791 0 15 28 30 143 124 84 196
-0.00447086 0 30 28 30 143 124 84 196
-0.00446975 0 45 28 30 143 124 84 196
-0.00446996 0 60 28 30 143 124 84 196
-0.00447365 0 75 28 30 143 124 84 196
-0.00447416 0 90 28 30 143 124 84 196
-0.00447336 0 105 28 30 143 124 84 196
-0.00446577 0 120 28 30 143 124 84 196
-0.00446219 0 135 28 30 143 124 84 196
-0.00447176 0 150 28 30 143 124 84 196
-0.00447395 0 165 28 30 143 124 84 196
-0.00447502 14 0 28 30 143 124 84 196
-0.00447378 14 15 28 30 143 124 84 196
-0.00447173 14 30 28 30 143 124 84 196
-0.00445348 14 45 28 30 143 124 84 196
-0.00447043 14 60 28 30 143 124 84 196
-0.00447136 14 75 28 30 143 124 84 196
-0.00447217 14 90 28 30 143 124 84 196
-0.00447424 14 105 28 30 143 124 84 196
-0.00447265 14 120 28 30 143 124 84 196
-0.00445867 14 135 28 30 143 124 84 196
-0.00446653 14 150 28 30 143 124 84 196
-0.00447364 14 165 28 30 143 124 84 196
-0.00447491 28 0 28 30 143 124 84 196
-0.00447481 28 15 28 30 143 124 84 196
-0.00447226 28 30 28 30 143 124 84 196
-0.00445875 28 45 28 30 143 124 84 196
-0.00447113 28 60 28 30 143 124 84 196
-0.0044719 28 75 28 30 143 124 84 196
-0.00447209 28 90 28 30 143 124 84 196
-0.0044729 28 105 28 30 143 124 84 196
-0.00446678 28 120 28 30 143 124 84 196
-0.00445943 28 135 28 30 143 124 84 196
-0.00447125 28 150 28 30 143 124 84 196
-0.00447422 28 165 28 30 143 124 84 196
-0.00447312 42 0 28 30 143 124 84 196
-0.00447298 42 15 28 30 143 124 84 196
-0.00447182 42 30 28 30 143 124 84 196
-0.00447086 42 45 28 30 143 124 84 196
-0.00446904 42 60 28 30 143 124 84 196
-0.00447312 42 75 28 30 143 124 84 196
-0.00447337 42 90 28 30 143 124 84 196
-0.00446503 42 105 28 30 143 124 84 196
-0.00447125 42 120 28 30 143 124 84 196
-0.00447294 42 135 28 30 143 124 84 196
-0.00447368 42 150 28 30 143 124 84 196
-0.00447504 42 165 28 30 143 124 84 196
-0.00446 56 0 28 30 143 124 84 196
-0.00447305 56 15 28 30 143 124 84 196
-0.00447281 56 30 28 30 143 124 84 196
-0.00446916 56 45 28 30 143 124 84 196
-0.00446971 56 60 28 30 143 124 84 196
-0.00447254 56 75 28 30 143 124 84 196
-0.00447057 56 90 28 30 143 124 84 196
-0.00446882 56 105 28 30 143 124 84 196
-0.00447468 56 120 28 30 143 124 84 196
-0.00447416 56 135 28 30 143 124 84 196
-0.00447271 56 150 28 30 143 124 84 196
-0.00447485 56 165 28 30 143 124 84 196
-0.0024901 0 0 28 30 143 124 84 196
-0.00335031 0 15 28 30 143 124 84 196
-0.0044612 0 30 28 30 143 124 84 196
-0.00447161 0 45 28 30 143 124 84 196
-0.00447355 0 60 28 30 143 124 84 196
-0.00447315 0 75 28 30 143 124 84 196
-0.00447046 0 90 28 30 143 124 84 196
-0.00446851 0 105 28 30 143 124 84 196
-0.0044689 0 120 28 30 143 124 84 196
-0.00446182 0 135 28 30 143 124 84 196
-0.00447433 0 150 28 30 143 124 84 196
-0.00447443 0 165 28 30 143 124 84 196
-0.00372724 14 0 28 30 143 124 84 196
-0.00297814 14 15 28 30 143 124 84 196
-0.00446238 14 30 28 30 143 124 84 196
-0.00446895 14 45 28 30 143 124 84 196
-0.00447348 14 60 28 30 143 124 84 196
-0.00447439 14 75 28 30 143 124 84 196
-0.00447327 14 90 28 30 143 124 84 196
-0.00446892 14 105 28 30 143 124 84 196
-0.00445816 14 120 28 30 143 124 84 196
-0.00446963 14 135 28 30 143 124 84 196
-0.00447471 14 150 28 30 143 124 84 196
-0.00447426 14 165 28 30 143 124 84 196
-0.00446183 28 0 28 30 143 124 84 196
-0.00375532 28 15 28 30 143 124 84 196
-0.00446348 28 30 28 30 143 124 84 196
-0.0043425 28 45 28 30 143 124 84 196
-0.00446026 28 60 28 30 143 124 84 196
-0.00447417 28 75 28 30 143 124 84 196
-0.00447517 28 90 28 30 143 124 84 196
-0.00447225 28 105 28 30 143 124 84 196
-0.00444544 28 120 28 30 143 124 84 196
-0.00446618 28 135 28 30 143 124 84 196
-0.00447467 28 150 28 30 143 124 84 196
-0.00447393 28 165 28 30 143 124 84 196
-0.00447054 42 0 28 30 143 124 84 196
-0.00447125 42 15 28 30 143 124 84 196
-0.00446633 42 30 28 30 143 124 84 196
-0.00346911 42 45 28 30 143 124 84 196
-0.00446049 42 60 28 30 143 124 84 196
-0.00446475 42 75 28 30 143 124 84 196
-0.00447499 42 90 28 30 143 124 84 196
-0.00447465 42 105 28 30 143 124 84 196
-0.00446165 42 120 28 30 143 124 84 196
-0.00446463 42 135 28 30 143 124 84 196
-0.00447457 42 150 28 30 143 124 84 196
-0.00447353 42 165 28 30 143 124 84 196
-0.00447215 56 0 28 30 143 124 84 196
-0.00447298 56 15 28 30 143 124 84 196
-0.00447382 56 30 28 30 143 124 84 196
-0.00446731 56 45 28 30 143 124 84 196
-0.00446914 56 60 28 30 143 124 84 196
-0.00447129 56 75 28 30 143 124 84 196
-0.00447487 56 90 28 30 143 124 84 196
-0.0044748 56 105 28 30 143 124 84 196
-0.00446889 56 120 28 30 143 124 84 196
-0.00446717 56 135 28 30 143 124 84 196
-0.00447465 56 150 28 30 143 124 84 196
-0.00447347 56 165 28 30 143 124 84 196
-0.00447053 0 0 28 30 143 124 84 196
-0.00447374 0 15 28 30 143 124 84 196
-0.00447494 0 30 28 30 143 124 84 196
-0.00447497 0 45 28 30 143 124 84 196
-0.00446971 0 60 28 30 143 124 84 196
-0.00445151 0 75 28 30 143 124 84 196
-0.0044667 0 90 28 30 143 124 84 196
-0.00447227 0 105 28 30 143 124 84 196
-0.00447393 0 120 28 30 143 124 84 196
-0.00447332 0 135 28 30 143 124 84 196
-0.00447361 0 150 28 30 143 124 84 196
-0.00447333 0 165 28 30 143 124 84 196
-0.00447248 14 0 28 30 143 124 84 196
-0.00447419 14 15 28 30 143 124 84 196
-0.00447498 14 30 28 30 143 124 84 196
-0.00447436 14 45 28 30 143 124 84 196
-0.00445803 14 60 28 30 143 124 84 196
-0.00446508 14 75 28 30 143 124 84 196
-0.00447405 14 90 28 30 143 124 84 196
-0.00447442 14 105 28 30 143 124 84 196
-0.00446952 14 120 28 30 143 124 84 196
-0.00447379 14 135 28 30 143 124 84 196
-0.00447443 14 150 28 30 143 124 84 196
-0.00447305 14 165 28 30 143 124 84 196
-0.0044727 28 0 28 30 143 124 84 196
-0.00447393 28 15 28 30 143 124 84 196
-0.00447469 28 30 28 30 143 124 84 196
-0.00447274 28 45 28 30 143 124 84 196
-0.00428918 28 60 28 30 143 124 84 196
-0.00446483 28 75 28 30 143 124 84 196
-0.00447412 28 90 28 30 143 124 84 196
-0.00447336 28 105 28 30 143 124 84 196
-0.00447142 28 120 28 30 143 124 84 196
-0.00447407 28 135 28 30 143 124 84 196
-0.00447461 28 150 28 30 143 124 84 196
-0.00447163 28 165 28 30 143 124 84 196
-0.00447169 42 0 28 30 143 124 84 196
-0.00446873 42 15 28 30 143 124 84 196
-0.00447191 42 30 28 30 143 124 84 196
-0.00446963 42 45 28 30 143 124 84 196
-0.00445931 42 60 28 30 143 124 84 196
-0.00446155 42 75 28 30 143 124 84 196
-0.00446892 42 90 28 30 143 124 84 196
-0.00446497 42 105 28 30 143 124 84 196
-0.00444657 42 120 28 30 143 124 84 196
-0.0044731 42 135 28 30 143 124 84 196
-0.0044739 42 150 28 30 143 124 84 196
-0.00446657 42 165 28 30 143 124 84 196
-0.0044628 56 0 28 30 143 124 84 196
-0.00446089 56 15 28 30 143 124 84 196
-0.00445891 56 30 28 30 143 124 84 196
-0.00446579 56 45 28 30 143 124 84 196
-0.00446504 56 60 28 30 143 124 84 196
-0.00426199 56 75 28 30 143 124 84 196
-0.00444942 56 90 28 30 143 124 84 196
-0.00445197 56 105 28 30 143 124 84 196
-0.00341055 56 120 28 30 143 124 84 196
-0.00447402 56 135 28 30 143 124 84 196
-0.00447398 56 150 28 30 143 124 84 196
-0.00446448 56 165 28 30 143 124 84 196
-0.00446018 0 0 28 30 143 124 84 196
-0.0044585 0 15 28 30 143 124 84 196
-0.00446995 0 30 28 30 143 124 84 196
-0.00447467 0 45 28 30 143 124 84 196
-0.0044752 0 60 28 30 143 124 84 196
-0.00447114 0 75 28 30 143 124 84 196
-0.0044712 0 90 28 30 143 124 84 196
-0.0044735 0 105 28 30 143 124 84 196
-0.00447394 0 120 28 30 143 124 84 196
-0.00447435 0 135 28 30 143 124 84 196
-0.00447409 0 150 28 30 143 124 84 196
-0.00447332 0 165 28 30 143 124 84 196
-0.00445059 14 0 28 30 143 124 84 196
-0.0044481 14 15 28 30 143 124 84 196
-0.00447056 14 30 28 30 143 124 84 196
-0.00447467 14 45 28 30 143 124 84 196
-0.00447528 14 60 28 30 143 124 84 196
-0.00447175 14 75 28 30 143 124 84 196
-0.00447429 14 90 28 30 143 124 84 196
-0.00447512 14 105 28 30 143 124 84 196
-0.00447027 14 120 28 30 143 124 84 196
-0.00446528 14 135 28 30 143 124 84 196
-0.00446884 14 150 28 30 143 124 84 196
-0.00445963 14 165 28 30 143 124 84 196
-0.00446201 28 0 28 30 143 124 84 196
-0.00444896 28 15 28 30 143 124 84 196
-0.00447151 28 30 28 30 143 124 84 196
-0.00447386 28 45 28 30 143 124 84 196
-0.00447434 28 60 28 30 143 124 84 196
-0.00447503 28 75 28 30 143 124 84 196
-0.0044745 28 90 28 30 143 124 84 196
-0.00447092 28 105 28 30 143 124 84 196
-0.00446973 28 120 28 30 143 124 84 196
-0.00447368 28 135 28 30 143 124 84 196
-0.00447389 28 150 28 30 143 124 84 196
-0.00447042 28 165 28 30 143 124 84 196
-0.00447082 42 0 28 30 143 124 84 196
-0.00446582 42 15 28 30 143 124 84 196
-0.0044707 42 30 28 30 143 124 84 196
-0.00446816 42 45 28 30 143 124 84 196
-0.00446908 42 60 28 30 143 124 84 196
-0.00446903 42 75 28 30 143 124 84 196
-0.0044717 42 90 28 30 143 124 84 196
-0.00446796 42 105 28 30 143 124 84 196
-0.00447301 42 120 28 30 143 124 84 196
-0.00447421 42 135 28 30 143 124 84 196
-0.00446958 42 150 28 30 143 124 84 196
-0.00289923 42 165 28 30 143 124 84 196
-0.00447274 56 0 28 30 143 124 84 196
-0.00447336 56 15 28 30 143 124 84 196
-0.00447122 56 30 28 30 143 124 84 196
-0.00436855 56 45 28 30 143 124 84 196
-0.00445211 56 60 28 30 143 124 84 196
-0.00446542 56 75 28 30 143 124 84 196
-0.00446618 56 90 28 30 143 124 84 196
-0.00446478 56 105 28 30 143 124 84 196
-0.00447323 56 120 28 30 143 124 84 196
-0.0044742 56 135 28 30 143 124 84 196
-0.0044661 56 150 28 30 143 124 84 196
-0.00235684 56 165 28 30 143 124 84 196
-0.00446894 0 0 28 30 143 124 84 196
-0.00332027 0 15 28 30 143 124 84 196
-0.00444774 0 30 28 30 143 124 84 196
-0.00447414 0 45 28 30 143 124 84 196
-0.00447515 0 60 28 30 143 124 84 196
-0.00447463 0 75 28 30 143 124 84 196
-0.00447339 0 90 28 30 143 124 84 196
-0.00447379 0 105 28 30 143 124 84 196
-0.00447276 0 120 28 30 143 124 84 196
-0.00447283 0 135 28 30 143 124 84 196
-0.00447378 0 150 28 30 143 124 84 196
-0.0044746 0 165 28 30 143 124 84 196
-0.00447507 14 0 28 30 143 124 84 196
-0.0044747 14 15 28 30 143 124 84 196
-0.0026189 14 30 28 30 143 124 84 196
-0.00409838 14 45 28 30 143 124 84 196
-0.00447444 14 60 28 30 143 124 84 196
-0.00447451 14 75 28 30 143 124 84 196
-0.00447366 14 90 28 30 143 124 84 196
-0.00447442 14 105 28 30 143 124 84 196
-0.00447327 14 120 28 30 143 124 84 196
-0.00446511 14 135 28 30 143 124 84 196
-0.00446951 14 150 28 30 143 124 84 196
-0.00447376 14 165 28 30 143 124 84 196
-0.00447499 28 0 28 30 143 124 84 196
-0.00447469 28 15 28 30 143 124 84 196
-0.0021496 28 30 28 30 143 124 84 196
-0.00446193 28 45 28 30 143 124 84 196
-0.00447411 28 60 28 30 143 124 84 196
-0.00446996 28 75 28 30 143 124 84 196
-0.00447289 28 90 28 30 143 124 84 196
-0.00447453 28 105 28 30 143 124 84 196
-0.00447326 28 120 28 30 143 124 84 196
-0.00447024 28 135 28 30 143 124 84 196
-0.0044725 28 150 28 30 143 124 84 196
-0.00447402 28 165 28 30 143 124 84 196
-0.00447418 42 0 28 30 143 124 84 196
-0.00447346 42 15 28 30 143 124 84 196
-0.00447417 42 30 28 30 143 124 84 196
-0.00447293 42 45 28 30 143 124 84 196
-0.00446586 42 60 28 30 143 124 84 196
-0.00446748 42 75 28 30 143 124 84 196
-0.00447473 42 90 28 30 143 124 84 196
-0.00447236 42 105 28 30 143 124 84 196
-0.00447082 42 120 28 30 143 124 84 196
-0.00447394 42 135 28 30 143 124 84 196
-0.00447466 42 150 28 30 143 124 84 196
-0.00447487 42 165 28 30 143 124 84 196
-0.00446247 56 0 28 30 143 124 84 196
-0.00315742 56 15 28 30 143 124 84 196
-0.00446714 56 30 28 30 143 124 84 196
-0.00447381 56 45 28 30 143 124 84 196
-0.00447349 56 60 28 30 143 124 84 196
-0.00447383 56 75 28 30 143 124 84 196
-0.00447348 56 90 28 30 143 124 84 196
-0.00446972 56 105 28 30 143 124 84 196
-0.00447444 56 120 28 30 143 124 84 196
-0.00447516 56 135 28 30 143 124 84 196
-0.00447 56 150 28 30 143 124 84 196
-0.00226679 56 165 28 30 143 124 84 196
-0.00446723 0 0 28 30 143 124 84 196
-0.00446228 0 15 28 30 143 124 84 196
-0.00447139 0 30 28 30 143 124 84 196
-0.00447306 0 45 28 30 143 124 84 196
-0.0044717 0 60 28 30 143 124 84 196
-0.0044713 0 75 28 30 143 124 84 196
-0.00446917 0 90 28 30 143 124 84 196
-0.00446847 0 105 28 30 143 124 84 196
-0.00447307 0 120 28 30 143 124 84 196
-0.00447437 0 135 28 30 143 124 84 196
-0.00447294 0 150 28 30 143 124 84 196
-0.00447239 0 165 28 30 143 124 84 196
-0.00447242 14 0 28 30 143 124 84 196
-0.00445887 14 15 28 30 143 124 84 196
-0.00446637 14 30 28 30 143 124 84 196
-0.00446888 14 45 28 30 143 124 84 196
-0.00447339 14 60 28 30 143 124 84 196
-0.00447182 14 75 28 30 143 124 84 196
-0.00447055 14 90 28 30 143 124 84 196
-0.00447308 14 105 28 30 143 124 84 196
-0.00446448 14 120 28 30 143 124 84 196
-0.00445173 14 135 28 30 143 124 84 196
-0.00446997 14 150 28 30 143 124 84 196
-0.00447277 14 165 28 30 143 124 84 196
-0.00447477 28 0 28 30 143 124 84 196
-0.00447422 28 15 28 30 143 124 84 196
-0.00446717 28 30 28 30 143 124 84 196
-0.00447357 28 45 28 30 143 124 84 196
-0.00447216 28 60 28 30 143 124 84 196
-0.00446808 28 75 28 30 143 124 84 196
-0.00447381 28 90 28 30 143 124 84 196
-0.00447357 28 105 28 30 143 124 84 196
-0.00446476 28 120 28 30 143 124 84 196
-0.00445515 28 135 28 30 143 124 84 196
-0.00446551 28 150 28 30 143 124 84 196
-0.00447297 28 165 28 30 143 124 84 196
-0.00447418 42 0 28 30 143 124 84 196
-0.00447373 42 15 28 30 143 124 84 196
-0.00447261 42 30 28 30 143 124 84 196
-0.00447137 42 45 28 30 143 124 84 196
-0.00446417 42 60 28 30 143 124 84 196
-0.00446976 42 75 28 30 143 124 84 196
-0.00447449 42 90 28 30 143 124 84 196
-0.00447214 42 105 28 30 143 124 84 196
-0.0044713 42 120 28 30 143 124 84 196
-0.00447434 42 135 28 30 143 124 84 196
-0.00447467 42 150 28 30 143 124 84 196
-0.00447482 42 165 28 30 143 124 84 196
-0.00446967 56 0 28 30 143 124 84 196
-0.00447442 56 15 28 30 143 124 84 196
-0.00447382 56 30 28 30 143 124 84 196
-0.0044731 56 45 28 30 143 124 84 196
-0.00447306 56 60 28 30 143 124 84 196
-0.0044725 56 75 28 30 143 124 84 196
-0.00447153 56 90 28 30 143 124 84 196
-0.0044598 56 105 28 30 143 124 84 196
-0.00447354 56 120 28 30 143 124 84 196
-0.00447495 56 135 28 30 143 124 84 196
-0.00447462 56 150 28 30 143 124 84 196
-0.00444703 56 165 28 30 143 124 84 196
-0.00447184 0 0 28 30 143 124 84 196
-0.0044675 0 15 28 30 143 124 84 196
-0.00447306 0 30 28 30 143 124 84 196
-0.00446324 0 45 28 30 143 124 84 196
-0.00446085 0 60 28 30 143 124 84 196
-0.0044642 0 75 28 30 143 124 84 196
-0.00447094 0 90 28 30 143 124 84 196
-0.00446997 0 105 28 30 143 124 84 196
-0.00447291 0 120 28 30 143 124 84 196
-0.00447211 0 135 28 30 143 124 84 196
-0.00445798 0 150 28 30 143 124 84 196
-0.00446917 0 165 28 30 143 124 84 196
-0.00447453 14 0 28 30 143 124 84 196
-0.00447359 14 15 28 30 143 124 84 196
-0.0044728 14 30 28 30 143 124 84 196
-0.00446252 14 45 28 30 143 124 84 196
-0.00338042 14 60 28 30 143 124 84 196
-0.00369892 14 75 28 30 143 124 84 196
-0.00447366 14 90 28 30 143 124 84 196
-0.00447147 14 105 28 30 143 124 84 196
-0.00447309 14 120 28 30 143 124 84 196
-0.00447237 14 135 28 30 143 124 84 196
-0.00447373 14 150 28 30 143 124 84 196
-0.00447159 14 165 28 30 143 124 84 196
-0.00447424 28 0 28 30 143 124 84 196
-0.00447496 28 15 28 30 143 124 84 196
-0.0044667 28 30 28 30 143 124 84 196
-0.00446112 28 45 28 30 143 124 84 196
-0.00445924 28 60 28 30 143 124 84 196
-0.00447173 28 75 28 30 143 124 84 196
-0.00447435 28 90 28 30 143 124 84 196
-0.00446798 28 105 28 30 143 124 84 196
-0.00447285 28 120 28 30 143 124 84 196
-0.00447346 28 135 28 30 143 124 84 196
-0.00447105 28 150 28 30 143 124 84 196
-0.00447298 28 165 28 30 143 124 84 196
-0.00447448 42 0 28 30 143 124 84 196
-0.00447454 42 15 28 30 143 124 84 196
-0.00447503 42 30 28 30 143 124 84 196
-0.00447465 42 45 28 30 143 124 84 196
-0.00447344 42 60 28 30 143 124 84 196
-0.00447471 42 75 28 30 143 124 84 196
-0.00447366 42 90 28 30 143 124 84 196
-0.00446418 42 105 28 30 143 124 84 196
-0.00447306 42 120 28 30 143 124 84 196
-0.00447015 42 135 28 30 143 124 84 196
-0.0044712 42 150 28 30 143 124 84 196
-0.00447488 42 165 28 30 143 124 84 196
-0.0044676 56 0 28 30 143 124 84 196
-0.00447517 56 15 28 30 143 124 84 196
-0.00447388 56 30 28 30 143 124 84 196
-0.00447324 56 45 28 30 143 124 84 196
-0.0044745 56 60 28 30 143 124 84 196
-0.00447459 56 75 28 30 143 124 84 196
-0.00447272 56 90 28 30 143 124 84 196
-0.00446977 56 105 28 30 143 124 84 196
-0.00447467 56 120 28 30 143 124 84 196
-0.00447374 56 135 28 30 143 124 84 196
-0.00447311 56 150 28 30 143 124 84 196
-0.00447405 56 165 28 30 143 124 84 196
-0.00228757 0 0 28 30 143 124 84 196
-0.00407085 0 15 28 30 143 124 84 196
-0.00446759 0 30 28 30 143 124 84 196
-0.00445896 0 45 28 30 143 124 84 196
-0.00446314 0 60 28 30 143 124 84 196
-0.00447268 0 75 28 30 143 124 84 196
-0.00447506 0 90 28 30 143 124 84 196
-0.00447491 0 105 28 30 143 124 84 196
-0.00447506 0 120 28 30 143 124 84 196
-0.00447399 0 135 28 30 143 124 84 196
-0.00447479 0 150 28 30 143 124 84 196
-0.00447359 0 165 28 30 143 124 84 196
-0.00447482 14 0 28 30 143 124 84 196
-0.00447 14 15 28 30 143 124 84 196
-0.00446596 14 30 28 30 143 124 84 196
-0.00264892 14 45 28 30 143 124 84 196
-0.00445354 14 60 28 30 143 124 84 196
-0.00242605 14 75 28 30 143 124 84 196
-0.00446094 14 90 28 30 143 124 84 196
-0.00445038 14 105 28 30 143 124 84 196
-0.00445831 14 120 28 30 143 124 84 196
-0.00446079 14 135 28 30 143 124 84 196
-0.00447035 14 150 28 30 143 124 84 196
-0.00447038 14 165 28 30 143 124 84 196
-0.00447465 28 0 28 30 143 124 84 196
-0.00447455 28 15 28 30 143 124 84 196
-0.00447335 28 30 28 30 143 124 84 196
-0.0044619 28 45 28 30 143 124 84 196
-0.00446876 28 60 28 30 143 124 84 196
-0.00446683 28 75 28 30 143 124 84 196
-0.00447377 28 90 28 30 143 124 84 196
-0.00447303 28 105 28 30 143 124 84 196
-0.0044728 28 120 28 30 143 124 84 196
-0.00447409 28 135 28 30 143 124 84 196
-0.00447368 28 150 28 30 143 124 84 196
-0.00447414 28 165 28 30 143 124 84 196
-0.00447451 42 0 28 30 143 124 84 196
-0.00447437 42 15 28 30 143 124 84 196
-0.00447473 42 30 28 30 143 124 84 196
-0.00446919 42 45 28 30 143 124 84 196
-0.00447206 42 60 28 30 143 124 84 196
-0.00447418 42 75 28 30 143 124 84 196
-0.00447363 42 90 28 30 143 124 84 196
-0.00446909 42 105 28 30 143 124 84 196
-0.00447195 42 120 28 30 143 124 84 196
-0.00447432 42 135 28 30 143 124 84 196
-0.00447377 42 150 28 30 143 124 84 196
-0.00447517 42 165 28 30 143 124 84 196
-0.00301763 56 0 28 30 143 124 84 196
-0.0044741 56 15 28 30 143 124 84 196
-0.00447344 56 30 28 30 143 124 84 196
-0.00446781 56 45 28 30 143 124 84 196
-0.00446373 56 60 28 30 143 124 84 196
-0.00447404 56 75 28 30 143 124 84 196
-0.00447374 56 90 28 30 143 124 84 196
-0.0044722 56 105 28 30 143 124 84 196
-0.00447481 56 120 28 30 143 124 84 196
-0.00447504 56 135 28 30 143 124 84 196
-0.00447349 56 150 28 30 143 124 84 196
-0.00447512 56 165 28 30 143 124 84 196
-0.00352765 0 0 28 30 143 124 84 196
-0.00308923 0 15 28 30 143 124 84 196
-0.00446834 0 30 28 30 143 124 84 196
-0.00446322 0 45 28 30 143 124 84 196
-0.00390005 0 60 28 30 143 124 84 196
-0.00446832 0 75 28 30 143 124 84 196
-0.0044747 0 90 28 30 143 124 84 196
-0.0044749 0 105 28 30 143 124 84 196
-0.00447413 0 120 28 30 143 124 84 196
-0.00447326 0 135 28 30 143 124 84 196
-0.00447356 0 150 28 30 143 124 84 196
-0.00447319 0 165 28 30 143 124 84 196
-0.00445715 14 0 28 30 143 124 84 196
-0.00447022 14 15 28 30 143 124 84 196
-0.00447136 14 30 28 30 143 124 84 196
-0.00446537 14 45 28 30 143 124 84 196
-0.00445083 14 60 28 30 143 124 84 196
-0.00445166 14 75 28 30 143 124 84 196
-0.00445749 14 90 28 30 143 124 84 196
-0.00446351 14 105 28 30 143 124 84 196
-0.00447144 14 120 28 30 143 124 84 196
-0.00447384 14 135 28 30 143 124 84 196
-0.00447443 14 150 28 30 143 124 84 196
-0.00447382 14 165 28 30 143 124 84 196
-0.00446063 28 0 28 30 143 124 84 196
-0.00447426 28 15 28 30 143 124 84 196
-0.00447301 28 30 28 30 143 124 84 196
-0.00446391 28 45 28 30 143 124 84 196
-0.00445777 28 60 28 30 143 124 84 196
-0.00447268 28 75 28 30 143 124 84 196
-0.00447347 28 90 28 30 143 124 84 196
-0.00447277 28 105 28 30 143 124 84 196
-0.0044729 28 120 28 30 143 124 84 196
-0.00447357 28 135 28 30 143 124 84 196
-0.00395763 28 150 28 30 143 124 84 196
-0.0044675 28 165 28 30 143 124 84 196
-0.00439429 42 0 28 30 143 124 84 196
-0.00447351 42 15 28 30 143 124 84 196
-0.00447435 42 30 28 30 143 124 84 196
-0.00446858 42 45 28 30 143 124 84 196
-0.00447033 42 60 28 30 143 124 84 196
-0.00447356 42 75 28 30 143 124 84 196
-0.00447242 42 90 28 30 143 124 84 196
-0.0044584 42 105 28 30 143 124 84 196
-0.00447201 42 120 28 30 143 124 84 196
-0.00447367 42 135 28 30 143 124 84 196
-0.0044654 42 150 28 30 143 124 84 196
-0.00446624 42 165 28 30 143 124 84 196
-0.00251777 56 0 28 30 143 124 84 196
-0.0044691 56 15 28 30 143 124 84 196
-0.0044736 56 30 28 30 143 124 84 196
-0.00446788 56 45 28 30 143 124 84 196
-0.00445793 56 60 28 30 143 124 84 196
-0.00447227 56 75 28 30 143 124 84 196
-0.0044722 56 90 28 30 143 124 84 196
-0.00447274 56 105 28 30 143 124 84 196
-0.00447344 56 120 28 30 143 124 84 196
-0.00446288 56 135 28 30 143 124 84 196
-0.00285907 56 150 28 30 143 124 84 196
-0.00231618 56 165 28 30 143 124 84 196
-0.00447252 0 0 28 30 143 124 84 196
-0.00273849 0 15 28 30 143 124 84 196
-0.00447042 0 30 28 30 143 124 84 196
-0.00447342 0 45 28 30 143 124 84 196
-0.00447456 0 60 28 30 143 124 84 196
-0.00447451 0 75 28 30 143 124 84 196
-0.00447339 0 90 28 30 143 124 84 196
-0.00447282 0 105 28 30 143 124 84 196
-0.00447162 0 120 28 30 143 124 84 196
-0.00446626 0 135 28 30 143 124 84 196
-0.00447308 0 150 28 30 143 124 84 196
-0.00447441 0 165 28 30 143 124 84 196
-0.0044747 14 0 28 30 143 124 84 196
-0.00447465 14 15 28 30 143 124 84 196
-0.00447342 14 30 28 30 143 124 84 196
-0.00447174 14 45 28 30 143 124 84 196
-0.00447478 14 60 28 30 143 124 84 196
-0.00447415 14 75 28 30 143 124 84 196
-0.00447332 14 90 28 30 143 124 84 196
-0.00447429 14 105 28 30 143 124 84 196
-0.00447343 14 120 28 30 143 124 84 196
-0.00446685 14 135 28 30 143 124 84 196
-0.00446599 14 150 28 30 143 124 84 196
-0.00447268 14 165 28 30 143 124 84 196
-0.0044743 28 0 28 30 143 124 84 196
-0.00447427 28 15 28 30 143 124 84 196
-0.00446808 28 30 28 30 143 124 84 196
-0.0044716 28 45 28 30 143 124 84 196
-0.0044748 28 60 28 30 143 124 84 196
-0.00447326 28 75 28 30 143 124 84 196
-0.0044654 28 90 28 30 143 124 84 196
-0.00446778 28 105 28 30 143 124 84 196
-0.0044725 28 120 28 30 143 124 84 196
-0.00447252 28 135 28 30 143 124 84 196
-0.004474 28 150 28 30 143 124 84 196
-0.00447427 28 165 28 30 143 124 84 196
-0.00447092 42 0 28 30 143 124 84 196
-0.004473 42 15 28 30 143 124 84 196
-0.00447375 42 30 28 30 143 124 84 196
-0.00447392 42 45 28 30 143 124 84 196
-0.00447271 42 60 28 30 143 124 84 196
-0.00446867 42 75 28 30 143 124 84 196
-0.00445318 42 90 28 30 143 124 84 196
-0.00446719 42 105 28 30 143 124 84 196
-0.00447161 42 120 28 30 143 124 84 196
-0.00447472 42 135 28 30 143 124 84 196
-0.00447474 42 150 28 30 143 124 84 196
-0.00447367 42 165 28 30 143 124 84 196
-0.00447286 56 0 28 30 143 124 84 196
-0.00447334 56 15 28 30 143 124 84 196
-0.00447368 56 30 28 30 143 124 84 196
-0.00447463 56 45 28 30 143 124 84 196
-0.00447165 56 60 28 30 143 124 84 196
-0.00446587 56 75 28 30 143 124 84 196
-0.00446683 56 90 28 30 143 124 84 196
-0.0044721 56 105 28 30 143 124 84 196
-0.00447479 56 120 28 30 143 124 84 196
-0.00447496 56 135 28 30 143 124 84 196
-0.00445402 56 150 28 30 143 124 84 196
-0.0042353 56 165 28 30 143 124 84 196
-0.00447385 0 0 42 39 143 124 84 196
-0.00446828 0 19 42 39 143 124 84 196
-0.00446771 0 38 42 39 143 124 84 196
-0.00446885 0 57 42 39 143 124 84 196
-0.00447247 0 76 42 39 143 124 84 196
-0.00447356 0 95 42 39 143 124 84 196
-0.00446925 0 114 42 39 143 124 84 196
-0.00319158 0 133 42 39 143 124 84 196
-0.00447092 0 152 42 39 143 124 84 196
-0.0044746 21 0 42 39 143 124 84 196
-0.00447418 21 19 42 39 143 124 84 196
-0.00447256 21 38 42 39 143 124 84 196
-0.00447043 21 57 42 39 143 124 84 196
-0.00447296 21 76 42 39 143 124 84 196
-0.00447269 21 95 42 39 143 124 84 196
-0.00445846 21 114 42 39 143 124 84 196
-0.00445526 21 133 42 39 143 124 84 196
-0.00447221 21 152 42 39 143 124 84 196
-0.00446806 42 0 42 39 143 124 84 196
-0.00447184 42 19 42 39 143 124 84 196
-0.00447084 42 38 42 39 143 124 84 196
-0.00446985 42 57 42 39 143 124 84 196
-0.00447132 42 76 42 39 143 124 84 196
-0.00444778 42 95 42 39 143 124 84 196
-0.00447188 42 114 42 39 143 124 84 196
-0.00447322 42 133 42 39 143 124 84 196
-0.00447439 42 152 42 39 143 124 84 196
-0.0020977 0 0 42 39 143 124 84 196
-0.00445486 0 19 42 39 143 124 84 196
-0.00446961 0 38 42 39 143 124 84 196
-0.00447363 0 57 42 39 143 124 84 196
-0.00447367 0 76 42 39 143 124 84 196
-0.0044684 0 95 42 39 143 124 84 196
-0.00378416 0 114 42 39 143 124 84 196
-0.00447044 0 133 42 39 143 124 84 196
-0.00447452 0 152 42 39 143 124 84 196
-0.00322493 21 0 42 39 143 124 84 196
-0.00445468 21 19 42 39 143 124 84 196
-0.00445726 21 38 42 39 143 124 84 196
-0.00445489 21 57 42 39 143 124 84 196
-0.00447449 21 76 42 39 143 124 84 196
-0.00447447 21 95 42 39 143 124 84 196
-0.00444624 21 114 42 39 143 124 84 196
-0.00447125 21 133 42 39 143 124 84 196
-0.00447464 21 152 42 39 143 124 84 196
-0.00447011 42 0 42 39 143 124 84 196
-0.00446903 42 19 42 39 143 124 84 196
-0.00446076 42 38 42 39 143 124 84 196
-0.00445016 42 57 42 39 143 124 84 196
-0.00447279 42 76 42 39 143 124 84 196
-0.00447507 42 95 42 39 143 124 84 196
-0.00446837 42 114 42 39 143 124 84 196
-0.00447013 42 133 42 39 143 124 84 196
-0.00447441 42 152 42 39 143 124 84 196
-0.00447197 0 0 42 39 143 124 84 196
-0.00447474 0 19 42 39 143 124 84 196
-0.00447485 0 38 42 39 143 124 84 196
-0.00446415 0 57 42 39 143 124 84 196
-0.00446586 0 76 42 39 143 124 84 196
-0.00447261 0 95 42 39 143 124 84 196
-0.00446039 0 114 42 39 143 124 84 196
-0.00447284 0 133 42 39 143 124 84 196
-0.00447334 0 152 42 39 143 124 84 196
-0.00447399 21 0 42 39 143 124 84 196
-0.00447452 21 19 42 39 143 124 84 196
-0.00447268 21 38 42 39 143 124 84 196
-0.00441972 21 57 42 39 143 124 84 196
-0.00447077 21 76 42 39 143 124 84 196
-0.00447311 21 95 42 39 143 124 84 196
-0.00445033 21 114 42 39 143 124 84 196
-0.00447424 21 133 42 39 143 124 84 196
-0.00447346 21 152 42 39 143 124 84 196
-0.00446696 42 0 42 39 143 124 84 196
-0.00446742 42 19 42 39 143 124 84 196
-0.0044682 42 38 42 39 143 124 84 196
-0.00446349 42 57 42 39 143 124 84 196
-0.00446332 42 76 42 39 143 124 84 196
-0.00446016 42 95 42 39 143 124 84 196
-0.0041804 42 114 42 39 143 124 84 196
-0.00447398 42 133 42 39 143 124 84 196
-0.00447151 42 152 42 39 143 124 84 196
-0.00445012 0 0 42 39 143 124 84 196
-0.00446674 0 19 42 39 143 124 84 196
-0.00447429 0 38 42 39 143 124 84 196
-0.00447526 0 57 42 39 143 124 84 196
-0.00446322 0 76 42 39 143 124 84 196
-0.00447441 0 95 42 39 143 124 84 196
-0.00446626 0 114 42 39 143 124 84 196
-0.00446727 0 133 42 39 143 124 84 196
-0.00446416 0 152 42 39 143 124 84 196
-0.00259528 21 0 42 39 143 124 84 196
-0.00446692 21 19 42 39 143 124 84 196
-0.00447343 21 38 42 39 143 124 84 196
-0.00447406 21 57 42 39 143 124 84 196
-0.00447417 21 76 42 39 143 124 84 196
-0.00447115 21 95 42 39 143 124 84 196
-0.00412565 21 114 42 39 143 124 84 196
-0.00447214 21 133 42 39 143 124 84 196
-0.00446503 21 152 42 39 143 124 84 196
-0.00446915 42 0 42 39 143 124 84 196
-0.00446225 42 19 42 39 143 124 84 196
-0.00343989 42 38 42 39 143 124 84 196
-0.00202623 42 57 42 39 143 124 84 196
-0.00444941 42 76 42 39 143 124 84 196
-0.00446613 42 95 42 39 143 124 84 196
-0.00447239 42 114 42 39 143 124 84 196
-0.0044734 42 133 42 39 143 124 84 196
-0.00381298 42 152 42 39 143 124 84 196
-0.00447521 0 0 42 39 143 124 84 196
-0.00446184 0 19 42 39 143 124 84 196
-0.0044735 0 38 42 39 143 124 84 196
-0.0044747 0 57 42 39 143 124 84 196
-0.00447233 0 76 42 39 143 124 84 196
-0.00447411 0 95 42 39 143 124 84 196
-0.00447249 0 114 42 39 143 124 84 196
-0.0044556 0 133 42 39 143 124 84 196
-0.00447232 0 152 42 39 143 124 84 196
-0.00447492 21 0 42 39 143 124 84 196
-0.0044751 21 19 42 39 143 124 84 196
-0.00447429 21 38 42 39 143 124 84 196
-0.00447265 21 57 42 39 143 124 84 196
-0.00447393 21 76 42 39 143 124 84 196
-0.00447405 21 95 42 39 143 124 84 196
-0.00447133 21 114 42 39 143 124 84 196
-0.00446259 21 133 42 39 143 124 84 196
-0.0044725 21 152 42 39 143 124 84 196
-0.00447164 42 0 42 39 143 124 84 196
-0.00446111 42 19 42 39 143 124 84 196
-0.00447316 42 38 42 39 143 124 84 196
-0.00447315 42 57 42 39 143 124 84 196
-0.0044724 42 76 42 39 143 124 84 196
-0.00446226 42 95 42 39 143 124 84 196
-0.00446847 42 114 42 39 143 124 84 196
-0.00447435 42 133 42 39 143 124 84 196
-0.00447485 42 152 42 39 143 124 84 196
-0.00446502 0 0 42 39 143 124 84 196
-0.00446951 0 19 42 39 143 124 84 196
-0.00447224 0 38 42 39 143 124 84 196
-0.00447107 0 57 42 39 143 124 84 196
-0.00446757 0 76 42 39 143 124 84 196
-0.00447201 0 95 42 39 143 124 84 196
-0.00446465 0 114 42 39 143 124 84 196
-0.00446395 0 133 42 39 143 124 84 196
-0.00447146 0 152 42 39 143 124 84 196
-0.0044741 21 0 42 39 143 124 84 196
-0.00447398 21 19 42 39 143 124 84 196
-0.00447345 21 38 42 39 143 124 84 196
-0.0044626 21 57 42 39 143 124 84 196
-0.00447276 21 76 42 39 143 124 84 196
-0.00447304 21 95 42 39 143 124 84 196
-0.00445373 21 114 42 39 143 124 84 196
-0.00446053 21 133 42 39 143 124 84 196
-0.00446825 21 152 42 39 143 124 84 196
-0.00447121 42 0 42 39 143 124 84 196
-0.00447359 42 19 42 39 143 124 84 196
-0.00447271 42 38 42 39 143 124 84 196
-0.00447128 42 57 42 39 143 124 84 196
-0.00447149 42 76 42 39 143 124 84 196
-0.00446078 42 95 42 39 143 124 84 196
-0.00446981 42 114 42 39 143 124 84 196
-0.00447447 42 133 42 39 143 124 84 196
-0.00447481 42 152 42 39 143 124 84 196
-0.0044736 0 0 42 39 143 124 84 196
-0.00447033 0 19 42 39 143 124 84 196
-0.00446522 0 38 42 39 143 124 84 196
-0.00269523 0 57 42 39 143 124 84 196
-0.00447007 0 76 42 39 143 124 84 196
-0.00446598 0 95 42 39 143 124 84 196
-0.00446696 0 114 42 39 143 124 84 196
-0.00447054 0 133 42 39 143 124 84 196
-0.00446856 0 152 42 39 143 124 84 196
-0.00447286 21 0 42 39 143 124 84 196
-0.00447146 21 19 42 39 143 124 84 196
-0.00446344 21 38 42 39 143 124 84 196
-0.00445467 21 57 42 39 143 124 84 196
-0.0044739 21 76 42 39 143 124 84 196
-0.00446752 21 95 42 39 143 124 84 196
-0.00446602 21 114 42 39 143 124 84 196
-0.00446377 21 133 42 39 143 124 84 196
-0.00445548 21 152 42 39 143 124 84 196
-0.00447436 42 0 42 39 143 124 84 196
-0.00447414 42 19 42 39 143 124 84 196
-0.00446374 42 38 42 39 143 124 84 196
-0.0044731 42 57 42 39 143 124 84 196
-0.00447419 42 76 42 39 143 124 84 196
-0.00384196 42 95 42 39 143 124 84 196
-0.00447386 42 114 42 39 143 124 84 196
-0.00447141 42 133 42 39 143 124 84 196
-0.00447292 42 152 42 39 143 124 84 196
-0.00447233 0 0 42 39 143 124 84 196
-0.00446417 0 19 42 39 143 124 84 196
-0.00445026 0 38 42 39 143 124 84 196
-0.00444966 0 57 42 39 143 124 84 196
-0.00447418 0 76 42 39 143 124 84 196
-0.00447475 0 95 42 39 143 124 84 196
-0.00447449 0 114 42 39 143 124 84 196
-0.00447145 0 133 42 39 143 124 84 196
-0.00447261 0 152 42 39 143 124 84 196
-0.00447161 21 0 42 39 143 124 84 196
-0.00447289 21 19 42 39 143 124 84 196
-0.00446232 21 38 42 39 143 124 84 196
-0.00446676 21 57 42 39 143 124 84 196
-0.00447101 21 76 42 39 143 124 84 196
-0.00447231 21 95 42 39 143 124 84 196
-0.00446968 21 114 42 39 143 124 84 196
-0.00447238 21 133 42 39 143 124 84 196
-0.00447278 21 152 42 39 143 124 84 196
-0.00447135 42 0 42 39 143 124 84 196
-0.00447389 42 19 42 39 143 124 84 196
-0.00445147 42 38 42 39 143 124 84 196
-0.00446619 42 57 42 39 143 124 84 196
-0.00447417 42 76 42 39 143 124 84 196
-0.00446967 42 95 42 39 143 124 84 196
-0.00447427 42 114 42 39 143 124 84 196
-0.00447406 42 133 42 39 143 124 84 196
-0.00447418 42 152 42 39 143 124 84 196
-0.00446445 0 0 42 39 143 124 84 196
-0.00447047 0 19 42 39 143 124 84 196
-0.00446958 0 38 42 39 143 124 84 196
-0.00415291 0 57 42 39 143 124 84 196
-0.0044666 0 76 42 39 143 124 84 196
-0.00447474 0 95 42 39 143 124 84 196
-0.00447367 0 114 42 39 143 124 84 196
-0.00447308 0 133 42 39 143 124 84 196
-0.00447356 0 152 42 39 143 124 84 196
-0.00446403 21 0 42 39 143 124 84 196
-0.00447201 21 19 42 39 143 124 84 196
-0.00446664 21 38 42 39 143 124 84 196
-0.00446674 21 57 42 39 143 124 84 196
-0.00447134 21 76 42 39 143 124 84 196
-0.00446933 21 95 42 39 143 124 84 196
-0.00446935 21 114 42 39 143 124 84 196
-0.0044702 21 133 42 39 143 124 84 196
-0.0044605 21 152 42 39 143 124 84 196
-0.00445873 42 0 42 39 143 124 84 196
-0.00447323 42 19 42 39 143 124 84 196
-0.00446223 42 38 42 39 143 124 84 196
-0.00445599 42 57 42 39 143 124 84 196
-0.0044729 42 76 42 39 143 124 84 196
-0.00446292 42 95 42 39 143 124 84 196
-0.00447346 42 114 42 39 143 124 84 196
-0.0044689 42 133 42 39 143 124 84 196
-0.00431596 42 152 42 39 143 124 84 196
-0.00447351 0 0 42 39 143 124 84 196
-0.00447119 0 19 42 39 143 124 84 196
-0.00447203 0 38 42 39 143 124 84 196
-0.00447436 0 57 42 39 143 124 84 196
-0.00447036 0 76 42 39 143 124 84 196
-0.00447116 0 95 42 39 143 124 84 196
-0.00447049 0 114 42 39 143 124 84 196
-0.00325743 0 133 42 39 143 124 84 196
-0.00447138 0 152 42 39 143 124 84 196
-0.00447373 21 0 42 39 143 124 84 196
-0.00447382 21 19 42 39 143 124 84 196
-0.00447371 21 38 42 39 143 124 84 196
-0.00447402 21 57 42 39 143 124 84 196
-0.0044649 21 76 42 39 143 124 84 196
-0.00445872 21 95 42 39 143 124 84 196
-0.00447093 21 114 42 39 143 124 84 196
-0.00447023 21 133 42 39 143 124 84 196
-0.00447181 21 152 42 39 143 124 84 196
-0.00404293 42 0 42 39 143 124 84 196
-0.0044699 42 19 42 39 143 124 84 196
-0.00447421 42 38 42 39 143 124 84 196
-0.00447178 42 57 42 39 143 124 84 196
-0.00444528 42 76 42 39 143 124 84 196
-0.00446888 42 95 42 39 143 124 84 196
-0.00447375 42 114 42 39 143 124 84 196
-0.00447484 42 133 42 39 143 124 84 196
-0.00447332 42 152 42 39 143 124 84 196
-0.00446983 0 0 56 56 143 124 84 196
-0.00447083 0 28 56 56 143 124 84 196
-0.00447157 0 56 56 56 143 124 84 196
-0.00447194 0 84 56 56 143 124 84 196
-0.00445195 0 112 56 56 143 124 84 196
-0.00446612 0 140 56 56 143 124 84 196
-0.00392879 28 0 56 56 143 124 84 196
-0.00447003 28 28 56 56 143 124 84 196
-0.00447043 28 56 56 56 143 124 84 196
-0.00444739 28 84 56 56 143 124 84 196
-0.00445376 28 112 56 56 143 124 84 196
-0.00447258 28 140 56 56 143 124 84 196
-0.00209528 0 0 56 56 143 124 84 196
-0.00446382 0 28 56 56 143 124 84 196
-0.00447324 0 56 56 56 143 124 84 196
-0.0044727 0 84 56 56 143 124 84 196
-0.00445424 0 112 56 56 143 124 84 196
-0.00447291 0 140 56 56 143 124 84 196
-0.00446554 28 0 56 56 143 124 84 196
-0.00387103 28 28 56 56 143 124 84 196
-0.0044706 28 56 56 56 143 124 84 196
-0.00447457 28 84 56 56 143 124 84 196
-0.00445659 28 112 56 56 143 124 84 196
-0.00447324 28 140 56 56 143 124 84 196
-0.00447399 0 0 56 56 143 124 84 196
-0.00447443 0 28 56 56 143 124 84 196
-0.00364196 0 56 56 56 143 124 84 196
-0.00446789 0 84 56 56 143 124 84 196
-0.00446443 0 112 56 56 143 124 84 196
-0.00447141 0 140 56 56 143 124 84 196
-0.00447225 28 0 56 56 143 124 84 196
-0.00446927 28 28 56 56 143 124 84 196
-0.0044475 28 56 56 56 143 124 84 196
-0.00446273 28 84 56 56 143 124 84 196
-0.00447203 28 112 56 56 143 124 84 196
-0.00447165 28 140 56 56 143 124 84 196
-0.00445172 0 0 56 56 143 124 84 196
-0.00447346 0 28 56 56 143 124 84 196
-0.00447493 0 56 56 56 143 124 84 196
-0.00446798 0 84 56 56 143 124 84 196
-0.00445236 0 112 56 56 143 124 84 196
-0.00445419 0 140 56 56 143 124 84 196
-0.00446104 28 0 56 56 143 124 84 196
-0.00445962 28 28 56 56 143 124 84 196
-0.00446124 28 56 56 56 143 124 84 196
-0.0036706 28 84 56 56 143 124 84 196
-0.00447169 28 112 56 56 143 124 84 196
-0.00446583 28 140 56 56 143 124 84 196
-0.00447522 0 0 56 56 143 124 84 196
-0.00447351 0 28 56 56 143 124 84 196
-0.00447284 0 56 56 56 143 124 84 196
-0.0044734 0 84 56 56 143 124 84 196
-0.00446545 0 112 56 56 143 124 84 196
-0.00446757 0 140 56 56 143 124 84 196
-0.00447396 28 0 56 56 143 124 84 196
-0.00447179 28 28 56 56 143 124 84 196
-0.00447309 28 56 56 56 143 124 84 196
-0.00446191 28 84 56 56 143 124 84 196
-0.00446328 28 112 56 56 143 124 84 196
-0.00447209 28 140 56 56 143 124 84 196
-0.00447222 0 0 56 56 143 124 84 196
-0.00447201 0 28 56 56 143 124 84 196
-0.00447014 0 56 56 56 143 124 84 196
-0.00446773 0 84 56 56 143 124 84 196
-0.00444614 0 112 56 56 143 124 84 196
-0.00446492 0 140 56 56 143 124 84 196
-0.00446284 28 0 56 56 143 124 84 196
-0.004471 28 28 56 56 143 124 84 196
-0.00446995 28 56 56 56 143 124 84 196
-0.00445967 28 84 56 56 143 124 84 196
-0.00401455 28 112 56 56 143 124 84 196
-0.00447131 28 140 56 56 143 124 84 196
-0.00446214 0 0 56 56 143 124 84 196
-0.00446451 0 28 56 56 143 124 84 196
-0.00447145 0 56 56 56 143 124 84 196
-0.00444781 0 84 56 56 143 124 84 196
-0.0044557 0 112 56 56 143 124 84 196
-0.00445469 0 140 56 56 143 124 84 196
-0.00447259 28 0 56 56 143 124 84 196
-0.00445855 28 28 56 56 143 124 84 196
-0.00447184 28 56 56 56 143 124 84 196
-0.00277865 28 84 56 56 143 124 84 196
-0.00446641 28 112 56 56 143 124 84 196
-0.00446637 28 140 56 56 143 124 84 196
-0.00446491 0 0 56 56 143 124 84 196
-0.00444752 0 28 56 56 143 124 84 196
-0.00446982 0 56 56 56 143 124 84 196
-0.0044717 0 84 56 56 143 124 84 196
-0.00447007 0 112 56 56 143 124 84 196
-0.00447255 0 140 56 56 143 124 84 196
-0.00447157 28 0 56 56 143 124 84 196
-0.00361378 28 28 56 56 143 124 84 196
-0.00446801 28 56 56 56 143 124 84 196
-0.00446599 28 84 56 56 143 124 84 196
-0.00447274 28 112 56 56 143 124 84 196
-0.00447124 28 140 56 56 143 124 84 196
-0.00447184 0 0 56 56 143 124 84 196
-0.004465 0 28 56 56 143 124 84 196
-0.00446626 0 56 56 56 143 124 84 196
-0.0044737 0 84 56 56 143 124 84 196
-0.00446991 0 112 56 56 143 124 84 196
-0.0044739 0 140 56 56 143 124 84 196
-0.00447234 28 0 56 56 143 124 84 196
-0.00445892 28 28 56 56 143 124 84 196
-0.00446847 28 56 56 56 143 124 84 196
-0.00445486 28 84 56 56 143 124 84 196
-0.00447121 28 112 56 56 143 124 84 196
-0.00446215 28 140 56 56 143 124 84 196
-0.00447285 0 0 56 56 143 124 84 196
-0.00447415 0 28 56 56 143 124 84 196
-0.0044708 0 56 56 56 143 124 84 196
-0.00447011 0 84 56 56 143 124 84 196
-0.00398609 0 112 56 56 143 124 84 196
-0.00446511 0 140 56 56 143 124 84 196
-0.00193968 28 0 56 56 143 124 84 196
-0.0044716 28 28 56 56 143 124 84 196
-0.00446167 28 56 56 56 143 124 84 196
-0.00328934 28 84 56 56 143 124 84 196
-0.00447017 28 112 56 56 143 124 84 196
-0.00447398 28 140 56 56 143 124 84 196
-0.00446185 0 0 84 98 143 124 84 196
-0.00445361 0 49 84 98 143 124 84 196
-0.00245685 0 98 84 98 143 124 84 196
-0.00445011 0 0 84 98 143 124 84 196
-0.00447333 0 49 84 98 143 124 84 196
-0.00305418 0 98 84 98 143 124 84 196
-0.00447331 0 0 84 98 143 124 84 196
-0.00254271 0 49 84 98 143 124 84 196
-0.0044594 0 98 84 98 143 124 84 196
-0.00446661 0 0 84 98 143 124 84 196
-0.00446955 0 49 84 98 143 124 84 196
-0.00355556 0 98 84 98 143 124 84 196
-0.00446899 0 0 84 98 143 124 84 196
-0.00446683 0 49 84 98 143 124 84 196
-0.00312336 0 98 84 98 143 124 84 196
-0.00446261 0 0 84 98 143 124 84 196
-0.00444485 0 49 84 98 143 124 84 196
-0.002938 0 98 84 98 143 124 84 196
-0.00445631 0 0 84 98 143 124 84 196
-0.00281907 0 49 84 98 143 124 84 196
-0.00349898 0 98 84 98 143 124 84 196
-0.00420809 0 0 84 98 143 124 84 196
-0.00446499 0 49 84 98 143 124 84 196
-0.00446092 0 98 84 98 143 124 84 196
-0.00446489 0 0 84 98 143 124 84 196
-0.00446653 0 49 84 98 143 124 84 196
-0.00446919 0 98 84 98 143 124 84 196
-0.00446947 0 0 84 98 143 124 84 196
-0.00446228 0 49 84 98 143 124 84 196
-0.00358483 0 98 84 98 143 124 84 196
-0.00446519 0 0 84 130 143 124 84 196
-0.00189452 0 65 84 130 143 124 84 196
-0.00446912 0 0 84 130 143 124 84 196
-0.00444562 0 65 84 130 143 124 84 196
-0.00446778 0 0 84 130 143 124 84 196
-0.0044467 0 65 84 130 143 124 84 196
-0.00446056 0 0 84 130 143 124 84 196
-0.00446031 0 65 84 130 143 124 84 196
-0.00446507 0 0 84 130 143 124 84 196
-0.0022207 0 65 84 130 143 124 84 196
-0.00446509 0 0 84 130 143 124 84 196
-0.0023895 0 65 84 130 143 124 84 196
-0.00445863 0 0 84 130 143 124 84 196
-0.00256825 0 65 84 130 143 124 84 196
-0.00446843 0 0 84 130 143 124 84 196
-0.00445979 0 65 84 130 143 124 84 196
-0.00447 0 0 84 130 143 124 84 196
-0.00446635 0 65 84 130 143 124 84 196
-0.00445459 0 0 84 130 143 124 84 196
-0.00255101 0 65 84 130 143 124 84 196
