-0.000121794 0 0 10 10 182 18 51 40
-0.000121793 0 5 10 10 182 18 51 40
-0.000121794 0 10 10 10 182 18 51 40
-0.000121794 0 15 10 10 182 18 51 40
-0.000121794 0 20 10 10 182 18 51 40
-0.000121795 0 25 10 10 182 18 51 40
-0.000121791 0 30 10 10 182 18 51 40
-0.000121794 5 0 10 10 182 18 51 40
-0.000121794 5 5 10 10 182 18 51 40
-0.000121795 5 10 10 10 182 18 51 40
-0.000121794 5 15 10 10 182 18 51 40
-0.000121792 5 20 10 10 182 18 51 40
-0.000121793 5 25 10 10 182 18 51 40
-0.000121794 5 30 10 10 182 18 51 40
-0.000121793 10 0 10 10 182 18 51 40
-0.000121795 10 5 10 10 182 18 51 40
-0.00012179 10 10 10 10 182 18 51 40
-0.000121766 10 15 10 10 182 18 51 40
-0.000121769 10 20 10 10 182 18 51 40
-0.000121775 10 25 10 10 182 18 51 40
-0.000121794 10 30 10 10 182 18 51 40
-0.000121794 15 0 10 10 182 18 51 40
-0.000121795 15 5 10 10 182 18 51 40
-0.000121692 15 10 10 10 182 18 51 40
-0.000121756 15 15 10 10 182 18 51 40
-0.000121744 15 20 10 10 182 18 51 40
-0.000121779 15 25 10 10 182 18 51 40
-0.000121794 15 30 10 10 182 18 51 40
-0.000121794 20 0 10 10 182 18 51 40
-0.000121794 20 5 10 10 182 18 51 40
-0.000121766 20 10 10 10 182 18 51 40
-0.000121776 20 15 10 10 182 18 51 40
-0.000121724 20 20 10 10 182 18 51 40
-0.000121791 20 25 10 10 182 18 51 40
-0.000121794 20 30 10 10 182 18 51 40
-0.000121795 25 0 10 10 182 18 51 40
-0.000121788 25 5 10 10 182 18 51 40
-0.000121721 25 10 10 10 182 18 51 40
-0.000121778 25 15 10 10 182 18 51 40
-0.000121761 25 20 10 10 182 18 51 40
-0.000121791 25 25 10 10 182 18 51 40
-0.000121794 25 30 10 10 182 18 51 40
-0.000121795 30 0 10 10 182 18 51 40
-0.000121789 30 5 10 10 182 18 51 40
-0.0001217 30 10 10 10 182 18 51 40
-0.000121775 30 15 10 10 182 18 51 40
-0.000121788 30 20 10 10 182 18 51 40
-0.00012179 30 25 10 10 182 18 51 40
-0.000121787 30 30 10 10 182 18 51 40
-0.000121792 35 0 10 10 182 18 51 40
-0.000121791 35 5 10 10 182 18 51 40
-0.00012178 35 10 10 10 182 18 51 40
-0.000121789 35 15 10 10 182 18 51 40
-0.000121792 35 20 10 10 182 18 51 40
-0.000121789 35 25 10 10 182 18 51 40
-0.000121778 35 30 10 10 182 18 51 40
-0.000121791 40 0 10 10 182 18 51 40
-0.000121785 40 5 10 10 182 18 51 40
-0.000121792 40 10 10 10 182 18 51 40
-0.000121793 40 15 10 10 182 18 51 40
-0.000121791 40 20 10 10 182 18 51 40
-0.000121779 40 25 10 10 182 18 51 40
-0.000121787 40 30 10 10 182 18 51 40
-0.00012175 0 0 10 10 182 18 51 40
-0.000121744 0 5 10 10 182 18 51 40
-0.000121773 0 10 10 10 182 18 51 40
-0.000121783 0 15 10 10 182 18 51 40
-0.000121789 0 20 10 10 182 18 51 40
-0.000121787 0 25 10 10 182 18 51 40
-0.000121782 0 30 10 10 182 18 51 40
-0.000102632 5 0 10 10 182 18 51 40
-0.000121743 5 5 10 10 182 18 51 40
-0.000121747 5 10 10 10 182 18 51 40
-0.000121679 5 15 10 10 182 18 51 40
-0.000121753 5 20 10 10 182 18 51 40
-0.000121787 5 25 10 10 182 18 51 40
-0.00012179 5 30 10 10 182 18 51 40
-0.000121691 10 0 10 10 182 18 51 40
-0.000121706 10 5 10 10 182 18 51 40
-0.000121757 10 10 10 10 182 18 51 40
-0.000121753 10 15 10 10 182 18 51 40
-0.000121729 10 20 10 10 182 18 51 40
-0.000121783 10 25 10 10 182 18 51 40
-0.000121789 10 30 10 10 182 18 51 40
-0.000121679 15 0 10 10 182 18 51 40
-0.00012173 15 5 10 10 182 18 51 40
-0.000121767 15 10 10 10 182 18 51 40
-0.000121681 15 15 10 10 182 18 51 40
-0.000121682 15 20 10 10 182 18 51 40
-0.000121785 15 25 10 10 182 18 51 40
-0.000121785 15 30 10 10 182 18 51 40
-0.000121706 20 0 10 10 182 18 51 40
-0.000121698 20 5 10 10 182 18 51 40
-0.000121757 20 10 10 10 182 18 51 40
-9.29814e-005 20 15 10 10 182 18 51 40
-0.000121719 20 20 10 10 182 18 51 40
-0.000121791 20 25 10 10 182 18 51 40
-0.000121789 20 30 10 10 182 18 51 40
-0.000121771 25 0 10 10 182 18 51 40
-9.57407e-005 25 5 10 10 182 18 51 40
-0.00012175 25 10 10 10 182 18 51 40
-0.000121654 25 15 10 10 182 18 51 40
-0.000121774 25 20 10 10 182 18 51 40
-0.000121792 25 25 10 10 182 18 51 40
-0.000121771 25 30 10 10 182 18 51 40
-0.00012179 30 0 10 10 182 18 51 40
-0.000121752 30 5 10 10 182 18 51 40
-0.000121737 30 10 10 10 182 18 51 40
-0.000121769 30 15 10 10 182 18 51 40
-0.00012179 30 20 10 10 182 18 51 40
-0.000121791 30 25 10 10 182 18 51 40
-0.000121762 30 30 10 10 182 18 51 40
-0.000121793 35 0 10 10 182 18 51 40
-0.000121788 35 5 10 10 182 18 51 40
-0.000121731 35 10 10 10 182 18 51 40
-0.000121791 35 15 10 10 182 18 51 40
-0.000121794 35 20 10 10 182 18 51 40
-0.000121781 35 25 10 10 182 18 51 40
-0.000121776 35 30 10 10 182 18 51 40
-0.000121791 40 0 10 10 182 18 51 40
-0.000121791 40 5 10 10 182 18 51 40
-0.00012179 40 10 10 10 182 18 51 40
-0.000121793 40 15 10 10 182 18 51 40
-0.000121794 40 20 10 10 182 18 51 40
-0.000121789 40 25 10 10 182 18 51 40
-0.000121775 40 30 10 10 182 18 51 40
-7.04379e-005 0 0 10 10 182 18 51 40
-0.000121747 0 5 10 10 182 18 51 40
-0.000121678 0 10 10 10 182 18 51 40
-0.000121785 0 15 10 10 182 18 51 40
-0.000121791 0 20 10 10 182 18 51 40
-0.000121794 0 25 10 10 182 18 51 40
-0.000121793 0 30 10 10 182 18 51 40
-0.000121764 5 0 10 10 182 18 51 40
-0.000121764 5 5 10 10 182 18 51 40
-0.000121778 5 10 10 10 182 18 51 40
-0.000121783 5 15 10 10 182 18 51 40
-0.000121778 5 20 10 10 182 18 51 40
-0.000121791 5 25 10 10 182 18 51 40
-0.000121794 5 30 10 10 182 18 51 40
-0.000121772 10 0 10 10 182 18 51 40
-0.000121769 10 5 10 10 182 18 51 40
-0.000121788 10 10 10 10 182 18 51 40
-0.000121771 10 15 10 10 182 18 51 40
-0.000121703 10 20 10 10 182 18 51 40
-0.000121779 10 25 10 10 182 18 51 40
-0.00012179 10 30 10 10 182 18 51 40
-0.000121769 15 0 10 10 182 18 51 40
-0.000121778 15 5 10 10 182 18 51 40
-0.000121784 15 10 10 10 182 18 51 40
-0.000121711 15 15 10 10 182 18 51 40
-0.000121638 15 20 10 10 182 18 51 40
-0.000121777 15 25 10 10 182 18 51 40
-0.000121782 15 30 10 10 182 18 51 40
-0.00012174 20 0 10 10 182 18 51 40
-0.000121765 20 5 10 10 182 18 51 40
-0.00012178 20 10 10 10 182 18 51 40
-0.000116231 20 15 10 10 182 18 51 40
-0.000121725 20 20 10 10 182 18 51 40
-0.000121786 20 25 10 10 182 18 51 40
-0.000121783 20 30 10 10 182 18 51 40
-0.000121789 25 0 10 10 182 18 51 40
-0.000121788 25 5 10 10 182 18 51 40
-0.000121779 25 10 10 10 182 18 51 40
-0.000106736 25 15 10 10 182 18 51 40
-0.000121772 25 20 10 10 182 18 51 40
-0.00012179 25 25 10 10 182 18 51 40
-0.000121774 25 30 10 10 182 18 51 40
-0.000121782 30 0 10 10 182 18 51 40
-0.000121791 30 5 10 10 182 18 51 40
-0.000121782 30 10 10 10 182 18 51 40
-0.000121775 30 15 10 10 182 18 51 40
-0.000121789 30 20 10 10 182 18 51 40
-0.000121792 30 25 10 10 182 18 51 40
-0.000121778 30 30 10 10 182 18 51 40
-0.000121772 35 0 10 10 182 18 51 40
-0.000121788 35 5 10 10 182 18 51 40
-0.000121777 35 10 10 10 182 18 51 40
-0.00012179 35 15 10 10 182 18 51 40
-0.000121793 35 20 10 10 182 18 51 40
-0.000121793 35 25 10 10 182 18 51 40
-0.000121785 35 30 10 10 182 18 51 40
-0.000121776 40 0 10 10 182 18 51 40
-0.000121781 40 5 10 10 182 18 51 40
-0.000121781 40 10 10 10 182 18 51 40
-0.000121791 40 15 10 10 182 18 51 40
-0.000121793 40 20 10 10 182 18 51 40
-0.000121782 40 25 10 10 182 18 51 40
-0.000121764 40 30 10 10 182 18 51 40
-0.00012179 0 0 10 10 182 18 51 40
-0.000121792 0 5 10 10 182 18 51 40
-0.000121791 0 10 10 10 182 18 51 40
-0.000121789 0 15 10 10 182 18 51 40
-0.00012179 0 20 10 10 182 18 51 40
-0.000121793 0 25 10 10 182 18 51 40
-0.000121794 0 30 10 10 182 18 51 40
-0.000121792 5 0 10 10 182 18 51 40
-0.00012179 5 5 10 10 182 18 51 40
-0.000121772 5 10 10 10 182 18 51 40
-0.000121727 5 15 10 10 182 18 51 40
-0.000121777 5 20 10 10 182 18 51 40
-0.000121789 5 25 10 10 182 18 51 40
-0.000121793 5 30 10 10 182 18 51 40
-0.000121789 10 0 10 10 182 18 51 40
-0.000121764 10 5 10 10 182 18 51 40
-0.000121738 10 10 10 10 182 18 51 40
-0.000121772 10 15 10 10 182 18 51 40
-0.000121779 10 20 10 10 182 18 51 40
-0.000121785 10 25 10 10 182 18 51 40
-0.000121782 10 30 10 10 182 18 51 40
-0.000121784 15 0 10 10 182 18 51 40
-0.000121665 15 5 10 10 182 18 51 40
-0.000121763 15 10 10 10 182 18 51 40
-0.00012177 15 15 10 10 182 18 51 40
-0.000121774 15 20 10 10 182 18 51 40
-0.000121781 15 25 10 10 182 18 51 40
-0.000121758 15 30 10 10 182 18 51 40
-0.000121779 20 0 10 10 182 18 51 40
-0.00011488 20 5 10 10 182 18 51 40
-0.000121771 20 10 10 10 182 18 51 40
-0.000121779 20 15 10 10 182 18 51 40
-0.000121778 20 20 10 10 182 18 51 40
-0.00012178 20 25 10 10 182 18 51 40
-0.000121776 20 30 10 10 182 18 51 40
-0.000121786 25 0 10 10 182 18 51 40
-0.000118927 25 5 10 10 182 18 51 40
-0.00012178 25 10 10 10 182 18 51 40
-0.000121786 25 15 10 10 182 18 51 40
-0.000121786 25 20 10 10 182 18 51 40
-0.000121787 25 25 10 10 182 18 51 40
-0.000121788 25 30 10 10 182 18 51 40
-0.000121791 30 0 10 10 182 18 51 40
-0.000121745 30 5 10 10 182 18 51 40
-0.000121782 30 10 10 10 182 18 51 40
-0.000121789 30 15 10 10 182 18 51 40
-0.00012179 30 20 10 10 182 18 51 40
-0.000121792 30 25 10 10 182 18 51 40
-0.000121794 30 30 10 10 182 18 51 40
-0.000121793 35 0 10 10 182 18 51 40
-0.000121785 35 5 10 10 182 18 51 40
-0.000121778 35 10 10 10 182 18 51 40
-0.000121791 35 15 10 10 182 18 51 40
-0.000121793 35 20 10 10 182 18 51 40
-0.000121794 35 25 10 10 182 18 51 40
-0.000121793 35 30 10 10 182 18 51 40
-0.000121794 40 0 10 10 182 18 51 40
-0.00012179 40 5 10 10 182 18 51 40
-0.000121786 40 10 10 10 182 18 51 40
-0.000121793 40 15 10 10 182 18 51 40
-0.000121794 40 20 10 10 182 18 51 40
-0.000121794 40 25 10 10 182 18 51 40
-0.000121784 40 30 10 10 182 18 51 40
-0.000121793 0 0 10 10 182 18 51 40
-0.000121795 0 5 10 10 182 18 51 40
-0.000121794 0 10 10 10 182 18 51 40
-0.000121794 0 15 10 10 182 18 51 40
-0.000121794 0 20 10 10 182 18 51 40
-0.000121795 0 25 10 10 182 18 51 40
-0.000121794 0 30 10 10 182 18 51 40
-0.000121789 5 0 10 10 182 18 51 40
-0.000121788 5 5 10 10 182 18 51 40
-0.000121792 5 10 10 10 182 18 51 40
-0.000121794 5 15 10 10 182 18 51 40
-0.000121793 5 20 10 10 182 18 51 40
-0.000121781 5 25 10 10 182 18 51 40
-0.000121794 5 30 10 10 182 18 51 40
-0.000121751 10 0 10 10 182 18 51 40
-4.56387e-005 10 5 10 10 182 18 51 40
-0.000121688 10 10 10 10 182 18 51 40
-0.000121779 10 15 10 10 182 18 51 40
-0.000121749 10 20 10 10 182 18 51 40
-0.000121753 10 25 10 10 182 18 51 40
-0.000121788 10 30 10 10 182 18 51 40
-9.43578e-005 15 0 10 10 182 18 51 40
-8.06986e-006 15 5 10 10 182 18 51 40
-1.85618e-005 15 10 10 10 182 18 51 40
-0.000121693 15 15 10 10 182 18 51 40
-0.000121726 15 20 10 10 182 18 51 40
-0.000121689 15 25 10 10 182 18 51 40
-0.000121789 15 30 10 10 182 18 51 40
-4.71462e-005 20 0 10 10 182 18 51 40
-8.12096e-006 20 5 10 10 182 18 51 40
-3.01441e-005 20 10 10 10 182 18 51 40
-4.10335e-005 20 15 10 10 182 18 51 40
-2.52476e-005 20 20 10 10 182 18 51 40
-5.59806e-005 20 25 10 10 182 18 51 40
-0.000121778 20 30 10 10 182 18 51 40
-0.000121694 25 0 10 10 182 18 51 40
-0.000121627 25 5 10 10 182 18 51 40
-3.1727e-005 25 10 10 10 182 18 51 40
-3.79337e-005 25 15 10 10 182 18 51 40
-1.50808e-005 25 20 10 10 182 18 51 40
-6.03406e-005 25 25 10 10 182 18 51 40
-0.000121714 25 30 10 10 182 18 51 40
-0.0001217 30 0 10 10 182 18 51 40
-6.17891e-005 30 5 10 10 182 18 51 40
-6.75752e-005 30 10 10 10 182 18 51 40
-4.86395e-005 30 15 10 10 182 18 51 40
-0.000108099 30 20 10 10 182 18 51 40
-0.000121651 30 25 10 10 182 18 51 40
-0.000121661 30 30 10 10 182 18 51 40
-7.33162e-005 35 0 10 10 182 18 51 40
-0.000121697 35 5 10 10 182 18 51 40
-0.000121757 35 10 10 10 182 18 51 40
-0.000121763 35 15 10 10 182 18 51 40
-0.000121741 35 20 10 10 182 18 51 40
-0.000121643 35 25 10 10 182 18 51 40
-7.61727e-005 35 30 10 10 182 18 51 40
-0.000121753 40 0 10 10 182 18 51 40
-0.000121787 40 5 10 10 182 18 51 40
-0.00012179 40 10 10 10 182 18 51 40
-0.00012178 40 15 10 10 182 18 51 40
-0.000110817 40 20 10 10 182 18 51 40
-0.000121732 40 25 10 10 182 18 51 40
-0.000121654 40 30 10 10 182 18 51 40
-0.000121794 0 0 10 10 182 18 51 40
-0.000121792 0 5 10 10 182 18 51 40
-0.00012179 0 10 10 10 182 18 51 40
-0.000121793 0 15 10 10 182 18 51 40
-0.000121794 0 20 10 10 182 18 51 40
-0.000121794 0 25 10 10 182 18 51 40
-0.000121793 0 30 10 10 182 18 51 40
-0.000121794 5 0 10 10 182 18 51 40
-0.000121793 5 5 10 10 182 18 51 40
-0.000121794 5 10 10 10 182 18 51 40
-0.000121794 5 15 10 10 182 18 51 40
-0.000121794 5 20 10 10 182 18 51 40
-0.000121793 5 25 10 10 182 18 51 40
-0.000121794 5 30 10 10 182 18 51 40
-0.000121794 10 0 10 10 182 18 51 40
-0.000121794 10 5 10 10 182 18 51 40
-0.000121794 10 10 10 10 182 18 51 40
-0.000121794 10 15 10 10 182 18 51 40
-0.000121792 10 20 10 10 182 18 51 40
-0.000121778 10 25 10 10 182 18 51 40
-0.000121792 10 30 10 10 182 18 51 40
-0.00012179 15 0 10 10 182 18 51 40
-0.000121791 15 5 10 10 182 18 51 40
-0.000121774 15 10 10 10 182 18 51 40
-0.000121787 15 15 10 10 182 18 51 40
-0.000121784 15 20 10 10 182 18 51 40
-0.00012177 15 25 10 10 182 18 51 40
-0.00012179 15 30 10 10 182 18 51 40
-0.000121782 20 0 10 10 182 18 51 40
-0.000121704 20 5 10 10 182 18 51 40
-0.00012179 20 10 10 10 182 18 51 40
-0.000121791 20 15 10 10 182 18 51 40
-0.000121789 20 20 10 10 182 18 51 40
-0.000121762 20 25 10 10 182 18 51 40
-0.000121786 20 30 10 10 182 18 51 40
-0.000121794 25 0 10 10 182 18 51 40
-0.000121792 25 5 10 10 182 18 51 40
-0.000121783 25 10 10 10 182 18 51 40
-0.00012179 25 15 10 10 182 18 51 40
-0.000121788 25 20 10 10 182 18 51 40
-0.000121789 25 25 10 10 182 18 51 40
-0.000121794 25 30 10 10 182 18 51 40
-0.000121793 30 0 10 10 182 18 51 40
-0.000121793 30 5 10 10 182 18 51 40
-0.000121769 30 10 10 10 182 18 51 40
-0.000121789 30 15 10 10 182 18 51 40
-0.000121794 30 20 10 10 182 18 51 40
-0.000121794 30 25 10 10 182 18 51 40
-0.000121793 30 30 10 10 182 18 51 40
-0.000121793 35 0 10 10 182 18 51 40
-0.000121791 35 5 10 10 182 18 51 40
-0.000121786 35 10 10 10 182 18 51 40
-0.000121793 35 15 10 10 182 18 51 40
-0.000121793 35 20 10 10 182 18 51 40
-0.000121794 35 25 10 10 182 18 51 40
-0.000121794 35 30 10 10 182 18 51 40
-0.000121792 40 0 10 10 182 18 51 40
-0.000121791 40 5 10 10 182 18 51 40
-0.000121791 40 10 10 10 182 18 51 40
-0.000121793 40 15 10 10 182 18 51 40
-0.000121795 40 20 10 10 182 18 51 40
-0.000121794 40 25 10 10 182 18 51 40
-0.000121793 40 30 10 10 182 18 51 40
-0.000121794 0 0 10 10 182 18 51 40
-0.000121794 0 5 10 10 182 18 51 40
-0.000121793 0 10 10 10 182 18 51 40
-0.000121793 0 15 10 10 182 18 51 40
-0.000121793 0 20 10 10 182 18 51 40
-0.000121793 0 25 10 10 182 18 51 40
-0.000121794 0 30 10 10 182 18 51 40
-0.000121792 5 0 10 10 182 18 51 40
-0.000121794 5 5 10 10 182 18 51 40
-0.000121794 5 10 10 10 182 18 51 40
-0.000121793 5 15 10 10 182 18 51 40
-0.000121794 5 20 10 10 182 18 51 40
-0.000121793 5 25 10 10 182 18 51 40
-0.000121792 5 30 10 10 182 18 51 40
-0.000121788 10 0 10 10 182 18 51 40
-0.000121794 10 5 10 10 182 18 51 40
-0.000121792 10 10 10 10 182 18 51 40
-0.000121788 10 15 10 10 182 18 51 40
-0.000121789 10 20 10 10 182 18 51 40
-0.000121792 10 25 10 10 182 18 51 40
-0.000121794 10 30 10 10 182 18 51 40
-0.000121793 15 0 10 10 182 18 51 40
-0.000121794 15 5 10 10 182 18 51 40
-0.000121782 15 10 10 10 182 18 51 40
-0.000121793 15 15 10 10 182 18 51 40
-0.000121792 15 20 10 10 182 18 51 40
-0.000121794 15 25 10 10 182 18 51 40
-0.000121794 15 30 10 10 182 18 51 40
-0.000121794 20 0 10 10 182 18 51 40
-0.000121794 20 5 10 10 182 18 51 40
-0.000121792 20 10 10 10 182 18 51 40
-0.000121794 20 15 10 10 182 18 51 40
-0.000121794 20 20 10 10 182 18 51 40
-0.000121793 20 25 10 10 182 18 51 40
-0.000121785 20 30 10 10 182 18 51 40
-0.000121794 25 0 10 10 182 18 51 40
-0.000121794 25 5 10 10 182 18 51 40
-0.00012179 25 10 10 10 182 18 51 40
-0.000121794 25 15 10 10 182 18 51 40
-0.000121794 25 20 10 10 182 18 51 40
-0.000121791 25 25 10 10 182 18 51 40
-0.000121789 25 30 10 10 182 18 51 40
-0.000121794 30 0 10 10 182 18 51 40
-0.000121793 30 5 10 10 182 18 51 40
-0.000121791 30 10 10 10 182 18 51 40
-0.000121794 30 15 10 10 182 18 51 40
-0.000121794 30 20 10 10 182 18 51 40
-0.000121766 30 25 10 10 182 18 51 40
-0.000121792 30 30 10 10 182 18 51 40
-0.000121793 35 0 10 10 182 18 51 40
-0.00012179 35 5 10 10 182 18 51 40
-0.000121792 35 10 10 10 182 18 51 40
-0.000121792 35 15 10 10 182 18 51 40
-0.00012179 35 20 10 10 182 18 51 40
-0.000121786 35 25 10 10 182 18 51 40
-0.000121792 35 30 10 10 182 18 51 40
-0.000121793 40 0 10 10 182 18 51 40
-0.000121791 40 5 10 10 182 18 51 40
-0.000121792 40 10 10 10 182 18 51 40
-0.000121791 40 15 10 10 182 18 51 40
-0.000121793 40 20 10 10 182 18 51 40
-0.000121791 40 25 10 10 182 18 51 40
-0.000121784 40 30 10 10 182 18 51 40
-0.00012178 0 0 10 10 182 18 51 40
-0.000121788 0 5 10 10 182 18 51 40
-0.000121786 0 10 10 10 182 18 51 40
-0.000121783 0 15 10 10 182 18 51 40
-0.000121764 0 20 10 10 182 18 51 40
-0.000121766 0 25 10 10 182 18 51 40
-0.000121783 0 30 10 10 182 18 51 40
-0.000121794 5 0 10 10 182 18 51 40
-0.000121794 5 5 10 10 182 18 51 40
-0.000121793 5 10 10 10 182 18 51 40
-0.000121782 5 15 10 10 182 18 51 40
-0.000121737 5 20 10 10 182 18 51 40
-0.000121786 5 25 10 10 182 18 51 40
-0.000121788 5 30 10 10 182 18 51 40
-0.000121793 10 0 10 10 182 18 51 40
-0.000121794 10 5 10 10 182 18 51 40
-0.000121794 10 10 10 10 182 18 51 40
-0.000121794 10 15 10 10 182 18 51 40
-0.000121784 10 20 10 10 182 18 51 40
-0.00012179 10 25 10 10 182 18 51 40
-0.000121785 10 30 10 10 182 18 51 40
-0.00012179 15 0 10 10 182 18 51 40
-0.000121793 15 5 10 10 182 18 51 40
-0.000121793 15 10 10 10 182 18 51 40
-0.000121794 15 15 10 10 182 18 51 40
-0.000121777 15 20 10 10 182 18 51 40
-0.000121789 15 25 10 10 182 18 51 40
-0.000121794 15 30 10 10 182 18 51 40
-0.000121789 20 0 10 10 182 18 51 40
-0.000121792 20 5 10 10 182 18 51 40
-0.000121791 20 10 10 10 182 18 51 40
-0.000121795 20 15 10 10 182 18 51 40
-0.00012179 20 20 10 10 182 18 51 40
-0.000121794 20 25 10 10 182 18 51 40
-0.000121793 20 30 10 10 182 18 51 40
-0.000121794 25 0 10 10 182 18 51 40
-0.000121793 25 5 10 10 182 18 51 40
-0.000121782 25 10 10 10 182 18 51 40
-0.000121794 25 15 10 10 182 18 51 40
-0.000121793 25 20 10 10 182 18 51 40
-0.000121794 25 25 10 10 182 18 51 40
-0.000121791 25 30 10 10 182 18 51 40
-0.000121795 30 0 10 10 182 18 51 40
-0.000121794 30 5 10 10 182 18 51 40
-0.000121778 30 10 10 10 182 18 51 40
-0.000121794 30 15 10 10 182 18 51 40
-0.000121793 30 20 10 10 182 18 51 40
-0.000121792 30 25 10 10 182 18 51 40
-0.000121794 30 30 10 10 182 18 51 40
-0.000121793 35 0 10 10 182 18 51 40
-0.000121794 35 5 10 10 182 18 51 40
-0.000121785 35 10 10 10 182 18 51 40
-0.000121793 35 15 10 10 182 18 51 40
-0.000121794 35 20 10 10 182 18 51 40
-0.000121794 35 25 10 10 182 18 51 40
-0.000121794 35 30 10 10 182 18 51 40
-0.000121791 40 0 10 10 182 18 51 40
-0.000121792 40 5 10 10 182 18 51 40
-0.000121791 40 10 10 10 182 18 51 40
-0.000121788 40 15 10 10 182 18 51 40
-0.000121793 40 20 10 10 182 18 51 40
-0.000121789 40 25 10 10 182 18 51 40
-0.000121793 40 30 10 10 182 18 51 40
-0.000121793 0 0 10 10 182 18 51 40
-0.000121793 0 5 10 10 182 18 51 40
-0.00012178 0 10 10 10 182 18 51 40
-0.000121777 0 15 10 10 182 18 51 40
-0.000121791 0 20 10 10 182 18 51 40
-0.000121794 0 25 10 10 182 18 51 40
-0.000121794 0 30 10 10 182 18 51 40
-0.000121787 5 0 10 10 182 18 51 40
-0.00012179 5 5 10 10 182 18 51 40
-0.000121786 5 10 10 10 182 18 51 40
-0.000121786 5 15 10 10 182 18 51 40
-0.000121793 5 20 10 10 182 18 51 40
-0.000121793 5 25 10 10 182 18 51 40
-0.000121793 5 30 10 10 182 18 51 40
-0.000121791 10 0 10 10 182 18 51 40
-0.000121792 10 5 10 10 182 18 51 40
-0.000121791 10 10 10 10 182 18 51 40
-0.000121788 10 15 10 10 182 18 51 40
-0.000121793 10 20 10 10 182 18 51 40
-0.000121794 10 25 10 10 182 18 51 40
-0.00012179 10 30 10 10 182 18 51 40
-0.000121794 15 0 10 10 182 18 51 40
-0.00012179 15 5 10 10 182 18 51 40
-0.000121785 15 10 10 10 182 18 51 40
-0.000121783 15 15 10 10 182 18 51 40
-0.000121791 15 20 10 10 182 18 51 40
-0.000121793 15 25 10 10 182 18 51 40
-0.000121792 15 30 10 10 182 18 51 40
-0.000121794 20 0 10 10 182 18 51 40
-0.000121783 20 5 10 10 182 18 51 40
-0.000121694 20 10 10 10 182 18 51 40
-0.000121704 20 15 10 10 182 18 51 40
-0.000121771 20 20 10 10 182 18 51 40
-0.000121789 20 25 10 10 182 18 51 40
-0.000121793 20 30 10 10 182 18 51 40
-0.000121794 25 0 10 10 182 18 51 40
-0.00012179 25 5 10 10 182 18 51 40
-0.000121766 25 10 10 10 182 18 51 40
-0.000121777 25 15 10 10 182 18 51 40
-0.000121747 25 20 10 10 182 18 51 40
-0.000121788 25 25 10 10 182 18 51 40
-0.000121793 25 30 10 10 182 18 51 40
-0.000121794 30 0 10 10 182 18 51 40
-0.000121794 30 5 10 10 182 18 51 40
-0.000121768 30 10 10 10 182 18 51 40
-0.000121766 30 15 10 10 182 18 51 40
-0.000121738 30 20 10 10 182 18 51 40
-0.000121786 30 25 10 10 182 18 51 40
-0.000121792 30 30 10 10 182 18 51 40
-0.00012179 35 0 10 10 182 18 51 40
-0.000121794 35 5 10 10 182 18 51 40
-0.00012179 35 10 10 10 182 18 51 40
-0.000121776 35 15 10 10 182 18 51 40
-0.000121784 35 20 10 10 182 18 51 40
-0.000121792 35 25 10 10 182 18 51 40
-0.000121793 35 30 10 10 182 18 51 40
-0.000121794 40 0 10 10 182 18 51 40
-0.000121794 40 5 10 10 182 18 51 40
-0.000121794 40 10 10 10 182 18 51 40
-0.000121794 40 15 10 10 182 18 51 40
-0.000121795 40 20 10 10 182 18 51 40
-0.000121794 40 25 10 10 182 18 51 40
-0.000121791 40 30 10 10 182 18 51 40
-0.000121792 0 0 10 10 182 18 51 40
-0.000121794 0 5 10 10 182 18 51 40
-0.000121793 0 10 10 10 182 18 51 40
-0.000121794 0 15 10 10 182 18 51 40
-0.000121794 0 20 10 10 182 18 51 40
-0.000121794 0 25 10 10 182 18 51 40
-0.000121789 0 30 10 10 182 18 51 40
-0.000121774 5 0 10 10 182 18 51 40
-0.000121794 5 5 10 10 182 18 51 40
-0.000121794 5 10 10 10 182 18 51 40
-0.000121792 5 15 10 10 182 18 51 40
-0.000121791 5 20 10 10 182 18 51 40
-0.000121794 5 25 10 10 182 18 51 40
-0.000121794 5 30 10 10 182 18 51 40
-0.000121783 10 0 10 10 182 18 51 40
-0.00012179 10 5 10 10 182 18 51 40
-0.000121791 10 10 10 10 182 18 51 40
-0.000121774 10 15 10 10 182 18 51 40
-0.000121754 10 20 10 10 182 18 51 40
-0.000121759 10 25 10 10 182 18 51 40
-0.000121794 10 30 10 10 182 18 51 40
-0.000121755 15 0 10 10 182 18 51 40
-0.000121693 15 5 10 10 182 18 51 40
-0.000121723 15 10 10 10 182 18 51 40
-0.000121778 15 15 10 10 182 18 51 40
-0.000121784 15 20 10 10 182 18 51 40
-0.000121769 15 25 10 10 182 18 51 40
-0.000121794 15 30 10 10 182 18 51 40
-0.000121687 20 0 10 10 182 18 51 40
-2.02767e-005 20 5 10 10 182 18 51 40
-0.0004638 20 10 10 10 182 18 51 40
-9.98834e-005 20 15 10 10 182 18 51 40
-0.000121634 20 20 10 10 182 18 51 40
-9.02165e-005 20 25 10 10 182 18 51 40
-0.000121792 20 30 10 10 182 18 51 40
-0.000121789 25 0 10 10 182 18 51 40
-0.000121735 25 5 10 10 182 18 51 40
-2.85395e-005 25 10 10 10 182 18 51 40
-0.00012167 25 15 10 10 182 18 51 40
-4.25822e-005 25 20 10 10 182 18 51 40
-9.8505e-005 25 25 10 10 182 18 51 40
-0.000121792 25 30 10 10 182 18 51 40
-0.000121792 30 0 10 10 182 18 51 40
-0.000121785 30 5 10 10 182 18 51 40
-0.000121668 30 10 10 10 182 18 51 40
-8.74447e-005 30 15 10 10 182 18 51 40
-8.18473e-005 30 20 10 10 182 18 51 40
-0.000121779 30 25 10 10 182 18 51 40
-0.00012179 30 30 10 10 182 18 51 40
-0.000121777 35 0 10 10 182 18 51 40
-0.000121781 35 5 10 10 182 18 51 40
-0.000121768 35 10 10 10 182 18 51 40
-0.00012176 35 15 10 10 182 18 51 40
-0.00012173 35 20 10 10 182 18 51 40
-0.00012178 35 25 10 10 182 18 51 40
-0.000121767 35 30 10 10 182 18 51 40
-0.000121759 40 0 10 10 182 18 51 40
-0.000121756 40 5 10 10 182 18 51 40
-0.000121786 40 10 10 10 182 18 51 40
-0.000121789 40 15 10 10 182 18 51 40
-0.000121766 40 20 10 10 182 18 51 40
-0.000121757 40 25 10 10 182 18 51 40
-0.000121779 40 30 10 10 182 18 51 40
-0.000121793 0 0 14 13 182 18 51 40
-0.000121794 0 6 14 13 182 18 51 40
-0.000121794 0 12 14 13 182 18 51 40
-0.000121795 0 18 14 13 182 18 51 40
-0.000121794 0 24 14 13 182 18 51 40
-0.000121793 7 0 14 13 182 18 51 40
-0.000121795 7 6 14 13 182 18 51 40
-0.000121791 7 12 14 13 182 18 51 40
-0.000121777 7 18 14 13 182 18 51 40
-0.00012179 7 24 14 13 182 18 51 40
-0.000121794 14 0 14 13 182 18 51 40
-0.000121793 14 6 14 13 182 18 51 40
-0.000121658 14 12 14 13 182 18 51 40
-0.000121699 14 18 14 13 182 18 51 40
-0.00012179 14 24 14 13 182 18 51 40
-0.000121795 21 0 14 13 182 18 51 40
-0.000121788 21 6 14 13 182 18 51 40
-0.000121731 21 12 14 13 182 18 51 40
-0.000121729 21 18 14 13 182 18 51 40
-0.000121791 21 24 14 13 182 18 51 40
-0.000121793 28 0 14 13 182 18 51 40
-0.000121784 28 6 14 13 182 18 51 40
-0.000121753 28 12 14 13 182 18 51 40
-0.000121784 28 18 14 13 182 18 51 40
-0.000121789 28 24 14 13 182 18 51 40
-0.000121776 35 0 14 13 182 18 51 40
-0.00012179 35 6 14 13 182 18 51 40
-0.00012179 35 12 14 13 182 18 51 40
-0.000121792 35 18 14 13 182 18 51 40
-0.00012179 35 24 14 13 182 18 51 40
-5.74347e-005 0 0 14 13 182 18 51 40
-0.000121738 0 6 14 13 182 18 51 40
-0.000121751 0 12 14 13 182 18 51 40
-0.000121778 0 18 14 13 182 18 51 40
-0.000121784 0 24 14 13 182 18 51 40
-6.3243e-005 7 0 14 13 182 18 51 40
-7.18768e-005 7 6 14 13 182 18 51 40
-0.000121721 7 12 14 13 182 18 51 40
-0.00012172 7 18 14 13 182 18 51 40
-0.000121782 7 24 14 13 182 18 51 40
-6.46908e-005 14 0 14 13 182 18 51 40
-0.000117579 14 6 14 13 182 18 51 40
-0.000121745 14 12 14 13 182 18 51 40
-0.000121718 14 18 14 13 182 18 51 40
-0.000121785 14 24 14 13 182 18 51 40
-9.16009e-005 21 0 14 13 182 18 51 40
-0.000121618 21 6 14 13 182 18 51 40
-0.000121717 21 12 14 13 182 18 51 40
-0.000121765 21 18 14 13 182 18 51 40
-0.000121789 21 24 14 13 182 18 51 40
-0.000121782 28 0 14 13 182 18 51 40
-0.000120273 28 6 14 13 182 18 51 40
-0.000121766 28 12 14 13 182 18 51 40
-0.000121789 28 18 14 13 182 18 51 40
-0.000121785 28 24 14 13 182 18 51 40
-0.000121791 35 0 14 13 182 18 51 40
-0.000121779 35 6 14 13 182 18 51 40
-0.000121789 35 12 14 13 182 18 51 40
-0.000121793 35 18 14 13 182 18 51 40
-0.000121758 35 24 14 13 182 18 51 40
-0.000121668 0 0 14 13 182 18 51 40
-0.00010537 0 6 14 13 182 18 51 40
-0.00012178 0 12 14 13 182 18 51 40
-0.000121788 0 18 14 13 182 18 51 40
-0.000121793 0 24 14 13 182 18 51 40
-0.000121703 7 0 14 13 182 18 51 40
-0.000121766 7 6 14 13 182 18 51 40
-0.000121778 7 12 14 13 182 18 51 40
-0.000121737 7 18 14 13 182 18 51 40
-0.000121784 7 24 14 13 182 18 51 40
-0.000121719 14 0 14 13 182 18 51 40
-0.000121777 14 6 14 13 182 18 51 40
-0.000121758 14 12 14 13 182 18 51 40
-0.00010946 14 18 14 13 182 18 51 40
-0.000121776 14 24 14 13 182 18 51 40
-0.000121772 21 0 14 13 182 18 51 40
-0.000121777 21 6 14 13 182 18 51 40
-0.00012172 21 12 14 13 182 18 51 40
-0.000121752 21 18 14 13 182 18 51 40
-0.000121785 21 24 14 13 182 18 51 40
-0.000121783 28 0 14 13 182 18 51 40
-0.000121784 28 6 14 13 182 18 51 40
-0.000121766 28 12 14 13 182 18 51 40
-0.000121787 28 18 14 13 182 18 51 40
-0.00012179 28 24 14 13 182 18 51 40
-0.000121776 35 0 14 13 182 18 51 40
-0.000121778 35 6 14 13 182 18 51 40
-0.000121787 35 12 14 13 182 18 51 40
-0.000121793 35 18 14 13 182 18 51 40
-0.000121792 35 24 14 13 182 18 51 40
-0.000121791 0 0 14 13 182 18 51 40
-0.000121788 0 6 14 13 182 18 51 40
-0.000121779 0 12 14 13 182 18 51 40
-0.000121783 0 18 14 13 182 18 51 40
-0.000121791 0 24 14 13 182 18 51 40
-0.000121786 7 0 14 13 182 18 51 40
-0.000121735 7 6 14 13 182 18 51 40
-0.000121735 7 12 14 13 182 18 51 40
-0.000121773 7 18 14 13 182 18 51 40
-0.000121784 7 24 14 13 182 18 51 40
-0.000121761 14 0 14 13 182 18 51 40
-0.000121616 14 6 14 13 182 18 51 40
-0.000121773 14 12 14 13 182 18 51 40
-0.000121776 14 18 14 13 182 18 51 40
-0.000121778 14 24 14 13 182 18 51 40
-0.000121764 21 0 14 13 182 18 51 40
-0.000121726 21 6 14 13 182 18 51 40
-0.000121782 21 12 14 13 182 18 51 40
-0.000121783 21 18 14 13 182 18 51 40
-0.000121784 21 24 14 13 182 18 51 40
-0.000121785 28 0 14 13 182 18 51 40
-0.000121747 28 6 14 13 182 18 51 40
-0.000121787 28 12 14 13 182 18 51 40
-0.00012179 28 18 14 13 182 18 51 40
-0.000121792 28 24 14 13 182 18 51 40
-0.000121792 35 0 14 13 182 18 51 40
-0.000121775 35 6 14 13 182 18 51 40
-0.000121789 35 12 14 13 182 18 51 40
-0.000121794 35 18 14 13 182 18 51 40
-0.000121794 35 24 14 13 182 18 51 40
-0.000121793 0 0 14 13 182 18 51 40
-0.000121794 0 6 14 13 182 18 51 40
-0.000121794 0 12 14 13 182 18 51 40
-0.000121794 0 18 14 13 182 18 51 40
-0.000121794 0 24 14 13 182 18 51 40
-0.000121777 7 0 14 13 182 18 51 40
-0.00012177 7 6 14 13 182 18 51 40
-0.000121784 7 12 14 13 182 18 51 40
-0.000121764 7 18 14 13 182 18 51 40
-0.000121771 7 24 14 13 182 18 51 40
-6.90103e-005 14 0 14 13 182 18 51 40
-1.68177e-005 14 6 14 13 182 18 51 40
-0.00012167 14 12 14 13 182 18 51 40
-0.00012164 14 18 14 13 182 18 51 40
-0.000121715 14 24 14 13 182 18 51 40
-0.000121657 21 0 14 13 182 18 51 40
-5.01183e-005 21 6 14 13 182 18 51 40
-1.32749e-005 21 12 14 13 182 18 51 40
-1.14235e-005 21 18 14 13 182 18 51 40
-7.90208e-005 21 24 14 13 182 18 51 40
-8.60512e-005 28 0 14 13 182 18 51 40
-9.78621e-006 28 6 14 13 182 18 51 40
-2.69046e-005 28 12 14 13 182 18 51 40
-4.41172e-005 28 18 14 13 182 18 51 40
-5.15917e-005 28 24 14 13 182 18 51 40
-0.000121761 35 0 14 13 182 18 51 40
-0.000121779 35 6 14 13 182 18 51 40
-0.000121782 35 12 14 13 182 18 51 40
-0.000121647 35 18 14 13 182 18 51 40
-0.000101257 35 24 14 13 182 18 51 40
-0.000121792 0 0 14 13 182 18 51 40
-0.000121788 0 6 14 13 182 18 51 40
-0.000121793 0 12 14 13 182 18 51 40
-0.000121794 0 18 14 13 182 18 51 40
-0.000121794 0 24 14 13 182 18 51 40
-0.000121794 7 0 14 13 182 18 51 40
-0.000121794 7 6 14 13 182 18 51 40
-0.000121795 7 12 14 13 182 18 51 40
-0.000121789 7 18 14 13 182 18 51 40
-0.000121782 7 24 14 13 182 18 51 40
-0.000121789 14 0 14 13 182 18 51 40
-0.000121786 14 6 14 13 182 18 51 40
-0.000121772 14 12 14 13 182 18 51 40
-0.000121751 14 18 14 13 182 18 51 40
-0.000121697 14 24 14 13 182 18 51 40
-0.000121792 21 0 14 13 182 18 51 40
-0.000121775 21 6 14 13 182 18 51 40
-0.000121779 21 12 14 13 182 18 51 40
-0.000121754 21 18 14 13 182 18 51 40
-0.000121788 21 24 14 13 182 18 51 40
-0.000121792 28 0 14 13 182 18 51 40
-0.000121779 28 6 14 13 182 18 51 40
-0.000121783 28 12 14 13 182 18 51 40
-0.000121786 28 18 14 13 182 18 51 40
-0.000121792 28 24 14 13 182 18 51 40
-0.000121784 35 0 14 13 182 18 51 40
-0.000121785 35 6 14 13 182 18 51 40
-0.000121789 35 12 14 13 182 18 51 40
-0.000121788 35 18 14 13 182 18 51 40
-0.000121793 35 24 14 13 182 18 51 40
-0.000121793 0 0 14 13 182 18 51 40
-0.000121794 0 6 14 13 182 18 51 40
-0.000121787 0 12 14 13 182 18 51 40
-0.000121794 0 18 14 13 182 18 51 40
-0.000121791 0 24 14 13 182 18 51 40
-0.000121784 7 0 14 13 182 18 51 40
-0.000121794 7 6 14 13 182 18 51 40
-0.00012179 7 12 14 13 182 18 51 40
-0.00012179 7 18 14 13 182 18 51 40
-0.000121792 7 24 14 13 182 18 51 40
-0.000121793 14 0 14 13 182 18 51 40
-0.000121795 14 6 14 13 182 18 51 40
-0.000121791 14 12 14 13 182 18 51 40
-0.000121793 14 18 14 13 182 18 51 40
-0.000121794 14 24 14 13 182 18 51 40
-0.000121794 21 0 14 13 182 18 51 40
-0.000121793 21 6 14 13 182 18 51 40
-0.000121786 21 12 14 13 182 18 51 40
-0.000121794 21 18 14 13 182 18 51 40
-0.00012179 21 24 14 13 182 18 51 40
-0.000121793 28 0 14 13 182 18 51 40
-0.000121792 28 6 14 13 182 18 51 40
-0.000121793 28 12 14 13 182 18 51 40
-0.000121793 28 18 14 13 182 18 51 40
-0.000121773 28 24 14 13 182 18 51 40
-0.000121787 35 0 14 13 182 18 51 40
-0.00012177 35 6 14 13 182 18 51 40
-0.000121755 35 12 14 13 182 18 51 40
-0.000121772 35 18 14 13 182 18 51 40
-0.000121784 35 24 14 13 182 18 51 40
-0.000121794 0 0 14 13 182 18 51 40
-0.000121792 0 6 14 13 182 18 51 40
-0.000121775 0 12 14 13 182 18 51 40
-0.000121774 0 18 14 13 182 18 51 40
-0.000121776 0 24 14 13 182 18 51 40
-0.000121794 7 0 14 13 182 18 51 40
-0.000121794 7 6 14 13 182 18 51 40
-0.000121794 7 12 14 13 182 18 51 40
-0.000121783 7 18 14 13 182 18 51 40
-0.000121777 7 24 14 13 182 18 51 40
-0.000121784 14 0 14 13 182 18 51 40
-0.000121793 14 6 14 13 182 18 51 40
-0.000121794 14 12 14 13 182 18 51 40
-0.000121791 14 18 14 13 182 18 51 40
-0.000121794 14 24 14 13 182 18 51 40
-0.00012179 21 0 14 13 182 18 51 40
-0.000121791 21 6 14 13 182 18 51 40
-0.000121793 21 12 14 13 182 18 51 40
-0.000121791 21 18 14 13 182 18 51 40
-0.000121794 21 24 14 13 182 18 51 40
-0.000121794 28 0 14 13 182 18 51 40
-0.000121777 28 6 14 13 182 18 51 40
-0.000121791 28 12 14 13 182 18 51 40
-0.000121794 28 18 14 13 182 18 51 40
-0.000121792 28 24 14 13 182 18 51 40
-0.00012179 35 0 14 13 182 18 51 40
-0.000121789 35 6 14 13 182 18 51 40
-0.000121786 35 12 14 13 182 18 51 40
-0.000121792 35 18 14 13 182 18 51 40
-0.000121791 35 24 14 13 182 18 51 40
-0.000121783 0 0 14 13 182 18 51 40
-0.000121789 0 6 14 13 182 18 51 40
-0.000121771 0 12 14 13 182 18 51 40
-0.000121791 0 18 14 13 182 18 51 40
-0.000121794 0 24 14 13 182 18 51 40
-0.000121791 7 0 14 13 182 18 51 40
-0.000121786 7 6 14 13 182 18 51 40
-0.000121772 7 12 14 13 182 18 51 40
-0.000121791 7 18 14 13 182 18 51 40
-0.000121793 7 24 14 13 182 18 51 40
-0.000121793 14 0 14 13 182 18 51 40
-0.000121786 14 6 14 13 182 18 51 40
-0.00012177 14 12 14 13 182 18 51 40
-0.000121785 14 18 14 13 182 18 51 40
-0.000121793 14 24 14 13 182 18 51 40
-0.000121794 21 0 14 13 182 18 51 40
-0.00012177 21 6 14 13 182 18 51 40
-0.000121708 21 12 14 13 182 18 51 40
-0.000121743 21 18 14 13 182 18 51 40
-0.000121789 21 24 14 13 182 18 51 40
-0.000121794 28 0 14 13 182 18 51 40
-0.000121791 28 6 14 13 182 18 51 40
-0.000121709 28 12 14 13 182 18 51 40
-0.000121726 28 18 14 13 182 18 51 40
-0.000121787 28 24 14 13 182 18 51 40
-0.000121792 35 0 14 13 182 18 51 40
-0.000121794 35 6 14 13 182 18 51 40
-0.000121794 35 12 14 13 182 18 51 40
-0.000121794 35 18 14 13 182 18 51 40
-0.000121793 35 24 14 13 182 18 51 40
-0.000121792 0 0 14 13 182 18 51 40
-0.000121794 0 6 14 13 182 18 51 40
-0.000121794 0 12 14 13 182 18 51 40
-0.000121794 0 18 14 13 182 18 51 40
-0.000121794 0 24 14 13 182 18 51 40
-0.000121782 7 0 14 13 182 18 51 40
-0.000121792 7 6 14 13 182 18 51 40
-0.000121791 7 12 14 13 182 18 51 40
-0.000121768 7 18 14 13 182 18 51 40
-0.000121791 7 24 14 13 182 18 51 40
-0.000121749 14 0 14 13 182 18 51 40
-0.000121742 14 6 14 13 182 18 51 40
-0.00012176 14 12 14 13 182 18 51 40
-0.000121766 14 18 14 13 182 18 51 40
-0.000121784 14 24 14 13 182 18 51 40
-0.000121779 21 0 14 13 182 18 51 40
-7.76002e-005 21 6 14 13 182 18 51 40
-7.47481e-005 21 12 14 13 182 18 51 40
-2.19713e-005 21 18 14 13 182 18 51 40
-0.000121747 21 24 14 13 182 18 51 40
-0.000121786 28 0 14 13 182 18 51 40
-0.000121751 28 6 14 13 182 18 51 40
-3.94819e-005 28 12 14 13 182 18 51 40
-0.000121629 28 18 14 13 182 18 51 40
-0.000121768 28 24 14 13 182 18 51 40
-0.000121763 35 0 14 13 182 18 51 40
-0.000121777 35 6 14 13 182 18 51 40
-0.000121779 35 12 14 13 182 18 51 40
-0.000121754 35 18 14 13 182 18 51 40
-0.000121717 35 24 14 13 182 18 51 40
-0.000121792 0 0 20 16 182 18 51 40
-0.000121795 0 8 20 16 182 18 51 40
-0.000121794 0 16 20 16 182 18 51 40
-0.000121793 0 24 20 16 182 18 51 40
-0.000121795 10 0 20 16 182 18 51 40
-0.000121782 10 8 20 16 182 18 51 40
-0.000121635 10 16 20 16 182 18 51 40
-0.000121792 10 24 20 16 182 18 51 40
-0.000121794 20 0 20 16 182 18 51 40
-0.000121765 20 8 20 16 182 18 51 40
-0.000121767 20 16 20 16 182 18 51 40
-0.000121792 20 24 20 16 182 18 51 40
-0.000121784 30 0 20 16 182 18 51 40
-0.000121786 30 8 20 16 182 18 51 40
-0.000121789 30 16 20 16 182 18 51 40
-0.000121782 30 24 20 16 182 18 51 40
-6.61369e-005 0 0 20 16 182 18 51 40
-0.000121626 0 8 20 16 182 18 51 40
-0.000121754 0 16 20 16 182 18 51 40
-0.000121779 0 24 20 16 182 18 51 40
-5.88904e-005 10 0 20 16 182 18 51 40
-0.000121665 10 8 20 16 182 18 51 40
-0.000121747 10 16 20 16 182 18 51 40
-0.000121779 10 24 20 16 182 18 51 40
-0.000121638 20 0 20 16 182 18 51 40
-0.000121717 20 8 20 16 182 18 51 40
-0.000121777 20 16 20 16 182 18 51 40
-0.000121781 20 24 20 16 182 18 51 40
-0.000121782 30 0 20 16 182 18 51 40
-0.000121775 30 8 20 16 182 18 51 40
-0.00012179 30 16 20 16 182 18 51 40
-0.000121762 30 24 20 16 182 18 51 40
-5.30524e-005 0 0 20 16 182 18 51 40
-0.00012176 0 8 20 16 182 18 51 40
-0.000121779 0 16 20 16 182 18 51 40
-0.00012179 0 24 20 16 182 18 51 40
-0.000121727 10 0 20 16 182 18 51 40
-0.000121767 10 8 20 16 182 18 51 40
-0.000113529 10 16 20 16 182 18 51 40
-0.000121777 10 24 20 16 182 18 51 40
-0.000121775 20 0 20 16 182 18 51 40
-0.000121759 20 8 20 16 182 18 51 40
-0.000121765 20 16 20 16 182 18 51 40
-0.000121784 20 24 20 16 182 18 51 40
-0.000121782 30 0 20 16 182 18 51 40
-0.000121776 30 8 20 16 182 18 51 40
-0.000121788 30 16 20 16 182 18 51 40
-0.000121789 30 24 20 16 182 18 51 40
-0.000121782 0 0 20 16 182 18 51 40
-0.00012176 0 8 20 16 182 18 51 40
-0.000121774 0 16 20 16 182 18 51 40
-0.00012179 0 24 20 16 182 18 51 40
-0.000121736 10 0 20 16 182 18 51 40
-0.000121728 10 8 20 16 182 18 51 40
-0.000121778 10 16 20 16 182 18 51 40
-0.00012178 10 24 20 16 182 18 51 40
-0.000121743 20 0 20 16 182 18 51 40
-0.000121768 20 8 20 16 182 18 51 40
-0.000121785 20 16 20 16 182 18 51 40
-0.000121788 20 24 20 16 182 18 51 40
-0.000121785 30 0 20 16 182 18 51 40
-0.000121778 30 8 20 16 182 18 51 40
-0.000121792 30 16 20 16 182 18 51 40
-0.000121794 30 24 20 16 182 18 51 40
-0.000121793 0 0 20 16 182 18 51 40
-0.000121794 0 8 20 16 182 18 51 40
-0.000121795 0 16 20 16 182 18 51 40
-0.000121793 0 24 20 16 182 18 51 40
-0.000112175 10 0 20 16 182 18 51 40
-0.000121691 10 8 20 16 182 18 51 40
-3.32935e-005 10 16 20 16 182 18 51 40
-0.000121737 10 24 20 16 182 18 51 40
-8.88321e-005 20 0 20 16 182 18 51 40
-2.36223e-005 20 8 20 16 182 18 51 40
-3.48528e-005 20 16 20 16 182 18 51 40
-0.000121676 20 24 20 16 182 18 51 40
-0.000121773 30 0 20 16 182 18 51 40
-0.000121759 30 8 20 16 182 18 51 40
-0.000104003 30 16 20 16 182 18 51 40
-3.63995e-005 30 24 20 16 182 18 51 40
-0.000121793 0 0 20 16 182 18 51 40
-0.000121793 0 8 20 16 182 18 51 40
-0.000121794 0 16 20 16 182 18 51 40
-0.000121791 0 24 20 16 182 18 51 40
-0.000121794 10 0 20 16 182 18 51 40
-0.000121792 10 8 20 16 182 18 51 40
-0.000121733 10 16 20 16 182 18 51 40
-0.000121761 10 24 20 16 182 18 51 40
-0.000121785 20 0 20 16 182 18 51 40
-0.000121777 20 8 20 16 182 18 51 40
-0.000121786 20 16 20 16 182 18 51 40
-0.000121791 20 24 20 16 182 18 51 40
-0.000121791 30 0 20 16 182 18 51 40
-0.000121777 30 8 20 16 182 18 51 40
-0.000121753 30 16 20 16 182 18 51 40
-0.000121789 30 24 20 16 182 18 51 40
-0.00012179 0 0 20 16 182 18 51 40
-0.000121794 0 8 20 16 182 18 51 40
-0.000121791 0 16 20 16 182 18 51 40
-0.000121787 0 24 20 16 182 18 51 40
-0.000121789 10 0 20 16 182 18 51 40
-0.000121794 10 8 20 16 182 18 51 40
-0.000121793 10 16 20 16 182 18 51 40
-0.000121792 10 24 20 16 182 18 51 40
-0.000121792 20 0 20 16 182 18 51 40
-0.000121793 20 8 20 16 182 18 51 40
-0.000121793 20 16 20 16 182 18 51 40
-0.000121769 20 24 20 16 182 18 51 40
-0.000121784 30 0 20 16 182 18 51 40
-0.000121771 30 8 20 16 182 18 51 40
-0.000121765 30 16 20 16 182 18 51 40
-0.000121746 30 24 20 16 182 18 51 40
-0.000121794 0 0 20 16 182 18 51 40
-0.000121794 0 8 20 16 182 18 51 40
-0.000121777 0 16 20 16 182 18 51 40
-0.000121737 0 24 20 16 182 18 51 40
-0.000121785 10 0 20 16 182 18 51 40
-0.000121794 10 8 20 16 182 18 51 40
-0.000121793 10 16 20 16 182 18 51 40
-0.000121793 10 24 20 16 182 18 51 40
-0.000121785 20 0 20 16 182 18 51 40
-0.000121788 20 8 20 16 182 18 51 40
-0.000121794 20 16 20 16 182 18 51 40
-0.00012179 20 24 20 16 182 18 51 40
-0.000121793 30 0 20 16 182 18 51 40
-0.000121778 30 8 20 16 182 18 51 40
-0.000121787 30 16 20 16 182 18 51 40
-0.000121776 30 24 20 16 182 18 51 40
-0.000121787 0 0 20 16 182 18 51 40
-0.000121789 0 8 20 16 182 18 51 40
-0.000121784 0 16 20 16 182 18 51 40
-0.000121791 0 24 20 16 182 18 51 40
-0.000121792 10 0 20 16 182 18 51 40
-0.000121765 10 8 20 16 182 18 51 40
-0.000121776 10 16 20 16 182 18 51 40
-0.000121793 10 24 20 16 182 18 51 40
-0.000121794 20 0 20 16 182 18 51 40
-0.00012173 20 8 20 16 182 18 51 40
-0.000121723 20 16 20 16 182 18 51 40
-0.000121791 20 24 20 16 182 18 51 40
-0.000121793 30 0 20 16 182 18 51 40
-0.000121794 30 8 20 16 182 18 51 40
-0.000121794 30 16 20 16 182 18 51 40
-0.000121791 30 24 20 16 182 18 51 40
-0.000121792 0 0 20 16 182 18 51 40
-0.000121794 0 8 20 16 182 18 51 40
-0.000121794 0 16 20 16 182 18 51 40
-0.000121793 0 24 20 16 182 18 51 40
-0.000121774 10 0 20 16 182 18 51 40
-0.000121768 10 8 20 16 182 18 51 40
-9.71217e-005 10 16 20 16 182 18 51 40
-0.000121791 10 24 20 16 182 18 51 40
-0.000121777 20 0 20 16 182 18 51 40
-8.46539e-005 20 8 20 16 182 18 51 40
-8.3252e-005 20 16 20 16 182 18 51 40
-0.000121785 20 24 20 16 182 18 51 40
-0.000121771 30 0 20 16 182 18 51 40
-0.000121762 30 8 20 16 182 18 51 40
-0.000121742 30 16 20 16 182 18 51 40
-0.000121728 30 24 20 16 182 18 51 40
-0.000121794 0 0 34 26 182 18 51 40
-0.000121791 0 13 34 26 182 18 51 40
-0.000121788 17 0 34 26 182 18 51 40
-0.000121784 17 13 34 26 182 18 51 40
-5.45185e-005 0 0 34 26 182 18 51 40
-0.000121758 0 13 34 26 182 18 51 40
-0.000121738 17 0 34 26 182 18 51 40
-0.000121778 17 13 34 26 182 18 51 40
-0.000121662 0 0 34 26 182 18 51 40
-0.000121748 0 13 34 26 182 18 51 40
-0.00012172 17 0 34 26 182 18 51 40
-0.000121759 17 13 34 26 182 18 51 40
-0.000121701 0 0 34 26 182 18 51 40
-0.000121773 0 13 34 26 182 18 51 40
-0.000121752 17 0 34 26 182 18 51 40
-0.000121787 17 13 34 26 182 18 51 40
-0.000121793 0 0 34 26 182 18 51 40
-0.000121792 0 13 34 26 182 18 51 40
-0.000121687 17 0 34 26 182 18 51 40
-8.0437e-005 17 13 34 26 182 18 51 40
-0.000121794 0 0 34 26 182 18 51 40
-0.00012179 0 13 34 26 182 18 51 40
-0.00012177 17 0 34 26 182 18 51 40
-0.000121755 17 13 34 26 182 18 51 40
-0.000121791 0 0 34 26 182 18 51 40
-0.000121791 0 13 34 26 182 18 51 40
-0.000121789 17 0 34 26 182 18 51 40
-0.000121692 17 13 34 26 182 18 51 40
-0.000121788 0 0 34 26 182 18 51 40
-0.000121791 0 13 34 26 182 18 51 40
-0.000121778 17 0 34 26 182 18 51 40
-0.000121772 17 13 34 26 182 18 51 40
-0.000121786 0 0 34 26 182 18 51 40
-0.00012177 0 13 34 26 182 18 51 40
-0.000121793 17 0 34 26 182 18 51 40
-0.000121791 17 13 34 26 182 18 51 40
-0.000121784 0 0 34 26 182 18 51 40
-0.00012179 0 13 34 26 182 18 51 40
-0.000121726 17 0 34 26 182 18 51 40
-0.000121757 17 13 34 26 182 18 51 40
-0.00012179 0 0 51 40 182 18 51 40
-0.000121708 0 0 51 40 182 18 51 40
-0.000121674 0 0 51 40 182 18 51 40
-0.000121727 0 0 51 40 182 18 51 40
-0.000121776 0 0 51 40 182 18 51 40
-0.000121786 0 0 51 40 182 18 51 40
-0.000121773 0 0 51 40 182 18 51 40
-0.000121769 0 0 51 40 182 18 51 40
-0.00012179 0 0 51 40 182 18 51 40
-0.000121772 0 0 51 40 182 18 51 40
