1119 
460 
1073 
448 
993 
1093 
853 
454 
1115 
977 
441 
494 
466 
1077 
434 
251 
469 
211 
1089 
1110 
495 
1109 
1079 
194 
403 
1114 
671 
974 
442 
928 
135 
1092 
463 
817 
670 
1080 
470 
502 
1112 
447 
410 
1006 
556 
195 
846 
136 
955 
1009 
963 
866 
1111 
476 
508 
1003 
75 
933 
693 
409 
1108 
501 
1084 
381 
193 
1038 
1076 
870 
968 
471 
669 
507 
380 
851 
927 
802 
57 
694 
838 
1072 
932 
834 
