-0.000298636 0 0 16 14 213 139 88 52
-0.000298689 0 7 16 14 213 139 88 52
-0.000298712 0 14 16 14 213 139 88 52
-0.000298695 0 21 16 14 213 139 88 52
-0.000298557 0 28 16 14 213 139 88 52
-0.000298396 0 35 16 14 213 139 88 52
-0.000298694 8 0 16 14 213 139 88 52
-0.000298709 8 7 16 14 213 139 88 52
-0.000298703 8 14 16 14 213 139 88 52
-0.000298603 8 21 16 14 213 139 88 52
-0.0002984 8 28 16 14 213 139 88 52
-0.000298273 8 35 16 14 213 139 88 52
-0.000298712 16 0 16 14 213 139 88 52
-0.000298691 16 7 16 14 213 139 88 52
-0.000298581 16 14 16 14 213 139 88 52
-0.00029856 16 21 16 14 213 139 88 52
-0.000298664 16 28 16 14 213 139 88 52
-0.000298635 16 35 16 14 213 139 88 52
-0.000298714 24 0 16 14 213 139 88 52
-0.000298635 24 7 16 14 213 139 88 52
-0.000298509 24 14 16 14 213 139 88 52
-0.000297952 24 21 16 14 213 139 88 52
-0.000298433 24 28 16 14 213 139 88 52
-0.000298507 24 35 16 14 213 139 88 52
-0.000298712 32 0 16 14 213 139 88 52
-0.000298684 32 7 16 14 213 139 88 52
-0.000298524 32 14 16 14 213 139 88 52
-7.9232e-005 32 21 16 14 213 139 88 52
-0.000123266 32 28 16 14 213 139 88 52
-0.000298624 32 35 16 14 213 139 88 52
-0.00029871 40 0 16 14 213 139 88 52
-0.000298704 40 7 16 14 213 139 88 52
-0.000298518 40 14 16 14 213 139 88 52
-9.32571e-005 40 21 16 14 213 139 88 52
-0.000294985 40 28 16 14 213 139 88 52
-0.000298688 40 35 16 14 213 139 88 52
-0.000298708 48 0 16 14 213 139 88 52
-0.000298711 48 7 16 14 213 139 88 52
-0.000298543 48 14 16 14 213 139 88 52
-0.000298031 48 21 16 14 213 139 88 52
-0.000297973 48 28 16 14 213 139 88 52
-0.000298706 48 35 16 14 213 139 88 52
-0.000298696 56 0 16 14 213 139 88 52
-0.000298715 56 7 16 14 213 139 88 52
-0.000298713 56 14 16 14 213 139 88 52
-0.000298702 56 21 16 14 213 139 88 52
-0.000298697 56 28 16 14 213 139 88 52
-0.000298714 56 35 16 14 213 139 88 52
-0.000298541 64 0 16 14 213 139 88 52
-0.000298698 64 7 16 14 213 139 88 52
-0.000298711 64 14 16 14 213 139 88 52
-0.000298714 64 21 16 14 213 139 88 52
-0.000298715 64 28 16 14 213 139 88 52
-0.000298714 64 35 16 14 213 139 88 52
-0.000298702 72 0 16 14 213 139 88 52
-0.000298701 72 7 16 14 213 139 88 52
-0.000298603 72 14 16 14 213 139 88 52
-0.000298694 72 21 16 14 213 139 88 52
-0.000298697 72 28 16 14 213 139 88 52
-0.000298669 72 35 16 14 213 139 88 52
-0.000298536 0 0 16 14 213 139 88 52
-0.000298307 0 7 16 14 213 139 88 52
-0.000298675 0 14 16 14 213 139 88 52
-0.000298681 0 21 16 14 213 139 88 52
-0.000298469 0 28 16 14 213 139 88 52
-0.000298435 0 35 16 14 213 139 88 52
-0.000298499 8 0 16 14 213 139 88 52
-0.000298593 8 7 16 14 213 139 88 52
-0.000298664 8 14 16 14 213 139 88 52
-0.000298588 8 21 16 14 213 139 88 52
-0.000298636 8 28 16 14 213 139 88 52
-0.000297811 8 35 16 14 213 139 88 52
-0.000298312 16 0 16 14 213 139 88 52
-0.000298629 16 7 16 14 213 139 88 52
-0.000298626 16 14 16 14 213 139 88 52
-0.000298226 16 21 16 14 213 139 88 52
-0.000298636 16 28 16 14 213 139 88 52
-0.000298455 16 35 16 14 213 139 88 52
-0.000298008 24 0 16 14 213 139 88 52
-0.00029862 24 7 16 14 213 139 88 52
-0.000298551 24 14 16 14 213 139 88 52
-0.000298041 24 21 16 14 213 139 88 52
-0.000298421 24 28 16 14 213 139 88 52
-0.00029827 24 35 16 14 213 139 88 52
-0.000297846 32 0 16 14 213 139 88 52
-0.000298586 32 7 16 14 213 139 88 52
-0.000298486 32 14 16 14 213 139 88 52
-0.000297774 32 21 16 14 213 139 88 52
-0.000298374 32 28 16 14 213 139 88 52
-0.000297987 32 35 16 14 213 139 88 52
-0.000297667 40 0 16 14 213 139 88 52
-0.000298502 40 7 16 14 213 139 88 52
-0.000298451 40 14 16 14 213 139 88 52
-0.000222689 40 21 16 14 213 139 88 52
-0.000298269 40 28 16 14 213 139 88 52
-0.000176593 40 35 16 14 213 139 88 52
-0.000298067 48 0 16 14 213 139 88 52
-0.000298422 48 7 16 14 213 139 88 52
-0.000298466 48 14 16 14 213 139 88 52
-0.000297841 48 21 16 14 213 139 88 52
-0.000297859 48 28 16 14 213 139 88 52
-7.46085e-005 48 35 16 14 213 139 88 52
-0.000298544 56 0 16 14 213 139 88 52
-0.000298055 56 7 16 14 213 139 88 52
-0.000298527 56 14 16 14 213 139 88 52
-0.000298501 56 21 16 14 213 139 88 52
-0.000297934 56 28 16 14 213 139 88 52
-0.000252877 56 35 16 14 213 139 88 52
-0.000298675 64 0 16 14 213 139 88 52
-0.000298626 64 7 16 14 213 139 88 52
-0.000297995 64 14 16 14 213 139 88 52
-0.000298401 64 21 16 14 213 139 88 52
-0.000298377 64 28 16 14 213 139 88 52
-0.00029843 64 35 16 14 213 139 88 52
-0.000298702 72 0 16 14 213 139 88 52
-0.000298696 72 7 16 14 213 139 88 52
-0.000298661 72 14 16 14 213 139 88 52
-0.000298492 72 21 16 14 213 139 88 52
-0.000298606 72 28 16 14 213 139 88 52
-0.000298579 72 35 16 14 213 139 88 52
-0.00029826 0 0 16 14 213 139 88 52
-0.00029854 0 7 16 14 213 139 88 52
-0.000298583 0 14 16 14 213 139 88 52
-0.000228274 0 21 16 14 213 139 88 52
-0.000298357 0 28 16 14 213 139 88 52
-0.00029863 0 35 16 14 213 139 88 52
-0.000298597 8 0 16 14 213 139 88 52
-0.000298652 8 7 16 14 213 139 88 52
-0.000298567 8 14 16 14 213 139 88 52
-0.000298091 8 21 16 14 213 139 88 52
-0.000298583 8 28 16 14 213 139 88 52
-0.000298655 8 35 16 14 213 139 88 52
-0.000298631 16 0 16 14 213 139 88 52
-0.000298554 16 7 16 14 213 139 88 52
-0.000298459 16 14 16 14 213 139 88 52
-0.000298544 16 21 16 14 213 139 88 52
-0.000298519 16 28 16 14 213 139 88 52
-0.000298354 16 35 16 14 213 139 88 52
-0.000298604 24 0 16 14 213 139 88 52
-0.000298426 24 7 16 14 213 139 88 52
-0.000298402 24 14 16 14 213 139 88 52
-0.000298647 24 21 16 14 213 139 88 52
-0.000298583 24 28 16 14 213 139 88 52
-0.000297696 24 35 16 14 213 139 88 52
-0.000298573 32 0 16 14 213 139 88 52
-0.000298434 32 7 16 14 213 139 88 52
-0.00029784 32 14 16 14 213 139 88 52
-0.000298628 32 21 16 14 213 139 88 52
-0.00029866 32 28 16 14 213 139 88 52
-0.000298546 32 35 16 14 213 139 88 52
-0.000298507 40 0 16 14 213 139 88 52
-0.000298327 40 7 16 14 213 139 88 52
-0.000164254 40 14 16 14 213 139 88 52
-0.000298532 40 21 16 14 213 139 88 52
-0.000298654 40 28 16 14 213 139 88 52
-0.000298665 40 35 16 14 213 139 88 52
-0.000298509 48 0 16 14 213 139 88 52
-0.000298049 48 7 16 14 213 139 88 52
-9.73253e-005 48 14 16 14 213 139 88 52
-0.000298231 48 21 16 14 213 139 88 52
-0.000298596 48 28 16 14 213 139 88 52
-0.000298669 48 35 16 14 213 139 88 52
-0.000298646 56 0 16 14 213 139 88 52
-0.000298469 56 7 16 14 213 139 88 52
-0.000298065 56 14 16 14 213 139 88 52
-0.000225494 56 21 16 14 213 139 88 52
-0.000298457 56 28 16 14 213 139 88 52
-0.000298651 56 35 16 14 213 139 88 52
-0.000298688 64 0 16 14 213 139 88 52
-0.000298667 64 7 16 14 213 139 88 52
-0.000298624 64 14 16 14 213 139 88 52
-0.000297886 64 21 16 14 213 139 88 52
-0.000298411 64 28 16 14 213 139 88 52
-0.000298631 64 35 16 14 213 139 88 52
-0.000298646 72 0 16 14 213 139 88 52
-0.000298674 72 7 16 14 213 139 88 52
-0.000298675 72 14 16 14 213 139 88 52
-0.000298637 72 21 16 14 213 139 88 52
-0.000298639 72 28 16 14 213 139 88 52
-0.000298671 72 35 16 14 213 139 88 52
-0.000298709 0 0 16 14 213 139 88 52
-0.000298689 0 7 16 14 213 139 88 52
-0.00029829 0 14 16 14 213 139 88 52
-0.000298138 0 21 16 14 213 139 88 52
-0.000298673 0 28 16 14 213 139 88 52
-0.000298699 0 35 16 14 213 139 88 52
-0.000298701 8 0 16 14 213 139 88 52
-0.000298605 8 7 16 14 213 139 88 52
-0.000298445 8 14 16 14 213 139 88 52
-0.000298441 8 21 16 14 213 139 88 52
-0.000298456 8 28 16 14 213 139 88 52
-0.000298675 8 35 16 14 213 139 88 52
-0.000298655 16 0 16 14 213 139 88 52
-0.000298021 16 7 16 14 213 139 88 52
-0.000298492 16 14 16 14 213 139 88 52
-0.000298255 16 21 16 14 213 139 88 52
-0.000298136 16 28 16 14 213 139 88 52
-0.000298611 16 35 16 14 213 139 88 52
-0.000298473 24 0 16 14 213 139 88 52
-0.000154972 24 7 16 14 213 139 88 52
-0.000298094 24 14 16 14 213 139 88 52
-0.00029759 24 21 16 14 213 139 88 52
-0.000260865 24 28 16 14 213 139 88 52
-0.000298366 24 35 16 14 213 139 88 52
-0.000298464 32 0 16 14 213 139 88 52
-0.000297537 32 7 16 14 213 139 88 52
-0.000297846 32 14 16 14 213 139 88 52
-0.000298034 32 21 16 14 213 139 88 52
-0.000297829 32 28 16 14 213 139 88 52
-0.000298475 32 35 16 14 213 139 88 52
-0.000298488 40 0 16 14 213 139 88 52
-0.000298483 40 7 16 14 213 139 88 52
-0.000298017 40 14 16 14 213 139 88 52
-0.000297975 40 21 16 14 213 139 88 52
-0.000298096 40 28 16 14 213 139 88 52
-0.000298617 40 35 16 14 213 139 88 52
-0.000298515 48 0 16 14 213 139 88 52
-0.000298571 48 7 16 14 213 139 88 52
-0.000298388 48 14 16 14 213 139 88 52
-0.000298146 48 21 16 14 213 139 88 52
-0.000298158 48 28 16 14 213 139 88 52
-0.000298625 48 35 16 14 213 139 88 52
-0.000298679 56 0 16 14 213 139 88 52
-0.000298374 56 7 16 14 213 139 88 52
-0.000298463 56 14 16 14 213 139 88 52
-0.000298521 56 21 16 14 213 139 88 52
-0.000298414 56 28 16 14 213 139 88 52
-0.000298602 56 35 16 14 213 139 88 52
-0.000298706 64 0 16 14 213 139 88 52
-0.000298687 64 7 16 14 213 139 88 52
-0.000298517 64 14 16 14 213 139 88 52
-0.000298383 64 21 16 14 213 139 88 52
-0.00029838 64 28 16 14 213 139 88 52
-0.000298417 64 35 16 14 213 139 88 52
-0.000298714 72 0 16 14 213 139 88 52
-0.00029871 72 7 16 14 213 139 88 52
-0.000298694 72 14 16 14 213 139 88 52
-0.000298579 72 21 16 14 213 139 88 52
-0.000298648 72 28 16 14 213 139 88 52
-0.000298678 72 35 16 14 213 139 88 52
-0.000298716 0 0 16 14 213 139 88 52
-0.000298721 0 7 16 14 213 139 88 52
-0.000298717 0 14 16 14 213 139 88 52
-0.0002987 0 21 16 14 213 139 88 52
-0.000298701 0 28 16 14 213 139 88 52
-0.000298688 0 35 16 14 213 139 88 52
-0.00029872 8 0 16 14 213 139 88 52
-0.000298701 8 7 16 14 213 139 88 52
-0.000298631 8 14 16 14 213 139 88 52
-0.000298456 8 21 16 14 213 139 88 52
-0.000298221 8 28 16 14 213 139 88 52
-0.000298665 8 35 16 14 213 139 88 52
-0.00029872 16 0 16 14 213 139 88 52
-0.000276753 16 7 16 14 213 139 88 52
-0.000298209 16 14 16 14 213 139 88 52
-0.000298395 16 21 16 14 213 139 88 52
-0.000297932 16 28 16 14 213 139 88 52
-0.000298628 16 35 16 14 213 139 88 52
-0.00029872 24 0 16 14 213 139 88 52
-8.88842e-005 24 7 16 14 213 139 88 52
-0.000244805 24 14 16 14 213 139 88 52
-0.000298432 24 21 16 14 213 139 88 52
-0.000298332 24 28 16 14 213 139 88 52
-0.000298365 24 35 16 14 213 139 88 52
-0.000298698 32 0 16 14 213 139 88 52
-0.000109077 32 7 16 14 213 139 88 52
-6.58861e-005 32 14 16 14 213 139 88 52
-0.000284637 32 21 16 14 213 139 88 52
-0.000188395 32 28 16 14 213 139 88 52
-0.000298618 32 35 16 14 213 139 88 52
-0.000298676 40 0 16 14 213 139 88 52
-0.000126581 40 7 16 14 213 139 88 52
-0.000101255 40 14 16 14 213 139 88 52
-0.000116378 40 21 16 14 213 139 88 52
-6.98071e-005 40 28 16 14 213 139 88 52
-0.000298706 40 35 16 14 213 139 88 52
-0.000298707 48 0 16 14 213 139 88 52
-0.000279394 48 7 16 14 213 139 88 52
-0.000298285 48 14 16 14 213 139 88 52
-0.000298355 48 21 16 14 213 139 88 52
-0.000297865 48 28 16 14 213 139 88 52
-0.000298717 48 35 16 14 213 139 88 52
-0.000298718 56 0 16 14 213 139 88 52
-0.000298718 56 7 16 14 213 139 88 52
-0.000298719 56 14 16 14 213 139 88 52
-0.000298695 56 21 16 14 213 139 88 52
-0.000298578 56 28 16 14 213 139 88 52
-0.000298715 56 35 16 14 213 139 88 52
-0.000298703 64 0 16 14 213 139 88 52
-0.000298703 64 7 16 14 213 139 88 52
-0.00029871 64 14 16 14 213 139 88 52
-0.000298707 64 21 16 14 213 139 88 52
-0.000298713 64 28 16 14 213 139 88 52
-0.000298718 64 35 16 14 213 139 88 52
-0.000298684 72 0 16 14 213 139 88 52
-0.000298702 72 7 16 14 213 139 88 52
-0.000298713 72 14 16 14 213 139 88 52
-0.000298657 72 21 16 14 213 139 88 52
-0.00029871 72 28 16 14 213 139 88 52
-0.00029871 72 35 16 14 213 139 88 52
-0.000298677 0 0 16 14 213 139 88 52
-0.000298709 0 7 16 14 213 139 88 52
-0.000298713 0 14 16 14 213 139 88 52
-0.000298715 0 21 16 14 213 139 88 52
-0.00029871 0 28 16 14 213 139 88 52
-0.000298656 0 35 16 14 213 139 88 52
-0.000298715 8 0 16 14 213 139 88 52
-0.000298716 8 7 16 14 213 139 88 52
-0.000298714 8 14 16 14 213 139 88 52
-0.00029869 8 21 16 14 213 139 88 52
-0.000298592 8 28 16 14 213 139 88 52
-0.00029864 8 35 16 14 213 139 88 52
-0.000298712 16 0 16 14 213 139 88 52
-0.000298682 16 7 16 14 213 139 88 52
-0.000298587 16 14 16 14 213 139 88 52
-0.000298628 16 21 16 14 213 139 88 52
-0.000298616 16 28 16 14 213 139 88 52
-0.000298645 16 35 16 14 213 139 88 52
-0.000298688 24 0 16 14 213 139 88 52
-0.000145474 24 7 16 14 213 139 88 52
-0.000297682 24 14 16 14 213 139 88 52
-0.000298471 24 21 16 14 213 139 88 52
-0.000298485 24 28 16 14 213 139 88 52
-0.000297971 24 35 16 14 213 139 88 52
-0.000298657 32 0 16 14 213 139 88 52
-0.000255536 32 7 16 14 213 139 88 52
-0.000297967 32 14 16 14 213 139 88 52
-0.000298397 32 21 16 14 213 139 88 52
-0.000298225 32 28 16 14 213 139 88 52
-0.000298128 32 35 16 14 213 139 88 52
-0.000298657 40 0 16 14 213 139 88 52
-0.00029846 40 7 16 14 213 139 88 52
-0.000298224 40 14 16 14 213 139 88 52
-0.000298259 40 21 16 14 213 139 88 52
-0.000297671 40 28 16 14 213 139 88 52
-0.000298238 40 35 16 14 213 139 88 52
-0.000298707 48 0 16 14 213 139 88 52
-0.000298592 48 7 16 14 213 139 88 52
-0.000298564 48 14 16 14 213 139 88 52
-0.000298218 48 21 16 14 213 139 88 52
-0.00029826 48 28 16 14 213 139 88 52
-0.000298456 48 35 16 14 213 139 88 52
-0.000298714 56 0 16 14 213 139 88 52
-0.000298711 56 7 16 14 213 139 88 52
-0.000298712 56 14 16 14 213 139 88 52
-0.000298699 56 21 16 14 213 139 88 52
-0.00029866 56 28 16 14 213 139 88 52
-0.000298682 56 35 16 14 213 139 88 52
-0.000298695 64 0 16 14 213 139 88 52
-0.000298711 64 7 16 14 213 139 88 52
-0.000298706 64 14 16 14 213 139 88 52
-0.000298712 64 21 16 14 213 139 88 52
-0.000298712 64 28 16 14 213 139 88 52
-0.000298709 64 35 16 14 213 139 88 52
-0.000298604 72 0 16 14 213 139 88 52
-0.000298676 72 7 16 14 213 139 88 52
-0.000298669 72 14 16 14 213 139 88 52
-0.000298713 72 21 16 14 213 139 88 52
-0.000298711 72 28 16 14 213 139 88 52
-0.000298708 72 35 16 14 213 139 88 52
-0.000298713 0 0 16 14 213 139 88 52
-0.000298692 0 7 16 14 213 139 88 52
-0.000298711 0 14 16 14 213 139 88 52
-0.000298708 0 21 16 14 213 139 88 52
-0.000298391 0 28 16 14 213 139 88 52
-0.000298406 0 35 16 14 213 139 88 52
-0.00029868 8 0 16 14 213 139 88 52
-0.000298707 8 7 16 14 213 139 88 52
-0.000298715 8 14 16 14 213 139 88 52
-0.000298664 8 21 16 14 213 139 88 52
-0.000298355 8 28 16 14 213 139 88 52
-0.000298513 8 35 16 14 213 139 88 52
-0.00029871 16 0 16 14 213 139 88 52
-0.000298715 16 7 16 14 213 139 88 52
-0.000298705 16 14 16 14 213 139 88 52
-0.000298564 16 21 16 14 213 139 88 52
-0.000298641 16 28 16 14 213 139 88 52
-0.000298619 16 35 16 14 213 139 88 52
-0.000298715 24 0 16 14 213 139 88 52
-0.000298666 24 7 16 14 213 139 88 52
-0.000298345 24 14 16 14 213 139 88 52
-0.000289837 24 21 16 14 213 139 88 52
-0.000298478 24 28 16 14 213 139 88 52
-0.000298608 24 35 16 14 213 139 88 52
-0.000298712 32 0 16 14 213 139 88 52
-0.000298526 32 7 16 14 213 139 88 52
-0.000298261 32 14 16 14 213 139 88 52
-0.000298401 32 21 16 14 213 139 88 52
-0.000298632 32 28 16 14 213 139 88 52
-0.000298669 32 35 16 14 213 139 88 52
-0.000298705 40 0 16 14 213 139 88 52
-0.000298665 40 7 16 14 213 139 88 52
-0.00029823 40 14 16 14 213 139 88 52
-0.000298406 40 21 16 14 213 139 88 52
-0.000298501 40 28 16 14 213 139 88 52
-0.000298651 40 35 16 14 213 139 88 52
-0.000298699 48 0 16 14 213 139 88 52
-0.000298701 48 7 16 14 213 139 88 52
-0.000298521 48 14 16 14 213 139 88 52
-0.000298508 48 21 16 14 213 139 88 52
-0.000298657 48 28 16 14 213 139 88 52
-0.000298693 48 35 16 14 213 139 88 52
-0.000298702 56 0 16 14 213 139 88 52
-0.000298691 56 7 16 14 213 139 88 52
-0.000298678 56 14 16 14 213 139 88 52
-0.000298673 56 21 16 14 213 139 88 52
-0.000298696 56 28 16 14 213 139 88 52
-0.000298706 56 35 16 14 213 139 88 52
-0.000298697 64 0 16 14 213 139 88 52
-0.00029861 64 7 16 14 213 139 88 52
-0.000298708 64 14 16 14 213 139 88 52
-0.000298712 64 21 16 14 213 139 88 52
-0.000298694 64 28 16 14 213 139 88 52
-0.000298703 64 35 16 14 213 139 88 52
-0.000298604 72 0 16 14 213 139 88 52
-0.000298686 72 7 16 14 213 139 88 52
-0.000298698 72 14 16 14 213 139 88 52
-0.000298702 72 21 16 14 213 139 88 52
-0.000298697 72 28 16 14 213 139 88 52
-0.000298703 72 35 16 14 213 139 88 52
-0.000298711 0 0 16 14 213 139 88 52
-0.000298711 0 7 16 14 213 139 88 52
-0.000298669 0 14 16 14 213 139 88 52
-0.000298682 0 21 16 14 213 139 88 52
-0.000298679 0 28 16 14 213 139 88 52
-0.000298626 0 35 16 14 213 139 88 52
-0.000298712 8 0 16 14 213 139 88 52
-0.000298707 8 7 16 14 213 139 88 52
-0.000298707 8 14 16 14 213 139 88 52
-0.000298629 8 21 16 14 213 139 88 52
-0.000298628 8 28 16 14 213 139 88 52
-0.000298691 8 35 16 14 213 139 88 52
-0.000298675 16 0 16 14 213 139 88 52
-0.000298675 16 7 16 14 213 139 88 52
-0.000298714 16 14 16 14 213 139 88 52
-0.00029869 16 21 16 14 213 139 88 52
-0.000298683 16 28 16 14 213 139 88 52
-0.000298663 16 35 16 14 213 139 88 52
-0.000298596 24 0 16 14 213 139 88 52
-0.000298676 24 7 16 14 213 139 88 52
-0.000298715 24 14 16 14 213 139 88 52
-0.000298618 24 21 16 14 213 139 88 52
-0.000298652 24 28 16 14 213 139 88 52
-0.000298676 24 35 16 14 213 139 88 52
-0.000298654 32 0 16 14 213 139 88 52
-0.000298697 32 7 16 14 213 139 88 52
-0.000298714 32 14 16 14 213 139 88 52
-0.000298428 32 21 16 14 213 139 88 52
-0.000298666 32 28 16 14 213 139 88 52
-0.000298675 32 35 16 14 213 139 88 52
-0.000298695 40 0 16 14 213 139 88 52
-0.000298705 40 7 16 14 213 139 88 52
-0.000298708 40 14 16 14 213 139 88 52
-0.000298493 40 21 16 14 213 139 88 52
-0.000298635 40 28 16 14 213 139 88 52
-0.00029869 40 35 16 14 213 139 88 52
-0.000298693 48 0 16 14 213 139 88 52
-0.000298712 48 7 16 14 213 139 88 52
-0.000298701 48 14 16 14 213 139 88 52
-0.000298074 48 21 16 14 213 139 88 52
-0.000298584 48 28 16 14 213 139 88 52
-0.000298693 48 35 16 14 213 139 88 52
-0.000298706 56 0 16 14 213 139 88 52
-0.000298715 56 7 16 14 213 139 88 52
-0.000298672 56 14 16 14 213 139 88 52
-0.000298654 56 21 16 14 213 139 88 52
-0.000298678 56 28 16 14 213 139 88 52
-0.000298711 56 35 16 14 213 139 88 52
-0.000298715 64 0 16 14 213 139 88 52
-0.000298711 64 7 16 14 213 139 88 52
-0.000298715 64 14 16 14 213 139 88 52
-0.000298714 64 21 16 14 213 139 88 52
-0.000298712 64 28 16 14 213 139 88 52
-0.000298711 64 35 16 14 213 139 88 52
-0.000298666 72 0 16 14 213 139 88 52
-0.00029871 72 7 16 14 213 139 88 52
-0.000298707 72 14 16 14 213 139 88 52
-0.000298697 72 21 16 14 213 139 88 52
-0.000298714 72 28 16 14 213 139 88 52
-0.000298711 72 35 16 14 213 139 88 52
-0.000298687 0 0 16 14 213 139 88 52
-0.000298459 0 7 16 14 213 139 88 52
-0.000298447 0 14 16 14 213 139 88 52
-0.000298204 0 21 16 14 213 139 88 52
-0.000298418 0 28 16 14 213 139 88 52
-0.000298484 0 35 16 14 213 139 88 52
-0.000298646 8 0 16 14 213 139 88 52
-0.000298545 8 7 16 14 213 139 88 52
-0.000298445 8 14 16 14 213 139 88 52
-0.000298378 8 21 16 14 213 139 88 52
-0.000298495 8 28 16 14 213 139 88 52
-0.000298627 8 35 16 14 213 139 88 52
-0.000298649 16 0 16 14 213 139 88 52
-0.000298355 16 7 16 14 213 139 88 52
-0.000298196 16 14 16 14 213 139 88 52
-0.000298059 16 21 16 14 213 139 88 52
-0.000298654 16 28 16 14 213 139 88 52
-0.00029864 16 35 16 14 213 139 88 52
-0.000298713 24 0 16 14 213 139 88 52
-0.000298662 24 7 16 14 213 139 88 52
-0.00029786 24 14 16 14 213 139 88 52
-0.000298405 24 21 16 14 213 139 88 52
-0.000298506 24 28 16 14 213 139 88 52
-0.000298644 24 35 16 14 213 139 88 52
-0.00029871 32 0 16 14 213 139 88 52
-0.000298712 32 7 16 14 213 139 88 52
-0.000298548 32 14 16 14 213 139 88 52
-0.000298448 32 21 16 14 213 139 88 52
-0.000263515 32 28 16 14 213 139 88 52
-0.000298488 32 35 16 14 213 139 88 52
-0.000298693 40 0 16 14 213 139 88 52
-0.000298714 40 7 16 14 213 139 88 52
-0.000298534 40 14 16 14 213 139 88 52
-0.000297778 40 21 16 14 213 139 88 52
-0.000297637 40 28 16 14 213 139 88 52
-0.000298584 40 35 16 14 213 139 88 52
-0.000298688 48 0 16 14 213 139 88 52
-0.000298713 48 7 16 14 213 139 88 52
-0.000298635 48 14 16 14 213 139 88 52
-0.000298269 48 21 16 14 213 139 88 52
-0.00029788 48 28 16 14 213 139 88 52
-0.000298676 48 35 16 14 213 139 88 52
-0.000298649 56 0 16 14 213 139 88 52
-0.000298712 56 7 16 14 213 139 88 52
-0.000298684 56 14 16 14 213 139 88 52
-0.000298694 56 21 16 14 213 139 88 52
-0.000298706 56 28 16 14 213 139 88 52
-0.000298711 56 35 16 14 213 139 88 52
-0.000298705 64 0 16 14 213 139 88 52
-0.000298714 64 7 16 14 213 139 88 52
-0.000298713 64 14 16 14 213 139 88 52
-0.000298714 64 21 16 14 213 139 88 52
-0.000298713 64 28 16 14 213 139 88 52
-0.00029871 64 35 16 14 213 139 88 52
-0.000298715 72 0 16 14 213 139 88 52
-0.000298714 72 7 16 14 213 139 88 52
-0.000298706 72 14 16 14 213 139 88 52
-0.000298673 72 21 16 14 213 139 88 52
-0.000298677 72 28 16 14 213 139 88 52
-0.000298683 72 35 16 14 213 139 88 52
-0.000298714 0 0 16 14 213 139 88 52
-0.00029871 0 7 16 14 213 139 88 52
-0.000298671 0 14 16 14 213 139 88 52
-0.000298615 0 21 16 14 213 139 88 52
-0.000298506 0 28 16 14 213 139 88 52
-0.000298589 0 35 16 14 213 139 88 52
-0.000298715 8 0 16 14 213 139 88 52
-0.000298663 8 7 16 14 213 139 88 52
-0.000298595 8 14 16 14 213 139 88 52
-0.000298594 8 21 16 14 213 139 88 52
-0.000298474 8 28 16 14 213 139 88 52
-0.00029849 8 35 16 14 213 139 88 52
-0.000298707 16 0 16 14 213 139 88 52
-0.000158014 16 7 16 14 213 139 88 52
-0.000298147 16 14 16 14 213 139 88 52
-0.000298583 16 21 16 14 213 139 88 52
-0.000298671 16 28 16 14 213 139 88 52
-0.000298663 16 35 16 14 213 139 88 52
-0.000298703 24 0 16 14 213 139 88 52
-0.000239335 24 7 16 14 213 139 88 52
-0.000298385 24 14 16 14 213 139 88 52
-0.000298034 24 21 16 14 213 139 88 52
-0.000298578 24 28 16 14 213 139 88 52
-0.0002986 24 35 16 14 213 139 88 52
-0.000298701 32 0 16 14 213 139 88 52
-0.000298438 32 7 16 14 213 139 88 52
-0.000298462 32 14 16 14 213 139 88 52
-0.000297885 32 21 16 14 213 139 88 52
-0.000298074 32 28 16 14 213 139 88 52
-0.000298674 32 35 16 14 213 139 88 52
-0.000298707 40 0 16 14 213 139 88 52
-0.000298677 40 7 16 14 213 139 88 52
-0.000298475 40 14 16 14 213 139 88 52
-0.000298473 40 21 16 14 213 139 88 52
-0.000231057 40 28 16 14 213 139 88 52
-0.000298711 40 35 16 14 213 139 88 52
-0.000298711 48 0 16 14 213 139 88 52
-0.000298648 48 7 16 14 213 139 88 52
-0.000298692 48 14 16 14 213 139 88 52
-0.000298691 48 21 16 14 213 139 88 52
-0.000298562 48 28 16 14 213 139 88 52
-0.000298714 48 35 16 14 213 139 88 52
-0.000298717 56 0 16 14 213 139 88 52
-0.000298717 56 7 16 14 213 139 88 52
-0.000298717 56 14 16 14 213 139 88 52
-0.000298718 56 21 16 14 213 139 88 52
-0.000298714 56 28 16 14 213 139 88 52
-0.000298716 56 35 16 14 213 139 88 52
-0.000298701 64 0 16 14 213 139 88 52
-0.000298701 64 7 16 14 213 139 88 52
-0.000298684 64 14 16 14 213 139 88 52
-0.00029869 64 21 16 14 213 139 88 52
-0.000298715 64 28 16 14 213 139 88 52
-0.000298713 64 35 16 14 213 139 88 52
-0.000298708 72 0 16 14 213 139 88 52
-0.000298709 72 7 16 14 213 139 88 52
-0.000298698 72 14 16 14 213 139 88 52
-0.000298695 72 21 16 14 213 139 88 52
-0.000298709 72 28 16 14 213 139 88 52
-0.00029868 72 35 16 14 213 139 88 52
-0.000298645 0 0 19 20 213 139 88 52
-0.000298706 0 10 19 20 213 139 88 52
-0.000298673 0 20 19 20 213 139 88 52
-0.00029839 0 30 19 20 213 139 88 52
-0.000298709 9 0 19 20 213 139 88 52
-0.000298691 9 10 19 20 213 139 88 52
-0.000298557 9 20 19 20 213 139 88 52
-0.000298546 9 30 19 20 213 139 88 52
-0.000298714 18 0 19 20 213 139 88 52
-0.000298558 18 10 19 20 213 139 88 52
-0.000298518 18 20 19 20 213 139 88 52
-0.000298617 18 30 19 20 213 139 88 52
-0.000298714 27 0 19 20 213 139 88 52
-0.000298549 27 10 19 20 213 139 88 52
-0.000194127 27 20 19 20 213 139 88 52
-0.000298444 27 30 19 20 213 139 88 52
-0.000298713 36 0 19 20 213 139 88 52
-0.000298599 36 10 19 20 213 139 88 52
-6.37378e-005 36 20 19 20 213 139 88 52
-0.000298644 36 30 19 20 213 139 88 52
-0.000298712 45 0 19 20 213 139 88 52
-0.000298637 45 10 19 20 213 139 88 52
-0.00026881 45 20 19 20 213 139 88 52
-0.000298693 45 30 19 20 213 139 88 52
-0.000298705 54 0 19 20 213 139 88 52
-0.000298713 54 10 19 20 213 139 88 52
-0.000298706 54 20 19 20 213 139 88 52
-0.000298712 54 30 19 20 213 139 88 52
-0.000298478 63 0 19 20 213 139 88 52
-0.000298706 63 10 19 20 213 139 88 52
-0.000298714 63 20 19 20 213 139 88 52
-0.000298713 63 30 19 20 213 139 88 52
-0.000297855 0 0 19 20 213 139 88 52
-0.000298608 0 10 19 20 213 139 88 52
-0.000298615 0 20 19 20 213 139 88 52
-0.00029799 0 30 19 20 213 139 88 52
-0.000298053 9 0 19 20 213 139 88 52
-0.000298626 9 10 19 20 213 139 88 52
-0.000298415 9 20 19 20 213 139 88 52
-0.000298184 9 30 19 20 213 139 88 52
-0.000298118 18 0 19 20 213 139 88 52
-0.000298611 18 10 19 20 213 139 88 52
-0.000297583 18 20 19 20 213 139 88 52
-0.000298209 18 30 19 20 213 139 88 52
-0.000298143 27 0 19 20 213 139 88 52
-0.000298554 27 10 19 20 213 139 88 52
-0.0002978 27 20 19 20 213 139 88 52
-0.000297735 27 30 19 20 213 139 88 52
-0.00029795 36 0 19 20 213 139 88 52
-0.000298458 36 10 19 20 213 139 88 52
-0.00029776 36 20 19 20 213 139 88 52
-0.00024207 36 30 19 20 213 139 88 52
-0.000247511 45 0 19 20 213 139 88 52
-0.000298399 45 10 19 20 213 139 88 52
-0.000297759 45 20 19 20 213 139 88 52
-6.52266e-005 45 30 19 20 213 139 88 52
-0.000298008 54 0 19 20 213 139 88 52
-0.000298369 54 10 19 20 213 139 88 52
-0.000298363 54 20 19 20 213 139 88 52
-0.000274103 54 30 19 20 213 139 88 52
-0.000298653 63 0 19 20 213 139 88 52
-0.000297602 63 10 19 20 213 139 88 52
-0.000298051 63 20 19 20 213 139 88 52
-0.000298251 63 30 19 20 213 139 88 52
-0.000298259 0 0 19 20 213 139 88 52
-0.000298465 0 10 19 20 213 139 88 52
-0.000233817 0 20 19 20 213 139 88 52
-0.000298559 0 30 19 20 213 139 88 52
-0.000298604 9 0 19 20 213 139 88 52
-0.000298485 9 10 19 20 213 139 88 52
-0.000298285 9 20 19 20 213 139 88 52
-0.000298607 9 30 19 20 213 139 88 52
-0.000298535 18 0 19 20 213 139 88 52
-0.000298261 18 10 19 20 213 139 88 52
-0.000298573 18 20 19 20 213 139 88 52
-0.000298092 18 30 19 20 213 139 88 52
-0.000298519 27 0 19 20 213 139 88 52
-0.000297906 27 10 19 20 213 139 88 52
-0.000298622 27 20 19 20 213 139 88 52
-0.000298549 27 30 19 20 213 139 88 52
-0.000298493 36 0 19 20 213 139 88 52
-0.000217025 36 10 19 20 213 139 88 52
-0.000298587 36 20 19 20 213 139 88 52
-0.000298658 36 30 19 20 213 139 88 52
-0.000298431 45 0 19 20 213 139 88 52
-0.000136062 45 10 19 20 213 139 88 52
-0.000298406 45 20 19 20 213 139 88 52
-0.000298652 45 30 19 20 213 139 88 52
-0.000298592 54 0 19 20 213 139 88 52
-0.000297877 54 10 19 20 213 139 88 52
-0.000297715 54 20 19 20 213 139 88 52
-0.000298625 54 30 19 20 213 139 88 52
-0.000298669 63 0 19 20 213 139 88 52
-0.000298607 63 10 19 20 213 139 88 52
-0.000298057 63 20 19 20 213 139 88 52
-0.0002986 63 30 19 20 213 139 88 52
-0.000298696 0 0 19 20 213 139 88 52
-0.000298402 0 10 19 20 213 139 88 52
-0.000298443 0 20 19 20 213 139 88 52
-0.000298682 0 30 19 20 213 139 88 52
-0.000298657 9 0 19 20 213 139 88 52
-0.000298253 9 10 19 20 213 139 88 52
-0.000197007 9 20 19 20 213 139 88 52
-0.000298484 9 30 19 20 213 139 88 52
-0.000298432 18 0 19 20 213 139 88 52
-0.000298042 18 10 19 20 213 139 88 52
-0.000613833 18 20 19 20 213 139 88 52
-0.000298164 18 30 19 20 213 139 88 52
-0.000298183 27 0 19 20 213 139 88 52
-0.00027145 27 10 19 20 213 139 88 52
-0.000297647 27 20 19 20 213 139 88 52
-0.000298256 27 30 19 20 213 139 88 52
-0.000298349 36 0 19 20 213 139 88 52
-0.000297975 36 10 19 20 213 139 88 52
-0.000297968 36 20 19 20 213 139 88 52
-0.000298529 36 30 19 20 213 139 88 52
-0.000298292 45 0 19 20 213 139 88 52
-0.000298462 45 10 19 20 213 139 88 52
-0.000298167 45 20 19 20 213 139 88 52
-0.000298577 45 30 19 20 213 139 88 52
-0.000298603 54 0 19 20 213 139 88 52
-0.000298334 54 10 19 20 213 139 88 52
-0.000298422 54 20 19 20 213 139 88 52
-0.000298572 54 30 19 20 213 139 88 52
-0.000298697 63 0 19 20 213 139 88 52
-0.000298502 63 10 19 20 213 139 88 52
-0.00029773 63 20 19 20 213 139 88 52
-0.000298466 63 30 19 20 213 139 88 52
-0.000298719 0 0 19 20 213 139 88 52
-0.000298718 0 10 19 20 213 139 88 52
-0.000298696 0 20 19 20 213 139 88 52
-0.000298696 0 30 19 20 213 139 88 52
-0.000298722 9 0 19 20 213 139 88 52
-0.000298559 9 10 19 20 213 139 88 52
-0.000298099 9 20 19 20 213 139 88 52
-0.000298665 9 30 19 20 213 139 88 52
-0.000298713 18 0 19 20 213 139 88 52
-0.000297562 18 10 19 20 213 139 88 52
-0.000266173 18 20 19 20 213 139 88 52
-0.000298587 18 30 19 20 213 139 88 52
-0.000298706 27 0 19 20 213 139 88 52
-0.00018545 27 10 19 20 213 139 88 52
-0.000298094 27 20 19 20 213 139 88 52
-0.000298521 27 30 19 20 213 139 88 52
-0.000298651 36 0 19 20 213 139 88 52
-0.000132945 36 10 19 20 213 139 88 52
-6.03613e-005 36 20 19 20 213 139 88 52
-0.000298698 36 30 19 20 213 139 88 52
-0.00029869 45 0 19 20 213 139 88 52
-0.000298199 45 10 19 20 213 139 88 52
-0.000298019 45 20 19 20 213 139 88 52
-0.000298717 45 30 19 20 213 139 88 52
-0.000298718 54 0 19 20 213 139 88 52
-0.000298719 54 10 19 20 213 139 88 52
-0.000298692 54 20 19 20 213 139 88 52
-0.000298715 54 30 19 20 213 139 88 52
-0.000298691 63 0 19 20 213 139 88 52
-0.000298687 63 10 19 20 213 139 88 52
-0.000298705 63 20 19 20 213 139 88 52
-0.000298717 63 30 19 20 213 139 88 52
-0.0002987 0 0 19 20 213 139 88 52
-0.000298714 0 10 19 20 213 139 88 52
-0.000298715 0 20 19 20 213 139 88 52
-0.000298695 0 30 19 20 213 139 88 52
-0.000298716 9 0 19 20 213 139 88 52
-0.000298712 9 10 19 20 213 139 88 52
-0.000298675 9 20 19 20 213 139 88 52
-0.000298649 9 30 19 20 213 139 88 52
-0.000298684 18 0 19 20 213 139 88 52
-0.000298077 18 10 19 20 213 139 88 52
-0.000298387 18 20 19 20 213 139 88 52
-0.000298486 18 30 19 20 213 139 88 52
-0.000298623 27 0 19 20 213 139 88 52
-0.00021419 27 10 19 20 213 139 88 52
-0.000297902 27 20 19 20 213 139 88 52
-0.000298 27 30 19 20 213 139 88 52
-0.000298592 36 0 19 20 213 139 88 52
-0.000298125 36 10 19 20 213 139 88 52
-0.000219866 36 20 19 20 213 139 88 52
-0.00029813 36 30 19 20 213 139 88 52
-0.000298695 45 0 19 20 213 139 88 52
-0.000298567 45 10 19 20 213 139 88 52
-0.000298079 45 20 19 20 213 139 88 52
-0.000298133 45 30 19 20 213 139 88 52
-0.000298713 54 0 19 20 213 139 88 52
-0.00029871 54 10 19 20 213 139 88 52
-0.000298697 54 20 19 20 213 139 88 52
-0.000298652 54 30 19 20 213 139 88 52
-0.000298698 63 0 19 20 213 139 88 52
-0.000298696 63 10 19 20 213 139 88 52
-0.000298713 63 20 19 20 213 139 88 52
-0.000298714 63 30 19 20 213 139 88 52
-0.000298696 0 0 19 20 213 139 88 52
-0.000298703 0 10 19 20 213 139 88 52
-0.000298697 0 20 19 20 213 139 88 52
-0.000298391 0 30 19 20 213 139 88 52
-0.000298695 9 0 19 20 213 139 88 52
-0.000298715 9 10 19 20 213 139 88 52
-0.000298643 9 20 19 20 213 139 88 52
-0.000298364 9 30 19 20 213 139 88 52
-0.000298714 18 0 19 20 213 139 88 52
-0.000298692 18 10 19 20 213 139 88 52
-0.000298478 18 20 19 20 213 139 88 52
-0.000298557 18 30 19 20 213 139 88 52
-0.000298711 27 0 19 20 213 139 88 52
-0.000297863 27 10 19 20 213 139 88 52
-0.000298503 27 20 19 20 213 139 88 52
-0.000298652 27 30 19 20 213 139 88 52
-0.0002987 36 0 19 20 213 139 88 52
-0.000298285 36 10 19 20 213 139 88 52
-0.000298364 36 20 19 20 213 139 88 52
-0.000298613 36 30 19 20 213 139 88 52
-0.000298703 45 0 19 20 213 139 88 52
-0.000298479 45 10 19 20 213 139 88 52
-0.000298521 45 20 19 20 213 139 88 52
-0.000298647 45 30 19 20 213 139 88 52
-0.000298696 54 0 19 20 213 139 88 52
-0.000298657 54 10 19 20 213 139 88 52
-0.000298684 54 20 19 20 213 139 88 52
-0.000298705 54 30 19 20 213 139 88 52
-0.000298667 63 0 19 20 213 139 88 52
-0.0002987 63 10 19 20 213 139 88 52
-0.00029871 63 20 19 20 213 139 88 52
-0.0002987 63 30 19 20 213 139 88 52
-0.000298715 0 0 19 20 213 139 88 52
-0.000298702 0 10 19 20 213 139 88 52
-0.000298692 0 20 19 20 213 139 88 52
-0.000298681 0 30 19 20 213 139 88 52
-0.000298704 9 0 19 20 213 139 88 52
-0.000298709 9 10 19 20 213 139 88 52
-0.000298662 9 20 19 20 213 139 88 52
-0.000298656 9 30 19 20 213 139 88 52
-0.000298662 18 0 19 20 213 139 88 52
-0.000298711 18 10 19 20 213 139 88 52
-0.000298671 18 20 19 20 213 139 88 52
-0.000298667 18 30 19 20 213 139 88 52
-0.000298676 27 0 19 20 213 139 88 52
-0.000298713 27 10 19 20 213 139 88 52
-0.000298359 27 20 19 20 213 139 88 52
-0.000298626 27 30 19 20 213 139 88 52
-0.000298696 36 0 19 20 213 139 88 52
-0.000298708 36 10 19 20 213 139 88 52
-0.000298227 36 20 19 20 213 139 88 52
-0.000298615 36 30 19 20 213 139 88 52
-0.000298699 45 0 19 20 213 139 88 52
-0.0002987 45 10 19 20 213 139 88 52
-0.000298168 45 20 19 20 213 139 88 52
-0.000298647 45 30 19 20 213 139 88 52
-0.000298709 54 0 19 20 213 139 88 52
-0.000298699 54 10 19 20 213 139 88 52
-0.000298688 54 20 19 20 213 139 88 52
-0.000298707 54 30 19 20 213 139 88 52
-0.000298715 63 0 19 20 213 139 88 52
-0.000298715 63 10 19 20 213 139 88 52
-0.000298714 63 20 19 20 213 139 88 52
-0.000298702 63 30 19 20 213 139 88 52
-0.000298617 0 0 19 20 213 139 88 52
-0.000298298 0 10 19 20 213 139 88 52
-0.000298073 0 20 19 20 213 139 88 52
-0.00029847 0 30 19 20 213 139 88 52
-0.000298462 9 0 19 20 213 139 88 52
-0.0002982 9 10 19 20 213 139 88 52
-0.000297846 9 20 19 20 213 139 88 52
-0.000298031 9 30 19 20 213 139 88 52
-0.000298653 18 0 19 20 213 139 88 52
-0.000297709 18 10 19 20 213 139 88 52
-0.000298443 18 20 19 20 213 139 88 52
-0.000298617 18 30 19 20 213 139 88 52
-0.000298711 27 0 19 20 213 139 88 52
-0.000298385 27 10 19 20 213 139 88 52
-0.000298363 27 20 19 20 213 139 88 52
-0.000298343 27 30 19 20 213 139 88 52
-0.000298702 36 0 19 20 213 139 88 52
-0.000298691 36 10 19 20 213 139 88 52
-0.000297743 36 20 19 20 213 139 88 52
-0.000298316 36 30 19 20 213 139 88 52
-0.00029869 45 0 19 20 213 139 88 52
-0.000298709 45 10 19 20 213 139 88 52
-0.000298012 45 20 19 20 213 139 88 52
-0.000298617 45 30 19 20 213 139 88 52
-0.000298656 54 0 19 20 213 139 88 52
-0.000298714 54 10 19 20 213 139 88 52
-0.000298708 54 20 19 20 213 139 88 52
-0.000298708 54 30 19 20 213 139 88 52
-0.000298707 63 0 19 20 213 139 88 52
-0.00029871 63 10 19 20 213 139 88 52
-0.000298712 63 20 19 20 213 139 88 52
-0.000298704 63 30 19 20 213 139 88 52
-0.000298712 0 0 19 20 213 139 88 52
-0.000298676 0 10 19 20 213 139 88 52
-0.000298509 0 20 19 20 213 139 88 52
-0.000298521 0 30 19 20 213 139 88 52
-0.000298703 9 0 19 20 213 139 88 52
-0.000298492 9 10 19 20 213 139 88 52
-0.000298606 9 20 19 20 213 139 88 52
-0.000298615 9 30 19 20 213 139 88 52
-0.00029868 18 0 19 20 213 139 88 52
-0.000297868 18 10 19 20 213 139 88 52
-0.000298516 18 20 19 20 213 139 88 52
-0.000298603 18 30 19 20 213 139 88 52
-0.000298666 27 0 19 20 213 139 88 52
-0.000297994 27 10 19 20 213 139 88 52
-0.000287246 27 20 19 20 213 139 88 52
-0.000298549 27 30 19 20 213 139 88 52
-0.000298688 36 0 19 20 213 139 88 52
-0.000298353 36 10 19 20 213 139 88 52
-0.000179607 36 20 19 20 213 139 88 52
-0.0002987 36 30 19 20 213 139 88 52
-0.000298705 45 0 19 20 213 139 88 52
-0.000298676 45 10 19 20 213 139 88 52
-0.000298626 45 20 19 20 213 139 88 52
-0.000298712 45 30 19 20 213 139 88 52
-0.000298717 54 0 19 20 213 139 88 52
-0.000298718 54 10 19 20 213 139 88 52
-0.000298718 54 20 19 20 213 139 88 52
-0.000298717 54 30 19 20 213 139 88 52
-0.000298683 63 0 19 20 213 139 88 52
-0.000298682 63 10 19 20 213 139 88 52
-0.000298711 63 20 19 20 213 139 88 52
-0.000298713 63 30 19 20 213 139 88 52
-0.000298707 0 0 29 26 213 139 88 52
-0.000298681 0 13 29 26 213 139 88 52
-0.000298607 0 26 29 26 213 139 88 52
-0.000298711 14 0 29 26 213 139 88 52
-0.000298449 14 13 29 26 213 139 88 52
-0.000298479 14 26 29 26 213 139 88 52
-0.000298712 28 0 29 26 213 139 88 52
-0.000297999 28 13 29 26 213 139 88 52
-0.000298581 28 26 29 26 213 139 88 52
-0.000298712 42 0 29 26 213 139 88 52
-0.000298664 42 13 29 26 213 139 88 52
-0.000298698 42 26 29 26 213 139 88 52
-0.000298621 56 0 29 26 213 139 88 52
-0.000298709 56 13 29 26 213 139 88 52
-0.000298708 56 26 29 26 213 139 88 52
-0.000292413 0 0 29 26 213 139 88 52
-0.000298504 0 13 29 26 213 139 88 52
-0.000298178 0 26 29 26 213 139 88 52
-0.000298127 14 0 29 26 213 139 88 52
-0.000298028 14 13 29 26 213 139 88 52
-0.00011284 14 26 29 26 213 139 88 52
-0.00029796 28 0 29 26 213 139 88 52
-0.000298101 28 13 29 26 213 139 88 52
-0.000202756 28 26 29 26 213 139 88 52
-0.000119797 42 0 29 26 213 139 88 52
-0.000298218 42 13 29 26 213 139 88 52
-0.000236589 42 26 29 26 213 139 88 52
-0.000298512 56 0 29 26 213 139 88 52
-0.000105255 56 13 29 26 213 139 88 52
-0.000297665 56 26 29 26 213 139 88 52
-0.000298325 0 0 29 26 213 139 88 52
-0.000208477 0 13 29 26 213 139 88 52
-0.00029849 0 26 29 26 213 139 88 52
-0.000298392 14 0 29 26 213 139 88 52
-0.00029832 14 13 29 26 213 139 88 52
-0.000298437 14 26 29 26 213 139 88 52
-0.0002982 28 0 29 26 213 139 88 52
-0.000298313 28 13 29 26 213 139 88 52
-0.000298634 28 26 29 26 213 139 88 52
-0.000298291 42 0 29 26 213 139 88 52
-0.000205619 42 13 29 26 213 139 88 52
-0.000298623 42 26 29 26 213 139 88 52
-0.000298606 56 0 29 26 213 139 88 52
-0.00029825 56 13 29 26 213 139 88 52
-0.00029854 56 26 29 26 213 139 88 52
-0.000298622 0 0 29 26 213 139 88 52
-0.000298051 0 13 29 26 213 139 88 52
-0.000298558 0 26 29 26 213 139 88 52
-0.000298392 14 0 29 26 213 139 88 52
-0.000191286 14 13 29 26 213 139 88 52
-0.000298102 14 26 29 26 213 139 88 52
-0.000298159 28 0 29 26 213 139 88 52
-0.000297852 28 13 29 26 213 139 88 52
-0.000298419 28 26 29 26 213 139 88 52
-0.000298044 42 0 29 26 213 139 88 52
-0.000298347 42 13 29 26 213 139 88 52
-0.000298562 42 26 29 26 213 139 88 52
-0.000298654 56 0 29 26 213 139 88 52
-0.000170487 56 13 29 26 213 139 88 52
-0.000298463 56 26 29 26 213 139 88 52
-0.000298722 0 0 29 26 213 139 88 52
-0.000298694 0 13 29 26 213 139 88 52
-0.000298697 0 26 29 26 213 139 88 52
-0.00029871 14 0 29 26 213 139 88 52
-0.000258213 14 13 29 26 213 139 88 52
-0.000298652 14 26 29 26 213 139 88 52
-0.000298661 28 0 29 26 213 139 88 52
-0.000167356 28 13 29 26 213 139 88 52
-0.000298701 28 26 29 26 213 139 88 52
-0.00029872 42 0 29 26 213 139 88 52
-0.000298711 42 13 29 26 213 139 88 52
-0.00029872 42 26 29 26 213 139 88 52
-0.00029869 56 0 29 26 213 139 88 52
-0.000298683 56 13 29 26 213 139 88 52
-0.000298717 56 26 29 26 213 139 88 52
-0.000298714 0 0 29 26 213 139 88 52
-0.000298714 0 13 29 26 213 139 88 52
-0.000298689 0 26 29 26 213 139 88 52
-0.000298686 14 0 29 26 213 139 88 52
-0.00029849 14 13 29 26 213 139 88 52
-0.000298499 14 26 29 26 213 139 88 52
-0.000298555 28 0 29 26 213 139 88 52
-0.00017355 28 13 29 26 213 139 88 52
-0.000297782 28 26 29 26 213 139 88 52
-0.000298708 42 0 29 26 213 139 88 52
-0.000298682 42 13 29 26 213 139 88 52
-0.000298582 42 26 29 26 213 139 88 52
-0.000298699 56 0 29 26 213 139 88 52
-0.000298711 56 13 29 26 213 139 88 52
-0.000298713 56 26 29 26 213 139 88 52
-0.00029868 0 0 29 26 213 139 88 52
-0.00029871 0 13 29 26 213 139 88 52
-0.000298454 0 26 29 26 213 139 88 52
-0.000298715 14 0 29 26 213 139 88 52
-0.000298632 14 13 29 26 213 139 88 52
-0.000250203 14 26 29 26 213 139 88 52
-0.000298697 28 0 29 26 213 139 88 52
-0.000161163 28 13 29 26 213 139 88 52
-0.000298498 28 26 29 26 213 139 88 52
-0.000298684 42 0 29 26 213 139 88 52
-0.000298471 42 13 29 26 213 139 88 52
-0.00029864 42 26 29 26 213 139 88 52
-0.00029857 56 0 29 26 213 139 88 52
-0.000298688 56 13 29 26 213 139 88 52
-0.000298673 56 26 29 26 213 139 88 52
-0.000298708 0 0 29 26 213 139 88 52
-0.000298695 0 13 29 26 213 139 88 52
-0.000298246 0 26 29 26 213 139 88 52
-0.000298687 14 0 29 26 213 139 88 52
-0.000298712 14 13 29 26 213 139 88 52
-0.000298458 14 26 29 26 213 139 88 52
-0.000298698 28 0 29 26 213 139 88 52
-0.0002987 28 13 29 26 213 139 88 52
-0.00029792 28 26 29 26 213 139 88 52
-0.000298705 42 0 29 26 213 139 88 52
-0.00029863 42 13 29 26 213 139 88 52
-0.000298581 42 26 29 26 213 139 88 52
-0.000298703 56 0 29 26 213 139 88 52
-0.000298708 56 13 29 26 213 139 88 52
-0.000298697 56 26 29 26 213 139 88 52
-0.000298349 0 0 29 26 213 139 88 52
-0.000297795 0 13 29 26 213 139 88 52
-0.000151828 0 26 29 26 213 139 88 52
-0.000298666 14 0 29 26 213 139 88 52
-0.000297703 14 13 29 26 213 139 88 52
-0.000298037 14 26 29 26 213 139 88 52
-0.000298706 28 0 29 26 213 139 88 52
-0.000297886 28 13 29 26 213 139 88 52
-0.000199868 28 26 29 26 213 139 88 52
-0.000298673 42 0 29 26 213 139 88 52
-0.00029857 42 13 29 26 213 139 88 52
-0.000298621 42 26 29 26 213 139 88 52
-0.000298618 56 0 29 26 213 139 88 52
-0.000298706 56 13 29 26 213 139 88 52
-0.000298672 56 26 29 26 213 139 88 52
-0.0002987 0 0 29 26 213 139 88 52
-0.00029862 0 13 29 26 213 139 88 52
-0.000298627 0 26 29 26 213 139 88 52
-0.000298641 14 0 29 26 213 139 88 52
-0.000298254 14 13 29 26 213 139 88 52
-0.000298508 14 26 29 26 213 139 88 52
-0.000298648 28 0 29 26 213 139 88 52
-0.000282025 28 13 29 26 213 139 88 52
-0.000298691 28 26 29 26 213 139 88 52
-0.000298717 42 0 29 26 213 139 88 52
-0.000298706 42 13 29 26 213 139 88 52
-0.000298717 42 26 29 26 213 139 88 52
-0.00029862 56 0 29 26 213 139 88 52
-0.000298707 56 13 29 26 213 139 88 52
-0.000298709 56 26 29 26 213 139 88 52
-0.000298703 0 0 58 34 213 139 88 52
-0.000298492 0 17 58 34 213 139 88 52
-0.000298696 29 0 58 34 213 139 88 52
-0.000298705 29 17 58 34 213 139 88 52
-0.000182566 0 0 58 34 213 139 88 52
-0.0001393 0 17 58 34 213 139 88 52
-0.000148647 29 0 58 34 213 139 88 52
-0.000129801 29 17 58 34 213 139 88 52
-0.00029785 0 0 58 34 213 139 88 52
-0.000298219 0 17 58 34 213 139 88 52
-0.000297892 29 0 58 34 213 139 88 52
-0.000298263 29 17 58 34 213 139 88 52
-0.000298334 0 0 58 34 213 139 88 52
-0.000298378 0 17 58 34 213 139 88 52
-0.000297998 29 0 58 34 213 139 88 52
-0.000297933 29 17 58 34 213 139 88 52
-0.000298711 0 0 58 34 213 139 88 52
-0.000298683 0 17 58 34 213 139 88 52
-0.000298693 29 0 58 34 213 139 88 52
-0.000298705 29 17 58 34 213 139 88 52
-0.000298688 0 0 58 34 213 139 88 52
-0.000298649 0 17 58 34 213 139 88 52
-0.000298706 29 0 58 34 213 139 88 52
-0.000298701 29 17 58 34 213 139 88 52
-0.000298698 0 0 58 34 213 139 88 52
-0.000298547 0 17 58 34 213 139 88 52
-0.000298634 29 0 58 34 213 139 88 52
-0.00029867 29 17 58 34 213 139 88 52
-0.0002987 0 0 58 34 213 139 88 52
-0.000298638 0 17 58 34 213 139 88 52
-0.000298691 29 0 58 34 213 139 88 52
-0.000298654 29 17 58 34 213 139 88 52
-0.000298649 0 0 58 34 213 139 88 52
-0.000142429 0 17 58 34 213 139 88 52
-0.000298654 29 0 58 34 213 139 88 52
-0.000298622 29 17 58 34 213 139 88 52
-0.000298628 0 0 58 34 213 139 88 52
-0.000298628 0 17 58 34 213 139 88 52
-0.00029868 29 0 58 34 213 139 88 52
-0.000298718 29 17 58 34 213 139 88 52
-0.000298695 0 0 88 52 213 139 88 52
-8.43302e-005 0 0 88 52 213 139 88 52
-0.00021134 0 0 88 52 213 139 88 52
-0.000297968 0 0 88 52 213 139 88 52
-0.00029871 0 0 88 52 213 139 88 52
-0.000298686 0 0 88 52 213 139 88 52
-0.000298651 0 0 88 52 213 139 88 52
-0.000298681 0 0 88 52 213 139 88 52
-0.000298572 0 0 88 52 213 139 88 52
-0.000298708 0 0 88 52 213 139 88 52
