-0.00377115 0 0 12 10 262 90 69 36
-0.00377239 0 5 12 10 262 90 69 36
-0.00377146 0 10 12 10 262 90 69 36
-0.00377128 0 15 12 10 262 90 69 36
-0.00377204 0 20 12 10 262 90 69 36
-0.00377251 0 25 12 10 262 90 69 36
-0.00376514 6 0 12 10 262 90 69 36
-0.00377271 6 5 12 10 262 90 69 36
-0.00377255 6 10 12 10 262 90 69 36
-0.00377247 6 15 12 10 262 90 69 36
-0.0037727 6 20 12 10 262 90 69 36
-0.00377268 6 25 12 10 262 90 69 36
-0.00377247 12 0 12 10 262 90 69 36
-0.0037727 12 5 12 10 262 90 69 36
-0.00377252 12 10 12 10 262 90 69 36
-0.00377236 12 15 12 10 262 90 69 36
-0.00377256 12 20 12 10 262 90 69 36
-0.00377274 12 25 12 10 262 90 69 36
-0.00377077 18 0 12 10 262 90 69 36
-0.00377192 18 5 12 10 262 90 69 36
-0.00377261 18 10 12 10 262 90 69 36
-0.00377271 18 15 12 10 262 90 69 36
-0.00377258 18 20 12 10 262 90 69 36
-0.00377156 18 25 12 10 262 90 69 36
-0.0037641 24 0 12 10 262 90 69 36
-0.00377085 24 5 12 10 262 90 69 36
-0.00376521 24 10 12 10 262 90 69 36
-0.00376985 24 15 12 10 262 90 69 36
-0.00376868 24 20 12 10 262 90 69 36
-0.0037675 24 25 12 10 262 90 69 36
-0.00377112 30 0 12 10 262 90 69 36
-0.00376946 30 5 12 10 262 90 69 36
-0.00375745 30 10 12 10 262 90 69 36
-0.00376802 30 15 12 10 262 90 69 36
-0.00377074 30 20 12 10 262 90 69 36
-0.00377167 30 25 12 10 262 90 69 36
-0.00377266 36 0 12 10 262 90 69 36
-0.00377261 36 5 12 10 262 90 69 36
-0.00377214 36 10 12 10 262 90 69 36
-0.00377111 36 15 12 10 262 90 69 36
-0.00377186 36 20 12 10 262 90 69 36
-0.00377177 36 25 12 10 262 90 69 36
-0.0037726 42 0 12 10 262 90 69 36
-0.00377257 42 5 12 10 262 90 69 36
-0.00377239 42 10 12 10 262 90 69 36
-0.00377201 42 15 12 10 262 90 69 36
-0.0037722 42 20 12 10 262 90 69 36
-0.00377229 42 25 12 10 262 90 69 36
-0.00377042 48 0 12 10 262 90 69 36
-0.00377107 48 5 12 10 262 90 69 36
-0.00377143 48 10 12 10 262 90 69 36
-0.00377091 48 15 12 10 262 90 69 36
-0.00376986 48 20 12 10 262 90 69 36
-0.00377003 48 25 12 10 262 90 69 36
-0.00377093 54 0 12 10 262 90 69 36
-0.0037697 54 5 12 10 262 90 69 36
-0.00376268 54 10 12 10 262 90 69 36
-0.00360464 54 15 12 10 262 90 69 36
-0.00376631 54 20 12 10 262 90 69 36
-0.00377041 54 25 12 10 262 90 69 36
-0.00377164 0 0 12 10 262 90 69 36
-0.0037726 0 5 12 10 262 90 69 36
-0.00377271 0 10 12 10 262 90 69 36
-0.00377267 0 15 12 10 262 90 69 36
-0.00377252 0 20 12 10 262 90 69 36
-0.00377165 0 25 12 10 262 90 69 36
-0.00377163 6 0 12 10 262 90 69 36
-0.0037714 6 5 12 10 262 90 69 36
-0.00377201 6 10 12 10 262 90 69 36
-0.0037718 6 15 12 10 262 90 69 36
-0.00376547 6 20 12 10 262 90 69 36
-0.003763 6 25 12 10 262 90 69 36
-0.00377145 12 0 12 10 262 90 69 36
-0.0037703 12 5 12 10 262 90 69 36
-0.00376371 12 10 12 10 262 90 69 36
-0.00298575 12 15 12 10 262 90 69 36
-0.00376362 12 20 12 10 262 90 69 36
-0.00377139 12 25 12 10 262 90 69 36
-0.00377274 18 0 12 10 262 90 69 36
-0.00377277 18 5 12 10 262 90 69 36
-0.00377264 18 10 12 10 262 90 69 36
-0.00377243 18 15 12 10 262 90 69 36
-0.00377258 18 20 12 10 262 90 69 36
-0.0037727 18 25 12 10 262 90 69 36
-0.00377142 24 0 12 10 262 90 69 36
-0.00377083 24 5 12 10 262 90 69 36
-0.00377216 24 10 12 10 262 90 69 36
-0.00377241 24 15 12 10 262 90 69 36
-0.00377191 24 20 12 10 262 90 69 36
-0.00377064 24 25 12 10 262 90 69 36
-0.00377266 30 0 12 10 262 90 69 36
-0.00377248 30 5 12 10 262 90 69 36
-0.00377178 30 10 12 10 262 90 69 36
-0.00377051 30 15 12 10 262 90 69 36
-0.00377171 30 20 12 10 262 90 69 36
-0.00377241 30 25 12 10 262 90 69 36
-0.00377118 36 0 12 10 262 90 69 36
-0.00377254 36 5 12 10 262 90 69 36
-0.00377272 36 10 12 10 262 90 69 36
-0.00377262 36 15 12 10 262 90 69 36
-0.0037723 36 20 12 10 262 90 69 36
-0.00377082 36 25 12 10 262 90 69 36
-0.00377273 42 0 12 10 262 90 69 36
-0.00377269 42 5 12 10 262 90 69 36
-0.00377228 42 10 12 10 262 90 69 36
-0.00377151 42 15 12 10 262 90 69 36
-0.00377142 42 20 12 10 262 90 69 36
-0.00377138 42 25 12 10 262 90 69 36
-0.00377151 48 0 12 10 262 90 69 36
-0.00377219 48 5 12 10 262 90 69 36
-0.00377251 48 10 12 10 262 90 69 36
-0.00377226 48 15 12 10 262 90 69 36
-0.00377183 48 20 12 10 262 90 69 36
-0.00377154 48 25 12 10 262 90 69 36
-0.00377184 54 0 12 10 262 90 69 36
-0.00377036 54 5 12 10 262 90 69 36
-0.00376846 54 10 12 10 262 90 69 36
-0.0037675 54 15 12 10 262 90 69 36
-0.00377085 54 20 12 10 262 90 69 36
-0.00377165 54 25 12 10 262 90 69 36
-0.00376771 0 0 12 10 262 90 69 36
-0.00376674 0 5 12 10 262 90 69 36
-0.00377177 0 10 12 10 262 90 69 36
-0.0037713 0 15 12 10 262 90 69 36
-0.0037695 0 20 12 10 262 90 69 36
-0.00375609 0 25 12 10 262 90 69 36
-0.00377003 6 0 12 10 262 90 69 36
-0.00376502 6 5 12 10 262 90 69 36
-0.00376699 6 10 12 10 262 90 69 36
-0.00376185 6 15 12 10 262 90 69 36
-0.00376009 6 20 12 10 262 90 69 36
-0.00376056 6 25 12 10 262 90 69 36
-0.00377195 12 0 12 10 262 90 69 36
-0.00377144 12 5 12 10 262 90 69 36
-0.00376881 12 10 12 10 262 90 69 36
-0.00218271 12 15 12 10 262 90 69 36
-0.00268625 12 20 12 10 262 90 69 36
-0.00376654 12 25 12 10 262 90 69 36
-0.00377169 18 0 12 10 262 90 69 36
-0.00377126 18 5 12 10 262 90 69 36
-0.00377082 18 10 12 10 262 90 69 36
-0.00376734 18 15 12 10 262 90 69 36
-0.00376324 18 20 12 10 262 90 69 36
-0.00376893 18 25 12 10 262 90 69 36
-0.00377126 24 0 12 10 262 90 69 36
-0.00375632 24 5 12 10 262 90 69 36
-0.00376466 24 10 12 10 262 90 69 36
-0.00376519 24 15 12 10 262 90 69 36
-0.00376484 24 20 12 10 262 90 69 36
-0.00377075 24 25 12 10 262 90 69 36
-0.00377237 30 0 12 10 262 90 69 36
-0.00376981 30 5 12 10 262 90 69 36
-0.00376732 30 10 12 10 262 90 69 36
-0.00377079 30 15 12 10 262 90 69 36
-0.00377246 30 20 12 10 262 90 69 36
-0.00377271 30 25 12 10 262 90 69 36
-0.00377275 36 0 12 10 262 90 69 36
-0.00377238 36 5 12 10 262 90 69 36
-0.00377205 36 10 12 10 262 90 69 36
-0.00377254 36 15 12 10 262 90 69 36
-0.00377203 36 20 12 10 262 90 69 36
-0.00377212 36 25 12 10 262 90 69 36
-0.00377268 42 0 12 10 262 90 69 36
-0.00377225 42 5 12 10 262 90 69 36
-0.00377186 42 10 12 10 262 90 69 36
-0.00377247 42 15 12 10 262 90 69 36
-0.00377267 42 20 12 10 262 90 69 36
-0.00377253 42 25 12 10 262 90 69 36
-0.00377245 48 0 12 10 262 90 69 36
-0.00377076 48 5 12 10 262 90 69 36
-0.00377077 48 10 12 10 262 90 69 36
-0.00377124 48 15 12 10 262 90 69 36
-0.00377067 48 20 12 10 262 90 69 36
-0.00376751 48 25 12 10 262 90 69 36
-0.003772 54 0 12 10 262 90 69 36
-0.00376899 54 5 12 10 262 90 69 36
-0.00376687 54 10 12 10 262 90 69 36
-0.00376878 54 15 12 10 262 90 69 36
-0.00377159 54 20 12 10 262 90 69 36
-0.00377172 54 25 12 10 262 90 69 36
-0.00377244 0 0 12 10 262 90 69 36
-0.00377261 0 5 12 10 262 90 69 36
-0.00377243 0 10 12 10 262 90 69 36
-0.00377241 0 15 12 10 262 90 69 36
-0.00377261 0 20 12 10 262 90 69 36
-0.00377259 0 25 12 10 262 90 69 36
-0.00377214 6 0 12 10 262 90 69 36
-0.00377238 6 5 12 10 262 90 69 36
-0.00377265 6 10 12 10 262 90 69 36
-0.00377249 6 15 12 10 262 90 69 36
-0.00377039 6 20 12 10 262 90 69 36
-0.00376961 6 25 12 10 262 90 69 36
-0.00376177 12 0 12 10 262 90 69 36
-0.00323881 12 5 12 10 262 90 69 36
-0.00192378 12 10 12 10 262 90 69 36
-0.00262275 12 15 12 10 262 90 69 36
-0.00376265 12 20 12 10 262 90 69 36
-0.00376884 12 25 12 10 262 90 69 36
-0.0037695 18 0 12 10 262 90 69 36
-0.00376926 18 5 12 10 262 90 69 36
-0.00376736 18 10 12 10 262 90 69 36
-0.00376898 18 15 12 10 262 90 69 36
-0.00377108 18 20 12 10 262 90 69 36
-0.00376795 18 25 12 10 262 90 69 36
-0.00376923 24 0 12 10 262 90 69 36
-0.00376419 24 5 12 10 262 90 69 36
-0.00376974 24 10 12 10 262 90 69 36
-0.00377205 24 15 12 10 262 90 69 36
-0.00377214 24 20 12 10 262 90 69 36
-0.00377239 24 25 12 10 262 90 69 36
-0.00376773 30 0 12 10 262 90 69 36
-0.00167125 30 5 12 10 262 90 69 36
-0.00376738 30 10 12 10 262 90 69 36
-0.00377167 30 15 12 10 262 90 69 36
-0.00377068 30 20 12 10 262 90 69 36
-0.0037701 30 25 12 10 262 90 69 36
-0.00377142 36 0 12 10 262 90 69 36
-0.0037684 36 5 12 10 262 90 69 36
-0.00377031 36 10 12 10 262 90 69 36
-0.00377039 36 15 12 10 262 90 69 36
-0.00376516 36 20 12 10 262 90 69 36
-0.0037711 36 25 12 10 262 90 69 36
-0.00376348 42 0 12 10 262 90 69 36
-0.00377083 42 5 12 10 262 90 69 36
-0.00376566 42 10 12 10 262 90 69 36
-0.00377138 42 15 12 10 262 90 69 36
-0.00377199 42 20 12 10 262 90 69 36
-0.00377175 42 25 12 10 262 90 69 36
-0.00376731 48 0 12 10 262 90 69 36
-0.00376936 48 5 12 10 262 90 69 36
-0.00376575 48 10 12 10 262 90 69 36
-0.00377142 48 15 12 10 262 90 69 36
-0.00377112 48 20 12 10 262 90 69 36
-0.00376678 48 25 12 10 262 90 69 36
-0.00376859 54 0 12 10 262 90 69 36
-0.00376443 54 5 12 10 262 90 69 36
-0.00376458 54 10 12 10 262 90 69 36
-0.00376504 54 15 12 10 262 90 69 36
-0.0037648 54 20 12 10 262 90 69 36
-0.00376602 54 25 12 10 262 90 69 36
-0.00377167 0 0 12 10 262 90 69 36
-0.00377237 0 5 12 10 262 90 69 36
-0.00377173 0 10 12 10 262 90 69 36
-0.00377124 0 15 12 10 262 90 69 36
-0.00377261 0 20 12 10 262 90 69 36
-0.00376689 0 25 12 10 262 90 69 36
-0.00377144 6 0 12 10 262 90 69 36
-0.00377227 6 5 12 10 262 90 69 36
-0.00377265 6 10 12 10 262 90 69 36
-0.00377269 6 15 12 10 262 90 69 36
-0.00377186 6 20 12 10 262 90 69 36
-0.00158269 6 25 12 10 262 90 69 36
-0.00377245 12 0 12 10 262 90 69 36
-0.00377245 12 5 12 10 262 90 69 36
-0.00377275 12 10 12 10 262 90 69 36
-0.00377277 12 15 12 10 262 90 69 36
-0.00377229 12 20 12 10 262 90 69 36
-0.00377017 12 25 12 10 262 90 69 36
-0.00377141 18 0 12 10 262 90 69 36
-0.0037693 18 5 12 10 262 90 69 36
-0.00377206 18 10 12 10 262 90 69 36
-0.00377251 18 15 12 10 262 90 69 36
-0.00377266 18 20 12 10 262 90 69 36
-0.00377197 18 25 12 10 262 90 69 36
-0.00377224 24 0 12 10 262 90 69 36
-0.00377162 24 5 12 10 262 90 69 36
-0.00377039 24 10 12 10 262 90 69 36
-0.00376767 24 15 12 10 262 90 69 36
-0.00377141 24 20 12 10 262 90 69 36
-0.00377174 24 25 12 10 262 90 69 36
-0.00377272 30 0 12 10 262 90 69 36
-0.00377195 30 5 12 10 262 90 69 36
-0.00376833 30 10 12 10 262 90 69 36
-0.0037719 30 15 12 10 262 90 69 36
-0.00377267 30 20 12 10 262 90 69 36
-0.00377043 30 25 12 10 262 90 69 36
-0.00377267 36 0 12 10 262 90 69 36
-0.00377229 36 5 12 10 262 90 69 36
-0.00377182 36 10 12 10 262 90 69 36
-0.00377245 36 15 12 10 262 90 69 36
-0.0037728 36 20 12 10 262 90 69 36
-0.00377225 36 25 12 10 262 90 69 36
-0.00377203 42 0 12 10 262 90 69 36
-0.00377188 42 5 12 10 262 90 69 36
-0.00377195 42 10 12 10 262 90 69 36
-0.00377203 42 15 12 10 262 90 69 36
-0.0037721 42 20 12 10 262 90 69 36
-0.00377238 42 25 12 10 262 90 69 36
-0.00377098 48 0 12 10 262 90 69 36
-0.00376964 48 5 12 10 262 90 69 36
-0.00377046 48 10 12 10 262 90 69 36
-0.00376991 48 15 12 10 262 90 69 36
-0.00376953 48 20 12 10 262 90 69 36
-0.00377139 48 25 12 10 262 90 69 36
-0.00377177 54 0 12 10 262 90 69 36
-0.0037706 54 5 12 10 262 90 69 36
-0.00376839 54 10 12 10 262 90 69 36
-0.00376816 54 15 12 10 262 90 69 36
-0.00377059 54 20 12 10 262 90 69 36
-0.00377202 54 25 12 10 262 90 69 36
-0.00377248 0 0 12 10 262 90 69 36
-0.00377218 0 5 12 10 262 90 69 36
-0.00377178 0 10 12 10 262 90 69 36
-0.00377052 0 15 12 10 262 90 69 36
-0.00377214 0 20 12 10 262 90 69 36
-0.00377251 0 25 12 10 262 90 69 36
-0.00376786 6 0 12 10 262 90 69 36
-0.00377223 6 5 12 10 262 90 69 36
-0.00377272 6 10 12 10 262 90 69 36
-0.00377258 6 15 12 10 262 90 69 36
-0.00377267 6 20 12 10 262 90 69 36
-0.00377262 6 25 12 10 262 90 69 36
-0.00377247 12 0 12 10 262 90 69 36
-0.00377075 12 5 12 10 262 90 69 36
-0.00377048 12 10 12 10 262 90 69 36
-0.00377263 12 15 12 10 262 90 69 36
-0.00377251 12 20 12 10 262 90 69 36
-0.00377234 12 25 12 10 262 90 69 36
-0.00377113 18 0 12 10 262 90 69 36
-0.00377215 18 5 12 10 262 90 69 36
-0.00377012 18 10 12 10 262 90 69 36
-0.00377251 18 15 12 10 262 90 69 36
-0.00377179 18 20 12 10 262 90 69 36
-0.00377112 18 25 12 10 262 90 69 36
-0.00377267 24 0 12 10 262 90 69 36
-0.00377136 24 5 12 10 262 90 69 36
-0.00377272 24 10 12 10 262 90 69 36
-0.00377183 24 15 12 10 262 90 69 36
-0.00376817 24 20 12 10 262 90 69 36
-0.0037692 24 25 12 10 262 90 69 36
-0.00377074 30 0 12 10 262 90 69 36
-0.00376934 30 5 12 10 262 90 69 36
-0.00377252 30 10 12 10 262 90 69 36
-0.00376956 30 15 12 10 262 90 69 36
-0.00376998 30 20 12 10 262 90 69 36
-0.00377147 30 25 12 10 262 90 69 36
-0.00376947 36 0 12 10 262 90 69 36
-0.00376905 36 5 12 10 262 90 69 36
-0.00377263 36 10 12 10 262 90 69 36
-0.00377208 36 15 12 10 262 90 69 36
-0.00377192 36 20 12 10 262 90 69 36
-0.00377206 36 25 12 10 262 90 69 36
-0.00377273 42 0 12 10 262 90 69 36
-0.00377237 42 5 12 10 262 90 69 36
-0.00377221 42 10 12 10 262 90 69 36
-0.00377258 42 15 12 10 262 90 69 36
-0.00377199 42 20 12 10 262 90 69 36
-0.00377166 42 25 12 10 262 90 69 36
-0.00376885 48 0 12 10 262 90 69 36
-0.00377214 48 5 12 10 262 90 69 36
-0.00377264 48 10 12 10 262 90 69 36
-0.00377203 48 15 12 10 262 90 69 36
-0.00377055 48 20 12 10 262 90 69 36
-0.00376945 48 25 12 10 262 90 69 36
-0.00377265 54 0 12 10 262 90 69 36
-0.0037716 54 5 12 10 262 90 69 36
-0.00377182 54 10 12 10 262 90 69 36
-0.0037671 54 15 12 10 262 90 69 36
-0.00376693 54 20 12 10 262 90 69 36
-0.00377141 54 25 12 10 262 90 69 36
-0.00377163 0 0 12 10 262 90 69 36
-0.00377166 0 5 12 10 262 90 69 36
-0.00377227 0 10 12 10 262 90 69 36
-0.00377204 0 15 12 10 262 90 69 36
-0.00377189 0 20 12 10 262 90 69 36
-0.00377224 0 25 12 10 262 90 69 36
-0.0037688 6 0 12 10 262 90 69 36
-0.00377238 6 5 12 10 262 90 69 36
-0.00377274 6 10 12 10 262 90 69 36
-0.00377273 6 15 12 10 262 90 69 36
-0.00377272 6 20 12 10 262 90 69 36
-0.00377272 6 25 12 10 262 90 69 36
-0.00377045 12 0 12 10 262 90 69 36
-0.00377257 12 5 12 10 262 90 69 36
-0.0037641 12 10 12 10 262 90 69 36
-0.0037668 12 15 12 10 262 90 69 36
-0.00377227 12 20 12 10 262 90 69 36
-0.00377254 12 25 12 10 262 90 69 36
-0.00377179 18 0 12 10 262 90 69 36
-0.00377203 18 5 12 10 262 90 69 36
-0.0034815 18 10 12 10 262 90 69 36
-0.00320794 18 15 12 10 262 90 69 36
-0.00377288 18 20 12 10 262 90 69 36
-0.00377175 18 25 12 10 262 90 69 36
-0.00377249 24 0 12 10 262 90 69 36
-0.0037708 24 5 12 10 262 90 69 36
-0.00376922 24 10 12 10 262 90 69 36
-0.00377212 24 15 12 10 262 90 69 36
-0.00377277 24 20 12 10 262 90 69 36
-0.00377208 24 25 12 10 262 90 69 36
-0.0037727 30 0 12 10 262 90 69 36
-0.0037673 30 5 12 10 262 90 69 36
-0.00377003 30 10 12 10 262 90 69 36
-0.00377173 30 15 12 10 262 90 69 36
-0.00377138 30 20 12 10 262 90 69 36
-0.00377259 30 25 12 10 262 90 69 36
-0.00377186 36 0 12 10 262 90 69 36
-0.00375866 36 5 12 10 262 90 69 36
-0.0037705 36 10 12 10 262 90 69 36
-0.0037726 36 15 12 10 262 90 69 36
-0.00376999 36 20 12 10 262 90 69 36
-0.00376725 36 25 12 10 262 90 69 36
-0.00377068 42 0 12 10 262 90 69 36
-0.00196357 42 5 12 10 262 90 69 36
-0.00375845 42 10 12 10 262 90 69 36
-0.00377222 42 15 12 10 262 90 69 36
-0.00377269 42 20 12 10 262 90 69 36
-0.00377089 42 25 12 10 262 90 69 36
-0.0037717 48 0 12 10 262 90 69 36
-0.00308234 48 5 12 10 262 90 69 36
-0.00252385 48 10 12 10 262 90 69 36
-0.00376789 48 15 12 10 262 90 69 36
-0.00377236 48 20 12 10 262 90 69 36
-0.00377105 48 25 12 10 262 90 69 36
-0.00377114 54 0 12 10 262 90 69 36
-0.00376273 54 5 12 10 262 90 69 36
-0.00377026 54 10 12 10 262 90 69 36
-0.00377248 54 15 12 10 262 90 69 36
-0.00377253 54 20 12 10 262 90 69 36
-0.00377102 54 25 12 10 262 90 69 36
-0.00376424 0 0 12 10 262 90 69 36
-0.00377257 0 5 12 10 262 90 69 36
-0.00377259 0 10 12 10 262 90 69 36
-0.00377273 0 15 12 10 262 90 69 36
-0.00377182 0 20 12 10 262 90 69 36
-0.00377046 0 25 12 10 262 90 69 36
-0.00377079 6 0 12 10 262 90 69 36
-0.00377132 6 5 12 10 262 90 69 36
-0.00377194 6 10 12 10 262 90 69 36
-0.00377111 6 15 12 10 262 90 69 36
-0.00377227 6 20 12 10 262 90 69 36
-0.00376928 6 25 12 10 262 90 69 36
-0.00377084 12 0 12 10 262 90 69 36
-0.00377228 12 5 12 10 262 90 69 36
-0.00153619 12 10 12 10 262 90 69 36
-0.00376499 12 15 12 10 262 90 69 36
-0.00377056 12 20 12 10 262 90 69 36
-0.0037718 12 25 12 10 262 90 69 36
-0.00377131 18 0 12 10 262 90 69 36
-0.00377267 18 5 12 10 262 90 69 36
-0.00377003 18 10 12 10 262 90 69 36
-0.001352 18 15 12 10 262 90 69 36
-0.00211258 18 20 12 10 262 90 69 36
-0.00377249 18 25 12 10 262 90 69 36
-0.0037674 24 0 12 10 262 90 69 36
-0.00377245 24 5 12 10 262 90 69 36
-0.00377192 24 10 12 10 262 90 69 36
-0.00249107 24 15 12 10 262 90 69 36
-0.00114233 24 20 12 10 262 90 69 36
-0.00377269 24 25 12 10 262 90 69 36
-0.00377252 30 0 12 10 262 90 69 36
-0.00377235 30 5 12 10 262 90 69 36
-0.00377075 30 10 12 10 262 90 69 36
-0.00376476 30 15 12 10 262 90 69 36
-0.00125807 30 20 12 10 262 90 69 36
-0.00377275 30 25 12 10 262 90 69 36
-0.00377254 36 0 12 10 262 90 69 36
-0.00376264 36 5 12 10 262 90 69 36
-0.00376039 36 10 12 10 262 90 69 36
-0.00376416 36 15 12 10 262 90 69 36
-0.00119711 36 20 12 10 262 90 69 36
-0.00377235 36 25 12 10 262 90 69 36
-0.0037724 42 0 12 10 262 90 69 36
-0.00225192 42 5 12 10 262 90 69 36
-0.0037659 42 10 12 10 262 90 69 36
-0.00376756 42 15 12 10 262 90 69 36
-0.00144346 42 20 12 10 262 90 69 36
-0.0037602 42 25 12 10 262 90 69 36
-0.00377208 48 0 12 10 262 90 69 36
-0.00162785 48 5 12 10 262 90 69 36
-0.00239007 48 10 12 10 262 90 69 36
-0.00339019 48 15 12 10 262 90 69 36
-0.00376556 48 20 12 10 262 90 69 36
-0.00377007 48 25 12 10 262 90 69 36
-0.00377212 54 0 12 10 262 90 69 36
-0.00376037 54 5 12 10 262 90 69 36
-0.00288722 54 10 12 10 262 90 69 36
-0.00377099 54 15 12 10 262 90 69 36
-0.0037725 54 20 12 10 262 90 69 36
-0.00377238 54 25 12 10 262 90 69 36
-0.00377188 0 0 12 10 262 90 69 36
-0.00377242 0 5 12 10 262 90 69 36
-0.00377236 0 10 12 10 262 90 69 36
-0.00377245 0 15 12 10 262 90 69 36
-0.00377218 0 20 12 10 262 90 69 36
-0.00377191 0 25 12 10 262 90 69 36
-0.00377209 6 0 12 10 262 90 69 36
-0.00377227 6 5 12 10 262 90 69 36
-0.00377264 6 10 12 10 262 90 69 36
-0.00377269 6 15 12 10 262 90 69 36
-0.00377275 6 20 12 10 262 90 69 36
-0.00377264 6 25 12 10 262 90 69 36
-0.00377207 12 0 12 10 262 90 69 36
-0.00375939 12 5 12 10 262 90 69 36
-0.00139785 12 10 12 10 262 90 69 36
-0.00179825 12 15 12 10 262 90 69 36
-0.00376402 12 20 12 10 262 90 69 36
-0.00376918 12 25 12 10 262 90 69 36
-0.00377274 18 0 12 10 262 90 69 36
-0.00377233 18 5 12 10 262 90 69 36
-0.00376673 18 10 12 10 262 90 69 36
-0.00314541 18 15 12 10 262 90 69 36
-0.00242378 18 20 12 10 262 90 69 36
-0.00377143 18 25 12 10 262 90 69 36
-0.00377173 24 0 12 10 262 90 69 36
-0.00377263 24 5 12 10 262 90 69 36
-0.00376947 24 10 12 10 262 90 69 36
-0.00345081 24 15 12 10 262 90 69 36
-0.00292017 24 20 12 10 262 90 69 36
-0.00377221 24 25 12 10 262 90 69 36
-0.00377046 30 0 12 10 262 90 69 36
-0.00377262 30 5 12 10 262 90 69 36
-0.0037676 30 10 12 10 262 90 69 36
-0.0037711 30 15 12 10 262 90 69 36
-0.00377102 30 20 12 10 262 90 69 36
-0.00377165 30 25 12 10 262 90 69 36
-0.00377235 36 0 12 10 262 90 69 36
-0.00377238 36 5 12 10 262 90 69 36
-0.00376859 36 10 12 10 262 90 69 36
-0.0037713 36 15 12 10 262 90 69 36
-0.00377059 36 20 12 10 262 90 69 36
-0.00376666 36 25 12 10 262 90 69 36
-0.00377233 42 0 12 10 262 90 69 36
-0.00377078 42 5 12 10 262 90 69 36
-0.00376863 42 10 12 10 262 90 69 36
-0.00377228 42 15 12 10 262 90 69 36
-0.00377109 42 20 12 10 262 90 69 36
-0.00376899 42 25 12 10 262 90 69 36
-0.00377201 48 0 12 10 262 90 69 36
-0.00377248 48 5 12 10 262 90 69 36
-0.00376998 48 10 12 10 262 90 69 36
-0.00377153 48 15 12 10 262 90 69 36
-0.00376858 48 20 12 10 262 90 69 36
-0.00377211 48 25 12 10 262 90 69 36
-0.00377147 54 0 12 10 262 90 69 36
-0.00377261 54 5 12 10 262 90 69 36
-0.00377272 54 10 12 10 262 90 69 36
-0.00377276 54 15 12 10 262 90 69 36
-0.00377275 54 20 12 10 262 90 69 36
-0.00377271 54 25 12 10 262 90 69 36
-0.00377257 0 0 12 10 262 90 69 36
-0.00377246 0 5 12 10 262 90 69 36
-0.00377052 0 10 12 10 262 90 69 36
-0.00377141 0 15 12 10 262 90 69 36
-0.00377259 0 20 12 10 262 90 69 36
-0.00376548 0 25 12 10 262 90 69 36
-0.00376795 6 0 12 10 262 90 69 36
-0.00377272 6 5 12 10 262 90 69 36
-0.00377228 6 10 12 10 262 90 69 36
-0.00377233 6 15 12 10 262 90 69 36
-0.0037726 6 20 12 10 262 90 69 36
-0.00376427 6 25 12 10 262 90 69 36
-0.00377201 12 0 12 10 262 90 69 36
-0.00377265 12 5 12 10 262 90 69 36
-0.00377255 12 10 12 10 262 90 69 36
-0.00377268 12 15 12 10 262 90 69 36
-0.00259037 12 20 12 10 262 90 69 36
-0.00376709 12 25 12 10 262 90 69 36
-0.00377268 18 0 12 10 262 90 69 36
-0.0037719 18 5 12 10 262 90 69 36
-0.00377156 18 10 12 10 262 90 69 36
-0.00377244 18 15 12 10 262 90 69 36
-0.00377215 18 20 12 10 262 90 69 36
-0.00377177 18 25 12 10 262 90 69 36
-0.00377207 24 0 12 10 262 90 69 36
-0.00376881 24 5 12 10 262 90 69 36
-0.00377087 24 10 12 10 262 90 69 36
-0.00377221 24 15 12 10 262 90 69 36
-0.00377243 24 20 12 10 262 90 69 36
-0.00377252 24 25 12 10 262 90 69 36
-0.00376996 30 0 12 10 262 90 69 36
-0.00376606 30 5 12 10 262 90 69 36
-0.00377217 30 10 12 10 262 90 69 36
-0.00377265 30 15 12 10 262 90 69 36
-0.00377071 30 20 12 10 262 90 69 36
-0.00377191 30 25 12 10 262 90 69 36
-0.00377226 36 0 12 10 262 90 69 36
-0.00377201 36 5 12 10 262 90 69 36
-0.00377189 36 10 12 10 262 90 69 36
-0.00377227 36 15 12 10 262 90 69 36
-0.00377256 36 20 12 10 262 90 69 36
-0.00377119 36 25 12 10 262 90 69 36
-0.00377262 42 0 12 10 262 90 69 36
-0.00377218 42 5 12 10 262 90 69 36
-0.00377135 42 10 12 10 262 90 69 36
-0.00377012 42 15 12 10 262 90 69 36
-0.00377229 42 20 12 10 262 90 69 36
-0.0037716 42 25 12 10 262 90 69 36
-0.00377193 48 0 12 10 262 90 69 36
-0.00377067 48 5 12 10 262 90 69 36
-0.00376873 48 10 12 10 262 90 69 36
-0.00377132 48 15 12 10 262 90 69 36
-0.00377128 48 20 12 10 262 90 69 36
-0.0037705 48 25 12 10 262 90 69 36
-0.00376847 54 0 12 10 262 90 69 36
-0.00376673 54 5 12 10 262 90 69 36
-0.00376863 54 10 12 10 262 90 69 36
-0.00377 54 15 12 10 262 90 69 36
-0.00377139 54 20 12 10 262 90 69 36
-0.0037711 54 25 12 10 262 90 69 36
-0.00377248 0 0 15 14 262 90 69 36
-0.00377192 0 7 15 14 262 90 69 36
-0.00377182 0 14 15 14 262 90 69 36
-0.00377245 0 21 15 14 262 90 69 36
-0.00377203 7 0 15 14 262 90 69 36
-0.00377271 7 7 15 14 262 90 69 36
-0.00377266 7 14 15 14 262 90 69 36
-0.00377274 7 21 15 14 262 90 69 36
-0.00377208 14 0 15 14 262 90 69 36
-0.00377268 14 7 15 14 262 90 69 36
-0.00377278 14 14 15 14 262 90 69 36
-0.00377248 14 21 15 14 262 90 69 36
-0.00376809 21 0 15 14 262 90 69 36
-0.00377149 21 7 15 14 262 90 69 36
-0.00377135 21 14 15 14 262 90 69 36
-0.00376344 21 21 15 14 262 90 69 36
-0.00377107 28 0 15 14 262 90 69 36
-0.00376984 28 7 15 14 262 90 69 36
-0.00376905 28 14 15 14 262 90 69 36
-0.00377077 28 21 15 14 262 90 69 36
-0.00377208 35 0 15 14 262 90 69 36
-0.00376897 35 7 15 14 262 90 69 36
-0.00376817 35 14 15 14 262 90 69 36
-0.00377069 35 21 15 14 262 90 69 36
-0.00377211 42 0 15 14 262 90 69 36
-0.00377178 42 7 15 14 262 90 69 36
-0.00377148 42 14 15 14 262 90 69 36
-0.00377154 42 21 15 14 262 90 69 36
-0.00376499 49 0 15 14 262 90 69 36
-0.00376793 49 7 15 14 262 90 69 36
-0.00376715 49 14 15 14 262 90 69 36
-0.00376455 49 21 15 14 262 90 69 36
-0.00377206 0 0 15 14 262 90 69 36
-0.00377272 0 7 15 14 262 90 69 36
-0.00377266 0 14 15 14 262 90 69 36
-0.00377174 0 21 15 14 262 90 69 36
-0.00376938 7 0 15 14 262 90 69 36
-0.00376977 7 7 15 14 262 90 69 36
-0.00376749 7 14 15 14 262 90 69 36
-0.00376228 7 21 15 14 262 90 69 36
-0.00377261 14 0 15 14 262 90 69 36
-0.00377223 14 7 15 14 262 90 69 36
-0.00377162 14 14 15 14 262 90 69 36
-0.00377225 14 21 15 14 262 90 69 36
-0.00377137 21 0 15 14 262 90 69 36
-0.00377242 21 7 15 14 262 90 69 36
-0.00377256 21 14 15 14 262 90 69 36
-0.00377174 21 21 15 14 262 90 69 36
-0.00377228 28 0 15 14 262 90 69 36
-0.00377104 28 7 15 14 262 90 69 36
-0.00376873 28 14 15 14 262 90 69 36
-0.00377177 28 21 15 14 262 90 69 36
-0.00377202 35 0 15 14 262 90 69 36
-0.00377267 35 7 15 14 262 90 69 36
-0.00377256 35 14 15 14 262 90 69 36
-0.00377126 35 21 15 14 262 90 69 36
-0.00377271 42 0 15 14 262 90 69 36
-0.00377268 42 7 15 14 262 90 69 36
-0.00377182 42 14 15 14 262 90 69 36
-0.00377082 42 21 15 14 262 90 69 36
-0.00376468 49 0 15 14 262 90 69 36
-0.00376985 49 7 15 14 262 90 69 36
-0.0037703 49 14 15 14 262 90 69 36
-0.00376552 49 21 15 14 262 90 69 36
-0.00376515 0 0 15 14 262 90 69 36
-0.00376845 0 7 15 14 262 90 69 36
-0.00376964 0 14 15 14 262 90 69 36
-0.00376163 0 21 15 14 262 90 69 36
-0.00377072 7 0 15 14 262 90 69 36
-0.00341989 7 7 15 14 262 90 69 36
-0.00232122 7 14 15 14 262 90 69 36
-0.00204037 7 21 15 14 262 90 69 36
-0.00377161 14 0 15 14 262 90 69 36
-0.0037704 14 7 15 14 262 90 69 36
-0.00376232 14 14 15 14 262 90 69 36
-0.00376597 14 21 15 14 262 90 69 36
-0.00376833 21 0 15 14 262 90 69 36
-0.0037662 21 7 15 14 262 90 69 36
-0.00376099 21 14 15 14 262 90 69 36
-0.00376273 21 21 15 14 262 90 69 36
-0.00377136 28 0 15 14 262 90 69 36
-0.00376692 28 7 15 14 262 90 69 36
-0.00377065 28 14 15 14 262 90 69 36
-0.00377239 28 21 15 14 262 90 69 36
-0.00377266 35 0 15 14 262 90 69 36
-0.00377159 35 7 15 14 262 90 69 36
-0.00377197 35 14 15 14 262 90 69 36
-0.00377075 35 21 15 14 262 90 69 36
-0.00377245 42 0 15 14 262 90 69 36
-0.00377126 42 7 15 14 262 90 69 36
-0.0037722 42 14 15 14 262 90 69 36
-0.00377229 42 21 15 14 262 90 69 36
-0.00376923 49 0 15 14 262 90 69 36
-0.00305049 49 7 15 14 262 90 69 36
-0.00363526 49 14 15 14 262 90 69 36
-0.00376483 49 21 15 14 262 90 69 36
-0.00377264 0 0 15 14 262 90 69 36
-0.00377259 0 7 15 14 262 90 69 36
-0.00377257 0 14 15 14 262 90 69 36
-0.00377272 0 21 15 14 262 90 69 36
-0.00377082 7 0 15 14 262 90 69 36
-0.00377159 7 7 15 14 262 90 69 36
-0.00377017 7 14 15 14 262 90 69 36
-0.00376828 7 21 15 14 262 90 69 36
-0.00376358 14 0 15 14 262 90 69 36
-0.00376353 14 7 15 14 262 90 69 36
-0.00376616 14 14 15 14 262 90 69 36
-0.00376413 14 21 15 14 262 90 69 36
-0.00376795 21 0 15 14 262 90 69 36
-0.00376836 21 7 15 14 262 90 69 36
-0.00377197 21 14 15 14 262 90 69 36
-0.00377233 21 21 15 14 262 90 69 36
-0.00375977 28 0 15 14 262 90 69 36
-0.00376613 28 7 15 14 262 90 69 36
-0.00377136 28 14 15 14 262 90 69 36
-0.00376901 28 21 15 14 262 90 69 36
-0.00376913 35 0 15 14 262 90 69 36
-0.00376326 35 7 15 14 262 90 69 36
-0.0037682 35 14 15 14 262 90 69 36
-0.00376702 35 21 15 14 262 90 69 36
-0.00376133 42 0 15 14 262 90 69 36
-0.00376181 42 7 15 14 262 90 69 36
-0.00377172 42 14 15 14 262 90 69 36
-0.00377181 42 21 15 14 262 90 69 36
-0.00376136 49 0 15 14 262 90 69 36
-0.00375968 49 7 15 14 262 90 69 36
-0.00376471 49 14 15 14 262 90 69 36
-0.00376621 49 21 15 14 262 90 69 36
-0.00377115 0 0 15 14 262 90 69 36
-0.00376927 0 7 15 14 262 90 69 36
-0.00376934 0 14 15 14 262 90 69 36
-0.00376969 0 21 15 14 262 90 69 36
-0.0037727 7 0 15 14 262 90 69 36
-0.00377266 7 7 15 14 262 90 69 36
-0.00377275 7 14 15 14 262 90 69 36
-0.00376067 7 21 15 14 262 90 69 36
-0.00377149 14 0 15 14 262 90 69 36
-0.00377205 14 7 15 14 262 90 69 36
-0.00377271 14 14 15 14 262 90 69 36
-0.00377264 14 21 15 14 262 90 69 36
-0.00376851 21 0 15 14 262 90 69 36
-0.00376852 21 7 15 14 262 90 69 36
-0.0037705 21 14 15 14 262 90 69 36
-0.00377136 21 21 15 14 262 90 69 36
-0.00377227 28 0 15 14 262 90 69 36
-0.00376994 28 7 15 14 262 90 69 36
-0.00377174 28 14 15 14 262 90 69 36
-0.00377222 28 21 15 14 262 90 69 36
-0.00377232 35 0 15 14 262 90 69 36
-0.00377038 35 7 15 14 262 90 69 36
-0.0037722 35 14 15 14 262 90 69 36
-0.00377276 35 21 15 14 262 90 69 36
-0.00377119 42 0 15 14 262 90 69 36
-0.00377113 42 7 15 14 262 90 69 36
-0.0037714 42 14 15 14 262 90 69 36
-0.00377169 42 21 15 14 262 90 69 36
-0.0037686 49 0 15 14 262 90 69 36
-0.00376395 49 7 15 14 262 90 69 36
-0.00376035 49 14 15 14 262 90 69 36
-0.00376866 49 21 15 14 262 90 69 36
-0.00377232 0 0 15 14 262 90 69 36
-0.00377201 0 7 15 14 262 90 69 36
-0.00377179 0 14 15 14 262 90 69 36
-0.00377237 0 21 15 14 262 90 69 36
-0.0037693 7 0 15 14 262 90 69 36
-0.00377269 7 7 15 14 262 90 69 36
-0.00377272 7 14 15 14 262 90 69 36
-0.00377267 7 21 15 14 262 90 69 36
-0.00377046 14 0 15 14 262 90 69 36
-0.00376749 14 7 15 14 262 90 69 36
-0.00377249 14 14 15 14 262 90 69 36
-0.00377182 14 21 15 14 262 90 69 36
-0.00377114 21 0 15 14 262 90 69 36
-0.0037727 21 7 15 14 262 90 69 36
-0.0037714 21 14 15 14 262 90 69 36
-0.00376411 21 21 15 14 262 90 69 36
-0.00377045 28 0 15 14 262 90 69 36
-0.00377257 28 7 15 14 262 90 69 36
-0.00376901 28 14 15 14 262 90 69 36
-0.00377006 28 21 15 14 262 90 69 36
-0.00377111 35 0 15 14 262 90 69 36
-0.0037725 35 7 15 14 262 90 69 36
-0.00377164 35 14 15 14 262 90 69 36
-0.00377141 35 21 15 14 262 90 69 36
-0.00377202 42 0 15 14 262 90 69 36
-0.00377254 42 7 15 14 262 90 69 36
-0.00377207 42 14 15 14 262 90 69 36
-0.00377078 42 21 15 14 262 90 69 36
-0.00376978 49 0 15 14 262 90 69 36
-0.00377215 49 7 15 14 262 90 69 36
-0.0037701 49 14 15 14 262 90 69 36
-0.0037656 49 21 15 14 262 90 69 36
-0.00377123 0 0 15 14 262 90 69 36
-0.00377222 0 7 15 14 262 90 69 36
-0.00377225 0 14 15 14 262 90 69 36
-0.0037721 0 21 15 14 262 90 69 36
-0.00377105 7 0 15 14 262 90 69 36
-0.00377271 7 7 15 14 262 90 69 36
-0.00377279 7 14 15 14 262 90 69 36
-0.00377249 7 21 15 14 262 90 69 36
-0.00377155 14 0 15 14 262 90 69 36
-0.0037691 14 7 15 14 262 90 69 36
-0.00357402 14 14 15 14 262 90 69 36
-0.00377221 14 21 15 14 262 90 69 36
-0.00377212 21 0 15 14 262 90 69 36
-0.00376775 21 7 15 14 262 90 69 36
-0.00377165 21 14 15 14 262 90 69 36
-0.00377136 21 21 15 14 262 90 69 36
-0.0037726 28 0 15 14 262 90 69 36
-0.00376771 28 7 15 14 262 90 69 36
-0.00377207 28 14 15 14 262 90 69 36
-0.00377194 28 21 15 14 262 90 69 36
-0.00377091 35 0 15 14 262 90 69 36
-0.00376911 35 7 15 14 262 90 69 36
-0.00377228 35 14 15 14 262 90 69 36
-0.00376585 35 21 15 14 262 90 69 36
-0.00376892 42 0 15 14 262 90 69 36
-0.002287 42 7 15 14 262 90 69 36
-0.00377174 42 14 15 14 262 90 69 36
-0.00377017 42 21 15 14 262 90 69 36
-0.00377017 49 0 15 14 262 90 69 36
-0.00376361 49 7 15 14 262 90 69 36
-0.00377145 49 14 15 14 262 90 69 36
-0.00377108 49 21 15 14 262 90 69 36
-0.00376924 0 0 15 14 262 90 69 36
-0.00377271 0 7 15 14 262 90 69 36
-0.00377271 0 14 15 14 262 90 69 36
-0.00376876 0 21 15 14 262 90 69 36
-0.00376862 7 0 15 14 262 90 69 36
-0.00377088 7 7 15 14 262 90 69 36
-0.00377076 7 14 15 14 262 90 69 36
-0.00377013 7 21 15 14 262 90 69 36
-0.00377197 14 0 15 14 262 90 69 36
-0.00377161 14 7 15 14 262 90 69 36
-0.00375607 14 14 15 14 262 90 69 36
-0.00377188 14 21 15 14 262 90 69 36
-0.00376704 21 0 15 14 262 90 69 36
-0.00377103 21 7 15 14 262 90 69 36
-0.00366553 21 14 15 14 262 90 69 36
-0.00377256 21 21 15 14 262 90 69 36
-0.00377224 28 0 15 14 262 90 69 36
-0.00376842 28 7 15 14 262 90 69 36
-0.00376627 28 14 15 14 262 90 69 36
-0.00377262 28 21 15 14 262 90 69 36
-0.00377242 35 0 15 14 262 90 69 36
-0.00376778 35 7 15 14 262 90 69 36
-0.00265456 35 14 15 14 262 90 69 36
-0.0037718 35 21 15 14 262 90 69 36
-0.00377198 42 0 15 14 262 90 69 36
-0.00375781 42 7 15 14 262 90 69 36
-0.00375888 42 14 15 14 262 90 69 36
-0.00351241 42 21 15 14 262 90 69 36
-0.00377121 49 0 15 14 262 90 69 36
-0.00122042 49 7 15 14 262 90 69 36
-0.00376881 49 14 15 14 262 90 69 36
-0.00377229 49 21 15 14 262 90 69 36
-0.00377179 0 0 15 14 262 90 69 36
-0.0037726 0 7 15 14 262 90 69 36
-0.00377246 0 14 15 14 262 90 69 36
-0.0037722 0 21 15 14 262 90 69 36
-0.00377139 7 0 15 14 262 90 69 36
-0.00377162 7 7 15 14 262 90 69 36
-0.00377257 7 14 15 14 262 90 69 36
-0.00377259 7 21 15 14 262 90 69 36
-0.00377233 14 0 15 14 262 90 69 36
-0.00376471 14 7 15 14 262 90 69 36
-0.00281986 14 14 15 14 262 90 69 36
-0.00376945 14 21 15 14 262 90 69 36
-0.00377201 21 0 15 14 262 90 69 36
-0.00377224 21 7 15 14 262 90 69 36
-0.00333014 21 14 15 14 262 90 69 36
-0.00377141 21 21 15 14 262 90 69 36
-0.00376807 28 0 15 14 262 90 69 36
-0.00377243 28 7 15 14 262 90 69 36
-0.00377066 28 14 15 14 262 90 69 36
-0.00377115 28 21 15 14 262 90 69 36
-0.0037725 35 0 15 14 262 90 69 36
-0.00377086 35 7 15 14 262 90 69 36
-0.00376367 35 14 15 14 262 90 69 36
-0.00376807 35 21 15 14 262 90 69 36
-0.00377244 42 0 15 14 262 90 69 36
-0.0037695 42 7 15 14 262 90 69 36
-0.00377147 42 14 15 14 262 90 69 36
-0.00376732 42 21 15 14 262 90 69 36
-0.00377127 49 0 15 14 262 90 69 36
-0.00377218 49 7 15 14 262 90 69 36
-0.00377259 49 14 15 14 262 90 69 36
-0.00377264 49 21 15 14 262 90 69 36
-0.00377267 0 0 15 14 262 90 69 36
-0.0037709 0 7 15 14 262 90 69 36
-0.00377142 0 14 15 14 262 90 69 36
-0.00377257 0 21 15 14 262 90 69 36
-0.00377268 7 0 15 14 262 90 69 36
-0.00377255 7 7 15 14 262 90 69 36
-0.00377256 7 14 15 14 262 90 69 36
-0.00376827 7 21 15 14 262 90 69 36
-0.00377248 14 0 15 14 262 90 69 36
-0.00377218 14 7 15 14 262 90 69 36
-0.00377262 14 14 15 14 262 90 69 36
-0.00376662 14 21 15 14 262 90 69 36
-0.00377156 21 0 15 14 262 90 69 36
-0.00376943 21 7 15 14 262 90 69 36
-0.00377187 21 14 15 14 262 90 69 36
-0.00377168 21 21 15 14 262 90 69 36
-0.00376492 28 0 15 14 262 90 69 36
-0.00377134 28 7 15 14 262 90 69 36
-0.00377255 28 14 15 14 262 90 69 36
-0.0037712 28 21 15 14 262 90 69 36
-0.00377184 35 0 15 14 262 90 69 36
-0.00377012 35 7 15 14 262 90 69 36
-0.00377195 35 14 15 14 262 90 69 36
-0.00376878 35 21 15 14 262 90 69 36
-0.00377201 42 0 15 14 262 90 69 36
-0.003768 42 7 15 14 262 90 69 36
-0.00377019 42 14 15 14 262 90 69 36
-0.00376698 42 21 15 14 262 90 69 36
-0.00376823 49 0 15 14 262 90 69 36
-0.00376633 49 7 15 14 262 90 69 36
-0.00376999 49 14 15 14 262 90 69 36
-0.00376704 49 21 15 14 262 90 69 36
-0.00377125 0 0 23 18 262 90 69 36
-0.00377202 0 9 23 18 262 90 69 36
-0.00377161 0 18 23 18 262 90 69 36
-0.00376942 11 0 23 18 262 90 69 36
-0.00377186 11 9 23 18 262 90 69 36
-0.00376963 11 18 23 18 262 90 69 36
-0.00376356 22 0 23 18 262 90 69 36
-0.00354326 22 9 23 18 262 90 69 36
-0.00214776 22 18 23 18 262 90 69 36
-0.00376933 33 0 23 18 262 90 69 36
-0.00377038 33 9 23 18 262 90 69 36
-0.00376623 33 18 23 18 262 90 69 36
-0.00372591 44 0 23 18 262 90 69 36
-0.0030182 44 9 23 18 262 90 69 36
-0.00375838 44 18 23 18 262 90 69 36
-0.00377049 0 0 23 18 262 90 69 36
-0.00377135 0 9 23 18 262 90 69 36
-0.00376894 0 18 23 18 262 90 69 36
-0.00377185 11 0 23 18 262 90 69 36
-0.00377206 11 9 23 18 262 90 69 36
-0.00377137 11 18 23 18 262 90 69 36
-0.00376295 22 0 23 18 262 90 69 36
-0.00376546 22 9 23 18 262 90 69 36
-0.00376717 22 18 23 18 262 90 69 36
-0.00376572 33 0 23 18 262 90 69 36
-0.00376586 33 9 23 18 262 90 69 36
-0.00376084 33 18 23 18 262 90 69 36
-0.00376205 44 0 23 18 262 90 69 36
-0.00376772 44 9 23 18 262 90 69 36
-0.00375695 44 18 23 18 262 90 69 36
-0.00377039 0 0 23 18 262 90 69 36
-0.00376558 0 9 23 18 262 90 69 36
-0.00375621 0 18 23 18 262 90 69 36
-0.00376813 11 0 23 18 262 90 69 36
-0.00375986 11 9 23 18 262 90 69 36
-0.00271836 11 18 23 18 262 90 69 36
-0.00376726 22 0 23 18 262 90 69 36
-0.00376343 22 9 23 18 262 90 69 36
-0.00376715 22 18 23 18 262 90 69 36
-0.00376828 33 0 23 18 262 90 69 36
-0.00375811 33 9 23 18 262 90 69 36
-0.00376525 33 18 23 18 262 90 69 36
-0.00376715 44 0 23 18 262 90 69 36
-0.00278571 44 9 23 18 262 90 69 36
-0.00375755 44 18 23 18 262 90 69 36
-0.00377264 0 0 23 18 262 90 69 36
-0.00377275 0 9 23 18 262 90 69 36
-0.00377269 0 18 23 18 262 90 69 36
-0.00336025 11 0 23 18 262 90 69 36
-0.00376706 11 9 23 18 262 90 69 36
-0.00377063 11 18 23 18 262 90 69 36
-0.00376849 22 0 23 18 262 90 69 36
-0.00377084 22 9 23 18 262 90 69 36
-0.00376678 22 18 23 18 262 90 69 36
-0.00207601 33 0 23 18 262 90 69 36
-0.00375866 33 9 23 18 262 90 69 36
-0.00376122 33 18 23 18 262 90 69 36
-0.00131294 44 0 23 18 262 90 69 36
-0.00375763 44 9 23 18 262 90 69 36
-0.00376706 44 18 23 18 262 90 69 36
-0.00377265 0 0 23 18 262 90 69 36
-0.00377108 0 9 23 18 262 90 69 36
-0.00377176 0 18 23 18 262 90 69 36
-0.00376938 11 0 23 18 262 90 69 36
-0.00377014 11 9 23 18 262 90 69 36
-0.00376976 11 18 23 18 262 90 69 36
-0.00376993 22 0 23 18 262 90 69 36
-0.00375896 22 9 23 18 262 90 69 36
-0.00377047 22 18 23 18 262 90 69 36
-0.00377127 33 0 23 18 262 90 69 36
-0.00377122 33 9 23 18 262 90 69 36
-0.00377182 33 18 23 18 262 90 69 36
-0.00376413 44 0 23 18 262 90 69 36
-0.0011271 44 9 23 18 262 90 69 36
-0.00376536 44 18 23 18 262 90 69 36
-0.00377072 0 0 23 18 262 90 69 36
-0.00377132 0 9 23 18 262 90 69 36
-0.00377117 0 18 23 18 262 90 69 36
-0.00376121 11 0 23 18 262 90 69 36
-0.00377241 11 9 23 18 262 90 69 36
-0.00376881 11 18 23 18 262 90 69 36
-0.00377132 22 0 23 18 262 90 69 36
-0.00377035 22 9 23 18 262 90 69 36
-0.00295293 22 18 23 18 262 90 69 36
-0.00377223 33 0 23 18 262 90 69 36
-0.00376909 33 9 23 18 262 90 69 36
-0.00255747 33 18 23 18 262 90 69 36
-0.0037714 44 0 23 18 262 90 69 36
-0.00376727 44 9 23 18 262 90 69 36
-0.00275143 44 18 23 18 262 90 69 36
-0.00377213 0 0 23 18 262 90 69 36
-0.00377249 0 9 23 18 262 90 69 36
-0.00377104 0 18 23 18 262 90 69 36
-0.00377176 11 0 23 18 262 90 69 36
-0.00376849 11 9 23 18 262 90 69 36
-0.0037712 11 18 23 18 262 90 69 36
-0.00377218 22 0 23 18 262 90 69 36
-0.0037678 22 9 23 18 262 90 69 36
-0.00377088 22 18 23 18 262 90 69 36
-0.00377094 33 0 23 18 262 90 69 36
-0.00377021 33 9 23 18 262 90 69 36
-0.00377033 33 18 23 18 262 90 69 36
-0.00376926 44 0 23 18 262 90 69 36
-0.00376536 44 9 23 18 262 90 69 36
-0.00376999 44 18 23 18 262 90 69 36
-0.00377139 0 0 23 18 262 90 69 36
-0.00377276 0 9 23 18 262 90 69 36
-0.00376947 0 18 23 18 262 90 69 36
-0.00377027 11 0 23 18 262 90 69 36
-0.00376555 11 9 23 18 262 90 69 36
-0.00377178 11 18 23 18 262 90 69 36
-0.00377096 22 0 23 18 262 90 69 36
-0.00376612 22 9 23 18 262 90 69 36
-0.00377258 22 18 23 18 262 90 69 36
-0.00377255 33 0 23 18 262 90 69 36
-0.00376531 33 9 23 18 262 90 69 36
-0.00377103 33 18 23 18 262 90 69 36
-0.00377143 44 0 23 18 262 90 69 36
-0.00326946 44 9 23 18 262 90 69 36
-0.00377119 44 18 23 18 262 90 69 36
-0.0037722 0 0 23 18 262 90 69 36
-0.00377268 0 9 23 18 262 90 69 36
-0.00377241 0 18 23 18 262 90 69 36
-0.00377246 11 0 23 18 262 90 69 36
-0.00375729 11 9 23 18 262 90 69 36
-0.00377015 11 18 23 18 262 90 69 36
-0.00376989 22 0 23 18 262 90 69 36
-0.00376938 22 9 23 18 262 90 69 36
-0.00377079 22 18 23 18 262 90 69 36
-0.00377135 33 0 23 18 262 90 69 36
-0.00376275 33 9 23 18 262 90 69 36
-0.00376344 33 18 23 18 262 90 69 36
-0.00377054 44 0 23 18 262 90 69 36
-0.00377201 44 9 23 18 262 90 69 36
-0.00377245 44 18 23 18 262 90 69 36
-0.00377125 0 0 23 18 262 90 69 36
-0.00376396 0 9 23 18 262 90 69 36
-0.00377269 0 18 23 18 262 90 69 36
-0.00377087 11 0 23 18 262 90 69 36
-0.00377003 11 9 23 18 262 90 69 36
-0.00377097 11 18 23 18 262 90 69 36
-0.00376011 22 0 23 18 262 90 69 36
-0.00377031 22 9 23 18 262 90 69 36
-0.00377165 22 18 23 18 262 90 69 36
-0.00376183 33 0 23 18 262 90 69 36
-0.00377137 33 9 23 18 262 90 69 36
-0.00376298 33 18 23 18 262 90 69 36
-0.00375876 44 0 23 18 262 90 69 36
-0.00376464 44 9 23 18 262 90 69 36
-0.00376759 44 18 23 18 262 90 69 36
-0.00376479 0 0 27 36 262 90 69 36
-0.00376102 13 0 27 36 262 90 69 36
-0.00369581 26 0 27 36 262 90 69 36
-0.0011173 39 0 27 36 262 90 69 36
-0.00376325 0 0 27 36 262 90 69 36
-0.0037678 13 0 27 36 262 90 69 36
-0.00329993 26 0 27 36 262 90 69 36
-0.00148699 39 0 27 36 262 90 69 36
-0.00376842 0 0 27 36 262 90 69 36
-0.00188327 13 0 27 36 262 90 69 36
-0.00235537 26 0 27 36 262 90 69 36
-0.00375648 39 0 27 36 262 90 69 36
-0.00377259 0 0 27 36 262 90 69 36
-0.00376997 13 0 27 36 262 90 69 36
-0.00317675 26 0 27 36 262 90 69 36
-0.00375899 39 0 27 36 262 90 69 36
-0.00377219 0 0 27 36 262 90 69 36
-0.00376906 13 0 27 36 262 90 69 36
-0.0037711 26 0 27 36 262 90 69 36
-0.00171314 39 0 27 36 262 90 69 36
-0.00376809 0 0 27 36 262 90 69 36
-0.00376168 13 0 27 36 262 90 69 36
-0.00221711 26 0 27 36 262 90 69 36
-0.00117839 39 0 27 36 262 90 69 36
-0.00377107 0 0 27 36 262 90 69 36
-0.00376778 13 0 27 36 262 90 69 36
-0.00377235 26 0 27 36 262 90 69 36
-0.00376712 39 0 27 36 262 90 69 36
-0.00377104 0 0 27 36 262 90 69 36
-0.00376884 13 0 27 36 262 90 69 36
-0.00377224 26 0 27 36 262 90 69 36
-0.00376993 39 0 27 36 262 90 69 36
-0.00377235 0 0 27 36 262 90 69 36
-0.00376688 13 0 27 36 262 90 69 36
-0.00376531 26 0 27 36 262 90 69 36
-0.00377198 39 0 27 36 262 90 69 36
-0.00376768 0 0 27 36 262 90 69 36
-0.00376708 13 0 27 36 262 90 69 36
-0.00311374 26 0 27 36 262 90 69 36
-0.00184157 39 0 27 36 262 90 69 36
-0.00175597 0 0 69 36 262 90 69 36
-0.00285374 0 0 69 36 262 90 69 36
-0.00245797 0 0 69 36 262 90 69 36
-0.00376822 0 0 69 36 262 90 69 36
-0.00200255 0 0 69 36 262 90 69 36
-0.00128183 0 0 69 36 262 90 69 36
-0.00377204 0 0 69 36 262 90 69 36
-0.00377209 0 0 69 36 262 90 69 36
-0.00377127 0 0 69 36 262 90 69 36
-0.00141369 0 0 69 36 262 90 69 36
