-0.00265385 0 0 24 24 259 109 120 97
-0.00265178 0 12 24 24 259 109 120 97
-0.00265257 0 24 24 24 259 109 120 97
-0.00265352 0 36 24 24 259 109 120 97
-0.00265042 0 48 24 24 259 109 120 97
-0.00263943 0 60 24 24 259 109 120 97
-0.00263976 0 72 24 24 259 109 120 97
-0.00265294 12 0 24 24 259 109 120 97
-0.00265249 12 12 24 24 259 109 120 97
-0.00265084 12 24 24 24 259 109 120 97
-0.00265403 12 36 24 24 259 109 120 97
-0.00264309 12 48 24 24 259 109 120 97
-0.00264679 12 60 24 24 259 109 120 97
-0.00264918 12 72 24 24 259 109 120 97
-0.00265088 24 0 24 24 259 109 120 97
-0.00265378 24 12 24 24 259 109 120 97
-0.00265291 24 24 24 24 259 109 120 97
-0.0026543 24 36 24 24 259 109 120 97
-0.00265205 24 48 24 24 259 109 120 97
-0.00264951 24 60 24 24 259 109 120 97
-0.00264284 24 72 24 24 259 109 120 97
-0.00265264 36 0 24 24 259 109 120 97
-0.00265377 36 12 24 24 259 109 120 97
-0.00265394 36 24 24 24 259 109 120 97
-0.00265393 36 36 24 24 259 109 120 97
-0.00265422 36 48 24 24 259 109 120 97
-0.00265004 36 60 24 24 259 109 120 97
-0.00264681 36 72 24 24 259 109 120 97
-0.00265196 48 0 24 24 259 109 120 97
-0.00265413 48 12 24 24 259 109 120 97
-0.00265399 48 24 24 24 259 109 120 97
-0.00264528 48 36 24 24 259 109 120 97
-0.00265429 48 48 24 24 259 109 120 97
-0.00265385 48 60 24 24 259 109 120 97
-0.00264373 48 72 24 24 259 109 120 97
-0.00265355 60 0 24 24 259 109 120 97
-0.00265424 60 12 24 24 259 109 120 97
-0.00265271 60 24 24 24 259 109 120 97
-0.00264342 60 36 24 24 259 109 120 97
-0.00265339 60 48 24 24 259 109 120 97
-0.00265426 60 60 24 24 259 109 120 97
-0.00264559 60 72 24 24 259 109 120 97
-0.00265413 72 0 24 24 259 109 120 97
-0.00265388 72 12 24 24 259 109 120 97
-0.00264834 72 24 24 24 259 109 120 97
-0.00265095 72 36 24 24 259 109 120 97
-0.00219351 72 48 24 24 259 109 120 97
-0.0026542 72 60 24 24 259 109 120 97
-0.00265396 72 72 24 24 259 109 120 97
-0.00265393 84 0 24 24 259 109 120 97
-0.00265416 84 12 24 24 259 109 120 97
-0.00265112 84 24 24 24 259 109 120 97
-0.00265122 84 36 24 24 259 109 120 97
-0.0026516 84 48 24 24 259 109 120 97
-0.00264996 84 60 24 24 259 109 120 97
-0.0026542 84 72 24 24 259 109 120 97
-0.0026534 96 0 24 24 259 109 120 97
-0.00265423 96 12 24 24 259 109 120 97
-0.0026513 96 24 24 24 259 109 120 97
-0.00263821 96 36 24 24 259 109 120 97
-0.00265203 96 48 24 24 259 109 120 97
-0.0026503 96 60 24 24 259 109 120 97
-0.00264887 96 72 24 24 259 109 120 97
-0.00252582 0 0 24 24 259 109 120 97
-0.00264994 0 12 24 24 259 109 120 97
-0.00265284 0 24 24 24 259 109 120 97
-0.00264603 0 36 24 24 259 109 120 97
-0.00265222 0 48 24 24 259 109 120 97
-0.00264466 0 60 24 24 259 109 120 97
-0.0015909 0 72 24 24 259 109 120 97
-0.00264737 12 0 24 24 259 109 120 97
-0.00265287 12 12 24 24 259 109 120 97
-0.00265323 12 24 24 24 259 109 120 97
-0.00264786 12 36 24 24 259 109 120 97
-0.00265173 12 48 24 24 259 109 120 97
-0.00239274 12 60 24 24 259 109 120 97
-0.00217457 12 72 24 24 259 109 120 97
-0.0026478 24 0 24 24 259 109 120 97
-0.00265347 24 12 24 24 259 109 120 97
-0.00265285 24 24 24 24 259 109 120 97
-0.0026516 24 36 24 24 259 109 120 97
-0.00265185 24 48 24 24 259 109 120 97
-0.00249322 24 60 24 24 259 109 120 97
-0.00264091 24 72 24 24 259 109 120 97
-0.00264804 36 0 24 24 259 109 120 97
-0.00265372 36 12 24 24 259 109 120 97
-0.00265331 36 24 24 24 259 109 120 97
-0.00265027 36 36 24 24 259 109 120 97
-0.0026536 36 48 24 24 259 109 120 97
-0.00265104 36 60 24 24 259 109 120 97
-0.00165437 36 72 24 24 259 109 120 97
-0.00265316 48 0 24 24 259 109 120 97
-0.00265405 48 12 24 24 259 109 120 97
-0.00265273 48 24 24 24 259 109 120 97
-0.00198147 48 36 24 24 259 109 120 97
-0.00265354 48 48 24 24 259 109 120 97
-0.00265371 48 60 24 24 259 109 120 97
-0.00264677 48 72 24 24 259 109 120 97
-0.00265408 60 0 24 24 259 109 120 97
-0.00265382 60 12 24 24 259 109 120 97
-0.00264488 60 24 24 24 259 109 120 97
-0.00260582 60 36 24 24 259 109 120 97
-0.00264895 60 48 24 24 259 109 120 97
-0.00265401 60 60 24 24 259 109 120 97
-0.00265309 60 72 24 24 259 109 120 97
-0.00265383 72 0 24 24 259 109 120 97
-0.00265221 72 12 24 24 259 109 120 97
-0.00188183 72 24 24 24 259 109 120 97
-0.00192194 72 36 24 24 259 109 120 97
-0.00264684 72 48 24 24 259 109 120 97
-0.0026528 72 60 24 24 259 109 120 97
-0.00265407 72 72 24 24 259 109 120 97
-0.00265356 84 0 24 24 259 109 120 97
-0.00265382 84 12 24 24 259 109 120 97
-0.00204142 84 24 24 24 259 109 120 97
-0.00121921 84 36 24 24 259 109 120 97
-0.00264944 84 48 24 24 259 109 120 97
-0.00163454 84 60 24 24 259 109 120 97
-0.00265304 84 72 24 24 259 109 120 97
-0.00265353 96 0 24 24 259 109 120 97
-0.0026535 96 12 24 24 259 109 120 97
-0.0026421 96 24 24 24 259 109 120 97
-0.00119801 96 36 24 24 259 109 120 97
-0.00264676 96 48 24 24 259 109 120 97
-0.00264074 96 60 24 24 259 109 120 97
-0.00263946 96 72 24 24 259 109 120 97
-0.00265395 0 0 24 24 259 109 120 97
-0.00265286 0 12 24 24 259 109 120 97
-0.00265043 0 24 24 24 259 109 120 97
-0.00265359 0 36 24 24 259 109 120 97
-0.00265381 0 48 24 24 259 109 120 97
-0.00265165 0 60 24 24 259 109 120 97
-0.00265096 0 72 24 24 259 109 120 97
-0.00265344 12 0 24 24 259 109 120 97
-0.00265109 12 12 24 24 259 109 120 97
-0.00264292 12 24 24 24 259 109 120 97
-0.00265379 12 36 24 24 259 109 120 97
-0.00265388 12 48 24 24 259 109 120 97
-0.00265328 12 60 24 24 259 109 120 97
-0.00264907 12 72 24 24 259 109 120 97
-0.00265356 24 0 24 24 259 109 120 97
-0.00265281 24 12 24 24 259 109 120 97
-0.00257417 24 24 24 24 259 109 120 97
-0.00265311 24 36 24 24 259 109 120 97
-0.002654 24 48 24 24 259 109 120 97
-0.00265076 24 60 24 24 259 109 120 97
-0.00264685 24 72 24 24 259 109 120 97
-0.00265198 36 0 24 24 259 109 120 97
-0.00265345 36 12 24 24 259 109 120 97
-0.00264999 36 24 24 24 259 109 120 97
-0.00264515 36 36 24 24 259 109 120 97
-0.00265347 36 48 24 24 259 109 120 97
-0.00265342 36 60 24 24 259 109 120 97
-0.00264688 36 72 24 24 259 109 120 97
-0.00265228 48 0 24 24 259 109 120 97
-0.00265376 48 12 24 24 259 109 120 97
-0.00265179 48 24 24 24 259 109 120 97
-0.00248325 48 36 24 24 259 109 120 97
-0.00265049 48 48 24 24 259 109 120 97
-0.00265343 48 60 24 24 259 109 120 97
-0.00265141 48 72 24 24 259 109 120 97
-0.00265363 60 0 24 24 259 109 120 97
-0.00265432 60 12 24 24 259 109 120 97
-0.00265396 60 24 24 24 259 109 120 97
-0.00264237 60 36 24 24 259 109 120 97
-0.00264426 60 48 24 24 259 109 120 97
-0.00265309 60 60 24 24 259 109 120 97
-0.00265276 60 72 24 24 259 109 120 97
-0.00265317 72 0 24 24 259 109 120 97
-0.00265295 72 12 24 24 259 109 120 97
-0.00265437 72 24 24 24 259 109 120 97
-0.00265301 72 36 24 24 259 109 120 97
-0.00264984 72 48 24 24 259 109 120 97
-0.00265347 72 60 24 24 259 109 120 97
-0.00265079 72 72 24 24 259 109 120 97
-0.00265115 84 0 24 24 259 109 120 97
-0.00264381 84 12 24 24 259 109 120 97
-0.00265403 84 24 24 24 259 109 120 97
-0.00265431 84 36 24 24 259 109 120 97
-0.00265283 84 48 24 24 259 109 120 97
-0.00265335 84 60 24 24 259 109 120 97
-0.00265231 84 72 24 24 259 109 120 97
-0.00265085 96 0 24 24 259 109 120 97
-0.00265215 96 12 24 24 259 109 120 97
-0.0026484 96 24 24 24 259 109 120 97
-0.00265418 96 36 24 24 259 109 120 97
-0.00265403 96 48 24 24 259 109 120 97
-0.00265381 96 60 24 24 259 109 120 97
-0.00265343 96 72 24 24 259 109 120 97
-0.00265244 0 0 24 24 259 109 120 97
-0.00265157 0 12 24 24 259 109 120 97
-0.00264897 0 24 24 24 259 109 120 97
-0.00265352 0 36 24 24 259 109 120 97
-0.00265034 0 48 24 24 259 109 120 97
-0.00265016 0 60 24 24 259 109 120 97
-0.00145195 0 72 24 24 259 109 120 97
-0.00264829 12 0 24 24 259 109 120 97
-0.00264644 12 12 24 24 259 109 120 97
-0.00265081 12 24 24 24 259 109 120 97
-0.00265353 12 36 24 24 259 109 120 97
-0.00264716 12 48 24 24 259 109 120 97
-0.00265082 12 60 24 24 259 109 120 97
-0.00235807 12 72 24 24 259 109 120 97
-0.00264431 24 0 24 24 259 109 120 97
-0.00265096 24 12 24 24 259 109 120 97
-0.00264982 24 24 24 24 259 109 120 97
-0.00265124 24 36 24 24 259 109 120 97
-0.00264924 24 48 24 24 259 109 120 97
-0.00264964 24 60 24 24 259 109 120 97
-0.00264649 24 72 24 24 259 109 120 97
-0.0011779 36 0 24 24 259 109 120 97
-0.00117503 36 12 24 24 259 109 120 97
-0.00156895 36 24 24 24 259 109 120 97
-0.00263753 36 36 24 24 259 109 120 97
-0.00264799 36 48 24 24 259 109 120 97
-0.00137374 36 60 24 24 259 109 120 97
-0.00264723 36 72 24 24 259 109 120 97
-0.00264612 48 0 24 24 259 109 120 97
-0.00264872 48 12 24 24 259 109 120 97
-0.00264467 48 24 24 24 259 109 120 97
-0.00264742 48 36 24 24 259 109 120 97
-0.00264908 48 48 24 24 259 109 120 97
-0.00264555 48 60 24 24 259 109 120 97
-0.00265105 48 72 24 24 259 109 120 97
-0.00265092 60 0 24 24 259 109 120 97
-0.00265222 60 12 24 24 259 109 120 97
-0.00265059 60 24 24 24 259 109 120 97
-0.00264783 60 36 24 24 259 109 120 97
-0.00264949 60 48 24 24 259 109 120 97
-0.0026499 60 60 24 24 259 109 120 97
-0.00265264 60 72 24 24 259 109 120 97
-0.00265026 72 0 24 24 259 109 120 97
-0.00264675 72 12 24 24 259 109 120 97
-0.00263917 72 24 24 24 259 109 120 97
-0.00213694 72 36 24 24 259 109 120 97
-0.00264469 72 48 24 24 259 109 120 97
-0.00264722 72 60 24 24 259 109 120 97
-0.0026532 72 72 24 24 259 109 120 97
-0.00264109 84 0 24 24 259 109 120 97
-0.00265023 84 12 24 24 259 109 120 97
-0.00264771 84 24 24 24 259 109 120 97
-0.0026426 84 36 24 24 259 109 120 97
-0.00264761 84 48 24 24 259 109 120 97
-0.00177771 84 60 24 24 259 109 120 97
-0.00265055 84 72 24 24 259 109 120 97
-0.00265241 96 0 24 24 259 109 120 97
-0.00264831 96 12 24 24 259 109 120 97
-0.00264185 96 24 24 24 259 109 120 97
-0.00264518 96 36 24 24 259 109 120 97
-0.00265164 96 48 24 24 259 109 120 97
-0.00264914 96 60 24 24 259 109 120 97
-0.00264861 96 72 24 24 259 109 120 97
-0.00265382 0 0 24 24 259 109 120 97
-0.00265399 0 12 24 24 259 109 120 97
-0.00265213 0 24 24 24 259 109 120 97
-0.00265368 0 36 24 24 259 109 120 97
-0.00265404 0 48 24 24 259 109 120 97
-0.00265376 0 60 24 24 259 109 120 97
-0.00265369 0 72 24 24 259 109 120 97
-0.00265357 12 0 24 24 259 109 120 97
-0.00265426 12 12 24 24 259 109 120 97
-0.00265254 12 24 24 24 259 109 120 97
-0.00265348 12 36 24 24 259 109 120 97
-0.00265192 12 48 24 24 259 109 120 97
-0.00265339 12 60 24 24 259 109 120 97
-0.00265398 12 72 24 24 259 109 120 97
-0.00265403 24 0 24 24 259 109 120 97
-0.00265398 24 12 24 24 259 109 120 97
-0.00264903 24 24 24 24 259 109 120 97
-0.00265367 24 36 24 24 259 109 120 97
-0.00265345 24 48 24 24 259 109 120 97
-0.00265394 24 60 24 24 259 109 120 97
-0.00265382 24 72 24 24 259 109 120 97
-0.00265164 36 0 24 24 259 109 120 97
-0.0026514 36 12 24 24 259 109 120 97
-0.00246036 36 24 24 24 259 109 120 97
-0.00265246 36 36 24 24 259 109 120 97
-0.00265393 36 48 24 24 259 109 120 97
-0.00265335 36 60 24 24 259 109 120 97
-0.00264891 36 72 24 24 259 109 120 97
-0.00265298 48 0 24 24 259 109 120 97
-0.00264891 48 12 24 24 259 109 120 97
-0.00264235 48 24 24 24 259 109 120 97
-0.00264738 48 36 24 24 259 109 120 97
-0.00265389 48 48 24 24 259 109 120 97
-0.00265433 48 60 24 24 259 109 120 97
-0.00265314 48 72 24 24 259 109 120 97
-0.00265332 60 0 24 24 259 109 120 97
-0.00264728 60 12 24 24 259 109 120 97
-0.00264354 60 24 24 24 259 109 120 97
-0.00132277 60 36 24 24 259 109 120 97
-0.00263973 60 48 24 24 259 109 120 97
-0.0026539 60 60 24 24 259 109 120 97
-0.00265398 60 72 24 24 259 109 120 97
-0.00265352 72 0 24 24 259 109 120 97
-0.00265157 72 12 24 24 259 109 120 97
-0.00264492 72 24 24 24 259 109 120 97
-0.00264226 72 36 24 24 259 109 120 97
-0.00115338 72 48 24 24 259 109 120 97
-0.00265243 72 60 24 24 259 109 120 97
-0.00265433 72 72 24 24 259 109 120 97
-0.00265428 84 0 24 24 259 109 120 97
-0.00265389 84 12 24 24 259 109 120 97
-0.00265109 84 24 24 24 259 109 120 97
-0.00265126 84 36 24 24 259 109 120 97
-0.00265139 84 48 24 24 259 109 120 97
-0.00265145 84 60 24 24 259 109 120 97
-0.00265436 84 72 24 24 259 109 120 97
-0.00265406 96 0 24 24 259 109 120 97
-0.00265414 96 12 24 24 259 109 120 97
-0.00264718 96 24 24 24 259 109 120 97
-0.00264286 96 36 24 24 259 109 120 97
-0.00265284 96 48 24 24 259 109 120 97
-0.00265276 96 60 24 24 259 109 120 97
-0.00265252 96 72 24 24 259 109 120 97
-0.00265299 0 0 24 24 259 109 120 97
-0.00265307 0 12 24 24 259 109 120 97
-0.00265393 0 24 24 24 259 109 120 97
-0.00265261 0 36 24 24 259 109 120 97
-0.00265347 0 48 24 24 259 109 120 97
-0.00265144 0 60 24 24 259 109 120 97
-0.00265225 0 72 24 24 259 109 120 97
-0.00265355 12 0 24 24 259 109 120 97
-0.00265378 12 12 24 24 259 109 120 97
-0.00265421 12 24 24 24 259 109 120 97
-0.00265367 12 36 24 24 259 109 120 97
-0.00265337 12 48 24 24 259 109 120 97
-0.00265307 12 60 24 24 259 109 120 97
-0.00265154 12 72 24 24 259 109 120 97
-0.00265205 24 0 24 24 259 109 120 97
-0.00265387 24 12 24 24 259 109 120 97
-0.00265377 24 24 24 24 259 109 120 97
-0.00265406 24 36 24 24 259 109 120 97
-0.00265398 24 48 24 24 259 109 120 97
-0.00265155 24 60 24 24 259 109 120 97
-0.00265041 24 72 24 24 259 109 120 97
-0.0026511 36 0 24 24 259 109 120 97
-0.00265378 36 12 24 24 259 109 120 97
-0.00265321 36 24 24 24 259 109 120 97
-0.00265313 36 36 24 24 259 109 120 97
-0.00265428 36 48 24 24 259 109 120 97
-0.0026535 36 60 24 24 259 109 120 97
-0.00264392 36 72 24 24 259 109 120 97
-0.00265249 48 0 24 24 259 109 120 97
-0.00265369 48 12 24 24 259 109 120 97
-0.00265396 48 24 24 24 259 109 120 97
-0.00264163 48 36 24 24 259 109 120 97
-0.00265369 48 48 24 24 259 109 120 97
-0.00265432 48 60 24 24 259 109 120 97
-0.00265271 48 72 24 24 259 109 120 97
-0.00265369 60 0 24 24 259 109 120 97
-0.00265381 60 12 24 24 259 109 120 97
-0.00265287 60 24 24 24 259 109 120 97
-0.00112641 60 36 24 24 259 109 120 97
-0.00263938 60 48 24 24 259 109 120 97
-0.00265415 60 60 24 24 259 109 120 97
-0.00265387 60 72 24 24 259 109 120 97
-0.00265417 72 0 24 24 259 109 120 97
-0.00265322 72 12 24 24 259 109 120 97
-0.0026498 72 24 24 24 259 109 120 97
-0.00264245 72 36 24 24 259 109 120 97
-0.00169695 72 48 24 24 259 109 120 97
-0.00265231 72 60 24 24 259 109 120 97
-0.00265432 72 72 24 24 259 109 120 97
-0.00265428 84 0 24 24 259 109 120 97
-0.00265405 84 12 24 24 259 109 120 97
-0.00264768 84 24 24 24 259 109 120 97
-0.00264962 84 36 24 24 259 109 120 97
-0.00264167 84 48 24 24 259 109 120 97
-0.00264806 84 60 24 24 259 109 120 97
-0.00265435 84 72 24 24 259 109 120 97
-0.00265381 96 0 24 24 259 109 120 97
-0.00265423 96 12 24 24 259 109 120 97
-0.00264951 96 24 24 24 259 109 120 97
-0.00263801 96 36 24 24 259 109 120 97
-0.00265228 96 48 24 24 259 109 120 97
-0.00265215 96 60 24 24 259 109 120 97
-0.00265276 96 72 24 24 259 109 120 97
-0.00265406 0 0 24 24 259 109 120 97
-0.0026529 0 12 24 24 259 109 120 97
-0.00265342 0 24 24 24 259 109 120 97
-0.00265265 0 36 24 24 259 109 120 97
-0.00264925 0 48 24 24 259 109 120 97
-0.00264928 0 60 24 24 259 109 120 97
-0.00265099 0 72 24 24 259 109 120 97
-0.00265359 12 0 24 24 259 109 120 97
-0.00265027 12 12 24 24 259 109 120 97
-0.00265387 12 24 24 24 259 109 120 97
-0.00265415 12 36 24 24 259 109 120 97
-0.00265225 12 48 24 24 259 109 120 97
-0.00264417 12 60 24 24 259 109 120 97
-0.00264913 12 72 24 24 259 109 120 97
-0.0026531 24 0 24 24 259 109 120 97
-0.00265345 24 12 24 24 259 109 120 97
-0.00265345 24 24 24 24 259 109 120 97
-0.00265415 24 36 24 24 259 109 120 97
-0.00265396 24 48 24 24 259 109 120 97
-0.00264542 24 60 24 24 259 109 120 97
-0.00264975 24 72 24 24 259 109 120 97
-0.00265332 36 0 24 24 259 109 120 97
-0.00265348 36 12 24 24 259 109 120 97
-0.00265421 36 24 24 24 259 109 120 97
-0.00265279 36 36 24 24 259 109 120 97
-0.00265434 36 48 24 24 259 109 120 97
-0.00265255 36 60 24 24 259 109 120 97
-0.00264952 36 72 24 24 259 109 120 97
-0.00265239 48 0 24 24 259 109 120 97
-0.00265392 48 12 24 24 259 109 120 97
-0.00265427 48 24 24 24 259 109 120 97
-0.00263753 48 36 24 24 259 109 120 97
-0.00265411 48 48 24 24 259 109 120 97
-0.00265416 48 60 24 24 259 109 120 97
-0.00265208 48 72 24 24 259 109 120 97
-0.0026535 60 0 24 24 259 109 120 97
-0.00265431 60 12 24 24 259 109 120 97
-0.00265325 60 24 24 24 259 109 120 97
-0.00129563 60 36 24 24 259 109 120 97
-0.00264895 60 48 24 24 259 109 120 97
-0.00265394 60 60 24 24 259 109 120 97
-0.00265337 60 72 24 24 259 109 120 97
-0.00265432 72 0 24 24 259 109 120 97
-0.00265389 72 12 24 24 259 109 120 97
-0.00264635 72 24 24 24 259 109 120 97
-0.00173819 72 36 24 24 259 109 120 97
-0.00250968 72 48 24 24 259 109 120 97
-0.00265205 72 60 24 24 259 109 120 97
-0.0026537 72 72 24 24 259 109 120 97
-0.00265429 84 0 24 24 259 109 120 97
-0.00265405 84 12 24 24 259 109 120 97
-0.00265281 84 24 24 24 259 109 120 97
-0.00264798 84 36 24 24 259 109 120 97
-0.00228719 84 48 24 24 259 109 120 97
-0.00264646 84 60 24 24 259 109 120 97
-0.00265388 84 72 24 24 259 109 120 97
-0.00265361 96 0 24 24 259 109 120 97
-0.00265398 96 12 24 24 259 109 120 97
-0.00265329 96 24 24 24 259 109 120 97
-0.00265005 96 36 24 24 259 109 120 97
-0.00265133 96 48 24 24 259 109 120 97
-0.00264222 96 60 24 24 259 109 120 97
-0.00265022 96 72 24 24 259 109 120 97
-0.00265407 0 0 24 24 259 109 120 97
-0.00265066 0 12 24 24 259 109 120 97
-0.00265392 0 24 24 24 259 109 120 97
-0.00265302 0 36 24 24 259 109 120 97
-0.0026508 0 48 24 24 259 109 120 97
-0.0026511 0 60 24 24 259 109 120 97
-0.00265341 0 72 24 24 259 109 120 97
-0.00265316 12 0 24 24 259 109 120 97
-0.002653 12 12 24 24 259 109 120 97
-0.00265297 12 24 24 24 259 109 120 97
-0.00265384 12 36 24 24 259 109 120 97
-0.00265241 12 48 24 24 259 109 120 97
-0.00265006 12 60 24 24 259 109 120 97
-0.00265314 12 72 24 24 259 109 120 97
-0.00265424 24 0 24 24 259 109 120 97
-0.00265406 24 12 24 24 259 109 120 97
-0.00265386 24 24 24 24 259 109 120 97
-0.00265407 24 36 24 24 259 109 120 97
-0.00265376 24 48 24 24 259 109 120 97
-0.0026513 24 60 24 24 259 109 120 97
-0.0026524 24 72 24 24 259 109 120 97
-0.00265419 36 0 24 24 259 109 120 97
-0.00265163 36 12 24 24 259 109 120 97
-0.00265421 36 24 24 24 259 109 120 97
-0.00265235 36 36 24 24 259 109 120 97
-0.00265406 36 48 24 24 259 109 120 97
-0.00265308 36 60 24 24 259 109 120 97
-0.00265058 36 72 24 24 259 109 120 97
-0.00265284 48 0 24 24 259 109 120 97
-0.00265397 48 12 24 24 259 109 120 97
-0.00265407 48 24 24 24 259 109 120 97
-0.00264644 48 36 24 24 259 109 120 97
-0.00265377 48 48 24 24 259 109 120 97
-0.00265404 48 60 24 24 259 109 120 97
-0.002652 48 72 24 24 259 109 120 97
-0.00265374 60 0 24 24 259 109 120 97
-0.00265419 60 12 24 24 259 109 120 97
-0.00265208 60 24 24 24 259 109 120 97
-0.00264945 60 36 24 24 259 109 120 97
-0.00265158 60 48 24 24 259 109 120 97
-0.00265404 60 60 24 24 259 109 120 97
-0.00265197 60 72 24 24 259 109 120 97
-0.00265425 72 0 24 24 259 109 120 97
-0.0026525 72 12 24 24 259 109 120 97
-0.00263959 72 24 24 24 259 109 120 97
-0.00264849 72 36 24 24 259 109 120 97
-0.00264211 72 48 24 24 259 109 120 97
-0.00265402 72 60 24 24 259 109 120 97
-0.00265326 72 72 24 24 259 109 120 97
-0.00265362 84 0 24 24 259 109 120 97
-0.00265336 84 12 24 24 259 109 120 97
-0.00265268 84 24 24 24 259 109 120 97
-0.00255823 84 36 24 24 259 109 120 97
-0.00211817 84 48 24 24 259 109 120 97
-0.00265209 84 60 24 24 259 109 120 97
-0.00265384 84 72 24 24 259 109 120 97
-0.00265216 96 0 24 24 259 109 120 97
-0.00265325 96 12 24 24 259 109 120 97
-0.00265242 96 24 24 24 259 109 120 97
-0.00264835 96 36 24 24 259 109 120 97
-0.00265127 96 48 24 24 259 109 120 97
-0.00264337 96 60 24 24 259 109 120 97
-0.00264322 96 72 24 24 259 109 120 97
-0.002654 0 0 24 24 259 109 120 97
-0.00265411 0 12 24 24 259 109 120 97
-0.00265395 0 24 24 24 259 109 120 97
-0.00265402 0 36 24 24 259 109 120 97
-0.00265361 0 48 24 24 259 109 120 97
-0.00265029 0 60 24 24 259 109 120 97
-0.00264788 0 72 24 24 259 109 120 97
-0.00265291 12 0 24 24 259 109 120 97
-0.00265201 12 12 24 24 259 109 120 97
-0.00265389 12 24 24 24 259 109 120 97
-0.00265411 12 36 24 24 259 109 120 97
-0.00265181 12 48 24 24 259 109 120 97
-0.00265047 12 60 24 24 259 109 120 97
-0.0026531 12 72 24 24 259 109 120 97
-0.00265311 24 0 24 24 259 109 120 97
-0.00265406 24 12 24 24 259 109 120 97
-0.00265353 24 24 24 24 259 109 120 97
-0.00265412 24 36 24 24 259 109 120 97
-0.00264845 24 48 24 24 259 109 120 97
-0.00265296 24 60 24 24 259 109 120 97
-0.00265125 24 72 24 24 259 109 120 97
-0.00265092 36 0 24 24 259 109 120 97
-0.00265335 36 12 24 24 259 109 120 97
-0.00265348 36 24 24 24 259 109 120 97
-0.00265435 36 36 24 24 259 109 120 97
-0.00265358 36 48 24 24 259 109 120 97
-0.0026527 36 60 24 24 259 109 120 97
-0.00265339 36 72 24 24 259 109 120 97
-0.00265367 48 0 24 24 259 109 120 97
-0.00265376 48 12 24 24 259 109 120 97
-0.00265303 48 24 24 24 259 109 120 97
-0.00265094 48 36 24 24 259 109 120 97
-0.00265434 48 48 24 24 259 109 120 97
-0.00264846 48 60 24 24 259 109 120 97
-0.00265388 48 72 24 24 259 109 120 97
-0.00265401 60 0 24 24 259 109 120 97
-0.00265361 60 12 24 24 259 109 120 97
-0.0026537 60 24 24 24 259 109 120 97
-0.0026534 60 36 24 24 259 109 120 97
-0.00265438 60 48 24 24 259 109 120 97
-0.00265379 60 60 24 24 259 109 120 97
-0.00265333 60 72 24 24 259 109 120 97
-0.00265308 72 0 24 24 259 109 120 97
-0.00265386 72 12 24 24 259 109 120 97
-0.00265211 72 24 24 24 259 109 120 97
-0.00265417 72 36 24 24 259 109 120 97
-0.00265267 72 48 24 24 259 109 120 97
-0.00265438 72 60 24 24 259 109 120 97
-0.00265397 72 72 24 24 259 109 120 97
-0.00265367 84 0 24 24 259 109 120 97
-0.00265401 84 12 24 24 259 109 120 97
-0.00265373 84 24 24 24 259 109 120 97
-0.00265289 84 36 24 24 259 109 120 97
-0.00265407 84 48 24 24 259 109 120 97
-0.0026535 84 60 24 24 259 109 120 97
-0.00265432 84 72 24 24 259 109 120 97
-0.002654 96 0 24 24 259 109 120 97
-0.00265413 96 12 24 24 259 109 120 97
-0.00265276 96 24 24 24 259 109 120 97
-0.00265362 96 36 24 24 259 109 120 97
-0.00265349 96 48 24 24 259 109 120 97
-0.00265297 96 60 24 24 259 109 120 97
-0.00264845 96 72 24 24 259 109 120 97
-0.00265381 0 0 24 24 259 109 120 97
-0.0026542 0 12 24 24 259 109 120 97
-0.00265201 0 24 24 24 259 109 120 97
-0.00265411 0 36 24 24 259 109 120 97
-0.00265403 0 48 24 24 259 109 120 97
-0.00265178 0 60 24 24 259 109 120 97
-0.00265198 0 72 24 24 259 109 120 97
-0.00265237 12 0 24 24 259 109 120 97
-0.00265434 12 12 24 24 259 109 120 97
-0.00265277 12 24 24 24 259 109 120 97
-0.00265433 12 36 24 24 259 109 120 97
-0.00265357 12 48 24 24 259 109 120 97
-0.00265333 12 60 24 24 259 109 120 97
-0.00265362 12 72 24 24 259 109 120 97
-0.00265409 24 0 24 24 259 109 120 97
-0.00265421 24 12 24 24 259 109 120 97
-0.00265374 24 24 24 24 259 109 120 97
-0.00265426 24 36 24 24 259 109 120 97
-0.00265185 24 48 24 24 259 109 120 97
-0.00265343 24 60 24 24 259 109 120 97
-0.00265077 24 72 24 24 259 109 120 97
-0.00265334 36 0 24 24 259 109 120 97
-0.00265323 36 12 24 24 259 109 120 97
-0.00264989 36 24 24 24 259 109 120 97
-0.0026543 36 36 24 24 259 109 120 97
-0.00265403 36 48 24 24 259 109 120 97
-0.00265027 36 60 24 24 259 109 120 97
-0.00265124 36 72 24 24 259 109 120 97
-0.00265393 48 0 24 24 259 109 120 97
-0.00265395 48 12 24 24 259 109 120 97
-0.00265193 48 24 24 24 259 109 120 97
-0.00265055 48 36 24 24 259 109 120 97
-0.00265433 48 48 24 24 259 109 120 97
-0.00265371 48 60 24 24 259 109 120 97
-0.00265274 48 72 24 24 259 109 120 97
-0.00265341 60 0 24 24 259 109 120 97
-0.00265402 60 12 24 24 259 109 120 97
-0.00265316 60 24 24 24 259 109 120 97
-0.00225002 60 36 24 24 259 109 120 97
-0.00265321 60 48 24 24 259 109 120 97
-0.00265433 60 60 24 24 259 109 120 97
-0.00265016 60 72 24 24 259 109 120 97
-0.00265297 72 0 24 24 259 109 120 97
-0.0026542 72 12 24 24 259 109 120 97
-0.00265321 72 24 24 24 259 109 120 97
-0.00265242 72 36 24 24 259 109 120 97
-0.00264661 72 48 24 24 259 109 120 97
-0.00265434 72 60 24 24 259 109 120 97
-0.00265387 72 72 24 24 259 109 120 97
-0.00265259 84 0 24 24 259 109 120 97
-0.00265429 84 12 24 24 259 109 120 97
-0.00264997 84 24 24 24 259 109 120 97
-0.00265348 84 36 24 24 259 109 120 97
-0.00265392 84 48 24 24 259 109 120 97
-0.00265247 84 60 24 24 259 109 120 97
-0.00265433 84 72 24 24 259 109 120 97
-0.00265412 96 0 24 24 259 109 120 97
-0.00265411 96 12 24 24 259 109 120 97
-0.00265242 96 24 24 24 259 109 120 97
-0.0026521 96 36 24 24 259 109 120 97
-0.00265367 96 48 24 24 259 109 120 97
-0.0026533 96 60 24 24 259 109 120 97
-0.00265145 96 72 24 24 259 109 120 97
-0.00265306 0 0 34 32 259 109 120 97
-0.00265012 0 16 34 32 259 109 120 97
-0.00265345 0 32 34 32 259 109 120 97
-0.00264174 0 48 34 32 259 109 120 97
-0.00264535 0 64 34 32 259 109 120 97
-0.00265169 17 0 34 32 259 109 120 97
-0.00264772 17 16 34 32 259 109 120 97
-0.00265401 17 32 34 32 259 109 120 97
-0.00264852 17 48 34 32 259 109 120 97
-0.00264816 17 64 34 32 259 109 120 97
-0.00265216 34 0 34 32 259 109 120 97
-0.00265367 34 16 34 32 259 109 120 97
-0.00265359 34 32 34 32 259 109 120 97
-0.0026539 34 48 34 32 259 109 120 97
-0.00171772 34 64 34 32 259 109 120 97
-0.00265361 51 0 34 32 259 109 120 97
-0.00265394 51 16 34 32 259 109 120 97
-0.00264336 51 32 34 32 259 109 120 97
-0.00265421 51 48 34 32 259 109 120 97
-0.00265202 51 64 34 32 259 109 120 97
-0.00265408 68 0 34 32 259 109 120 97
-0.00265349 68 16 34 32 259 109 120 97
-0.0026475 68 32 34 32 259 109 120 97
-0.00265204 68 48 34 32 259 109 120 97
-0.00265395 68 64 34 32 259 109 120 97
-0.00265414 85 0 34 32 259 109 120 97
-0.00265323 85 16 34 32 259 109 120 97
-0.00264202 85 32 34 32 259 109 120 97
-0.00264688 85 48 34 32 259 109 120 97
-0.00265223 85 64 34 32 259 109 120 97
-0.00264773 0 0 34 32 259 109 120 97
-0.00265249 0 16 34 32 259 109 120 97
-0.00263786 0 32 34 32 259 109 120 97
-0.00264914 0 48 34 32 259 109 120 97
-0.00147876 0 64 34 32 259 109 120 97
-0.00265179 17 0 34 32 259 109 120 97
-0.00265294 17 16 34 32 259 109 120 97
-0.00265076 17 32 34 32 259 109 120 97
-0.00264862 17 48 34 32 259 109 120 97
-0.00120258 17 64 34 32 259 109 120 97
-0.00265292 34 0 34 32 259 109 120 97
-0.00265352 34 16 34 32 259 109 120 97
-0.00264908 34 32 34 32 259 109 120 97
-0.00265287 34 48 34 32 259 109 120 97
-0.00259016 34 64 34 32 259 109 120 97
-0.00265386 51 0 34 32 259 109 120 97
-0.00265289 51 16 34 32 259 109 120 97
-0.00184028 51 32 34 32 259 109 120 97
-0.00265332 51 48 34 32 259 109 120 97
-0.00265299 51 64 34 32 259 109 120 97
-0.00265325 68 0 34 32 259 109 120 97
-0.00264645 68 16 34 32 259 109 120 97
-0.00134778 68 32 34 32 259 109 120 97
-0.00264018 68 48 34 32 259 109 120 97
-0.00265363 68 64 34 32 259 109 120 97
-0.00265281 85 0 34 32 259 109 120 97
-0.00265021 85 16 34 32 259 109 120 97
-0.0014001 85 32 34 32 259 109 120 97
-0.00263881 85 48 34 32 259 109 120 97
-0.00264811 85 64 34 32 259 109 120 97
-0.00265312 0 0 34 32 259 109 120 97
-0.00264431 0 16 34 32 259 109 120 97
-0.00265307 0 32 34 32 259 109 120 97
-0.0026522 0 48 34 32 259 109 120 97
-0.00265209 0 64 34 32 259 109 120 97
-0.00265307 17 0 34 32 259 109 120 97
-0.00221216 17 16 34 32 259 109 120 97
-0.00265227 17 32 34 32 259 109 120 97
-0.00265335 17 48 34 32 259 109 120 97
-0.00264886 17 64 34 32 259 109 120 97
-0.00265361 34 0 34 32 259 109 120 97
-0.0026512 34 16 34 32 259 109 120 97
-0.00264051 34 32 34 32 259 109 120 97
-0.00265263 34 48 34 32 259 109 120 97
-0.00264311 34 64 34 32 259 109 120 97
-0.00265368 51 0 34 32 259 109 120 97
-0.00265379 51 16 34 32 259 109 120 97
-0.00263892 51 32 34 32 259 109 120 97
-0.00265035 51 48 34 32 259 109 120 97
-0.00265231 51 64 34 32 259 109 120 97
-0.00265155 68 0 34 32 259 109 120 97
-0.00265426 68 16 34 32 259 109 120 97
-0.0026535 68 32 34 32 259 109 120 97
-0.00265067 68 48 34 32 259 109 120 97
-0.00265299 68 64 34 32 259 109 120 97
-0.00265143 85 0 34 32 259 109 120 97
-0.00265039 85 16 34 32 259 109 120 97
-0.00265426 85 32 34 32 259 109 120 97
-0.00265333 85 48 34 32 259 109 120 97
-0.00265343 85 64 34 32 259 109 120 97
-0.00264906 0 0 34 32 259 109 120 97
-0.00263877 0 16 34 32 259 109 120 97
-0.00265158 0 32 34 32 259 109 120 97
-0.00264051 0 48 34 32 259 109 120 97
-0.00186161 0 64 34 32 259 109 120 97
-0.00264455 17 0 34 32 259 109 120 97
-0.00264581 17 16 34 32 259 109 120 97
-0.00264977 17 32 34 32 259 109 120 97
-0.00150151 17 48 34 32 259 109 120 97
-0.00264071 17 64 34 32 259 109 120 97
-0.00208036 34 0 34 32 259 109 120 97
-0.00263852 34 16 34 32 259 109 120 97
-0.00264054 34 32 34 32 259 109 120 97
-0.0025422 34 48 34 32 259 109 120 97
-0.00264306 34 64 34 32 259 109 120 97
-0.00264673 51 0 34 32 259 109 120 97
-0.00264938 51 16 34 32 259 109 120 97
-0.00264852 51 32 34 32 259 109 120 97
-0.00264679 51 48 34 32 259 109 120 97
-0.00265091 51 64 34 32 259 109 120 97
-0.00264381 68 0 34 32 259 109 120 97
-0.00175819 68 16 34 32 259 109 120 97
-0.00200167 68 32 34 32 259 109 120 97
-0.0026398 68 48 34 32 259 109 120 97
-0.002652 68 64 34 32 259 109 120 97
-0.00263855 85 0 34 32 259 109 120 97
-0.00264319 85 16 34 32 259 109 120 97
-0.00264518 85 32 34 32 259 109 120 97
-0.00264723 85 48 34 32 259 109 120 97
-0.00264926 85 64 34 32 259 109 120 97
-0.00265364 0 0 34 32 259 109 120 97
-0.00265344 0 16 34 32 259 109 120 97
-0.00265297 0 32 34 32 259 109 120 97
-0.00265361 0 48 34 32 259 109 120 97
-0.00265174 0 64 34 32 259 109 120 97
-0.00265412 17 0 34 32 259 109 120 97
-0.00265276 17 16 34 32 259 109 120 97
-0.00265315 17 32 34 32 259 109 120 97
-0.00265272 17 48 34 32 259 109 120 97
-0.00265179 17 64 34 32 259 109 120 97
-0.00265283 34 0 34 32 259 109 120 97
-0.00264258 34 16 34 32 259 109 120 97
-0.00265199 34 32 34 32 259 109 120 97
-0.00265388 34 48 34 32 259 109 120 97
-0.00264964 34 64 34 32 259 109 120 97
-0.0026531 51 0 34 32 259 109 120 97
-0.00263684 51 16 34 32 259 109 120 97
-0.00237559 51 32 34 32 259 109 120 97
-0.00265346 51 48 34 32 259 109 120 97
-0.00265402 51 64 34 32 259 109 120 97
-0.00265383 68 0 34 32 259 109 120 97
-0.00264854 68 16 34 32 259 109 120 97
-0.00263985 68 32 34 32 259 109 120 97
-0.00247693 68 48 34 32 259 109 120 97
-0.00265428 68 64 34 32 259 109 120 97
-0.00265423 85 0 34 32 259 109 120 97
-0.00265183 85 16 34 32 259 109 120 97
-0.00264663 85 32 34 32 259 109 120 97
-0.00265096 85 48 34 32 259 109 120 97
-0.00265392 85 64 34 32 259 109 120 97
-0.00264569 0 0 34 32 259 109 120 97
-0.00265369 0 16 34 32 259 109 120 97
-0.00265115 0 32 34 32 259 109 120 97
-0.00265312 0 48 34 32 259 109 120 97
-0.0026466 0 64 34 32 259 109 120 97
-0.00265257 17 0 34 32 259 109 120 97
-0.00265381 17 16 34 32 259 109 120 97
-0.00265374 17 32 34 32 259 109 120 97
-0.00265312 17 48 34 32 259 109 120 97
-0.00264869 17 64 34 32 259 109 120 97
-0.00265328 34 0 34 32 259 109 120 97
-0.00265335 34 16 34 32 259 109 120 97
-0.00265249 34 32 34 32 259 109 120 97
-0.00265424 34 48 34 32 259 109 120 97
-0.00264916 34 64 34 32 259 109 120 97
-0.00265387 51 0 34 32 259 109 120 97
-0.0026535 51 16 34 32 259 109 120 97
-0.00154872 51 32 34 32 259 109 120 97
-0.00265353 51 48 34 32 259 109 120 97
-0.00265374 51 64 34 32 259 109 120 97
-0.00265409 68 0 34 32 259 109 120 97
-0.00265196 68 16 34 32 259 109 120 97
-0.00264145 68 32 34 32 259 109 120 97
-0.00263806 68 48 34 32 259 109 120 97
-0.00265423 68 64 34 32 259 109 120 97
-0.00265417 85 0 34 32 259 109 120 97
-0.00265332 85 16 34 32 259 109 120 97
-0.00264029 85 32 34 32 259 109 120 97
-0.00264764 85 48 34 32 259 109 120 97
-0.00265385 85 64 34 32 259 109 120 97
-0.00265228 0 0 34 32 259 109 120 97
-0.00265261 0 16 34 32 259 109 120 97
-0.0026537 0 32 34 32 259 109 120 97
-0.00264667 0 48 34 32 259 109 120 97
-0.00265195 0 64 34 32 259 109 120 97
-0.00265328 17 0 34 32 259 109 120 97
-0.0026518 17 16 34 32 259 109 120 97
-0.00265408 17 32 34 32 259 109 120 97
-0.00265264 17 48 34 32 259 109 120 97
-0.00264909 17 64 34 32 259 109 120 97
-0.0026512 34 0 34 32 259 109 120 97
-0.00265403 34 16 34 32 259 109 120 97
-0.00265262 34 32 34 32 259 109 120 97
-0.00265417 34 48 34 32 259 109 120 97
-0.00264705 34 64 34 32 259 109 120 97
-0.00265338 51 0 34 32 259 109 120 97
-0.00265423 51 16 34 32 259 109 120 97
-0.00264685 51 32 34 32 259 109 120 97
-0.00265395 51 48 34 32 259 109 120 97
-0.00265354 51 64 34 32 259 109 120 97
-0.00265417 68 0 34 32 259 109 120 97
-0.0026527 68 16 34 32 259 109 120 97
-0.002061 68 32 34 32 259 109 120 97
-0.00264529 68 48 34 32 259 109 120 97
-0.00265328 68 64 34 32 259 109 120 97
-0.00265418 85 0 34 32 259 109 120 97
-0.00265334 85 16 34 32 259 109 120 97
-0.00264767 85 32 34 32 259 109 120 97
-0.00264006 85 48 34 32 259 109 120 97
-0.0026517 85 64 34 32 259 109 120 97
-0.00265225 0 0 34 32 259 109 120 97
-0.00265291 0 16 34 32 259 109 120 97
-0.00265377 0 32 34 32 259 109 120 97
-0.00264987 0 48 34 32 259 109 120 97
-0.00265212 0 64 34 32 259 109 120 97
-0.00265377 17 0 34 32 259 109 120 97
-0.0026484 17 16 34 32 259 109 120 97
-0.0026537 17 32 34 32 259 109 120 97
-0.00265234 17 48 34 32 259 109 120 97
-0.00265206 17 64 34 32 259 109 120 97
-0.00265186 34 0 34 32 259 109 120 97
-0.00265318 34 16 34 32 259 109 120 97
-0.00265307 34 32 34 32 259 109 120 97
-0.00265391 34 48 34 32 259 109 120 97
-0.00264006 34 64 34 32 259 109 120 97
-0.002653 51 0 34 32 259 109 120 97
-0.00265387 51 16 34 32 259 109 120 97
-0.00265032 51 32 34 32 259 109 120 97
-0.00265389 51 48 34 32 259 109 120 97
-0.00265089 51 64 34 32 259 109 120 97
-0.00265398 68 0 34 32 259 109 120 97
-0.00265057 68 16 34 32 259 109 120 97
-0.00147725 68 32 34 32 259 109 120 97
-0.00265223 68 48 34 32 259 109 120 97
-0.00265059 68 64 34 32 259 109 120 97
-0.0026538 85 0 34 32 259 109 120 97
-0.00265066 85 16 34 32 259 109 120 97
-0.00264782 85 32 34 32 259 109 120 97
-0.00264538 85 48 34 32 259 109 120 97
-0.00265252 85 64 34 32 259 109 120 97
-0.00265325 0 0 34 32 259 109 120 97
-0.00265265 0 16 34 32 259 109 120 97
-0.00265349 0 32 34 32 259 109 120 97
-0.00265143 0 48 34 32 259 109 120 97
-0.00263995 0 64 34 32 259 109 120 97
-0.00265293 17 0 34 32 259 109 120 97
-0.00265161 17 16 34 32 259 109 120 97
-0.00265365 17 32 34 32 259 109 120 97
-0.00223121 17 48 34 32 259 109 120 97
-0.00265115 17 64 34 32 259 109 120 97
-0.00265339 34 0 34 32 259 109 120 97
-0.0026521 34 16 34 32 259 109 120 97
-0.00265425 34 32 34 32 259 109 120 97
-0.00264999 34 48 34 32 259 109 120 97
-0.00265258 34 64 34 32 259 109 120 97
-0.00265365 51 0 34 32 259 109 120 97
-0.00265368 51 16 34 32 259 109 120 97
-0.00265121 51 32 34 32 259 109 120 97
-0.00265411 51 48 34 32 259 109 120 97
-0.00264103 51 64 34 32 259 109 120 97
-0.00265182 68 0 34 32 259 109 120 97
-0.00265398 68 16 34 32 259 109 120 97
-0.00265342 68 32 34 32 259 109 120 97
-0.0026542 68 48 34 32 259 109 120 97
-0.0026541 68 64 34 32 259 109 120 97
-0.00265341 85 0 34 32 259 109 120 97
-0.00265343 85 16 34 32 259 109 120 97
-0.00264718 85 32 34 32 259 109 120 97
-0.00265105 85 48 34 32 259 109 120 97
-0.0026536 85 64 34 32 259 109 120 97
-0.0026529 0 0 34 32 259 109 120 97
-0.00265274 0 16 34 32 259 109 120 97
-0.00265396 0 32 34 32 259 109 120 97
-0.0026524 0 48 34 32 259 109 120 97
-0.00264847 0 64 34 32 259 109 120 97
-0.0026539 17 0 34 32 259 109 120 97
-0.00265214 17 16 34 32 259 109 120 97
-0.00265405 17 32 34 32 259 109 120 97
-0.00264576 17 48 34 32 259 109 120 97
-0.00264917 17 64 34 32 259 109 120 97
-0.00265399 34 0 34 32 259 109 120 97
-0.00264911 34 16 34 32 259 109 120 97
-0.00265414 34 32 34 32 259 109 120 97
-0.00265368 34 48 34 32 259 109 120 97
-0.00264633 34 64 34 32 259 109 120 97
-0.00265411 51 0 34 32 259 109 120 97
-0.00265297 51 16 34 32 259 109 120 97
-0.00264273 51 32 34 32 259 109 120 97
-0.00265431 51 48 34 32 259 109 120 97
-0.00265091 51 64 34 32 259 109 120 97
-0.00265318 68 0 34 32 259 109 120 97
-0.00265405 68 16 34 32 259 109 120 97
-0.0026516 68 32 34 32 259 109 120 97
-0.00265233 68 48 34 32 259 109 120 97
-0.00265415 68 64 34 32 259 109 120 97
-0.00265378 85 0 34 32 259 109 120 97
-0.00265315 85 16 34 32 259 109 120 97
-0.00264155 85 32 34 32 259 109 120 97
-0.00265253 85 48 34 32 259 109 120 97
-0.00265228 85 64 34 32 259 109 120 97
-0.00265285 0 0 48 38 259 109 120 97
-0.00265248 0 19 48 38 259 109 120 97
-0.00265069 0 38 48 38 259 109 120 97
-0.00190195 0 57 48 38 259 109 120 97
-0.00265356 24 0 48 38 259 109 120 97
-0.00265241 24 19 48 38 259 109 120 97
-0.00265405 24 38 48 38 259 109 120 97
-0.00264657 24 57 48 38 259 109 120 97
-0.00265394 48 0 48 38 259 109 120 97
-0.00265288 48 19 48 38 259 109 120 97
-0.00265274 48 38 48 38 259 109 120 97
-0.0026538 48 57 48 38 259 109 120 97
-0.0026541 72 0 48 38 259 109 120 97
-0.00265145 72 19 48 38 259 109 120 97
-0.00240965 72 38 48 38 259 109 120 97
-0.00265093 72 57 48 38 259 109 120 97
-0.00265086 0 0 48 38 259 109 120 97
-0.00265124 0 19 48 38 259 109 120 97
-0.00264723 0 38 48 38 259 109 120 97
-0.00142378 0 57 48 38 259 109 120 97
-0.00265306 24 0 48 38 259 109 120 97
-0.00265221 24 19 48 38 259 109 120 97
-0.002652 24 38 48 38 259 109 120 97
-0.00264459 24 57 48 38 259 109 120 97
-0.00265329 48 0 48 38 259 109 120 97
-0.00264991 48 19 48 38 259 109 120 97
-0.00264867 48 38 48 38 259 109 120 97
-0.00265323 48 57 48 38 259 109 120 97
-0.00265172 72 0 48 38 259 109 120 97
-0.00264236 72 19 48 38 259 109 120 97
-0.001798 72 38 48 38 259 109 120 97
-0.0026495 72 57 48 38 259 109 120 97
-0.00265245 0 0 48 38 259 109 120 97
-0.00264558 0 19 48 38 259 109 120 97
-0.00265272 0 38 48 38 259 109 120 97
-0.00264382 0 57 48 38 259 109 120 97
-0.00265315 24 0 48 38 259 109 120 97
-0.00202168 24 19 48 38 259 109 120 97
-0.00265036 24 38 48 38 259 109 120 97
-0.00264965 24 57 48 38 259 109 120 97
-0.00265366 48 0 48 38 259 109 120 97
-0.00265314 48 19 48 38 259 109 120 97
-0.00263698 48 38 48 38 259 109 120 97
-0.00265206 48 57 48 38 259 109 120 97
-0.00264807 72 0 48 38 259 109 120 97
-0.00265406 72 19 48 38 259 109 120 97
-0.00265325 72 38 48 38 259 109 120 97
-0.0026534 72 57 48 38 259 109 120 97
-0.00263929 0 0 48 38 259 109 120 97
-0.00264434 0 19 48 38 259 109 120 97
-0.00264776 0 38 48 38 259 109 120 97
-0.00215539 0 57 48 38 259 109 120 97
-0.00264698 24 0 48 38 259 109 120 97
-0.00264597 24 19 48 38 259 109 120 97
-0.0026393 24 38 48 38 259 109 120 97
-0.00263931 24 57 48 38 259 109 120 97
-0.00264204 48 0 48 38 259 109 120 97
-0.00264145 48 19 48 38 259 109 120 97
-0.00264371 48 38 48 38 259 109 120 97
-0.00264834 48 57 48 38 259 109 120 97
-0.00124432 72 0 48 38 259 109 120 97
-0.00152504 72 19 48 38 259 109 120 97
-0.00264217 72 38 48 38 259 109 120 97
-0.00264897 72 57 48 38 259 109 120 97
-0.00265387 0 0 48 38 259 109 120 97
-0.00265024 0 19 48 38 259 109 120 97
-0.00265154 0 38 48 38 259 109 120 97
-0.00265196 0 57 48 38 259 109 120 97
-0.00265343 24 0 48 38 259 109 120 97
-0.00264353 24 19 48 38 259 109 120 97
-0.00265229 24 38 48 38 259 109 120 97
-0.00265177 24 57 48 38 259 109 120 97
-0.00265273 48 0 48 38 259 109 120 97
-0.00209901 48 19 48 38 259 109 120 97
-0.00264921 48 38 48 38 259 109 120 97
-0.00265423 48 57 48 38 259 109 120 97
-0.00265411 72 0 48 38 259 109 120 97
-0.00264669 72 19 48 38 259 109 120 97
-0.00264535 72 38 48 38 259 109 120 97
-0.00265346 72 57 48 38 259 109 120 97
-0.00265184 0 0 48 38 259 109 120 97
-0.00265189 0 19 48 38 259 109 120 97
-0.00265211 0 38 48 38 259 109 120 97
-0.00264379 0 57 48 38 259 109 120 97
-0.0026535 24 0 48 38 259 109 120 97
-0.002653 24 19 48 38 259 109 120 97
-0.00265381 24 38 48 38 259 109 120 97
-0.00265056 24 57 48 38 259 109 120 97
-0.00265386 48 0 48 38 259 109 120 97
-0.00265203 48 19 48 38 259 109 120 97
-0.00264972 48 38 48 38 259 109 120 97
-0.00265414 48 57 48 38 259 109 120 97
-0.00265404 72 0 48 38 259 109 120 97
-0.00265027 72 19 48 38 259 109 120 97
-0.00234064 72 38 48 38 259 109 120 97
-0.00265318 72 57 48 38 259 109 120 97
-0.00265124 0 0 48 38 259 109 120 97
-0.00265292 0 19 48 38 259 109 120 97
-0.00265101 0 38 48 38 259 109 120 97
-0.00194115 0 57 48 38 259 109 120 97
-0.0026527 24 0 48 38 259 109 120 97
-0.00265328 24 19 48 38 259 109 120 97
-0.00265408 24 38 48 38 259 109 120 97
-0.00265191 24 57 48 38 259 109 120 97
-0.00265365 48 0 48 38 259 109 120 97
-0.0026532 48 19 48 38 259 109 120 97
-0.00265238 48 38 48 38 259 109 120 97
-0.00265385 48 57 48 38 259 109 120 97
-0.00265405 72 0 48 38 259 109 120 97
-0.00265129 72 19 48 38 259 109 120 97
-0.00244365 72 38 48 38 259 109 120 97
-0.00264907 72 57 48 38 259 109 120 97
-0.00264908 0 0 48 38 259 109 120 97
-0.0026489 0 19 48 38 259 109 120 97
-0.00265082 0 38 48 38 259 109 120 97
-0.00264122 0 57 48 38 259 109 120 97
-0.00265063 24 0 48 38 259 109 120 97
-0.00265127 24 19 48 38 259 109 120 97
-0.00265387 24 38 48 38 259 109 120 97
-0.00265196 24 57 48 38 259 109 120 97
-0.00265337 48 0 48 38 259 109 120 97
-0.00265242 48 19 48 38 259 109 120 97
-0.00265076 48 38 48 38 259 109 120 97
-0.00265347 48 57 48 38 259 109 120 97
-0.00265363 72 0 48 38 259 109 120 97
-0.00264935 72 19 48 38 259 109 120 97
-0.00264323 72 38 48 38 259 109 120 97
-0.00264636 72 57 48 38 259 109 120 97
-0.00265297 0 0 48 38 259 109 120 97
-0.00265278 0 19 48 38 259 109 120 97
-0.00264854 0 38 48 38 259 109 120 97
-0.00263847 0 57 48 38 259 109 120 97
-0.00265387 24 0 48 38 259 109 120 97
-0.00265018 24 19 48 38 259 109 120 97
-0.00265341 24 38 48 38 259 109 120 97
-0.00127483 24 57 48 38 259 109 120 97
-0.0026532 48 0 48 38 259 109 120 97
-0.00265333 48 19 48 38 259 109 120 97
-0.00265402 48 38 48 38 259 109 120 97
-0.00265157 48 57 48 38 259 109 120 97
-0.00265246 72 0 48 38 259 109 120 97
-0.00265195 72 19 48 38 259 109 120 97
-0.00264866 72 38 48 38 259 109 120 97
-0.00265359 72 57 48 38 259 109 120 97
-0.0026536 0 0 48 38 259 109 120 97
-0.00265153 0 19 48 38 259 109 120 97
-0.00265313 0 38 48 38 259 109 120 97
-0.00263925 0 57 48 38 259 109 120 97
-0.00265406 24 0 48 38 259 109 120 97
-0.00265214 24 19 48 38 259 109 120 97
-0.00265396 24 38 48 38 259 109 120 97
-0.00264032 24 57 48 38 259 109 120 97
-0.00265416 48 0 48 38 259 109 120 97
-0.0026528 48 19 48 38 259 109 120 97
-0.00265287 48 38 48 38 259 109 120 97
-0.00265367 48 57 48 38 259 109 120 97
-0.00265386 72 0 48 38 259 109 120 97
-0.0026517 72 19 48 38 259 109 120 97
-0.00264309 72 38 48 38 259 109 120 97
-0.00265147 72 57 48 38 259 109 120 97
-0.00265208 0 0 80 64 259 109 120 97
-0.00264963 0 32 80 64 259 109 120 97
-0.00265296 40 0 80 64 259 109 120 97
-0.00265056 40 32 80 64 259 109 120 97
-0.00264931 0 0 80 64 259 109 120 97
-0.00242674 0 32 80 64 259 109 120 97
-0.00265127 40 0 80 64 259 109 120 97
-0.00264828 40 32 80 64 259 109 120 97
-0.00196075 0 0 80 64 259 109 120 97
-0.00226875 0 32 80 64 259 109 120 97
-0.00265166 40 0 80 64 259 109 120 97
-0.0026482 40 32 80 64 259 109 120 97
-0.00181934 0 0 80 64 259 109 120 97
-0.0016763 0 32 80 64 259 109 120 97
-0.00262134 40 0 80 64 259 109 120 97
-0.00232316 40 32 80 64 259 109 120 97
-0.00265082 0 0 80 64 259 109 120 97
-0.00265319 0 32 80 64 259 109 120 97
-0.00265184 40 0 80 64 259 109 120 97
-0.00265273 40 32 80 64 259 109 120 97
-0.00265066 0 0 80 64 259 109 120 97
-0.00265213 0 32 80 64 259 109 120 97
-0.00265303 40 0 80 64 259 109 120 97
-0.00265267 40 32 80 64 259 109 120 97
-0.00265184 0 0 80 64 259 109 120 97
-0.00265091 0 32 80 64 259 109 120 97
-0.00265257 40 0 80 64 259 109 120 97
-0.00265014 40 32 80 64 259 109 120 97
-0.00265068 0 0 80 64 259 109 120 97
-0.00264703 0 32 80 64 259 109 120 97
-0.00265116 40 0 80 64 259 109 120 97
-0.00264464 40 32 80 64 259 109 120 97
-0.00265193 0 0 80 64 259 109 120 97
-0.00230532 0 32 80 64 259 109 120 97
-0.00265258 40 0 80 64 259 109 120 97
-0.00265065 40 32 80 64 259 109 120 97
-0.00265057 0 0 80 64 259 109 120 97
-0.00265221 0 32 80 64 259 109 120 97
-0.00265228 40 0 80 64 259 109 120 97
-0.00265195 40 32 80 64 259 109 120 97
-0.00265097 0 0 120 97 259 109 120 97
-0.0026444 0 0 120 97 259 109 120 97
-0.00263886 0 0 120 97 259 109 120 97
-0.00161331 0 0 120 97 259 109 120 97
-0.00265234 0 0 120 97 259 109 120 97
-0.00265198 0 0 120 97 259 109 120 97
-0.00265085 0 0 120 97 259 109 120 97
-0.00264839 0 0 120 97 259 109 120 97
-0.00264719 0 0 120 97 259 109 120 97
-0.00265069 0 0 120 97 259 109 120 97
