-0.00371609 0 0 18 21 290 135 47 168
-0.00371625 0 10 18 21 290 135 47 168
-0.00371511 0 20 18 21 290 135 47 168
-0.00370617 0 30 18 21 290 135 47 168
-0.00370743 0 40 18 21 290 135 47 168
-0.00370798 0 50 18 21 290 135 47 168
-0.00370636 0 60 18 21 290 135 47 168
-0.00370938 0 70 18 21 290 135 47 168
-0.00371458 0 80 18 21 290 135 47 168
-0.00371451 0 90 18 21 290 135 47 168
-0.00370786 0 100 18 21 290 135 47 168
-0.00370932 0 110 18 21 290 135 47 168
-0.00370805 0 120 18 21 290 135 47 168
-0.00371374 0 130 18 21 290 135 47 168
-0.00371181 0 140 18 21 290 135 47 168
-0.00371632 9 0 18 21 290 135 47 168
-0.00371625 9 10 18 21 290 135 47 168
-0.00371379 9 20 18 21 290 135 47 168
-0.00371359 9 30 18 21 290 135 47 168
-0.00371368 9 40 18 21 290 135 47 168
-0.00371271 9 50 18 21 290 135 47 168
-0.00371382 9 60 18 21 290 135 47 168
-0.00371166 9 70 18 21 290 135 47 168
-0.00371233 9 80 18 21 290 135 47 168
-0.00370755 9 90 18 21 290 135 47 168
-0.00370723 9 100 18 21 290 135 47 168
-0.0037135 9 110 18 21 290 135 47 168
-0.00371272 9 120 18 21 290 135 47 168
-0.0037144 9 130 18 21 290 135 47 168
-0.00371368 9 140 18 21 290 135 47 168
-0.00371627 18 0 18 21 290 135 47 168
-0.00371658 18 10 18 21 290 135 47 168
-0.0037163 18 20 18 21 290 135 47 168
-0.00371657 18 30 18 21 290 135 47 168
-0.00371625 18 40 18 21 290 135 47 168
-0.00371652 18 50 18 21 290 135 47 168
-0.00371619 18 60 18 21 290 135 47 168
-0.00371326 18 70 18 21 290 135 47 168
-0.00370981 18 80 18 21 290 135 47 168
-0.00370808 18 90 18 21 290 135 47 168
-0.00371116 18 100 18 21 290 135 47 168
-0.00371479 18 110 18 21 290 135 47 168
-0.00371293 18 120 18 21 290 135 47 168
-0.00371492 18 130 18 21 290 135 47 168
-0.00371469 18 140 18 21 290 135 47 168
-0.00371619 27 0 18 21 290 135 47 168
-0.00371632 27 10 18 21 290 135 47 168
-0.00371588 27 20 18 21 290 135 47 168
-0.00371642 27 30 18 21 290 135 47 168
-0.00371624 27 40 18 21 290 135 47 168
-0.00371628 27 50 18 21 290 135 47 168
-0.00371582 27 60 18 21 290 135 47 168
-0.00371095 27 70 18 21 290 135 47 168
-0.00371462 27 80 18 21 290 135 47 168
-0.00371433 27 90 18 21 290 135 47 168
-0.00371404 27 100 18 21 290 135 47 168
-0.00371474 27 110 18 21 290 135 47 168
-0.00371335 27 120 18 21 290 135 47 168
-0.00371499 27 130 18 21 290 135 47 168
-0.00371476 27 140 18 21 290 135 47 168
-0.00371385 0 0 18 21 290 135 47 168
-0.00371608 0 10 18 21 290 135 47 168
-0.00371636 0 20 18 21 290 135 47 168
-0.00371559 0 30 18 21 290 135 47 168
-0.00371409 0 40 18 21 290 135 47 168
-0.00371434 0 50 18 21 290 135 47 168
-0.00371331 0 60 18 21 290 135 47 168
-0.00371572 0 70 18 21 290 135 47 168
-0.00371518 0 80 18 21 290 135 47 168
-0.00371242 0 90 18 21 290 135 47 168
-0.00371035 0 100 18 21 290 135 47 168
-0.00370535 0 110 18 21 290 135 47 168
-0.00371268 0 120 18 21 290 135 47 168
-0.00371059 0 130 18 21 290 135 47 168
-0.00370184 0 140 18 21 290 135 47 168
-0.00371578 9 0 18 21 290 135 47 168
-0.00371663 9 10 18 21 290 135 47 168
-0.00371649 9 20 18 21 290 135 47 168
-0.00371331 9 30 18 21 290 135 47 168
-0.00358832 9 40 18 21 290 135 47 168
-0.00370681 9 50 18 21 290 135 47 168
-0.00371265 9 60 18 21 290 135 47 168
-0.00371655 9 70 18 21 290 135 47 168
-0.0037164 9 80 18 21 290 135 47 168
-0.0037125 9 90 18 21 290 135 47 168
-0.0037141 9 100 18 21 290 135 47 168
-0.00371226 9 110 18 21 290 135 47 168
-0.00371384 9 120 18 21 290 135 47 168
-0.00371521 9 130 18 21 290 135 47 168
-0.00371491 9 140 18 21 290 135 47 168
-0.00371513 18 0 18 21 290 135 47 168
-0.0037165 18 10 18 21 290 135 47 168
-0.00371654 18 20 18 21 290 135 47 168
-0.00371466 18 30 18 21 290 135 47 168
-0.00156148 18 40 18 21 290 135 47 168
-0.0014114 18 50 18 21 290 135 47 168
-0.00371412 18 60 18 21 290 135 47 168
-0.0037166 18 70 18 21 290 135 47 168
-0.00371629 18 80 18 21 290 135 47 168
-0.00370957 18 90 18 21 290 135 47 168
-0.003713 18 100 18 21 290 135 47 168
-0.00371171 18 110 18 21 290 135 47 168
-0.00371373 18 120 18 21 290 135 47 168
-0.00371464 18 130 18 21 290 135 47 168
-0.00371171 18 140 18 21 290 135 47 168
-0.00371562 27 0 18 21 290 135 47 168
-0.00371654 27 10 18 21 290 135 47 168
-0.00371655 27 20 18 21 290 135 47 168
-0.00371446 27 30 18 21 290 135 47 168
-0.00369862 27 40 18 21 290 135 47 168
-0.00370178 27 50 18 21 290 135 47 168
-0.00371356 27 60 18 21 290 135 47 168
-0.00371643 27 70 18 21 290 135 47 168
-0.00371605 27 80 18 21 290 135 47 168
-0.00371383 27 90 18 21 290 135 47 168
-0.00371369 27 100 18 21 290 135 47 168
-0.00371151 27 110 18 21 290 135 47 168
-0.00371388 27 120 18 21 290 135 47 168
-0.00371487 27 130 18 21 290 135 47 168
-0.00371261 27 140 18 21 290 135 47 168
-0.00370474 0 0 18 21 290 135 47 168
-0.0037154 0 10 18 21 290 135 47 168
-0.00371515 0 20 18 21 290 135 47 168
-0.00371653 0 30 18 21 290 135 47 168
-0.00371645 0 40 18 21 290 135 47 168
-0.00371473 0 50 18 21 290 135 47 168
-0.00371561 0 60 18 21 290 135 47 168
-0.00371611 0 70 18 21 290 135 47 168
-0.00371553 0 80 18 21 290 135 47 168
-0.00371293 0 90 18 21 290 135 47 168
-0.00370703 0 100 18 21 290 135 47 168
-0.00371153 0 110 18 21 290 135 47 168
-0.00371533 0 120 18 21 290 135 47 168
-0.00371593 0 130 18 21 290 135 47 168
-0.00371444 0 140 18 21 290 135 47 168
-0.00370412 9 0 18 21 290 135 47 168
-0.00371453 9 10 18 21 290 135 47 168
-0.00371529 9 20 18 21 290 135 47 168
-0.00371646 9 30 18 21 290 135 47 168
-0.00371602 9 40 18 21 290 135 47 168
-0.0037085 9 50 18 21 290 135 47 168
-0.00371494 9 60 18 21 290 135 47 168
-0.00371572 9 70 18 21 290 135 47 168
-0.00371425 9 80 18 21 290 135 47 168
-0.00370167 9 90 18 21 290 135 47 168
-0.00371175 9 100 18 21 290 135 47 168
-0.00371433 9 110 18 21 290 135 47 168
-0.00371552 9 120 18 21 290 135 47 168
-0.00371589 9 130 18 21 290 135 47 168
-0.00371284 9 140 18 21 290 135 47 168
-0.00238789 18 0 18 21 290 135 47 168
-0.00370461 18 10 18 21 290 135 47 168
-0.00371467 18 20 18 21 290 135 47 168
-0.0037146 18 30 18 21 290 135 47 168
-0.00370791 18 40 18 21 290 135 47 168
-0.00163372 18 50 18 21 290 135 47 168
-0.00371477 18 60 18 21 290 135 47 168
-0.00371559 18 70 18 21 290 135 47 168
-0.00371395 18 80 18 21 290 135 47 168
-0.00342471 18 90 18 21 290 135 47 168
-0.00370808 18 100 18 21 290 135 47 168
-0.00371248 18 110 18 21 290 135 47 168
-0.00371507 18 120 18 21 290 135 47 168
-0.00371566 18 130 18 21 290 135 47 168
-0.00371336 18 140 18 21 290 135 47 168
-0.00190229 27 0 18 21 290 135 47 168
-0.00370167 27 10 18 21 290 135 47 168
-0.00371438 27 20 18 21 290 135 47 168
-0.00371472 27 30 18 21 290 135 47 168
-0.00370945 27 40 18 21 290 135 47 168
-0.00350733 27 50 18 21 290 135 47 168
-0.003714 27 60 18 21 290 135 47 168
-0.00371567 27 70 18 21 290 135 47 168
-0.0037146 27 80 18 21 290 135 47 168
-0.00371131 27 90 18 21 290 135 47 168
-0.00371189 27 100 18 21 290 135 47 168
-0.00371333 27 110 18 21 290 135 47 168
-0.00371528 27 120 18 21 290 135 47 168
-0.00371584 27 130 18 21 290 135 47 168
-0.0037146 27 140 18 21 290 135 47 168
-0.00310853 0 0 18 21 290 135 47 168
-0.00371463 0 10 18 21 290 135 47 168
-0.00371637 0 20 18 21 290 135 47 168
-0.00371623 0 30 18 21 290 135 47 168
-0.00371435 0 40 18 21 290 135 47 168
-0.00371014 0 50 18 21 290 135 47 168
-0.00371633 0 60 18 21 290 135 47 168
-0.00371663 0 70 18 21 290 135 47 168
-0.00371624 0 80 18 21 290 135 47 168
-0.00371411 0 90 18 21 290 135 47 168
-0.00370072 0 100 18 21 290 135 47 168
-0.0037089 0 110 18 21 290 135 47 168
-0.00371527 0 120 18 21 290 135 47 168
-0.00371547 0 130 18 21 290 135 47 168
-0.00370527 0 140 18 21 290 135 47 168
-0.00371343 9 0 18 21 290 135 47 168
-0.00371646 9 10 18 21 290 135 47 168
-0.00371654 9 20 18 21 290 135 47 168
-0.00371579 9 30 18 21 290 135 47 168
-0.00370943 9 40 18 21 290 135 47 168
-0.00371468 9 50 18 21 290 135 47 168
-0.00371663 9 60 18 21 290 135 47 168
-0.0037165 9 70 18 21 290 135 47 168
-0.00371407 9 80 18 21 290 135 47 168
-0.00194076 9 90 18 21 290 135 47 168
-0.00367045 9 100 18 21 290 135 47 168
-0.00371074 9 110 18 21 290 135 47 168
-0.00371446 9 120 18 21 290 135 47 168
-0.00371437 9 130 18 21 290 135 47 168
-0.00370217 9 140 18 21 290 135 47 168
-0.00371497 18 0 18 21 290 135 47 168
-0.0037166 18 10 18 21 290 135 47 168
-0.00371647 18 20 18 21 290 135 47 168
-0.00371491 18 30 18 21 290 135 47 168
-0.00293613 18 40 18 21 290 135 47 168
-0.00371215 18 50 18 21 290 135 47 168
-0.00371655 18 60 18 21 290 135 47 168
-0.00371657 18 70 18 21 290 135 47 168
-0.00371516 18 80 18 21 290 135 47 168
-0.0017946 18 90 18 21 290 135 47 168
-0.00232596 18 100 18 21 290 135 47 168
-0.00370748 18 110 18 21 290 135 47 168
-0.00371468 18 120 18 21 290 135 47 168
-0.00371526 18 130 18 21 290 135 47 168
-0.00370753 18 140 18 21 290 135 47 168
-0.00371339 27 0 18 21 290 135 47 168
-0.00371656 27 10 18 21 290 135 47 168
-0.0037165 27 20 18 21 290 135 47 168
-0.00371514 27 30 18 21 290 135 47 168
-0.00235636 27 40 18 21 290 135 47 168
-0.00370903 27 50 18 21 290 135 47 168
-0.00371633 27 60 18 21 290 135 47 168
-0.00371664 27 70 18 21 290 135 47 168
-0.00371609 27 80 18 21 290 135 47 168
-0.00371078 27 90 18 21 290 135 47 168
-0.00370428 27 100 18 21 290 135 47 168
-0.00371025 27 110 18 21 290 135 47 168
-0.00371487 27 120 18 21 290 135 47 168
-0.0037154 27 130 18 21 290 135 47 168
-0.00370845 27 140 18 21 290 135 47 168
-0.0037117 0 0 18 21 290 135 47 168
-0.00370871 0 10 18 21 290 135 47 168
-0.003714 0 20 18 21 290 135 47 168
-0.00371538 0 30 18 21 290 135 47 168
-0.00371368 0 40 18 21 290 135 47 168
-0.00371143 0 50 18 21 290 135 47 168
-0.00371081 0 60 18 21 290 135 47 168
-0.00307897 0 70 18 21 290 135 47 168
-0.0036985 0 80 18 21 290 135 47 168
-0.00371123 0 90 18 21 290 135 47 168
-0.00371224 0 100 18 21 290 135 47 168
-0.00370694 0 110 18 21 290 135 47 168
-0.00371243 0 120 18 21 290 135 47 168
-0.00371534 0 130 18 21 290 135 47 168
-0.0037149 0 140 18 21 290 135 47 168
-0.00371487 9 0 18 21 290 135 47 168
-0.00371539 9 10 18 21 290 135 47 168
-0.00371555 9 20 18 21 290 135 47 168
-0.00371519 9 30 18 21 290 135 47 168
-0.00371222 9 40 18 21 290 135 47 168
-0.00371548 9 50 18 21 290 135 47 168
-0.00371622 9 60 18 21 290 135 47 168
-0.00371632 9 70 18 21 290 135 47 168
-0.00371604 9 80 18 21 290 135 47 168
-0.00371492 9 90 18 21 290 135 47 168
-0.00371182 9 100 18 21 290 135 47 168
-0.00371483 9 110 18 21 290 135 47 168
-0.00371556 9 120 18 21 290 135 47 168
-0.00371556 9 130 18 21 290 135 47 168
-0.00371543 9 140 18 21 290 135 47 168
-0.00370802 18 0 18 21 290 135 47 168
-0.0037059 18 10 18 21 290 135 47 168
-0.00371385 18 20 18 21 290 135 47 168
-0.00371624 18 30 18 21 290 135 47 168
-0.00371654 18 40 18 21 290 135 47 168
-0.00371654 18 50 18 21 290 135 47 168
-0.00371535 18 60 18 21 290 135 47 168
-0.00371654 18 70 18 21 290 135 47 168
-0.00371608 18 80 18 21 290 135 47 168
-0.00371515 18 90 18 21 290 135 47 168
-0.0037118 18 100 18 21 290 135 47 168
-0.00371512 18 110 18 21 290 135 47 168
-0.00371564 18 120 18 21 290 135 47 168
-0.00371449 18 130 18 21 290 135 47 168
-0.00371478 18 140 18 21 290 135 47 168
-0.00371526 27 0 18 21 290 135 47 168
-0.0037163 27 10 18 21 290 135 47 168
-0.00371634 27 20 18 21 290 135 47 168
-0.00371643 27 30 18 21 290 135 47 168
-0.00371596 27 40 18 21 290 135 47 168
-0.00371489 27 50 18 21 290 135 47 168
-0.00371467 27 60 18 21 290 135 47 168
-0.00371533 27 70 18 21 290 135 47 168
-0.00371552 27 80 18 21 290 135 47 168
-0.00371466 27 90 18 21 290 135 47 168
-0.0037148 27 100 18 21 290 135 47 168
-0.00371562 27 110 18 21 290 135 47 168
-0.00371594 27 120 18 21 290 135 47 168
-0.00371512 27 130 18 21 290 135 47 168
-0.00371524 27 140 18 21 290 135 47 168
-0.00371653 0 0 18 21 290 135 47 168
-0.0037162 0 10 18 21 290 135 47 168
-0.00371531 0 20 18 21 290 135 47 168
-0.00370976 0 30 18 21 290 135 47 168
-0.00371257 0 40 18 21 290 135 47 168
-0.00371279 0 50 18 21 290 135 47 168
-0.00371101 0 60 18 21 290 135 47 168
-0.0037143 0 70 18 21 290 135 47 168
-0.00371516 0 80 18 21 290 135 47 168
-0.00371442 0 90 18 21 290 135 47 168
-0.00371557 0 100 18 21 290 135 47 168
-0.0037144 0 110 18 21 290 135 47 168
-0.00371209 0 120 18 21 290 135 47 168
-0.00371348 0 130 18 21 290 135 47 168
-0.0037134 0 140 18 21 290 135 47 168
-0.00371652 9 0 18 21 290 135 47 168
-0.00371638 9 10 18 21 290 135 47 168
-0.00371572 9 20 18 21 290 135 47 168
-0.00371435 9 30 18 21 290 135 47 168
-0.00371485 9 40 18 21 290 135 47 168
-0.00371493 9 50 18 21 290 135 47 168
-0.00371578 9 60 18 21 290 135 47 168
-0.00371603 9 70 18 21 290 135 47 168
-0.00371549 9 80 18 21 290 135 47 168
-0.00371466 9 90 18 21 290 135 47 168
-0.00371086 9 100 18 21 290 135 47 168
-0.00371156 9 110 18 21 290 135 47 168
-0.00371534 9 120 18 21 290 135 47 168
-0.00371479 9 130 18 21 290 135 47 168
-0.0037148 9 140 18 21 290 135 47 168
-0.003714 18 0 18 21 290 135 47 168
-0.00371655 18 10 18 21 290 135 47 168
-0.0037164 18 20 18 21 290 135 47 168
-0.00371591 18 30 18 21 290 135 47 168
-0.00371631 18 40 18 21 290 135 47 168
-0.00371649 18 50 18 21 290 135 47 168
-0.00371587 18 60 18 21 290 135 47 168
-0.00371644 18 70 18 21 290 135 47 168
-0.00371623 18 80 18 21 290 135 47 168
-0.00371506 18 90 18 21 290 135 47 168
-0.00371042 18 100 18 21 290 135 47 168
-0.00371409 18 110 18 21 290 135 47 168
-0.00371429 18 120 18 21 290 135 47 168
-0.00371307 18 130 18 21 290 135 47 168
-0.00371391 18 140 18 21 290 135 47 168
-0.00371155 27 0 18 21 290 135 47 168
-0.00371247 27 10 18 21 290 135 47 168
-0.0037162 27 20 18 21 290 135 47 168
-0.00371606 27 30 18 21 290 135 47 168
-0.00371546 27 40 18 21 290 135 47 168
-0.00371532 27 50 18 21 290 135 47 168
-0.00371447 27 60 18 21 290 135 47 168
-0.00371449 27 70 18 21 290 135 47 168
-0.00371456 27 80 18 21 290 135 47 168
-0.00370984 27 90 18 21 290 135 47 168
-0.00356145 27 100 18 21 290 135 47 168
-0.00371309 27 110 18 21 290 135 47 168
-0.00371481 27 120 18 21 290 135 47 168
-0.00371355 27 130 18 21 290 135 47 168
-0.00371407 27 140 18 21 290 135 47 168
-0.00371662 0 0 18 21 290 135 47 168
-0.00371648 0 10 18 21 290 135 47 168
-0.00371578 0 20 18 21 290 135 47 168
-0.00371548 0 30 18 21 290 135 47 168
-0.00371561 0 40 18 21 290 135 47 168
-0.00371159 0 50 18 21 290 135 47 168
-0.00371307 0 60 18 21 290 135 47 168
-0.00370995 0 70 18 21 290 135 47 168
-0.0037156 0 80 18 21 290 135 47 168
-0.00371647 0 90 18 21 290 135 47 168
-0.00371662 0 100 18 21 290 135 47 168
-0.0037158 0 110 18 21 290 135 47 168
-0.00371655 0 120 18 21 290 135 47 168
-0.00371596 0 130 18 21 290 135 47 168
-0.00371295 0 140 18 21 290 135 47 168
-0.00371662 9 0 18 21 290 135 47 168
-0.00371642 9 10 18 21 290 135 47 168
-0.00371573 9 20 18 21 290 135 47 168
-0.00371623 9 30 18 21 290 135 47 168
-0.00371642 9 40 18 21 290 135 47 168
-0.00371527 9 50 18 21 290 135 47 168
-0.00371517 9 60 18 21 290 135 47 168
-0.00371445 9 70 18 21 290 135 47 168
-0.00371647 9 80 18 21 290 135 47 168
-0.00371664 9 90 18 21 290 135 47 168
-0.00371153 9 100 18 21 290 135 47 168
-0.00371347 9 110 18 21 290 135 47 168
-0.0037165 9 120 18 21 290 135 47 168
-0.00371636 9 130 18 21 290 135 47 168
-0.00371501 9 140 18 21 290 135 47 168
-0.00371664 18 0 18 21 290 135 47 168
-0.00371648 18 10 18 21 290 135 47 168
-0.00371626 18 20 18 21 290 135 47 168
-0.00371656 18 30 18 21 290 135 47 168
-0.00371645 18 40 18 21 290 135 47 168
-0.00371559 18 50 18 21 290 135 47 168
-0.0037161 18 60 18 21 290 135 47 168
-0.00371528 18 70 18 21 290 135 47 168
-0.00371638 18 80 18 21 290 135 47 168
-0.00371645 18 90 18 21 290 135 47 168
-0.00371431 18 100 18 21 290 135 47 168
-0.00371616 18 110 18 21 290 135 47 168
-0.00371647 18 120 18 21 290 135 47 168
-0.00371583 18 130 18 21 290 135 47 168
-0.00371499 18 140 18 21 290 135 47 168
-0.00371645 27 0 18 21 290 135 47 168
-0.00371661 27 10 18 21 290 135 47 168
-0.00371645 27 20 18 21 290 135 47 168
-0.00371664 27 30 18 21 290 135 47 168
-0.00371569 27 40 18 21 290 135 47 168
-0.00371608 27 50 18 21 290 135 47 168
-0.00371658 27 60 18 21 290 135 47 168
-0.00371541 27 70 18 21 290 135 47 168
-0.00371613 27 80 18 21 290 135 47 168
-0.00371606 27 90 18 21 290 135 47 168
-0.00371426 27 100 18 21 290 135 47 168
-0.00371625 27 110 18 21 290 135 47 168
-0.00371622 27 120 18 21 290 135 47 168
-0.00371572 27 130 18 21 290 135 47 168
-0.00371579 27 140 18 21 290 135 47 168
-0.00268201 0 0 18 21 290 135 47 168
-0.00207749 0 10 18 21 290 135 47 168
-0.00270992 0 20 18 21 290 135 47 168
-0.00259653 0 30 18 21 290 135 47 168
-0.00322563 0 40 18 21 290 135 47 168
-0.00371572 0 50 18 21 290 135 47 168
-0.00371656 0 60 18 21 290 135 47 168
-0.00371643 0 70 18 21 290 135 47 168
-0.00371649 0 80 18 21 290 135 47 168
-0.00371625 0 90 18 21 290 135 47 168
-0.00371122 0 100 18 21 290 135 47 168
-0.00370271 0 110 18 21 290 135 47 168
-0.00371556 0 120 18 21 290 135 47 168
-0.0037156 0 130 18 21 290 135 47 168
-0.00371499 0 140 18 21 290 135 47 168
-0.00371105 9 0 18 21 290 135 47 168
-0.00371394 9 10 18 21 290 135 47 168
-0.00371446 9 20 18 21 290 135 47 168
-0.00371242 9 30 18 21 290 135 47 168
-0.00371369 9 40 18 21 290 135 47 168
-0.00371663 9 50 18 21 290 135 47 168
-0.0037165 9 60 18 21 290 135 47 168
-0.00371596 9 70 18 21 290 135 47 168
-0.00371657 9 80 18 21 290 135 47 168
-0.00371662 9 90 18 21 290 135 47 168
-0.00156728 9 100 18 21 290 135 47 168
-0.00370133 9 110 18 21 290 135 47 168
-0.00371568 9 120 18 21 290 135 47 168
-0.00371586 9 130 18 21 290 135 47 168
-0.00371401 9 140 18 21 290 135 47 168
-0.00371631 18 0 18 21 290 135 47 168
-0.00371648 18 10 18 21 290 135 47 168
-0.00371651 18 20 18 21 290 135 47 168
-0.00371646 18 30 18 21 290 135 47 168
-0.00371339 18 40 18 21 290 135 47 168
-0.00371661 18 50 18 21 290 135 47 168
-0.00371652 18 60 18 21 290 135 47 168
-0.00371588 18 70 18 21 290 135 47 168
-0.00371653 18 80 18 21 290 135 47 168
-0.00371663 18 90 18 21 290 135 47 168
-0.00229563 18 100 18 21 290 135 47 168
-0.00370287 18 110 18 21 290 135 47 168
-0.00371511 18 120 18 21 290 135 47 168
-0.00371584 18 130 18 21 290 135 47 168
-0.00371584 18 140 18 21 290 135 47 168
-0.00371598 27 0 18 21 290 135 47 168
-0.0037164 27 10 18 21 290 135 47 168
-0.00371639 27 20 18 21 290 135 47 168
-0.00371634 27 30 18 21 290 135 47 168
-0.0037082 27 40 18 21 290 135 47 168
-0.00371525 27 50 18 21 290 135 47 168
-0.00371663 27 60 18 21 290 135 47 168
-0.00371642 27 70 18 21 290 135 47 168
-0.00371658 27 80 18 21 290 135 47 168
-0.00371661 27 90 18 21 290 135 47 168
-0.0037128 27 100 18 21 290 135 47 168
-0.00370761 27 110 18 21 290 135 47 168
-0.00371574 27 120 18 21 290 135 47 168
-0.00371626 27 130 18 21 290 135 47 168
-0.00371581 27 140 18 21 290 135 47 168
-0.00371391 0 0 18 21 290 135 47 168
-0.00371585 0 10 18 21 290 135 47 168
-0.00371629 0 20 18 21 290 135 47 168
-0.00371575 0 30 18 21 290 135 47 168
-0.00371596 0 40 18 21 290 135 47 168
-0.00371514 0 50 18 21 290 135 47 168
-0.0037133 0 60 18 21 290 135 47 168
-0.0037133 0 70 18 21 290 135 47 168
-0.00371535 0 80 18 21 290 135 47 168
-0.00371617 0 90 18 21 290 135 47 168
-0.00371614 0 100 18 21 290 135 47 168
-0.00371632 0 110 18 21 290 135 47 168
-0.00371636 0 120 18 21 290 135 47 168
-0.00371527 0 130 18 21 290 135 47 168
-0.00371481 0 140 18 21 290 135 47 168
-0.00371645 9 0 18 21 290 135 47 168
-0.00371651 9 10 18 21 290 135 47 168
-0.00371651 9 20 18 21 290 135 47 168
-0.00371644 9 30 18 21 290 135 47 168
-0.00371657 9 40 18 21 290 135 47 168
-0.00371636 9 50 18 21 290 135 47 168
-0.00371568 9 60 18 21 290 135 47 168
-0.00371596 9 70 18 21 290 135 47 168
-0.00371648 9 80 18 21 290 135 47 168
-0.00371653 9 90 18 21 290 135 47 168
-0.00371475 9 100 18 21 290 135 47 168
-0.00371625 9 110 18 21 290 135 47 168
-0.00371656 9 120 18 21 290 135 47 168
-0.00371565 9 130 18 21 290 135 47 168
-0.00371477 9 140 18 21 290 135 47 168
-0.00371653 18 0 18 21 290 135 47 168
-0.00371659 18 10 18 21 290 135 47 168
-0.00371653 18 20 18 21 290 135 47 168
-0.00371663 18 30 18 21 290 135 47 168
-0.00371664 18 40 18 21 290 135 47 168
-0.00371626 18 50 18 21 290 135 47 168
-0.00371513 18 60 18 21 290 135 47 168
-0.00371566 18 70 18 21 290 135 47 168
-0.00371633 18 80 18 21 290 135 47 168
-0.00371664 18 90 18 21 290 135 47 168
-0.00371262 18 100 18 21 290 135 47 168
-0.00371652 18 110 18 21 290 135 47 168
-0.0037165 18 120 18 21 290 135 47 168
-0.00371582 18 130 18 21 290 135 47 168
-0.00371564 18 140 18 21 290 135 47 168
-0.00371663 27 0 18 21 290 135 47 168
-0.00371649 27 10 18 21 290 135 47 168
-0.00371617 27 20 18 21 290 135 47 168
-0.0037165 27 30 18 21 290 135 47 168
-0.00371664 27 40 18 21 290 135 47 168
-0.00371647 27 50 18 21 290 135 47 168
-0.00371598 27 60 18 21 290 135 47 168
-0.00371434 27 70 18 21 290 135 47 168
-0.00371613 27 80 18 21 290 135 47 168
-0.00371653 27 90 18 21 290 135 47 168
-0.00371591 27 100 18 21 290 135 47 168
-0.00371652 27 110 18 21 290 135 47 168
-0.00371644 27 120 18 21 290 135 47 168
-0.00371562 27 130 18 21 290 135 47 168
-0.00371531 27 140 18 21 290 135 47 168
-0.00371443 0 0 18 21 290 135 47 168
-0.00371384 0 10 18 21 290 135 47 168
-0.00371442 0 20 18 21 290 135 47 168
-0.00371405 0 30 18 21 290 135 47 168
-0.00371346 0 40 18 21 290 135 47 168
-0.00371226 0 50 18 21 290 135 47 168
-0.00370669 0 60 18 21 290 135 47 168
-0.00371295 0 70 18 21 290 135 47 168
-0.0037131 0 80 18 21 290 135 47 168
-0.00370693 0 90 18 21 290 135 47 168
-0.00370995 0 100 18 21 290 135 47 168
-0.00371106 0 110 18 21 290 135 47 168
-0.00370407 0 120 18 21 290 135 47 168
-0.00370724 0 130 18 21 290 135 47 168
-0.00371318 0 140 18 21 290 135 47 168
-0.00371544 9 0 18 21 290 135 47 168
-0.00370956 9 10 18 21 290 135 47 168
-0.00370682 9 20 18 21 290 135 47 168
-0.0037112 9 30 18 21 290 135 47 168
-0.00371464 9 40 18 21 290 135 47 168
-0.00371535 9 50 18 21 290 135 47 168
-0.00371541 9 60 18 21 290 135 47 168
-0.00371608 9 70 18 21 290 135 47 168
-0.00371586 9 80 18 21 290 135 47 168
-0.00371252 9 90 18 21 290 135 47 168
-0.00370985 9 100 18 21 290 135 47 168
-0.00370993 9 110 18 21 290 135 47 168
-0.0037084 9 120 18 21 290 135 47 168
-0.00371213 9 130 18 21 290 135 47 168
-0.00371245 9 140 18 21 290 135 47 168
-0.0037161 18 0 18 21 290 135 47 168
-0.00371629 18 10 18 21 290 135 47 168
-0.00371566 18 20 18 21 290 135 47 168
-0.00371599 18 30 18 21 290 135 47 168
-0.0037151 18 40 18 21 290 135 47 168
-0.00371481 18 50 18 21 290 135 47 168
-0.00371615 18 60 18 21 290 135 47 168
-0.00371602 18 70 18 21 290 135 47 168
-0.00371607 18 80 18 21 290 135 47 168
-0.00371452 18 90 18 21 290 135 47 168
-0.00370725 18 100 18 21 290 135 47 168
-0.00371291 18 110 18 21 290 135 47 168
-0.00371395 18 120 18 21 290 135 47 168
-0.00371416 18 130 18 21 290 135 47 168
-0.00371509 18 140 18 21 290 135 47 168
-0.00371636 27 0 18 21 290 135 47 168
-0.00371616 27 10 18 21 290 135 47 168
-0.00371636 27 20 18 21 290 135 47 168
-0.00371605 27 30 18 21 290 135 47 168
-0.00371559 27 40 18 21 290 135 47 168
-0.00371562 27 50 18 21 290 135 47 168
-0.00371428 27 60 18 21 290 135 47 168
-0.00371513 27 70 18 21 290 135 47 168
-0.00371584 27 80 18 21 290 135 47 168
-0.00371451 27 90 18 21 290 135 47 168
-0.00371233 27 100 18 21 290 135 47 168
-0.00371118 27 110 18 21 290 135 47 168
-0.0037119 27 120 18 21 290 135 47 168
-0.00371353 27 130 18 21 290 135 47 168
-0.0037148 27 140 18 21 290 135 47 168
-0.00371647 0 0 31 28 290 135 47 168
-0.00371463 0 14 31 28 290 135 47 168
-0.00370582 0 28 31 28 290 135 47 168
-0.00370156 0 42 31 28 290 135 47 168
-0.00370873 0 56 31 28 290 135 47 168
-0.00244995 0 70 31 28 290 135 47 168
-0.00370604 0 84 31 28 290 135 47 168
-0.00369956 0 98 31 28 290 135 47 168
-0.0037048 0 112 31 28 290 135 47 168
-0.00371154 0 126 31 28 290 135 47 168
-0.00370884 0 140 31 28 290 135 47 168
-0.00371639 15 0 31 28 290 135 47 168
-0.00371289 15 14 31 28 290 135 47 168
-0.0037152 15 28 31 28 290 135 47 168
-0.00371485 15 42 31 28 290 135 47 168
-0.0037148 15 56 31 28 290 135 47 168
-0.00265366 15 70 31 28 290 135 47 168
-0.00370735 15 84 31 28 290 135 47 168
-0.00370968 15 98 31 28 290 135 47 168
-0.00371394 15 112 31 28 290 135 47 168
-0.00371234 15 126 31 28 290 135 47 168
-0.00371161 15 140 31 28 290 135 47 168
-0.00371597 0 0 31 28 290 135 47 168
-0.00371662 0 14 31 28 290 135 47 168
-0.00371486 0 28 31 28 290 135 47 168
-0.0037014 0 42 31 28 290 135 47 168
-0.00371221 0 56 31 28 290 135 47 168
-0.00371618 0 70 31 28 290 135 47 168
-0.00371176 0 84 31 28 290 135 47 168
-0.00371142 0 98 31 28 290 135 47 168
-0.00371211 0 112 31 28 290 135 47 168
-0.00371216 0 126 31 28 290 135 47 168
-0.00371275 0 140 31 28 290 135 47 168
-0.00371615 15 0 31 28 290 135 47 168
-0.0037166 15 14 31 28 290 135 47 168
-0.00371395 15 28 31 28 290 135 47 168
-0.00171264 15 42 31 28 290 135 47 168
-0.00371405 15 56 31 28 290 135 47 168
-0.00371639 15 70 31 28 290 135 47 168
-0.00371225 15 84 31 28 290 135 47 168
-0.00371271 15 98 31 28 290 135 47 168
-0.00371274 15 112 31 28 290 135 47 168
-0.00371482 15 126 31 28 290 135 47 168
-0.00371363 15 140 31 28 290 135 47 168
-0.00370791 0 0 31 28 290 135 47 168
-0.00370883 0 14 31 28 290 135 47 168
-0.00371605 0 28 31 28 290 135 47 168
-0.00371281 0 42 31 28 290 135 47 168
-0.00371462 0 56 31 28 290 135 47 168
-0.00371533 0 70 31 28 290 135 47 168
-0.00371087 0 84 31 28 290 135 47 168
-0.0037087 0 98 31 28 290 135 47 168
-0.0037144 0 112 31 28 290 135 47 168
-0.00371547 0 126 31 28 290 135 47 168
-0.00371235 0 140 31 28 290 135 47 168
-0.00146905 15 0 31 28 290 135 47 168
-0.0037119 15 14 31 28 290 135 47 168
-0.00371469 15 28 31 28 290 135 47 168
-0.00369957 15 42 31 28 290 135 47 168
-0.00371412 15 56 31 28 290 135 47 168
-0.00371481 15 70 31 28 290 135 47 168
-0.00370765 15 84 31 28 290 135 47 168
-0.00371198 15 98 31 28 290 135 47 168
-0.00371474 15 112 31 28 290 135 47 168
-0.00371529 15 126 31 28 290 135 47 168
-0.00370118 15 140 31 28 290 135 47 168
-0.00371468 0 0 31 28 290 135 47 168
-0.00371649 0 14 31 28 290 135 47 168
-0.0037157 0 28 31 28 290 135 47 168
-0.0037073 0 42 31 28 290 135 47 168
-0.00371647 0 56 31 28 290 135 47 168
-0.00371649 0 70 31 28 290 135 47 168
-0.0037119 0 84 31 28 290 135 47 168
-0.00333986 0 98 31 28 290 135 47 168
-0.0037129 0 112 31 28 290 135 47 168
-0.00371465 0 126 31 28 290 135 47 168
-0.00369872 0 140 31 28 290 135 47 168
-0.00371596 15 0 31 28 290 135 47 168
-0.00371653 15 14 31 28 290 135 47 168
-0.00371473 15 28 31 28 290 135 47 168
-0.00370376 15 42 31 28 290 135 47 168
-0.00371647 15 56 31 28 290 135 47 168
-0.00371649 15 70 31 28 290 135 47 168
-0.00370955 15 84 31 28 290 135 47 168
-0.00369993 15 98 31 28 290 135 47 168
-0.00371243 15 112 31 28 290 135 47 168
-0.00371376 15 126 31 28 290 135 47 168
-0.00347988 15 140 31 28 290 135 47 168
-0.00370311 0 0 31 28 290 135 47 168
-0.00370894 0 14 31 28 290 135 47 168
-0.00371097 0 28 31 28 290 135 47 168
-0.00370688 0 42 31 28 290 135 47 168
-0.003712 0 56 31 28 290 135 47 168
-0.00371565 0 70 31 28 290 135 47 168
-0.00371381 0 84 31 28 290 135 47 168
-0.00370393 0 98 31 28 290 135 47 168
-0.0037142 0 112 31 28 290 135 47 168
-0.00371039 0 126 31 28 290 135 47 168
-0.00370962 0 140 31 28 290 135 47 168
-0.0037113 15 0 31 28 290 135 47 168
-0.00371352 15 14 31 28 290 135 47 168
-0.0037149 15 28 31 28 290 135 47 168
-0.00371252 15 42 31 28 290 135 47 168
-0.00371452 15 56 31 28 290 135 47 168
-0.00371592 15 70 31 28 290 135 47 168
-0.00371454 15 84 31 28 290 135 47 168
-0.00371013 15 98 31 28 290 135 47 168
-0.00371541 15 112 31 28 290 135 47 168
-0.00371426 15 126 31 28 290 135 47 168
-0.00371452 15 140 31 28 290 135 47 168
-0.0037165 0 0 31 28 290 135 47 168
-0.0037156 0 14 31 28 290 135 47 168
-0.00370595 0 28 31 28 290 135 47 168
-0.00371328 0 42 31 28 290 135 47 168
-0.00371318 0 56 31 28 290 135 47 168
-0.00305024 0 70 31 28 290 135 47 168
-0.00370644 0 84 31 28 290 135 47 168
-0.00316768 0 98 31 28 290 135 47 168
-0.00370212 0 112 31 28 290 135 47 168
-0.00370589 0 126 31 28 290 135 47 168
-0.00370666 0 140 31 28 290 135 47 168
-0.00371613 15 0 31 28 290 135 47 168
-0.00371598 15 14 31 28 290 135 47 168
-0.00371153 15 28 31 28 290 135 47 168
-0.00371526 15 42 31 28 290 135 47 168
-0.00371537 15 56 31 28 290 135 47 168
-0.00371508 15 70 31 28 290 135 47 168
-0.00371394 15 84 31 28 290 135 47 168
-0.00370125 15 98 31 28 290 135 47 168
-0.00371472 15 112 31 28 290 135 47 168
-0.00371177 15 126 31 28 290 135 47 168
-0.00371115 15 140 31 28 290 135 47 168
-0.00371661 0 0 31 28 290 135 47 168
-0.00371463 0 14 31 28 290 135 47 168
-0.00371568 0 28 31 28 290 135 47 168
-0.00371496 0 42 31 28 290 135 47 168
-0.00371154 0 56 31 28 290 135 47 168
-0.00371076 0 70 31 28 290 135 47 168
-0.00371648 0 84 31 28 290 135 47 168
-0.00371628 0 98 31 28 290 135 47 168
-0.00371652 0 112 31 28 290 135 47 168
-0.00371595 0 126 31 28 290 135 47 168
-0.00371416 0 140 31 28 290 135 47 168
-0.00371664 15 0 31 28 290 135 47 168
-0.00371576 15 14 31 28 290 135 47 168
-0.00371656 15 28 31 28 290 135 47 168
-0.00371625 15 42 31 28 290 135 47 168
-0.00371629 15 56 31 28 290 135 47 168
-0.0037147 15 70 31 28 290 135 47 168
-0.00371655 15 84 31 28 290 135 47 168
-0.00371397 15 98 31 28 290 135 47 168
-0.00371628 15 112 31 28 290 135 47 168
-0.00371606 15 126 31 28 290 135 47 168
-0.00371429 15 140 31 28 290 135 47 168
-0.00371184 0 0 31 28 290 135 47 168
-0.00370973 0 14 31 28 290 135 47 168
-0.00371174 0 28 31 28 290 135 47 168
-0.00371611 0 42 31 28 290 135 47 168
-0.00371655 0 56 31 28 290 135 47 168
-0.00371546 0 70 31 28 290 135 47 168
-0.00371664 0 84 31 28 290 135 47 168
-0.00370995 0 98 31 28 290 135 47 168
-0.0037144 0 112 31 28 290 135 47 168
-0.003715 0 126 31 28 290 135 47 168
-0.00371301 0 140 31 28 290 135 47 168
-0.00371566 15 0 31 28 290 135 47 168
-0.0037138 15 14 31 28 290 135 47 168
-0.0037156 15 28 31 28 290 135 47 168
-0.0037159 15 42 31 28 290 135 47 168
-0.00371658 15 56 31 28 290 135 47 168
-0.00371476 15 70 31 28 290 135 47 168
-0.00371664 15 84 31 28 290 135 47 168
-0.00371311 15 98 31 28 290 135 47 168
-0.00371519 15 112 31 28 290 135 47 168
-0.00371618 15 126 31 28 290 135 47 168
-0.00371491 15 140 31 28 290 135 47 168
-0.00371627 0 0 31 28 290 135 47 168
-0.00371521 0 14 31 28 290 135 47 168
-0.00371551 0 28 31 28 290 135 47 168
-0.00371616 0 42 31 28 290 135 47 168
-0.00371343 0 56 31 28 290 135 47 168
-0.00371597 0 70 31 28 290 135 47 168
-0.0037166 0 84 31 28 290 135 47 168
-0.00371521 0 98 31 28 290 135 47 168
-0.00371641 0 112 31 28 290 135 47 168
-0.00371515 0 126 31 28 290 135 47 168
-0.00371382 0 140 31 28 290 135 47 168
-0.00371663 15 0 31 28 290 135 47 168
-0.00371522 15 14 31 28 290 135 47 168
-0.00371653 15 28 31 28 290 135 47 168
-0.00371648 15 42 31 28 290 135 47 168
-0.0037151 15 56 31 28 290 135 47 168
-0.00371498 15 70 31 28 290 135 47 168
-0.00371648 15 84 31 28 290 135 47 168
-0.00371568 15 98 31 28 290 135 47 168
-0.00371651 15 112 31 28 290 135 47 168
-0.00371593 15 126 31 28 290 135 47 168
-0.00371339 15 140 31 28 290 135 47 168
-0.00371286 0 0 31 28 290 135 47 168
-0.003706 0 14 31 28 290 135 47 168
-0.00331147 0 28 31 28 290 135 47 168
-0.00371254 0 42 31 28 290 135 47 168
-0.0037074 0 56 31 28 290 135 47 168
-0.00371478 0 70 31 28 290 135 47 168
-0.00371059 0 84 31 28 290 135 47 168
-0.00370558 0 98 31 28 290 135 47 168
-0.00370939 0 112 31 28 290 135 47 168
-0.00370633 0 126 31 28 290 135 47 168
-0.00370677 0 140 31 28 290 135 47 168
-0.00371304 15 0 31 28 290 135 47 168
-0.00371321 15 14 31 28 290 135 47 168
-0.00371223 15 28 31 28 290 135 47 168
-0.00370995 15 42 31 28 290 135 47 168
-0.00370645 15 56 31 28 290 135 47 168
-0.00370859 15 70 31 28 290 135 47 168
-0.00370652 15 84 31 28 290 135 47 168
-0.00339656 15 98 31 28 290 135 47 168
-0.00371027 15 112 31 28 290 135 47 168
-0.00370617 15 126 31 28 290 135 47 168
-0.00370895 15 140 31 28 290 135 47 168
-0.00371606 0 0 31 37 290 135 47 168
-0.00370594 0 18 31 37 290 135 47 168
-0.00361568 0 36 31 37 290 135 47 168
-0.00262508 0 54 31 37 290 135 47 168
-0.00256784 0 72 31 37 290 135 47 168
-0.0037031 0 90 31 37 290 135 47 168
-0.00370018 0 108 31 37 290 135 47 168
-0.00370244 0 126 31 37 290 135 47 168
-0.00371519 15 0 31 37 290 135 47 168
-0.00371184 15 18 31 37 290 135 47 168
-0.00371485 15 36 31 37 290 135 47 168
-0.0037104 15 54 31 37 290 135 47 168
-0.0029926 15 72 31 37 290 135 47 168
-0.0037096 15 90 31 37 290 135 47 168
-0.00371173 15 108 31 37 290 135 47 168
-0.00370867 15 126 31 37 290 135 47 168
-0.00371643 0 0 31 37 290 135 47 168
-0.00371621 0 18 31 37 290 135 47 168
-0.00370479 0 36 31 37 290 135 47 168
-0.00371396 0 54 31 37 290 135 47 168
-0.00371467 0 72 31 37 290 135 47 168
-0.00370845 0 90 31 37 290 135 47 168
-0.00371257 0 108 31 37 290 135 47 168
-0.00371181 0 126 31 37 290 135 47 168
-0.00371654 15 0 31 37 290 135 47 168
-0.00371621 15 18 31 37 290 135 47 168
-0.00210929 15 36 31 37 290 135 47 168
-0.00371521 15 54 31 37 290 135 47 168
-0.00371522 15 72 31 37 290 135 47 168
-0.00370987 15 90 31 37 290 135 47 168
-0.00371379 15 108 31 37 290 135 47 168
-0.0037139 15 126 31 37 290 135 47 168
-0.00370308 0 0 31 37 290 135 47 168
-0.0037145 0 18 31 37 290 135 47 168
-0.00371241 0 36 31 37 290 135 47 168
-0.00371508 0 54 31 37 290 135 47 168
-0.00371344 0 72 31 37 290 135 47 168
-0.00370601 0 90 31 37 290 135 47 168
-0.00371415 0 108 31 37 290 135 47 168
-0.00371513 0 126 31 37 290 135 47 168
-0.00353445 15 0 31 37 290 135 47 168
-0.00371362 15 18 31 37 290 135 47 168
-0.00370187 15 36 31 37 290 135 47 168
-0.00371447 15 54 31 37 290 135 47 168
-0.00371109 15 72 31 37 290 135 47 168
-0.00370856 15 90 31 37 290 135 47 168
-0.00371466 15 108 31 37 290 135 47 168
-0.00371425 15 126 31 37 290 135 47 168
-0.00371601 0 0 31 37 290 135 47 168
-0.00371619 0 18 31 37 290 135 47 168
-0.00370959 0 36 31 37 290 135 47 168
-0.00371655 0 54 31 37 290 135 47 168
-0.00371597 0 72 31 37 290 135 47 168
-0.00369936 0 90 31 37 290 135 47 168
-0.00371209 0 108 31 37 290 135 47 168
-0.00371369 0 126 31 37 290 135 47 168
-0.00371645 15 0 31 37 290 135 47 168
-0.00371586 15 18 31 37 290 135 47 168
-0.00370749 15 36 31 37 290 135 47 168
-0.00371657 15 54 31 37 290 135 47 168
-0.00371589 15 72 31 37 290 135 47 168
-0.00336829 15 90 31 37 290 135 47 168
-0.00371225 15 108 31 37 290 135 47 168
-0.00371218 15 126 31 37 290 135 47 168
-0.00313825 0 0 31 37 290 135 47 168
-0.00370648 0 18 31 37 290 135 47 168
-0.00200995 0 36 31 37 290 135 47 168
-0.0037109 0 54 31 37 290 135 47 168
-0.00371429 0 72 31 37 290 135 47 168
-0.00369785 0 90 31 37 290 135 47 168
-0.00371241 0 108 31 37 290 135 47 168
-0.00282426 0 126 31 37 290 135 47 168
-0.00370959 15 0 31 37 290 135 47 168
-0.0037128 15 18 31 37 290 135 47 168
-0.00371002 15 36 31 37 290 135 47 168
-0.00371446 15 54 31 37 290 135 47 168
-0.00371487 15 72 31 37 290 135 47 168
-0.0036998 15 90 31 37 290 135 47 168
-0.00371493 15 108 31 37 290 135 47 168
-0.00371444 15 126 31 37 290 135 47 168
-0.00371613 0 0 31 37 290 135 47 168
-0.00371038 0 18 31 37 290 135 47 168
-0.00370994 0 36 31 37 290 135 47 168
-0.00371284 0 54 31 37 290 135 47 168
-0.00186662 0 72 31 37 290 135 47 168
-0.00345252 0 90 31 37 290 135 47 168
-0.0024801 0 108 31 37 290 135 47 168
-0.00279573 0 126 31 37 290 135 47 168
-0.00371623 15 0 31 37 290 135 47 168
-0.00371296 15 18 31 37 290 135 47 168
-0.00371414 15 36 31 37 290 135 47 168
-0.00371394 15 54 31 37 290 135 47 168
-0.00371414 15 72 31 37 290 135 47 168
-0.00369896 15 90 31 37 290 135 47 168
-0.0037128 15 108 31 37 290 135 47 168
-0.00370985 15 126 31 37 290 135 47 168
-0.00371626 0 0 31 37 290 135 47 168
-0.00370992 0 18 31 37 290 135 47 168
-0.00371553 0 36 31 37 290 135 47 168
-0.00370642 0 54 31 37 290 135 47 168
-0.00371539 0 72 31 37 290 135 47 168
-0.00371653 0 90 31 37 290 135 47 168
-0.00371637 0 108 31 37 290 135 47 168
-0.00371542 0 126 31 37 290 135 47 168
-0.00371626 15 0 31 37 290 135 47 168
-0.00371605 15 18 31 37 290 135 47 168
-0.00371658 15 36 31 37 290 135 47 168
-0.00371537 15 54 31 37 290 135 47 168
-0.00371565 15 72 31 37 290 135 47 168
-0.0037161 15 90 31 37 290 135 47 168
-0.00371607 15 108 31 37 290 135 47 168
-0.0037158 15 126 31 37 290 135 47 168
-0.00369847 0 0 31 37 290 135 47 168
-0.0037064 0 18 31 37 290 135 47 168
-0.00371637 0 36 31 37 290 135 47 168
-0.00371618 0 54 31 37 290 135 47 168
-0.00371633 0 72 31 37 290 135 47 168
-0.0037163 0 90 31 37 290 135 47 168
-0.00371416 0 108 31 37 290 135 47 168
-0.00371484 0 126 31 37 290 135 47 168
-0.00371035 15 0 31 37 290 135 47 168
-0.00371379 15 18 31 37 290 135 47 168
-0.00371627 15 36 31 37 290 135 47 168
-0.00371627 15 54 31 37 290 135 47 168
-0.0037161 15 72 31 37 290 135 47 168
-0.00371649 15 90 31 37 290 135 47 168
-0.00371522 15 108 31 37 290 135 47 168
-0.00371641 15 126 31 37 290 135 47 168
-0.00371549 0 0 31 37 290 135 47 168
-0.00371221 0 18 31 37 290 135 47 168
-0.0037157 0 36 31 37 290 135 47 168
-0.00370562 0 54 31 37 290 135 47 168
-0.00371622 0 72 31 37 290 135 47 168
-0.00371597 0 90 31 37 290 135 47 168
-0.00371571 0 108 31 37 290 135 47 168
-0.00371517 0 126 31 37 290 135 47 168
-0.0037161 15 0 31 37 290 135 47 168
-0.00371539 15 18 31 37 290 135 47 168
-0.00371626 15 36 31 37 290 135 47 168
-0.00371033 15 54 31 37 290 135 47 168
-0.00371577 15 72 31 37 290 135 47 168
-0.00371663 15 90 31 37 290 135 47 168
-0.00371633 15 108 31 37 290 135 47 168
-0.00371554 15 126 31 37 290 135 47 168
-0.00371181 0 0 31 37 290 135 47 168
-0.00325427 0 18 31 37 290 135 47 168
-0.00371028 0 36 31 37 290 135 47 168
-0.00370838 0 54 31 37 290 135 47 168
-0.00371169 0 72 31 37 290 135 47 168
-0.00213981 0 90 31 37 290 135 47 168
-0.0037081 0 108 31 37 290 135 47 168
-0.00370547 0 126 31 37 290 135 47 168
-0.00371086 15 0 31 37 290 135 47 168
-0.0037112 15 18 31 37 290 135 47 168
-0.00370942 15 36 31 37 290 135 47 168
-0.00370308 15 54 31 37 290 135 47 168
-0.00370384 15 72 31 37 290 135 47 168
-0.00302142 15 90 31 37 290 135 47 168
-0.00370992 15 108 31 37 290 135 47 168
-0.00370685 15 126 31 37 290 135 47 168
-0.00370861 0 0 47 67 290 135 47 168
-0.00149295 0 33 47 67 290 135 47 168
-0.00159962 0 66 47 67 290 135 47 168
-0.00204464 0 99 47 67 290 135 47 168
-0.00371584 0 0 47 67 290 135 47 168
-0.0037057 0 33 47 67 290 135 47 168
-0.00319684 0 66 47 67 290 135 47 168
-0.00371144 0 99 47 67 290 135 47 168
-0.00370425 0 0 47 67 290 135 47 168
-0.00371428 0 33 47 67 290 135 47 168
-0.00296432 0 66 47 67 290 135 47 168
-0.0037114 0 99 47 67 290 135 47 168
-0.003715 0 0 47 67 290 135 47 168
-0.00371558 0 33 47 67 290 135 47 168
-0.00371468 0 66 47 67 290 135 47 168
-0.0037052 0 99 47 67 290 135 47 168
-0.00223238 0 0 47 67 290 135 47 168
-0.00371173 0 33 47 67 290 135 47 168
-0.00181315 0 66 47 67 290 135 47 168
-0.00370454 0 99 47 67 290 135 47 168
-0.0036431 0 0 47 67 290 135 47 168
-0.00250964 0 33 47 67 290 135 47 168
-0.00142857 0 66 47 67 290 135 47 168
-0.00226424 0 99 47 67 290 135 47 168
-0.00370846 0 0 47 67 290 135 47 168
-0.00371476 0 33 47 67 290 135 47 168
-0.00370884 0 66 47 67 290 135 47 168
-0.0037138 0 99 47 67 290 135 47 168
-0.00290799 0 0 47 67 290 135 47 168
-0.0037058 0 33 47 67 290 135 47 168
-0.00370507 0 66 47 67 290 135 47 168
-0.00371381 0 99 47 67 290 135 47 168
-0.00371523 0 0 47 67 290 135 47 168
-0.00371078 0 33 47 67 290 135 47 168
-0.00370819 0 66 47 67 290 135 47 168
-0.00371419 0 99 47 67 290 135 47 168
-0.00370581 0 0 47 67 290 135 47 168
-0.00276665 0 33 47 67 290 135 47 168
-0.00153199 0 66 47 67 290 135 47 168
-0.00253866 0 99 47 67 290 135 47 168
-0.00220068 0 0 47 112 290 135 47 168
-0.00141035 0 56 47 112 290 135 47 168
-0.00370865 0 0 47 112 290 135 47 168
-0.00197618 0 56 47 112 290 135 47 168
-0.0037092 0 0 47 112 290 135 47 168
-0.00285222 0 56 47 112 290 135 47 168
-0.00371268 0 0 47 112 290 135 47 168
-0.00371326 0 56 47 112 290 135 47 168
-0.00370328 0 0 47 112 290 135 47 168
-0.0018316 0 56 47 112 290 135 47 168
-0.00241924 0 0 47 112 290 135 47 168
-0.00273839 0 56 47 112 290 135 47 168
-0.00288016 0 0 47 112 290 135 47 168
-0.00370535 0 56 47 112 290 135 47 168
-0.00175563 0 0 47 112 290 135 47 168
-0.00371466 0 56 47 112 290 135 47 168
-0.00138283 0 0 47 112 290 135 47 168
-0.0032829 0 56 47 112 290 135 47 168
-0.00216996 0 0 47 112 290 135 47 168
-0.00167518 0 56 47 112 290 135 47 168
