-0.00417932 0 0 13 12 214 152 39 74
-0.00416726 0 6 13 12 214 152 39 74
-0.00417674 0 12 13 12 214 152 39 74
-0.00418926 0 18 13 12 214 152 39 74
-0.00419126 0 24 13 12 214 152 39 74
-0.00418399 0 30 13 12 214 152 39 74
-0.0039881 0 36 13 12 214 152 39 74
-0.00418657 0 42 13 12 214 152 39 74
-0.00419207 0 48 13 12 214 152 39 74
-0.00419303 0 54 13 12 214 152 39 74
-0.00418923 0 60 13 12 214 152 39 74
-0.00419106 6 0 13 12 214 152 39 74
-0.00419144 6 6 13 12 214 152 39 74
-0.00418393 6 12 13 12 214 152 39 74
-0.0041899 6 18 13 12 214 152 39 74
-0.00419072 6 24 13 12 214 152 39 74
-0.00419319 6 30 13 12 214 152 39 74
-0.00419203 6 36 13 12 214 152 39 74
-0.00418973 6 42 13 12 214 152 39 74
-0.00419215 6 48 13 12 214 152 39 74
-0.00419321 6 54 13 12 214 152 39 74
-0.00419274 6 60 13 12 214 152 39 74
-0.00418993 12 0 13 12 214 152 39 74
-0.00419319 12 6 13 12 214 152 39 74
-0.00419097 12 12 13 12 214 152 39 74
-0.00419147 12 18 13 12 214 152 39 74
-0.00419333 12 24 13 12 214 152 39 74
-0.00418977 12 30 13 12 214 152 39 74
-0.00419204 12 36 13 12 214 152 39 74
-0.00419001 12 42 13 12 214 152 39 74
-0.00419364 12 48 13 12 214 152 39 74
-0.00419293 12 54 13 12 214 152 39 74
-0.00419411 12 60 13 12 214 152 39 74
-0.00418951 18 0 13 12 214 152 39 74
-0.00418986 18 6 13 12 214 152 39 74
-0.00418939 18 12 13 12 214 152 39 74
-0.0041855 18 18 13 12 214 152 39 74
-0.00419213 18 24 13 12 214 152 39 74
-0.00419234 18 30 13 12 214 152 39 74
-0.00418457 18 36 13 12 214 152 39 74
-0.00418939 18 42 13 12 214 152 39 74
-0.00419365 18 48 13 12 214 152 39 74
-0.0041939 18 54 13 12 214 152 39 74
-0.00419346 18 60 13 12 214 152 39 74
-0.00419362 24 0 13 12 214 152 39 74
-0.00418789 24 6 13 12 214 152 39 74
-0.00416816 24 12 13 12 214 152 39 74
-0.00418342 24 18 13 12 214 152 39 74
-0.00416614 24 24 13 12 214 152 39 74
-0.00417675 24 30 13 12 214 152 39 74
-0.00418441 24 36 13 12 214 152 39 74
-0.00417634 24 42 13 12 214 152 39 74
-0.00418739 24 48 13 12 214 152 39 74
-0.00419053 24 54 13 12 214 152 39 74
-0.00418818 24 60 13 12 214 152 39 74
-0.00416825 0 0 13 12 214 152 39 74
-0.00418233 0 6 13 12 214 152 39 74
-0.0041765 0 12 13 12 214 152 39 74
-0.00271717 0 18 13 12 214 152 39 74
-0.00418399 0 24 13 12 214 152 39 74
-0.00418882 0 30 13 12 214 152 39 74
-0.00419137 0 36 13 12 214 152 39 74
-0.00419293 0 42 13 12 214 152 39 74
-0.00419289 0 48 13 12 214 152 39 74
-0.00418935 0 54 13 12 214 152 39 74
-0.00418415 0 60 13 12 214 152 39 74
-0.004176 6 0 13 12 214 152 39 74
-0.00255465 6 6 13 12 214 152 39 74
-0.00417055 6 12 13 12 214 152 39 74
-0.00417962 6 18 13 12 214 152 39 74
-0.00416957 6 24 13 12 214 152 39 74
-0.00341846 6 30 13 12 214 152 39 74
-0.00295497 6 36 13 12 214 152 39 74
-0.00418407 6 42 13 12 214 152 39 74
-0.00419212 6 48 13 12 214 152 39 74
-0.00419199 6 54 13 12 214 152 39 74
-0.00419033 6 60 13 12 214 152 39 74
-0.00419295 12 0 13 12 214 152 39 74
-0.00418918 12 6 13 12 214 152 39 74
-0.00417244 12 12 13 12 214 152 39 74
-0.00418921 12 18 13 12 214 152 39 74
-0.00418909 12 24 13 12 214 152 39 74
-0.00418065 12 30 13 12 214 152 39 74
-0.00418931 12 36 13 12 214 152 39 74
-0.0041884 12 42 13 12 214 152 39 74
-0.00355536 12 48 13 12 214 152 39 74
-0.00298336 12 54 13 12 214 152 39 74
-0.00418617 12 60 13 12 214 152 39 74
-0.00419385 18 0 13 12 214 152 39 74
-0.00419153 18 6 13 12 214 152 39 74
-0.00418071 18 12 13 12 214 152 39 74
-0.00419052 18 18 13 12 214 152 39 74
-0.00419105 18 24 13 12 214 152 39 74
-0.00418512 18 30 13 12 214 152 39 74
-0.00417464 18 36 13 12 214 152 39 74
-0.00418824 18 42 13 12 214 152 39 74
-0.00417462 18 48 13 12 214 152 39 74
-0.00381428 18 54 13 12 214 152 39 74
-0.00419287 18 60 13 12 214 152 39 74
-0.00419279 24 0 13 12 214 152 39 74
-0.00419272 24 6 13 12 214 152 39 74
-0.00419296 24 12 13 12 214 152 39 74
-0.0041935 24 18 13 12 214 152 39 74
-0.0041927 24 24 13 12 214 152 39 74
-0.00418923 24 30 13 12 214 152 39 74
-0.00418605 24 36 13 12 214 152 39 74
-0.00418897 24 42 13 12 214 152 39 74
-0.00418806 24 48 13 12 214 152 39 74
-0.0041866 24 54 13 12 214 152 39 74
-0.00419361 24 60 13 12 214 152 39 74
-0.00418783 0 0 13 12 214 152 39 74
-0.00417655 0 6 13 12 214 152 39 74
-0.00418002 0 12 13 12 214 152 39 74
-0.00418629 0 18 13 12 214 152 39 74
-0.00418364 0 24 13 12 214 152 39 74
-0.00418793 0 30 13 12 214 152 39 74
-0.00418155 0 36 13 12 214 152 39 74
-0.0041774 0 42 13 12 214 152 39 74
-0.00417159 0 48 13 12 214 152 39 74
-0.00418261 0 54 13 12 214 152 39 74
-0.00418192 0 60 13 12 214 152 39 74
-0.00419356 6 0 13 12 214 152 39 74
-0.00416794 6 6 13 12 214 152 39 74
-0.00312582 6 12 13 12 214 152 39 74
-0.00416941 6 18 13 12 214 152 39 74
-0.00337379 6 24 13 12 214 152 39 74
-0.00418382 6 30 13 12 214 152 39 74
-0.00418313 6 36 13 12 214 152 39 74
-0.00418443 6 42 13 12 214 152 39 74
-0.00418899 6 48 13 12 214 152 39 74
-0.00419106 6 54 13 12 214 152 39 74
-0.00419173 6 60 13 12 214 152 39 74
-0.00419386 12 0 13 12 214 152 39 74
-0.00417854 12 6 13 12 214 152 39 74
-0.0793171 12 12 13 12 214 152 39 74
-0.00416974 12 18 13 12 214 152 39 74
-0.00417856 12 24 13 12 214 152 39 74
-0.00305517 12 30 13 12 214 152 39 74
-0.00417793 12 36 13 12 214 152 39 74
-0.00417021 12 42 13 12 214 152 39 74
-0.00417223 12 48 13 12 214 152 39 74
-0.00416885 12 54 13 12 214 152 39 74
-0.00417614 12 60 13 12 214 152 39 74
-0.00419036 18 0 13 12 214 152 39 74
-0.00417855 18 6 13 12 214 152 39 74
-0.00418893 18 12 13 12 214 152 39 74
-0.00419021 18 18 13 12 214 152 39 74
-0.00419348 18 24 13 12 214 152 39 74
-0.00418648 18 30 13 12 214 152 39 74
-0.00417093 18 36 13 12 214 152 39 74
-0.00321923 18 42 13 12 214 152 39 74
-0.00416845 18 48 13 12 214 152 39 74
-0.00261563 18 54 13 12 214 152 39 74
-0.00418609 18 60 13 12 214 152 39 74
-0.00253864 24 0 13 12 214 152 39 74
-0.00265247 24 6 13 12 214 152 39 74
-0.00416672 24 12 13 12 214 152 39 74
-0.00417501 24 18 13 12 214 152 39 74
-0.00419407 24 24 13 12 214 152 39 74
-0.00419185 24 30 13 12 214 152 39 74
-0.00418988 24 36 13 12 214 152 39 74
-0.00419068 24 42 13 12 214 152 39 74
-0.00419119 24 48 13 12 214 152 39 74
-0.00418194 24 54 13 12 214 152 39 74
-0.00419133 24 60 13 12 214 152 39 74
-0.0041895 0 0 13 12 214 152 39 74
-0.0041919 0 6 13 12 214 152 39 74
-0.00418854 0 12 13 12 214 152 39 74
-0.00418172 0 18 13 12 214 152 39 74
-0.00419237 0 24 13 12 214 152 39 74
-0.00419141 0 30 13 12 214 152 39 74
-0.00419238 0 36 13 12 214 152 39 74
-0.00419383 0 42 13 12 214 152 39 74
-0.0041934 0 48 13 12 214 152 39 74
-0.00417997 0 54 13 12 214 152 39 74
-0.00416831 0 60 13 12 214 152 39 74
-0.00417587 6 0 13 12 214 152 39 74
-0.00416608 6 6 13 12 214 152 39 74
-0.00419086 6 12 13 12 214 152 39 74
-0.00419315 6 18 13 12 214 152 39 74
-0.00419231 6 24 13 12 214 152 39 74
-0.00419045 6 30 13 12 214 152 39 74
-0.00418602 6 36 13 12 214 152 39 74
-0.00419102 6 42 13 12 214 152 39 74
-0.00419422 6 48 13 12 214 152 39 74
-0.00419289 6 54 13 12 214 152 39 74
-0.00418462 6 60 13 12 214 152 39 74
-0.00419292 12 0 13 12 214 152 39 74
-0.00419109 12 6 13 12 214 152 39 74
-0.00418924 12 12 13 12 214 152 39 74
-0.00419377 12 18 13 12 214 152 39 74
-0.00419433 12 24 13 12 214 152 39 74
-0.00418775 12 30 13 12 214 152 39 74
-0.0041936 12 36 13 12 214 152 39 74
-0.00419393 12 42 13 12 214 152 39 74
-0.00419085 12 48 13 12 214 152 39 74
-0.0041767 12 54 13 12 214 152 39 74
-0.00417483 12 60 13 12 214 152 39 74
-0.00419382 18 0 13 12 214 152 39 74
-0.00419259 18 6 13 12 214 152 39 74
-0.00418904 18 12 13 12 214 152 39 74
-0.00419362 18 18 13 12 214 152 39 74
-0.00419427 18 24 13 12 214 152 39 74
-0.00418891 18 30 13 12 214 152 39 74
-0.00418001 18 36 13 12 214 152 39 74
-0.00419241 18 42 13 12 214 152 39 74
-0.00418901 18 48 13 12 214 152 39 74
-0.00418546 18 54 13 12 214 152 39 74
-0.00418379 18 60 13 12 214 152 39 74
-0.00419087 24 0 13 12 214 152 39 74
-0.0041923 24 6 13 12 214 152 39 74
-0.00419251 24 12 13 12 214 152 39 74
-0.0041928 24 18 13 12 214 152 39 74
-0.00418587 24 24 13 12 214 152 39 74
-0.00418361 24 30 13 12 214 152 39 74
-0.00417554 24 36 13 12 214 152 39 74
-0.00418418 24 42 13 12 214 152 39 74
-0.00418144 24 48 13 12 214 152 39 74
-0.00418015 24 54 13 12 214 152 39 74
-0.00418845 24 60 13 12 214 152 39 74
-0.00418963 0 0 13 12 214 152 39 74
-0.00419261 0 6 13 12 214 152 39 74
-0.00418076 0 12 13 12 214 152 39 74
-0.00419175 0 18 13 12 214 152 39 74
-0.00419053 0 24 13 12 214 152 39 74
-0.00418902 0 30 13 12 214 152 39 74
-0.0041879 0 36 13 12 214 152 39 74
-0.00418896 0 42 13 12 214 152 39 74
-0.00419224 0 48 13 12 214 152 39 74
-0.00419014 0 54 13 12 214 152 39 74
-0.00418359 0 60 13 12 214 152 39 74
-0.0041891 6 0 13 12 214 152 39 74
-0.00419166 6 6 13 12 214 152 39 74
-0.00400987 6 12 13 12 214 152 39 74
-0.00418114 6 18 13 12 214 152 39 74
-0.00418834 6 24 13 12 214 152 39 74
-0.00419293 6 30 13 12 214 152 39 74
-0.0041936 6 36 13 12 214 152 39 74
-0.00419124 6 42 13 12 214 152 39 74
-0.00419316 6 48 13 12 214 152 39 74
-0.0041922 6 54 13 12 214 152 39 74
-0.0041815 6 60 13 12 214 152 39 74
-0.00418568 12 0 13 12 214 152 39 74
-0.00419021 12 6 13 12 214 152 39 74
-0.00419244 12 12 13 12 214 152 39 74
-0.00418674 12 18 13 12 214 152 39 74
-0.00418195 12 24 13 12 214 152 39 74
-0.00419277 12 30 13 12 214 152 39 74
-0.00419362 12 36 13 12 214 152 39 74
-0.00419168 12 42 13 12 214 152 39 74
-0.00419376 12 48 13 12 214 152 39 74
-0.00419124 12 54 13 12 214 152 39 74
-0.00419226 12 60 13 12 214 152 39 74
-0.00419383 18 0 13 12 214 152 39 74
-0.00419342 18 6 13 12 214 152 39 74
-0.00419305 18 12 13 12 214 152 39 74
-0.00419367 18 18 13 12 214 152 39 74
-0.00419401 18 24 13 12 214 152 39 74
-0.00419215 18 30 13 12 214 152 39 74
-0.00419022 18 36 13 12 214 152 39 74
-0.00419308 18 42 13 12 214 152 39 74
-0.00419239 18 48 13 12 214 152 39 74
-0.00417503 18 54 13 12 214 152 39 74
-0.00417873 18 60 13 12 214 152 39 74
-0.00419402 24 0 13 12 214 152 39 74
-0.00419221 24 6 13 12 214 152 39 74
-0.00418676 24 12 13 12 214 152 39 74
-0.00419255 24 18 13 12 214 152 39 74
-0.00419307 24 24 13 12 214 152 39 74
-0.0041922 24 30 13 12 214 152 39 74
-0.00419089 24 36 13 12 214 152 39 74
-0.00419288 24 42 13 12 214 152 39 74
-0.00419354 24 48 13 12 214 152 39 74
-0.00419374 24 54 13 12 214 152 39 74
-0.00419415 24 60 13 12 214 152 39 74
-0.00419348 0 0 13 12 214 152 39 74
-0.00419368 0 6 13 12 214 152 39 74
-0.00419286 0 12 13 12 214 152 39 74
-0.00419246 0 18 13 12 214 152 39 74
-0.00419361 0 24 13 12 214 152 39 74
-0.0041888 0 30 13 12 214 152 39 74
-0.00419166 0 36 13 12 214 152 39 74
-0.00419352 0 42 13 12 214 152 39 74
-0.00419137 0 48 13 12 214 152 39 74
-0.00418711 0 54 13 12 214 152 39 74
-0.00418602 0 60 13 12 214 152 39 74
-0.00419373 6 0 13 12 214 152 39 74
-0.00419352 6 6 13 12 214 152 39 74
-0.00419082 6 12 13 12 214 152 39 74
-0.00419229 6 18 13 12 214 152 39 74
-0.0041929 6 24 13 12 214 152 39 74
-0.00419261 6 30 13 12 214 152 39 74
-0.00419266 6 36 13 12 214 152 39 74
-0.00418655 6 42 13 12 214 152 39 74
-0.00418176 6 48 13 12 214 152 39 74
-0.00417431 6 54 13 12 214 152 39 74
-0.00418793 6 60 13 12 214 152 39 74
-0.0041938 12 0 13 12 214 152 39 74
-0.00419306 12 6 13 12 214 152 39 74
-0.00419294 12 12 13 12 214 152 39 74
-0.0041939 12 18 13 12 214 152 39 74
-0.00419341 12 24 13 12 214 152 39 74
-0.00418389 12 30 13 12 214 152 39 74
-0.00416584 12 36 13 12 214 152 39 74
-0.00418734 12 42 13 12 214 152 39 74
-0.00418448 12 48 13 12 214 152 39 74
-0.0041826 12 54 13 12 214 152 39 74
-0.00419154 12 60 13 12 214 152 39 74
-0.00419392 18 0 13 12 214 152 39 74
-0.00419376 18 6 13 12 214 152 39 74
-0.00419276 18 12 13 12 214 152 39 74
-0.00419098 18 18 13 12 214 152 39 74
-0.00419335 18 24 13 12 214 152 39 74
-0.00419348 18 30 13 12 214 152 39 74
-0.0041882 18 36 13 12 214 152 39 74
-0.00418819 18 42 13 12 214 152 39 74
-0.00418295 18 48 13 12 214 152 39 74
-0.00418275 18 54 13 12 214 152 39 74
-0.00418753 18 60 13 12 214 152 39 74
-0.00419332 24 0 13 12 214 152 39 74
-0.00419388 24 6 13 12 214 152 39 74
-0.00419228 24 12 13 12 214 152 39 74
-0.004188 24 18 13 12 214 152 39 74
-0.00419303 24 24 13 12 214 152 39 74
-0.0041911 24 30 13 12 214 152 39 74
-0.00418507 24 36 13 12 214 152 39 74
-0.00418671 24 42 13 12 214 152 39 74
-0.00419193 24 48 13 12 214 152 39 74
-0.00418999 24 54 13 12 214 152 39 74
-0.00418184 24 60 13 12 214 152 39 74
-0.00419365 0 0 13 12 214 152 39 74
-0.00419364 0 6 13 12 214 152 39 74
-0.00419188 0 12 13 12 214 152 39 74
-0.00419344 0 18 13 12 214 152 39 74
-0.00419337 0 24 13 12 214 152 39 74
-0.00419055 0 30 13 12 214 152 39 74
-0.00419363 0 36 13 12 214 152 39 74
-0.00419314 0 42 13 12 214 152 39 74
-0.0041868 0 48 13 12 214 152 39 74
-0.00418531 0 54 13 12 214 152 39 74
-0.00419174 0 60 13 12 214 152 39 74
-0.00419352 6 0 13 12 214 152 39 74
-0.00419382 6 6 13 12 214 152 39 74
-0.00419343 6 12 13 12 214 152 39 74
-0.00419366 6 18 13 12 214 152 39 74
-0.00419369 6 24 13 12 214 152 39 74
-0.00419122 6 30 13 12 214 152 39 74
-0.00419377 6 36 13 12 214 152 39 74
-0.00419243 6 42 13 12 214 152 39 74
-0.00419009 6 48 13 12 214 152 39 74
-0.00419257 6 54 13 12 214 152 39 74
-0.00419436 6 60 13 12 214 152 39 74
-0.00419278 12 0 13 12 214 152 39 74
-0.00419387 12 6 13 12 214 152 39 74
-0.00419182 12 12 13 12 214 152 39 74
-0.00419167 12 18 13 12 214 152 39 74
-0.00419258 12 24 13 12 214 152 39 74
-0.00419033 12 30 13 12 214 152 39 74
-0.00419329 12 36 13 12 214 152 39 74
-0.00419114 12 42 13 12 214 152 39 74
-0.00419031 12 48 13 12 214 152 39 74
-0.00419383 12 54 13 12 214 152 39 74
-0.00419387 12 60 13 12 214 152 39 74
-0.00419221 18 0 13 12 214 152 39 74
-0.00419345 18 6 13 12 214 152 39 74
-0.00419034 18 12 13 12 214 152 39 74
-0.00419172 18 18 13 12 214 152 39 74
-0.00418473 18 24 13 12 214 152 39 74
-0.00419149 18 30 13 12 214 152 39 74
-0.00418519 18 36 13 12 214 152 39 74
-0.00419237 18 42 13 12 214 152 39 74
-0.00419114 18 48 13 12 214 152 39 74
-0.00419404 18 54 13 12 214 152 39 74
-0.00419304 18 60 13 12 214 152 39 74
-0.00418838 24 0 13 12 214 152 39 74
-0.0041852 24 6 13 12 214 152 39 74
-0.00418294 24 12 13 12 214 152 39 74
-0.004189 24 18 13 12 214 152 39 74
-0.00418883 24 24 13 12 214 152 39 74
-0.00418936 24 30 13 12 214 152 39 74
-0.00419301 24 36 13 12 214 152 39 74
-0.00419313 24 42 13 12 214 152 39 74
-0.00419073 24 48 13 12 214 152 39 74
-0.00419377 24 54 13 12 214 152 39 74
-0.00419228 24 60 13 12 214 152 39 74
-0.00418911 0 0 13 12 214 152 39 74
-0.00419236 0 6 13 12 214 152 39 74
-0.00418697 0 12 13 12 214 152 39 74
-0.00419223 0 18 13 12 214 152 39 74
-0.00419333 0 24 13 12 214 152 39 74
-0.00418349 0 30 13 12 214 152 39 74
-0.00419376 0 36 13 12 214 152 39 74
-0.00419238 0 42 13 12 214 152 39 74
-0.00419099 0 48 13 12 214 152 39 74
-0.00419376 0 54 13 12 214 152 39 74
-0.0041943 0 60 13 12 214 152 39 74
-0.00419374 6 0 13 12 214 152 39 74
-0.00419373 6 6 13 12 214 152 39 74
-0.00419347 6 12 13 12 214 152 39 74
-0.00419186 6 18 13 12 214 152 39 74
-0.00419335 6 24 13 12 214 152 39 74
-0.00419197 6 30 13 12 214 152 39 74
-0.00419399 6 36 13 12 214 152 39 74
-0.0041927 6 42 13 12 214 152 39 74
-0.00419019 6 48 13 12 214 152 39 74
-0.00419418 6 54 13 12 214 152 39 74
-0.00419413 6 60 13 12 214 152 39 74
-0.00419229 12 0 13 12 214 152 39 74
-0.00419307 12 6 13 12 214 152 39 74
-0.00419385 12 12 13 12 214 152 39 74
-0.00418514 12 18 13 12 214 152 39 74
-0.00419186 12 24 13 12 214 152 39 74
-0.0041909 12 30 13 12 214 152 39 74
-0.00418989 12 36 13 12 214 152 39 74
-0.00419254 12 42 13 12 214 152 39 74
-0.00419185 12 48 13 12 214 152 39 74
-0.00419374 12 54 13 12 214 152 39 74
-0.00419388 12 60 13 12 214 152 39 74
-0.00419189 18 0 13 12 214 152 39 74
-0.0041932 18 6 13 12 214 152 39 74
-0.00419396 18 12 13 12 214 152 39 74
-0.00418418 18 18 13 12 214 152 39 74
-0.00418962 18 24 13 12 214 152 39 74
-0.00419035 18 30 13 12 214 152 39 74
-0.00419314 18 36 13 12 214 152 39 74
-0.00419393 18 42 13 12 214 152 39 74
-0.00419349 18 48 13 12 214 152 39 74
-0.00419392 18 54 13 12 214 152 39 74
-0.00419324 18 60 13 12 214 152 39 74
-0.00419353 24 0 13 12 214 152 39 74
-0.00419398 24 6 13 12 214 152 39 74
-0.00419381 24 12 13 12 214 152 39 74
-0.00418697 24 18 13 12 214 152 39 74
-0.00418703 24 24 13 12 214 152 39 74
-0.00418803 24 30 13 12 214 152 39 74
-0.00419383 24 36 13 12 214 152 39 74
-0.00419386 24 42 13 12 214 152 39 74
-0.00419134 24 48 13 12 214 152 39 74
-0.00419341 24 54 13 12 214 152 39 74
-0.00419083 24 60 13 12 214 152 39 74
-0.00419074 0 0 13 12 214 152 39 74
-0.00419287 0 6 13 12 214 152 39 74
-0.00419237 0 12 13 12 214 152 39 74
-0.00418947 0 18 13 12 214 152 39 74
-0.00419279 0 24 13 12 214 152 39 74
-0.00418549 0 30 13 12 214 152 39 74
-0.00419323 0 36 13 12 214 152 39 74
-0.00419293 0 42 13 12 214 152 39 74
-0.00418995 0 48 13 12 214 152 39 74
-0.00419388 0 54 13 12 214 152 39 74
-0.0041942 0 60 13 12 214 152 39 74
-0.00419219 6 0 13 12 214 152 39 74
-0.00418973 6 6 13 12 214 152 39 74
-0.00418876 6 12 13 12 214 152 39 74
-0.00419278 6 18 13 12 214 152 39 74
-0.00419295 6 24 13 12 214 152 39 74
-0.00419221 6 30 13 12 214 152 39 74
-0.00419319 6 36 13 12 214 152 39 74
-0.00419246 6 42 13 12 214 152 39 74
-0.00418874 6 48 13 12 214 152 39 74
-0.00419373 6 54 13 12 214 152 39 74
-0.00419414 6 60 13 12 214 152 39 74
-0.00419139 12 0 13 12 214 152 39 74
-0.00419196 12 6 13 12 214 152 39 74
-0.00419284 12 12 13 12 214 152 39 74
-0.00418768 12 18 13 12 214 152 39 74
-0.00419353 12 24 13 12 214 152 39 74
-0.00419373 12 30 13 12 214 152 39 74
-0.00419141 12 36 13 12 214 152 39 74
-0.00419182 12 42 13 12 214 152 39 74
-0.00419184 12 48 13 12 214 152 39 74
-0.0041938 12 54 13 12 214 152 39 74
-0.004194 12 60 13 12 214 152 39 74
-0.00419121 18 0 13 12 214 152 39 74
-0.00419322 18 6 13 12 214 152 39 74
-0.00419354 18 12 13 12 214 152 39 74
-0.0041919 18 18 13 12 214 152 39 74
-0.0041909 18 24 13 12 214 152 39 74
-0.00419337 18 30 13 12 214 152 39 74
-0.00419369 18 36 13 12 214 152 39 74
-0.00419129 18 42 13 12 214 152 39 74
-0.00419337 18 48 13 12 214 152 39 74
-0.00419404 18 54 13 12 214 152 39 74
-0.00419246 18 60 13 12 214 152 39 74
-0.00419172 24 0 13 12 214 152 39 74
-0.00419377 24 6 13 12 214 152 39 74
-0.00419326 24 12 13 12 214 152 39 74
-0.00419404 24 18 13 12 214 152 39 74
-0.00419265 24 24 13 12 214 152 39 74
-0.00419178 24 30 13 12 214 152 39 74
-0.00419379 24 36 13 12 214 152 39 74
-0.00419327 24 42 13 12 214 152 39 74
-0.00418798 24 48 13 12 214 152 39 74
-0.00419194 24 54 13 12 214 152 39 74
-0.00419396 24 60 13 12 214 152 39 74
-0.00419249 0 0 13 12 214 152 39 74
-0.00419139 0 6 13 12 214 152 39 74
-0.00419367 0 12 13 12 214 152 39 74
-0.0041929 0 18 13 12 214 152 39 74
-0.00419216 0 24 13 12 214 152 39 74
-0.00418918 0 30 13 12 214 152 39 74
-0.00418317 0 36 13 12 214 152 39 74
-0.0041845 0 42 13 12 214 152 39 74
-0.00419119 0 48 13 12 214 152 39 74
-0.00419299 0 54 13 12 214 152 39 74
-0.00418999 0 60 13 12 214 152 39 74
-0.00419198 6 0 13 12 214 152 39 74
-0.00419272 6 6 13 12 214 152 39 74
-0.00419183 6 12 13 12 214 152 39 74
-0.00418609 6 18 13 12 214 152 39 74
-0.00418588 6 24 13 12 214 152 39 74
-0.00419326 6 30 13 12 214 152 39 74
-0.00419238 6 36 13 12 214 152 39 74
-0.00419125 6 42 13 12 214 152 39 74
-0.0041925 6 48 13 12 214 152 39 74
-0.00419324 6 54 13 12 214 152 39 74
-0.00418894 6 60 13 12 214 152 39 74
-0.00419157 12 0 13 12 214 152 39 74
-0.00419214 12 6 13 12 214 152 39 74
-0.00417671 12 12 13 12 214 152 39 74
-0.00419044 12 18 13 12 214 152 39 74
-0.00418879 12 24 13 12 214 152 39 74
-0.00419358 12 30 13 12 214 152 39 74
-0.00419245 12 36 13 12 214 152 39 74
-0.00419323 12 42 13 12 214 152 39 74
-0.00419343 12 48 13 12 214 152 39 74
-0.00418468 12 54 13 12 214 152 39 74
-0.00418766 12 60 13 12 214 152 39 74
-0.0041827 18 0 13 12 214 152 39 74
-0.00418259 18 6 13 12 214 152 39 74
-0.00419045 18 12 13 12 214 152 39 74
-0.00418742 18 18 13 12 214 152 39 74
-0.00419135 18 24 13 12 214 152 39 74
-0.0041905 18 30 13 12 214 152 39 74
-0.00418478 18 36 13 12 214 152 39 74
-0.00419223 18 42 13 12 214 152 39 74
-0.00419334 18 48 13 12 214 152 39 74
-0.00419215 18 54 13 12 214 152 39 74
-0.00416857 18 60 13 12 214 152 39 74
-0.00419183 24 0 13 12 214 152 39 74
-0.00418534 24 6 13 12 214 152 39 74
-0.00419098 24 12 13 12 214 152 39 74
-0.00418227 24 18 13 12 214 152 39 74
-0.00419318 24 24 13 12 214 152 39 74
-0.00419045 24 30 13 12 214 152 39 74
-0.00417327 24 36 13 12 214 152 39 74
-0.0041788 24 42 13 12 214 152 39 74
-0.0041891 24 48 13 12 214 152 39 74
-0.00419293 24 54 13 12 214 152 39 74
-0.00419407 24 60 13 12 214 152 39 74
-0.00418035 0 0 15 16 214 152 39 74
-0.00417095 0 8 15 16 214 152 39 74
-0.00418569 0 16 15 16 214 152 39 74
-0.00418914 0 24 15 16 214 152 39 74
-0.00405247 0 32 15 16 214 152 39 74
-0.00418506 0 40 15 16 214 152 39 74
-0.00419225 0 48 15 16 214 152 39 74
-0.00418872 0 56 15 16 214 152 39 74
-0.00419005 7 0 15 16 214 152 39 74
-0.00419064 7 8 15 16 214 152 39 74
-0.00417553 7 16 15 16 214 152 39 74
-0.00418876 7 24 15 16 214 152 39 74
-0.00419265 7 32 15 16 214 152 39 74
-0.00419147 7 40 15 16 214 152 39 74
-0.00419283 7 48 15 16 214 152 39 74
-0.0041923 7 56 15 16 214 152 39 74
-0.00418407 14 0 15 16 214 152 39 74
-0.00419128 14 8 15 16 214 152 39 74
-0.00419062 14 16 15 16 214 152 39 74
-0.00419294 14 24 15 16 214 152 39 74
-0.0041831 14 32 15 16 214 152 39 74
-0.00418562 14 40 15 16 214 152 39 74
-0.00419209 14 48 15 16 214 152 39 74
-0.00419366 14 56 15 16 214 152 39 74
-0.00419059 21 0 15 16 214 152 39 74
-0.00417635 21 8 15 16 214 152 39 74
-0.00368314 21 16 15 16 214 152 39 74
-0.00418185 21 24 15 16 214 152 39 74
-0.00418386 21 32 15 16 214 152 39 74
-0.00418469 21 40 15 16 214 152 39 74
-0.00419029 21 48 15 16 214 152 39 74
-0.00418799 21 56 15 16 214 152 39 74
-0.00330789 0 0 15 16 214 152 39 74
-0.00416925 0 8 15 16 214 152 39 74
-0.0032855 0 16 15 16 214 152 39 74
-0.00418228 0 24 15 16 214 152 39 74
-0.00418819 0 32 15 16 214 152 39 74
-0.00419145 0 40 15 16 214 152 39 74
-0.00419149 0 48 15 16 214 152 39 74
-0.00418674 0 56 15 16 214 152 39 74
-0.00417581 7 0 15 16 214 152 39 74
-0.00319557 7 8 15 16 214 152 39 74
-0.00418122 7 16 15 16 214 152 39 74
-0.0041714 7 24 15 16 214 152 39 74
-0.00416502 7 32 15 16 214 152 39 74
-0.00407412 7 40 15 16 214 152 39 74
-0.00418901 7 48 15 16 214 152 39 74
-0.00419045 7 56 15 16 214 152 39 74
-0.00419257 14 0 15 16 214 152 39 74
-0.00417348 14 8 15 16 214 152 39 74
-0.00418704 14 16 15 16 214 152 39 74
-0.00419022 14 24 15 16 214 152 39 74
-0.003966 14 32 15 16 214 152 39 74
-0.00418269 14 40 15 16 214 152 39 74
-0.003396 14 48 15 16 214 152 39 74
-0.00418663 14 56 15 16 214 152 39 74
-0.00419303 21 0 15 16 214 152 39 74
-0.00419085 21 8 15 16 214 152 39 74
-0.00419208 21 16 15 16 214 152 39 74
-0.00418983 21 24 15 16 214 152 39 74
-0.00418504 21 32 15 16 214 152 39 74
-0.00418671 21 40 15 16 214 152 39 74
-0.00417845 21 48 15 16 214 152 39 74
-0.00419183 21 56 15 16 214 152 39 74
-0.00418912 0 0 15 16 214 152 39 74
-0.00416992 0 8 15 16 214 152 39 74
-0.00417673 0 16 15 16 214 152 39 74
-0.00418058 0 24 15 16 214 152 39 74
-0.00418636 0 32 15 16 214 152 39 74
-0.00417702 0 40 15 16 214 152 39 74
-0.00417871 0 48 15 16 214 152 39 74
-0.00418241 0 56 15 16 214 152 39 74
-0.00419325 7 0 15 16 214 152 39 74
-0.00258844 7 8 15 16 214 152 39 74
-0.00273793 7 16 15 16 214 152 39 74
-0.00287515 7 24 15 16 214 152 39 74
-0.00418141 7 32 15 16 214 152 39 74
-0.00418376 7 40 15 16 214 152 39 74
-0.00418898 7 48 15 16 214 152 39 74
-0.00419062 7 56 15 16 214 152 39 74
-0.00419211 14 0 15 16 214 152 39 74
-0.00411908 14 8 15 16 214 152 39 74
-0.00418693 14 16 15 16 214 152 39 74
-0.00418282 14 24 15 16 214 152 39 74
-0.00282191 14 32 15 16 214 152 39 74
-0.00267336 14 40 15 16 214 152 39 74
-0.00353283 14 48 15 16 214 152 39 74
-0.00416578 14 56 15 16 214 152 39 74
-0.00351074 21 0 15 16 214 152 39 74
-0.00284918 21 8 15 16 214 152 39 74
-0.00418173 21 16 15 16 214 152 39 74
-0.00419281 21 24 15 16 214 152 39 74
-0.00416536 21 32 15 16 214 152 39 74
-0.0041799 21 40 15 16 214 152 39 74
-0.00417862 21 48 15 16 214 152 39 74
-0.00418402 21 56 15 16 214 152 39 74
-0.00418633 0 0 15 16 214 152 39 74
-0.00418856 0 8 15 16 214 152 39 74
-0.00418609 0 16 15 16 214 152 39 74
-0.00419126 0 24 15 16 214 152 39 74
-0.00418793 0 32 15 16 214 152 39 74
-0.00419241 0 40 15 16 214 152 39 74
-0.00419151 0 48 15 16 214 152 39 74
-0.00374914 0 56 15 16 214 152 39 74
-0.00370472 7 0 15 16 214 152 39 74
-0.0041847 7 8 15 16 214 152 39 74
-0.00419303 7 16 15 16 214 152 39 74
-0.00419191 7 24 15 16 214 152 39 74
-0.00419049 7 32 15 16 214 152 39 74
-0.00418746 7 40 15 16 214 152 39 74
-0.00419342 7 48 15 16 214 152 39 74
-0.00419042 7 56 15 16 214 152 39 74
-0.00419248 14 0 15 16 214 152 39 74
-0.00418204 14 8 15 16 214 152 39 74
-0.00419325 14 16 15 16 214 152 39 74
-0.00419424 14 24 15 16 214 152 39 74
-0.00417465 14 32 15 16 214 152 39 74
-0.00419042 14 40 15 16 214 152 39 74
-0.00418514 14 48 15 16 214 152 39 74
-0.00417303 14 56 15 16 214 152 39 74
-0.00419234 21 0 15 16 214 152 39 74
-0.00419016 21 8 15 16 214 152 39 74
-0.00419283 21 16 15 16 214 152 39 74
-0.00419197 21 24 15 16 214 152 39 74
-0.00344082 21 32 15 16 214 152 39 74
-0.00417796 21 40 15 16 214 152 39 74
-0.00418232 21 48 15 16 214 152 39 74
-0.00303046 21 56 15 16 214 152 39 74
-0.00418721 0 0 15 16 214 152 39 74
-0.00419077 0 8 15 16 214 152 39 74
-0.00419085 0 16 15 16 214 152 39 74
-0.0041916 0 24 15 16 214 152 39 74
-0.00418852 0 32 15 16 214 152 39 74
-0.00418561 0 40 15 16 214 152 39 74
-0.0041916 0 48 15 16 214 152 39 74
-0.00418361 0 56 15 16 214 152 39 74
-0.00418261 7 0 15 16 214 152 39 74
-0.00418409 7 8 15 16 214 152 39 74
-0.00417505 7 16 15 16 214 152 39 74
-0.00418821 7 24 15 16 214 152 39 74
-0.00419351 7 32 15 16 214 152 39 74
-0.00419229 7 40 15 16 214 152 39 74
-0.0041932 7 48 15 16 214 152 39 74
-0.00419057 7 56 15 16 214 152 39 74
-0.00419291 14 0 15 16 214 152 39 74
-0.00419386 14 8 15 16 214 152 39 74
-0.00419414 14 16 15 16 214 152 39 74
-0.004193 14 24 15 16 214 152 39 74
-0.00419277 14 32 15 16 214 152 39 74
-0.00419196 14 40 15 16 214 152 39 74
-0.00419336 14 48 15 16 214 152 39 74
-0.0041753 14 56 15 16 214 152 39 74
-0.00419355 21 0 15 16 214 152 39 74
-0.00417969 21 8 15 16 214 152 39 74
-0.0041923 21 16 15 16 214 152 39 74
-0.00419107 21 24 15 16 214 152 39 74
-0.00419171 21 32 15 16 214 152 39 74
-0.00419301 21 40 15 16 214 152 39 74
-0.00419396 21 48 15 16 214 152 39 74
-0.00419391 21 56 15 16 214 152 39 74
-0.00419318 0 0 15 16 214 152 39 74
-0.00419267 0 8 15 16 214 152 39 74
-0.00419156 0 16 15 16 214 152 39 74
-0.00419295 0 24 15 16 214 152 39 74
-0.00418324 0 32 15 16 214 152 39 74
-0.00419306 0 40 15 16 214 152 39 74
-0.00418427 0 48 15 16 214 152 39 74
-0.00417836 0 56 15 16 214 152 39 74
-0.00419371 7 0 15 16 214 152 39 74
-0.00418731 7 8 15 16 214 152 39 74
-0.00419086 7 16 15 16 214 152 39 74
-0.0041908 7 24 15 16 214 152 39 74
-0.00418767 7 32 15 16 214 152 39 74
-0.00418272 7 40 15 16 214 152 39 74
-0.00317112 7 48 15 16 214 152 39 74
-0.00419069 7 56 15 16 214 152 39 74
-0.00419375 14 0 15 16 214 152 39 74
-0.00419327 14 8 15 16 214 152 39 74
-0.00419303 14 16 15 16 214 152 39 74
-0.0041936 14 24 15 16 214 152 39 74
-0.00418988 14 32 15 16 214 152 39 74
-0.00418414 14 40 15 16 214 152 39 74
-0.00418134 14 48 15 16 214 152 39 74
-0.00418997 14 56 15 16 214 152 39 74
-0.00419312 21 0 15 16 214 152 39 74
-0.00419272 21 8 15 16 214 152 39 74
-0.00417379 21 16 15 16 214 152 39 74
-0.00419226 21 24 15 16 214 152 39 74
-0.0041903 21 32 15 16 214 152 39 74
-0.00419128 21 40 15 16 214 152 39 74
-0.0041891 21 48 15 16 214 152 39 74
-0.00418063 21 56 15 16 214 152 39 74
-0.00419336 0 0 15 16 214 152 39 74
-0.00419148 0 8 15 16 214 152 39 74
-0.00419288 0 16 15 16 214 152 39 74
-0.00418971 0 24 15 16 214 152 39 74
-0.00418206 0 32 15 16 214 152 39 74
-0.0041933 0 40 15 16 214 152 39 74
-0.00416862 0 48 15 16 214 152 39 74
-0.00419004 0 56 15 16 214 152 39 74
-0.00419349 7 0 15 16 214 152 39 74
-0.00419298 7 8 15 16 214 152 39 74
-0.00419143 7 16 15 16 214 152 39 74
-0.00419195 7 24 15 16 214 152 39 74
-0.00419068 7 32 15 16 214 152 39 74
-0.00419135 7 40 15 16 214 152 39 74
-0.00416815 7 48 15 16 214 152 39 74
-0.00419413 7 56 15 16 214 152 39 74
-0.00419308 14 0 15 16 214 152 39 74
-0.00419277 14 8 15 16 214 152 39 74
-0.00418939 14 16 15 16 214 152 39 74
-0.00418555 14 24 15 16 214 152 39 74
-0.00418965 14 32 15 16 214 152 39 74
-0.0041899 14 40 15 16 214 152 39 74
-0.00419244 14 48 15 16 214 152 39 74
-0.00419336 14 56 15 16 214 152 39 74
-0.00419044 21 0 15 16 214 152 39 74
-0.00418668 21 8 15 16 214 152 39 74
-0.00418341 21 16 15 16 214 152 39 74
-0.00418804 21 24 15 16 214 152 39 74
-0.00419036 21 32 15 16 214 152 39 74
-0.00418538 21 40 15 16 214 152 39 74
-0.00419062 21 48 15 16 214 152 39 74
-0.0041915 21 56 15 16 214 152 39 74
-0.00419136 0 0 15 16 214 152 39 74
-0.0041881 0 8 15 16 214 152 39 74
-0.00418694 0 16 15 16 214 152 39 74
-0.00418878 0 24 15 16 214 152 39 74
-0.00418916 0 32 15 16 214 152 39 74
-0.00419211 0 40 15 16 214 152 39 74
-0.00418099 0 48 15 16 214 152 39 74
-0.00419434 0 56 15 16 214 152 39 74
-0.00419216 7 0 15 16 214 152 39 74
-0.0041936 7 8 15 16 214 152 39 74
-0.00418248 7 16 15 16 214 152 39 74
-0.00418932 7 24 15 16 214 152 39 74
-0.00419288 7 32 15 16 214 152 39 74
-0.00418881 7 40 15 16 214 152 39 74
-0.00418664 7 48 15 16 214 152 39 74
-0.00419419 7 56 15 16 214 152 39 74
-0.00418286 14 0 15 16 214 152 39 74
-0.00419344 14 8 15 16 214 152 39 74
-0.00417747 14 16 15 16 214 152 39 74
-0.00419126 14 24 15 16 214 152 39 74
-0.00418308 14 32 15 16 214 152 39 74
-0.00419302 14 40 15 16 214 152 39 74
-0.00419373 14 48 15 16 214 152 39 74
-0.0041936 14 56 15 16 214 152 39 74
-0.00419159 21 0 15 16 214 152 39 74
-0.00419391 21 8 15 16 214 152 39 74
-0.00418803 21 16 15 16 214 152 39 74
-0.00418515 21 24 15 16 214 152 39 74
-0.00419113 21 32 15 16 214 152 39 74
-0.00419225 21 40 15 16 214 152 39 74
-0.00419325 21 48 15 16 214 152 39 74
-0.0041874 21 56 15 16 214 152 39 74
-0.00419232 0 0 15 16 214 152 39 74
-0.00419222 0 8 15 16 214 152 39 74
-0.00417822 0 16 15 16 214 152 39 74
-0.00418883 0 24 15 16 214 152 39 74
-0.00418855 0 32 15 16 214 152 39 74
-0.0041909 0 40 15 16 214 152 39 74
-0.00418274 0 48 15 16 214 152 39 74
-0.00419308 0 56 15 16 214 152 39 74
-0.00418754 7 0 15 16 214 152 39 74
-0.00417739 7 8 15 16 214 152 39 74
-0.00418868 7 16 15 16 214 152 39 74
-0.00419239 7 24 15 16 214 152 39 74
-0.00419077 7 32 15 16 214 152 39 74
-0.00417322 7 40 15 16 214 152 39 74
-0.0041747 7 48 15 16 214 152 39 74
-0.0041931 7 56 15 16 214 152 39 74
-0.00417732 14 0 15 16 214 152 39 74
-0.00418776 14 8 15 16 214 152 39 74
-0.00418209 14 16 15 16 214 152 39 74
-0.00419297 14 24 15 16 214 152 39 74
-0.00419271 14 32 15 16 214 152 39 74
-0.00417737 14 40 15 16 214 152 39 74
-0.00419205 14 48 15 16 214 152 39 74
-0.00419042 14 56 15 16 214 152 39 74
-0.00418451 21 0 15 16 214 152 39 74
-0.00419293 21 8 15 16 214 152 39 74
-0.0041937 21 16 15 16 214 152 39 74
-0.00417596 21 24 15 16 214 152 39 74
-0.00419249 21 32 15 16 214 152 39 74
-0.00419123 21 40 15 16 214 152 39 74
-0.00418655 21 48 15 16 214 152 39 74
-0.00419335 21 56 15 16 214 152 39 74
-0.00418542 0 0 15 16 214 152 39 74
-0.00419269 0 8 15 16 214 152 39 74
-0.00418782 0 16 15 16 214 152 39 74
-0.00419219 0 24 15 16 214 152 39 74
-0.00417582 0 32 15 16 214 152 39 74
-0.00417643 0 40 15 16 214 152 39 74
-0.00419258 0 48 15 16 214 152 39 74
-0.00419061 0 56 15 16 214 152 39 74
-0.00419054 7 0 15 16 214 152 39 74
-0.00419234 7 8 15 16 214 152 39 74
-0.00418695 7 16 15 16 214 152 39 74
-0.00419122 7 24 15 16 214 152 39 74
-0.00419197 7 32 15 16 214 152 39 74
-0.00419188 7 40 15 16 214 152 39 74
-0.00419343 7 48 15 16 214 152 39 74
-0.00419106 7 56 15 16 214 152 39 74
-0.00419081 14 0 15 16 214 152 39 74
-0.00418909 14 8 15 16 214 152 39 74
-0.00418673 14 16 15 16 214 152 39 74
-0.00418823 14 24 15 16 214 152 39 74
-0.00418643 14 32 15 16 214 152 39 74
-0.00419193 14 40 15 16 214 152 39 74
-0.00419099 14 48 15 16 214 152 39 74
-0.00387931 14 56 15 16 214 152 39 74
-0.00403129 21 0 15 16 214 152 39 74
-0.00418631 21 8 15 16 214 152 39 74
-0.00417659 21 16 15 16 214 152 39 74
-0.00419115 21 24 15 16 214 152 39 74
-0.00418422 21 32 15 16 214 152 39 74
-0.00418574 21 40 15 16 214 152 39 74
-0.00419195 21 48 15 16 214 152 39 74
-0.00419381 21 56 15 16 214 152 39 74
-0.0041723 0 0 26 21 214 152 39 74
-0.00418663 0 10 26 21 214 152 39 74
-0.0037922 0 20 26 21 214 152 39 74
-0.00262166 0 30 26 21 214 152 39 74
-0.0041878 0 40 26 21 214 152 39 74
-0.00418391 0 50 26 21 214 152 39 74
-0.0041699 13 0 26 21 214 152 39 74
-0.0041856 13 10 26 21 214 152 39 74
-0.0041735 13 20 26 21 214 152 39 74
-0.00326388 13 30 26 21 214 152 39 74
-0.00409667 13 40 26 21 214 152 39 74
-0.0030797 13 50 26 21 214 152 39 74
-0.00357747 0 0 26 21 214 152 39 74
-0.00383604 0 10 26 21 214 152 39 74
-0.00418445 0 20 26 21 214 152 39 74
-0.00418011 0 30 26 21 214 152 39 74
-0.00418166 0 40 26 21 214 152 39 74
-0.00418634 0 50 26 21 214 152 39 74
-0.00418949 13 0 26 21 214 152 39 74
-0.00418288 13 10 26 21 214 152 39 74
-0.00418851 13 20 26 21 214 152 39 74
-0.00418801 13 30 26 21 214 152 39 74
-0.00418732 13 40 26 21 214 152 39 74
-0.00418573 13 50 26 21 214 152 39 74
-0.00418999 0 0 26 21 214 152 39 74
-0.00364157 0 10 26 21 214 152 39 74
-0.00247162 0 20 26 21 214 152 39 74
-0.00418096 0 30 26 21 214 152 39 74
-0.00418045 0 40 26 21 214 152 39 74
-0.00418433 0 50 26 21 214 152 39 74
-0.00418607 13 0 26 21 214 152 39 74
-0.00392321 13 10 26 21 214 152 39 74
-0.00418121 13 20 26 21 214 152 39 74
-0.00359914 13 30 26 21 214 152 39 74
-0.00245822 13 40 26 21 214 152 39 74
-0.00292876 13 50 26 21 214 152 39 74
-0.00385758 0 0 26 21 214 152 39 74
-0.00418877 0 10 26 21 214 152 39 74
-0.00419337 0 20 26 21 214 152 39 74
-0.00418194 0 30 26 21 214 152 39 74
-0.00418438 0 40 26 21 214 152 39 74
-0.00417567 0 50 26 21 214 152 39 74
-0.00418109 13 0 26 21 214 152 39 74
-0.00418719 13 10 26 21 214 152 39 74
-0.0041931 13 20 26 21 214 152 39 74
-0.00324168 13 30 26 21 214 152 39 74
-0.00418233 13 40 26 21 214 152 39 74
-0.00276576 13 50 26 21 214 152 39 74
-0.00418681 0 0 26 21 214 152 39 74
-0.00418535 0 10 26 21 214 152 39 74
-0.00418935 0 20 26 21 214 152 39 74
-0.00418553 0 30 26 21 214 152 39 74
-0.00416966 0 40 26 21 214 152 39 74
-0.0041904 0 50 26 21 214 152 39 74
-0.00419055 13 0 26 21 214 152 39 74
-0.004186 13 10 26 21 214 152 39 74
-0.00418901 13 20 26 21 214 152 39 74
-0.0041848 13 30 26 21 214 152 39 74
-0.00417695 13 40 26 21 214 152 39 74
-0.00419269 13 50 26 21 214 152 39 74
-0.00419222 0 0 26 21 214 152 39 74
-0.00417722 0 10 26 21 214 152 39 74
-0.00419173 0 20 26 21 214 152 39 74
-0.00417535 0 30 26 21 214 152 39 74
-0.0041903 0 40 26 21 214 152 39 74
-0.00417384 0 50 26 21 214 152 39 74
-0.00418986 13 0 26 21 214 152 39 74
-0.0041761 13 10 26 21 214 152 39 74
-0.00418805 13 20 26 21 214 152 39 74
-0.00417608 13 30 26 21 214 152 39 74
-0.00418797 13 40 26 21 214 152 39 74
-0.00366255 13 50 26 21 214 152 39 74
-0.00419187 0 0 26 21 214 152 39 74
-0.00418967 0 10 26 21 214 152 39 74
-0.00418836 0 20 26 21 214 152 39 74
-0.00418259 0 30 26 21 214 152 39 74
-0.00419254 0 40 26 21 214 152 39 74
-0.00419403 0 50 26 21 214 152 39 74
-0.00419213 13 0 26 21 214 152 39 74
-0.00394465 13 10 26 21 214 152 39 74
-0.00300501 13 20 26 21 214 152 39 74
-0.00417956 13 30 26 21 214 152 39 74
-0.00418063 13 40 26 21 214 152 39 74
-0.00419179 13 50 26 21 214 152 39 74
-0.00418679 0 0 26 21 214 152 39 74
-0.0041937 0 10 26 21 214 152 39 74
-0.00418223 0 20 26 21 214 152 39 74
-0.00416618 0 30 26 21 214 152 39 74
-0.00419259 0 40 26 21 214 152 39 74
-0.00419384 0 50 26 21 214 152 39 74
-0.00418314 13 0 26 21 214 152 39 74
-0.00419393 13 10 26 21 214 152 39 74
-0.00418156 13 20 26 21 214 152 39 74
-0.00418798 13 30 26 21 214 152 39 74
-0.00419314 13 40 26 21 214 152 39 74
-0.0041899 13 50 26 21 214 152 39 74
-0.00419068 0 0 26 21 214 152 39 74
-0.00335115 0 10 26 21 214 152 39 74
-0.00418345 0 20 26 21 214 152 39 74
-0.00418531 0 30 26 21 214 152 39 74
-0.00418997 0 40 26 21 214 152 39 74
-0.00416944 0 50 26 21 214 152 39 74
-0.0041883 13 0 26 21 214 152 39 74
-0.0041915 13 10 26 21 214 152 39 74
-0.00418248 13 20 26 21 214 152 39 74
-0.00418952 13 30 26 21 214 152 39 74
-0.0041792 13 40 26 21 214 152 39 74
-0.00418217 13 50 26 21 214 152 39 74
-0.00417407 0 0 26 21 214 152 39 74
-0.00418965 0 10 26 21 214 152 39 74
-0.0041912 0 20 26 21 214 152 39 74
-0.00362064 0 30 26 21 214 152 39 74
-0.00418515 0 40 26 21 214 152 39 74
-0.00419055 0 50 26 21 214 152 39 74
-0.00419004 13 0 26 21 214 152 39 74
-0.00418951 13 10 26 21 214 152 39 74
-0.00418965 13 20 26 21 214 152 39 74
-0.00418212 13 30 26 21 214 152 39 74
-0.00417025 13 40 26 21 214 152 39 74
-0.00418955 13 50 26 21 214 152 39 74
-0.00314749 0 0 39 37 214 152 39 74
-0.00290073 0 18 39 37 214 152 39 74
-0.00298082 0 36 39 37 214 152 39 74
-0.00279517 0 0 39 37 214 152 39 74
-0.00417183 0 18 39 37 214 152 39 74
-0.00418353 0 36 39 37 214 152 39 74
-0.00377098 0 0 39 37 214 152 39 74
-0.00310187 0 18 39 37 214 152 39 74
-0.00417421 0 36 39 37 214 152 39 74
-0.00417567 0 0 39 37 214 152 39 74
-0.00419135 0 18 39 37 214 152 39 74
-0.00416947 0 36 39 37 214 152 39 74
-0.00416756 0 0 39 37 214 152 39 74
-0.00348762 0 18 39 37 214 152 39 74
-0.00332955 0 36 39 37 214 152 39 74
-0.00418662 0 0 39 37 214 152 39 74
-0.00418598 0 18 39 37 214 152 39 74
-0.00418029 0 36 39 37 214 152 39 74
-0.00419207 0 0 39 37 214 152 39 74
-0.00417909 0 18 39 37 214 152 39 74
-0.00418693 0 36 39 37 214 152 39 74
-0.00417978 0 0 39 37 214 152 39 74
-0.004169 0 18 39 37 214 152 39 74
-0.0041754 0 36 39 37 214 152 39 74
-0.00417457 0 0 39 37 214 152 39 74
-0.00251239 0 18 39 37 214 152 39 74
-0.00419038 0 36 39 37 214 152 39 74
-0.00418106 0 0 39 37 214 152 39 74
-0.00372717 0 18 39 37 214 152 39 74
-0.00390162 0 36 39 37 214 152 39 74
-0.00449036 0 0 39 74 214 152 39 74
-0.0041656 0 0 39 74 214 152 39 74
-0.00414212 0 0 39 74 214 152 39 74
-0.00417278 0 0 39 74 214 152 39 74
-0.00247307 0 0 39 74 214 152 39 74
-0.00418521 0 0 39 74 214 152 39 74
-0.0041868 0 0 39 74 214 152 39 74
-0.00346413 0 0 39 74 214 152 39 74
-0.00247587 0 0 39 74 214 152 39 74
-0.00269624 0 0 39 74 214 152 39 74
