-0.00350609 0 0 8 8 74 141 39 36
-0.00350642 0 4 8 8 74 141 39 36
-0.00350638 0 8 8 8 74 141 39 36
-0.00350649 0 12 8 8 74 141 39 36
-0.00350659 0 16 8 8 74 141 39 36
-0.00350657 0 20 8 8 74 141 39 36
-0.00350656 0 24 8 8 74 141 39 36
-0.00350655 0 28 8 8 74 141 39 36
-0.0035063 4 0 8 8 74 141 39 36
-0.00350601 4 4 8 8 74 141 39 36
-0.00350594 4 8 8 8 74 141 39 36
-0.00350609 4 12 8 8 74 141 39 36
-0.00350559 4 16 8 8 74 141 39 36
-0.00350486 4 20 8 8 74 141 39 36
-0.00350478 4 24 8 8 74 141 39 36
-0.00350505 4 28 8 8 74 141 39 36
-0.00350599 8 0 8 8 74 141 39 36
-0.00349947 8 4 8 8 74 141 39 36
-0.00350055 8 8 8 8 74 141 39 36
-0.00349521 8 12 8 8 74 141 39 36
-0.00348984 8 16 8 8 74 141 39 36
-0.00349576 8 20 8 8 74 141 39 36
-0.00349704 8 24 8 8 74 141 39 36
-0.00349976 8 28 8 8 74 141 39 36
-0.00350583 12 0 8 8 74 141 39 36
-0.00350221 12 4 8 8 74 141 39 36
-0.00349569 12 8 8 8 74 141 39 36
-0.00349955 12 12 8 8 74 141 39 36
-0.00349631 12 16 8 8 74 141 39 36
-0.00349479 12 20 8 8 74 141 39 36
-0.00350243 12 24 8 8 74 141 39 36
-0.00350512 12 28 8 8 74 141 39 36
-0.00350514 16 0 8 8 74 141 39 36
-0.00350058 16 4 8 8 74 141 39 36
-0.0023436 16 8 8 8 74 141 39 36
-0.00350161 16 12 8 8 74 141 39 36
-0.0034979 16 16 8 8 74 141 39 36
-0.0035059 16 20 8 8 74 141 39 36
-0.0035064 16 24 8 8 74 141 39 36
-0.00350617 16 28 8 8 74 141 39 36
-0.00350607 20 0 8 8 74 141 39 36
-0.00350211 20 4 8 8 74 141 39 36
-0.00350231 20 8 8 8 74 141 39 36
-0.00349472 20 12 8 8 74 141 39 36
-0.00350601 20 16 8 8 74 141 39 36
-0.00350652 20 20 8 8 74 141 39 36
-0.00350364 20 24 8 8 74 141 39 36
-0.00350577 20 28 8 8 74 141 39 36
-0.00350634 24 0 8 8 74 141 39 36
-0.00350308 24 4 8 8 74 141 39 36
-0.00350005 24 8 8 8 74 141 39 36
-0.00350526 24 12 8 8 74 141 39 36
-0.00350651 24 16 8 8 74 141 39 36
-0.00350551 24 20 8 8 74 141 39 36
-0.0035064 24 24 8 8 74 141 39 36
-0.0035059 24 28 8 8 74 141 39 36
-0.0035061 28 0 8 8 74 141 39 36
-0.00350353 28 4 8 8 74 141 39 36
-0.00350073 28 8 8 8 74 141 39 36
-0.00350591 28 12 8 8 74 141 39 36
-0.00350629 28 16 8 8 74 141 39 36
-0.00350638 28 20 8 8 74 141 39 36
-0.00350535 28 24 8 8 74 141 39 36
-0.00350098 28 28 8 8 74 141 39 36
-0.00350207 0 0 8 8 74 141 39 36
-0.0034996 0 4 8 8 74 141 39 36
-0.00350426 0 8 8 8 74 141 39 36
-0.00350361 0 12 8 8 74 141 39 36
-0.0035046 0 16 8 8 74 141 39 36
-0.00350521 0 20 8 8 74 141 39 36
-0.00350558 0 24 8 8 74 141 39 36
-0.00350633 0 28 8 8 74 141 39 36
-0.00350626 4 0 8 8 74 141 39 36
-0.00350578 4 4 8 8 74 141 39 36
-0.00350628 4 8 8 8 74 141 39 36
-0.00350638 4 12 8 8 74 141 39 36
-0.0035062 4 16 8 8 74 141 39 36
-0.00350601 4 20 8 8 74 141 39 36
-0.00350598 4 24 8 8 74 141 39 36
-0.00350643 4 28 8 8 74 141 39 36
-0.00350645 8 0 8 8 74 141 39 36
-0.00350608 8 4 8 8 74 141 39 36
-0.00350488 8 8 8 8 74 141 39 36
-0.00350512 8 12 8 8 74 141 39 36
-0.00350293 8 16 8 8 74 141 39 36
-0.00350066 8 20 8 8 74 141 39 36
-0.00350172 8 24 8 8 74 141 39 36
-0.0035041 8 28 8 8 74 141 39 36
-0.00350647 12 0 8 8 74 141 39 36
-0.00350611 12 4 8 8 74 141 39 36
-0.00348816 12 8 8 8 74 141 39 36
-0.00208974 12 12 8 8 74 141 39 36
-0.00349951 12 16 8 8 74 141 39 36
-0.00350553 12 20 8 8 74 141 39 36
-0.00350639 12 24 8 8 74 141 39 36
-0.00350645 12 28 8 8 74 141 39 36
-0.0035065 16 0 8 8 74 141 39 36
-0.00350573 16 4 8 8 74 141 39 36
-0.00349393 16 8 8 8 74 141 39 36
-0.00349804 16 12 8 8 74 141 39 36
-0.00350555 16 16 8 8 74 141 39 36
-0.00350648 16 20 8 8 74 141 39 36
-0.00350578 16 24 8 8 74 141 39 36
-0.00350347 16 28 8 8 74 141 39 36
-0.00350321 20 0 8 8 74 141 39 36
-0.00350457 20 4 8 8 74 141 39 36
-0.00349214 20 8 8 8 74 141 39 36
-0.00350439 20 12 8 8 74 141 39 36
-0.00350631 20 16 8 8 74 141 39 36
-0.00350532 20 20 8 8 74 141 39 36
-0.00348845 20 24 8 8 74 141 39 36
-0.00350387 20 28 8 8 74 141 39 36
-0.0034972 24 0 8 8 74 141 39 36
-0.00350224 24 4 8 8 74 141 39 36
-0.00350008 24 8 8 8 74 141 39 36
-0.00350576 24 12 8 8 74 141 39 36
-0.00350619 24 16 8 8 74 141 39 36
-0.0035019 24 20 8 8 74 141 39 36
-0.00350307 24 24 8 8 74 141 39 36
-0.00350635 24 28 8 8 74 141 39 36
-0.00350618 28 0 8 8 74 141 39 36
-0.00350186 28 4 8 8 74 141 39 36
-0.00350194 28 8 8 8 74 141 39 36
-0.00350601 28 12 8 8 74 141 39 36
-0.00350145 28 16 8 8 74 141 39 36
-0.00350621 28 20 8 8 74 141 39 36
-0.00350643 28 24 8 8 74 141 39 36
-0.00350613 28 28 8 8 74 141 39 36
-0.00349906 0 0 8 8 74 141 39 36
-0.00349611 0 4 8 8 74 141 39 36
-0.00349647 0 8 8 8 74 141 39 36
-0.00348917 0 12 8 8 74 141 39 36
-0.00349511 0 16 8 8 74 141 39 36
-0.00350456 0 20 8 8 74 141 39 36
-0.0035058 0 24 8 8 74 141 39 36
-0.00350567 0 28 8 8 74 141 39 36
-0.00349597 4 0 8 8 74 141 39 36
-0.00350308 4 4 8 8 74 141 39 36
-0.00349509 4 8 8 8 74 141 39 36
-0.00169106 4 12 8 8 74 141 39 36
-0.00195719 4 16 8 8 74 141 39 36
-0.00349352 4 20 8 8 74 141 39 36
-0.0035037 4 24 8 8 74 141 39 36
-0.00350484 4 28 8 8 74 141 39 36
-0.00350357 8 0 8 8 74 141 39 36
-0.00350351 8 4 8 8 74 141 39 36
-0.00349753 8 8 8 8 74 141 39 36
-0.00322533 8 12 8 8 74 141 39 36
-0.00248986 8 16 8 8 74 141 39 36
-0.00348853 8 20 8 8 74 141 39 36
-0.00350083 8 24 8 8 74 141 39 36
-0.00350464 8 28 8 8 74 141 39 36
-0.00350626 12 0 8 8 74 141 39 36
-0.00350592 12 4 8 8 74 141 39 36
-0.00350337 12 8 8 8 74 141 39 36
-0.00349646 12 12 8 8 74 141 39 36
-0.00349866 12 16 8 8 74 141 39 36
-0.00350135 12 20 8 8 74 141 39 36
-0.00350178 12 24 8 8 74 141 39 36
-0.00350142 12 28 8 8 74 141 39 36
-0.00350403 16 0 8 8 74 141 39 36
-0.00350468 16 4 8 8 74 141 39 36
-0.00350233 16 8 8 8 74 141 39 36
-0.00348682 16 12 8 8 74 141 39 36
-0.00349137 16 16 8 8 74 141 39 36
-0.00349586 16 20 8 8 74 141 39 36
-0.00349647 16 24 8 8 74 141 39 36
-0.00237192 16 28 8 8 74 141 39 36
-0.00196475 20 0 8 8 74 141 39 36
-0.00350202 20 4 8 8 74 141 39 36
-0.00350403 20 8 8 8 74 141 39 36
-0.00349109 20 12 8 8 74 141 39 36
-0.00240136 20 16 8 8 74 141 39 36
-0.00167193 20 20 8 8 74 141 39 36
-0.00349559 20 24 8 8 74 141 39 36
-0.0031061 20 28 8 8 74 141 39 36
-0.00349648 24 0 8 8 74 141 39 36
-0.00350106 24 4 8 8 74 141 39 36
-0.00350235 24 8 8 8 74 141 39 36
-0.00348987 24 12 8 8 74 141 39 36
-0.00320201 24 16 8 8 74 141 39 36
-0.00349877 24 20 8 8 74 141 39 36
-0.00350154 24 24 8 8 74 141 39 36
-0.00349525 24 28 8 8 74 141 39 36
-0.00350468 28 0 8 8 74 141 39 36
-0.00350382 28 4 8 8 74 141 39 36
-0.00349506 28 8 8 8 74 141 39 36
-0.00350194 28 12 8 8 74 141 39 36
-0.00350084 28 16 8 8 74 141 39 36
-0.0034942 28 20 8 8 74 141 39 36
-0.00349722 28 24 8 8 74 141 39 36
-0.00348861 28 28 8 8 74 141 39 36
-0.00350141 0 0 8 8 74 141 39 36
-0.00350352 0 4 8 8 74 141 39 36
-0.00350543 0 8 8 8 74 141 39 36
-0.00350107 0 12 8 8 74 141 39 36
-0.00349586 0 16 8 8 74 141 39 36
-0.00350441 0 20 8 8 74 141 39 36
-0.00350581 0 24 8 8 74 141 39 36
-0.00350598 0 28 8 8 74 141 39 36
-0.00350216 4 0 8 8 74 141 39 36
-0.00350414 4 4 8 8 74 141 39 36
-0.00350594 4 8 8 8 74 141 39 36
-0.0035058 4 12 8 8 74 141 39 36
-0.00350576 4 16 8 8 74 141 39 36
-0.00350642 4 20 8 8 74 141 39 36
-0.00350645 4 24 8 8 74 141 39 36
-0.00350641 4 28 8 8 74 141 39 36
-0.00350415 8 0 8 8 74 141 39 36
-0.00350579 8 4 8 8 74 141 39 36
-0.00350048 8 8 8 8 74 141 39 36
-0.00350599 8 12 8 8 74 141 39 36
-0.00350628 8 16 8 8 74 141 39 36
-0.00350494 8 20 8 8 74 141 39 36
-0.00350045 8 24 8 8 74 141 39 36
-0.00350283 8 28 8 8 74 141 39 36
-0.00350644 12 0 8 8 74 141 39 36
-0.00350587 12 4 8 8 74 141 39 36
-0.00349908 12 8 8 8 74 141 39 36
-0.00350116 12 12 8 8 74 141 39 36
-0.00350067 12 16 8 8 74 141 39 36
-0.00349875 12 20 8 8 74 141 39 36
-0.00348997 12 24 8 8 74 141 39 36
-0.00350356 12 28 8 8 74 141 39 36
-0.00350474 16 0 8 8 74 141 39 36
-0.00350289 16 4 8 8 74 141 39 36
-0.00349562 16 8 8 8 74 141 39 36
-0.00349776 16 12 8 8 74 141 39 36
-0.00277535 16 16 8 8 74 141 39 36
-0.00350071 16 20 8 8 74 141 39 36
-0.00349759 16 24 8 8 74 141 39 36
-0.00349541 16 28 8 8 74 141 39 36
-0.00274808 20 0 8 8 74 141 39 36
-0.00350155 20 4 8 8 74 141 39 36
-0.0034994 20 8 8 8 74 141 39 36
-0.00349476 20 12 8 8 74 141 39 36
-0.00217661 20 16 8 8 74 141 39 36
-0.00350188 20 20 8 8 74 141 39 36
-0.00350019 20 24 8 8 74 141 39 36
-0.00349991 20 28 8 8 74 141 39 36
-0.00348755 24 0 8 8 74 141 39 36
-0.00349383 24 4 8 8 74 141 39 36
-0.00349787 24 8 8 8 74 141 39 36
-0.0019351 24 12 8 8 74 141 39 36
-0.00349825 24 16 8 8 74 141 39 36
-0.0035032 24 20 8 8 74 141 39 36
-0.00350092 24 24 8 8 74 141 39 36
-0.00350397 24 28 8 8 74 141 39 36
-0.00350405 28 0 8 8 74 141 39 36
-0.00349905 28 4 8 8 74 141 39 36
-0.00349792 28 8 8 8 74 141 39 36
-0.00348884 28 12 8 8 74 141 39 36
-0.00315465 28 16 8 8 74 141 39 36
-0.00349468 28 20 8 8 74 141 39 36
-0.0035047 28 24 8 8 74 141 39 36
-0.00350192 28 28 8 8 74 141 39 36
-0.00349996 0 0 8 8 74 141 39 36
-0.00350602 0 4 8 8 74 141 39 36
-0.00350649 0 8 8 8 74 141 39 36
-0.00350645 0 12 8 8 74 141 39 36
-0.00350649 0 16 8 8 74 141 39 36
-0.0035064 0 20 8 8 74 141 39 36
-0.00350636 0 24 8 8 74 141 39 36
-0.00350635 0 28 8 8 74 141 39 36
-0.00350261 4 0 8 8 74 141 39 36
-0.00350607 4 4 8 8 74 141 39 36
-0.00350594 4 8 8 8 74 141 39 36
-0.00350592 4 12 8 8 74 141 39 36
-0.00350426 4 16 8 8 74 141 39 36
-0.00350255 4 20 8 8 74 141 39 36
-0.00350314 4 24 8 8 74 141 39 36
-0.00350542 4 28 8 8 74 141 39 36
-0.00350483 8 0 8 8 74 141 39 36
-0.00350627 8 4 8 8 74 141 39 36
-0.00350463 8 8 8 8 74 141 39 36
-0.00349901 8 12 8 8 74 141 39 36
-0.00350338 8 16 8 8 74 141 39 36
-0.00350527 8 20 8 8 74 141 39 36
-0.00350512 8 24 8 8 74 141 39 36
-0.0035039 8 28 8 8 74 141 39 36
-0.00350224 12 0 8 8 74 141 39 36
-0.00350545 12 4 8 8 74 141 39 36
-0.00350641 12 8 8 8 74 141 39 36
-0.00350563 12 12 8 8 74 141 39 36
-0.00350502 12 16 8 8 74 141 39 36
-0.00350555 12 20 8 8 74 141 39 36
-0.00350595 12 24 8 8 74 141 39 36
-0.00350574 12 28 8 8 74 141 39 36
-0.0035041 16 0 8 8 74 141 39 36
-0.00350239 16 4 8 8 74 141 39 36
-0.00350551 16 8 8 8 74 141 39 36
-0.00350625 16 12 8 8 74 141 39 36
-0.00350623 16 16 8 8 74 141 39 36
-0.00350607 16 20 8 8 74 141 39 36
-0.00350631 16 24 8 8 74 141 39 36
-0.00350646 16 28 8 8 74 141 39 36
-0.00350416 20 0 8 8 74 141 39 36
-0.00350277 20 4 8 8 74 141 39 36
-0.00350479 20 8 8 8 74 141 39 36
-0.00350462 20 12 8 8 74 141 39 36
-0.00350414 20 16 8 8 74 141 39 36
-0.0035029 20 20 8 8 74 141 39 36
-0.00350034 20 24 8 8 74 141 39 36
-0.00350595 20 28 8 8 74 141 39 36
-0.00350318 24 0 8 8 74 141 39 36
-0.00350465 24 4 8 8 74 141 39 36
-0.00350212 24 8 8 8 74 141 39 36
-0.00350511 24 12 8 8 74 141 39 36
-0.00348829 24 16 8 8 74 141 39 36
-0.00350045 24 20 8 8 74 141 39 36
-0.00350416 24 24 8 8 74 141 39 36
-0.00350557 24 28 8 8 74 141 39 36
-0.00350565 28 0 8 8 74 141 39 36
-0.00350361 28 4 8 8 74 141 39 36
-0.00350533 28 8 8 8 74 141 39 36
-0.00350098 28 12 8 8 74 141 39 36
-0.00349877 28 16 8 8 74 141 39 36
-0.00350326 28 20 8 8 74 141 39 36
-0.00350602 28 24 8 8 74 141 39 36
-0.00350633 28 28 8 8 74 141 39 36
-0.00350579 0 0 8 8 74 141 39 36
-0.00350571 0 4 8 8 74 141 39 36
-0.00350186 0 8 8 8 74 141 39 36
-0.00350653 0 12 8 8 74 141 39 36
-0.00350645 0 16 8 8 74 141 39 36
-0.00350655 0 20 8 8 74 141 39 36
-0.00350655 0 24 8 8 74 141 39 36
-0.00350655 0 28 8 8 74 141 39 36
-0.00350616 4 0 8 8 74 141 39 36
-0.00350597 4 4 8 8 74 141 39 36
-0.00350637 4 8 8 8 74 141 39 36
-0.00350604 4 12 8 8 74 141 39 36
-0.00350546 4 16 8 8 74 141 39 36
-0.00350579 4 20 8 8 74 141 39 36
-0.00350564 4 24 8 8 74 141 39 36
-0.00350614 4 28 8 8 74 141 39 36
-0.00350642 8 0 8 8 74 141 39 36
-0.00350335 8 4 8 8 74 141 39 36
-0.00350573 8 8 8 8 74 141 39 36
-0.00350499 8 12 8 8 74 141 39 36
-0.00350455 8 16 8 8 74 141 39 36
-0.00350475 8 20 8 8 74 141 39 36
-0.00350501 8 24 8 8 74 141 39 36
-0.00350489 8 28 8 8 74 141 39 36
-0.00350587 12 0 8 8 74 141 39 36
-0.0035058 12 4 8 8 74 141 39 36
-0.00350603 12 8 8 8 74 141 39 36
-0.0035059 12 12 8 8 74 141 39 36
-0.00350553 12 16 8 8 74 141 39 36
-0.00350495 12 20 8 8 74 141 39 36
-0.00349822 12 24 8 8 74 141 39 36
-0.00350536 12 28 8 8 74 141 39 36
-0.00350246 16 0 8 8 74 141 39 36
-0.00350257 16 4 8 8 74 141 39 36
-0.0035059 16 8 8 8 74 141 39 36
-0.00350459 16 12 8 8 74 141 39 36
-0.00350353 16 16 8 8 74 141 39 36
-0.0035054 16 20 8 8 74 141 39 36
-0.00350588 16 24 8 8 74 141 39 36
-0.00350625 16 28 8 8 74 141 39 36
-0.00350537 20 0 8 8 74 141 39 36
-0.00350448 20 4 8 8 74 141 39 36
-0.00350603 20 8 8 8 74 141 39 36
-0.00350141 20 12 8 8 74 141 39 36
-0.00350545 20 16 8 8 74 141 39 36
-0.00350648 20 20 8 8 74 141 39 36
-0.00350647 20 24 8 8 74 141 39 36
-0.00350532 20 28 8 8 74 141 39 36
-0.00350554 24 0 8 8 74 141 39 36
-0.00350328 24 4 8 8 74 141 39 36
-0.00350523 24 8 8 8 74 141 39 36
-0.00350632 24 12 8 8 74 141 39 36
-0.00350632 24 16 8 8 74 141 39 36
-0.00350652 24 20 8 8 74 141 39 36
-0.00350649 24 24 8 8 74 141 39 36
-0.00350469 24 28 8 8 74 141 39 36
-0.00350394 28 0 8 8 74 141 39 36
-0.00350521 28 4 8 8 74 141 39 36
-0.00350619 28 8 8 8 74 141 39 36
-0.0035057 28 12 8 8 74 141 39 36
-0.00350647 28 16 8 8 74 141 39 36
-0.00350533 28 20 8 8 74 141 39 36
-0.00350561 28 24 8 8 74 141 39 36
-0.00350634 28 28 8 8 74 141 39 36
-0.00350649 0 0 8 8 74 141 39 36
-0.00350645 0 4 8 8 74 141 39 36
-0.00349299 0 8 8 8 74 141 39 36
-0.00349265 0 12 8 8 74 141 39 36
-0.00349622 0 16 8 8 74 141 39 36
-0.00179352 0 20 8 8 74 141 39 36
-0.00300814 0 24 8 8 74 141 39 36
-0.00349092 0 28 8 8 74 141 39 36
-0.00350624 4 0 8 8 74 141 39 36
-0.00350609 4 4 8 8 74 141 39 36
-0.00350599 4 8 8 8 74 141 39 36
-0.00350274 4 12 8 8 74 141 39 36
-0.0035051 4 16 8 8 74 141 39 36
-0.0035032 4 20 8 8 74 141 39 36
-0.00350451 4 24 8 8 74 141 39 36
-0.00350436 4 28 8 8 74 141 39 36
-0.00350577 8 0 8 8 74 141 39 36
-0.00350458 8 4 8 8 74 141 39 36
-0.00350567 8 8 8 8 74 141 39 36
-0.00350338 8 12 8 8 74 141 39 36
-0.00350514 8 16 8 8 74 141 39 36
-0.00350578 8 20 8 8 74 141 39 36
-0.00350289 8 24 8 8 74 141 39 36
-0.00349884 8 28 8 8 74 141 39 36
-0.0035051 12 0 8 8 74 141 39 36
-0.00350543 12 4 8 8 74 141 39 36
-0.00350513 12 8 8 8 74 141 39 36
-0.00350477 12 12 8 8 74 141 39 36
-0.00350547 12 16 8 8 74 141 39 36
-0.00350538 12 20 8 8 74 141 39 36
-0.00350399 12 24 8 8 74 141 39 36
-0.00350005 12 28 8 8 74 141 39 36
-0.00350583 16 0 8 8 74 141 39 36
-0.00350426 16 4 8 8 74 141 39 36
-0.00350547 16 8 8 8 74 141 39 36
-0.00350615 16 12 8 8 74 141 39 36
-0.00350512 16 16 8 8 74 141 39 36
-0.00350602 16 20 8 8 74 141 39 36
-0.00350407 16 24 8 8 74 141 39 36
-0.00349559 16 28 8 8 74 141 39 36
-0.00350638 20 0 8 8 74 141 39 36
-0.00350526 20 4 8 8 74 141 39 36
-0.00350501 20 8 8 8 74 141 39 36
-0.00350393 20 12 8 8 74 141 39 36
-0.00350535 20 16 8 8 74 141 39 36
-0.00350639 20 20 8 8 74 141 39 36
-0.00350444 20 24 8 8 74 141 39 36
-0.00350554 20 28 8 8 74 141 39 36
-0.00350619 24 0 8 8 74 141 39 36
-0.00350568 24 4 8 8 74 141 39 36
-0.003505 24 8 8 8 74 141 39 36
-0.00350465 24 12 8 8 74 141 39 36
-0.00350632 24 16 8 8 74 141 39 36
-0.00350521 24 20 8 8 74 141 39 36
-0.00350531 24 24 8 8 74 141 39 36
-0.00350371 24 28 8 8 74 141 39 36
-0.00350632 28 0 8 8 74 141 39 36
-0.00350596 28 4 8 8 74 141 39 36
-0.00350627 28 8 8 8 74 141 39 36
-0.00350632 28 12 8 8 74 141 39 36
-0.00350636 28 16 8 8 74 141 39 36
-0.00350433 28 20 8 8 74 141 39 36
-0.00350585 28 24 8 8 74 141 39 36
-0.00350283 28 28 8 8 74 141 39 36
-0.00350423 0 0 8 8 74 141 39 36
-0.00350372 0 4 8 8 74 141 39 36
-0.0018771 0 8 8 8 74 141 39 36
-0.00163134 0 12 8 8 74 141 39 36
-0.00162508 0 16 8 8 74 141 39 36
-0.00165385 0 20 8 8 74 141 39 36
-0.00349982 0 24 8 8 74 141 39 36
-0.00348782 0 28 8 8 74 141 39 36
-0.0035064 4 0 8 8 74 141 39 36
-0.0035065 4 4 8 8 74 141 39 36
-0.00350603 4 8 8 8 74 141 39 36
-0.00202908 4 12 8 8 74 141 39 36
-0.00350174 4 16 8 8 74 141 39 36
-0.00350173 4 20 8 8 74 141 39 36
-0.0027208 4 24 8 8 74 141 39 36
-0.00348775 4 28 8 8 74 141 39 36
-0.00350505 8 0 8 8 74 141 39 36
-0.00350598 8 4 8 8 74 141 39 36
-0.0035066 8 8 8 8 74 141 39 36
-0.00350587 8 12 8 8 74 141 39 36
-0.00350658 8 16 8 8 74 141 39 36
-0.00350649 8 20 8 8 74 141 39 36
-0.00350166 8 24 8 8 74 141 39 36
-0.00349684 8 28 8 8 74 141 39 36
-0.00350598 12 0 8 8 74 141 39 36
-0.00350417 12 4 8 8 74 141 39 36
-0.00350605 12 8 8 8 74 141 39 36
-0.00350638 12 12 8 8 74 141 39 36
-0.00350557 12 16 8 8 74 141 39 36
-0.00350587 12 20 8 8 74 141 39 36
-0.00350519 12 24 8 8 74 141 39 36
-0.00349982 12 28 8 8 74 141 39 36
-0.00350642 16 0 8 8 74 141 39 36
-0.00350448 16 4 8 8 74 141 39 36
-0.003503 16 8 8 8 74 141 39 36
-0.0035058 16 12 8 8 74 141 39 36
-0.00350551 16 16 8 8 74 141 39 36
-0.00350634 16 20 8 8 74 141 39 36
-0.00350397 16 24 8 8 74 141 39 36
-0.00346301 16 28 8 8 74 141 39 36
-0.00350626 20 0 8 8 74 141 39 36
-0.00349901 20 4 8 8 74 141 39 36
-0.00350575 20 8 8 8 74 141 39 36
-0.00350643 20 12 8 8 74 141 39 36
-0.00350632 20 16 8 8 74 141 39 36
-0.00350236 20 20 8 8 74 141 39 36
-0.0032725 20 24 8 8 74 141 39 36
-0.00350368 20 28 8 8 74 141 39 36
-0.00350618 24 0 8 8 74 141 39 36
-0.00349865 24 4 8 8 74 141 39 36
-0.00350619 24 8 8 8 74 141 39 36
-0.00350607 24 12 8 8 74 141 39 36
-0.00350267 24 16 8 8 74 141 39 36
-0.00349172 24 20 8 8 74 141 39 36
-0.00350595 24 24 8 8 74 141 39 36
-0.00350607 24 28 8 8 74 141 39 36
-0.00350646 28 0 8 8 74 141 39 36
-0.00350108 28 4 8 8 74 141 39 36
-0.00350558 28 8 8 8 74 141 39 36
-0.00350603 28 12 8 8 74 141 39 36
-0.00350652 28 16 8 8 74 141 39 36
-0.00350629 28 20 8 8 74 141 39 36
-0.00350638 28 24 8 8 74 141 39 36
-0.00350567 28 28 8 8 74 141 39 36
-0.00349642 0 0 8 8 74 141 39 36
-0.00350228 0 4 8 8 74 141 39 36
-0.00350502 0 8 8 8 74 141 39 36
-0.0035014 0 12 8 8 74 141 39 36
-0.00225842 0 16 8 8 74 141 39 36
-0.00349594 0 20 8 8 74 141 39 36
-0.00350633 0 24 8 8 74 141 39 36
-0.00350469 0 28 8 8 74 141 39 36
-0.00350633 4 0 8 8 74 141 39 36
-0.00350644 4 4 8 8 74 141 39 36
-0.00350495 4 8 8 8 74 141 39 36
-0.00349847 4 12 8 8 74 141 39 36
-0.00350004 4 16 8 8 74 141 39 36
-0.00350168 4 20 8 8 74 141 39 36
-0.00350399 4 24 8 8 74 141 39 36
-0.00350642 4 28 8 8 74 141 39 36
-0.00350592 8 0 8 8 74 141 39 36
-0.00350602 8 4 8 8 74 141 39 36
-0.00350648 8 8 8 8 74 141 39 36
-0.00350603 8 12 8 8 74 141 39 36
-0.0035064 8 16 8 8 74 141 39 36
-0.00350597 8 20 8 8 74 141 39 36
-0.00350583 8 24 8 8 74 141 39 36
-0.00350646 8 28 8 8 74 141 39 36
-0.00350606 12 0 8 8 74 141 39 36
-0.00350358 12 4 8 8 74 141 39 36
-0.00350579 12 8 8 8 74 141 39 36
-0.00350631 12 12 8 8 74 141 39 36
-0.00350623 12 16 8 8 74 141 39 36
-0.00350581 12 20 8 8 74 141 39 36
-0.00350597 12 24 8 8 74 141 39 36
-0.00350587 12 28 8 8 74 141 39 36
-0.00350605 16 0 8 8 74 141 39 36
-0.00350431 16 4 8 8 74 141 39 36
-0.00350353 16 8 8 8 74 141 39 36
-0.00350305 16 12 8 8 74 141 39 36
-0.00350354 16 16 8 8 74 141 39 36
-0.00350641 16 20 8 8 74 141 39 36
-0.00350454 16 24 8 8 74 141 39 36
-0.00350532 16 28 8 8 74 141 39 36
-0.00350526 20 0 8 8 74 141 39 36
-0.00350483 20 4 8 8 74 141 39 36
-0.0035062 20 8 8 8 74 141 39 36
-0.00350643 20 12 8 8 74 141 39 36
-0.00350645 20 16 8 8 74 141 39 36
-0.00350619 20 20 8 8 74 141 39 36
-0.00349802 20 24 8 8 74 141 39 36
-0.00350598 20 28 8 8 74 141 39 36
-0.00350629 24 0 8 8 74 141 39 36
-0.00350536 24 4 8 8 74 141 39 36
-0.0035061 24 8 8 8 74 141 39 36
-0.00350649 24 12 8 8 74 141 39 36
-0.00350053 24 16 8 8 74 141 39 36
-0.00349883 24 20 8 8 74 141 39 36
-0.00350494 24 24 8 8 74 141 39 36
-0.00350642 24 28 8 8 74 141 39 36
-0.00350634 28 0 8 8 74 141 39 36
-0.00350543 28 4 8 8 74 141 39 36
-0.00350504 28 8 8 8 74 141 39 36
-0.00350594 28 12 8 8 74 141 39 36
-0.00350653 28 16 8 8 74 141 39 36
-0.0035063 28 20 8 8 74 141 39 36
-0.00350625 28 24 8 8 74 141 39 36
-0.00350554 28 28 8 8 74 141 39 36
-0.00350601 0 0 8 8 74 141 39 36
-0.00350647 0 4 8 8 74 141 39 36
-0.00350654 0 8 8 8 74 141 39 36
-0.00350643 0 12 8 8 74 141 39 36
-0.00350626 0 16 8 8 74 141 39 36
-0.00350642 0 20 8 8 74 141 39 36
-0.00350637 0 24 8 8 74 141 39 36
-0.00350639 0 28 8 8 74 141 39 36
-0.00350499 4 0 8 8 74 141 39 36
-0.00350498 4 4 8 8 74 141 39 36
-0.00350548 4 8 8 8 74 141 39 36
-0.00350598 4 12 8 8 74 141 39 36
-0.00350635 4 16 8 8 74 141 39 36
-0.00350468 4 20 8 8 74 141 39 36
-0.00350486 4 24 8 8 74 141 39 36
-0.00350486 4 28 8 8 74 141 39 36
-0.00350615 8 0 8 8 74 141 39 36
-0.00350583 8 4 8 8 74 141 39 36
-0.00350551 8 8 8 8 74 141 39 36
-0.00350456 8 12 8 8 74 141 39 36
-0.00350602 8 16 8 8 74 141 39 36
-0.00350473 8 20 8 8 74 141 39 36
-0.00350586 8 24 8 8 74 141 39 36
-0.00350603 8 28 8 8 74 141 39 36
-0.00350416 12 0 8 8 74 141 39 36
-0.00350556 12 4 8 8 74 141 39 36
-0.00350636 12 8 8 8 74 141 39 36
-0.00350564 12 12 8 8 74 141 39 36
-0.0035012 12 16 8 8 74 141 39 36
-0.00350603 12 20 8 8 74 141 39 36
-0.0035065 12 24 8 8 74 141 39 36
-0.00350645 12 28 8 8 74 141 39 36
-0.00350571 16 0 8 8 74 141 39 36
-0.00350515 16 4 8 8 74 141 39 36
-0.00350541 16 8 8 8 74 141 39 36
-0.00350633 16 12 8 8 74 141 39 36
-0.00350591 16 16 8 8 74 141 39 36
-0.00350646 16 20 8 8 74 141 39 36
-0.00350367 16 24 8 8 74 141 39 36
-0.00350557 16 28 8 8 74 141 39 36
-0.00350543 20 0 8 8 74 141 39 36
-0.00350648 20 4 8 8 74 141 39 36
-0.00350652 20 8 8 8 74 141 39 36
-0.00350652 20 12 8 8 74 141 39 36
-0.00350644 20 16 8 8 74 141 39 36
-0.00350488 20 20 8 8 74 141 39 36
-0.00341665 20 24 8 8 74 141 39 36
-0.00350626 20 28 8 8 74 141 39 36
-0.00350603 24 0 8 8 74 141 39 36
-0.00350622 24 4 8 8 74 141 39 36
-0.00350506 24 8 8 8 74 141 39 36
-0.00350647 24 12 8 8 74 141 39 36
-0.00266446 24 16 8 8 74 141 39 36
-0.00348864 24 20 8 8 74 141 39 36
-0.00350019 24 24 8 8 74 141 39 36
-0.00350642 24 28 8 8 74 141 39 36
-0.00350594 28 0 8 8 74 141 39 36
-0.00350556 28 4 8 8 74 141 39 36
-0.00350524 28 8 8 8 74 141 39 36
-0.00350651 28 12 8 8 74 141 39 36
-0.00349914 28 16 8 8 74 141 39 36
-0.00350215 28 20 8 8 74 141 39 36
-0.00350555 28 24 8 8 74 141 39 36
-0.00350625 28 28 8 8 74 141 39 36
-0.00350628 0 0 11 12 74 141 39 36
-0.00350641 0 6 11 12 74 141 39 36
-0.00350639 0 12 11 12 74 141 39 36
-0.00350624 0 18 11 12 74 141 39 36
-0.00350612 0 24 11 12 74 141 39 36
-0.00350415 5 0 11 12 74 141 39 36
-0.00350332 5 6 11 12 74 141 39 36
-0.003504 5 12 11 12 74 141 39 36
-0.00350425 5 18 11 12 74 141 39 36
-0.0035023 5 24 11 12 74 141 39 36
-0.00350104 10 0 11 12 74 141 39 36
-0.00349772 10 6 11 12 74 141 39 36
-0.00349414 10 12 11 12 74 141 39 36
-0.00350041 10 18 11 12 74 141 39 36
-0.00350456 10 24 11 12 74 141 39 36
-0.00349702 15 0 11 12 74 141 39 36
-0.00349835 15 6 11 12 74 141 39 36
-0.00313057 15 12 11 12 74 141 39 36
-0.00350516 15 18 11 12 74 141 39 36
-0.00350566 15 24 11 12 74 141 39 36
-0.00350171 20 0 11 12 74 141 39 36
-0.00349219 20 6 11 12 74 141 39 36
-0.00350459 20 12 11 12 74 141 39 36
-0.00350624 20 18 11 12 74 141 39 36
-0.00350563 20 24 11 12 74 141 39 36
-0.00350283 25 0 11 12 74 141 39 36
-0.00348776 25 6 11 12 74 141 39 36
-0.0035052 25 12 11 12 74 141 39 36
-0.00350567 25 18 11 12 74 141 39 36
-0.00350514 25 24 11 12 74 141 39 36
-0.00349991 0 0 11 12 74 141 39 36
-0.00350576 0 6 11 12 74 141 39 36
-0.00350614 0 12 11 12 74 141 39 36
-0.00350615 0 18 11 12 74 141 39 36
-0.00350654 0 24 11 12 74 141 39 36
-0.00350628 5 0 11 12 74 141 39 36
-0.00350492 5 6 11 12 74 141 39 36
-0.00350439 5 12 11 12 74 141 39 36
-0.00350151 5 18 11 12 74 141 39 36
-0.00350375 5 24 11 12 74 141 39 36
-0.00350649 10 0 11 12 74 141 39 36
-0.00349957 10 6 11 12 74 141 39 36
-0.00348688 10 12 11 12 74 141 39 36
-0.00350379 10 18 11 12 74 141 39 36
-0.00350599 10 24 11 12 74 141 39 36
-0.00350598 15 0 11 12 74 141 39 36
-0.00348757 15 6 11 12 74 141 39 36
-0.00350335 15 12 11 12 74 141 39 36
-0.00350648 15 18 11 12 74 141 39 36
-0.00350452 15 24 11 12 74 141 39 36
-0.00350138 20 0 11 12 74 141 39 36
-0.00349086 20 6 11 12 74 141 39 36
-0.00350567 20 12 11 12 74 141 39 36
-0.00350551 20 18 11 12 74 141 39 36
-0.00350255 20 24 11 12 74 141 39 36
-0.0035034 25 0 11 12 74 141 39 36
-0.00349438 25 6 11 12 74 141 39 36
-0.00350579 25 12 11 12 74 141 39 36
-0.0035049 25 18 11 12 74 141 39 36
-0.00350641 25 24 11 12 74 141 39 36
-0.0034955 0 0 11 12 74 141 39 36
-0.00349393 0 6 11 12 74 141 39 36
-0.00184889 0 12 11 12 74 141 39 36
-0.00350001 0 18 11 12 74 141 39 36
-0.00350478 0 24 11 12 74 141 39 36
-0.00349569 5 0 11 12 74 141 39 36
-0.00349772 5 6 11 12 74 141 39 36
-0.0028289 5 12 11 12 74 141 39 36
-0.00349799 5 18 11 12 74 141 39 36
-0.00350491 5 24 11 12 74 141 39 36
-0.00350589 10 0 11 12 74 141 39 36
-0.0035023 10 6 11 12 74 141 39 36
-0.0034925 10 12 11 12 74 141 39 36
-0.00349766 10 18 11 12 74 141 39 36
-0.00349768 10 24 11 12 74 141 39 36
-0.00350357 15 0 11 12 74 141 39 36
-0.00350145 15 6 11 12 74 141 39 36
-0.00303275 15 12 11 12 74 141 39 36
-0.00349625 15 18 11 12 74 141 39 36
-0.00324912 15 24 11 12 74 141 39 36
-0.00339308 20 0 11 12 74 141 39 36
-0.00350065 20 6 11 12 74 141 39 36
-0.00211955 20 12 11 12 74 141 39 36
-0.00349095 20 18 11 12 74 141 39 36
-0.00349379 20 24 11 12 74 141 39 36
-0.00350114 25 0 11 12 74 141 39 36
-0.00288108 25 6 11 12 74 141 39 36
-0.00349651 25 12 11 12 74 141 39 36
-0.00349277 25 18 11 12 74 141 39 36
-0.00257791 25 24 11 12 74 141 39 36
-0.00308187 0 0 11 12 74 141 39 36
-0.00350466 0 6 11 12 74 141 39 36
-0.00350334 0 12 11 12 74 141 39 36
-0.00350526 0 18 11 12 74 141 39 36
-0.00350614 0 24 11 12 74 141 39 36
-0.0034996 5 0 11 12 74 141 39 36
-0.00350541 5 6 11 12 74 141 39 36
-0.0035062 5 12 11 12 74 141 39 36
-0.00350627 5 18 11 12 74 141 39 36
-0.00350565 5 24 11 12 74 141 39 36
-0.00350606 10 0 11 12 74 141 39 36
-0.00350126 10 6 11 12 74 141 39 36
-0.00350174 10 12 11 12 74 141 39 36
-0.00348854 10 18 11 12 74 141 39 36
-0.00349817 10 24 11 12 74 141 39 36
-0.00350268 15 0 11 12 74 141 39 36
-0.00349399 15 6 11 12 74 141 39 36
-0.00254824 15 12 11 12 74 141 39 36
-0.00348642 15 18 11 12 74 141 39 36
-0.00348713 15 24 11 12 74 141 39 36
-0.00214858 20 0 11 12 74 141 39 36
-0.0034936 20 6 11 12 74 141 39 36
-0.00487361 20 12 11 12 74 141 39 36
-0.00349582 20 18 11 12 74 141 39 36
-0.00349221 20 24 11 12 74 141 39 36
-0.00349677 25 0 11 12 74 141 39 36
-0.00348964 25 6 11 12 74 141 39 36
-0.0019962 25 12 11 12 74 141 39 36
-0.00231493 25 18 11 12 74 141 39 36
-0.00349972 25 24 11 12 74 141 39 36
-0.00350474 0 0 11 12 74 141 39 36
-0.00350636 0 6 11 12 74 141 39 36
-0.00350609 0 12 11 12 74 141 39 36
-0.00350569 0 18 11 12 74 141 39 36
-0.00350587 0 24 11 12 74 141 39 36
-0.00350475 5 0 11 12 74 141 39 36
-0.00350082 5 6 11 12 74 141 39 36
-0.00349754 5 12 11 12 74 141 39 36
-0.00349946 5 18 11 12 74 141 39 36
-0.00349955 5 24 11 12 74 141 39 36
-0.0035044 10 0 11 12 74 141 39 36
-0.00350597 10 6 11 12 74 141 39 36
-0.00350567 10 12 11 12 74 141 39 36
-0.00350598 10 18 11 12 74 141 39 36
-0.00350554 10 24 11 12 74 141 39 36
-0.00349986 15 0 11 12 74 141 39 36
-0.00350522 15 6 11 12 74 141 39 36
-0.00350592 15 12 11 12 74 141 39 36
-0.00350593 15 18 11 12 74 141 39 36
-0.00350624 15 24 11 12 74 141 39 36
-0.0034941 20 0 11 12 74 141 39 36
-0.00163205 20 6 11 12 74 141 39 36
-0.00350233 20 12 11 12 74 141 39 36
-0.00349823 20 18 11 12 74 141 39 36
-0.00350469 20 24 11 12 74 141 39 36
-0.00349575 25 0 11 12 74 141 39 36
-0.00344001 25 6 11 12 74 141 39 36
-0.00349337 25 12 11 12 74 141 39 36
-0.003503 25 18 11 12 74 141 39 36
-0.0035041 25 24 11 12 74 141 39 36
-0.00350569 0 0 11 12 74 141 39 36
-0.00350638 0 6 11 12 74 141 39 36
-0.00350609 0 12 11 12 74 141 39 36
-0.00350615 0 18 11 12 74 141 39 36
-0.00350639 0 24 11 12 74 141 39 36
-0.00349974 5 0 11 12 74 141 39 36
-0.00350543 5 6 11 12 74 141 39 36
-0.00349827 5 12 11 12 74 141 39 36
-0.00350427 5 18 11 12 74 141 39 36
-0.00350531 5 24 11 12 74 141 39 36
-0.00350152 10 0 11 12 74 141 39 36
-0.00350561 10 6 11 12 74 141 39 36
-0.0035047 10 12 11 12 74 141 39 36
-0.00350015 10 18 11 12 74 141 39 36
-0.00349733 10 24 11 12 74 141 39 36
-0.00350271 15 0 11 12 74 141 39 36
-0.00350495 15 6 11 12 74 141 39 36
-0.00350362 15 12 11 12 74 141 39 36
-0.00350463 15 18 11 12 74 141 39 36
-0.0035055 15 24 11 12 74 141 39 36
-0.00350179 20 0 11 12 74 141 39 36
-0.00350446 20 6 11 12 74 141 39 36
-0.00350293 20 12 11 12 74 141 39 36
-0.00350595 20 18 11 12 74 141 39 36
-0.00350609 20 24 11 12 74 141 39 36
-0.00349788 25 0 11 12 74 141 39 36
-0.00350587 25 6 11 12 74 141 39 36
-0.0035063 25 12 11 12 74 141 39 36
-0.00350454 25 18 11 12 74 141 39 36
-0.00350561 25 24 11 12 74 141 39 36
-0.00350629 0 0 11 12 74 141 39 36
-0.00350594 0 6 11 12 74 141 39 36
-0.0035005 0 12 11 12 74 141 39 36
-0.00350212 0 18 11 12 74 141 39 36
-0.00350123 0 24 11 12 74 141 39 36
-0.00350174 5 0 11 12 74 141 39 36
-0.00350487 5 6 11 12 74 141 39 36
-0.00350509 5 12 11 12 74 141 39 36
-0.00350477 5 18 11 12 74 141 39 36
-0.0035002 5 24 11 12 74 141 39 36
-0.00350136 10 0 11 12 74 141 39 36
-0.00350409 10 6 11 12 74 141 39 36
-0.00350553 10 12 11 12 74 141 39 36
-0.00350481 10 18 11 12 74 141 39 36
-0.00350072 10 24 11 12 74 141 39 36
-0.00350386 15 0 11 12 74 141 39 36
-0.00350531 15 6 11 12 74 141 39 36
-0.00350351 15 12 11 12 74 141 39 36
-0.00350495 15 18 11 12 74 141 39 36
-0.00350068 15 24 11 12 74 141 39 36
-0.00350446 20 0 11 12 74 141 39 36
-0.00350091 20 6 11 12 74 141 39 36
-0.00349848 20 12 11 12 74 141 39 36
-0.00350569 20 18 11 12 74 141 39 36
-0.0035005 20 24 11 12 74 141 39 36
-0.00350524 25 0 11 12 74 141 39 36
-0.00350533 25 6 11 12 74 141 39 36
-0.00350546 25 12 11 12 74 141 39 36
-0.00350409 25 18 11 12 74 141 39 36
-0.00350153 25 24 11 12 74 141 39 36
-0.00350644 0 0 11 12 74 141 39 36
-0.00350616 0 6 11 12 74 141 39 36
-0.00317849 0 12 11 12 74 141 39 36
-0.00349009 0 18 11 12 74 141 39 36
-0.00172619 0 24 11 12 74 141 39 36
-0.0035049 5 0 11 12 74 141 39 36
-0.00350657 5 6 11 12 74 141 39 36
-0.00350652 5 12 11 12 74 141 39 36
-0.00350609 5 18 11 12 74 141 39 36
-0.00349134 5 24 11 12 74 141 39 36
-0.00350227 10 0 11 12 74 141 39 36
-0.00350551 10 6 11 12 74 141 39 36
-0.00350523 10 12 11 12 74 141 39 36
-0.0035045 10 18 11 12 74 141 39 36
-0.00349963 10 24 11 12 74 141 39 36
-0.00350312 15 0 11 12 74 141 39 36
-0.00349654 15 6 11 12 74 141 39 36
-0.00350534 15 12 11 12 74 141 39 36
-0.00350493 15 18 11 12 74 141 39 36
-0.00349587 15 24 11 12 74 141 39 36
-0.00349163 20 0 11 12 74 141 39 36
-0.00350374 20 6 11 12 74 141 39 36
-0.0035061 20 12 11 12 74 141 39 36
-0.0035029 20 18 11 12 74 141 39 36
-0.00350454 20 24 11 12 74 141 39 36
-0.00349781 25 0 11 12 74 141 39 36
-0.00350325 25 6 11 12 74 141 39 36
-0.00350636 25 12 11 12 74 141 39 36
-0.00350574 25 18 11 12 74 141 39 36
-0.00350556 25 24 11 12 74 141 39 36
-0.00350502 0 0 11 12 74 141 39 36
-0.00350249 0 6 11 12 74 141 39 36
-0.00260671 0 12 11 12 74 141 39 36
-0.00350233 0 18 11 12 74 141 39 36
-0.00350517 0 24 11 12 74 141 39 36
-0.00350571 5 0 11 12 74 141 39 36
-0.00350644 5 6 11 12 74 141 39 36
-0.00350609 5 12 11 12 74 141 39 36
-0.00350467 5 18 11 12 74 141 39 36
-0.00350565 5 24 11 12 74 141 39 36
-0.00350068 10 0 11 12 74 141 39 36
-0.00350402 10 6 11 12 74 141 39 36
-0.00350576 10 12 11 12 74 141 39 36
-0.00350578 10 18 11 12 74 141 39 36
-0.00350338 10 24 11 12 74 141 39 36
-0.00350156 15 0 11 12 74 141 39 36
-0.00349771 15 6 11 12 74 141 39 36
-0.00349892 15 12 11 12 74 141 39 36
-0.00350547 15 18 11 12 74 141 39 36
-0.0035026 15 24 11 12 74 141 39 36
-0.00350402 20 0 11 12 74 141 39 36
-0.00350521 20 6 11 12 74 141 39 36
-0.00350635 20 12 11 12 74 141 39 36
-0.00350618 20 18 11 12 74 141 39 36
-0.00350587 20 24 11 12 74 141 39 36
-0.0035054 25 0 11 12 74 141 39 36
-0.00350523 25 6 11 12 74 141 39 36
-0.00350622 25 12 11 12 74 141 39 36
-0.00350542 25 18 11 12 74 141 39 36
-0.00350598 25 24 11 12 74 141 39 36
-0.00350574 0 0 11 12 74 141 39 36
-0.0035062 0 6 11 12 74 141 39 36
-0.00350615 0 12 11 12 74 141 39 36
-0.0035052 0 18 11 12 74 141 39 36
-0.00350527 0 24 11 12 74 141 39 36
-0.00350159 5 0 11 12 74 141 39 36
-0.00349658 5 6 11 12 74 141 39 36
-0.00350376 5 12 11 12 74 141 39 36
-0.00349946 5 18 11 12 74 141 39 36
-0.00350062 5 24 11 12 74 141 39 36
-0.0035058 10 0 11 12 74 141 39 36
-0.00350609 10 6 11 12 74 141 39 36
-0.00350434 10 12 11 12 74 141 39 36
-0.00350544 10 18 11 12 74 141 39 36
-0.00350633 10 24 11 12 74 141 39 36
-0.00350504 15 0 11 12 74 141 39 36
-0.00350537 15 6 11 12 74 141 39 36
-0.00350476 15 12 11 12 74 141 39 36
-0.00350617 15 18 11 12 74 141 39 36
-0.00350478 15 24 11 12 74 141 39 36
-0.00350608 20 0 11 12 74 141 39 36
-0.00350561 20 6 11 12 74 141 39 36
-0.00350651 20 12 11 12 74 141 39 36
-0.00350456 20 18 11 12 74 141 39 36
-0.00350602 20 24 11 12 74 141 39 36
-0.00350579 25 0 11 12 74 141 39 36
-0.00349636 25 6 11 12 74 141 39 36
-0.00350654 25 12 11 12 74 141 39 36
-0.00349797 25 18 11 12 74 141 39 36
-0.00350599 25 24 11 12 74 141 39 36
-0.00350479 0 0 15 14 74 141 39 36
-0.00350382 0 7 15 14 74 141 39 36
-0.00350468 0 14 15 14 74 141 39 36
-0.00350446 0 21 15 14 74 141 39 36
-0.0034979 7 0 15 14 74 141 39 36
-0.00348892 7 7 15 14 74 141 39 36
-0.00280229 7 14 15 14 74 141 39 36
-0.0034997 7 21 15 14 74 141 39 36
-0.00349354 14 0 15 14 74 141 39 36
-0.00223052 14 7 15 14 74 141 39 36
-0.00349566 14 14 15 14 74 141 39 36
-0.00350448 14 21 15 14 74 141 39 36
-0.00349818 21 0 15 14 74 141 39 36
-0.00349486 21 7 15 14 74 141 39 36
-0.00350421 21 14 15 14 74 141 39 36
-0.00350512 21 21 15 14 74 141 39 36
-0.00350485 0 0 15 14 74 141 39 36
-0.00350456 0 7 15 14 74 141 39 36
-0.00350415 0 14 15 14 74 141 39 36
-0.00350534 0 21 15 14 74 141 39 36
-0.00350621 7 0 15 14 74 141 39 36
-0.00349902 7 7 15 14 74 141 39 36
-0.00349537 7 14 15 14 74 141 39 36
-0.00350275 7 21 15 14 74 141 39 36
-0.00350461 14 0 15 14 74 141 39 36
-0.00348618 14 7 15 14 74 141 39 36
-0.00350583 14 14 15 14 74 141 39 36
-0.00350556 14 21 15 14 74 141 39 36
-0.00349649 21 0 15 14 74 141 39 36
-0.00349793 21 7 15 14 74 141 39 36
-0.00350587 21 14 15 14 74 141 39 36
-0.00350582 21 21 15 14 74 141 39 36
-0.00348962 0 0 15 14 74 141 39 36
-0.00349237 0 7 15 14 74 141 39 36
-0.0034889 0 14 15 14 74 141 39 36
-0.00350447 0 21 15 14 74 141 39 36
-0.0035041 7 0 15 14 74 141 39 36
-0.00349159 7 7 15 14 74 141 39 36
-0.00349157 7 14 15 14 74 141 39 36
-0.00349704 7 21 15 14 74 141 39 36
-0.00350202 14 0 15 14 74 141 39 36
-0.00349766 14 7 15 14 74 141 39 36
-0.00349289 14 14 15 14 74 141 39 36
-0.00290692 14 21 15 14 74 141 39 36
-0.00349177 21 0 15 14 74 141 39 36
-0.00269289 21 7 15 14 74 141 39 36
-0.00349185 21 14 15 14 74 141 39 36
-0.00263565 21 21 15 14 74 141 39 36
-0.00348713 0 0 15 14 74 141 39 36
-0.00350428 0 7 15 14 74 141 39 36
-0.00350475 0 14 15 14 74 141 39 36
-0.00350592 0 21 15 14 74 141 39 36
-0.00350494 7 0 15 14 74 141 39 36
-0.00350485 7 7 15 14 74 141 39 36
-0.00350529 7 14 15 14 74 141 39 36
-0.00349969 7 21 15 14 74 141 39 36
-0.00350066 14 0 15 14 74 141 39 36
-0.00348957 14 7 15 14 74 141 39 36
-0.0017593 14 14 15 14 74 141 39 36
-0.00295812 14 21 15 14 74 141 39 36
-0.00298326 21 0 15 14 74 141 39 36
-0.00285505 21 7 15 14 74 141 39 36
-0.00164573 21 14 15 14 74 141 39 36
-0.0033212 21 21 15 14 74 141 39 36
-0.00350331 0 0 15 14 74 141 39 36
-0.00350235 0 7 15 14 74 141 39 36
-0.00349693 0 14 15 14 74 141 39 36
-0.00350198 0 21 15 14 74 141 39 36
-0.00350407 7 0 15 14 74 141 39 36
-0.00350239 7 7 15 14 74 141 39 36
-0.0035023 7 14 15 14 74 141 39 36
-0.00350362 7 21 15 14 74 141 39 36
-0.00348959 14 0 15 14 74 141 39 36
-0.0035038 14 7 15 14 74 141 39 36
-0.00350526 14 14 15 14 74 141 39 36
-0.00350632 14 21 15 14 74 141 39 36
-0.00350029 21 0 15 14 74 141 39 36
-0.00182206 21 7 15 14 74 141 39 36
-0.00349008 21 14 15 14 74 141 39 36
-0.00350412 21 21 15 14 74 141 39 36
-0.00350347 0 0 15 14 74 141 39 36
-0.00350088 0 7 15 14 74 141 39 36
-0.00350377 0 14 15 14 74 141 39 36
-0.00350587 0 21 15 14 74 141 39 36
-0.00350202 7 0 15 14 74 141 39 36
-0.00349924 7 7 15 14 74 141 39 36
-0.00350079 7 14 15 14 74 141 39 36
-0.00349602 7 21 15 14 74 141 39 36
-0.00350381 14 0 15 14 74 141 39 36
-0.00350269 14 7 15 14 74 141 39 36
-0.00350277 14 14 15 14 74 141 39 36
-0.00350377 14 21 15 14 74 141 39 36
-0.00350154 21 0 15 14 74 141 39 36
-0.00350493 21 7 15 14 74 141 39 36
-0.00350028 21 14 15 14 74 141 39 36
-0.00350246 21 21 15 14 74 141 39 36
-0.00350116 0 0 15 14 74 141 39 36
-0.00350454 0 7 15 14 74 141 39 36
-0.00350378 0 14 15 14 74 141 39 36
-0.0035033 0 21 15 14 74 141 39 36
-0.00350277 7 0 15 14 74 141 39 36
-0.00350589 7 7 15 14 74 141 39 36
-0.00350568 7 14 15 14 74 141 39 36
-0.00350371 7 21 15 14 74 141 39 36
-0.00350504 14 0 15 14 74 141 39 36
-0.00349856 14 7 15 14 74 141 39 36
-0.00350276 14 14 15 14 74 141 39 36
-0.00350311 14 21 15 14 74 141 39 36
-0.00350571 21 0 15 14 74 141 39 36
-0.00350008 21 7 15 14 74 141 39 36
-0.00350436 21 14 15 14 74 141 39 36
-0.00348949 21 21 15 14 74 141 39 36
-0.00350558 0 0 15 14 74 141 39 36
-0.00350655 0 7 15 14 74 141 39 36
-0.00350498 0 14 15 14 74 141 39 36
-0.00349722 0 21 15 14 74 141 39 36
-0.00349962 7 0 15 14 74 141 39 36
-0.00350527 7 7 15 14 74 141 39 36
-0.00350218 7 14 15 14 74 141 39 36
-0.00349904 7 21 15 14 74 141 39 36
-0.00254921 14 0 15 14 74 141 39 36
-0.0035015 14 7 15 14 74 141 39 36
-0.00349834 14 14 15 14 74 141 39 36
-0.00350139 14 21 15 14 74 141 39 36
-0.00336925 21 0 15 14 74 141 39 36
-0.00350491 21 7 15 14 74 141 39 36
-0.00350588 21 14 15 14 74 141 39 36
-0.00350526 21 21 15 14 74 141 39 36
-0.00350607 0 0 15 14 74 141 39 36
-0.00350607 0 7 15 14 74 141 39 36
-0.00350177 0 14 15 14 74 141 39 36
-0.00350517 0 21 15 14 74 141 39 36
-0.0034957 7 0 15 14 74 141 39 36
-0.00350323 7 7 15 14 74 141 39 36
-0.00350412 7 14 15 14 74 141 39 36
-0.0035037 7 21 15 14 74 141 39 36
-0.00349014 14 0 15 14 74 141 39 36
-0.00349725 14 7 15 14 74 141 39 36
-0.00349967 14 14 15 14 74 141 39 36
-0.00350127 14 21 15 14 74 141 39 36
-0.00350483 21 0 15 14 74 141 39 36
-0.00350495 21 7 15 14 74 141 39 36
-0.00350642 21 14 15 14 74 141 39 36
-0.00350391 21 21 15 14 74 141 39 36
-0.003503 0 0 15 14 74 141 39 36
-0.00350295 0 7 15 14 74 141 39 36
-0.00350316 0 14 15 14 74 141 39 36
-0.00350205 0 21 15 14 74 141 39 36
-0.00350397 7 0 15 14 74 141 39 36
-0.00350049 7 7 15 14 74 141 39 36
-0.00350178 7 14 15 14 74 141 39 36
-0.00350513 7 21 15 14 74 141 39 36
-0.00350475 14 0 15 14 74 141 39 36
-0.00350352 14 7 15 14 74 141 39 36
-0.0035049 14 14 15 14 74 141 39 36
-0.00350569 14 21 15 14 74 141 39 36
-0.00350004 21 0 15 14 74 141 39 36
-0.00350001 21 7 15 14 74 141 39 36
-0.00350377 21 14 15 14 74 141 39 36
-0.00350435 21 21 15 14 74 141 39 36
-0.00349741 0 0 26 24 74 141 39 36
-0.00293267 0 12 26 24 74 141 39 36
-0.00162414 13 0 26 24 74 141 39 36
-0.00334531 13 12 26 24 74 141 39 36
-0.00349555 0 0 26 24 74 141 39 36
-0.00350288 0 12 26 24 74 141 39 36
-0.00305714 13 0 26 24 74 141 39 36
-0.00350298 13 12 26 24 74 141 39 36
-0.00349901 0 0 26 24 74 141 39 36
-0.0034978 0 12 26 24 74 141 39 36
-0.00205989 13 0 26 24 74 141 39 36
-0.00348576 13 12 26 24 74 141 39 36
-0.00350549 0 0 26 24 74 141 39 36
-0.00350536 0 12 26 24 74 141 39 36
-0.00190528 13 0 26 24 74 141 39 36
-0.00162402 13 12 26 24 74 141 39 36
-0.00348701 0 0 26 24 74 141 39 36
-0.00228572 0 12 26 24 74 141 39 36
-0.00350324 13 0 26 24 74 141 39 36
-0.00350459 13 12 26 24 74 141 39 36
-0.00349516 0 0 26 24 74 141 39 36
-0.0122463 0 12 26 24 74 141 39 36
-0.00350529 13 0 26 24 74 141 39 36
-0.00349692 13 12 26 24 74 141 39 36
-0.00350402 0 0 26 24 74 141 39 36
-0.0035053 0 12 26 24 74 141 39 36
-0.00246043 13 0 26 24 74 141 39 36
-0.00220332 13 12 26 24 74 141 39 36
-0.00350085 0 0 26 24 74 141 39 36
-0.00349949 0 12 26 24 74 141 39 36
-0.001598 13 0 26 24 74 141 39 36
-0.00350167 13 12 26 24 74 141 39 36
-0.0034951 0 0 26 24 74 141 39 36
-0.00349981 0 12 26 24 74 141 39 36
-0.00349624 13 0 26 24 74 141 39 36
-0.00350519 13 12 26 24 74 141 39 36
-0.00329691 0 0 26 24 74 141 39 36
-0.00348751 0 12 26 24 74 141 39 36
-0.00349792 13 0 26 24 74 141 39 36
-0.00350578 13 12 26 24 74 141 39 36
-0.00348818 0 0 39 36 74 141 39 36
-0.00348955 0 0 39 36 74 141 39 36
-0.0034863 0 0 39 36 74 141 39 36
-0.00350215 0 0 39 36 74 141 39 36
-0.00243075 0 0 39 36 74 141 39 36
-0.00251877 0 0 39 36 74 141 39 36
-0.00349115 0 0 39 36 74 141 39 36
-0.0034904 0 0 39 36 74 141 39 36
-0.0035 0 0 39 36 74 141 39 36
-0.00349755 0 0 39 36 74 141 39 36
