1121 
752 
1060 
140 
451 
1130 
1115 
452 
1102 
781 
1002 
453 
173 
139 
854 
998 
389 
1017 
702 
450 
1114 
243 
168 
757 
459 
1110 
91 
722 
750 
236 
1127 
949 
516 
1117 
758 
34 
167 
172 
1144 
1126 
148 
1145 
747 
729 
882 
987 
628 
985 
462 
232 
228 
946 
707 
1001 
726 
983 
1101 
999 
1000 
390 
717 
1106 
730 
175 
657 
252 
852 
180 
147 
719 
494 
1136 
1003 
1103 
1064 
720 
622 
786 
487 
1111 
