-0.00141251 0 0 8 9 274 66 22 68
-0.00141256 0 4 8 9 274 66 22 68
-0.00141255 0 8 8 9 274 66 22 68
-0.00141247 0 12 8 9 274 66 22 68
-0.00141257 0 16 8 9 274 66 22 68
-0.00141249 0 20 8 9 274 66 22 68
-0.0014103 0 24 8 9 274 66 22 68
-0.0013758 0 28 8 9 274 66 22 68
-0.00108294 0 32 8 9 274 66 22 68
-0.00126603 0 36 8 9 274 66 22 68
-0.00139499 0 40 8 9 274 66 22 68
-0.00141177 0 44 8 9 274 66 22 68
-0.0014126 0 48 8 9 274 66 22 68
-0.00141257 0 52 8 9 274 66 22 68
-0.00141147 4 0 8 9 274 66 22 68
-0.00141138 4 4 8 9 274 66 22 68
-0.00141184 4 8 8 9 274 66 22 68
-0.00141248 4 12 8 9 274 66 22 68
-0.00141259 4 16 8 9 274 66 22 68
-0.00141248 4 20 8 9 274 66 22 68
-0.00140974 4 24 8 9 274 66 22 68
-0.00140955 4 28 8 9 274 66 22 68
-0.00141142 4 32 8 9 274 66 22 68
-0.00141112 4 36 8 9 274 66 22 68
-0.00141189 4 40 8 9 274 66 22 68
-0.0014122 4 44 8 9 274 66 22 68
-0.00141259 4 48 8 9 274 66 22 68
-0.00141255 4 52 8 9 274 66 22 68
-0.00141184 8 0 8 9 274 66 22 68
-0.00141192 8 4 8 9 274 66 22 68
-0.00141178 8 8 8 9 274 66 22 68
-0.0014125 8 12 8 9 274 66 22 68
-0.00141259 8 16 8 9 274 66 22 68
-0.00141248 8 20 8 9 274 66 22 68
-0.00141219 8 24 8 9 274 66 22 68
-0.00141254 8 28 8 9 274 66 22 68
-0.00141249 8 32 8 9 274 66 22 68
-0.00141251 8 36 8 9 274 66 22 68
-0.00141199 8 40 8 9 274 66 22 68
-0.00141132 8 44 8 9 274 66 22 68
-0.00141255 8 48 8 9 274 66 22 68
-0.00141256 8 52 8 9 274 66 22 68
-0.00141238 12 0 8 9 274 66 22 68
-0.0014123 12 4 8 9 274 66 22 68
-0.00141176 12 8 8 9 274 66 22 68
-0.00141236 12 12 8 9 274 66 22 68
-0.00141251 12 16 8 9 274 66 22 68
-0.00141252 12 20 8 9 274 66 22 68
-0.00141256 12 24 8 9 274 66 22 68
-0.00141254 12 28 8 9 274 66 22 68
-0.00141224 12 32 8 9 274 66 22 68
-0.0014125 12 36 8 9 274 66 22 68
-0.00141256 12 40 8 9 274 66 22 68
-0.00141217 12 44 8 9 274 66 22 68
-0.00141256 12 48 8 9 274 66 22 68
-0.00141253 12 52 8 9 274 66 22 68
-0.00141211 0 0 8 9 274 66 22 68
-0.00140954 0 4 8 9 274 66 22 68
-0.00141148 0 8 8 9 274 66 22 68
-0.00141205 0 12 8 9 274 66 22 68
-0.0014115 0 16 8 9 274 66 22 68
-0.00100527 0 20 8 9 274 66 22 68
-0.000643108 0 24 8 9 274 66 22 68
-0.00103915 0 28 8 9 274 66 22 68
-0.00125577 0 32 8 9 274 66 22 68
-0.00136609 0 36 8 9 274 66 22 68
-0.00141052 0 40 8 9 274 66 22 68
-0.00141138 0 44 8 9 274 66 22 68
-0.00141205 0 48 8 9 274 66 22 68
-0.00141257 0 52 8 9 274 66 22 68
-0.00141231 4 0 8 9 274 66 22 68
-0.00141214 4 4 8 9 274 66 22 68
-0.00141221 4 8 8 9 274 66 22 68
-0.00141186 4 12 8 9 274 66 22 68
-0.00141018 4 16 8 9 274 66 22 68
-0.00140971 4 20 8 9 274 66 22 68
-0.00101679 4 24 8 9 274 66 22 68
-0.00083194 4 28 8 9 274 66 22 68
-0.000910257 4 32 8 9 274 66 22 68
-0.00140676 4 36 8 9 274 66 22 68
-0.00140956 4 40 8 9 274 66 22 68
-0.00141008 4 44 8 9 274 66 22 68
-0.00141128 4 48 8 9 274 66 22 68
-0.00141251 4 52 8 9 274 66 22 68
-0.00141223 8 0 8 9 274 66 22 68
-0.00141147 8 4 8 9 274 66 22 68
-0.0014122 8 8 8 9 274 66 22 68
-0.00141251 8 12 8 9 274 66 22 68
-0.00141218 8 16 8 9 274 66 22 68
-0.00140895 8 20 8 9 274 66 22 68
-0.00140876 8 24 8 9 274 66 22 68
-0.00140986 8 28 8 9 274 66 22 68
-0.00141086 8 32 8 9 274 66 22 68
-0.00141009 8 36 8 9 274 66 22 68
-0.00140759 8 40 8 9 274 66 22 68
-0.00140886 8 44 8 9 274 66 22 68
-0.00141045 8 48 8 9 274 66 22 68
-0.00141205 8 52 8 9 274 66 22 68
-0.0014122 12 0 8 9 274 66 22 68
-0.00141139 12 4 8 9 274 66 22 68
-0.00141164 12 8 8 9 274 66 22 68
-0.00141153 12 12 8 9 274 66 22 68
-0.00141003 12 16 8 9 274 66 22 68
-0.00110555 12 20 8 9 274 66 22 68
-0.00140474 12 24 8 9 274 66 22 68
-0.00140631 12 28 8 9 274 66 22 68
-0.0014094 12 32 8 9 274 66 22 68
-0.00141101 12 36 8 9 274 66 22 68
-0.00140771 12 40 8 9 274 66 22 68
-0.00114915 12 44 8 9 274 66 22 68
-0.00140729 12 48 8 9 274 66 22 68
-0.0014118 12 52 8 9 274 66 22 68
-0.00141253 0 0 8 9 274 66 22 68
-0.00141202 0 4 8 9 274 66 22 68
-0.00141054 0 8 8 9 274 66 22 68
-0.00141127 0 12 8 9 274 66 22 68
-0.0014068 0 16 8 9 274 66 22 68
-0.00140977 0 20 8 9 274 66 22 68
-0.00140877 0 24 8 9 274 66 22 68
-0.00140614 0 28 8 9 274 66 22 68
-0.00141103 0 32 8 9 274 66 22 68
-0.001412 0 36 8 9 274 66 22 68
-0.00141188 0 40 8 9 274 66 22 68
-0.00141057 0 44 8 9 274 66 22 68
-0.00140578 0 48 8 9 274 66 22 68
-0.00141196 0 52 8 9 274 66 22 68
-0.00141244 4 0 8 9 274 66 22 68
-0.001412 4 4 8 9 274 66 22 68
-0.00141229 4 8 8 9 274 66 22 68
-0.00141202 4 12 8 9 274 66 22 68
-0.0014066 4 16 8 9 274 66 22 68
-0.000804964 4 20 8 9 274 66 22 68
-0.000884538 4 24 8 9 274 66 22 68
-0.000947437 4 28 8 9 274 66 22 68
-0.0014105 4 32 8 9 274 66 22 68
-0.00141139 4 36 8 9 274 66 22 68
-0.00141102 4 40 8 9 274 66 22 68
-0.00140925 4 44 8 9 274 66 22 68
-0.00140716 4 48 8 9 274 66 22 68
-0.00141191 4 52 8 9 274 66 22 68
-0.00141241 8 0 8 9 274 66 22 68
-0.00141124 8 4 8 9 274 66 22 68
-0.00141221 8 8 8 9 274 66 22 68
-0.00141236 8 12 8 9 274 66 22 68
-0.00141147 8 16 8 9 274 66 22 68
-0.000708865 8 20 8 9 274 66 22 68
-0.000858526 8 24 8 9 274 66 22 68
-0.000684508 8 28 8 9 274 66 22 68
-0.00140869 8 32 8 9 274 66 22 68
-0.00141042 8 36 8 9 274 66 22 68
-0.00140935 8 40 8 9 274 66 22 68
-0.00140602 8 44 8 9 274 66 22 68
-0.00140516 8 48 8 9 274 66 22 68
-0.00141178 8 52 8 9 274 66 22 68
-0.00141255 12 0 8 9 274 66 22 68
-0.0014123 12 4 8 9 274 66 22 68
-0.00141224 12 8 8 9 274 66 22 68
-0.00141193 12 12 8 9 274 66 22 68
-0.00140783 12 16 8 9 274 66 22 68
-0.000673039 12 20 8 9 274 66 22 68
-0.000897648 12 24 8 9 274 66 22 68
-0.000776883 12 28 8 9 274 66 22 68
-0.00130654 12 32 8 9 274 66 22 68
-0.00141046 12 36 8 9 274 66 22 68
-0.00141059 12 40 8 9 274 66 22 68
-0.00140878 12 44 8 9 274 66 22 68
-0.00140468 12 48 8 9 274 66 22 68
-0.00141167 12 52 8 9 274 66 22 68
-0.0014125 0 0 8 9 274 66 22 68
-0.00141204 0 4 8 9 274 66 22 68
-0.00141209 0 8 8 9 274 66 22 68
-0.00141135 0 12 8 9 274 66 22 68
-0.00140995 0 16 8 9 274 66 22 68
-0.00140844 0 20 8 9 274 66 22 68
-0.00140756 0 24 8 9 274 66 22 68
-0.00140884 0 28 8 9 274 66 22 68
-0.00140921 0 32 8 9 274 66 22 68
-0.0014086 0 36 8 9 274 66 22 68
-0.00140977 0 40 8 9 274 66 22 68
-0.00141051 0 44 8 9 274 66 22 68
-0.00141157 0 48 8 9 274 66 22 68
-0.00141254 0 52 8 9 274 66 22 68
-0.00141253 4 0 8 9 274 66 22 68
-0.00141221 4 4 8 9 274 66 22 68
-0.00141228 4 8 8 9 274 66 22 68
-0.00141053 4 12 8 9 274 66 22 68
-0.00141096 4 16 8 9 274 66 22 68
-0.00140917 4 20 8 9 274 66 22 68
-0.00140695 4 24 8 9 274 66 22 68
-0.0014082 4 28 8 9 274 66 22 68
-0.001406 4 32 8 9 274 66 22 68
-0.00128633 4 36 8 9 274 66 22 68
-0.0014058 4 40 8 9 274 66 22 68
-0.0014092 4 44 8 9 274 66 22 68
-0.00141064 4 48 8 9 274 66 22 68
-0.00141242 4 52 8 9 274 66 22 68
-0.00141253 8 0 8 9 274 66 22 68
-0.00141216 8 4 8 9 274 66 22 68
-0.00141249 8 8 8 9 274 66 22 68
-0.00141227 8 12 8 9 274 66 22 68
-0.00140737 8 16 8 9 274 66 22 68
-0.00140774 8 20 8 9 274 66 22 68
-0.00140626 8 24 8 9 274 66 22 68
-0.00140609 8 28 8 9 274 66 22 68
-0.00140794 8 32 8 9 274 66 22 68
-0.00140794 8 36 8 9 274 66 22 68
-0.000993609 8 40 8 9 274 66 22 68
-0.000762399 8 44 8 9 274 66 22 68
-0.00140769 8 48 8 9 274 66 22 68
-0.00141226 8 52 8 9 274 66 22 68
-0.00141251 12 0 8 9 274 66 22 68
-0.00141208 12 4 8 9 274 66 22 68
-0.00141248 12 8 8 9 274 66 22 68
-0.00141242 12 12 8 9 274 66 22 68
-0.00140964 12 16 8 9 274 66 22 68
-0.000659872 12 20 8 9 274 66 22 68
-0.00073442 12 24 8 9 274 66 22 68
-0.000922925 12 28 8 9 274 66 22 68
-0.00141058 12 32 8 9 274 66 22 68
-0.00141174 12 36 8 9 274 66 22 68
-0.00141093 12 40 8 9 274 66 22 68
-0.00140916 12 44 8 9 274 66 22 68
-0.00141046 12 48 8 9 274 66 22 68
-0.00141241 12 52 8 9 274 66 22 68
-0.00141255 0 0 8 9 274 66 22 68
-0.00141248 0 4 8 9 274 66 22 68
-0.00141212 0 8 8 9 274 66 22 68
-0.00141174 0 12 8 9 274 66 22 68
-0.00141176 0 16 8 9 274 66 22 68
-0.00141164 0 20 8 9 274 66 22 68
-0.000696451 0 24 8 9 274 66 22 68
-0.00118168 0 28 8 9 274 66 22 68
-0.00140998 0 32 8 9 274 66 22 68
-0.00140592 0 36 8 9 274 66 22 68
-0.0010609 0 40 8 9 274 66 22 68
-0.00140787 0 44 8 9 274 66 22 68
-0.00140961 0 48 8 9 274 66 22 68
-0.00141052 0 52 8 9 274 66 22 68
-0.0014125 4 0 8 9 274 66 22 68
-0.00141251 4 4 8 9 274 66 22 68
-0.00141239 4 8 8 9 274 66 22 68
-0.00140909 4 12 8 9 274 66 22 68
-0.00141007 4 16 8 9 274 66 22 68
-0.00141014 4 20 8 9 274 66 22 68
-0.00124532 4 24 8 9 274 66 22 68
-0.00140751 4 28 8 9 274 66 22 68
-0.00141029 4 32 8 9 274 66 22 68
-0.00141114 4 36 8 9 274 66 22 68
-0.00141214 4 40 8 9 274 66 22 68
-0.00141207 4 44 8 9 274 66 22 68
-0.00141127 4 48 8 9 274 66 22 68
-0.00141116 4 52 8 9 274 66 22 68
-0.00141253 8 0 8 9 274 66 22 68
-0.00141241 8 4 8 9 274 66 22 68
-0.00141229 8 8 8 9 274 66 22 68
-0.00141173 8 12 8 9 274 66 22 68
-0.00141031 8 16 8 9 274 66 22 68
-0.00140905 8 20 8 9 274 66 22 68
-0.00140972 8 24 8 9 274 66 22 68
-0.0014118 8 28 8 9 274 66 22 68
-0.00141095 8 32 8 9 274 66 22 68
-0.00141129 8 36 8 9 274 66 22 68
-0.00141147 8 40 8 9 274 66 22 68
-0.00141082 8 44 8 9 274 66 22 68
-0.00140982 8 48 8 9 274 66 22 68
-0.00141217 8 52 8 9 274 66 22 68
-0.00141201 12 0 8 9 274 66 22 68
-0.00141122 12 4 8 9 274 66 22 68
-0.00141113 12 8 8 9 274 66 22 68
-0.00141171 12 12 8 9 274 66 22 68
-0.00141231 12 16 8 9 274 66 22 68
-0.00141244 12 20 8 9 274 66 22 68
-0.00141242 12 24 8 9 274 66 22 68
-0.00141219 12 28 8 9 274 66 22 68
-0.00141188 12 32 8 9 274 66 22 68
-0.00141096 12 36 8 9 274 66 22 68
-0.00141152 12 40 8 9 274 66 22 68
-0.00141173 12 44 8 9 274 66 22 68
-0.00141144 12 48 8 9 274 66 22 68
-0.00141123 12 52 8 9 274 66 22 68
-0.00141256 0 0 8 9 274 66 22 68
-0.00141257 0 4 8 9 274 66 22 68
-0.00141254 0 8 8 9 274 66 22 68
-0.00141242 0 12 8 9 274 66 22 68
-0.00141248 0 16 8 9 274 66 22 68
-0.00141258 0 20 8 9 274 66 22 68
-0.00141252 0 24 8 9 274 66 22 68
-0.00141131 0 28 8 9 274 66 22 68
-0.00141174 0 32 8 9 274 66 22 68
-0.00141164 0 36 8 9 274 66 22 68
-0.00141244 0 40 8 9 274 66 22 68
-0.00141249 0 44 8 9 274 66 22 68
-0.00141235 0 48 8 9 274 66 22 68
-0.00141258 0 52 8 9 274 66 22 68
-0.00141152 4 0 8 9 274 66 22 68
-0.00141137 4 4 8 9 274 66 22 68
-0.00141244 4 8 8 9 274 66 22 68
-0.00141257 4 12 8 9 274 66 22 68
-0.00141259 4 16 8 9 274 66 22 68
-0.00141224 4 20 8 9 274 66 22 68
-0.00141208 4 24 8 9 274 66 22 68
-0.00141222 4 28 8 9 274 66 22 68
-0.00141214 4 32 8 9 274 66 22 68
-0.00141218 4 36 8 9 274 66 22 68
-0.00141241 4 40 8 9 274 66 22 68
-0.00141247 4 44 8 9 274 66 22 68
-0.00141208 4 48 8 9 274 66 22 68
-0.00141243 4 52 8 9 274 66 22 68
-0.00141229 8 0 8 9 274 66 22 68
-0.001412 8 4 8 9 274 66 22 68
-0.00141197 8 8 8 9 274 66 22 68
-0.00141249 8 12 8 9 274 66 22 68
-0.00141258 8 16 8 9 274 66 22 68
-0.00141252 8 20 8 9 274 66 22 68
-0.00141257 8 24 8 9 274 66 22 68
-0.00141256 8 28 8 9 274 66 22 68
-0.00141245 8 32 8 9 274 66 22 68
-0.00141258 8 36 8 9 274 66 22 68
-0.00141239 8 40 8 9 274 66 22 68
-0.00141222 8 44 8 9 274 66 22 68
-0.00141247 8 48 8 9 274 66 22 68
-0.00141254 8 52 8 9 274 66 22 68
-0.00141256 12 0 8 9 274 66 22 68
-0.00141249 12 4 8 9 274 66 22 68
-0.00141223 12 8 8 9 274 66 22 68
-0.00141223 12 12 8 9 274 66 22 68
-0.0014125 12 16 8 9 274 66 22 68
-0.00141252 12 20 8 9 274 66 22 68
-0.00141258 12 24 8 9 274 66 22 68
-0.00141251 12 28 8 9 274 66 22 68
-0.00141227 12 32 8 9 274 66 22 68
-0.0014125 12 36 8 9 274 66 22 68
-0.00141256 12 40 8 9 274 66 22 68
-0.0014123 12 44 8 9 274 66 22 68
-0.0014123 12 48 8 9 274 66 22 68
-0.00141244 12 52 8 9 274 66 22 68
-0.00141209 0 0 8 9 274 66 22 68
-0.00141219 0 4 8 9 274 66 22 68
-0.00141226 0 8 8 9 274 66 22 68
-0.0014125 0 12 8 9 274 66 22 68
-0.00141258 0 16 8 9 274 66 22 68
-0.00141242 0 20 8 9 274 66 22 68
-0.00141229 0 24 8 9 274 66 22 68
-0.00141245 0 28 8 9 274 66 22 68
-0.00141211 0 32 8 9 274 66 22 68
-0.00141146 0 36 8 9 274 66 22 68
-0.00140906 0 40 8 9 274 66 22 68
-0.00141172 0 44 8 9 274 66 22 68
-0.0014122 0 48 8 9 274 66 22 68
-0.00141229 0 52 8 9 274 66 22 68
-0.00141236 4 0 8 9 274 66 22 68
-0.00141217 4 4 8 9 274 66 22 68
-0.00141247 4 8 8 9 274 66 22 68
-0.00141256 4 12 8 9 274 66 22 68
-0.0014126 4 16 8 9 274 66 22 68
-0.00141171 4 20 8 9 274 66 22 68
-0.00141128 4 24 8 9 274 66 22 68
-0.00141052 4 28 8 9 274 66 22 68
-0.00141064 4 32 8 9 274 66 22 68
-0.00141079 4 36 8 9 274 66 22 68
-0.00141157 4 40 8 9 274 66 22 68
-0.00141186 4 44 8 9 274 66 22 68
-0.00141251 4 48 8 9 274 66 22 68
-0.00141251 4 52 8 9 274 66 22 68
-0.00141251 8 0 8 9 274 66 22 68
-0.00141248 8 4 8 9 274 66 22 68
-0.00141251 8 8 8 9 274 66 22 68
-0.00141259 8 12 8 9 274 66 22 68
-0.00141256 8 16 8 9 274 66 22 68
-0.00141236 8 20 8 9 274 66 22 68
-0.00141259 8 24 8 9 274 66 22 68
-0.00141254 8 28 8 9 274 66 22 68
-0.00141257 8 32 8 9 274 66 22 68
-0.00141234 8 36 8 9 274 66 22 68
-0.00141063 8 40 8 9 274 66 22 68
-0.00141021 8 44 8 9 274 66 22 68
-0.00141249 8 48 8 9 274 66 22 68
-0.00141257 8 52 8 9 274 66 22 68
-0.00141252 12 0 8 9 274 66 22 68
-0.00141251 12 4 8 9 274 66 22 68
-0.00141225 12 8 8 9 274 66 22 68
-0.00141253 12 12 8 9 274 66 22 68
-0.00141257 12 16 8 9 274 66 22 68
-0.00141259 12 20 8 9 274 66 22 68
-0.00141257 12 24 8 9 274 66 22 68
-0.00141222 12 28 8 9 274 66 22 68
-0.00141252 12 32 8 9 274 66 22 68
-0.00141259 12 36 8 9 274 66 22 68
-0.00141219 12 40 8 9 274 66 22 68
-0.00141188 12 44 8 9 274 66 22 68
-0.00141255 12 48 8 9 274 66 22 68
-0.00141251 12 52 8 9 274 66 22 68
-0.00141256 0 0 8 9 274 66 22 68
-0.00141248 0 4 8 9 274 66 22 68
-0.00141157 0 8 8 9 274 66 22 68
-0.00141194 0 12 8 9 274 66 22 68
-0.00141045 0 16 8 9 274 66 22 68
-0.00140932 0 20 8 9 274 66 22 68
-0.00140919 0 24 8 9 274 66 22 68
-0.00140921 0 28 8 9 274 66 22 68
-0.00141131 0 32 8 9 274 66 22 68
-0.00141097 0 36 8 9 274 66 22 68
-0.00141156 0 40 8 9 274 66 22 68
-0.00141243 0 44 8 9 274 66 22 68
-0.00141257 0 48 8 9 274 66 22 68
-0.00141251 0 52 8 9 274 66 22 68
-0.00141258 4 0 8 9 274 66 22 68
-0.0014126 4 4 8 9 274 66 22 68
-0.00141009 4 8 8 9 274 66 22 68
-0.00140816 4 12 8 9 274 66 22 68
-0.00140925 4 16 8 9 274 66 22 68
-0.00140537 4 20 8 9 274 66 22 68
-0.00140772 4 24 8 9 274 66 22 68
-0.00140836 4 28 8 9 274 66 22 68
-0.00140834 4 32 8 9 274 66 22 68
-0.00140965 4 36 8 9 274 66 22 68
-0.00141153 4 40 8 9 274 66 22 68
-0.00141204 4 44 8 9 274 66 22 68
-0.00141259 4 48 8 9 274 66 22 68
-0.00141254 4 52 8 9 274 66 22 68
-0.00141256 8 0 8 9 274 66 22 68
-0.0014126 8 4 8 9 274 66 22 68
-0.00141063 8 8 8 9 274 66 22 68
-0.00140452 8 12 8 9 274 66 22 68
-0.00140518 8 16 8 9 274 66 22 68
-0.00140521 8 20 8 9 274 66 22 68
-0.00141003 8 24 8 9 274 66 22 68
-0.00140984 8 28 8 9 274 66 22 68
-0.00141128 8 32 8 9 274 66 22 68
-0.00141124 8 36 8 9 274 66 22 68
-0.00141041 8 40 8 9 274 66 22 68
-0.00141151 8 44 8 9 274 66 22 68
-0.0014126 8 48 8 9 274 66 22 68
-0.00141257 8 52 8 9 274 66 22 68
-0.00141253 12 0 8 9 274 66 22 68
-0.00141259 12 4 8 9 274 66 22 68
-0.00141149 12 8 8 9 274 66 22 68
-0.00140813 12 12 8 9 274 66 22 68
-0.00131661 12 16 8 9 274 66 22 68
-0.00141049 12 20 8 9 274 66 22 68
-0.00141202 12 24 8 9 274 66 22 68
-0.00141134 12 28 8 9 274 66 22 68
-0.0014119 12 32 8 9 274 66 22 68
-0.00141207 12 36 8 9 274 66 22 68
-0.00141052 12 40 8 9 274 66 22 68
-0.00141138 12 44 8 9 274 66 22 68
-0.0014126 12 48 8 9 274 66 22 68
-0.00141255 12 52 8 9 274 66 22 68
-0.00141255 0 0 8 9 274 66 22 68
-0.00141256 0 4 8 9 274 66 22 68
-0.00141255 0 8 8 9 274 66 22 68
-0.00141258 0 12 8 9 274 66 22 68
-0.00141255 0 16 8 9 274 66 22 68
-0.00141233 0 20 8 9 274 66 22 68
-0.00141135 0 24 8 9 274 66 22 68
-0.00141121 0 28 8 9 274 66 22 68
-0.00141233 0 32 8 9 274 66 22 68
-0.0014122 0 36 8 9 274 66 22 68
-0.00141237 0 40 8 9 274 66 22 68
-0.00141253 0 44 8 9 274 66 22 68
-0.00141259 0 48 8 9 274 66 22 68
-0.00141252 0 52 8 9 274 66 22 68
-0.00141257 4 0 8 9 274 66 22 68
-0.00141256 4 4 8 9 274 66 22 68
-0.00141247 4 8 8 9 274 66 22 68
-0.00141238 4 12 8 9 274 66 22 68
-0.00141253 4 16 8 9 274 66 22 68
-0.00141259 4 20 8 9 274 66 22 68
-0.00141225 4 24 8 9 274 66 22 68
-0.00141187 4 28 8 9 274 66 22 68
-0.00141207 4 32 8 9 274 66 22 68
-0.00141181 4 36 8 9 274 66 22 68
-0.0014122 4 40 8 9 274 66 22 68
-0.00141192 4 44 8 9 274 66 22 68
-0.0014126 4 48 8 9 274 66 22 68
-0.00141257 4 52 8 9 274 66 22 68
-0.00141238 8 0 8 9 274 66 22 68
-0.00141245 8 4 8 9 274 66 22 68
-0.00141232 8 8 8 9 274 66 22 68
-0.00141236 8 12 8 9 274 66 22 68
-0.00141253 8 16 8 9 274 66 22 68
-0.00141259 8 20 8 9 274 66 22 68
-0.00141174 8 24 8 9 274 66 22 68
-0.00141248 8 28 8 9 274 66 22 68
-0.00141252 8 32 8 9 274 66 22 68
-0.00141252 8 36 8 9 274 66 22 68
-0.00141258 8 40 8 9 274 66 22 68
-0.00141224 8 44 8 9 274 66 22 68
-0.00141256 8 48 8 9 274 66 22 68
-0.00141257 8 52 8 9 274 66 22 68
-0.00141193 12 0 8 9 274 66 22 68
-0.0014116 12 4 8 9 274 66 22 68
-0.00141237 12 8 8 9 274 66 22 68
-0.00141252 12 12 8 9 274 66 22 68
-0.00141253 12 16 8 9 274 66 22 68
-0.00141244 12 20 8 9 274 66 22 68
-0.00141243 12 24 8 9 274 66 22 68
-0.00141216 12 28 8 9 274 66 22 68
-0.00141175 12 32 8 9 274 66 22 68
-0.0014124 12 36 8 9 274 66 22 68
-0.00141257 12 40 8 9 274 66 22 68
-0.00141232 12 44 8 9 274 66 22 68
-0.00141256 12 48 8 9 274 66 22 68
-0.00141254 12 52 8 9 274 66 22 68
-0.00141249 0 0 8 9 274 66 22 68
-0.00141254 0 4 8 9 274 66 22 68
-0.00141258 0 8 8 9 274 66 22 68
-0.00141259 0 12 8 9 274 66 22 68
-0.00141255 0 16 8 9 274 66 22 68
-0.00141239 0 20 8 9 274 66 22 68
-0.00141144 0 24 8 9 274 66 22 68
-0.00140952 0 28 8 9 274 66 22 68
-0.00140956 0 32 8 9 274 66 22 68
-0.00141078 0 36 8 9 274 66 22 68
-0.00140999 0 40 8 9 274 66 22 68
-0.00141172 0 44 8 9 274 66 22 68
-0.00141243 0 48 8 9 274 66 22 68
-0.00141252 0 52 8 9 274 66 22 68
-0.00141244 4 0 8 9 274 66 22 68
-0.00141204 4 4 8 9 274 66 22 68
-0.00141226 4 8 8 9 274 66 22 68
-0.00141236 4 12 8 9 274 66 22 68
-0.0014125 4 16 8 9 274 66 22 68
-0.00141258 4 20 8 9 274 66 22 68
-0.00141251 4 24 8 9 274 66 22 68
-0.00141166 4 28 8 9 274 66 22 68
-0.00141172 4 32 8 9 274 66 22 68
-0.00141215 4 36 8 9 274 66 22 68
-0.00141238 4 40 8 9 274 66 22 68
-0.00141254 4 44 8 9 274 66 22 68
-0.00141252 4 48 8 9 274 66 22 68
-0.00141239 4 52 8 9 274 66 22 68
-0.00141231 8 0 8 9 274 66 22 68
-0.00141205 8 4 8 9 274 66 22 68
-0.00141229 8 8 8 9 274 66 22 68
-0.00141231 8 12 8 9 274 66 22 68
-0.00141247 8 16 8 9 274 66 22 68
-0.00141256 8 20 8 9 274 66 22 68
-0.00141225 8 24 8 9 274 66 22 68
-0.00141232 8 28 8 9 274 66 22 68
-0.00141251 8 32 8 9 274 66 22 68
-0.00141246 8 36 8 9 274 66 22 68
-0.00141239 8 40 8 9 274 66 22 68
-0.00141231 8 44 8 9 274 66 22 68
-0.00141239 8 48 8 9 274 66 22 68
-0.00141234 8 52 8 9 274 66 22 68
-0.00141224 12 0 8 9 274 66 22 68
-0.00141242 12 4 8 9 274 66 22 68
-0.0014125 12 8 8 9 274 66 22 68
-0.00141254 12 12 8 9 274 66 22 68
-0.0014125 12 16 8 9 274 66 22 68
-0.00141234 12 20 8 9 274 66 22 68
-0.00141241 12 24 8 9 274 66 22 68
-0.00141228 12 28 8 9 274 66 22 68
-0.00141239 12 32 8 9 274 66 22 68
-0.0014122 12 36 8 9 274 66 22 68
-0.00141251 12 40 8 9 274 66 22 68
-0.00141241 12 44 8 9 274 66 22 68
-0.00141226 12 48 8 9 274 66 22 68
-0.00141229 12 52 8 9 274 66 22 68
-0.00141172 0 0 11 12 274 66 22 68
-0.0014119 0 6 11 12 274 66 22 68
-0.00141253 0 12 11 12 274 66 22 68
-0.00141254 0 18 11 12 274 66 22 68
-0.00141019 0 24 11 12 274 66 22 68
-0.00121374 0 30 11 12 274 66 22 68
-0.00140563 0 36 11 12 274 66 22 68
-0.00141225 0 42 11 12 274 66 22 68
-0.00141259 0 48 11 12 274 66 22 68
-0.00141181 0 54 11 12 274 66 22 68
-0.00141088 5 0 11 12 274 66 22 68
-0.00141187 5 6 11 12 274 66 22 68
-0.00141254 5 12 11 12 274 66 22 68
-0.00141257 5 18 11 12 274 66 22 68
-0.00141208 5 24 11 12 274 66 22 68
-0.00141217 5 30 11 12 274 66 22 68
-0.00141208 5 36 11 12 274 66 22 68
-0.00141212 5 42 11 12 274 66 22 68
-0.00141257 5 48 11 12 274 66 22 68
-0.0014122 5 54 11 12 274 66 22 68
-0.00141226 10 0 11 12 274 66 22 68
-0.00141184 10 6 11 12 274 66 22 68
-0.00141225 10 12 11 12 274 66 22 68
-0.00141252 10 18 11 12 274 66 22 68
-0.00141255 10 24 11 12 274 66 22 68
-0.00141219 10 30 11 12 274 66 22 68
-0.00141252 10 36 11 12 274 66 22 68
-0.00141216 10 42 11 12 274 66 22 68
-0.00141258 10 48 11 12 274 66 22 68
-0.00141225 10 54 11 12 274 66 22 68
-0.00141205 0 0 11 12 274 66 22 68
-0.00141152 0 6 11 12 274 66 22 68
-0.00141038 0 12 11 12 274 66 22 68
-0.0014081 0 18 11 12 274 66 22 68
-0.00283349 0 24 11 12 274 66 22 68
-0.000636036 0 30 11 12 274 66 22 68
-0.00140732 0 36 11 12 274 66 22 68
-0.00141038 0 42 11 12 274 66 22 68
-0.00141231 0 48 11 12 274 66 22 68
-0.0014125 0 54 11 12 274 66 22 68
-0.00141152 5 0 11 12 274 66 22 68
-0.00141016 5 6 11 12 274 66 22 68
-0.00141179 5 12 11 12 274 66 22 68
-0.0014084 5 18 11 12 274 66 22 68
-0.00140899 5 24 11 12 274 66 22 68
-0.00140993 5 30 11 12 274 66 22 68
-0.00140906 5 36 11 12 274 66 22 68
-0.00140716 5 42 11 12 274 66 22 68
-0.00141185 5 48 11 12 274 66 22 68
-0.00141234 5 54 11 12 274 66 22 68
-0.00141197 10 0 11 12 274 66 22 68
-0.00141108 10 6 11 12 274 66 22 68
-0.00141082 10 12 11 12 274 66 22 68
-0.000818645 10 18 11 12 274 66 22 68
-0.000721266 10 24 11 12 274 66 22 68
-0.00140667 10 30 11 12 274 66 22 68
-0.00140919 10 36 11 12 274 66 22 68
-0.000629021 10 42 11 12 274 66 22 68
-0.00141019 10 48 11 12 274 66 22 68
-0.00141172 10 54 11 12 274 66 22 68
-0.00141236 0 0 11 12 274 66 22 68
-0.00141178 0 6 11 12 274 66 22 68
-0.00140656 0 12 11 12 274 66 22 68
-0.000845304 0 18 11 12 274 66 22 68
-0.00109426 0 24 11 12 274 66 22 68
-0.00141056 0 30 11 12 274 66 22 68
-0.00141175 0 36 11 12 274 66 22 68
-0.00141016 0 42 11 12 274 66 22 68
-0.00141026 0 48 11 12 274 66 22 68
-0.0014124 0 54 11 12 274 66 22 68
-0.00141216 5 0 11 12 274 66 22 68
-0.00141178 5 6 11 12 274 66 22 68
-0.00141178 5 12 11 12 274 66 22 68
-0.000664081 5 18 11 12 274 66 22 68
-0.000688507 5 24 11 12 274 66 22 68
-0.00140828 5 30 11 12 274 66 22 68
-0.00141073 5 36 11 12 274 66 22 68
-0.00140802 5 42 11 12 274 66 22 68
-0.00140995 5 48 11 12 274 66 22 68
-0.00141236 5 54 11 12 274 66 22 68
-0.00141238 10 0 11 12 274 66 22 68
-0.00141196 10 6 11 12 274 66 22 68
-0.00141137 10 12 11 12 274 66 22 68
-0.000991501 10 18 11 12 274 66 22 68
-0.000648476 10 24 11 12 274 66 22 68
-0.00127622 10 30 11 12 274 66 22 68
-0.00141044 10 36 11 12 274 66 22 68
-0.00140796 10 42 11 12 274 66 22 68
-0.00140923 10 48 11 12 274 66 22 68
-0.00141233 10 54 11 12 274 66 22 68
-0.00141224 0 0 11 12 274 66 22 68
-0.00141141 0 6 11 12 274 66 22 68
-0.00140966 0 12 11 12 274 66 22 68
-0.00141001 0 18 11 12 274 66 22 68
-0.00140761 0 24 11 12 274 66 22 68
-0.00140756 0 30 11 12 274 66 22 68
-0.00140807 0 36 11 12 274 66 22 68
-0.00140997 0 42 11 12 274 66 22 68
-0.00141219 0 48 11 12 274 66 22 68
-0.00141245 0 54 11 12 274 66 22 68
-0.00141233 5 0 11 12 274 66 22 68
-0.00141224 5 6 11 12 274 66 22 68
-0.00141079 5 12 11 12 274 66 22 68
-0.00140701 5 18 11 12 274 66 22 68
-0.00140718 5 24 11 12 274 66 22 68
-0.00140765 5 30 11 12 274 66 22 68
-0.00140632 5 36 11 12 274 66 22 68
-0.00140646 5 42 11 12 274 66 22 68
-0.00141167 5 48 11 12 274 66 22 68
-0.0014124 5 54 11 12 274 66 22 68
-0.00141229 10 0 11 12 274 66 22 68
-0.00141233 10 6 11 12 274 66 22 68
-0.00141221 10 12 11 12 274 66 22 68
-0.000981711 10 18 11 12 274 66 22 68
-0.000656354 10 24 11 12 274 66 22 68
-0.00140949 10 30 11 12 274 66 22 68
-0.00141098 10 36 11 12 274 66 22 68
-0.00140681 10 42 11 12 274 66 22 68
-0.00141192 10 48 11 12 274 66 22 68
-0.00141243 10 54 11 12 274 66 22 68
-0.00141183 0 0 11 12 274 66 22 68
-0.00141184 0 6 11 12 274 66 22 68
-0.00140658 0 12 11 12 274 66 22 68
-0.0014106 0 18 11 12 274 66 22 68
-0.000748139 0 24 11 12 274 66 22 68
-0.00140463 0 30 11 12 274 66 22 68
-0.00140871 0 36 11 12 274 66 22 68
-0.00141122 0 42 11 12 274 66 22 68
-0.00141005 0 48 11 12 274 66 22 68
-0.00141207 0 54 11 12 274 66 22 68
-0.00141213 5 0 11 12 274 66 22 68
-0.00141235 5 6 11 12 274 66 22 68
-0.00141127 5 12 11 12 274 66 22 68
-0.00141092 5 18 11 12 274 66 22 68
-0.00140905 5 24 11 12 274 66 22 68
-0.00117091 5 30 11 12 274 66 22 68
-0.00140815 5 36 11 12 274 66 22 68
-0.00140964 5 42 11 12 274 66 22 68
-0.00141107 5 48 11 12 274 66 22 68
-0.00141248 5 54 11 12 274 66 22 68
-0.00141191 10 0 11 12 274 66 22 68
-0.00141107 10 6 11 12 274 66 22 68
-0.00141228 10 12 11 12 274 66 22 68
-0.00141243 10 18 11 12 274 66 22 68
-0.00141242 10 24 11 12 274 66 22 68
-0.00141193 10 30 11 12 274 66 22 68
-0.00140804 10 36 11 12 274 66 22 68
-0.00140972 10 42 11 12 274 66 22 68
-0.00141142 10 48 11 12 274 66 22 68
-0.00141228 10 54 11 12 274 66 22 68
-0.00141208 0 0 11 12 274 66 22 68
-0.00141218 0 6 11 12 274 66 22 68
-0.00141246 0 12 11 12 274 66 22 68
-0.00141258 0 18 11 12 274 66 22 68
-0.00141215 0 24 11 12 274 66 22 68
-0.00141151 0 30 11 12 274 66 22 68
-0.00141134 0 36 11 12 274 66 22 68
-0.00141244 0 42 11 12 274 66 22 68
-0.00141225 0 48 11 12 274 66 22 68
-0.00141255 0 54 11 12 274 66 22 68
-0.00141207 5 0 11 12 274 66 22 68
-0.0014119 5 6 11 12 274 66 22 68
-0.00141251 5 12 11 12 274 66 22 68
-0.00141257 5 18 11 12 274 66 22 68
-0.00141252 5 24 11 12 274 66 22 68
-0.00141217 5 30 11 12 274 66 22 68
-0.00141247 5 36 11 12 274 66 22 68
-0.00141242 5 42 11 12 274 66 22 68
-0.00141232 5 48 11 12 274 66 22 68
-0.00141226 5 54 11 12 274 66 22 68
-0.00141252 10 0 11 12 274 66 22 68
-0.00141181 10 6 11 12 274 66 22 68
-0.00141229 10 12 11 12 274 66 22 68
-0.00141252 10 18 11 12 274 66 22 68
-0.00141253 10 24 11 12 274 66 22 68
-0.00141165 10 30 11 12 274 66 22 68
-0.0014125 10 36 11 12 274 66 22 68
-0.00141244 10 42 11 12 274 66 22 68
-0.00141219 10 48 11 12 274 66 22 68
-0.00141243 10 54 11 12 274 66 22 68
-0.00141124 0 0 11 12 274 66 22 68
-0.0014114 0 6 11 12 274 66 22 68
-0.00141254 0 12 11 12 274 66 22 68
-0.00141238 0 18 11 12 274 66 22 68
-0.00141078 0 24 11 12 274 66 22 68
-0.00141186 0 30 11 12 274 66 22 68
-0.0014101 0 36 11 12 274 66 22 68
-0.00141185 0 42 11 12 274 66 22 68
-0.00141228 0 48 11 12 274 66 22 68
-0.00141218 0 54 11 12 274 66 22 68
-0.00141196 5 0 11 12 274 66 22 68
-0.00141233 5 6 11 12 274 66 22 68
-0.00141259 5 12 11 12 274 66 22 68
-0.00141227 5 18 11 12 274 66 22 68
-0.00141246 5 24 11 12 274 66 22 68
-0.00141243 5 30 11 12 274 66 22 68
-0.00141196 5 36 11 12 274 66 22 68
-0.00141106 5 42 11 12 274 66 22 68
-0.00141253 5 48 11 12 274 66 22 68
-0.00141164 5 54 11 12 274 66 22 68
-0.00141244 10 0 11 12 274 66 22 68
-0.00141223 10 6 11 12 274 66 22 68
-0.00141253 10 12 11 12 274 66 22 68
-0.00141257 10 18 11 12 274 66 22 68
-0.00141244 10 24 11 12 274 66 22 68
-0.00141233 10 30 11 12 274 66 22 68
-0.00141256 10 36 11 12 274 66 22 68
-0.00141185 10 42 11 12 274 66 22 68
-0.00141254 10 48 11 12 274 66 22 68
-0.00141158 10 54 11 12 274 66 22 68
-0.00141257 0 0 11 12 274 66 22 68
-0.00141136 0 6 11 12 274 66 22 68
-0.00141103 0 12 11 12 274 66 22 68
-0.0014047 0 18 11 12 274 66 22 68
-0.00140584 0 24 11 12 274 66 22 68
-0.00140759 0 30 11 12 274 66 22 68
-0.0014079 0 36 11 12 274 66 22 68
-0.00141254 0 42 11 12 274 66 22 68
-0.00141255 0 48 11 12 274 66 22 68
-0.00141175 0 54 11 12 274 66 22 68
-0.00141258 5 0 11 12 274 66 22 68
-0.00141231 5 6 11 12 274 66 22 68
-0.000959047 5 12 11 12 274 66 22 68
-0.00113827 5 18 11 12 274 66 22 68
-0.00140668 5 24 11 12 274 66 22 68
-0.00140973 5 30 11 12 274 66 22 68
-0.00140949 5 36 11 12 274 66 22 68
-0.0014124 5 42 11 12 274 66 22 68
-0.00141258 5 48 11 12 274 66 22 68
-0.00141174 5 54 11 12 274 66 22 68
-0.00141254 10 0 11 12 274 66 22 68
-0.00141256 10 6 11 12 274 66 22 68
-0.0014062 10 12 11 12 274 66 22 68
-0.00141018 10 18 11 12 274 66 22 68
-0.0014109 10 24 11 12 274 66 22 68
-0.00141048 10 30 11 12 274 66 22 68
-0.00141134 10 36 11 12 274 66 22 68
-0.00141212 10 42 11 12 274 66 22 68
-0.00141258 10 48 11 12 274 66 22 68
-0.00141211 10 54 11 12 274 66 22 68
-0.00141252 0 0 11 12 274 66 22 68
-0.00141241 0 6 11 12 274 66 22 68
-0.00141246 0 12 11 12 274 66 22 68
-0.00141259 0 18 11 12 274 66 22 68
-0.00141142 0 24 11 12 274 66 22 68
-0.00141169 0 30 11 12 274 66 22 68
-0.00141152 0 36 11 12 274 66 22 68
-0.0014125 0 42 11 12 274 66 22 68
-0.00141257 0 48 11 12 274 66 22 68
-0.00141149 0 54 11 12 274 66 22 68
-0.00141222 5 0 11 12 274 66 22 68
-0.00141198 5 6 11 12 274 66 22 68
-0.00141232 5 12 11 12 274 66 22 68
-0.00141258 5 18 11 12 274 66 22 68
-0.0014123 5 24 11 12 274 66 22 68
-0.00141249 5 30 11 12 274 66 22 68
-0.00141241 5 36 11 12 274 66 22 68
-0.00141249 5 42 11 12 274 66 22 68
-0.00141258 5 48 11 12 274 66 22 68
-0.00141193 5 54 11 12 274 66 22 68
-0.00141121 10 0 11 12 274 66 22 68
-0.0014119 10 6 11 12 274 66 22 68
-0.00141246 10 12 11 12 274 66 22 68
-0.00141254 10 18 11 12 274 66 22 68
-0.00141208 10 24 11 12 274 66 22 68
-0.00141214 10 30 11 12 274 66 22 68
-0.00141237 10 36 11 12 274 66 22 68
-0.00141239 10 42 11 12 274 66 22 68
-0.00141256 10 48 11 12 274 66 22 68
-0.00141168 10 54 11 12 274 66 22 68
-0.00141177 0 0 11 12 274 66 22 68
-0.00141238 0 6 11 12 274 66 22 68
-0.00141249 0 12 11 12 274 66 22 68
-0.00141257 0 18 11 12 274 66 22 68
-0.00141223 0 24 11 12 274 66 22 68
-0.00140473 0 30 11 12 274 66 22 68
-0.00141078 0 36 11 12 274 66 22 68
-0.00141241 0 42 11 12 274 66 22 68
-0.00141238 0 48 11 12 274 66 22 68
-0.00141258 0 54 11 12 274 66 22 68
-0.00141182 5 0 11 12 274 66 22 68
-0.00141192 5 6 11 12 274 66 22 68
-0.00141236 5 12 11 12 274 66 22 68
-0.00141256 5 18 11 12 274 66 22 68
-0.00141216 5 24 11 12 274 66 22 68
-0.00141233 5 30 11 12 274 66 22 68
-0.00141246 5 36 11 12 274 66 22 68
-0.00141243 5 42 11 12 274 66 22 68
-0.00141231 5 48 11 12 274 66 22 68
-0.00141202 5 54 11 12 274 66 22 68
-0.00141219 10 0 11 12 274 66 22 68
-0.00141202 10 6 11 12 274 66 22 68
-0.00141226 10 12 11 12 274 66 22 68
-0.00141222 10 18 11 12 274 66 22 68
-0.00141227 10 24 11 12 274 66 22 68
-0.0014119 10 30 11 12 274 66 22 68
-0.0014115 10 36 11 12 274 66 22 68
-0.00141201 10 42 11 12 274 66 22 68
-0.00141239 10 48 11 12 274 66 22 68
-0.0014124 10 54 11 12 274 66 22 68
-0.00141184 0 0 14 17 274 66 22 68
-0.00141243 0 8 14 17 274 66 22 68
-0.00141255 0 16 14 17 274 66 22 68
-0.00141067 0 24 14 17 274 66 22 68
-0.00141108 0 32 14 17 274 66 22 68
-0.00141255 0 40 14 17 274 66 22 68
-0.00141235 0 48 14 17 274 66 22 68
-0.00141192 7 0 14 17 274 66 22 68
-0.00141219 7 8 14 17 274 66 22 68
-0.0014125 7 16 14 17 274 66 22 68
-0.00141242 7 24 14 17 274 66 22 68
-0.00141218 7 32 14 17 274 66 22 68
-0.00141246 7 40 14 17 274 66 22 68
-0.00141233 7 48 14 17 274 66 22 68
-0.00141129 0 0 14 17 274 66 22 68
-0.00140669 0 8 14 17 274 66 22 68
-0.000935338 0 16 14 17 274 66 22 68
-0.00122418 0 24 14 17 274 66 22 68
-0.00123478 0 32 14 17 274 66 22 68
-0.00140862 0 40 14 17 274 66 22 68
-0.00141226 0 48 14 17 274 66 22 68
-0.00141114 7 0 14 17 274 66 22 68
-0.00140605 7 8 14 17 274 66 22 68
-0.00138547 7 16 14 17 274 66 22 68
-0.00107201 7 24 14 17 274 66 22 68
-0.0014074 7 32 14 17 274 66 22 68
-0.00105003 7 40 14 17 274 66 22 68
-0.00141167 7 48 14 17 274 66 22 68
-0.00141146 0 0 14 17 274 66 22 68
-0.00141101 0 8 14 17 274 66 22 68
-0.00133656 0 16 14 17 274 66 22 68
-0.00112737 0 24 14 17 274 66 22 68
-0.00141106 0 32 14 17 274 66 22 68
-0.0014075 0 40 14 17 274 66 22 68
-0.00141172 0 48 14 17 274 66 22 68
-0.00141144 7 0 14 17 274 66 22 68
-0.0014112 7 8 14 17 274 66 22 68
-0.00102804 7 16 14 17 274 66 22 68
-0.000634411 7 24 14 17 274 66 22 68
-0.00140962 7 32 14 17 274 66 22 68
-0.00140498 7 40 14 17 274 66 22 68
-0.00141147 7 48 14 17 274 66 22 68
-0.00141101 0 0 14 17 274 66 22 68
-0.00141078 0 8 14 17 274 66 22 68
-0.00140762 0 16 14 17 274 66 22 68
-0.0014083 0 24 14 17 274 66 22 68
-0.00140838 0 32 14 17 274 66 22 68
-0.00140876 0 40 14 17 274 66 22 68
-0.00141228 0 48 14 17 274 66 22 68
-0.00141123 7 0 14 17 274 66 22 68
-0.00141212 7 8 14 17 274 66 22 68
-0.000790595 7 16 14 17 274 66 22 68
-0.00111655 7 24 14 17 274 66 22 68
-0.00140925 7 32 14 17 274 66 22 68
-0.00140654 7 40 14 17 274 66 22 68
-0.00141229 7 48 14 17 274 66 22 68
-0.00141167 0 0 14 17 274 66 22 68
-0.00141129 0 8 14 17 274 66 22 68
-0.00140772 0 16 14 17 274 66 22 68
-0.00140913 0 24 14 17 274 66 22 68
-0.00140979 0 32 14 17 274 66 22 68
-0.00134648 0 40 14 17 274 66 22 68
-0.00141184 0 48 14 17 274 66 22 68
-0.00141203 7 0 14 17 274 66 22 68
-0.00141122 7 8 14 17 274 66 22 68
-0.00141227 7 16 14 17 274 66 22 68
-0.00141218 7 24 14 17 274 66 22 68
-0.00141031 7 32 14 17 274 66 22 68
-0.00119241 7 40 14 17 274 66 22 68
-0.00141127 7 48 14 17 274 66 22 68
-0.00141175 0 0 14 17 274 66 22 68
-0.00141216 0 8 14 17 274 66 22 68
-0.00141252 0 16 14 17 274 66 22 68
-0.00141193 0 24 14 17 274 66 22 68
-0.00141099 0 32 14 17 274 66 22 68
-0.00141194 0 40 14 17 274 66 22 68
-0.00141193 0 48 14 17 274 66 22 68
-0.0014118 7 0 14 17 274 66 22 68
-0.00141185 7 8 14 17 274 66 22 68
-0.00141248 7 16 14 17 274 66 22 68
-0.00141202 7 24 14 17 274 66 22 68
-0.00141192 7 32 14 17 274 66 22 68
-0.00141253 7 40 14 17 274 66 22 68
-0.00141215 7 48 14 17 274 66 22 68
-0.0014119 0 0 14 17 274 66 22 68
-0.00141223 0 8 14 17 274 66 22 68
-0.00141255 0 16 14 17 274 66 22 68
-0.00141081 0 24 14 17 274 66 22 68
-0.00141135 0 32 14 17 274 66 22 68
-0.00141195 0 40 14 17 274 66 22 68
-0.00141097 0 48 14 17 274 66 22 68
-0.00141229 7 0 14 17 274 66 22 68
-0.00141243 7 8 14 17 274 66 22 68
-0.00141246 7 16 14 17 274 66 22 68
-0.00141121 7 24 14 17 274 66 22 68
-0.00141249 7 32 14 17 274 66 22 68
-0.0014123 7 40 14 17 274 66 22 68
-0.001412 7 48 14 17 274 66 22 68
-0.00141258 0 0 14 17 274 66 22 68
-0.00141051 0 8 14 17 274 66 22 68
-0.000871317 0 16 14 17 274 66 22 68
-0.00140755 0 24 14 17 274 66 22 68
-0.00132662 0 32 14 17 274 66 22 68
-0.00141261 0 40 14 17 274 66 22 68
-0.00141219 0 48 14 17 274 66 22 68
-0.00141256 7 0 14 17 274 66 22 68
-0.00140883 7 8 14 17 274 66 22 68
-0.00141032 7 16 14 17 274 66 22 68
-0.00116011 7 24 14 17 274 66 22 68
-0.00141062 7 32 14 17 274 66 22 68
-0.0014126 7 40 14 17 274 66 22 68
-0.0014123 7 48 14 17 274 66 22 68
-0.00141095 0 0 14 17 274 66 22 68
-0.00141057 0 8 14 17 274 66 22 68
-0.00141257 0 16 14 17 274 66 22 68
-0.00141217 0 24 14 17 274 66 22 68
-0.00141201 0 32 14 17 274 66 22 68
-0.00141258 0 40 14 17 274 66 22 68
-0.00141212 0 48 14 17 274 66 22 68
-0.00140835 7 0 14 17 274 66 22 68
-0.00141102 7 8 14 17 274 66 22 68
-0.0014125 7 16 14 17 274 66 22 68
-0.00141179 7 24 14 17 274 66 22 68
-0.00141219 7 32 14 17 274 66 22 68
-0.0014124 7 40 14 17 274 66 22 68
-0.00141223 7 48 14 17 274 66 22 68
-0.00141152 0 0 14 17 274 66 22 68
-0.00141237 0 8 14 17 274 66 22 68
-0.00141256 0 16 14 17 274 66 22 68
-0.00141191 0 24 14 17 274 66 22 68
-0.00141215 0 32 14 17 274 66 22 68
-0.00141241 0 40 14 17 274 66 22 68
-0.00141238 0 48 14 17 274 66 22 68
-0.00141093 7 0 14 17 274 66 22 68
-0.00141226 7 8 14 17 274 66 22 68
-0.00141238 7 16 14 17 274 66 22 68
-0.00141206 7 24 14 17 274 66 22 68
-0.00141086 7 32 14 17 274 66 22 68
-0.00141136 7 40 14 17 274 66 22 68
-0.00141178 7 48 14 17 274 66 22 68
-0.00141224 0 0 22 27 274 66 22 68
-0.00141233 0 13 22 27 274 66 22 68
-0.00141084 0 26 22 27 274 66 22 68
-0.00140998 0 39 22 27 274 66 22 68
-0.00140789 0 0 22 27 274 66 22 68
-0.000787262 0 13 22 27 274 66 22 68
-0.00129647 0 26 22 27 274 66 22 68
-0.00141069 0 39 22 27 274 66 22 68
-0.00141079 0 0 22 27 274 66 22 68
-0.000634194 0 13 22 27 274 66 22 68
-0.00140832 0 26 22 27 274 66 22 68
-0.0014066 0 39 22 27 274 66 22 68
-0.00140973 0 0 22 27 274 66 22 68
-0.00140557 0 13 22 27 274 66 22 68
-0.00140674 0 26 22 27 274 66 22 68
-0.00141179 0 39 22 27 274 66 22 68
-0.00141123 0 0 22 27 274 66 22 68
-0.00141097 0 13 22 27 274 66 22 68
-0.0014086 0 26 22 27 274 66 22 68
-0.00140716 0 39 22 27 274 66 22 68
-0.0014101 0 0 22 27 274 66 22 68
-0.00141136 0 13 22 27 274 66 22 68
-0.00140856 0 26 22 27 274 66 22 68
-0.00141243 0 39 22 27 274 66 22 68
-0.0014122 0 0 22 27 274 66 22 68
-0.0014124 0 13 22 27 274 66 22 68
-0.00120309 0 26 22 27 274 66 22 68
-0.0014091 0 39 22 27 274 66 22 68
-0.00141257 0 0 22 27 274 66 22 68
-0.000642034 0 13 22 27 274 66 22 68
-0.00140888 0 26 22 27 274 66 22 68
-0.00141154 0 39 22 27 274 66 22 68
-0.00141199 0 0 22 27 274 66 22 68
-0.00141232 0 13 22 27 274 66 22 68
-0.00140984 0 26 22 27 274 66 22 68
-0.00141036 0 39 22 27 274 66 22 68
-0.00141032 0 0 22 27 274 66 22 68
-0.00141226 0 13 22 27 274 66 22 68
-0.00141033 0 26 22 27 274 66 22 68
-0.00141092 0 39 22 27 274 66 22 68
-0.00141227 0 0 22 45 274 66 22 68
-0.0014101 0 22 22 45 274 66 22 68
-0.000970534 0 0 22 45 274 66 22 68
-0.0014052 0 22 22 45 274 66 22 68
-0.0014094 0 0 22 45 274 66 22 68
-0.00135632 0 22 22 45 274 66 22 68
-0.00140828 0 0 22 45 274 66 22 68
-0.00141018 0 22 22 45 274 66 22 68
-0.00140904 0 0 22 45 274 66 22 68
-0.00140725 0 22 22 45 274 66 22 68
-0.0215558 0 0 22 45 274 66 22 68
-0.00140947 0 22 22 45 274 66 22 68
-0.00141205 0 0 22 45 274 66 22 68
-0.00140646 0 22 22 45 274 66 22 68
-0.00141259 0 0 22 45 274 66 22 68
-0.00140983 0 22 22 45 274 66 22 68
-0.00141188 0 0 22 45 274 66 22 68
-0.00140721 0 22 22 45 274 66 22 68
-0.00141097 0 0 22 45 274 66 22 68
-0.00141167 0 22 22 45 274 66 22 68
