-0.00357381 0 0 19 20 422 206 68 113
-0.0035768 0 10 19 20 422 206 68 113
-0.00358276 0 20 19 20 422 206 68 113
-0.0035827 0 30 19 20 422 206 68 113
-0.0035826 0 40 19 20 422 206 68 113
-0.00357939 0 50 19 20 422 206 68 113
-0.00358304 0 60 19 20 422 206 68 113
-0.00358182 0 70 19 20 422 206 68 113
-0.00358224 0 80 19 20 422 206 68 113
-0.00358311 0 90 19 20 422 206 68 113
-0.0035631 9 0 19 20 422 206 68 113
-0.00351651 9 10 19 20 422 206 68 113
-0.00357925 9 20 19 20 422 206 68 113
-0.0035798 9 30 19 20 422 206 68 113
-0.00357485 9 40 19 20 422 206 68 113
-0.00357766 9 50 19 20 422 206 68 113
-0.00358174 9 60 19 20 422 206 68 113
-0.00358256 9 70 19 20 422 206 68 113
-0.00358216 9 80 19 20 422 206 68 113
-0.00358109 9 90 19 20 422 206 68 113
-0.00357936 18 0 19 20 422 206 68 113
-0.00356768 18 10 19 20 422 206 68 113
-0.0031691 18 20 19 20 422 206 68 113
-0.00357001 18 30 19 20 422 206 68 113
-0.00357237 18 40 19 20 422 206 68 113
-0.00275779 18 50 19 20 422 206 68 113
-0.00357229 18 60 19 20 422 206 68 113
-0.00357779 18 70 19 20 422 206 68 113
-0.00356248 18 80 19 20 422 206 68 113
-0.00356974 18 90 19 20 422 206 68 113
-0.00358017 27 0 19 20 422 206 68 113
-0.0035741 27 10 19 20 422 206 68 113
-0.00245294 27 20 19 20 422 206 68 113
-0.00357183 27 30 19 20 422 206 68 113
-0.00357734 27 40 19 20 422 206 68 113
-0.00356724 27 50 19 20 422 206 68 113
-0.00357922 27 60 19 20 422 206 68 113
-0.00357456 27 70 19 20 422 206 68 113
-0.00357563 27 80 19 20 422 206 68 113
-0.00358103 27 90 19 20 422 206 68 113
-0.00357988 36 0 19 20 422 206 68 113
-0.00357542 36 10 19 20 422 206 68 113
-0.00357807 36 20 19 20 422 206 68 113
-0.00357557 36 30 19 20 422 206 68 113
-0.00356894 36 40 19 20 422 206 68 113
-0.00357902 36 50 19 20 422 206 68 113
-0.00357741 36 60 19 20 422 206 68 113
-0.00357988 36 70 19 20 422 206 68 113
-0.00357721 36 80 19 20 422 206 68 113
-0.00358251 36 90 19 20 422 206 68 113
-0.00358053 45 0 19 20 422 206 68 113
-0.00357967 45 10 19 20 422 206 68 113
-0.00358256 45 20 19 20 422 206 68 113
-0.00358217 45 30 19 20 422 206 68 113
-0.00357939 45 40 19 20 422 206 68 113
-0.00357403 45 50 19 20 422 206 68 113
-0.00349404 45 60 19 20 422 206 68 113
-0.00356862 45 70 19 20 422 206 68 113
-0.00357173 45 80 19 20 422 206 68 113
-0.00358208 45 90 19 20 422 206 68 113
-0.00358301 0 0 19 20 422 206 68 113
-0.00358155 0 10 19 20 422 206 68 113
-0.0035796 0 20 19 20 422 206 68 113
-0.00358151 0 30 19 20 422 206 68 113
-0.0035795 0 40 19 20 422 206 68 113
-0.00358239 0 50 19 20 422 206 68 113
-0.00358073 0 60 19 20 422 206 68 113
-0.00357545 0 70 19 20 422 206 68 113
-0.00356212 0 80 19 20 422 206 68 113
-0.00357683 0 90 19 20 422 206 68 113
-0.00358223 9 0 19 20 422 206 68 113
-0.00358302 9 10 19 20 422 206 68 113
-0.00357982 9 20 19 20 422 206 68 113
-0.00358281 9 30 19 20 422 206 68 113
-0.00357944 9 40 19 20 422 206 68 113
-0.00358056 9 50 19 20 422 206 68 113
-0.00358115 9 60 19 20 422 206 68 113
-0.00358235 9 70 19 20 422 206 68 113
-0.00358266 9 80 19 20 422 206 68 113
-0.00358269 9 90 19 20 422 206 68 113
-0.00357689 18 0 19 20 422 206 68 113
-0.00358248 18 10 19 20 422 206 68 113
-0.00358228 18 20 19 20 422 206 68 113
-0.00358124 18 30 19 20 422 206 68 113
-0.00358303 18 40 19 20 422 206 68 113
-0.00358182 18 50 19 20 422 206 68 113
-0.00358061 18 60 19 20 422 206 68 113
-0.00357605 18 70 19 20 422 206 68 113
-0.00298094 18 80 19 20 422 206 68 113
-0.00357761 18 90 19 20 422 206 68 113
-0.00357642 27 0 19 20 422 206 68 113
-0.00358213 27 10 19 20 422 206 68 113
-0.00358321 27 20 19 20 422 206 68 113
-0.00358311 27 30 19 20 422 206 68 113
-0.00358224 27 40 19 20 422 206 68 113
-0.00358309 27 50 19 20 422 206 68 113
-0.0035817 27 60 19 20 422 206 68 113
-0.00358057 27 70 19 20 422 206 68 113
-0.00358306 27 80 19 20 422 206 68 113
-0.00358259 27 90 19 20 422 206 68 113
-0.00358176 36 0 19 20 422 206 68 113
-0.00358329 36 10 19 20 422 206 68 113
-0.00358302 36 20 19 20 422 206 68 113
-0.00358104 36 30 19 20 422 206 68 113
-0.00358224 36 40 19 20 422 206 68 113
-0.00358334 36 50 19 20 422 206 68 113
-0.00358172 36 60 19 20 422 206 68 113
-0.00358167 36 70 19 20 422 206 68 113
-0.00358325 36 80 19 20 422 206 68 113
-0.00357983 36 90 19 20 422 206 68 113
-0.00358239 45 0 19 20 422 206 68 113
-0.0035833 45 10 19 20 422 206 68 113
-0.00358283 45 20 19 20 422 206 68 113
-0.00358124 45 30 19 20 422 206 68 113
-0.003583 45 40 19 20 422 206 68 113
-0.00358335 45 50 19 20 422 206 68 113
-0.00356805 45 60 19 20 422 206 68 113
-0.00357781 45 70 19 20 422 206 68 113
-0.00358318 45 80 19 20 422 206 68 113
-0.00358179 45 90 19 20 422 206 68 113
-0.00357735 0 0 19 20 422 206 68 113
-0.00358167 0 10 19 20 422 206 68 113
-0.00358311 0 20 19 20 422 206 68 113
-0.00358232 0 30 19 20 422 206 68 113
-0.00358298 0 40 19 20 422 206 68 113
-0.00357875 0 50 19 20 422 206 68 113
-0.00358316 0 60 19 20 422 206 68 113
-0.00358114 0 70 19 20 422 206 68 113
-0.00357538 0 80 19 20 422 206 68 113
-0.00358175 0 90 19 20 422 206 68 113
-0.00356498 9 0 19 20 422 206 68 113
-0.00357622 9 10 19 20 422 206 68 113
-0.00358182 9 20 19 20 422 206 68 113
-0.00358251 9 30 19 20 422 206 68 113
-0.00358218 9 40 19 20 422 206 68 113
-0.00358225 9 50 19 20 422 206 68 113
-0.00358289 9 60 19 20 422 206 68 113
-0.00358308 9 70 19 20 422 206 68 113
-0.00358296 9 80 19 20 422 206 68 113
-0.00358252 9 90 19 20 422 206 68 113
-0.00358143 18 0 19 20 422 206 68 113
-0.00358099 18 10 19 20 422 206 68 113
-0.00357714 18 20 19 20 422 206 68 113
-0.00357621 18 30 19 20 422 206 68 113
-0.00356892 18 40 19 20 422 206 68 113
-0.00357748 18 50 19 20 422 206 68 113
-0.00357815 18 60 19 20 422 206 68 113
-0.00357543 18 70 19 20 422 206 68 113
-0.00357816 18 80 19 20 422 206 68 113
-0.00357706 18 90 19 20 422 206 68 113
-0.00358259 27 0 19 20 422 206 68 113
-0.00358301 27 10 19 20 422 206 68 113
-0.00358204 27 20 19 20 422 206 68 113
-0.00358029 27 30 19 20 422 206 68 113
-0.00357782 27 40 19 20 422 206 68 113
-0.00356541 27 50 19 20 422 206 68 113
-0.00357378 27 60 19 20 422 206 68 113
-0.00356714 27 70 19 20 422 206 68 113
-0.00358095 27 80 19 20 422 206 68 113
-0.00358259 27 90 19 20 422 206 68 113
-0.00358153 36 0 19 20 422 206 68 113
-0.00358314 36 10 19 20 422 206 68 113
-0.00358324 36 20 19 20 422 206 68 113
-0.00358311 36 30 19 20 422 206 68 113
-0.00358277 36 40 19 20 422 206 68 113
-0.00358006 36 50 19 20 422 206 68 113
-0.00356732 36 60 19 20 422 206 68 113
-0.00356377 36 70 19 20 422 206 68 113
-0.00358125 36 80 19 20 422 206 68 113
-0.00358303 36 90 19 20 422 206 68 113
-0.00358128 45 0 19 20 422 206 68 113
-0.00358177 45 10 19 20 422 206 68 113
-0.0035796 45 20 19 20 422 206 68 113
-0.00358155 45 30 19 20 422 206 68 113
-0.00358313 45 40 19 20 422 206 68 113
-0.00358233 45 50 19 20 422 206 68 113
-0.00357912 45 60 19 20 422 206 68 113
-0.00356641 45 70 19 20 422 206 68 113
-0.00357918 45 80 19 20 422 206 68 113
-0.00358291 45 90 19 20 422 206 68 113
-0.00357204 0 0 19 20 422 206 68 113
-0.00358181 0 10 19 20 422 206 68 113
-0.00358315 0 20 19 20 422 206 68 113
-0.00358233 0 30 19 20 422 206 68 113
-0.00358289 0 40 19 20 422 206 68 113
-0.00357923 0 50 19 20 422 206 68 113
-0.00358316 0 60 19 20 422 206 68 113
-0.00357788 0 70 19 20 422 206 68 113
-0.00357517 0 80 19 20 422 206 68 113
-0.00358241 0 90 19 20 422 206 68 113
-0.00357773 9 0 19 20 422 206 68 113
-0.00357404 9 10 19 20 422 206 68 113
-0.00358234 9 20 19 20 422 206 68 113
-0.00358196 9 30 19 20 422 206 68 113
-0.00357896 9 40 19 20 422 206 68 113
-0.00358096 9 50 19 20 422 206 68 113
-0.00358251 9 60 19 20 422 206 68 113
-0.00358269 9 70 19 20 422 206 68 113
-0.003583 9 80 19 20 422 206 68 113
-0.00358246 9 90 19 20 422 206 68 113
-0.00357855 18 0 19 20 422 206 68 113
-0.00357734 18 10 19 20 422 206 68 113
-0.00357202 18 20 19 20 422 206 68 113
-0.00357965 18 30 19 20 422 206 68 113
-0.00358049 18 40 19 20 422 206 68 113
-0.00357769 18 50 19 20 422 206 68 113
-0.00356893 18 60 19 20 422 206 68 113
-0.00357897 18 70 19 20 422 206 68 113
-0.00358123 18 80 19 20 422 206 68 113
-0.00357614 18 90 19 20 422 206 68 113
-0.00358275 27 0 19 20 422 206 68 113
-0.0035833 27 10 19 20 422 206 68 113
-0.00358328 27 20 19 20 422 206 68 113
-0.00358336 27 30 19 20 422 206 68 113
-0.00358322 27 40 19 20 422 206 68 113
-0.00358208 27 50 19 20 422 206 68 113
-0.0035782 27 60 19 20 422 206 68 113
-0.00357117 27 70 19 20 422 206 68 113
-0.00357506 27 80 19 20 422 206 68 113
-0.00358263 27 90 19 20 422 206 68 113
-0.00358337 36 0 19 20 422 206 68 113
-0.00358292 36 10 19 20 422 206 68 113
-0.00358186 36 20 19 20 422 206 68 113
-0.00358194 36 30 19 20 422 206 68 113
-0.00358332 36 40 19 20 422 206 68 113
-0.00358265 36 50 19 20 422 206 68 113
-0.00357679 36 60 19 20 422 206 68 113
-0.00357799 36 70 19 20 422 206 68 113
-0.00358165 36 80 19 20 422 206 68 113
-0.00358307 36 90 19 20 422 206 68 113
-0.00358336 45 0 19 20 422 206 68 113
-0.00358313 45 10 19 20 422 206 68 113
-0.00358086 45 20 19 20 422 206 68 113
-0.00358191 45 30 19 20 422 206 68 113
-0.00358334 45 40 19 20 422 206 68 113
-0.00358276 45 50 19 20 422 206 68 113
-0.00357834 45 60 19 20 422 206 68 113
-0.00356434 45 70 19 20 422 206 68 113
-0.00357986 45 80 19 20 422 206 68 113
-0.00358299 45 90 19 20 422 206 68 113
-0.00357731 0 0 19 20 422 206 68 113
-0.00358174 0 10 19 20 422 206 68 113
-0.00358226 0 20 19 20 422 206 68 113
-0.00356394 0 30 19 20 422 206 68 113
-0.00206956 0 40 19 20 422 206 68 113
-0.00155184 0 50 19 20 422 206 68 113
-0.00357023 0 60 19 20 422 206 68 113
-0.00358159 0 70 19 20 422 206 68 113
-0.0035829 0 80 19 20 422 206 68 113
-0.0035832 0 90 19 20 422 206 68 113
-0.00342759 9 0 19 20 422 206 68 113
-0.00357336 9 10 19 20 422 206 68 113
-0.00357433 9 20 19 20 422 206 68 113
-0.0035804 9 30 19 20 422 206 68 113
-0.0035812 9 40 19 20 422 206 68 113
-0.00358295 9 50 19 20 422 206 68 113
-0.00358303 9 60 19 20 422 206 68 113
-0.00358276 9 70 19 20 422 206 68 113
-0.00358263 9 80 19 20 422 206 68 113
-0.00358276 9 90 19 20 422 206 68 113
-0.00357876 18 0 19 20 422 206 68 113
-0.00357584 18 10 19 20 422 206 68 113
-0.00357931 18 20 19 20 422 206 68 113
-0.00358062 18 30 19 20 422 206 68 113
-0.0035818 18 40 19 20 422 206 68 113
-0.00358199 18 50 19 20 422 206 68 113
-0.00358103 18 60 19 20 422 206 68 113
-0.00357282 18 70 19 20 422 206 68 113
-0.0035769 18 80 19 20 422 206 68 113
-0.00358265 18 90 19 20 422 206 68 113
-0.0035807 27 0 19 20 422 206 68 113
-0.00358302 27 10 19 20 422 206 68 113
-0.00358107 27 20 19 20 422 206 68 113
-0.00357817 27 30 19 20 422 206 68 113
-0.00357956 27 40 19 20 422 206 68 113
-0.00358065 27 50 19 20 422 206 68 113
-0.00358119 27 60 19 20 422 206 68 113
-0.00358239 27 70 19 20 422 206 68 113
-0.00358289 27 80 19 20 422 206 68 113
-0.00358312 27 90 19 20 422 206 68 113
-0.00358163 36 0 19 20 422 206 68 113
-0.00358288 36 10 19 20 422 206 68 113
-0.00358064 36 20 19 20 422 206 68 113
-0.00358244 36 30 19 20 422 206 68 113
-0.00358126 36 40 19 20 422 206 68 113
-0.00358121 36 50 19 20 422 206 68 113
-0.00358161 36 60 19 20 422 206 68 113
-0.003582 36 70 19 20 422 206 68 113
-0.00358155 36 80 19 20 422 206 68 113
-0.00357543 36 90 19 20 422 206 68 113
-0.00357646 45 0 19 20 422 206 68 113
-0.00358305 45 10 19 20 422 206 68 113
-0.00358304 45 20 19 20 422 206 68 113
-0.00358119 45 30 19 20 422 206 68 113
-0.00335999 45 40 19 20 422 206 68 113
-0.00357989 45 50 19 20 422 206 68 113
-0.00357727 45 60 19 20 422 206 68 113
-0.00358175 45 70 19 20 422 206 68 113
-0.00358269 45 80 19 20 422 206 68 113
-0.0035811 45 90 19 20 422 206 68 113
-0.00357873 0 0 19 20 422 206 68 113
-0.00358271 0 10 19 20 422 206 68 113
-0.00358293 0 20 19 20 422 206 68 113
-0.00358324 0 30 19 20 422 206 68 113
-0.00358302 0 40 19 20 422 206 68 113
-0.00358247 0 50 19 20 422 206 68 113
-0.00358114 0 60 19 20 422 206 68 113
-0.00357924 0 70 19 20 422 206 68 113
-0.00358324 0 80 19 20 422 206 68 113
-0.00358305 0 90 19 20 422 206 68 113
-0.00356682 9 0 19 20 422 206 68 113
-0.00357874 9 10 19 20 422 206 68 113
-0.00358245 9 20 19 20 422 206 68 113
-0.00358222 9 30 19 20 422 206 68 113
-0.00358108 9 40 19 20 422 206 68 113
-0.00358217 9 50 19 20 422 206 68 113
-0.0035826 9 60 19 20 422 206 68 113
-0.00358268 9 70 19 20 422 206 68 113
-0.00358219 9 80 19 20 422 206 68 113
-0.00358102 9 90 19 20 422 206 68 113
-0.00358205 18 0 19 20 422 206 68 113
-0.00358197 18 10 19 20 422 206 68 113
-0.0035821 18 20 19 20 422 206 68 113
-0.00357968 18 30 19 20 422 206 68 113
-0.00357915 18 40 19 20 422 206 68 113
-0.0035795 18 50 19 20 422 206 68 113
-0.00357837 18 60 19 20 422 206 68 113
-0.00357732 18 70 19 20 422 206 68 113
-0.00357146 18 80 19 20 422 206 68 113
-0.00358069 18 90 19 20 422 206 68 113
-0.00358264 27 0 19 20 422 206 68 113
-0.00358306 27 10 19 20 422 206 68 113
-0.00358149 27 20 19 20 422 206 68 113
-0.00357728 27 30 19 20 422 206 68 113
-0.003582 27 40 19 20 422 206 68 113
-0.00358077 27 50 19 20 422 206 68 113
-0.00358113 27 60 19 20 422 206 68 113
-0.00358013 27 70 19 20 422 206 68 113
-0.00358205 27 80 19 20 422 206 68 113
-0.00358275 27 90 19 20 422 206 68 113
-0.00358295 36 0 19 20 422 206 68 113
-0.00358299 36 10 19 20 422 206 68 113
-0.00358059 36 20 19 20 422 206 68 113
-0.00358085 36 30 19 20 422 206 68 113
-0.00358198 36 40 19 20 422 206 68 113
-0.00358155 36 50 19 20 422 206 68 113
-0.00358231 36 60 19 20 422 206 68 113
-0.00358302 36 70 19 20 422 206 68 113
-0.00358321 36 80 19 20 422 206 68 113
-0.00358292 36 90 19 20 422 206 68 113
-0.00358225 45 0 19 20 422 206 68 113
-0.00358304 45 10 19 20 422 206 68 113
-0.00358318 45 20 19 20 422 206 68 113
-0.00358307 45 30 19 20 422 206 68 113
-0.00358029 45 40 19 20 422 206 68 113
-0.00358225 45 50 19 20 422 206 68 113
-0.00358183 45 60 19 20 422 206 68 113
-0.00357396 45 70 19 20 422 206 68 113
-0.00358108 45 80 19 20 422 206 68 113
-0.00358208 45 90 19 20 422 206 68 113
-0.00357955 0 0 19 20 422 206 68 113
-0.00358217 0 10 19 20 422 206 68 113
-0.00358099 0 20 19 20 422 206 68 113
-0.00358301 0 30 19 20 422 206 68 113
-0.00358202 0 40 19 20 422 206 68 113
-0.00357819 0 50 19 20 422 206 68 113
-0.00358254 0 60 19 20 422 206 68 113
-0.0035832 0 70 19 20 422 206 68 113
-0.00358275 0 80 19 20 422 206 68 113
-0.00358319 0 90 19 20 422 206 68 113
-0.00357742 9 0 19 20 422 206 68 113
-0.00358006 9 10 19 20 422 206 68 113
-0.00358189 9 20 19 20 422 206 68 113
-0.00358267 9 30 19 20 422 206 68 113
-0.00358104 9 40 19 20 422 206 68 113
-0.00358169 9 50 19 20 422 206 68 113
-0.00358287 9 60 19 20 422 206 68 113
-0.00358329 9 70 19 20 422 206 68 113
-0.0035829 9 80 19 20 422 206 68 113
-0.00358198 9 90 19 20 422 206 68 113
-0.00358 18 0 19 20 422 206 68 113
-0.00357594 18 10 19 20 422 206 68 113
-0.00358055 18 20 19 20 422 206 68 113
-0.00357306 18 30 19 20 422 206 68 113
-0.00358109 18 40 19 20 422 206 68 113
-0.00358271 18 50 19 20 422 206 68 113
-0.00358321 18 60 19 20 422 206 68 113
-0.00358321 18 70 19 20 422 206 68 113
-0.00358285 18 80 19 20 422 206 68 113
-0.00358196 18 90 19 20 422 206 68 113
-0.00356979 27 0 19 20 422 206 68 113
-0.00357424 27 10 19 20 422 206 68 113
-0.00358056 27 20 19 20 422 206 68 113
-0.00357057 27 30 19 20 422 206 68 113
-0.00358196 27 40 19 20 422 206 68 113
-0.00358284 27 50 19 20 422 206 68 113
-0.0035822 27 60 19 20 422 206 68 113
-0.00357682 27 70 19 20 422 206 68 113
-0.00358231 27 80 19 20 422 206 68 113
-0.00358318 27 90 19 20 422 206 68 113
-0.00358155 36 0 19 20 422 206 68 113
-0.00358183 36 10 19 20 422 206 68 113
-0.00358236 36 20 19 20 422 206 68 113
-0.00358249 36 30 19 20 422 206 68 113
-0.00357648 36 40 19 20 422 206 68 113
-0.00358286 36 50 19 20 422 206 68 113
-0.0035831 36 60 19 20 422 206 68 113
-0.00358104 36 70 19 20 422 206 68 113
-0.00358182 36 80 19 20 422 206 68 113
-0.00357885 36 90 19 20 422 206 68 113
-0.0035816 45 0 19 20 422 206 68 113
-0.00358261 45 10 19 20 422 206 68 113
-0.00358324 45 20 19 20 422 206 68 113
-0.00358264 45 30 19 20 422 206 68 113
-0.00358155 45 40 19 20 422 206 68 113
-0.00358309 45 50 19 20 422 206 68 113
-0.00358201 45 60 19 20 422 206 68 113
-0.00358103 45 70 19 20 422 206 68 113
-0.00358286 45 80 19 20 422 206 68 113
-0.00358239 45 90 19 20 422 206 68 113
-0.00357717 0 0 19 20 422 206 68 113
-0.00358098 0 10 19 20 422 206 68 113
-0.00358227 0 20 19 20 422 206 68 113
-0.00358301 0 30 19 20 422 206 68 113
-0.00358237 0 40 19 20 422 206 68 113
-0.00357884 0 50 19 20 422 206 68 113
-0.00358235 0 60 19 20 422 206 68 113
-0.00357877 0 70 19 20 422 206 68 113
-0.0023961 0 80 19 20 422 206 68 113
-0.00358054 0 90 19 20 422 206 68 113
-0.00357459 9 0 19 20 422 206 68 113
-0.00356926 9 10 19 20 422 206 68 113
-0.00358061 9 20 19 20 422 206 68 113
-0.00358064 9 30 19 20 422 206 68 113
-0.00358193 9 40 19 20 422 206 68 113
-0.00358159 9 50 19 20 422 206 68 113
-0.00358208 9 60 19 20 422 206 68 113
-0.00356318 9 70 19 20 422 206 68 113
-0.00357191 9 80 19 20 422 206 68 113
-0.00358304 9 90 19 20 422 206 68 113
-0.00357192 18 0 19 20 422 206 68 113
-0.00357581 18 10 19 20 422 206 68 113
-0.00357904 18 20 19 20 422 206 68 113
-0.00357569 18 30 19 20 422 206 68 113
-0.00227961 18 40 19 20 422 206 68 113
-0.00338284 18 50 19 20 422 206 68 113
-0.00356945 18 60 19 20 422 206 68 113
-0.00162284 18 70 19 20 422 206 68 113
-0.00357531 18 80 19 20 422 206 68 113
-0.00358304 18 90 19 20 422 206 68 113
-0.00357939 27 0 19 20 422 206 68 113
-0.00357843 27 10 19 20 422 206 68 113
-0.00357321 27 20 19 20 422 206 68 113
-0.00357053 27 30 19 20 422 206 68 113
-0.00357867 27 40 19 20 422 206 68 113
-0.00358124 27 50 19 20 422 206 68 113
-0.00357268 27 60 19 20 422 206 68 113
-0.00357911 27 70 19 20 422 206 68 113
-0.0035792 27 80 19 20 422 206 68 113
-0.00357937 27 90 19 20 422 206 68 113
-0.00358173 36 0 19 20 422 206 68 113
-0.00358168 36 10 19 20 422 206 68 113
-0.00357988 36 20 19 20 422 206 68 113
-0.00357846 36 30 19 20 422 206 68 113
-0.00357795 36 40 19 20 422 206 68 113
-0.0035823 36 50 19 20 422 206 68 113
-0.00357801 36 60 19 20 422 206 68 113
-0.00358146 36 70 19 20 422 206 68 113
-0.0035817 36 80 19 20 422 206 68 113
-0.00358139 36 90 19 20 422 206 68 113
-0.00358252 45 0 19 20 422 206 68 113
-0.00358297 45 10 19 20 422 206 68 113
-0.00358323 45 20 19 20 422 206 68 113
-0.00358237 45 30 19 20 422 206 68 113
-0.00357658 45 40 19 20 422 206 68 113
-0.00358127 45 50 19 20 422 206 68 113
-0.00356299 45 60 19 20 422 206 68 113
-0.00358214 45 70 19 20 422 206 68 113
-0.00358316 45 80 19 20 422 206 68 113
-0.00357984 45 90 19 20 422 206 68 113
-0.00358277 0 0 19 20 422 206 68 113
-0.00358028 0 10 19 20 422 206 68 113
-0.0035824 0 20 19 20 422 206 68 113
-0.00358319 0 30 19 20 422 206 68 113
-0.00356839 0 40 19 20 422 206 68 113
-0.0035783 0 50 19 20 422 206 68 113
-0.00357264 0 60 19 20 422 206 68 113
-0.00357637 0 70 19 20 422 206 68 113
-0.00356157 0 80 19 20 422 206 68 113
-0.00358205 0 90 19 20 422 206 68 113
-0.00358139 9 0 19 20 422 206 68 113
-0.00357835 9 10 19 20 422 206 68 113
-0.00358153 9 20 19 20 422 206 68 113
-0.00358303 9 30 19 20 422 206 68 113
-0.0035818 9 40 19 20 422 206 68 113
-0.00357749 9 50 19 20 422 206 68 113
-0.00357769 9 60 19 20 422 206 68 113
-0.00358045 9 70 19 20 422 206 68 113
-0.00358275 9 80 19 20 422 206 68 113
-0.00358258 9 90 19 20 422 206 68 113
-0.00357957 18 0 19 20 422 206 68 113
-0.0035753 18 10 19 20 422 206 68 113
-0.0035821 18 20 19 20 422 206 68 113
-0.003583 18 30 19 20 422 206 68 113
-0.00358256 18 40 19 20 422 206 68 113
-0.00358197 18 50 19 20 422 206 68 113
-0.00358145 18 60 19 20 422 206 68 113
-0.00358323 18 70 19 20 422 206 68 113
-0.00358313 18 80 19 20 422 206 68 113
-0.00358262 18 90 19 20 422 206 68 113
-0.00357787 27 0 19 20 422 206 68 113
-0.00358141 27 10 19 20 422 206 68 113
-0.00358296 27 20 19 20 422 206 68 113
-0.00358241 27 30 19 20 422 206 68 113
-0.00358029 27 40 19 20 422 206 68 113
-0.00358171 27 50 19 20 422 206 68 113
-0.00358316 27 60 19 20 422 206 68 113
-0.00358284 27 70 19 20 422 206 68 113
-0.00358165 27 80 19 20 422 206 68 113
-0.00358097 27 90 19 20 422 206 68 113
-0.00357715 36 0 19 20 422 206 68 113
-0.00358213 36 10 19 20 422 206 68 113
-0.00358308 36 20 19 20 422 206 68 113
-0.00358038 36 30 19 20 422 206 68 113
-0.00358186 36 40 19 20 422 206 68 113
-0.00358249 36 50 19 20 422 206 68 113
-0.0035832 36 60 19 20 422 206 68 113
-0.00358272 36 70 19 20 422 206 68 113
-0.00357774 36 80 19 20 422 206 68 113
-0.0035823 36 90 19 20 422 206 68 113
-0.00358159 45 0 19 20 422 206 68 113
-0.00358279 45 10 19 20 422 206 68 113
-0.00358294 45 20 19 20 422 206 68 113
-0.00358205 45 30 19 20 422 206 68 113
-0.00358156 45 40 19 20 422 206 68 113
-0.00357718 45 50 19 20 422 206 68 113
-0.00358315 45 60 19 20 422 206 68 113
-0.00358313 45 70 19 20 422 206 68 113
-0.00358264 45 80 19 20 422 206 68 113
-0.0035828 45 90 19 20 422 206 68 113
-0.00358145 0 0 19 20 422 206 68 113
-0.00357757 0 10 19 20 422 206 68 113
-0.00358289 0 20 19 20 422 206 68 113
-0.00358308 0 30 19 20 422 206 68 113
-0.00357467 0 40 19 20 422 206 68 113
-0.00273218 0 50 19 20 422 206 68 113
-0.00357339 0 60 19 20 422 206 68 113
-0.0035793 0 70 19 20 422 206 68 113
-0.00358226 0 80 19 20 422 206 68 113
-0.00358267 0 90 19 20 422 206 68 113
-0.00358188 9 0 19 20 422 206 68 113
-0.00357269 9 10 19 20 422 206 68 113
-0.00357817 9 20 19 20 422 206 68 113
-0.00358247 9 30 19 20 422 206 68 113
-0.00358273 9 40 19 20 422 206 68 113
-0.00358287 9 50 19 20 422 206 68 113
-0.00358263 9 60 19 20 422 206 68 113
-0.003582 9 70 19 20 422 206 68 113
-0.00358182 9 80 19 20 422 206 68 113
-0.00358183 9 90 19 20 422 206 68 113
-0.00358064 18 0 19 20 422 206 68 113
-0.00357678 18 10 19 20 422 206 68 113
-0.00357928 18 20 19 20 422 206 68 113
-0.00358066 18 30 19 20 422 206 68 113
-0.00358055 18 40 19 20 422 206 68 113
-0.00358146 18 50 19 20 422 206 68 113
-0.00357438 18 60 19 20 422 206 68 113
-0.00357891 18 70 19 20 422 206 68 113
-0.0035807 18 80 19 20 422 206 68 113
-0.0035763 18 90 19 20 422 206 68 113
-0.00358307 27 0 19 20 422 206 68 113
-0.00357952 27 10 19 20 422 206 68 113
-0.00358252 27 20 19 20 422 206 68 113
-0.00358279 27 30 19 20 422 206 68 113
-0.00358128 27 40 19 20 422 206 68 113
-0.00358183 27 50 19 20 422 206 68 113
-0.00357133 27 60 19 20 422 206 68 113
-0.00357426 27 70 19 20 422 206 68 113
-0.0030512 27 80 19 20 422 206 68 113
-0.00358075 27 90 19 20 422 206 68 113
-0.00358312 36 0 19 20 422 206 68 113
-0.00358069 36 10 19 20 422 206 68 113
-0.00358254 36 20 19 20 422 206 68 113
-0.00358283 36 30 19 20 422 206 68 113
-0.00358088 36 40 19 20 422 206 68 113
-0.00358239 36 50 19 20 422 206 68 113
-0.00357986 36 60 19 20 422 206 68 113
-0.0035712 36 70 19 20 422 206 68 113
-0.00358207 36 80 19 20 422 206 68 113
-0.00358311 36 90 19 20 422 206 68 113
-0.00358286 45 0 19 20 422 206 68 113
-0.003583 45 10 19 20 422 206 68 113
-0.0035821 45 20 19 20 422 206 68 113
-0.0035825 45 30 19 20 422 206 68 113
-0.00358291 45 40 19 20 422 206 68 113
-0.00358204 45 50 19 20 422 206 68 113
-0.00356518 45 60 19 20 422 206 68 113
-0.00357761 45 70 19 20 422 206 68 113
-0.00358262 45 80 19 20 422 206 68 113
-0.0035831 45 90 19 20 422 206 68 113
-0.00356516 0 0 27 28 422 206 68 113
-0.0035793 0 14 27 28 422 206 68 113
-0.00357596 0 28 27 28 422 206 68 113
-0.00253826 0 42 27 28 422 206 68 113
-0.00358065 0 56 27 28 422 206 68 113
-0.00358208 0 70 27 28 422 206 68 113
-0.00358188 0 84 27 28 422 206 68 113
-0.00242365 13 0 27 28 422 206 68 113
-0.00356925 13 14 27 28 422 206 68 113
-0.00356498 13 28 27 28 422 206 68 113
-0.00356161 13 42 27 28 422 206 68 113
-0.00221831 13 56 27 28 422 206 68 113
-0.00357229 13 70 27 28 422 206 68 113
-0.00357002 13 84 27 28 422 206 68 113
-0.00356907 26 0 27 28 422 206 68 113
-0.00356801 26 14 27 28 422 206 68 113
-0.00356561 26 28 27 28 422 206 68 113
-0.00356618 26 42 27 28 422 206 68 113
-0.00357289 26 56 27 28 422 206 68 113
-0.00357164 26 70 27 28 422 206 68 113
-0.00358013 26 84 27 28 422 206 68 113
-0.00312272 39 0 27 28 422 206 68 113
-0.00358074 39 14 27 28 422 206 68 113
-0.00358146 39 28 27 28 422 206 68 113
-0.00357966 39 42 27 28 422 206 68 113
-0.00357165 39 56 27 28 422 206 68 113
-0.00356404 39 70 27 28 422 206 68 113
-0.0035812 39 84 27 28 422 206 68 113
-0.00358248 0 0 27 28 422 206 68 113
-0.00357468 0 14 27 28 422 206 68 113
-0.00358049 0 28 27 28 422 206 68 113
-0.00356896 0 42 27 28 422 206 68 113
-0.00358045 0 56 27 28 422 206 68 113
-0.0035811 0 70 27 28 422 206 68 113
-0.00358121 0 84 27 28 422 206 68 113
-0.00358073 13 0 27 28 422 206 68 113
-0.00358218 13 14 27 28 422 206 68 113
-0.00358189 13 28 27 28 422 206 68 113
-0.00358151 13 42 27 28 422 206 68 113
-0.00357733 13 56 27 28 422 206 68 113
-0.0035691 13 70 27 28 422 206 68 113
-0.00319334 13 84 27 28 422 206 68 113
-0.00358152 26 0 27 28 422 206 68 113
-0.00358328 26 14 27 28 422 206 68 113
-0.0035803 26 28 27 28 422 206 68 113
-0.00358255 26 42 27 28 422 206 68 113
-0.00358245 26 56 27 28 422 206 68 113
-0.00358197 26 70 27 28 422 206 68 113
-0.00358207 26 84 27 28 422 206 68 113
-0.00358271 39 0 27 28 422 206 68 113
-0.00358306 39 14 27 28 422 206 68 113
-0.0035742 39 28 27 28 422 206 68 113
-0.00358312 39 42 27 28 422 206 68 113
-0.00358135 39 56 27 28 422 206 68 113
-0.00358257 39 70 27 28 422 206 68 113
-0.00358192 39 84 27 28 422 206 68 113
-0.00357312 0 0 27 28 422 206 68 113
-0.0035818 0 14 27 28 422 206 68 113
-0.00358252 0 28 27 28 422 206 68 113
-0.00358116 0 42 27 28 422 206 68 113
-0.00358247 0 56 27 28 422 206 68 113
-0.00358274 0 70 27 28 422 206 68 113
-0.00358262 0 84 27 28 422 206 68 113
-0.00357977 13 0 27 28 422 206 68 113
-0.0035751 13 14 27 28 422 206 68 113
-0.00328937 13 28 27 28 422 206 68 113
-0.00356134 13 42 27 28 422 206 68 113
-0.00357635 13 56 27 28 422 206 68 113
-0.00357443 13 70 27 28 422 206 68 113
-0.00357953 13 84 27 28 422 206 68 113
-0.00358241 26 0 27 28 422 206 68 113
-0.00358195 26 14 27 28 422 206 68 113
-0.00357983 26 28 27 28 422 206 68 113
-0.00356261 26 42 27 28 422 206 68 113
-0.00300446 26 56 27 28 422 206 68 113
-0.0035756 26 70 27 28 422 206 68 113
-0.00358202 26 84 27 28 422 206 68 113
-0.0035778 39 0 27 28 422 206 68 113
-0.00358255 39 14 27 28 422 206 68 113
-0.00358299 39 28 27 28 422 206 68 113
-0.00358199 39 42 27 28 422 206 68 113
-0.00357303 39 56 27 28 422 206 68 113
-0.00356638 39 70 27 28 422 206 68 113
-0.00358237 39 84 27 28 422 206 68 113
-0.00347175 0 0 27 28 422 206 68 113
-0.00358177 0 14 27 28 422 206 68 113
-0.00358073 0 28 27 28 422 206 68 113
-0.0030991 0 42 27 28 422 206 68 113
-0.00358205 0 56 27 28 422 206 68 113
-0.00358226 0 70 27 28 422 206 68 113
-0.00358257 0 84 27 28 422 206 68 113
-0.00357345 13 0 27 28 422 206 68 113
-0.00357309 13 14 27 28 422 206 68 113
-0.00357594 13 28 27 28 422 206 68 113
-0.00357069 13 42 27 28 422 206 68 113
-0.00357704 13 56 27 28 422 206 68 113
-0.00358003 13 70 27 28 422 206 68 113
-0.00357363 13 84 27 28 422 206 68 113
-0.00358305 26 0 27 28 422 206 68 113
-0.00358325 26 14 27 28 422 206 68 113
-0.00358324 26 28 27 28 422 206 68 113
-0.00358252 26 42 27 28 422 206 68 113
-0.00357455 26 56 27 28 422 206 68 113
-0.00356398 26 70 27 28 422 206 68 113
-0.00358131 26 84 27 28 422 206 68 113
-0.00358327 39 0 27 28 422 206 68 113
-0.00358067 39 14 27 28 422 206 68 113
-0.00358233 39 28 27 28 422 206 68 113
-0.00358323 39 42 27 28 422 206 68 113
-0.00357282 39 56 27 28 422 206 68 113
-0.00356857 39 70 27 28 422 206 68 113
-0.00358248 39 84 27 28 422 206 68 113
-0.00357077 0 0 27 28 422 206 68 113
-0.0035778 0 14 27 28 422 206 68 113
-0.00357872 0 28 27 28 422 206 68 113
-0.00358212 0 42 27 28 422 206 68 113
-0.00358312 0 56 27 28 422 206 68 113
-0.00358291 0 70 27 28 422 206 68 113
-0.00358286 0 84 27 28 422 206 68 113
-0.00357628 13 0 27 28 422 206 68 113
-0.00357872 13 14 27 28 422 206 68 113
-0.00357953 13 28 27 28 422 206 68 113
-0.00358013 13 42 27 28 422 206 68 113
-0.00357757 13 56 27 28 422 206 68 113
-0.00295708 13 70 27 28 422 206 68 113
-0.00358173 13 84 27 28 422 206 68 113
-0.00358062 26 0 27 28 422 206 68 113
-0.00357273 26 14 27 28 422 206 68 113
-0.00357368 26 28 27 28 422 206 68 113
-0.00357909 26 42 27 28 422 206 68 113
-0.00358006 26 56 27 28 422 206 68 113
-0.003582 26 70 27 28 422 206 68 113
-0.00358285 26 84 27 28 422 206 68 113
-0.00358194 39 0 27 28 422 206 68 113
-0.00358125 39 14 27 28 422 206 68 113
-0.00358022 39 28 27 28 422 206 68 113
-0.00357868 39 42 27 28 422 206 68 113
-0.00357085 39 56 27 28 422 206 68 113
-0.00358099 39 70 27 28 422 206 68 113
-0.00358189 39 84 27 28 422 206 68 113
-0.00356947 0 0 27 28 422 206 68 113
-0.00357993 0 14 27 28 422 206 68 113
-0.00358147 0 28 27 28 422 206 68 113
-0.00358177 0 42 27 28 422 206 68 113
-0.00358272 0 56 27 28 422 206 68 113
-0.0035827 0 70 27 28 422 206 68 113
-0.00358135 0 84 27 28 422 206 68 113
-0.00358099 13 0 27 28 422 206 68 113
-0.00358161 13 14 27 28 422 206 68 113
-0.00357836 13 28 27 28 422 206 68 113
-0.00357951 13 42 27 28 422 206 68 113
-0.00356742 13 56 27 28 422 206 68 113
-0.00267862 13 70 27 28 422 206 68 113
-0.00357812 13 84 27 28 422 206 68 113
-0.00358312 26 0 27 28 422 206 68 113
-0.0035798 26 14 27 28 422 206 68 113
-0.00357101 26 28 27 28 422 206 68 113
-0.00358083 26 42 27 28 422 206 68 113
-0.00357814 26 56 27 28 422 206 68 113
-0.00357943 26 70 27 28 422 206 68 113
-0.00358254 26 84 27 28 422 206 68 113
-0.00358302 39 0 27 28 422 206 68 113
-0.00358231 39 14 27 28 422 206 68 113
-0.00358229 39 28 27 28 422 206 68 113
-0.00358241 39 42 27 28 422 206 68 113
-0.00358161 39 56 27 28 422 206 68 113
-0.00357857 39 70 27 28 422 206 68 113
-0.00358082 39 84 27 28 422 206 68 113
-0.00357746 0 0 27 28 422 206 68 113
-0.00358182 0 14 27 28 422 206 68 113
-0.00358229 0 28 27 28 422 206 68 113
-0.00357286 0 42 27 28 422 206 68 113
-0.00358234 0 56 27 28 422 206 68 113
-0.00358293 0 70 27 28 422 206 68 113
-0.00358223 0 84 27 28 422 206 68 113
-0.00357704 13 0 27 28 422 206 68 113
-0.00357805 13 14 27 28 422 206 68 113
-0.00357333 13 28 27 28 422 206 68 113
-0.00358065 13 42 27 28 422 206 68 113
-0.00358279 13 56 27 28 422 206 68 113
-0.00358253 13 70 27 28 422 206 68 113
-0.00358124 13 84 27 28 422 206 68 113
-0.00357916 26 0 27 28 422 206 68 113
-0.00357356 26 14 27 28 422 206 68 113
-0.00357171 26 28 27 28 422 206 68 113
-0.00358174 26 42 27 28 422 206 68 113
-0.00358282 26 56 27 28 422 206 68 113
-0.00358001 26 70 27 28 422 206 68 113
-0.00358253 26 84 27 28 422 206 68 113
-0.0035705 39 0 27 28 422 206 68 113
-0.00358294 39 14 27 28 422 206 68 113
-0.00358211 39 28 27 28 422 206 68 113
-0.00358113 39 42 27 28 422 206 68 113
-0.00358298 39 56 27 28 422 206 68 113
-0.00358176 39 70 27 28 422 206 68 113
-0.00357196 39 84 27 28 422 206 68 113
-0.00358088 0 0 27 28 422 206 68 113
-0.00358101 0 14 27 28 422 206 68 113
-0.00358167 0 28 27 28 422 206 68 113
-0.00357461 0 42 27 28 422 206 68 113
-0.00358155 0 56 27 28 422 206 68 113
-0.00357044 0 70 27 28 422 206 68 113
-0.00358162 0 84 27 28 422 206 68 113
-0.00356274 13 0 27 28 422 206 68 113
-0.00357694 13 14 27 28 422 206 68 113
-0.00357114 13 28 27 28 422 206 68 113
-0.00356688 13 42 27 28 422 206 68 113
-0.00356983 13 56 27 28 422 206 68 113
-0.00290801 13 70 27 28 422 206 68 113
-0.00358263 13 84 27 28 422 206 68 113
-0.00358049 26 0 27 28 422 206 68 113
-0.00357618 26 14 27 28 422 206 68 113
-0.002783 26 28 27 28 422 206 68 113
-0.00265122 26 42 27 28 422 206 68 113
-0.00356957 26 56 27 28 422 206 68 113
-0.00357968 26 70 27 28 422 206 68 113
-0.00357507 26 84 27 28 422 206 68 113
-0.00358225 39 0 27 28 422 206 68 113
-0.00358298 39 14 27 28 422 206 68 113
-0.0035811 39 28 27 28 422 206 68 113
-0.00215547 39 42 27 28 422 206 68 113
-0.00357423 39 56 27 28 422 206 68 113
-0.00358286 39 70 27 28 422 206 68 113
-0.00262311 39 84 27 28 422 206 68 113
-0.00357985 0 0 27 28 422 206 68 113
-0.00357893 0 14 27 28 422 206 68 113
-0.00358303 0 28 27 28 422 206 68 113
-0.00357814 0 42 27 28 422 206 68 113
-0.00356179 0 56 27 28 422 206 68 113
-0.0035783 0 70 27 28 422 206 68 113
-0.0035821 0 84 27 28 422 206 68 113
-0.00356651 13 0 27 28 422 206 68 113
-0.00358013 13 14 27 28 422 206 68 113
-0.00358289 13 28 27 28 422 206 68 113
-0.00358137 13 42 27 28 422 206 68 113
-0.00358252 13 56 27 28 422 206 68 113
-0.00358304 13 70 27 28 422 206 68 113
-0.00358238 13 84 27 28 422 206 68 113
-0.00356688 26 0 27 28 422 206 68 113
-0.0035824 26 14 27 28 422 206 68 113
-0.00358228 26 28 27 28 422 206 68 113
-0.00357909 26 42 27 28 422 206 68 113
-0.00358297 26 56 27 28 422 206 68 113
-0.00358086 26 70 27 28 422 206 68 113
-0.00357445 26 84 27 28 422 206 68 113
-0.00358005 39 0 27 28 422 206 68 113
-0.00358287 39 14 27 28 422 206 68 113
-0.00358139 39 28 27 28 422 206 68 113
-0.00358155 39 42 27 28 422 206 68 113
-0.00358316 39 56 27 28 422 206 68 113
-0.00358195 39 70 27 28 422 206 68 113
-0.0035813 39 84 27 28 422 206 68 113
-0.00357877 0 0 27 28 422 206 68 113
-0.00358031 0 14 27 28 422 206 68 113
-0.00358277 0 28 27 28 422 206 68 113
-0.00358221 0 42 27 28 422 206 68 113
-0.00358208 0 56 27 28 422 206 68 113
-0.00358131 0 70 27 28 422 206 68 113
-0.00358078 0 84 27 28 422 206 68 113
-0.0035682 13 0 27 28 422 206 68 113
-0.00357745 13 14 27 28 422 206 68 113
-0.00357875 13 28 27 28 422 206 68 113
-0.00357839 13 42 27 28 422 206 68 113
-0.00357742 13 56 27 28 422 206 68 113
-0.00357796 13 70 27 28 422 206 68 113
-0.00357643 13 84 27 28 422 206 68 113
-0.00357947 26 0 27 28 422 206 68 113
-0.00357863 26 14 27 28 422 206 68 113
-0.00358228 26 28 27 28 422 206 68 113
-0.00358079 26 42 27 28 422 206 68 113
-0.00357065 26 56 27 28 422 206 68 113
-0.00357174 26 70 27 28 422 206 68 113
-0.0035803 26 84 27 28 422 206 68 113
-0.00358245 39 0 27 28 422 206 68 113
-0.00358105 39 14 27 28 422 206 68 113
-0.00358194 39 28 27 28 422 206 68 113
-0.00358205 39 42 27 28 422 206 68 113
-0.00357359 39 56 27 28 422 206 68 113
-0.0035797 39 70 27 28 422 206 68 113
-0.00358296 39 84 27 28 422 206 68 113
-0.00280815 0 0 34 37 422 206 68 113
-0.0034054 0 18 34 37 422 206 68 113
-0.00230855 0 36 34 37 422 206 68 113
-0.00356155 0 54 34 37 422 206 68 113
-0.00357487 0 72 34 37 422 206 68 113
-0.00236658 17 0 34 37 422 206 68 113
-0.00248212 17 18 34 37 422 206 68 113
-0.00288357 17 36 34 37 422 206 68 113
-0.00159842 17 54 34 37 422 206 68 113
-0.00178715 17 72 34 37 422 206 68 113
-0.00218723 34 0 34 37 422 206 68 113
-0.00357845 34 18 34 37 422 206 68 113
-0.00357837 34 36 34 37 422 206 68 113
-0.00357229 34 54 34 37 422 206 68 113
-0.00357637 34 72 34 37 422 206 68 113
-0.00358134 0 0 34 37 422 206 68 113
-0.00285855 0 18 34 37 422 206 68 113
-0.00314598 0 36 34 37 422 206 68 113
-0.00357354 0 54 34 37 422 206 68 113
-0.00354899 0 72 34 37 422 206 68 113
-0.00358226 17 0 34 37 422 206 68 113
-0.00358249 17 18 34 37 422 206 68 113
-0.0035802 17 36 34 37 422 206 68 113
-0.00358133 17 54 34 37 422 206 68 113
-0.00356952 17 72 34 37 422 206 68 113
-0.00358308 34 0 34 37 422 206 68 113
-0.00357971 34 18 34 37 422 206 68 113
-0.00358133 34 36 34 37 422 206 68 113
-0.00358143 34 54 34 37 422 206 68 113
-0.00357966 34 72 34 37 422 206 68 113
-0.00356811 0 0 34 37 422 206 68 113
-0.00357932 0 18 34 37 422 206 68 113
-0.00357847 0 36 34 37 422 206 68 113
-0.0035808 0 54 34 37 422 206 68 113
-0.00357984 0 72 34 37 422 206 68 113
-0.00357943 17 0 34 37 422 206 68 113
-0.0035764 17 18 34 37 422 206 68 113
-0.00200311 17 36 34 37 422 206 68 113
-0.00357385 17 54 34 37 422 206 68 113
-0.00357679 17 72 34 37 422 206 68 113
-0.0035807 34 0 34 37 422 206 68 113
-0.00358297 34 18 34 37 422 206 68 113
-0.00358219 34 36 34 37 422 206 68 113
-0.00357913 34 54 34 37 422 206 68 113
-0.00358038 34 72 34 37 422 206 68 113
-0.00356152 0 0 34 37 422 206 68 113
-0.00357248 0 18 34 37 422 206 68 113
-0.00270545 0 36 34 37 422 206 68 113
-0.00357259 0 54 34 37 422 206 68 113
-0.00357072 0 72 34 37 422 206 68 113
-0.00358232 17 0 34 37 422 206 68 113
-0.00358291 17 18 34 37 422 206 68 113
-0.00357045 17 36 34 37 422 206 68 113
-0.0035784 17 54 34 37 422 206 68 113
-0.00357433 17 72 34 37 422 206 68 113
-0.003583 34 0 34 37 422 206 68 113
-0.00358045 34 18 34 37 422 206 68 113
-0.00358309 34 36 34 37 422 206 68 113
-0.00357508 34 54 34 37 422 206 68 113
-0.00357883 34 72 34 37 422 206 68 113
-0.00251027 0 0 34 37 422 206 68 113
-0.00357615 0 18 34 37 422 206 68 113
-0.00358207 0 36 34 37 422 206 68 113
-0.00358105 0 54 34 37 422 206 68 113
-0.00357767 0 72 34 37 422 206 68 113
-0.00357045 17 0 34 37 422 206 68 113
-0.00356124 17 18 34 37 422 206 68 113
-0.00357461 17 36 34 37 422 206 68 113
-0.003565 17 54 34 37 422 206 68 113
-0.00357626 17 72 34 37 422 206 68 113
-0.00357626 34 0 34 37 422 206 68 113
-0.00357599 34 18 34 37 422 206 68 113
-0.00358035 34 36 34 37 422 206 68 113
-0.00357901 34 54 34 37 422 206 68 113
-0.00358186 34 72 34 37 422 206 68 113
-0.00357704 0 0 34 37 422 206 68 113
-0.00357945 0 18 34 37 422 206 68 113
-0.00357766 0 36 34 37 422 206 68 113
-0.00357825 0 54 34 37 422 206 68 113
-0.00357882 0 72 34 37 422 206 68 113
-0.00358228 17 0 34 37 422 206 68 113
-0.00175449 17 18 34 37 422 206 68 113
-0.00357722 17 36 34 37 422 206 68 113
-0.00479025 17 54 34 37 422 206 68 113
-0.00356458 17 72 34 37 422 206 68 113
-0.00358257 34 0 34 37 422 206 68 113
-0.00357906 34 18 34 37 422 206 68 113
-0.00358178 34 36 34 37 422 206 68 113
-0.00358172 34 54 34 37 422 206 68 113
-0.00358232 34 72 34 37 422 206 68 113
-0.00357425 0 0 34 37 422 206 68 113
-0.00358126 0 18 34 37 422 206 68 113
-0.010744 0 36 34 37 422 206 68 113
-0.00358194 0 54 34 37 422 206 68 113
-0.00358085 0 72 34 37 422 206 68 113
-0.00357602 17 0 34 37 422 206 68 113
-0.00302776 17 18 34 37 422 206 68 113
-0.00357972 17 36 34 37 422 206 68 113
-0.00358266 17 54 34 37 422 206 68 113
-0.00358168 17 72 34 37 422 206 68 113
-0.00256598 34 0 34 37 422 206 68 113
-0.00358082 34 18 34 37 422 206 68 113
-0.00358064 34 36 34 37 422 206 68 113
-0.00358234 34 54 34 37 422 206 68 113
-0.00356707 34 72 34 37 422 206 68 113
-0.00357759 0 0 34 37 422 206 68 113
-0.0035788 0 18 34 37 422 206 68 113
-0.00357867 0 36 34 37 422 206 68 113
-0.00357886 0 54 34 37 422 206 68 113
-0.00358084 0 72 34 37 422 206 68 113
-0.00357754 17 0 34 37 422 206 68 113
-0.0035643 17 18 34 37 422 206 68 113
-0.00172347 17 36 34 37 422 206 68 113
-0.00321742 17 54 34 37 422 206 68 113
-0.00358137 17 72 34 37 422 206 68 113
-0.00358251 34 0 34 37 422 206 68 113
-0.00358248 34 18 34 37 422 206 68 113
-0.00173855 34 36 34 37 422 206 68 113
-0.00357245 34 54 34 37 422 206 68 113
-0.00357011 34 72 34 37 422 206 68 113
-0.00356497 0 0 34 37 422 206 68 113
-0.00358146 0 18 34 37 422 206 68 113
-0.00358193 0 36 34 37 422 206 68 113
-0.00357071 0 54 34 37 422 206 68 113
-0.0035828 0 72 34 37 422 206 68 113
-0.00353883 17 0 34 37 422 206 68 113
-0.00358218 17 18 34 37 422 206 68 113
-0.00357771 17 36 34 37 422 206 68 113
-0.00358258 17 54 34 37 422 206 68 113
-0.00357663 17 72 34 37 422 206 68 113
-0.00357961 34 0 34 37 422 206 68 113
-0.00358281 34 18 34 37 422 206 68 113
-0.00356777 34 36 34 37 422 206 68 113
-0.00358281 34 54 34 37 422 206 68 113
-0.0035684 34 72 34 37 422 206 68 113
-0.00357615 0 0 34 37 422 206 68 113
-0.00358059 0 18 34 37 422 206 68 113
-0.00357912 0 36 34 37 422 206 68 113
-0.00357997 0 54 34 37 422 206 68 113
-0.00357861 0 72 34 37 422 206 68 113
-0.00212814 17 0 34 37 422 206 68 113
-0.00357915 17 18 34 37 422 206 68 113
-0.00357469 17 36 34 37 422 206 68 113
-0.00357186 17 54 34 37 422 206 68 113
-0.00356807 17 72 34 37 422 206 68 113
-0.00357415 34 0 34 37 422 206 68 113
-0.00357843 34 18 34 37 422 206 68 113
-0.00357969 34 36 34 37 422 206 68 113
-0.00356333 34 54 34 37 422 206 68 113
-0.00358056 34 72 34 37 422 206 68 113
-0.0023146 0 0 68 56 422 206 68 113
-0.00283353 0 28 68 56 422 206 68 113
-0.00344979 0 56 68 56 422 206 68 113
-0.00358204 0 0 68 56 422 206 68 113
-0.00259443 0 28 68 56 422 206 68 113
-0.00185798 0 56 68 56 422 206 68 113
-0.00356874 0 0 68 56 422 206 68 113
-0.00203601 0 28 68 56 422 206 68 113
-0.0035767 0 56 68 56 422 206 68 113
-0.00356343 0 0 68 56 422 206 68 113
-0.0035696 0 28 68 56 422 206 68 113
-0.00357225 0 56 68 56 422 206 68 113
-0.00224876 0 0 68 56 422 206 68 113
-0.00326562 0 28 68 56 422 206 68 113
-0.00324156 0 56 68 56 422 206 68 113
-0.0033367 0 0 68 56 422 206 68 113
-0.00182498 0 28 68 56 422 206 68 113
-0.00356803 0 56 68 56 422 206 68 113
-0.00357326 0 0 68 56 422 206 68 113
-0.00356836 0 28 68 56 422 206 68 113
-0.00358152 0 56 68 56 422 206 68 113
-0.00357796 0 0 68 56 422 206 68 113
-0.00358105 0 28 68 56 422 206 68 113
-0.00196956 0 56 68 56 422 206 68 113
-0.00357126 0 0 68 56 422 206 68 113
-0.00358145 0 28 68 56 422 206 68 113
-0.0035622 0 56 68 56 422 206 68 113
-0.00356277 0 0 68 56 422 206 68 113
-0.00165364 0 28 68 56 422 206 68 113
-0.00307507 0 56 68 56 422 206 68 113
-0.00169361 0 0 68 113 422 206 68 113
-0.0035802 0 0 68 113 422 206 68 113
-0.00293267 0 0 68 113 422 206 68 113
-0.00331307 0 0 68 113 422 206 68 113
-0.00193459 0 0 68 113 422 206 68 113
-0.00209841 0 0 68 113 422 206 68 113
-0.00158502 0 0 68 113 422 206 68 113
-0.00357639 0 0 68 113 422 206 68 113
-0.00189687 0 0 68 113 422 206 68 113
-0.0023375 0 0 68 113 422 206 68 113
