-0.00408166 0 0 19 19 179 343 57 117
-0.00408275 0 9 19 19 179 343 57 117
-0.00408294 0 18 19 19 179 343 57 117
-0.00408216 0 27 19 19 179 343 57 117
-0.00408036 0 36 19 19 179 343 57 117
-0.00408099 0 45 19 19 179 343 57 117
-0.00408116 0 54 19 19 179 343 57 117
-0.00407731 0 63 19 19 179 343 57 117
-0.0040816 0 72 19 19 179 343 57 117
-0.0040825 0 81 19 19 179 343 57 117
-0.00407899 0 90 19 19 179 343 57 117
-0.00407634 9 0 19 19 179 343 57 117
-0.0040765 9 9 19 19 179 343 57 117
-0.00408289 9 18 19 19 179 343 57 117
-0.00408283 9 27 19 19 179 343 57 117
-0.00407996 9 36 19 19 179 343 57 117
-0.00408127 9 45 19 19 179 343 57 117
-0.00408225 9 54 19 19 179 343 57 117
-0.00407945 9 63 19 19 179 343 57 117
-0.00407934 9 72 19 19 179 343 57 117
-0.0040796 9 81 19 19 179 343 57 117
-0.00407809 9 90 19 19 179 343 57 117
-0.00406991 18 0 19 19 179 343 57 117
-0.00407241 18 9 19 19 179 343 57 117
-0.0040809 18 18 19 19 179 343 57 117
-0.00408221 18 27 19 19 179 343 57 117
-0.0040829 18 36 19 19 179 343 57 117
-0.00408305 18 45 19 19 179 343 57 117
-0.0040821 18 54 19 19 179 343 57 117
-0.00408309 18 63 19 19 179 343 57 117
-0.00408063 18 72 19 19 179 343 57 117
-0.00408256 18 81 19 19 179 343 57 117
-0.00408278 18 90 19 19 179 343 57 117
-0.00369604 27 0 19 19 179 343 57 117
-0.00407977 27 9 19 19 179 343 57 117
-0.00407866 27 18 19 19 179 343 57 117
-0.00407873 27 27 19 19 179 343 57 117
-0.00408049 27 36 19 19 179 343 57 117
-0.00408211 27 45 19 19 179 343 57 117
-0.00408261 27 54 19 19 179 343 57 117
-0.00408245 27 63 19 19 179 343 57 117
-0.00408049 27 72 19 19 179 343 57 117
-0.00408251 27 81 19 19 179 343 57 117
-0.0040824 27 90 19 19 179 343 57 117
-0.00408017 36 0 19 19 179 343 57 117
-0.00407857 36 9 19 19 179 343 57 117
-0.00408148 36 18 19 19 179 343 57 117
-0.00408282 36 27 19 19 179 343 57 117
-0.00407986 36 36 19 19 179 343 57 117
-0.0040794 36 45 19 19 179 343 57 117
-0.00407039 36 54 19 19 179 343 57 117
-0.00407281 36 63 19 19 179 343 57 117
-0.00408016 36 72 19 19 179 343 57 117
-0.00407924 36 81 19 19 179 343 57 117
-0.00407027 36 90 19 19 179 343 57 117
-0.00407644 0 0 19 19 179 343 57 117
-0.00397823 0 9 19 19 179 343 57 117
-0.00408085 0 18 19 19 179 343 57 117
-0.00408291 0 27 19 19 179 343 57 117
-0.00408218 0 36 19 19 179 343 57 117
-0.00407997 0 45 19 19 179 343 57 117
-0.00408183 0 54 19 19 179 343 57 117
-0.0040827 0 63 19 19 179 343 57 117
-0.00408236 0 72 19 19 179 343 57 117
-0.00406931 0 81 19 19 179 343 57 117
-0.00408031 0 90 19 19 179 343 57 117
-0.00406176 9 0 19 19 179 343 57 117
-0.00215047 9 9 19 19 179 343 57 117
-0.00407386 9 18 19 19 179 343 57 117
-0.00408129 9 27 19 19 179 343 57 117
-0.00408176 9 36 19 19 179 343 57 117
-0.00408246 9 45 19 19 179 343 57 117
-0.00408177 9 54 19 19 179 343 57 117
-0.00407946 9 63 19 19 179 343 57 117
-0.00406635 9 72 19 19 179 343 57 117
-0.00406932 9 81 19 19 179 343 57 117
-0.0040822 9 90 19 19 179 343 57 117
-0.00406557 18 0 19 19 179 343 57 117
-0.00406293 18 9 19 19 179 343 57 117
-0.00407582 18 18 19 19 179 343 57 117
-0.00407228 18 27 19 19 179 343 57 117
-0.00407998 18 36 19 19 179 343 57 117
-0.00407784 18 45 19 19 179 343 57 117
-0.00245392 18 54 19 19 179 343 57 117
-0.00407765 18 63 19 19 179 343 57 117
-0.00407451 18 72 19 19 179 343 57 117
-0.00407307 18 81 19 19 179 343 57 117
-0.00408267 18 90 19 19 179 343 57 117
-0.00281137 27 0 19 19 179 343 57 117
-0.00181263 27 9 19 19 179 343 57 117
-0.00407531 27 18 19 19 179 343 57 117
-0.00407799 27 27 19 19 179 343 57 117
-0.00408145 27 36 19 19 179 343 57 117
-0.00408191 27 45 19 19 179 343 57 117
-0.00408016 27 54 19 19 179 343 57 117
-0.00408139 27 63 19 19 179 343 57 117
-0.00407516 27 72 19 19 179 343 57 117
-0.00407267 27 81 19 19 179 343 57 117
-0.0040822 27 90 19 19 179 343 57 117
-0.00294225 36 0 19 19 179 343 57 117
-0.00207714 36 9 19 19 179 343 57 117
-0.00407301 36 18 19 19 179 343 57 117
-0.00408187 36 27 19 19 179 343 57 117
-0.00408135 36 36 19 19 179 343 57 117
-0.00408201 36 45 19 19 179 343 57 117
-0.00408246 36 54 19 19 179 343 57 117
-0.0040818 36 63 19 19 179 343 57 117
-0.00408215 36 72 19 19 179 343 57 117
-0.00408095 36 81 19 19 179 343 57 117
-0.00407828 36 90 19 19 179 343 57 117
-0.00408134 0 0 19 19 179 343 57 117
-0.0040814 0 9 19 19 179 343 57 117
-0.00407643 0 18 19 19 179 343 57 117
-0.0040828 0 27 19 19 179 343 57 117
-0.00408249 0 36 19 19 179 343 57 117
-0.00407362 0 45 19 19 179 343 57 117
-0.00406419 0 54 19 19 179 343 57 117
-0.00408145 0 63 19 19 179 343 57 117
-0.00408309 0 72 19 19 179 343 57 117
-0.00408074 0 81 19 19 179 343 57 117
-0.00408185 0 90 19 19 179 343 57 117
-0.00408142 9 0 19 19 179 343 57 117
-0.00407468 9 9 19 19 179 343 57 117
-0.00407704 9 18 19 19 179 343 57 117
-0.00408222 9 27 19 19 179 343 57 117
-0.00408217 9 36 19 19 179 343 57 117
-0.004082 9 45 19 19 179 343 57 117
-0.00408234 9 54 19 19 179 343 57 117
-0.00408228 9 63 19 19 179 343 57 117
-0.00408181 9 72 19 19 179 343 57 117
-0.00407467 9 81 19 19 179 343 57 117
-0.00408208 9 90 19 19 179 343 57 117
-0.00407672 18 0 19 19 179 343 57 117
-0.00406791 18 9 19 19 179 343 57 117
-0.00407418 18 18 19 19 179 343 57 117
-0.00407077 18 27 19 19 179 343 57 117
-0.00408045 18 36 19 19 179 343 57 117
-0.0040804 18 45 19 19 179 343 57 117
-0.00407673 18 54 19 19 179 343 57 117
-0.00407842 18 63 19 19 179 343 57 117
-0.00405957 18 72 19 19 179 343 57 117
-0.00406933 18 81 19 19 179 343 57 117
-0.00408217 18 90 19 19 179 343 57 117
-0.00355428 27 0 19 19 179 343 57 117
-0.00334613 27 9 19 19 179 343 57 117
-0.00264064 27 18 19 19 179 343 57 117
-0.00406248 27 27 19 19 179 343 57 117
-0.00407941 27 36 19 19 179 343 57 117
-0.00407753 27 45 19 19 179 343 57 117
-0.00406902 27 54 19 19 179 343 57 117
-0.00407531 27 63 19 19 179 343 57 117
-0.00406081 27 72 19 19 179 343 57 117
-0.00406501 27 81 19 19 179 343 57 117
-0.00408187 27 90 19 19 179 343 57 117
-0.00408108 36 0 19 19 179 343 57 117
-0.00407664 36 9 19 19 179 343 57 117
-0.00407895 36 18 19 19 179 343 57 117
-0.00408049 36 27 19 19 179 343 57 117
-0.00407794 36 36 19 19 179 343 57 117
-0.00408092 36 45 19 19 179 343 57 117
-0.00408105 36 54 19 19 179 343 57 117
-0.00407954 36 63 19 19 179 343 57 117
-0.00407493 36 72 19 19 179 343 57 117
-0.00406624 36 81 19 19 179 343 57 117
-0.00408076 36 90 19 19 179 343 57 117
-0.00408295 0 0 19 19 179 343 57 117
-0.00408226 0 9 19 19 179 343 57 117
-0.00407968 0 18 19 19 179 343 57 117
-0.00392324 0 27 19 19 179 343 57 117
-0.00407661 0 36 19 19 179 343 57 117
-0.00407795 0 45 19 19 179 343 57 117
-0.00407574 0 54 19 19 179 343 57 117
-0.00407622 0 63 19 19 179 343 57 117
-0.00408131 0 72 19 19 179 343 57 117
-0.00408064 0 81 19 19 179 343 57 117
-0.00407176 0 90 19 19 179 343 57 117
-0.00408305 9 0 19 19 179 343 57 117
-0.00408286 9 9 19 19 179 343 57 117
-0.00407824 9 18 19 19 179 343 57 117
-0.00277835 9 27 19 19 179 343 57 117
-0.00406111 9 36 19 19 179 343 57 117
-0.00406734 9 45 19 19 179 343 57 117
-0.00406114 9 54 19 19 179 343 57 117
-0.00407356 9 63 19 19 179 343 57 117
-0.00408197 9 72 19 19 179 343 57 117
-0.00408268 9 81 19 19 179 343 57 117
-0.00407767 9 90 19 19 179 343 57 117
-0.00408298 18 0 19 19 179 343 57 117
-0.00408287 18 9 19 19 179 343 57 117
-0.00407807 18 18 19 19 179 343 57 117
-0.00407514 18 27 19 19 179 343 57 117
-0.0040794 18 36 19 19 179 343 57 117
-0.00407165 18 45 19 19 179 343 57 117
-0.0040758 18 54 19 19 179 343 57 117
-0.0040737 18 63 19 19 179 343 57 117
-0.004079 18 72 19 19 179 343 57 117
-0.00408264 18 81 19 19 179 343 57 117
-0.00408049 18 90 19 19 179 343 57 117
-0.00408223 27 0 19 19 179 343 57 117
-0.00408251 27 9 19 19 179 343 57 117
-0.00407884 27 18 19 19 179 343 57 117
-0.00407278 27 27 19 19 179 343 57 117
-0.0040811 27 36 19 19 179 343 57 117
-0.00407809 27 45 19 19 179 343 57 117
-0.00408195 27 54 19 19 179 343 57 117
-0.00408212 27 63 19 19 179 343 57 117
-0.00408093 27 72 19 19 179 343 57 117
-0.0040791 27 81 19 19 179 343 57 117
-0.00406951 27 90 19 19 179 343 57 117
-0.0040807 36 0 19 19 179 343 57 117
-0.0040816 36 9 19 19 179 343 57 117
-0.00407917 36 18 19 19 179 343 57 117
-0.00363954 36 27 19 19 179 343 57 117
-0.00407249 36 36 19 19 179 343 57 117
-0.00407872 36 45 19 19 179 343 57 117
-0.00408209 36 54 19 19 179 343 57 117
-0.00408068 36 63 19 19 179 343 57 117
-0.00407664 36 72 19 19 179 343 57 117
-0.00407307 36 81 19 19 179 343 57 117
-0.00406566 36 90 19 19 179 343 57 117
-0.00406454 0 0 19 19 179 343 57 117
-0.00253207 0 9 19 19 179 343 57 117
-0.0040807 0 18 19 19 179 343 57 117
-0.00408311 0 27 19 19 179 343 57 117
-0.00408282 0 36 19 19 179 343 57 117
-0.00408227 0 45 19 19 179 343 57 117
-0.00407944 0 54 19 19 179 343 57 117
-0.00407622 0 63 19 19 179 343 57 117
-0.00408227 0 72 19 19 179 343 57 117
-0.00408201 0 81 19 19 179 343 57 117
-0.00408147 0 90 19 19 179 343 57 117
-0.00407573 9 0 19 19 179 343 57 117
-0.00407281 9 9 19 19 179 343 57 117
-0.00408219 9 18 19 19 179 343 57 117
-0.00408296 9 27 19 19 179 343 57 117
-0.00407974 9 36 19 19 179 343 57 117
-0.00407986 9 45 19 19 179 343 57 117
-0.0040808 9 54 19 19 179 343 57 117
-0.00408104 9 63 19 19 179 343 57 117
-0.00408211 9 72 19 19 179 343 57 117
-0.00408164 9 81 19 19 179 343 57 117
-0.0040805 9 90 19 19 179 343 57 117
-0.00407196 18 0 19 19 179 343 57 117
-0.0040741 18 9 19 19 179 343 57 117
-0.00407527 18 18 19 19 179 343 57 117
-0.00408305 18 27 19 19 179 343 57 117
-0.0040828 18 36 19 19 179 343 57 117
-0.0040829 18 45 19 19 179 343 57 117
-0.00408248 18 54 19 19 179 343 57 117
-0.00408019 18 63 19 19 179 343 57 117
-0.0040806 18 72 19 19 179 343 57 117
-0.00408259 18 81 19 19 179 343 57 117
-0.00408136 18 90 19 19 179 343 57 117
-0.00406709 27 0 19 19 179 343 57 117
-0.00407388 27 9 19 19 179 343 57 117
-0.00407696 27 18 19 19 179 343 57 117
-0.00408303 27 27 19 19 179 343 57 117
-0.00408269 27 36 19 19 179 343 57 117
-0.00408143 27 45 19 19 179 343 57 117
-0.00408224 27 54 19 19 179 343 57 117
-0.00408209 27 63 19 19 179 343 57 117
-0.00408224 27 72 19 19 179 343 57 117
-0.00408298 27 81 19 19 179 343 57 117
-0.00408301 27 90 19 19 179 343 57 117
-0.00407958 36 0 19 19 179 343 57 117
-0.00407564 36 9 19 19 179 343 57 117
-0.00408165 36 18 19 19 179 343 57 117
-0.00408302 36 27 19 19 179 343 57 117
-0.00408238 36 36 19 19 179 343 57 117
-0.00407433 36 45 19 19 179 343 57 117
-0.00407713 36 54 19 19 179 343 57 117
-0.00407597 36 63 19 19 179 343 57 117
-0.00408173 36 72 19 19 179 343 57 117
-0.00408288 36 81 19 19 179 343 57 117
-0.00408277 36 90 19 19 179 343 57 117
-0.00408051 0 0 19 19 179 343 57 117
-0.004078 0 9 19 19 179 343 57 117
-0.00408058 0 18 19 19 179 343 57 117
-0.00408286 0 27 19 19 179 343 57 117
-0.00408293 0 36 19 19 179 343 57 117
-0.00408204 0 45 19 19 179 343 57 117
-0.0040772 0 54 19 19 179 343 57 117
-0.00408155 0 63 19 19 179 343 57 117
-0.00408258 0 72 19 19 179 343 57 117
-0.00408223 0 81 19 19 179 343 57 117
-0.0040816 0 90 19 19 179 343 57 117
-0.00407491 9 0 19 19 179 343 57 117
-0.00407571 9 9 19 19 179 343 57 117
-0.00407492 9 18 19 19 179 343 57 117
-0.00408278 9 27 19 19 179 343 57 117
-0.00408277 9 36 19 19 179 343 57 117
-0.00408108 9 45 19 19 179 343 57 117
-0.00408001 9 54 19 19 179 343 57 117
-0.00408109 9 63 19 19 179 343 57 117
-0.00408157 9 72 19 19 179 343 57 117
-0.0040803 9 81 19 19 179 343 57 117
-0.00408024 9 90 19 19 179 343 57 117
-0.0040721 18 0 19 19 179 343 57 117
-0.00372404 18 9 19 19 179 343 57 117
-0.00407247 18 18 19 19 179 343 57 117
-0.00407992 18 27 19 19 179 343 57 117
-0.00408303 18 36 19 19 179 343 57 117
-0.00408312 18 45 19 19 179 343 57 117
-0.00408295 18 54 19 19 179 343 57 117
-0.00408197 18 63 19 19 179 343 57 117
-0.00408061 18 72 19 19 179 343 57 117
-0.00408278 18 81 19 19 179 343 57 117
-0.00408265 18 90 19 19 179 343 57 117
-0.00407764 27 0 19 19 179 343 57 117
-0.00407846 27 9 19 19 179 343 57 117
-0.00407815 27 18 19 19 179 343 57 117
-0.0040813 27 27 19 19 179 343 57 117
-0.00408096 27 36 19 19 179 343 57 117
-0.00408249 27 45 19 19 179 343 57 117
-0.00408267 27 54 19 19 179 343 57 117
-0.0040806 27 63 19 19 179 343 57 117
-0.00408276 27 72 19 19 179 343 57 117
-0.00408303 27 81 19 19 179 343 57 117
-0.00406403 27 90 19 19 179 343 57 117
-0.00407935 36 0 19 19 179 343 57 117
-0.00407984 36 9 19 19 179 343 57 117
-0.00407991 36 18 19 19 179 343 57 117
-0.00407998 36 27 19 19 179 343 57 117
-0.0040803 36 36 19 19 179 343 57 117
-0.00408037 36 45 19 19 179 343 57 117
-0.00408246 36 54 19 19 179 343 57 117
-0.00408272 36 63 19 19 179 343 57 117
-0.00408294 36 72 19 19 179 343 57 117
-0.00408029 36 81 19 19 179 343 57 117
-0.00408293 36 90 19 19 179 343 57 117
-0.00408012 0 0 19 19 179 343 57 117
-0.00408243 0 9 19 19 179 343 57 117
-0.00408257 0 18 19 19 179 343 57 117
-0.0040826 0 27 19 19 179 343 57 117
-0.00408268 0 36 19 19 179 343 57 117
-0.00408154 0 45 19 19 179 343 57 117
-0.00408297 0 54 19 19 179 343 57 117
-0.00408137 0 63 19 19 179 343 57 117
-0.00406523 0 72 19 19 179 343 57 117
-0.00408139 0 81 19 19 179 343 57 117
-0.00408259 0 90 19 19 179 343 57 117
-0.00407968 9 0 19 19 179 343 57 117
-0.0040811 9 9 19 19 179 343 57 117
-0.00407977 9 18 19 19 179 343 57 117
-0.00407984 9 27 19 19 179 343 57 117
-0.00408267 9 36 19 19 179 343 57 117
-0.00408234 9 45 19 19 179 343 57 117
-0.00408259 9 54 19 19 179 343 57 117
-0.00406902 9 63 19 19 179 343 57 117
-0.00406417 9 72 19 19 179 343 57 117
-0.00408078 9 81 19 19 179 343 57 117
-0.00408237 9 90 19 19 179 343 57 117
-0.00407953 18 0 19 19 179 343 57 117
-0.00407981 18 9 19 19 179 343 57 117
-0.00407922 18 18 19 19 179 343 57 117
-0.00408045 18 27 19 19 179 343 57 117
-0.00407963 18 36 19 19 179 343 57 117
-0.00407591 18 45 19 19 179 343 57 117
-0.00407915 18 54 19 19 179 343 57 117
-0.00408129 18 63 19 19 179 343 57 117
-0.00407878 18 72 19 19 179 343 57 117
-0.00407978 18 81 19 19 179 343 57 117
-0.00408131 18 90 19 19 179 343 57 117
-0.00407542 27 0 19 19 179 343 57 117
-0.00407821 27 9 19 19 179 343 57 117
-0.00408138 27 18 19 19 179 343 57 117
-0.0040795 27 27 19 19 179 343 57 117
-0.00408244 27 36 19 19 179 343 57 117
-0.00407366 27 45 19 19 179 343 57 117
-0.0040786 27 54 19 19 179 343 57 117
-0.0040809 27 63 19 19 179 343 57 117
-0.00408121 27 72 19 19 179 343 57 117
-0.00408115 27 81 19 19 179 343 57 117
-0.00407829 27 90 19 19 179 343 57 117
-0.00408277 36 0 19 19 179 343 57 117
-0.00408283 36 9 19 19 179 343 57 117
-0.00407786 36 18 19 19 179 343 57 117
-0.00407641 36 27 19 19 179 343 57 117
-0.00408043 36 36 19 19 179 343 57 117
-0.00407764 36 45 19 19 179 343 57 117
-0.00319149 36 54 19 19 179 343 57 117
-0.00407413 36 63 19 19 179 343 57 117
-0.00407388 36 72 19 19 179 343 57 117
-0.00407117 36 81 19 19 179 343 57 117
-0.00407544 36 90 19 19 179 343 57 117
-0.00408201 0 0 19 19 179 343 57 117
-0.00408173 0 9 19 19 179 343 57 117
-0.00408302 0 18 19 19 179 343 57 117
-0.00408149 0 27 19 19 179 343 57 117
-0.00408285 0 36 19 19 179 343 57 117
-0.00408313 0 45 19 19 179 343 57 117
-0.00408144 0 54 19 19 179 343 57 117
-0.0040825 0 63 19 19 179 343 57 117
-0.00408242 0 72 19 19 179 343 57 117
-0.00408255 0 81 19 19 179 343 57 117
-0.00407312 0 90 19 19 179 343 57 117
-0.00406964 9 0 19 19 179 343 57 117
-0.00406461 9 9 19 19 179 343 57 117
-0.00408212 9 18 19 19 179 343 57 117
-0.00408203 9 27 19 19 179 343 57 117
-0.00408281 9 36 19 19 179 343 57 117
-0.00408229 9 45 19 19 179 343 57 117
-0.00407047 9 54 19 19 179 343 57 117
-0.00407099 9 63 19 19 179 343 57 117
-0.00407219 9 72 19 19 179 343 57 117
-0.00407534 9 81 19 19 179 343 57 117
-0.00407061 9 90 19 19 179 343 57 117
-0.00224172 18 0 19 19 179 343 57 117
-0.00407145 18 9 19 19 179 343 57 117
-0.0040656 18 18 19 19 179 343 57 117
-0.00407408 18 27 19 19 179 343 57 117
-0.00407594 18 36 19 19 179 343 57 117
-0.00309657 18 45 19 19 179 343 57 117
-0.00378201 18 54 19 19 179 343 57 117
-0.00408163 18 63 19 19 179 343 57 117
-0.0040807 18 72 19 19 179 343 57 117
-0.00407994 18 81 19 19 179 343 57 117
-0.00408158 18 90 19 19 179 343 57 117
-0.00343656 27 0 19 19 179 343 57 117
-0.00407812 27 9 19 19 179 343 57 117
-0.00407702 27 18 19 19 179 343 57 117
-0.00407768 27 27 19 19 179 343 57 117
-0.00407948 27 36 19 19 179 343 57 117
-0.00407625 27 45 19 19 179 343 57 117
-0.00249345 27 54 19 19 179 343 57 117
-0.00408148 27 63 19 19 179 343 57 117
-0.0040809 27 72 19 19 179 343 57 117
-0.00408016 27 81 19 19 179 343 57 117
-0.00408131 27 90 19 19 179 343 57 117
-0.00407817 36 0 19 19 179 343 57 117
-0.00267563 36 9 19 19 179 343 57 117
-0.00408214 36 18 19 19 179 343 57 117
-0.00408264 36 27 19 19 179 343 57 117
-0.00408261 36 36 19 19 179 343 57 117
-0.00408289 36 45 19 19 179 343 57 117
-0.00313326 36 54 19 19 179 343 57 117
-0.00300464 36 63 19 19 179 343 57 117
-0.00406278 36 72 19 19 179 343 57 117
-0.00407296 36 81 19 19 179 343 57 117
-0.00406953 36 90 19 19 179 343 57 117
-0.00408272 0 0 19 19 179 343 57 117
-0.0040829 0 9 19 19 179 343 57 117
-0.00408241 0 18 19 19 179 343 57 117
-0.00408019 0 27 19 19 179 343 57 117
-0.00408245 0 36 19 19 179 343 57 117
-0.0040831 0 45 19 19 179 343 57 117
-0.00408247 0 54 19 19 179 343 57 117
-0.00408246 0 63 19 19 179 343 57 117
-0.00408275 0 72 19 19 179 343 57 117
-0.00408279 0 81 19 19 179 343 57 117
-0.00408194 0 90 19 19 179 343 57 117
-0.00408276 9 0 19 19 179 343 57 117
-0.00408231 9 9 19 19 179 343 57 117
-0.00408253 9 18 19 19 179 343 57 117
-0.00408084 9 27 19 19 179 343 57 117
-0.00408243 9 36 19 19 179 343 57 117
-0.00408313 9 45 19 19 179 343 57 117
-0.00408095 9 54 19 19 179 343 57 117
-0.0040822 9 63 19 19 179 343 57 117
-0.00408281 9 72 19 19 179 343 57 117
-0.00408234 9 81 19 19 179 343 57 117
-0.00408068 9 90 19 19 179 343 57 117
-0.00408227 18 0 19 19 179 343 57 117
-0.00408243 18 9 19 19 179 343 57 117
-0.00408205 18 18 19 19 179 343 57 117
-0.00408158 18 27 19 19 179 343 57 117
-0.00407791 18 36 19 19 179 343 57 117
-0.00408306 18 45 19 19 179 343 57 117
-0.0040828 18 54 19 19 179 343 57 117
-0.00408308 18 63 19 19 179 343 57 117
-0.00408154 18 72 19 19 179 343 57 117
-0.00408243 18 81 19 19 179 343 57 117
-0.00408306 18 90 19 19 179 343 57 117
-0.00407477 27 0 19 19 179 343 57 117
-0.00408278 27 9 19 19 179 343 57 117
-0.00408208 27 18 19 19 179 343 57 117
-0.00408207 27 27 19 19 179 343 57 117
-0.00408131 27 36 19 19 179 343 57 117
-0.00408308 27 45 19 19 179 343 57 117
-0.0040828 27 54 19 19 179 343 57 117
-0.00408306 27 63 19 19 179 343 57 117
-0.00408164 27 72 19 19 179 343 57 117
-0.00408087 27 81 19 19 179 343 57 117
-0.00408268 27 90 19 19 179 343 57 117
-0.00406676 36 0 19 19 179 343 57 117
-0.00407678 36 9 19 19 179 343 57 117
-0.00408172 36 18 19 19 179 343 57 117
-0.00408154 36 27 19 19 179 343 57 117
-0.00408181 36 36 19 19 179 343 57 117
-0.00408251 36 45 19 19 179 343 57 117
-0.00406731 36 54 19 19 179 343 57 117
-0.00408288 36 63 19 19 179 343 57 117
-0.00408275 36 72 19 19 179 343 57 117
-0.0040815 36 81 19 19 179 343 57 117
-0.00408292 36 90 19 19 179 343 57 117
-0.00408186 0 0 19 19 179 343 57 117
-0.00408133 0 9 19 19 179 343 57 117
-0.00408124 0 18 19 19 179 343 57 117
-0.004083 0 27 19 19 179 343 57 117
-0.00408253 0 36 19 19 179 343 57 117
-0.00408226 0 45 19 19 179 343 57 117
-0.00408266 0 54 19 19 179 343 57 117
-0.00408142 0 63 19 19 179 343 57 117
-0.00407937 0 72 19 19 179 343 57 117
-0.00408246 0 81 19 19 179 343 57 117
-0.00408112 0 90 19 19 179 343 57 117
-0.0040825 9 0 19 19 179 343 57 117
-0.00408113 9 9 19 19 179 343 57 117
-0.00408289 9 18 19 19 179 343 57 117
-0.00408229 9 27 19 19 179 343 57 117
-0.00407557 9 36 19 19 179 343 57 117
-0.00408182 9 45 19 19 179 343 57 117
-0.00408031 9 54 19 19 179 343 57 117
-0.0040799 9 63 19 19 179 343 57 117
-0.00408073 9 72 19 19 179 343 57 117
-0.00408266 9 81 19 19 179 343 57 117
-0.00408279 9 90 19 19 179 343 57 117
-0.00408273 18 0 19 19 179 343 57 117
-0.00407763 18 9 19 19 179 343 57 117
-0.00408205 18 18 19 19 179 343 57 117
-0.0040821 18 27 19 19 179 343 57 117
-0.00408073 18 36 19 19 179 343 57 117
-0.0040823 18 45 19 19 179 343 57 117
-0.00408148 18 54 19 19 179 343 57 117
-0.00408246 18 63 19 19 179 343 57 117
-0.00407883 18 72 19 19 179 343 57 117
-0.0040827 18 81 19 19 179 343 57 117
-0.00408313 18 90 19 19 179 343 57 117
-0.00408246 27 0 19 19 179 343 57 117
-0.00407914 27 9 19 19 179 343 57 117
-0.00407942 27 18 19 19 179 343 57 117
-0.0040825 27 27 19 19 179 343 57 117
-0.00408259 27 36 19 19 179 343 57 117
-0.0040812 27 45 19 19 179 343 57 117
-0.00408198 27 54 19 19 179 343 57 117
-0.00408183 27 63 19 19 179 343 57 117
-0.0040749 27 72 19 19 179 343 57 117
-0.00408207 27 81 19 19 179 343 57 117
-0.00408256 27 90 19 19 179 343 57 117
-0.0040825 36 0 19 19 179 343 57 117
-0.00407877 36 9 19 19 179 343 57 117
-0.00408182 36 18 19 19 179 343 57 117
-0.00408229 36 27 19 19 179 343 57 117
-0.00408278 36 36 19 19 179 343 57 117
-0.00408131 36 45 19 19 179 343 57 117
-0.00386746 36 54 19 19 179 343 57 117
-0.00403243 36 63 19 19 179 343 57 117
-0.00407964 36 72 19 19 179 343 57 117
-0.00408193 36 81 19 19 179 343 57 117
-0.00408176 36 90 19 19 179 343 57 117
-0.00407967 0 0 22 26 179 343 57 117
-0.00408304 0 13 22 26 179 343 57 117
-0.00407952 0 26 22 26 179 343 57 117
-0.00407898 0 39 22 26 179 343 57 117
-0.00407791 0 52 22 26 179 343 57 117
-0.00407908 0 65 22 26 179 343 57 117
-0.00407972 0 78 22 26 179 343 57 117
-0.00407417 0 91 22 26 179 343 57 117
-0.00406474 11 0 22 26 179 343 57 117
-0.00408251 11 13 22 26 179 343 57 117
-0.00408152 11 26 22 26 179 343 57 117
-0.00408177 11 39 22 26 179 343 57 117
-0.0040821 11 52 22 26 179 343 57 117
-0.00407666 11 65 22 26 179 343 57 117
-0.00408201 11 78 22 26 179 343 57 117
-0.00408177 11 91 22 26 179 343 57 117
-0.00407615 22 0 22 26 179 343 57 117
-0.00407668 22 13 22 26 179 343 57 117
-0.00407844 22 26 22 26 179 343 57 117
-0.00408168 22 39 22 26 179 343 57 117
-0.00408282 22 52 22 26 179 343 57 117
-0.00407779 22 65 22 26 179 343 57 117
-0.00408234 22 78 22 26 179 343 57 117
-0.00408247 22 91 22 26 179 343 57 117
-0.00407484 33 0 22 26 179 343 57 117
-0.00408104 33 13 22 26 179 343 57 117
-0.00407689 33 26 22 26 179 343 57 117
-0.00407557 33 39 22 26 179 343 57 117
-0.00406843 33 52 22 26 179 343 57 117
-0.00407936 33 65 22 26 179 343 57 117
-0.0040812 33 78 22 26 179 343 57 117
-0.00407826 33 91 22 26 179 343 57 117
-0.00406349 0 0 22 26 179 343 57 117
-0.00408075 0 13 22 26 179 343 57 117
-0.00408238 0 26 22 26 179 343 57 117
-0.00408175 0 39 22 26 179 343 57 117
-0.00408247 0 52 22 26 179 343 57 117
-0.00408212 0 65 22 26 179 343 57 117
-0.00406347 0 78 22 26 179 343 57 117
-0.00408143 0 91 22 26 179 343 57 117
-0.00303475 11 0 22 26 179 343 57 117
-0.00406313 11 13 22 26 179 343 57 117
-0.00407259 11 26 22 26 179 343 57 117
-0.004081 11 39 22 26 179 343 57 117
-0.00407732 11 52 22 26 179 343 57 117
-0.00406643 11 65 22 26 179 343 57 117
-0.00407835 11 78 22 26 179 343 57 117
-0.00408248 11 91 22 26 179 343 57 117
-0.00406373 22 0 22 26 179 343 57 117
-0.00407325 22 13 22 26 179 343 57 117
-0.00407736 22 26 22 26 179 343 57 117
-0.00407944 22 39 22 26 179 343 57 117
-0.00407481 22 52 22 26 179 343 57 117
-0.00407502 22 65 22 26 179 343 57 117
-0.00407759 22 78 22 26 179 343 57 117
-0.00408241 22 91 22 26 179 343 57 117
-0.00168427 33 0 22 26 179 343 57 117
-0.0040732 33 13 22 26 179 343 57 117
-0.00408038 33 26 22 26 179 343 57 117
-0.00408142 33 39 22 26 179 343 57 117
-0.00408236 33 52 22 26 179 343 57 117
-0.00408149 33 65 22 26 179 343 57 117
-0.00407504 33 78 22 26 179 343 57 117
-0.00408053 33 91 22 26 179 343 57 117
-0.00408137 0 0 22 26 179 343 57 117
-0.00407466 0 13 22 26 179 343 57 117
-0.00408266 0 26 22 26 179 343 57 117
-0.00407981 0 39 22 26 179 343 57 117
-0.00407652 0 52 22 26 179 343 57 117
-0.00408269 0 65 22 26 179 343 57 117
-0.00407814 0 78 22 26 179 343 57 117
-0.00408195 0 91 22 26 179 343 57 117
-0.00407716 11 0 22 26 179 343 57 117
-0.00406623 11 13 22 26 179 343 57 117
-0.00407915 11 26 22 26 179 343 57 117
-0.00408159 11 39 22 26 179 343 57 117
-0.00408172 11 52 22 26 179 343 57 117
-0.00407883 11 65 22 26 179 343 57 117
-0.00395079 11 78 22 26 179 343 57 117
-0.00408199 11 91 22 26 179 343 57 117
-0.00407009 22 0 22 26 179 343 57 117
-0.00366799 22 13 22 26 179 343 57 117
-0.0040694 22 26 22 26 179 343 57 117
-0.00407315 22 39 22 26 179 343 57 117
-0.00352547 22 52 22 26 179 343 57 117
-0.00406444 22 65 22 26 179 343 57 117
-0.00407427 22 78 22 26 179 343 57 117
-0.00408157 22 91 22 26 179 343 57 117
-0.00407691 33 0 22 26 179 343 57 117
-0.00407071 33 13 22 26 179 343 57 117
-0.00407438 33 26 22 26 179 343 57 117
-0.00407934 33 39 22 26 179 343 57 117
-0.00407968 33 52 22 26 179 343 57 117
-0.0040747 33 65 22 26 179 343 57 117
-0.00407388 33 78 22 26 179 343 57 117
-0.00408038 33 91 22 26 179 343 57 117
-0.00408287 0 0 22 26 179 343 57 117
-0.00408048 0 13 22 26 179 343 57 117
-0.00406435 0 26 22 26 179 343 57 117
-0.00407508 0 39 22 26 179 343 57 117
-0.00407345 0 52 22 26 179 343 57 117
-0.00408106 0 65 22 26 179 343 57 117
-0.0040802 0 78 22 26 179 343 57 117
-0.00407867 0 91 22 26 179 343 57 117
-0.00408309 11 0 22 26 179 343 57 117
-0.0040795 11 13 22 26 179 343 57 117
-0.00174025 11 26 22 26 179 343 57 117
-0.00328404 11 39 22 26 179 343 57 117
-0.00271031 11 52 22 26 179 343 57 117
-0.00407957 11 65 22 26 179 343 57 117
-0.00408211 11 78 22 26 179 343 57 117
-0.00407667 11 91 22 26 179 343 57 117
-0.00408289 22 0 22 26 179 343 57 117
-0.00407849 22 13 22 26 179 343 57 117
-0.00407465 22 26 22 26 179 343 57 117
-0.00406746 22 39 22 26 179 343 57 117
-0.00407885 22 52 22 26 179 343 57 117
-0.00408051 22 65 22 26 179 343 57 117
-0.00407716 22 78 22 26 179 343 57 117
-0.00406871 22 91 22 26 179 343 57 117
-0.00408168 33 0 22 26 179 343 57 117
-0.00407968 33 13 22 26 179 343 57 117
-0.00406906 33 26 22 26 179 343 57 117
-0.00406613 33 39 22 26 179 343 57 117
-0.00408102 33 52 22 26 179 343 57 117
-0.0040617 33 65 22 26 179 343 57 117
-0.00346648 33 78 22 26 179 343 57 117
-0.00196997 33 91 22 26 179 343 57 117
-0.00204603 0 0 22 26 179 343 57 117
-0.00408218 0 13 22 26 179 343 57 117
-0.00408278 0 26 22 26 179 343 57 117
-0.00407953 0 39 22 26 179 343 57 117
-0.00407539 0 52 22 26 179 343 57 117
-0.00407941 0 65 22 26 179 343 57 117
-0.00407954 0 78 22 26 179 343 57 117
-0.00407592 0 91 22 26 179 343 57 117
-0.00407085 11 0 22 26 179 343 57 117
-0.00408226 11 13 22 26 179 343 57 117
-0.00408223 11 26 22 26 179 343 57 117
-0.0040745 11 39 22 26 179 343 57 117
-0.00408161 11 52 22 26 179 343 57 117
-0.00408189 11 65 22 26 179 343 57 117
-0.00408144 11 78 22 26 179 343 57 117
-0.00408211 11 91 22 26 179 343 57 117
-0.00406294 22 0 22 26 179 343 57 117
-0.00406726 22 13 22 26 179 343 57 117
-0.00408286 22 26 22 26 179 343 57 117
-0.00408156 22 39 22 26 179 343 57 117
-0.00408222 22 52 22 26 179 343 57 117
-0.00408121 22 65 22 26 179 343 57 117
-0.00408141 22 78 22 26 179 343 57 117
-0.00408198 22 91 22 26 179 343 57 117
-0.00406933 33 0 22 26 179 343 57 117
-0.00407464 33 13 22 26 179 343 57 117
-0.00408277 33 26 22 26 179 343 57 117
-0.00407747 33 39 22 26 179 343 57 117
-0.00406741 33 52 22 26 179 343 57 117
-0.00408097 33 65 22 26 179 343 57 117
-0.00408229 33 78 22 26 179 343 57 117
-0.00407929 33 91 22 26 179 343 57 117
-0.00407302 0 0 22 26 179 343 57 117
-0.0040744 0 13 22 26 179 343 57 117
-0.00408307 0 26 22 26 179 343 57 117
-0.00408155 0 39 22 26 179 343 57 117
-0.00407049 0 52 22 26 179 343 57 117
-0.0040817 0 65 22 26 179 343 57 117
-0.00408007 0 78 22 26 179 343 57 117
-0.00407452 0 91 22 26 179 343 57 117
-0.00407198 11 0 22 26 179 343 57 117
-0.00361134 11 13 22 26 179 343 57 117
-0.004083 11 26 22 26 179 343 57 117
-0.0040816 11 39 22 26 179 343 57 117
-0.00408041 11 52 22 26 179 343 57 117
-0.00408145 11 65 22 26 179 343 57 117
-0.00407991 11 78 22 26 179 343 57 117
-0.00408162 11 91 22 26 179 343 57 117
-0.00407856 22 0 22 26 179 343 57 117
-0.00407261 22 13 22 26 179 343 57 117
-0.00407355 22 26 22 26 179 343 57 117
-0.00408198 22 39 22 26 179 343 57 117
-0.00408183 22 52 22 26 179 343 57 117
-0.0040805 22 65 22 26 179 343 57 117
-0.00408297 22 78 22 26 179 343 57 117
-0.00408089 22 91 22 26 179 343 57 117
-0.00407467 33 0 22 26 179 343 57 117
-0.00407606 33 13 22 26 179 343 57 117
-0.00407184 33 26 22 26 179 343 57 117
-0.00408052 33 39 22 26 179 343 57 117
-0.0040783 33 52 22 26 179 343 57 117
-0.00408231 33 65 22 26 179 343 57 117
-0.00408172 33 78 22 26 179 343 57 117
-0.00408273 33 91 22 26 179 343 57 117
-0.00407863 0 0 22 26 179 343 57 117
-0.00408179 0 13 22 26 179 343 57 117
-0.00408218 0 26 22 26 179 343 57 117
-0.00407913 0 39 22 26 179 343 57 117
-0.00408275 0 52 22 26 179 343 57 117
-0.00407837 0 65 22 26 179 343 57 117
-0.00408212 0 78 22 26 179 343 57 117
-0.00407123 0 91 22 26 179 343 57 117
-0.00407975 11 0 22 26 179 343 57 117
-0.00408008 11 13 22 26 179 343 57 117
-0.00407883 11 26 22 26 179 343 57 117
-0.00408157 11 39 22 26 179 343 57 117
-0.00407877 11 52 22 26 179 343 57 117
-0.00406544 11 65 22 26 179 343 57 117
-0.00407716 11 78 22 26 179 343 57 117
-0.00408032 11 91 22 26 179 343 57 117
-0.0040795 22 0 22 26 179 343 57 117
-0.00406764 22 13 22 26 179 343 57 117
-0.00408025 22 26 22 26 179 343 57 117
-0.00407367 22 39 22 26 179 343 57 117
-0.0040795 22 52 22 26 179 343 57 117
-0.00406299 22 65 22 26 179 343 57 117
-0.00408075 22 78 22 26 179 343 57 117
-0.00407743 22 91 22 26 179 343 57 117
-0.00408232 33 0 22 26 179 343 57 117
-0.0040793 33 13 22 26 179 343 57 117
-0.00407603 33 26 22 26 179 343 57 117
-0.00407434 33 39 22 26 179 343 57 117
-0.00241432 33 52 22 26 179 343 57 117
-0.00406993 33 65 22 26 179 343 57 117
-0.00306505 33 78 22 26 179 343 57 117
-0.00406759 33 91 22 26 179 343 57 117
-0.00407548 0 0 22 26 179 343 57 117
-0.00408306 0 13 22 26 179 343 57 117
-0.00408001 0 26 22 26 179 343 57 117
-0.00408311 0 39 22 26 179 343 57 117
-0.00408121 0 52 22 26 179 343 57 117
-0.00408108 0 65 22 26 179 343 57 117
-0.00408108 0 78 22 26 179 343 57 117
-0.00406 0 91 22 26 179 343 57 117
-0.00405967 11 0 22 26 179 343 57 117
-0.00408003 11 13 22 26 179 343 57 117
-0.00407949 11 26 22 26 179 343 57 117
-0.00408201 11 39 22 26 179 343 57 117
-0.00406793 11 52 22 26 179 343 57 117
-0.0040773 11 65 22 26 179 343 57 117
-0.00407786 11 78 22 26 179 343 57 117
-0.004077 11 91 22 26 179 343 57 117
-0.00407297 22 0 22 26 179 343 57 117
-0.00228703 22 13 22 26 179 343 57 117
-0.00407475 22 26 22 26 179 343 57 117
-0.00406992 22 39 22 26 179 343 57 117
-0.00407522 22 52 22 26 179 343 57 117
-0.00408 22 65 22 26 179 343 57 117
-0.0040802 22 78 22 26 179 343 57 117
-0.00408105 22 91 22 26 179 343 57 117
-0.00406456 33 0 22 26 179 343 57 117
-0.00408199 33 13 22 26 179 343 57 117
-0.00407505 33 26 22 26 179 343 57 117
-0.00408258 33 39 22 26 179 343 57 117
-0.00233165 33 52 22 26 179 343 57 117
-0.00407168 33 65 22 26 179 343 57 117
-0.00407749 33 78 22 26 179 343 57 117
-0.00406922 33 91 22 26 179 343 57 117
-0.00408278 0 0 22 26 179 343 57 117
-0.00408272 0 13 22 26 179 343 57 117
-0.00406512 0 26 22 26 179 343 57 117
-0.00408297 0 39 22 26 179 343 57 117
-0.0040813 0 52 22 26 179 343 57 117
-0.00408171 0 65 22 26 179 343 57 117
-0.00408198 0 78 22 26 179 343 57 117
-0.00407972 0 91 22 26 179 343 57 117
-0.00408244 11 0 22 26 179 343 57 117
-0.00408266 11 13 22 26 179 343 57 117
-0.0040694 11 26 22 26 179 343 57 117
-0.00408282 11 39 22 26 179 343 57 117
-0.00408289 11 52 22 26 179 343 57 117
-0.00408283 11 65 22 26 179 343 57 117
-0.00408283 11 78 22 26 179 343 57 117
-0.00408225 11 91 22 26 179 343 57 117
-0.00408236 22 0 22 26 179 343 57 117
-0.00408188 22 13 22 26 179 343 57 117
-0.00408022 22 26 22 26 179 343 57 117
-0.00408237 22 39 22 26 179 343 57 117
-0.00408311 22 52 22 26 179 343 57 117
-0.00408205 22 65 22 26 179 343 57 117
-0.00408132 22 78 22 26 179 343 57 117
-0.00408306 22 91 22 26 179 343 57 117
-0.00407688 33 0 22 26 179 343 57 117
-0.00408127 33 13 22 26 179 343 57 117
-0.0040821 33 26 22 26 179 343 57 117
-0.00408262 33 39 22 26 179 343 57 117
-0.00408167 33 52 22 26 179 343 57 117
-0.00408289 33 65 22 26 179 343 57 117
-0.00408202 33 78 22 26 179 343 57 117
-0.00408295 33 91 22 26 179 343 57 117
-0.00408144 0 0 22 26 179 343 57 117
-0.00408282 0 13 22 26 179 343 57 117
-0.00408215 0 26 22 26 179 343 57 117
-0.00408075 0 39 22 26 179 343 57 117
-0.0040798 0 52 22 26 179 343 57 117
-0.00407308 0 65 22 26 179 343 57 117
-0.00408227 0 78 22 26 179 343 57 117
-0.0040815 0 91 22 26 179 343 57 117
-0.00408195 11 0 22 26 179 343 57 117
-0.00408262 11 13 22 26 179 343 57 117
-0.00407403 11 26 22 26 179 343 57 117
-0.00407915 11 39 22 26 179 343 57 117
-0.00407949 11 52 22 26 179 343 57 117
-0.00407217 11 65 22 26 179 343 57 117
-0.00408243 11 78 22 26 179 343 57 117
-0.00408275 11 91 22 26 179 343 57 117
-0.00408181 22 0 22 26 179 343 57 117
-0.00407975 22 13 22 26 179 343 57 117
-0.0040817 22 26 22 26 179 343 57 117
-0.0040786 22 39 22 26 179 343 57 117
-0.00408155 22 52 22 26 179 343 57 117
-0.00407416 22 65 22 26 179 343 57 117
-0.00408146 22 78 22 26 179 343 57 117
-0.00408279 22 91 22 26 179 343 57 117
-0.00407773 33 0 22 26 179 343 57 117
-0.00408134 33 13 22 26 179 343 57 117
-0.00408294 33 26 22 26 179 343 57 117
-0.00408132 33 39 22 26 179 343 57 117
-0.0040638 33 52 22 26 179 343 57 117
-0.00407511 33 65 22 26 179 343 57 117
-0.0040815 33 78 22 26 179 343 57 117
-0.00408047 33 91 22 26 179 343 57 117
-0.00408149 0 0 38 33 179 343 57 117
-0.0040812 0 16 38 33 179 343 57 117
-0.00407297 0 32 38 33 179 343 57 117
-0.00407662 0 48 38 33 179 343 57 117
-0.0035828 0 64 38 33 179 343 57 117
-0.00408257 0 80 38 33 179 343 57 117
-0.00406768 19 0 38 33 179 343 57 117
-0.0040794 19 16 38 33 179 343 57 117
-0.00407909 19 32 38 33 179 343 57 117
-0.00408048 19 48 38 33 179 343 57 117
-0.0040648 19 64 38 33 179 343 57 117
-0.00408272 19 80 38 33 179 343 57 117
-0.00256866 0 0 38 33 179 343 57 117
-0.00407849 0 16 38 33 179 343 57 117
-0.00407158 0 32 38 33 179 343 57 117
-0.00407576 0 48 38 33 179 343 57 117
-0.00325369 0 64 38 33 179 343 57 117
-0.00407759 0 80 38 33 179 343 57 117
-0.00315975 19 0 38 33 179 343 57 117
-0.00407182 19 16 38 33 179 343 57 117
-0.0040668 19 32 38 33 179 343 57 117
-0.00407629 19 48 38 33 179 343 57 117
-0.0040726 19 64 38 33 179 343 57 117
-0.00407319 19 80 38 33 179 343 57 117
-0.00406983 0 0 38 33 179 343 57 117
-0.00406979 0 16 38 33 179 343 57 117
-0.00407641 0 32 38 33 179 343 57 117
-0.00407742 0 48 38 33 179 343 57 117
-0.00407303 0 64 38 33 179 343 57 117
-0.00406685 0 80 38 33 179 343 57 117
-0.00312788 19 0 38 33 179 343 57 117
-0.00381071 19 16 38 33 179 343 57 117
-0.0017283 19 32 38 33 179 343 57 117
-0.00260454 19 48 38 33 179 343 57 117
-0.00331528 19 64 38 33 179 343 57 117
-0.00407506 19 80 38 33 179 343 57 117
-0.00408267 0 0 38 33 179 343 57 117
-0.00407053 0 16 38 33 179 343 57 117
-0.00170229 0 32 38 33 179 343 57 117
-0.00189172 0 48 38 33 179 343 57 117
-0.00408082 0 64 38 33 179 343 57 117
-0.00407505 0 80 38 33 179 343 57 117
-0.00408247 19 0 38 33 179 343 57 117
-0.00407733 19 16 38 33 179 343 57 117
-0.00349629 19 32 38 33 179 343 57 117
-0.00406491 19 48 38 33 179 343 57 117
-0.00407836 19 64 38 33 179 343 57 117
-0.0038391 19 80 38 33 179 343 57 117
-0.00174355 0 0 38 33 179 343 57 117
-0.00408268 0 16 38 33 179 343 57 117
-0.0040793 0 32 38 33 179 343 57 117
-0.00407416 0 48 38 33 179 343 57 117
-0.0040703 0 64 38 33 179 343 57 117
-0.00407445 0 80 38 33 179 343 57 117
-0.0028445 19 0 38 33 179 343 57 117
-0.00408253 19 16 38 33 179 343 57 117
-0.00408102 19 32 38 33 179 343 57 117
-0.00407467 19 48 38 33 179 343 57 117
-0.00408019 19 64 38 33 179 343 57 117
-0.00408038 19 80 38 33 179 343 57 117
-0.00165666 0 0 38 33 179 343 57 117
-0.00408134 0 16 38 33 179 343 57 117
-0.00408203 0 32 38 33 179 343 57 117
-0.00406581 0 48 38 33 179 343 57 117
-0.0040787 0 64 38 33 179 343 57 117
-0.00407457 0 80 38 33 179 343 57 117
-0.00407205 19 0 38 33 179 343 57 117
-0.00407316 19 16 38 33 179 343 57 117
-0.00408231 19 32 38 33 179 343 57 117
-0.00408175 19 48 38 33 179 343 57 117
-0.00407665 19 64 38 33 179 343 57 117
-0.00407922 19 80 38 33 179 343 57 117
-0.00407444 0 0 38 33 179 343 57 117
-0.00407927 0 16 38 33 179 343 57 117
-0.00407759 0 32 38 33 179 343 57 117
-0.00407658 0 48 38 33 179 343 57 117
-0.00406938 0 64 38 33 179 343 57 117
-0.00406916 0 80 38 33 179 343 57 117
-0.00408005 19 0 38 33 179 343 57 117
-0.00407934 19 16 38 33 179 343 57 117
-0.00406668 19 32 38 33 179 343 57 117
-0.0021977 19 48 38 33 179 343 57 117
-0.00337649 19 64 38 33 179 343 57 117
-0.0040713 19 80 38 33 179 343 57 117
-0.00408097 0 0 38 33 179 343 57 117
-0.00407799 0 16 38 33 179 343 57 117
-0.00408233 0 32 38 33 179 343 57 117
-0.00407999 0 48 38 33 179 343 57 117
-0.00407952 0 64 38 33 179 343 57 117
-0.00408064 0 80 38 33 179 343 57 117
-0.0032226 19 0 38 33 179 343 57 117
-0.00407453 19 16 38 33 179 343 57 117
-0.00407584 19 32 38 33 179 343 57 117
-0.00407417 19 48 38 33 179 343 57 117
-0.00407658 19 64 38 33 179 343 57 117
-0.00407024 19 80 38 33 179 343 57 117
-0.00408298 0 0 38 33 179 343 57 117
-0.00407879 0 16 38 33 179 343 57 117
-0.0040807 0 32 38 33 179 343 57 117
-0.00408229 0 48 38 33 179 343 57 117
-0.00408072 0 64 38 33 179 343 57 117
-0.0040829 0 80 38 33 179 343 57 117
-0.00408136 19 0 38 33 179 343 57 117
-0.00408132 19 16 38 33 179 343 57 117
-0.00408107 19 32 38 33 179 343 57 117
-0.00408271 19 48 38 33 179 343 57 117
-0.00408163 19 64 38 33 179 343 57 117
-0.00408269 19 80 38 33 179 343 57 117
-0.0040809 0 0 38 33 179 343 57 117
-0.00408047 0 16 38 33 179 343 57 117
-0.00407 0 32 38 33 179 343 57 117
-0.00407698 0 48 38 33 179 343 57 117
-0.00406855 0 64 38 33 179 343 57 117
-0.00408233 0 80 38 33 179 343 57 117
-0.00407806 19 0 38 33 179 343 57 117
-0.00407945 19 16 38 33 179 343 57 117
-0.00407942 19 32 38 33 179 343 57 117
-0.00406785 19 48 38 33 179 343 57 117
-0.00407461 19 64 38 33 179 343 57 117
-0.00408192 19 80 38 33 179 343 57 117
-0.00407581 0 0 57 58 179 343 57 117
-0.00406758 0 29 57 58 179 343 57 117
-0.00407523 0 58 57 58 179 343 57 117
-0.00406442 0 0 57 58 179 343 57 117
-0.00192869 0 29 57 58 179 343 57 117
-0.00407114 0 58 57 58 179 343 57 117
-0.00185476 0 0 57 58 179 343 57 117
-0.0016897 0 29 57 58 179 343 57 117
-0.00406139 0 58 57 58 179 343 57 117
-0.00408029 0 0 57 58 179 343 57 117
-0.001776 0 29 57 58 179 343 57 117
-0.00407294 0 58 57 58 179 343 57 117
-0.00408074 0 0 57 58 179 343 57 117
-0.00340665 0 29 57 58 179 343 57 117
-0.00406633 0 58 57 58 179 343 57 117
-0.0040812 0 0 57 58 179 343 57 117
-0.00274484 0 29 57 58 179 343 57 117
-0.00291022 0 58 57 58 179 343 57 117
-0.00407369 0 0 57 58 179 343 57 117
-0.00406716 0 29 57 58 179 343 57 117
-0.00297343 0 58 57 58 179 343 57 117
-0.0040736 0 0 57 58 179 343 57 117
-0.00407283 0 29 57 58 179 343 57 117
-0.00200955 0 58 57 58 179 343 57 117
-0.00406333 0 0 57 58 179 343 57 117
-0.00408022 0 29 57 58 179 343 57 117
-0.00406847 0 58 57 58 179 343 57 117
-0.00408091 0 0 57 58 179 343 57 117
-0.00375302 0 29 57 58 179 343 57 117
-0.00406748 0 58 57 58 179 343 57 117
-0.00237363 0 0 57 117 179 343 57 117
-0.00407162 0 0 57 117 179 343 57 117
-0.00389551 0 0 57 117 179 343 57 117
-0.00406348 0 0 57 117 179 343 57 117
-0.00210895 0 0 57 117 179 343 57 117
-0.00210898 0 0 57 117 179 343 57 117
-0.00406808 0 0 57 117 179 343 57 117
-0.0040054 0 0 57 117 179 343 57 117
-0.00287734 0 0 57 117 179 343 57 117
-0.0049632 0 0 57 117 179 343 57 117
