-0.00169706 0 0 12 14 140 27 30 123
-0.00169698 0 7 12 14 140 27 30 123
-0.00169684 0 14 12 14 140 27 30 123
-0.00169692 0 21 12 14 140 27 30 123
-0.00169595 0 28 12 14 140 27 30 123
-0.00169569 0 35 12 14 140 27 30 123
-0.0016951 0 42 12 14 140 27 30 123
-0.00169572 0 49 12 14 140 27 30 123
-0.00169634 0 56 12 14 140 27 30 123
-0.00169649 0 63 12 14 140 27 30 123
-0.00169565 0 70 12 14 140 27 30 123
-0.00169054 0 77 12 14 140 27 30 123
-0.00169145 0 84 12 14 140 27 30 123
-0.00169557 0 91 12 14 140 27 30 123
-0.0016969 0 98 12 14 140 27 30 123
-0.00169663 0 105 12 14 140 27 30 123
-0.00169715 6 0 12 14 140 27 30 123
-0.0016944 6 7 12 14 140 27 30 123
-0.00169532 6 14 12 14 140 27 30 123
-0.00169643 6 21 12 14 140 27 30 123
-0.00169453 6 28 12 14 140 27 30 123
-0.00169499 6 35 12 14 140 27 30 123
-0.00169662 6 42 12 14 140 27 30 123
-0.00169683 6 49 12 14 140 27 30 123
-0.00169657 6 56 12 14 140 27 30 123
-0.0016961 6 63 12 14 140 27 30 123
-0.00169634 6 70 12 14 140 27 30 123
-0.00169685 6 77 12 14 140 27 30 123
-0.00169665 6 84 12 14 140 27 30 123
-0.00169683 6 91 12 14 140 27 30 123
-0.00169732 6 98 12 14 140 27 30 123
-0.00169729 6 105 12 14 140 27 30 123
-0.00169732 12 0 12 14 140 27 30 123
-0.00169667 12 7 12 14 140 27 30 123
-0.00169689 12 14 12 14 140 27 30 123
-0.00169668 12 21 12 14 140 27 30 123
-0.00169679 12 28 12 14 140 27 30 123
-0.00169685 12 35 12 14 140 27 30 123
-0.00169648 12 42 12 14 140 27 30 123
-0.00169689 12 49 12 14 140 27 30 123
-0.00169667 12 56 12 14 140 27 30 123
-0.00169666 12 63 12 14 140 27 30 123
-0.00169694 12 70 12 14 140 27 30 123
-0.00169669 12 77 12 14 140 27 30 123
-0.00169625 12 84 12 14 140 27 30 123
-0.00169666 12 91 12 14 140 27 30 123
-0.00169673 12 98 12 14 140 27 30 123
-0.0016961 12 105 12 14 140 27 30 123
-0.00169732 18 0 12 14 140 27 30 123
-0.00169734 18 7 12 14 140 27 30 123
-0.00169726 18 14 12 14 140 27 30 123
-0.00169675 18 21 12 14 140 27 30 123
-0.00169662 18 28 12 14 140 27 30 123
-0.00169615 18 35 12 14 140 27 30 123
-0.0016946 18 42 12 14 140 27 30 123
-0.0016958 18 49 12 14 140 27 30 123
-0.00169664 18 56 12 14 140 27 30 123
-0.00169673 18 63 12 14 140 27 30 123
-0.00169597 18 70 12 14 140 27 30 123
-0.00169421 18 77 12 14 140 27 30 123
-0.00169628 18 84 12 14 140 27 30 123
-0.00169684 18 91 12 14 140 27 30 123
-0.00169654 18 98 12 14 140 27 30 123
-0.00169706 18 105 12 14 140 27 30 123
-0.00169691 0 0 12 14 140 27 30 123
-0.00169684 0 7 12 14 140 27 30 123
-0.00169517 0 14 12 14 140 27 30 123
-0.00169423 0 21 12 14 140 27 30 123
-0.00169514 0 28 12 14 140 27 30 123
-0.00169567 0 35 12 14 140 27 30 123
-0.00169431 0 42 12 14 140 27 30 123
-0.00169267 0 49 12 14 140 27 30 123
-0.00168983 0 56 12 14 140 27 30 123
-0.00169337 0 63 12 14 140 27 30 123
-0.00169615 0 70 12 14 140 27 30 123
-0.00169613 0 77 12 14 140 27 30 123
-0.00169593 0 84 12 14 140 27 30 123
-0.00169638 0 91 12 14 140 27 30 123
-0.00169697 0 98 12 14 140 27 30 123
-0.00169717 0 105 12 14 140 27 30 123
-0.00169712 6 0 12 14 140 27 30 123
-0.00169719 6 7 12 14 140 27 30 123
-0.0016962 6 14 12 14 140 27 30 123
-0.00169605 6 21 12 14 140 27 30 123
-0.00169667 6 28 12 14 140 27 30 123
-0.0016965 6 35 12 14 140 27 30 123
-0.00169452 6 42 12 14 140 27 30 123
-0.00169018 6 49 12 14 140 27 30 123
-0.00169443 6 56 12 14 140 27 30 123
-0.00169495 6 63 12 14 140 27 30 123
-0.00169399 6 70 12 14 140 27 30 123
-0.00161267 6 77 12 14 140 27 30 123
-0.000942614 6 84 12 14 140 27 30 123
-0.00169019 6 91 12 14 140 27 30 123
-0.00169643 6 98 12 14 140 27 30 123
-0.00169716 6 105 12 14 140 27 30 123
-0.00169687 12 0 12 14 140 27 30 123
-0.00169695 12 7 12 14 140 27 30 123
-0.00169657 12 14 12 14 140 27 30 123
-0.00169664 12 21 12 14 140 27 30 123
-0.00169679 12 28 12 14 140 27 30 123
-0.00169536 12 35 12 14 140 27 30 123
-0.00168884 12 42 12 14 140 27 30 123
-0.0013408 12 49 12 14 140 27 30 123
-0.000909433 12 56 12 14 140 27 30 123
-0.00168912 12 63 12 14 140 27 30 123
-0.00169602 12 70 12 14 140 27 30 123
-0.00169594 12 77 12 14 140 27 30 123
-0.00169412 12 84 12 14 140 27 30 123
-0.00169376 12 91 12 14 140 27 30 123
-0.00169629 12 98 12 14 140 27 30 123
-0.00169713 12 105 12 14 140 27 30 123
-0.00169705 18 0 12 14 140 27 30 123
-0.00169719 18 7 12 14 140 27 30 123
-0.00169688 18 14 12 14 140 27 30 123
-0.00169669 18 21 12 14 140 27 30 123
-0.00169681 18 28 12 14 140 27 30 123
-0.00169633 18 35 12 14 140 27 30 123
-0.00169491 18 42 12 14 140 27 30 123
-0.00147364 18 49 12 14 140 27 30 123
-0.00169511 18 56 12 14 140 27 30 123
-0.00169643 18 63 12 14 140 27 30 123
-0.00169646 18 70 12 14 140 27 30 123
-0.00169564 18 77 12 14 140 27 30 123
-0.00169306 18 84 12 14 140 27 30 123
-0.00169467 18 91 12 14 140 27 30 123
-0.00169479 18 98 12 14 140 27 30 123
-0.0016966 18 105 12 14 140 27 30 123
-0.00169645 0 0 12 14 140 27 30 123
-0.00169708 0 7 12 14 140 27 30 123
-0.00169726 0 14 12 14 140 27 30 123
-0.00169684 0 21 12 14 140 27 30 123
-0.00169414 0 28 12 14 140 27 30 123
-0.00169258 0 35 12 14 140 27 30 123
-0.00169602 0 42 12 14 140 27 30 123
-0.00169669 0 49 12 14 140 27 30 123
-0.00169644 0 56 12 14 140 27 30 123
-0.00169672 0 63 12 14 140 27 30 123
-0.00169693 0 70 12 14 140 27 30 123
-0.00169686 0 77 12 14 140 27 30 123
-0.00169629 0 84 12 14 140 27 30 123
-0.00169625 0 91 12 14 140 27 30 123
-0.00169697 0 98 12 14 140 27 30 123
-0.00169686 0 105 12 14 140 27 30 123
-0.00169685 6 0 12 14 140 27 30 123
-0.0016966 6 7 12 14 140 27 30 123
-0.00169641 6 14 12 14 140 27 30 123
-0.00169673 6 21 12 14 140 27 30 123
-0.00169617 6 28 12 14 140 27 30 123
-0.00169552 6 35 12 14 140 27 30 123
-0.00169599 6 42 12 14 140 27 30 123
-0.00169651 6 49 12 14 140 27 30 123
-0.00169535 6 56 12 14 140 27 30 123
-0.00169509 6 63 12 14 140 27 30 123
-0.0016965 6 70 12 14 140 27 30 123
-0.00169643 6 77 12 14 140 27 30 123
-0.00169098 6 84 12 14 140 27 30 123
-0.00149946 6 91 12 14 140 27 30 123
-0.00169567 6 98 12 14 140 27 30 123
-0.00169608 6 105 12 14 140 27 30 123
-0.001697 12 0 12 14 140 27 30 123
-0.00169558 12 7 12 14 140 27 30 123
-0.00169611 12 14 12 14 140 27 30 123
-0.00169688 12 21 12 14 140 27 30 123
-0.00169654 12 28 12 14 140 27 30 123
-0.00169367 12 35 12 14 140 27 30 123
-0.00139396 12 42 12 14 140 27 30 123
-0.00168978 12 49 12 14 140 27 30 123
-0.00136746 12 56 12 14 140 27 30 123
-0.00169387 12 63 12 14 140 27 30 123
-0.0016966 12 70 12 14 140 27 30 123
-0.00169687 12 77 12 14 140 27 30 123
-0.00169615 12 84 12 14 140 27 30 123
-0.0016962 12 91 12 14 140 27 30 123
-0.00169704 12 98 12 14 140 27 30 123
-0.00169709 12 105 12 14 140 27 30 123
-0.00169719 18 0 12 14 140 27 30 123
-0.00169659 18 7 12 14 140 27 30 123
-0.00169668 18 14 12 14 140 27 30 123
-0.00169697 18 21 12 14 140 27 30 123
-0.00169652 18 28 12 14 140 27 30 123
-0.00169471 18 35 12 14 140 27 30 123
-0.00169506 18 42 12 14 140 27 30 123
-0.00169583 18 49 12 14 140 27 30 123
-0.00169563 18 56 12 14 140 27 30 123
-0.00169594 18 63 12 14 140 27 30 123
-0.00169687 18 70 12 14 140 27 30 123
-0.00169711 18 77 12 14 140 27 30 123
-0.00169704 18 84 12 14 140 27 30 123
-0.00169727 18 91 12 14 140 27 30 123
-0.0016974 18 98 12 14 140 27 30 123
-0.0016974 18 105 12 14 140 27 30 123
-0.0016928 0 0 12 14 140 27 30 123
-0.00169522 0 7 12 14 140 27 30 123
-0.00169351 0 14 12 14 140 27 30 123
-0.00169455 0 21 12 14 140 27 30 123
-0.00169677 0 28 12 14 140 27 30 123
-0.00169724 0 35 12 14 140 27 30 123
-0.00169733 0 42 12 14 140 27 30 123
-0.00169732 0 49 12 14 140 27 30 123
-0.00169673 0 56 12 14 140 27 30 123
-0.00169613 0 63 12 14 140 27 30 123
-0.00169688 0 70 12 14 140 27 30 123
-0.00169683 0 77 12 14 140 27 30 123
-0.00169657 0 84 12 14 140 27 30 123
-0.00169646 0 91 12 14 140 27 30 123
-0.00169698 0 98 12 14 140 27 30 123
-0.00169701 0 105 12 14 140 27 30 123
-0.00169574 6 0 12 14 140 27 30 123
-0.00169537 6 7 12 14 140 27 30 123
-0.0016969 6 14 12 14 140 27 30 123
-0.00169706 6 21 12 14 140 27 30 123
-0.0016972 6 28 12 14 140 27 30 123
-0.00169735 6 35 12 14 140 27 30 123
-0.0016974 6 42 12 14 140 27 30 123
-0.00169738 6 49 12 14 140 27 30 123
-0.00169722 6 56 12 14 140 27 30 123
-0.00169506 6 63 12 14 140 27 30 123
-0.00120602 6 70 12 14 140 27 30 123
-0.000733643 6 77 12 14 140 27 30 123
-0.00159973 6 84 12 14 140 27 30 123
-0.000850905 6 91 12 14 140 27 30 123
-0.00169427 6 98 12 14 140 27 30 123
-0.00169558 6 105 12 14 140 27 30 123
-0.00169641 12 0 12 14 140 27 30 123
-0.00169472 12 7 12 14 140 27 30 123
-0.00169673 12 14 12 14 140 27 30 123
-0.00169696 12 21 12 14 140 27 30 123
-0.00169561 12 28 12 14 140 27 30 123
-0.00169533 12 35 12 14 140 27 30 123
-0.0016965 12 42 12 14 140 27 30 123
-0.00169667 12 49 12 14 140 27 30 123
-0.00169599 12 56 12 14 140 27 30 123
-0.00146055 12 63 12 14 140 27 30 123
-0.000746802 12 70 12 14 140 27 30 123
-0.00103421 12 77 12 14 140 27 30 123
-0.00153747 12 84 12 14 140 27 30 123
-0.00169457 12 91 12 14 140 27 30 123
-0.00169669 12 98 12 14 140 27 30 123
-0.00169689 12 105 12 14 140 27 30 123
-0.00169665 18 0 12 14 140 27 30 123
-0.00169614 18 7 12 14 140 27 30 123
-0.00169693 18 14 12 14 140 27 30 123
-0.00169635 18 21 12 14 140 27 30 123
-0.0016938 18 28 12 14 140 27 30 123
-0.00169649 18 35 12 14 140 27 30 123
-0.00169679 18 42 12 14 140 27 30 123
-0.00169665 18 49 12 14 140 27 30 123
-0.00169644 18 56 12 14 140 27 30 123
-0.00169365 18 63 12 14 140 27 30 123
-0.00169273 18 70 12 14 140 27 30 123
-0.00169336 18 77 12 14 140 27 30 123
-0.00169314 18 84 12 14 140 27 30 123
-0.00169655 18 91 12 14 140 27 30 123
-0.00169725 18 98 12 14 140 27 30 123
-0.00169734 18 105 12 14 140 27 30 123
-0.00169669 0 0 12 14 140 27 30 123
-0.00169656 0 7 12 14 140 27 30 123
-0.00169738 0 14 12 14 140 27 30 123
-0.00169728 0 21 12 14 140 27 30 123
-0.00169702 0 28 12 14 140 27 30 123
-0.00169654 0 35 12 14 140 27 30 123
-0.00169676 0 42 12 14 140 27 30 123
-0.00169696 0 49 12 14 140 27 30 123
-0.00169708 0 56 12 14 140 27 30 123
-0.00169706 0 63 12 14 140 27 30 123
-0.00169682 0 70 12 14 140 27 30 123
-0.00169582 0 77 12 14 140 27 30 123
-0.00169548 0 84 12 14 140 27 30 123
-0.00169678 0 91 12 14 140 27 30 123
-0.00169702 0 98 12 14 140 27 30 123
-0.00169711 0 105 12 14 140 27 30 123
-0.00169732 6 0 12 14 140 27 30 123
-0.00169629 6 7 12 14 140 27 30 123
-0.00169735 6 14 12 14 140 27 30 123
-0.00169726 6 21 12 14 140 27 30 123
-0.0016968 6 28 12 14 140 27 30 123
-0.00169546 6 35 12 14 140 27 30 123
-0.00169677 6 42 12 14 140 27 30 123
-0.00169712 6 49 12 14 140 27 30 123
-0.00169692 6 56 12 14 140 27 30 123
-0.0016965 6 63 12 14 140 27 30 123
-0.00169717 6 70 12 14 140 27 30 123
-0.0016973 6 77 12 14 140 27 30 123
-0.00169719 6 84 12 14 140 27 30 123
-0.00169684 6 91 12 14 140 27 30 123
-0.00169686 6 98 12 14 140 27 30 123
-0.00169693 6 105 12 14 140 27 30 123
-0.00169732 12 0 12 14 140 27 30 123
-0.00169601 12 7 12 14 140 27 30 123
-0.00169692 12 14 12 14 140 27 30 123
-0.00169692 12 21 12 14 140 27 30 123
-0.00169658 12 28 12 14 140 27 30 123
-0.00169602 12 35 12 14 140 27 30 123
-0.00169677 12 42 12 14 140 27 30 123
-0.0016971 12 49 12 14 140 27 30 123
-0.0016971 12 56 12 14 140 27 30 123
-0.00169632 12 63 12 14 140 27 30 123
-0.00169715 12 70 12 14 140 27 30 123
-0.00169723 12 77 12 14 140 27 30 123
-0.00169631 12 84 12 14 140 27 30 123
-0.00169517 12 91 12 14 140 27 30 123
-0.00169652 12 98 12 14 140 27 30 123
-0.0016971 12 105 12 14 140 27 30 123
-0.00169718 18 0 12 14 140 27 30 123
-0.00169723 18 7 12 14 140 27 30 123
-0.00169733 18 14 12 14 140 27 30 123
-0.00169716 18 21 12 14 140 27 30 123
-0.00169686 18 28 12 14 140 27 30 123
-0.00169607 18 35 12 14 140 27 30 123
-0.00169541 18 42 12 14 140 27 30 123
-0.00169642 18 49 12 14 140 27 30 123
-0.00169645 18 56 12 14 140 27 30 123
-0.00169697 18 63 12 14 140 27 30 123
-0.00169701 18 70 12 14 140 27 30 123
-0.00169689 18 77 12 14 140 27 30 123
-0.00169588 18 84 12 14 140 27 30 123
-0.00169703 18 91 12 14 140 27 30 123
-0.00169729 18 98 12 14 140 27 30 123
-0.00169734 18 105 12 14 140 27 30 123
-0.00169737 0 0 12 14 140 27 30 123
-0.00169737 0 7 12 14 140 27 30 123
-0.00169728 0 14 12 14 140 27 30 123
-0.00169659 0 21 12 14 140 27 30 123
-0.0016966 0 28 12 14 140 27 30 123
-0.00169692 0 35 12 14 140 27 30 123
-0.00169697 0 42 12 14 140 27 30 123
-0.00169606 0 49 12 14 140 27 30 123
-0.00169373 0 56 12 14 140 27 30 123
-0.0016913 0 63 12 14 140 27 30 123
-0.00169587 0 70 12 14 140 27 30 123
-0.00169724 0 77 12 14 140 27 30 123
-0.00169718 0 84 12 14 140 27 30 123
-0.00169686 0 91 12 14 140 27 30 123
-0.00169714 0 98 12 14 140 27 30 123
-0.00169693 0 105 12 14 140 27 30 123
-0.00169675 6 0 12 14 140 27 30 123
-0.00169706 6 7 12 14 140 27 30 123
-0.00169718 6 14 12 14 140 27 30 123
-0.0016971 6 21 12 14 140 27 30 123
-0.00169646 6 28 12 14 140 27 30 123
-0.00169708 6 35 12 14 140 27 30 123
-0.00169715 6 42 12 14 140 27 30 123
-0.00169696 6 49 12 14 140 27 30 123
-0.00169644 6 56 12 14 140 27 30 123
-0.00169661 6 63 12 14 140 27 30 123
-0.00169518 6 70 12 14 140 27 30 123
-0.00169672 6 77 12 14 140 27 30 123
-0.00169699 6 84 12 14 140 27 30 123
-0.00169672 6 91 12 14 140 27 30 123
-0.00169695 6 98 12 14 140 27 30 123
-0.00169692 6 105 12 14 140 27 30 123
-0.00169723 12 0 12 14 140 27 30 123
-0.00169692 12 7 12 14 140 27 30 123
-0.00169691 12 14 12 14 140 27 30 123
-0.00169693 12 21 12 14 140 27 30 123
-0.00169667 12 28 12 14 140 27 30 123
-0.00169707 12 35 12 14 140 27 30 123
-0.00169698 12 42 12 14 140 27 30 123
-0.00169709 12 49 12 14 140 27 30 123
-0.0016971 12 56 12 14 140 27 30 123
-0.00169725 12 63 12 14 140 27 30 123
-0.00169717 12 70 12 14 140 27 30 123
-0.00169684 12 77 12 14 140 27 30 123
-0.00169546 12 84 12 14 140 27 30 123
-0.00169605 12 91 12 14 140 27 30 123
-0.00169643 12 98 12 14 140 27 30 123
-0.00169677 12 105 12 14 140 27 30 123
-0.00169728 18 0 12 14 140 27 30 123
-0.00169716 18 7 12 14 140 27 30 123
-0.00169709 18 14 12 14 140 27 30 123
-0.00169691 18 21 12 14 140 27 30 123
-0.00169649 18 28 12 14 140 27 30 123
-0.0016923 18 35 12 14 140 27 30 123
-0.00169622 18 42 12 14 140 27 30 123
-0.00169694 18 49 12 14 140 27 30 123
-0.00169692 18 56 12 14 140 27 30 123
-0.0016971 18 63 12 14 140 27 30 123
-0.00169673 18 70 12 14 140 27 30 123
-0.00169533 18 77 12 14 140 27 30 123
-0.00169677 18 84 12 14 140 27 30 123
-0.00169695 18 91 12 14 140 27 30 123
-0.00169718 18 98 12 14 140 27 30 123
-0.00169733 18 105 12 14 140 27 30 123
-0.00169735 0 0 12 14 140 27 30 123
-0.00169737 0 7 12 14 140 27 30 123
-0.00169738 0 14 12 14 140 27 30 123
-0.0016974 0 21 12 14 140 27 30 123
-0.00169734 0 28 12 14 140 27 30 123
-0.00169631 0 35 12 14 140 27 30 123
-0.00169683 0 42 12 14 140 27 30 123
-0.00169733 0 49 12 14 140 27 30 123
-0.00169707 0 56 12 14 140 27 30 123
-0.0016961 0 63 12 14 140 27 30 123
-0.00169724 0 70 12 14 140 27 30 123
-0.00169739 0 77 12 14 140 27 30 123
-0.00169718 0 84 12 14 140 27 30 123
-0.00169736 0 91 12 14 140 27 30 123
-0.00169735 0 98 12 14 140 27 30 123
-0.00169735 0 105 12 14 140 27 30 123
-0.00169732 6 0 12 14 140 27 30 123
-0.00169731 6 7 12 14 140 27 30 123
-0.00169722 6 14 12 14 140 27 30 123
-0.00169714 6 21 12 14 140 27 30 123
-0.00169681 6 28 12 14 140 27 30 123
-0.00169636 6 35 12 14 140 27 30 123
-0.0016968 6 42 12 14 140 27 30 123
-0.00169719 6 49 12 14 140 27 30 123
-0.00169694 6 56 12 14 140 27 30 123
-0.00169699 6 63 12 14 140 27 30 123
-0.00169726 6 70 12 14 140 27 30 123
-0.00169734 6 77 12 14 140 27 30 123
-0.00169676 6 84 12 14 140 27 30 123
-0.0016956 6 91 12 14 140 27 30 123
-0.00169705 6 98 12 14 140 27 30 123
-0.00169738 6 105 12 14 140 27 30 123
-0.00169726 12 0 12 14 140 27 30 123
-0.00169735 12 7 12 14 140 27 30 123
-0.00169714 12 14 12 14 140 27 30 123
-0.00169682 12 21 12 14 140 27 30 123
-0.00169709 12 28 12 14 140 27 30 123
-0.00169728 12 35 12 14 140 27 30 123
-0.00169723 12 42 12 14 140 27 30 123
-0.0016972 12 49 12 14 140 27 30 123
-0.00169735 12 56 12 14 140 27 30 123
-0.00169728 12 63 12 14 140 27 30 123
-0.00169719 12 70 12 14 140 27 30 123
-0.00169732 12 77 12 14 140 27 30 123
-0.00169735 12 84 12 14 140 27 30 123
-0.00169735 12 91 12 14 140 27 30 123
-0.00169729 12 98 12 14 140 27 30 123
-0.001697 12 105 12 14 140 27 30 123
-0.00169713 18 0 12 14 140 27 30 123
-0.00169731 18 7 12 14 140 27 30 123
-0.00169732 18 14 12 14 140 27 30 123
-0.00169723 18 21 12 14 140 27 30 123
-0.00169721 18 28 12 14 140 27 30 123
-0.00169728 18 35 12 14 140 27 30 123
-0.00169728 18 42 12 14 140 27 30 123
-0.00169738 18 49 12 14 140 27 30 123
-0.00169725 18 56 12 14 140 27 30 123
-0.00169708 18 63 12 14 140 27 30 123
-0.00169715 18 70 12 14 140 27 30 123
-0.0016973 18 77 12 14 140 27 30 123
-0.00169736 18 84 12 14 140 27 30 123
-0.00169733 18 91 12 14 140 27 30 123
-0.00169725 18 98 12 14 140 27 30 123
-0.00169709 18 105 12 14 140 27 30 123
-0.00169728 0 0 12 14 140 27 30 123
-0.00169721 0 7 12 14 140 27 30 123
-0.00169707 0 14 12 14 140 27 30 123
-0.00169618 0 21 12 14 140 27 30 123
-0.00138073 0 28 12 14 140 27 30 123
-0.0011604 0 35 12 14 140 27 30 123
-0.00169381 0 42 12 14 140 27 30 123
-0.00169665 0 49 12 14 140 27 30 123
-0.00169667 0 56 12 14 140 27 30 123
-0.0016958 0 63 12 14 140 27 30 123
-0.000837839 0 70 12 14 140 27 30 123
-0.000718395 0 77 12 14 140 27 30 123
-0.00169258 0 84 12 14 140 27 30 123
-0.00169586 0 91 12 14 140 27 30 123
-0.00169687 0 98 12 14 140 27 30 123
-0.00169705 0 105 12 14 140 27 30 123
-0.00169591 6 0 12 14 140 27 30 123
-0.00169518 6 7 12 14 140 27 30 123
-0.00169298 6 14 12 14 140 27 30 123
-0.00140729 6 21 12 14 140 27 30 123
-0.000783755 6 28 12 14 140 27 30 123
-0.000755772 6 35 12 14 140 27 30 123
-0.00169505 6 42 12 14 140 27 30 123
-0.00169683 6 49 12 14 140 27 30 123
-0.00169687 6 56 12 14 140 27 30 123
-0.00169625 6 63 12 14 140 27 30 123
-0.00169293 6 70 12 14 140 27 30 123
-0.00168914 6 77 12 14 140 27 30 123
-0.000794332 6 84 12 14 140 27 30 123
-0.000732481 6 91 12 14 140 27 30 123
-0.00169096 6 98 12 14 140 27 30 123
-0.00169612 6 105 12 14 140 27 30 123
-0.00169649 12 0 12 14 140 27 30 123
-0.00169632 12 7 12 14 140 27 30 123
-0.00169555 12 14 12 14 140 27 30 123
-0.00169253 12 21 12 14 140 27 30 123
-0.00169177 12 28 12 14 140 27 30 123
-0.00169358 12 35 12 14 140 27 30 123
-0.00168944 12 42 12 14 140 27 30 123
-0.00169568 12 49 12 14 140 27 30 123
-0.00169535 12 56 12 14 140 27 30 123
-0.00169155 12 63 12 14 140 27 30 123
-0.00169183 12 70 12 14 140 27 30 123
-0.00169383 12 77 12 14 140 27 30 123
-0.00169686 12 84 12 14 140 27 30 123
-0.00169734 12 91 12 14 140 27 30 123
-0.00169729 12 98 12 14 140 27 30 123
-0.00169721 12 105 12 14 140 27 30 123
-0.00169733 18 0 12 14 140 27 30 123
-0.00169737 18 7 12 14 140 27 30 123
-0.00169737 18 14 12 14 140 27 30 123
-0.00169727 18 21 12 14 140 27 30 123
-0.0016966 18 28 12 14 140 27 30 123
-0.00169232 18 35 12 14 140 27 30 123
-0.00132735 18 42 12 14 140 27 30 123
-0.00148663 18 49 12 14 140 27 30 123
-0.00169411 18 56 12 14 140 27 30 123
-0.00169185 18 63 12 14 140 27 30 123
-0.0016941 18 70 12 14 140 27 30 123
-0.00169254 18 77 12 14 140 27 30 123
-0.00169741 18 84 12 14 140 27 30 123
-0.00169739 18 91 12 14 140 27 30 123
-0.00169736 18 98 12 14 140 27 30 123
-0.00169733 18 105 12 14 140 27 30 123
-0.00169731 0 0 12 14 140 27 30 123
-0.00169737 0 7 12 14 140 27 30 123
-0.00169741 0 14 12 14 140 27 30 123
-0.00169739 0 21 12 14 140 27 30 123
-0.00169724 0 28 12 14 140 27 30 123
-0.00169344 0 35 12 14 140 27 30 123
-0.00169683 0 42 12 14 140 27 30 123
-0.00169688 0 49 12 14 140 27 30 123
-0.00169435 0 56 12 14 140 27 30 123
-0.00169462 0 63 12 14 140 27 30 123
-0.0016963 0 70 12 14 140 27 30 123
-0.00169728 0 77 12 14 140 27 30 123
-0.00169717 0 84 12 14 140 27 30 123
-0.0016973 0 91 12 14 140 27 30 123
-0.0016974 0 98 12 14 140 27 30 123
-0.00169737 0 105 12 14 140 27 30 123
-0.00169709 6 0 12 14 140 27 30 123
-0.00169738 6 7 12 14 140 27 30 123
-0.00169737 6 14 12 14 140 27 30 123
-0.00169739 6 21 12 14 140 27 30 123
-0.00169738 6 28 12 14 140 27 30 123
-0.00169716 6 35 12 14 140 27 30 123
-0.001697 6 42 12 14 140 27 30 123
-0.00169689 6 49 12 14 140 27 30 123
-0.00169621 6 56 12 14 140 27 30 123
-0.00169515 6 63 12 14 140 27 30 123
-0.00169389 6 70 12 14 140 27 30 123
-0.00169671 6 77 12 14 140 27 30 123
-0.00169664 6 84 12 14 140 27 30 123
-0.00169654 6 91 12 14 140 27 30 123
-0.00169738 6 98 12 14 140 27 30 123
-0.00169741 6 105 12 14 140 27 30 123
-0.00169728 12 0 12 14 140 27 30 123
-0.00169725 12 7 12 14 140 27 30 123
-0.00169737 12 14 12 14 140 27 30 123
-0.00169731 12 21 12 14 140 27 30 123
-0.00169735 12 28 12 14 140 27 30 123
-0.00169738 12 35 12 14 140 27 30 123
-0.00169721 12 42 12 14 140 27 30 123
-0.00169677 12 49 12 14 140 27 30 123
-0.00169356 12 56 12 14 140 27 30 123
-0.00113437 12 63 12 14 140 27 30 123
-0.00165075 12 70 12 14 140 27 30 123
-0.00169738 12 77 12 14 140 27 30 123
-0.00169736 12 84 12 14 140 27 30 123
-0.00169727 12 91 12 14 140 27 30 123
-0.00169725 12 98 12 14 140 27 30 123
-0.0016972 12 105 12 14 140 27 30 123
-0.00169729 18 0 12 14 140 27 30 123
-0.00169734 18 7 12 14 140 27 30 123
-0.00169736 18 14 12 14 140 27 30 123
-0.00169719 18 21 12 14 140 27 30 123
-0.00169734 18 28 12 14 140 27 30 123
-0.00169738 18 35 12 14 140 27 30 123
-0.00169732 18 42 12 14 140 27 30 123
-0.00169677 18 49 12 14 140 27 30 123
-0.00169632 18 56 12 14 140 27 30 123
-0.00169502 18 63 12 14 140 27 30 123
-0.00169395 18 70 12 14 140 27 30 123
-0.00169739 18 77 12 14 140 27 30 123
-0.00169726 18 84 12 14 140 27 30 123
-0.00169713 18 91 12 14 140 27 30 123
-0.00169688 18 98 12 14 140 27 30 123
-0.00169715 18 105 12 14 140 27 30 123
-0.00169739 0 0 12 14 140 27 30 123
-0.00169736 0 7 12 14 140 27 30 123
-0.00169722 0 14 12 14 140 27 30 123
-0.0016964 0 21 12 14 140 27 30 123
-0.00169708 0 28 12 14 140 27 30 123
-0.001697 0 35 12 14 140 27 30 123
-0.00169626 0 42 12 14 140 27 30 123
-0.00169542 0 49 12 14 140 27 30 123
-0.00169618 0 56 12 14 140 27 30 123
-0.0016963 0 63 12 14 140 27 30 123
-0.00169703 0 70 12 14 140 27 30 123
-0.00169718 0 77 12 14 140 27 30 123
-0.00169707 0 84 12 14 140 27 30 123
-0.00169725 0 91 12 14 140 27 30 123
-0.0016971 0 98 12 14 140 27 30 123
-0.00169695 0 105 12 14 140 27 30 123
-0.00169735 6 0 12 14 140 27 30 123
-0.00169734 6 7 12 14 140 27 30 123
-0.00169706 6 14 12 14 140 27 30 123
-0.00169631 6 21 12 14 140 27 30 123
-0.00169687 6 28 12 14 140 27 30 123
-0.00169629 6 35 12 14 140 27 30 123
-0.00169659 6 42 12 14 140 27 30 123
-0.00169707 6 49 12 14 140 27 30 123
-0.00169691 6 56 12 14 140 27 30 123
-0.00169685 6 63 12 14 140 27 30 123
-0.00169684 6 70 12 14 140 27 30 123
-0.00169665 6 77 12 14 140 27 30 123
-0.00169629 6 84 12 14 140 27 30 123
-0.00169725 6 91 12 14 140 27 30 123
-0.00169721 6 98 12 14 140 27 30 123
-0.00169704 6 105 12 14 140 27 30 123
-0.00169662 12 0 12 14 140 27 30 123
-0.00169717 12 7 12 14 140 27 30 123
-0.00169724 12 14 12 14 140 27 30 123
-0.00169711 12 21 12 14 140 27 30 123
-0.00169665 12 28 12 14 140 27 30 123
-0.00169666 12 35 12 14 140 27 30 123
-0.0016969 12 42 12 14 140 27 30 123
-0.00169691 12 49 12 14 140 27 30 123
-0.00169693 12 56 12 14 140 27 30 123
-0.00169534 12 63 12 14 140 27 30 123
-0.00169496 12 70 12 14 140 27 30 123
-0.0016959 12 77 12 14 140 27 30 123
-0.00169674 12 84 12 14 140 27 30 123
-0.00169675 12 91 12 14 140 27 30 123
-0.00169631 12 98 12 14 140 27 30 123
-0.00169689 12 105 12 14 140 27 30 123
-0.00169737 18 0 12 14 140 27 30 123
-0.00169737 18 7 12 14 140 27 30 123
-0.00169727 18 14 12 14 140 27 30 123
-0.0016969 18 21 12 14 140 27 30 123
-0.00169677 18 28 12 14 140 27 30 123
-0.001697 18 35 12 14 140 27 30 123
-0.00169663 18 42 12 14 140 27 30 123
-0.00169672 18 49 12 14 140 27 30 123
-0.00169675 18 56 12 14 140 27 30 123
-0.0016971 18 63 12 14 140 27 30 123
-0.00169706 18 70 12 14 140 27 30 123
-0.00169701 18 77 12 14 140 27 30 123
-0.00169675 18 84 12 14 140 27 30 123
-0.00169611 18 91 12 14 140 27 30 123
-0.0016971 18 98 12 14 140 27 30 123
-0.0016973 18 105 12 14 140 27 30 123
-0.00169657 0 0 20 20 140 27 30 123
-0.00169474 0 10 20 20 140 27 30 123
-0.00169513 0 20 20 20 140 27 30 123
-0.00169544 0 30 20 20 140 27 30 123
-0.00169583 0 40 20 20 140 27 30 123
-0.00169586 0 50 20 20 140 27 30 123
-0.00169564 0 60 20 20 140 27 30 123
-0.00169035 0 70 20 20 140 27 30 123
-0.00169506 0 80 20 20 140 27 30 123
-0.0016968 0 90 20 20 140 27 30 123
-0.00169667 0 100 20 20 140 27 30 123
-0.00169722 10 0 20 20 140 27 30 123
-0.00169717 10 10 20 20 140 27 30 123
-0.00169524 10 20 20 20 140 27 30 123
-0.00169516 10 30 20 20 140 27 30 123
-0.0016955 10 40 20 20 140 27 30 123
-0.00169538 10 50 20 20 140 27 30 123
-0.00169572 10 60 20 20 140 27 30 123
-0.00169332 10 70 20 20 140 27 30 123
-0.00169626 10 80 20 20 140 27 30 123
-0.00169671 10 90 20 20 140 27 30 123
-0.00169575 10 100 20 20 140 27 30 123
-0.00169631 0 0 20 20 140 27 30 123
-0.00169518 0 10 20 20 140 27 30 123
-0.00169545 0 20 20 20 140 27 30 123
-0.00169572 0 30 20 20 140 27 30 123
-0.00169134 0 40 20 20 140 27 30 123
-0.00076923 0 50 20 20 140 27 30 123
-0.00104867 0 60 20 20 140 27 30 123
-0.00169022 0 70 20 20 140 27 30 123
-0.00169418 0 80 20 20 140 27 30 123
-0.00169628 0 90 20 20 140 27 30 123
-0.0016971 0 100 20 20 140 27 30 123
-0.00169659 10 0 20 20 140 27 30 123
-0.00169616 10 10 20 20 140 27 30 123
-0.00169635 10 20 20 20 140 27 30 123
-0.00169654 10 30 20 20 140 27 30 123
-0.00169426 10 40 20 20 140 27 30 123
-0.00128714 10 50 20 20 140 27 30 123
-0.00169566 10 60 20 20 140 27 30 123
-0.00169522 10 70 20 20 140 27 30 123
-0.00169021 10 80 20 20 140 27 30 123
-0.00131393 10 90 20 20 140 27 30 123
-0.00169632 10 100 20 20 140 27 30 123
-0.00169651 0 0 20 20 140 27 30 123
-0.0016968 0 10 20 20 140 27 30 123
-0.00169641 0 20 20 20 140 27 30 123
-0.00169397 0 30 20 20 140 27 30 123
-0.00169437 0 40 20 20 140 27 30 123
-0.00169432 0 50 20 20 140 27 30 123
-0.00169543 0 60 20 20 140 27 30 123
-0.00169651 0 70 20 20 140 27 30 123
-0.00169541 0 80 20 20 140 27 30 123
-0.00169558 0 90 20 20 140 27 30 123
-0.00169581 0 100 20 20 140 27 30 123
-0.00169665 10 0 20 20 140 27 30 123
-0.00169439 10 10 20 20 140 27 30 123
-0.00169644 10 20 20 20 140 27 30 123
-0.00169343 10 30 20 20 140 27 30 123
-0.00122003 10 40 20 20 140 27 30 123
-0.0016928 10 50 20 20 140 27 30 123
-0.0016942 10 60 20 20 140 27 30 123
-0.00169672 10 70 20 20 140 27 30 123
-0.00169669 10 80 20 20 140 27 30 123
-0.00169677 10 90 20 20 140 27 30 123
-0.00169679 10 100 20 20 140 27 30 123
-0.00169102 0 0 20 20 140 27 30 123
-0.00169282 0 10 20 20 140 27 30 123
-0.00169549 0 20 20 20 140 27 30 123
-0.00169676 0 30 20 20 140 27 30 123
-0.00169634 0 40 20 20 140 27 30 123
-0.00169641 0 50 20 20 140 27 30 123
-0.00169223 0 60 20 20 140 27 30 123
-0.00169405 0 70 20 20 140 27 30 123
-0.00169314 0 80 20 20 140 27 30 123
-0.00169498 0 90 20 20 140 27 30 123
-0.00169579 0 100 20 20 140 27 30 123
-0.00169577 10 0 20 20 140 27 30 123
-0.00169661 10 10 20 20 140 27 30 123
-0.00169674 10 20 20 20 140 27 30 123
-0.00169694 10 30 20 20 140 27 30 123
-0.00169681 10 40 20 20 140 27 30 123
-0.00169666 10 50 20 20 140 27 30 123
-0.00169389 10 60 20 20 140 27 30 123
-0.00107696 10 70 20 20 140 27 30 123
-0.00130032 10 80 20 20 140 27 30 123
-0.00169564 10 90 20 20 140 27 30 123
-0.00169621 10 100 20 20 140 27 30 123
-0.00169721 0 0 20 20 140 27 30 123
-0.00169737 0 10 20 20 140 27 30 123
-0.00169717 0 20 20 20 140 27 30 123
-0.00169679 0 30 20 20 140 27 30 123
-0.00169667 0 40 20 20 140 27 30 123
-0.0016968 0 50 20 20 140 27 30 123
-0.00169693 0 60 20 20 140 27 30 123
-0.00169623 0 70 20 20 140 27 30 123
-0.00169603 0 80 20 20 140 27 30 123
-0.00169636 0 90 20 20 140 27 30 123
-0.00169683 0 100 20 20 140 27 30 123
-0.00169724 10 0 20 20 140 27 30 123
-0.00169731 10 10 20 20 140 27 30 123
-0.0016969 10 20 20 20 140 27 30 123
-0.00169409 10 30 20 20 140 27 30 123
-0.00169508 10 40 20 20 140 27 30 123
-0.0016964 10 50 20 20 140 27 30 123
-0.00169635 10 60 20 20 140 27 30 123
-0.00169647 10 70 20 20 140 27 30 123
-0.00169584 10 80 20 20 140 27 30 123
-0.00169584 10 90 20 20 140 27 30 123
-0.00169699 10 100 20 20 140 27 30 123
-0.00169721 0 0 20 20 140 27 30 123
-0.00169711 0 10 20 20 140 27 30 123
-0.00169459 0 20 20 20 140 27 30 123
-0.00169678 0 30 20 20 140 27 30 123
-0.00169699 0 40 20 20 140 27 30 123
-0.00169477 0 50 20 20 140 27 30 123
-0.00169073 0 60 20 20 140 27 30 123
-0.00169683 0 70 20 20 140 27 30 123
-0.00169686 0 80 20 20 140 27 30 123
-0.00169529 0 90 20 20 140 27 30 123
-0.00169314 0 100 20 20 140 27 30 123
-0.00169595 10 0 20 20 140 27 30 123
-0.0016967 10 10 20 20 140 27 30 123
-0.00169532 10 20 20 20 140 27 30 123
-0.00169468 10 30 20 20 140 27 30 123
-0.00169673 10 40 20 20 140 27 30 123
-0.00169626 10 50 20 20 140 27 30 123
-0.00169687 10 60 20 20 140 27 30 123
-0.00169503 10 70 20 20 140 27 30 123
-0.00169047 10 80 20 20 140 27 30 123
-0.00119188 10 90 20 20 140 27 30 123
-0.00169602 10 100 20 20 140 27 30 123
-0.00169694 0 0 20 20 140 27 30 123
-0.00169709 0 10 20 20 140 27 30 123
-0.00169734 0 20 20 20 140 27 30 123
-0.00169725 0 30 20 20 140 27 30 123
-0.00169613 0 40 20 20 140 27 30 123
-0.00169713 0 50 20 20 140 27 30 123
-0.00169673 0 60 20 20 140 27 30 123
-0.00169718 0 70 20 20 140 27 30 123
-0.00169724 0 80 20 20 140 27 30 123
-0.0016973 0 90 20 20 140 27 30 123
-0.00169736 0 100 20 20 140 27 30 123
-0.0016973 10 0 20 20 140 27 30 123
-0.00169738 10 10 20 20 140 27 30 123
-0.00169704 10 20 20 20 140 27 30 123
-0.00169704 10 30 20 20 140 27 30 123
-0.00169716 10 40 20 20 140 27 30 123
-0.00169729 10 50 20 20 140 27 30 123
-0.00169699 10 60 20 20 140 27 30 123
-0.0016971 10 70 20 20 140 27 30 123
-0.00169733 10 80 20 20 140 27 30 123
-0.00169729 10 90 20 20 140 27 30 123
-0.00169687 10 100 20 20 140 27 30 123
-0.00169619 0 0 20 20 140 27 30 123
-0.001696 0 10 20 20 140 27 30 123
-0.0016937 0 20 20 20 140 27 30 123
-0.00095885 0 30 20 20 140 27 30 123
-0.0014208 0 40 20 20 140 27 30 123
-0.000894497 0 50 20 20 140 27 30 123
-0.00169367 0 60 20 20 140 27 30 123
-0.00124746 0 70 20 20 140 27 30 123
-0.00169152 0 80 20 20 140 27 30 123
-0.00169585 0 90 20 20 140 27 30 123
-0.00169659 0 100 20 20 140 27 30 123
-0.00169679 10 0 20 20 140 27 30 123
-0.00169667 10 10 20 20 140 27 30 123
-0.00169672 10 20 20 20 140 27 30 123
-0.00169088 10 30 20 20 140 27 30 123
-0.00100537 10 40 20 20 140 27 30 123
-0.00168934 10 50 20 20 140 27 30 123
-0.00166356 10 60 20 20 140 27 30 123
-0.00116296 10 70 20 20 140 27 30 123
-0.00169739 10 80 20 20 140 27 30 123
-0.00169738 10 90 20 20 140 27 30 123
-0.00169733 10 100 20 20 140 27 30 123
-0.00169682 0 0 20 20 140 27 30 123
-0.00169721 0 10 20 20 140 27 30 123
-0.00169737 0 20 20 20 140 27 30 123
-0.00169729 0 30 20 20 140 27 30 123
-0.00169521 0 40 20 20 140 27 30 123
-0.00169103 0 50 20 20 140 27 30 123
-0.00151226 0 60 20 20 140 27 30 123
-0.00169598 0 70 20 20 140 27 30 123
-0.00169711 0 80 20 20 140 27 30 123
-0.00169736 0 90 20 20 140 27 30 123
-0.00169739 0 100 20 20 140 27 30 123
-0.001697 10 0 20 20 140 27 30 123
-0.00169728 10 10 20 20 140 27 30 123
-0.00169732 10 20 20 20 140 27 30 123
-0.00169737 10 30 20 20 140 27 30 123
-0.00169686 10 40 20 20 140 27 30 123
-0.00169394 10 50 20 20 140 27 30 123
-0.00169367 10 60 20 20 140 27 30 123
-0.00169719 10 70 20 20 140 27 30 123
-0.00169731 10 80 20 20 140 27 30 123
-0.00169696 10 90 20 20 140 27 30 123
-0.00169531 10 100 20 20 140 27 30 123
-0.00169737 0 0 20 20 140 27 30 123
-0.00169718 0 10 20 20 140 27 30 123
-0.00169647 0 20 20 20 140 27 30 123
-0.00169519 0 30 20 20 140 27 30 123
-0.00169327 0 40 20 20 140 27 30 123
-0.00169517 0 50 20 20 140 27 30 123
-0.00169589 0 60 20 20 140 27 30 123
-0.00169693 0 70 20 20 140 27 30 123
-0.00169661 0 80 20 20 140 27 30 123
-0.00169713 0 90 20 20 140 27 30 123
-0.00169569 0 100 20 20 140 27 30 123
-0.00169737 10 0 20 20 140 27 30 123
-0.00169723 10 10 20 20 140 27 30 123
-0.00169539 10 20 20 20 140 27 30 123
-0.00169445 10 30 20 20 140 27 30 123
-0.00169449 10 40 20 20 140 27 30 123
-0.00169536 10 50 20 20 140 27 30 123
-0.0016967 10 60 20 20 140 27 30 123
-0.0016935 10 70 20 20 140 27 30 123
-0.00169554 10 80 20 20 140 27 30 123
-0.00169012 10 90 20 20 140 27 30 123
-0.00169584 10 100 20 20 140 27 30 123
-0.00169551 0 0 20 27 140 27 30 123
-0.00169579 0 13 20 27 140 27 30 123
-0.00169573 0 26 20 27 140 27 30 123
-0.00169572 0 39 20 27 140 27 30 123
-0.00169561 0 52 20 27 140 27 30 123
-0.00169017 0 65 20 27 140 27 30 123
-0.00169564 0 78 20 27 140 27 30 123
-0.00169659 0 91 20 27 140 27 30 123
-0.00169699 10 0 20 27 140 27 30 123
-0.00169605 10 13 20 27 140 27 30 123
-0.00169496 10 26 20 27 140 27 30 123
-0.00169531 10 39 20 27 140 27 30 123
-0.00169533 10 52 20 27 140 27 30 123
-0.00169466 10 65 20 27 140 27 30 123
-0.00169643 10 78 20 27 140 27 30 123
-0.00169519 10 91 20 27 140 27 30 123
-0.00169334 0 0 20 27 140 27 30 123
-0.00169306 0 13 20 27 140 27 30 123
-0.00169539 0 26 20 27 140 27 30 123
-0.00160017 0 39 20 27 140 27 30 123
-0.000827079 0 52 20 27 140 27 30 123
-0.00158766 0 65 20 27 140 27 30 123
-0.00169438 0 78 20 27 140 27 30 123
-0.00169685 0 91 20 27 140 27 30 123
-0.00169558 10 0 20 27 140 27 30 123
-0.00169391 10 13 20 27 140 27 30 123
-0.00169648 10 26 20 27 140 27 30 123
-0.00169136 10 39 20 27 140 27 30 123
-0.00169394 10 52 20 27 140 27 30 123
-0.00169493 10 65 20 27 140 27 30 123
-0.00163809 10 78 20 27 140 27 30 123
-0.00169336 10 91 20 27 140 27 30 123
-0.0016967 0 0 20 27 140 27 30 123
-0.00169638 0 13 20 27 140 27 30 123
-0.00169457 0 26 20 27 140 27 30 123
-0.00169427 0 39 20 27 140 27 30 123
-0.00169386 0 52 20 27 140 27 30 123
-0.00169599 0 65 20 27 140 27 30 123
-0.00169569 0 78 20 27 140 27 30 123
-0.00169513 0 91 20 27 140 27 30 123
-0.00169617 10 0 20 27 140 27 30 123
-0.00169566 10 13 20 27 140 27 30 123
-0.00169328 10 26 20 27 140 27 30 123
-0.00168916 10 39 20 27 140 27 30 123
-0.00144734 10 52 20 27 140 27 30 123
-0.00169617 10 65 20 27 140 27 30 123
-0.00169676 10 78 20 27 140 27 30 123
-0.00169655 10 91 20 27 140 27 30 123
-0.00156263 0 0 20 27 140 27 30 123
-0.00169502 0 13 20 27 140 27 30 123
-0.00169663 0 26 20 27 140 27 30 123
-0.00169257 0 39 20 27 140 27 30 123
-0.00169386 0 52 20 27 140 27 30 123
-0.00169307 0 65 20 27 140 27 30 123
-0.00169342 0 78 20 27 140 27 30 123
-0.00169465 0 91 20 27 140 27 30 123
-0.00169304 10 0 20 27 140 27 30 123
-0.0016966 10 13 20 27 140 27 30 123
-0.00169699 10 26 20 27 140 27 30 123
-0.00169522 10 39 20 27 140 27 30 123
-0.00169539 10 52 20 27 140 27 30 123
-0.00106279 10 65 20 27 140 27 30 123
-0.00169125 10 78 20 27 140 27 30 123
-0.00169541 10 91 20 27 140 27 30 123
-0.00169725 0 0 20 27 140 27 30 123
-0.00169722 0 13 20 27 140 27 30 123
-0.00169679 0 26 20 27 140 27 30 123
-0.00169664 0 39 20 27 140 27 30 123
-0.00169679 0 52 20 27 140 27 30 123
-0.00169565 0 65 20 27 140 27 30 123
-0.00169492 0 78 20 27 140 27 30 123
-0.00169661 0 91 20 27 140 27 30 123
-0.00169719 10 0 20 27 140 27 30 123
-0.001697 10 13 20 27 140 27 30 123
-0.00169382 10 26 20 27 140 27 30 123
-0.00169396 10 39 20 27 140 27 30 123
-0.00169652 10 52 20 27 140 27 30 123
-0.00169641 10 65 20 27 140 27 30 123
-0.001693 10 78 20 27 140 27 30 123
-0.00169673 10 91 20 27 140 27 30 123
-0.00169716 0 0 20 27 140 27 30 123
-0.00169314 0 13 20 27 140 27 30 123
-0.00169617 0 26 20 27 140 27 30 123
-0.00169692 0 39 20 27 140 27 30 123
-0.00135415 0 52 20 27 140 27 30 123
-0.00169681 0 65 20 27 140 27 30 123
-0.00169647 0 78 20 27 140 27 30 123
-0.00169442 0 91 20 27 140 27 30 123
-0.00169672 10 0 20 27 140 27 30 123
-0.00169435 10 13 20 27 140 27 30 123
-0.00169259 10 26 20 27 140 27 30 123
-0.00169669 10 39 20 27 140 27 30 123
-0.0016951 10 52 20 27 140 27 30 123
-0.00169514 10 65 20 27 140 27 30 123
-0.000863932 10 78 20 27 140 27 30 123
-0.00169397 10 91 20 27 140 27 30 123
-0.0016973 0 0 20 27 140 27 30 123
-0.00169727 0 13 20 27 140 27 30 123
-0.00169731 0 26 20 27 140 27 30 123
-0.0016952 0 39 20 27 140 27 30 123
-0.00169693 0 52 20 27 140 27 30 123
-0.00169669 0 65 20 27 140 27 30 123
-0.00169702 0 78 20 27 140 27 30 123
-0.00169736 0 91 20 27 140 27 30 123
-0.00169736 10 0 20 27 140 27 30 123
-0.00169728 10 13 20 27 140 27 30 123
-0.0016971 10 26 20 27 140 27 30 123
-0.00169722 10 39 20 27 140 27 30 123
-0.00169706 10 52 20 27 140 27 30 123
-0.00169656 10 65 20 27 140 27 30 123
-0.00169706 10 78 20 27 140 27 30 123
-0.00169708 10 91 20 27 140 27 30 123
-0.0016957 0 0 20 27 140 27 30 123
-0.00169517 0 13 20 27 140 27 30 123
-0.00127386 0 26 20 27 140 27 30 123
-0.000815362 0 39 20 27 140 27 30 123
-0.00168979 0 52 20 27 140 27 30 123
-0.00169156 0 65 20 27 140 27 30 123
-0.00169316 0 78 20 27 140 27 30 123
-0.00169653 0 91 20 27 140 27 30 123
-0.00169631 10 0 20 27 140 27 30 123
-0.00169657 10 13 20 27 140 27 30 123
-0.00169579 10 26 20 27 140 27 30 123
-0.000720738 10 39 20 27 140 27 30 123
-0.0011058 10 52 20 27 140 27 30 123
-0.00162523 10 65 20 27 140 27 30 123
-0.00169742 10 78 20 27 140 27 30 123
-0.00169735 10 91 20 27 140 27 30 123
-0.00169651 0 0 20 27 140 27 30 123
-0.00169732 0 13 20 27 140 27 30 123
-0.00169731 0 26 20 27 140 27 30 123
-0.00169157 0 39 20 27 140 27 30 123
-0.00169349 0 52 20 27 140 27 30 123
-0.00169546 0 65 20 27 140 27 30 123
-0.00169709 0 78 20 27 140 27 30 123
-0.00169738 0 91 20 27 140 27 30 123
-0.00169718 10 0 20 27 140 27 30 123
-0.00169703 10 13 20 27 140 27 30 123
-0.00169736 10 26 20 27 140 27 30 123
-0.00169701 10 39 20 27 140 27 30 123
-0.00169396 10 52 20 27 140 27 30 123
-0.00169729 10 65 20 27 140 27 30 123
-0.00169722 10 78 20 27 140 27 30 123
-0.00169646 10 91 20 27 140 27 30 123
-0.00169716 0 0 20 27 140 27 30 123
-0.00169689 0 13 20 27 140 27 30 123
-0.00169285 0 26 20 27 140 27 30 123
-0.00169114 0 39 20 27 140 27 30 123
-0.00169562 0 52 20 27 140 27 30 123
-0.00169632 0 65 20 27 140 27 30 123
-0.00169657 0 78 20 27 140 27 30 123
-0.00169617 0 91 20 27 140 27 30 123
-0.00169725 10 0 20 27 140 27 30 123
-0.00169612 10 13 20 27 140 27 30 123
-0.00169237 10 26 20 27 140 27 30 123
-0.00169367 10 39 20 27 140 27 30 123
-0.0016961 10 52 20 27 140 27 30 123
-0.0016946 10 65 20 27 140 27 30 123
-0.00169324 10 78 20 27 140 27 30 123
-0.00169193 10 91 20 27 140 27 30 123
-0.00169593 0 0 30 49 140 27 30 123
-0.00169325 0 24 30 49 140 27 30 123
-0.00123388 0 48 30 49 140 27 30 123
-0.00169017 0 72 30 49 140 27 30 123
-0.00169302 0 0 30 49 140 27 30 123
-0.00169203 0 24 30 49 140 27 30 123
-0.00152486 0 48 30 49 140 27 30 123
-0.00169505 0 72 30 49 140 27 30 123
-0.00169509 0 0 30 49 140 27 30 123
-0.00169096 0 24 30 49 140 27 30 123
-0.00167624 0 48 30 49 140 27 30 123
-0.00169617 0 72 30 49 140 27 30 123
-0.00169474 0 0 30 49 140 27 30 123
-0.000926276 0 24 30 49 140 27 30 123
-0.000990288 0 48 30 49 140 27 30 123
-0.00169226 0 72 30 49 140 27 30 123
-0.00169643 0 0 30 49 140 27 30 123
-0.00169385 0 24 30 49 140 27 30 123
-0.00168901 0 48 30 49 140 27 30 123
-0.00169462 0 72 30 49 140 27 30 123
-0.000724253 0 0 30 49 140 27 30 123
-0.00117751 0 24 30 49 140 27 30 123
-0.000974683 0 48 30 49 140 27 30 123
-0.000879428 0 72 30 49 140 27 30 123
-0.00169738 0 0 30 49 140 27 30 123
-0.00169702 0 24 30 49 140 27 30 123
-0.00169585 0 48 30 49 140 27 30 123
-0.00169666 0 72 30 49 140 27 30 123
-0.0016953 0 0 30 49 140 27 30 123
-0.00169559 0 24 30 49 140 27 30 123
-0.00169337 0 48 30 49 140 27 30 123
-0.00169723 0 72 30 49 140 27 30 123
-0.00169731 0 0 30 49 140 27 30 123
-0.00169731 0 24 30 49 140 27 30 123
-0.00169729 0 48 30 49 140 27 30 123
-0.00169673 0 72 30 49 140 27 30 123
-0.0016928 0 0 30 49 140 27 30 123
-0.0015751 0 24 30 49 140 27 30 123
-0.00168983 0 48 30 49 140 27 30 123
-0.00168978 0 72 30 49 140 27 30 123
-0.00169409 0 0 30 82 140 27 30 123
-0.00114798 0 41 30 82 140 27 30 123
-0.000805489 0 0 30 82 140 27 30 123
-0.00169107 0 41 30 82 140 27 30 123
-0.00143408 0 0 30 82 140 27 30 123
-0.00126073 0 41 30 82 140 27 30 123
-0.000717271 0 0 30 82 140 27 30 123
-0.00109157 0 41 30 82 140 27 30 123
-0.00169307 0 0 30 82 140 27 30 123
-0.0016918 0 41 30 82 140 27 30 123
-0.00140651 0 0 30 82 140 27 30 123
-0.00112036 0 41 30 82 140 27 30 123
-0.00169712 0 0 30 82 140 27 30 123
-0.00169686 0 41 30 82 140 27 30 123
-0.00169471 0 0 30 82 140 27 30 123
-0.00169707 0 41 30 82 140 27 30 123
-0.00169709 0 0 30 82 140 27 30 123
-0.00169639 0 41 30 82 140 27 30 123
-0.00101993 0 0 30 82 140 27 30 123
-0.00155007 0 41 30 82 140 27 30 123
