-0.000849261 0 0 11 10 704 242 33 71
-0.000849463 0 5 11 10 704 242 33 71
-0.00084948 0 10 11 10 704 242 33 71
-0.000849465 0 15 11 10 704 242 33 71
-0.000849479 0 20 11 10 704 242 33 71
-0.000849477 0 25 11 10 704 242 33 71
-0.000849475 0 30 11 10 704 242 33 71
-0.00084924 0 35 11 10 704 242 33 71
-0.000849235 0 40 11 10 704 242 33 71
-0.000849374 0 45 11 10 704 242 33 71
-0.000849376 0 50 11 10 704 242 33 71
-0.00084911 0 55 11 10 704 242 33 71
-0.00084936 5 0 11 10 704 242 33 71
-0.000849458 5 5 11 10 704 242 33 71
-0.000849453 5 10 11 10 704 242 33 71
-0.000848984 5 15 11 10 704 242 33 71
-0.000849077 5 20 11 10 704 242 33 71
-0.000849373 5 25 11 10 704 242 33 71
-0.000849388 5 30 11 10 704 242 33 71
-0.000848743 5 35 11 10 704 242 33 71
-0.000847526 5 40 11 10 704 242 33 71
-0.000849121 5 45 11 10 704 242 33 71
-0.0008494 5 50 11 10 704 242 33 71
-0.000849457 5 55 11 10 704 242 33 71
-0.000849449 10 0 11 10 704 242 33 71
-0.000849435 10 5 11 10 704 242 33 71
-0.000849464 10 10 11 10 704 242 33 71
-0.000849456 10 15 11 10 704 242 33 71
-0.000849232 10 20 11 10 704 242 33 71
-0.000848665 10 25 11 10 704 242 33 71
-0.000848549 10 30 11 10 704 242 33 71
-0.000848679 10 35 11 10 704 242 33 71
-0.000848683 10 40 11 10 704 242 33 71
-0.000847894 10 45 11 10 704 242 33 71
-0.000848271 10 50 11 10 704 242 33 71
-0.000849033 10 55 11 10 704 242 33 71
-0.000849408 15 0 11 10 704 242 33 71
-0.00084942 15 5 11 10 704 242 33 71
-0.000849476 15 10 11 10 704 242 33 71
-0.000849478 15 15 11 10 704 242 33 71
-0.000849249 15 20 11 10 704 242 33 71
-0.000848802 15 25 11 10 704 242 33 71
-0.000848685 15 30 11 10 704 242 33 71
-0.000849391 15 35 11 10 704 242 33 71
-0.000849331 15 40 11 10 704 242 33 71
-0.000849283 15 45 11 10 704 242 33 71
-0.000848655 15 50 11 10 704 242 33 71
-0.00083889 15 55 11 10 704 242 33 71
-0.000849042 20 0 11 10 704 242 33 71
-0.000849318 20 5 11 10 704 242 33 71
-0.000849453 20 10 11 10 704 242 33 71
-0.000849461 20 15 11 10 704 242 33 71
-0.000849441 20 20 11 10 704 242 33 71
-0.000849442 20 25 11 10 704 242 33 71
-0.000849233 20 30 11 10 704 242 33 71
-0.000849476 20 35 11 10 704 242 33 71
-0.000849466 20 40 11 10 704 242 33 71
-0.000849438 20 45 11 10 704 242 33 71
-0.000849399 20 50 11 10 704 242 33 71
-0.000848761 20 55 11 10 704 242 33 71
-0.000849442 0 0 11 10 704 242 33 71
-0.000849335 0 5 11 10 704 242 33 71
-0.000848512 0 10 11 10 704 242 33 71
-0.000849035 0 15 11 10 704 242 33 71
-0.000849343 0 20 11 10 704 242 33 71
-0.000849435 0 25 11 10 704 242 33 71
-0.000849446 0 30 11 10 704 242 33 71
-0.000849191 0 35 11 10 704 242 33 71
-0.000849165 0 40 11 10 704 242 33 71
-0.000849437 0 45 11 10 704 242 33 71
-0.000849468 0 50 11 10 704 242 33 71
-0.00084945 0 55 11 10 704 242 33 71
-0.000849277 5 0 11 10 704 242 33 71
-0.000848619 5 5 11 10 704 242 33 71
-0.000849334 5 10 11 10 704 242 33 71
-0.000849436 5 15 11 10 704 242 33 71
-0.000849443 5 20 11 10 704 242 33 71
-0.000849339 5 25 11 10 704 242 33 71
-0.000848439 5 30 11 10 704 242 33 71
-0.000849129 5 35 11 10 704 242 33 71
-0.000849396 5 40 11 10 704 242 33 71
-0.000849407 5 45 11 10 704 242 33 71
-0.000849336 5 50 11 10 704 242 33 71
-0.000848507 5 55 11 10 704 242 33 71
-0.000849093 10 0 11 10 704 242 33 71
-0.000849253 10 5 11 10 704 242 33 71
-0.00084945 10 10 11 10 704 242 33 71
-0.000849462 10 15 11 10 704 242 33 71
-0.000849251 10 20 11 10 704 242 33 71
-0.000848564 10 25 11 10 704 242 33 71
-0.00084895 10 30 11 10 704 242 33 71
-0.000849263 10 35 11 10 704 242 33 71
-0.000849358 10 40 11 10 704 242 33 71
-0.000849261 10 45 11 10 704 242 33 71
-0.000849042 10 50 11 10 704 242 33 71
-0.000848474 10 55 11 10 704 242 33 71
-0.000849301 15 0 11 10 704 242 33 71
-0.000849388 15 5 11 10 704 242 33 71
-0.000849478 15 10 11 10 704 242 33 71
-0.000849385 15 15 11 10 704 242 33 71
-0.000848863 15 20 11 10 704 242 33 71
-0.00084876 15 25 11 10 704 242 33 71
-0.000848337 15 30 11 10 704 242 33 71
-0.000849375 15 35 11 10 704 242 33 71
-0.000849366 15 40 11 10 704 242 33 71
-0.000848679 15 45 11 10 704 242 33 71
-0.000847762 15 50 11 10 704 242 33 71
-0.000847972 15 55 11 10 704 242 33 71
-0.000849431 20 0 11 10 704 242 33 71
-0.000849365 20 5 11 10 704 242 33 71
-0.000849473 20 10 11 10 704 242 33 71
-0.000849352 20 15 11 10 704 242 33 71
-0.000849262 20 20 11 10 704 242 33 71
-0.000848579 20 25 11 10 704 242 33 71
-0.000847505 20 30 11 10 704 242 33 71
-0.000849342 20 35 11 10 704 242 33 71
-0.00084926 20 40 11 10 704 242 33 71
-0.000849372 20 45 11 10 704 242 33 71
-0.000849418 20 50 11 10 704 242 33 71
-0.000849345 20 55 11 10 704 242 33 71
-0.00084905 0 0 11 10 704 242 33 71
-0.000848596 0 5 11 10 704 242 33 71
-0.000848164 0 10 11 10 704 242 33 71
-0.00084884 0 15 11 10 704 242 33 71
-0.000849316 0 20 11 10 704 242 33 71
-0.00084942 0 25 11 10 704 242 33 71
-0.000849342 0 30 11 10 704 242 33 71
-0.000848178 0 35 11 10 704 242 33 71
-0.000846496 0 40 11 10 704 242 33 71
-0.000849264 0 45 11 10 704 242 33 71
-0.000849431 0 50 11 10 704 242 33 71
-0.000849339 0 55 11 10 704 242 33 71
-0.000848618 5 0 11 10 704 242 33 71
-0.000849281 5 5 11 10 704 242 33 71
-0.000849396 5 10 11 10 704 242 33 71
-0.000849355 5 15 11 10 704 242 33 71
-0.000849335 5 20 11 10 704 242 33 71
-0.000849168 5 25 11 10 704 242 33 71
-0.000847595 5 30 11 10 704 242 33 71
-0.000578912 5 35 11 10 704 242 33 71
-0.000848072 5 40 11 10 704 242 33 71
-0.000849316 5 45 11 10 704 242 33 71
-0.000849438 5 50 11 10 704 242 33 71
-0.000849363 5 55 11 10 704 242 33 71
-0.000849151 10 0 11 10 704 242 33 71
-0.000849413 10 5 11 10 704 242 33 71
-0.000849435 10 10 11 10 704 242 33 71
-0.000849353 10 15 11 10 704 242 33 71
-0.000849097 10 20 11 10 704 242 33 71
-0.000848034 10 25 11 10 704 242 33 71
-0.000846095 10 30 11 10 704 242 33 71
-0.000846973 10 35 11 10 704 242 33 71
-0.000848313 10 40 11 10 704 242 33 71
-0.000849157 10 45 11 10 704 242 33 71
-0.000849386 10 50 11 10 704 242 33 71
-0.000849384 10 55 11 10 704 242 33 71
-0.000849304 15 0 11 10 704 242 33 71
-0.000849428 15 5 11 10 704 242 33 71
-0.000849409 15 10 11 10 704 242 33 71
-0.000849246 15 15 11 10 704 242 33 71
-0.000849036 15 20 11 10 704 242 33 71
-0.000848898 15 25 11 10 704 242 33 71
-0.000848506 15 30 11 10 704 242 33 71
-0.000848995 15 35 11 10 704 242 33 71
-0.000849206 15 40 11 10 704 242 33 71
-0.00084903 15 45 11 10 704 242 33 71
-0.000849142 15 50 11 10 704 242 33 71
-0.000849298 15 55 11 10 704 242 33 71
-0.000849188 20 0 11 10 704 242 33 71
-0.000849385 20 5 11 10 704 242 33 71
-0.000849412 20 10 11 10 704 242 33 71
-0.000849302 20 15 11 10 704 242 33 71
-0.000849159 20 20 11 10 704 242 33 71
-0.000849159 20 25 11 10 704 242 33 71
-0.000848985 20 30 11 10 704 242 33 71
-0.000849104 20 35 11 10 704 242 33 71
-0.000848976 20 40 11 10 704 242 33 71
-0.000847378 20 45 11 10 704 242 33 71
-0.00084737 20 50 11 10 704 242 33 71
-0.000848261 20 55 11 10 704 242 33 71
-0.000849438 0 0 11 10 704 242 33 71
-0.000849286 0 5 11 10 704 242 33 71
-0.000848195 0 10 11 10 704 242 33 71
-0.000782947 0 15 11 10 704 242 33 71
-0.000847821 0 20 11 10 704 242 33 71
-0.000847055 0 25 11 10 704 242 33 71
-0.00081807 0 30 11 10 704 242 33 71
-0.000726746 0 35 11 10 704 242 33 71
-0.000600909 0 40 11 10 704 242 33 71
-0.000846969 0 45 11 10 704 242 33 71
-0.000845944 0 50 11 10 704 242 33 71
-0.000304214 0 55 11 10 704 242 33 71
-0.000849467 5 0 11 10 704 242 33 71
-0.000849392 5 5 11 10 704 242 33 71
-0.000848653 5 10 11 10 704 242 33 71
-0.000509277 5 15 11 10 704 242 33 71
-0.000754354 5 20 11 10 704 242 33 71
-0.00062949 5 25 11 10 704 242 33 71
-0.000343389 5 30 11 10 704 242 33 71
-0.000622324 5 35 11 10 704 242 33 71
-0.000399387 5 40 11 10 704 242 33 71
-0.000846241 5 45 11 10 704 242 33 71
-0.000847836 5 50 11 10 704 242 33 71
-0.000846555 5 55 11 10 704 242 33 71
-0.000849471 10 0 11 10 704 242 33 71
-0.000849395 10 5 11 10 704 242 33 71
-0.000848213 10 10 11 10 704 242 33 71
-0.000847123 10 15 11 10 704 242 33 71
-0.000699097 10 20 11 10 704 242 33 71
-0.000261207 10 25 11 10 704 242 33 71
-0.000323873 10 30 11 10 704 242 33 71
-0.000615097 10 35 11 10 704 242 33 71
-0.000484659 10 40 11 10 704 242 33 71
-0.000571355 10 45 11 10 704 242 33 71
-0.000847699 10 50 11 10 704 242 33 71
-0.000847053 10 55 11 10 704 242 33 71
-0.00084943 15 0 11 10 704 242 33 71
-0.000849355 15 5 11 10 704 242 33 71
-0.000848538 15 10 11 10 704 242 33 71
-0.000847798 15 15 11 10 704 242 33 71
-0.000593647 15 20 11 10 704 242 33 71
-0.000314045 15 25 11 10 704 242 33 71
-0.000416986 15 30 11 10 704 242 33 71
-0.000775825 15 35 11 10 704 242 33 71
-0.000846999 15 40 11 10 704 242 33 71
-0.000847066 15 45 11 10 704 242 33 71
-0.000848527 15 50 11 10 704 242 33 71
-0.000848761 15 55 11 10 704 242 33 71
-0.000848702 20 0 11 10 704 242 33 71
-0.000849206 20 5 11 10 704 242 33 71
-0.000848997 20 10 11 10 704 242 33 71
-0.000848352 20 15 11 10 704 242 33 71
-0.000848405 20 20 11 10 704 242 33 71
-0.000848069 20 25 11 10 704 242 33 71
-0.000846278 20 30 11 10 704 242 33 71
-0.000847663 20 35 11 10 704 242 33 71
-0.000845907 20 40 11 10 704 242 33 71
-0.000846328 20 45 11 10 704 242 33 71
-0.000848335 20 50 11 10 704 242 33 71
-0.000848916 20 55 11 10 704 242 33 71
-0.00084943 0 0 11 10 704 242 33 71
-0.000849437 0 5 11 10 704 242 33 71
-0.000849409 0 10 11 10 704 242 33 71
-0.000849462 0 15 11 10 704 242 33 71
-0.000849472 0 20 11 10 704 242 33 71
-0.000849459 0 25 11 10 704 242 33 71
-0.000849477 0 30 11 10 704 242 33 71
-0.000849432 0 35 11 10 704 242 33 71
-0.000849477 0 40 11 10 704 242 33 71
-0.000849473 0 45 11 10 704 242 33 71
-0.000849332 0 50 11 10 704 242 33 71
-0.000849157 0 55 11 10 704 242 33 71
-0.000849344 5 0 11 10 704 242 33 71
-0.000849178 5 5 11 10 704 242 33 71
-0.000848718 5 10 11 10 704 242 33 71
-0.000849306 5 15 11 10 704 242 33 71
-0.000849448 5 20 11 10 704 242 33 71
-0.000849341 5 25 11 10 704 242 33 71
-0.000849448 5 30 11 10 704 242 33 71
-0.000849464 5 35 11 10 704 242 33 71
-0.000849299 5 40 11 10 704 242 33 71
-0.000849477 5 45 11 10 704 242 33 71
-0.000849493 5 50 11 10 704 242 33 71
-0.000849493 5 55 11 10 704 242 33 71
-0.000849184 10 0 11 10 704 242 33 71
-0.00084905 10 5 11 10 704 242 33 71
-0.000849192 10 10 11 10 704 242 33 71
-0.000848775 10 15 11 10 704 242 33 71
-0.000849303 10 20 11 10 704 242 33 71
-0.000849374 10 25 11 10 704 242 33 71
-0.000849332 10 30 11 10 704 242 33 71
-0.000849151 10 35 11 10 704 242 33 71
-0.000848851 10 40 11 10 704 242 33 71
-0.00084903 10 45 11 10 704 242 33 71
-0.000848857 10 50 11 10 704 242 33 71
-0.000848171 10 55 11 10 704 242 33 71
-0.000849071 15 0 11 10 704 242 33 71
-0.000849436 15 5 11 10 704 242 33 71
-0.000849399 15 10 11 10 704 242 33 71
-0.000849424 15 15 11 10 704 242 33 71
-0.000849161 15 20 11 10 704 242 33 71
-0.000848639 15 25 11 10 704 242 33 71
-0.000848301 15 30 11 10 704 242 33 71
-0.000848878 15 35 11 10 704 242 33 71
-0.000849111 15 40 11 10 704 242 33 71
-0.000848923 15 45 11 10 704 242 33 71
-0.000849047 15 50 11 10 704 242 33 71
-0.000848716 15 55 11 10 704 242 33 71
-0.000849417 20 0 11 10 704 242 33 71
-0.000849453 20 5 11 10 704 242 33 71
-0.000849313 20 10 11 10 704 242 33 71
-0.000849449 20 15 11 10 704 242 33 71
-0.000849381 20 20 11 10 704 242 33 71
-0.000849366 20 25 11 10 704 242 33 71
-0.000849438 20 30 11 10 704 242 33 71
-0.000849487 20 35 11 10 704 242 33 71
-0.000849491 20 40 11 10 704 242 33 71
-0.000849486 20 45 11 10 704 242 33 71
-0.000849486 20 50 11 10 704 242 33 71
-0.000849473 20 55 11 10 704 242 33 71
-0.000849436 0 0 11 10 704 242 33 71
-0.000849457 0 5 11 10 704 242 33 71
-0.000849472 0 10 11 10 704 242 33 71
-0.00084946 0 15 11 10 704 242 33 71
-0.00084937 0 20 11 10 704 242 33 71
-0.00084943 0 25 11 10 704 242 33 71
-0.000849461 0 30 11 10 704 242 33 71
-0.000849484 0 35 11 10 704 242 33 71
-0.000849374 0 40 11 10 704 242 33 71
-0.00084947 0 45 11 10 704 242 33 71
-0.000849383 0 50 11 10 704 242 33 71
-0.000849444 0 55 11 10 704 242 33 71
-0.000849465 5 0 11 10 704 242 33 71
-0.000849484 5 5 11 10 704 242 33 71
-0.000849472 5 10 11 10 704 242 33 71
-0.0008494 5 15 11 10 704 242 33 71
-0.000849198 5 20 11 10 704 242 33 71
-0.000849426 5 25 11 10 704 242 33 71
-0.000849458 5 30 11 10 704 242 33 71
-0.000849479 5 35 11 10 704 242 33 71
-0.000849414 5 40 11 10 704 242 33 71
-0.000849434 5 45 11 10 704 242 33 71
-0.000849484 5 50 11 10 704 242 33 71
-0.000849458 5 55 11 10 704 242 33 71
-0.000849484 10 0 11 10 704 242 33 71
-0.000849474 10 5 11 10 704 242 33 71
-0.000849463 10 10 11 10 704 242 33 71
-0.000849442 10 15 11 10 704 242 33 71
-0.000849481 10 20 11 10 704 242 33 71
-0.000849476 10 25 11 10 704 242 33 71
-0.000849387 10 30 11 10 704 242 33 71
-0.000849171 10 35 11 10 704 242 33 71
-0.00084931 10 40 11 10 704 242 33 71
-0.000849047 10 45 11 10 704 242 33 71
-0.000849004 10 50 11 10 704 242 33 71
-0.000849336 10 55 11 10 704 242 33 71
-0.000849376 15 0 11 10 704 242 33 71
-0.00084948 15 5 11 10 704 242 33 71
-0.000849439 15 10 11 10 704 242 33 71
-0.000849407 15 15 11 10 704 242 33 71
-0.00084947 15 20 11 10 704 242 33 71
-0.000849321 15 25 11 10 704 242 33 71
-0.000848847 15 30 11 10 704 242 33 71
-0.000849207 15 35 11 10 704 242 33 71
-0.000849278 15 40 11 10 704 242 33 71
-0.000849388 15 45 11 10 704 242 33 71
-0.000849204 15 50 11 10 704 242 33 71
-0.000849169 15 55 11 10 704 242 33 71
-0.000849264 20 0 11 10 704 242 33 71
-0.000849458 20 5 11 10 704 242 33 71
-0.000849433 20 10 11 10 704 242 33 71
-0.000849272 20 15 11 10 704 242 33 71
-0.000849467 20 20 11 10 704 242 33 71
-0.000849433 20 25 11 10 704 242 33 71
-0.000849115 20 30 11 10 704 242 33 71
-0.000849489 20 35 11 10 704 242 33 71
-0.000849481 20 40 11 10 704 242 33 71
-0.000849448 20 45 11 10 704 242 33 71
-0.000849467 20 50 11 10 704 242 33 71
-0.00084942 20 55 11 10 704 242 33 71
-0.000849401 0 0 11 10 704 242 33 71
-0.000849471 0 5 11 10 704 242 33 71
-0.000849481 0 10 11 10 704 242 33 71
-0.000849266 0 15 11 10 704 242 33 71
-0.000849199 0 20 11 10 704 242 33 71
-0.000849453 0 25 11 10 704 242 33 71
-0.000849454 0 30 11 10 704 242 33 71
-0.000849476 0 35 11 10 704 242 33 71
-0.000849245 0 40 11 10 704 242 33 71
-0.000848525 0 45 11 10 704 242 33 71
-0.000847984 0 50 11 10 704 242 33 71
-0.000848814 0 55 11 10 704 242 33 71
-0.000849153 5 0 11 10 704 242 33 71
-0.000849364 5 5 11 10 704 242 33 71
-0.000849465 5 10 11 10 704 242 33 71
-0.000849472 5 15 11 10 704 242 33 71
-0.000849411 5 20 11 10 704 242 33 71
-0.000849343 5 25 11 10 704 242 33 71
-0.000849327 5 30 11 10 704 242 33 71
-0.000848789 5 35 11 10 704 242 33 71
-0.000847449 5 40 11 10 704 242 33 71
-0.000847462 5 45 11 10 704 242 33 71
-0.000849278 5 50 11 10 704 242 33 71
-0.000849366 5 55 11 10 704 242 33 71
-0.000849389 10 0 11 10 704 242 33 71
-0.000849264 10 5 11 10 704 242 33 71
-0.000849462 10 10 11 10 704 242 33 71
-0.000849489 10 15 11 10 704 242 33 71
-0.000849468 10 20 11 10 704 242 33 71
-0.000849276 10 25 11 10 704 242 33 71
-0.000849345 10 30 11 10 704 242 33 71
-0.000849455 10 35 11 10 704 242 33 71
-0.000849408 10 40 11 10 704 242 33 71
-0.000849164 10 45 11 10 704 242 33 71
-0.000849365 10 50 11 10 704 242 33 71
-0.000849438 10 55 11 10 704 242 33 71
-0.000849479 15 0 11 10 704 242 33 71
-0.000849457 15 5 11 10 704 242 33 71
-0.000849485 15 10 11 10 704 242 33 71
-0.00084949 15 15 11 10 704 242 33 71
-0.00084935 15 20 11 10 704 242 33 71
-0.000849414 15 25 11 10 704 242 33 71
-0.000849471 15 30 11 10 704 242 33 71
-0.000849488 15 35 11 10 704 242 33 71
-0.000849408 15 40 11 10 704 242 33 71
-0.000849485 15 45 11 10 704 242 33 71
-0.000849406 15 50 11 10 704 242 33 71
-0.00084934 15 55 11 10 704 242 33 71
-0.000849463 20 0 11 10 704 242 33 71
-0.000849469 20 5 11 10 704 242 33 71
-0.000849395 20 10 11 10 704 242 33 71
-0.000849431 20 15 11 10 704 242 33 71
-0.000849418 20 20 11 10 704 242 33 71
-0.00084948 20 25 11 10 704 242 33 71
-0.0008494 20 30 11 10 704 242 33 71
-0.000849491 20 35 11 10 704 242 33 71
-0.000849454 20 40 11 10 704 242 33 71
-0.000849461 20 45 11 10 704 242 33 71
-0.00084948 20 50 11 10 704 242 33 71
-0.000849351 20 55 11 10 704 242 33 71
-0.0008494 0 0 11 10 704 242 33 71
-0.000849143 0 5 11 10 704 242 33 71
-0.000849334 0 10 11 10 704 242 33 71
-0.000849301 0 15 11 10 704 242 33 71
-0.000848426 0 20 11 10 704 242 33 71
-0.000408306 0 25 11 10 704 242 33 71
-0.000847391 0 30 11 10 704 242 33 71
-0.000849079 0 35 11 10 704 242 33 71
-0.000848307 0 40 11 10 704 242 33 71
-0.000848729 0 45 11 10 704 242 33 71
-0.000847577 0 50 11 10 704 242 33 71
-0.000846741 0 55 11 10 704 242 33 71
-0.00084934 5 0 11 10 704 242 33 71
-0.00084928 5 5 11 10 704 242 33 71
-0.000849443 5 10 11 10 704 242 33 71
-0.000849368 5 15 11 10 704 242 33 71
-0.000847143 5 20 11 10 704 242 33 71
-0.000532947 5 25 11 10 704 242 33 71
-0.000847158 5 30 11 10 704 242 33 71
-0.000849226 5 35 11 10 704 242 33 71
-0.000848814 5 40 11 10 704 242 33 71
-0.00084782 5 45 11 10 704 242 33 71
-0.000825006 5 50 11 10 704 242 33 71
-0.000848701 5 55 11 10 704 242 33 71
-0.000849449 10 0 11 10 704 242 33 71
-0.000849469 10 5 11 10 704 242 33 71
-0.000849459 10 10 11 10 704 242 33 71
-0.000849326 10 15 11 10 704 242 33 71
-0.000847491 10 20 11 10 704 242 33 71
-0.000246468 10 25 11 10 704 242 33 71
-0.000380805 10 30 11 10 704 242 33 71
-0.000848483 10 35 11 10 704 242 33 71
-0.000847964 10 40 11 10 704 242 33 71
-0.000848153 10 45 11 10 704 242 33 71
-0.00084819 10 50 11 10 704 242 33 71
-0.000849255 10 55 11 10 704 242 33 71
-0.000849472 15 0 11 10 704 242 33 71
-0.000849479 15 5 11 10 704 242 33 71
-0.000849401 15 10 11 10 704 242 33 71
-0.000848728 15 15 11 10 704 242 33 71
-0.000353359 15 20 11 10 704 242 33 71
-0.000804173 15 25 11 10 704 242 33 71
-0.000846818 15 30 11 10 704 242 33 71
-0.000848794 15 35 11 10 704 242 33 71
-0.000847959 15 40 11 10 704 242 33 71
-0.00084824 15 45 11 10 704 242 33 71
-0.000846065 15 50 11 10 704 242 33 71
-0.000848937 15 55 11 10 704 242 33 71
-0.000849489 20 0 11 10 704 242 33 71
-0.000849376 20 5 11 10 704 242 33 71
-0.000848988 20 10 11 10 704 242 33 71
-0.000848538 20 15 11 10 704 242 33 71
-0.000847017 20 20 11 10 704 242 33 71
-0.000848375 20 25 11 10 704 242 33 71
-0.000846751 20 30 11 10 704 242 33 71
-0.000848954 20 35 11 10 704 242 33 71
-0.000847608 20 40 11 10 704 242 33 71
-0.000848567 20 45 11 10 704 242 33 71
-0.000846551 20 50 11 10 704 242 33 71
-0.000846422 20 55 11 10 704 242 33 71
-0.000849461 0 0 11 10 704 242 33 71
-0.000849392 0 5 11 10 704 242 33 71
-0.000849487 0 10 11 10 704 242 33 71
-0.000849491 0 15 11 10 704 242 33 71
-0.000849431 0 20 11 10 704 242 33 71
-0.000849171 0 25 11 10 704 242 33 71
-0.000849011 0 30 11 10 704 242 33 71
-0.00084916 0 35 11 10 704 242 33 71
-0.000848717 0 40 11 10 704 242 33 71
-0.00084843 0 45 11 10 704 242 33 71
-0.000849195 0 50 11 10 704 242 33 71
-0.000849292 0 55 11 10 704 242 33 71
-0.000849465 5 0 11 10 704 242 33 71
-0.000849435 5 5 11 10 704 242 33 71
-0.000849478 5 10 11 10 704 242 33 71
-0.000849343 5 15 11 10 704 242 33 71
-0.000848475 5 20 11 10 704 242 33 71
-0.000847734 5 25 11 10 704 242 33 71
-0.000847046 5 30 11 10 704 242 33 71
-0.00084924 5 35 11 10 704 242 33 71
-0.000849167 5 40 11 10 704 242 33 71
-0.000849121 5 45 11 10 704 242 33 71
-0.000849251 5 50 11 10 704 242 33 71
-0.00084914 5 55 11 10 704 242 33 71
-0.000849468 10 0 11 10 704 242 33 71
-0.000849487 10 5 11 10 704 242 33 71
-0.000849393 10 10 11 10 704 242 33 71
-0.000849263 10 15 11 10 704 242 33 71
-0.000849284 10 20 11 10 704 242 33 71
-0.000849195 10 25 11 10 704 242 33 71
-0.000848973 10 30 11 10 704 242 33 71
-0.000848963 10 35 11 10 704 242 33 71
-0.000849158 10 40 11 10 704 242 33 71
-0.000848593 10 45 11 10 704 242 33 71
-0.00084862 10 50 11 10 704 242 33 71
-0.000849198 10 55 11 10 704 242 33 71
-0.000849431 15 0 11 10 704 242 33 71
-0.000849466 15 5 11 10 704 242 33 71
-0.000849478 15 10 11 10 704 242 33 71
-0.000849447 15 15 11 10 704 242 33 71
-0.000849089 15 20 11 10 704 242 33 71
-0.000849348 15 25 11 10 704 242 33 71
-0.000849339 15 30 11 10 704 242 33 71
-0.00084926 15 35 11 10 704 242 33 71
-0.000849193 15 40 11 10 704 242 33 71
-0.000848125 15 45 11 10 704 242 33 71
-0.000848035 15 50 11 10 704 242 33 71
-0.0008475 15 55 11 10 704 242 33 71
-0.000849364 20 0 11 10 704 242 33 71
-0.000849443 20 5 11 10 704 242 33 71
-0.000849465 20 10 11 10 704 242 33 71
-0.000849454 20 15 11 10 704 242 33 71
-0.000849327 20 20 11 10 704 242 33 71
-0.000849461 20 25 11 10 704 242 33 71
-0.000849376 20 30 11 10 704 242 33 71
-0.000849379 20 35 11 10 704 242 33 71
-0.000848683 20 40 11 10 704 242 33 71
-0.000848879 20 45 11 10 704 242 33 71
-0.000847959 20 50 11 10 704 242 33 71
-0.000678376 20 55 11 10 704 242 33 71
-0.000849404 0 0 11 10 704 242 33 71
-0.000849373 0 5 11 10 704 242 33 71
-0.000849446 0 10 11 10 704 242 33 71
-0.000849475 0 15 11 10 704 242 33 71
-0.00084947 0 20 11 10 704 242 33 71
-0.000849443 0 25 11 10 704 242 33 71
-0.000849338 0 30 11 10 704 242 33 71
-0.000849195 0 35 11 10 704 242 33 71
-0.00084932 0 40 11 10 704 242 33 71
-0.000849413 0 45 11 10 704 242 33 71
-0.000849469 0 50 11 10 704 242 33 71
-0.000849462 0 55 11 10 704 242 33 71
-0.000848953 5 0 11 10 704 242 33 71
-0.000849109 5 5 11 10 704 242 33 71
-0.000848777 5 10 11 10 704 242 33 71
-0.000848555 5 15 11 10 704 242 33 71
-0.000849032 5 20 11 10 704 242 33 71
-0.000848925 5 25 11 10 704 242 33 71
-0.000848607 5 30 11 10 704 242 33 71
-0.000848621 5 35 11 10 704 242 33 71
-0.000848822 5 40 11 10 704 242 33 71
-0.000849205 5 45 11 10 704 242 33 71
-0.000849436 5 50 11 10 704 242 33 71
-0.000849488 5 55 11 10 704 242 33 71
-0.000848636 10 0 11 10 704 242 33 71
-0.000847736 10 5 11 10 704 242 33 71
-0.000848353 10 10 11 10 704 242 33 71
-0.00084905 10 15 11 10 704 242 33 71
-0.000849101 10 20 11 10 704 242 33 71
-0.000848837 10 25 11 10 704 242 33 71
-0.000848739 10 30 11 10 704 242 33 71
-0.000849234 10 35 11 10 704 242 33 71
-0.000849416 10 40 11 10 704 242 33 71
-0.000849395 10 45 11 10 704 242 33 71
-0.000849283 10 50 11 10 704 242 33 71
-0.000849265 10 55 11 10 704 242 33 71
-0.000849483 15 0 11 10 704 242 33 71
-0.000849482 15 5 11 10 704 242 33 71
-0.000849483 15 10 11 10 704 242 33 71
-0.000849459 15 15 11 10 704 242 33 71
-0.000848991 15 20 11 10 704 242 33 71
-0.000848818 15 25 11 10 704 242 33 71
-0.000849317 15 30 11 10 704 242 33 71
-0.000849354 15 35 11 10 704 242 33 71
-0.000849441 15 40 11 10 704 242 33 71
-0.000848917 15 45 11 10 704 242 33 71
-0.000848849 15 50 11 10 704 242 33 71
-0.000849306 15 55 11 10 704 242 33 71
-0.000849451 20 0 11 10 704 242 33 71
-0.000849414 20 5 11 10 704 242 33 71
-0.00084946 20 10 11 10 704 242 33 71
-0.000849447 20 15 11 10 704 242 33 71
-0.000849466 20 20 11 10 704 242 33 71
-0.000849446 20 25 11 10 704 242 33 71
-0.000849451 20 30 11 10 704 242 33 71
-0.000849411 20 35 11 10 704 242 33 71
-0.000849401 20 40 11 10 704 242 33 71
-0.000849323 20 45 11 10 704 242 33 71
-0.000849003 20 50 11 10 704 242 33 71
-0.000848935 20 55 11 10 704 242 33 71
-0.000849357 0 0 13 15 704 242 33 71
-0.00084946 0 7 13 15 704 242 33 71
-0.000849467 0 14 13 15 704 242 33 71
-0.000849478 0 21 13 15 704 242 33 71
-0.000849455 0 28 13 15 704 242 33 71
-0.00084871 0 35 13 15 704 242 33 71
-0.000849303 0 42 13 15 704 242 33 71
-0.000849306 0 49 13 15 704 242 33 71
-0.000849445 6 0 13 15 704 242 33 71
-0.000849453 6 7 13 15 704 242 33 71
-0.000849276 6 14 13 15 704 242 33 71
-0.000849262 6 21 13 15 704 242 33 71
-0.000849034 6 28 13 15 704 242 33 71
-0.000831908 6 35 13 15 704 242 33 71
-0.000848456 6 42 13 15 704 242 33 71
-0.000849308 6 49 13 15 704 242 33 71
-0.000849432 12 0 13 15 704 242 33 71
-0.000849471 12 7 13 15 704 242 33 71
-0.000849456 12 14 13 15 704 242 33 71
-0.000849005 12 21 13 15 704 242 33 71
-0.000847063 12 28 13 15 704 242 33 71
-0.000848756 12 35 13 15 704 242 33 71
-0.000847979 12 42 13 15 704 242 33 71
-0.00084625 12 49 13 15 704 242 33 71
-0.000849282 18 0 13 15 704 242 33 71
-0.000849444 18 7 13 15 704 242 33 71
-0.000849468 18 14 13 15 704 242 33 71
-0.000849421 18 21 13 15 704 242 33 71
-0.000849169 18 28 13 15 704 242 33 71
-0.000849444 18 35 13 15 704 242 33 71
-0.000849343 18 42 13 15 704 242 33 71
-0.000849318 18 49 13 15 704 242 33 71
-0.000849319 0 0 13 15 704 242 33 71
-0.000848524 0 7 13 15 704 242 33 71
-0.000849272 0 14 13 15 704 242 33 71
-0.000849401 0 21 13 15 704 242 33 71
-0.000849357 0 28 13 15 704 242 33 71
-0.000848797 0 35 13 15 704 242 33 71
-0.000849437 0 42 13 15 704 242 33 71
-0.000849443 0 49 13 15 704 242 33 71
-0.000848324 6 0 13 15 704 242 33 71
-0.000849352 6 7 13 15 704 242 33 71
-0.000849451 6 14 13 15 704 242 33 71
-0.000849298 6 21 13 15 704 242 33 71
-0.000847502 6 28 13 15 704 242 33 71
-0.000849336 6 35 13 15 704 242 33 71
-0.000849408 6 42 13 15 704 242 33 71
-0.000849088 6 49 13 15 704 242 33 71
-0.000848955 12 0 13 15 704 242 33 71
-0.000849458 12 7 13 15 704 242 33 71
-0.000849373 12 14 13 15 704 242 33 71
-0.000848325 12 21 13 15 704 242 33 71
-0.000849146 12 28 13 15 704 242 33 71
-0.000849341 12 35 13 15 704 242 33 71
-0.000849013 12 42 13 15 704 242 33 71
-0.000761569 12 49 13 15 704 242 33 71
-0.000849178 18 0 13 15 704 242 33 71
-0.000849437 18 7 13 15 704 242 33 71
-0.000849176 18 14 13 15 704 242 33 71
-0.000848802 18 21 13 15 704 242 33 71
-0.000848839 18 28 13 15 704 242 33 71
-0.000849086 18 35 13 15 704 242 33 71
-0.000849035 18 42 13 15 704 242 33 71
-0.000849363 18 49 13 15 704 242 33 71
-0.00084864 0 0 13 15 704 242 33 71
-0.000848785 0 7 13 15 704 242 33 71
-0.00084924 0 14 13 15 704 242 33 71
-0.000849352 0 21 13 15 704 242 33 71
-0.000849141 0 28 13 15 704 242 33 71
-0.000790074 0 35 13 15 704 242 33 71
-0.000849221 0 42 13 15 704 242 33 71
-0.000849413 0 49 13 15 704 242 33 71
-0.000849161 6 0 13 15 704 242 33 71
-0.000849403 6 7 13 15 704 242 33 71
-0.000849362 6 14 13 15 704 242 33 71
-0.000849046 6 21 13 15 704 242 33 71
-0.000671515 6 28 13 15 704 242 33 71
-0.000847358 6 35 13 15 704 242 33 71
-0.000849246 6 42 13 15 704 242 33 71
-0.000849422 6 49 13 15 704 242 33 71
-0.000849352 12 0 13 15 704 242 33 71
-0.000849435 12 7 13 15 704 242 33 71
-0.000849235 12 14 13 15 704 242 33 71
-0.000848743 12 21 13 15 704 242 33 71
-0.00084813 12 28 13 15 704 242 33 71
-0.000848837 12 35 13 15 704 242 33 71
-0.000849121 12 42 13 15 704 242 33 71
-0.000849308 12 49 13 15 704 242 33 71
-0.000849317 18 0 13 15 704 242 33 71
-0.000849404 18 7 13 15 704 242 33 71
-0.000849277 18 14 13 15 704 242 33 71
-0.000849173 18 21 13 15 704 242 33 71
-0.000848979 18 28 13 15 704 242 33 71
-0.000848999 18 35 13 15 704 242 33 71
-0.00084858 18 42 13 15 704 242 33 71
-0.000848007 18 49 13 15 704 242 33 71
-0.000849385 0 0 13 15 704 242 33 71
-0.000848638 0 7 13 15 704 242 33 71
-0.000685296 0 14 13 15 704 242 33 71
-0.000845875 0 21 13 15 704 242 33 71
-0.000501051 0 28 13 15 704 242 33 71
-0.000371041 0 35 13 15 704 242 33 71
-0.000845952 0 42 13 15 704 242 33 71
-0.000706106 0 49 13 15 704 242 33 71
-0.000849418 6 0 13 15 704 242 33 71
-0.000848821 6 7 13 15 704 242 33 71
-0.000563738 6 14 13 15 704 242 33 71
-0.000517307 6 21 13 15 704 242 33 71
-0.000230945 6 28 13 15 704 242 33 71
-0.000390011 6 35 13 15 704 242 33 71
-0.000586294 6 42 13 15 704 242 33 71
-0.000847217 6 49 13 15 704 242 33 71
-0.000849386 12 0 13 15 704 242 33 71
-0.000848545 12 7 13 15 704 242 33 71
-0.000797129 12 14 13 15 704 242 33 71
-0.000284382 12 21 13 15 704 242 33 71
-0.000202588 12 28 13 15 704 242 33 71
-0.000459971 12 35 13 15 704 242 33 71
-0.000643589 12 42 13 15 704 242 33 71
-0.000847771 12 49 13 15 704 242 33 71
-0.000849113 18 0 13 15 704 242 33 71
-0.000848759 18 7 13 15 704 242 33 71
-0.000847971 18 14 13 15 704 242 33 71
-0.00084717 18 21 13 15 704 242 33 71
-0.000811138 18 28 13 15 704 242 33 71
-0.000657598 18 35 13 15 704 242 33 71
-0.000540548 18 42 13 15 704 242 33 71
-0.000848202 18 49 13 15 704 242 33 71
-0.000849293 0 0 13 15 704 242 33 71
-0.000849348 0 7 13 15 704 242 33 71
-0.000849451 0 14 13 15 704 242 33 71
-0.000849453 0 21 13 15 704 242 33 71
-0.000849452 0 28 13 15 704 242 33 71
-0.000849338 0 35 13 15 704 242 33 71
-0.000849465 0 42 13 15 704 242 33 71
-0.00084926 0 49 13 15 704 242 33 71
-0.000849098 6 0 13 15 704 242 33 71
-0.000848128 6 7 13 15 704 242 33 71
-0.000849318 6 14 13 15 704 242 33 71
-0.000849354 6 21 13 15 704 242 33 71
-0.000849379 6 28 13 15 704 242 33 71
-0.000849294 6 35 13 15 704 242 33 71
-0.000849315 6 42 13 15 704 242 33 71
-0.000849476 6 49 13 15 704 242 33 71
-0.000849095 12 0 13 15 704 242 33 71
-0.000849098 12 7 13 15 704 242 33 71
-0.000848695 12 14 13 15 704 242 33 71
-0.000848776 12 21 13 15 704 242 33 71
-0.000848958 12 28 13 15 704 242 33 71
-0.000848333 12 35 13 15 704 242 33 71
-0.000846512 12 42 13 15 704 242 33 71
-0.000849025 12 49 13 15 704 242 33 71
-0.000849419 18 0 13 15 704 242 33 71
-0.000849229 18 7 13 15 704 242 33 71
-0.000849416 18 14 13 15 704 242 33 71
-0.000849282 18 21 13 15 704 242 33 71
-0.000849454 18 28 13 15 704 242 33 71
-0.000849491 18 35 13 15 704 242 33 71
-0.000849489 18 42 13 15 704 242 33 71
-0.000849487 18 49 13 15 704 242 33 71
-0.000849241 0 0 13 15 704 242 33 71
-0.000849314 0 7 13 15 704 242 33 71
-0.000849353 0 14 13 15 704 242 33 71
-0.000849382 0 21 13 15 704 242 33 71
-0.000849469 0 28 13 15 704 242 33 71
-0.000849453 0 35 13 15 704 242 33 71
-0.000849423 0 42 13 15 704 242 33 71
-0.000849231 0 49 13 15 704 242 33 71
-0.000849453 6 0 13 15 704 242 33 71
-0.00084937 6 7 13 15 704 242 33 71
-0.00084919 6 14 13 15 704 242 33 71
-0.000849409 6 21 13 15 704 242 33 71
-0.000849461 6 28 13 15 704 242 33 71
-0.000849417 6 35 13 15 704 242 33 71
-0.00084931 6 42 13 15 704 242 33 71
-0.000849459 6 49 13 15 704 242 33 71
-0.000849428 12 0 13 15 704 242 33 71
-0.000849421 12 7 13 15 704 242 33 71
-0.000849418 12 14 13 15 704 242 33 71
-0.000849462 12 21 13 15 704 242 33 71
-0.000849244 12 28 13 15 704 242 33 71
-0.00084875 12 35 13 15 704 242 33 71
-0.00084902 12 42 13 15 704 242 33 71
-0.000848772 12 49 13 15 704 242 33 71
-0.000849426 18 0 13 15 704 242 33 71
-0.000849422 18 7 13 15 704 242 33 71
-0.000849356 18 14 13 15 704 242 33 71
-0.000849456 18 21 13 15 704 242 33 71
-0.000849325 18 28 13 15 704 242 33 71
-0.000849484 18 35 13 15 704 242 33 71
-0.000849434 18 42 13 15 704 242 33 71
-0.000849469 18 49 13 15 704 242 33 71
-0.00084933 0 0 13 15 704 242 33 71
-0.000849478 0 7 13 15 704 242 33 71
-0.000849313 0 14 13 15 704 242 33 71
-0.00084939 0 21 13 15 704 242 33 71
-0.000849436 0 28 13 15 704 242 33 71
-0.000849424 0 35 13 15 704 242 33 71
-0.000847809 0 42 13 15 704 242 33 71
-0.000848075 0 49 13 15 704 242 33 71
-0.000848326 6 0 13 15 704 242 33 71
-0.000849442 6 7 13 15 704 242 33 71
-0.000849481 6 14 13 15 704 242 33 71
-0.00084942 6 21 13 15 704 242 33 71
-0.000848707 6 28 13 15 704 242 33 71
-0.000848108 6 35 13 15 704 242 33 71
-0.000848724 6 42 13 15 704 242 33 71
-0.000849177 6 49 13 15 704 242 33 71
-0.000849285 12 0 13 15 704 242 33 71
-0.00084944 12 7 13 15 704 242 33 71
-0.000849489 12 14 13 15 704 242 33 71
-0.000849421 12 21 13 15 704 242 33 71
-0.000849438 12 28 13 15 704 242 33 71
-0.000849428 12 35 13 15 704 242 33 71
-0.000849454 12 42 13 15 704 242 33 71
-0.000849173 12 49 13 15 704 242 33 71
-0.000849454 18 0 13 15 704 242 33 71
-0.000849292 18 7 13 15 704 242 33 71
-0.000849448 18 14 13 15 704 242 33 71
-0.000849439 18 21 13 15 704 242 33 71
-0.000849384 18 28 13 15 704 242 33 71
-0.000849452 18 35 13 15 704 242 33 71
-0.000849436 18 42 13 15 704 242 33 71
-0.000849402 18 49 13 15 704 242 33 71
-0.000849339 0 0 13 15 704 242 33 71
-0.000849276 0 7 13 15 704 242 33 71
-0.000849286 0 14 13 15 704 242 33 71
-0.00071305 0 21 13 15 704 242 33 71
-0.000848731 0 28 13 15 704 242 33 71
-0.00084774 0 35 13 15 704 242 33 71
-0.000847367 0 42 13 15 704 242 33 71
-0.00084736 0 49 13 15 704 242 33 71
-0.000849449 6 0 13 15 704 242 33 71
-0.000849419 6 7 13 15 704 242 33 71
-0.000849317 6 14 13 15 704 242 33 71
-0.000476348 6 21 13 15 704 242 33 71
-0.000848355 6 28 13 15 704 242 33 71
-0.000846926 6 35 13 15 704 242 33 71
-0.000719897 6 42 13 15 704 242 33 71
-0.000848049 6 49 13 15 704 242 33 71
-0.000849477 12 0 13 15 704 242 33 71
-0.000849453 12 7 13 15 704 242 33 71
-0.000849074 12 14 13 15 704 242 33 71
-0.00043474 12 21 13 15 704 242 33 71
-0.000846718 12 28 13 15 704 242 33 71
-0.00084698 12 35 13 15 704 242 33 71
-0.000608061 12 42 13 15 704 242 33 71
-0.000847559 12 49 13 15 704 242 33 71
-0.000849487 18 0 13 15 704 242 33 71
-0.000849288 18 7 13 15 704 242 33 71
-0.000848267 18 14 13 15 704 242 33 71
-0.000846393 18 21 13 15 704 242 33 71
-0.000846049 18 28 13 15 704 242 33 71
-0.000846331 18 35 13 15 704 242 33 71
-0.000845976 18 42 13 15 704 242 33 71
-0.000556047 18 49 13 15 704 242 33 71
-0.000849366 0 0 13 15 704 242 33 71
-0.000849483 0 7 13 15 704 242 33 71
-0.00084948 0 14 13 15 704 242 33 71
-0.000849185 0 21 13 15 704 242 33 71
-0.000846631 0 28 13 15 704 242 33 71
-0.000848504 0 35 13 15 704 242 33 71
-0.000848955 0 42 13 15 704 242 33 71
-0.000849171 0 49 13 15 704 242 33 71
-0.000849472 6 0 13 15 704 242 33 71
-0.000849457 6 7 13 15 704 242 33 71
-0.000849329 6 14 13 15 704 242 33 71
-0.000847109 6 21 13 15 704 242 33 71
-0.000848289 6 28 13 15 704 242 33 71
-0.000848844 6 35 13 15 704 242 33 71
-0.000849181 6 42 13 15 704 242 33 71
-0.000849125 6 49 13 15 704 242 33 71
-0.000849451 12 0 13 15 704 242 33 71
-0.000849485 12 7 13 15 704 242 33 71
-0.000849433 12 14 13 15 704 242 33 71
-0.000849216 12 21 13 15 704 242 33 71
-0.000849058 12 28 13 15 704 242 33 71
-0.000848985 12 35 13 15 704 242 33 71
-0.000848297 12 42 13 15 704 242 33 71
-0.000847997 12 49 13 15 704 242 33 71
-0.000849377 18 0 13 15 704 242 33 71
-0.000849464 18 7 13 15 704 242 33 71
-0.000849411 18 14 13 15 704 242 33 71
-0.00084925 18 21 13 15 704 242 33 71
-0.00084879 18 28 13 15 704 242 33 71
-0.000848019 18 35 13 15 704 242 33 71
-0.000848483 18 42 13 15 704 242 33 71
-0.000847239 18 49 13 15 704 242 33 71
-0.000849395 0 0 13 15 704 242 33 71
-0.000849435 0 7 13 15 704 242 33 71
-0.000849442 0 14 13 15 704 242 33 71
-0.000849428 0 21 13 15 704 242 33 71
-0.000849331 0 28 13 15 704 242 33 71
-0.000849266 0 35 13 15 704 242 33 71
-0.000849397 0 42 13 15 704 242 33 71
-0.000849476 0 49 13 15 704 242 33 71
-0.000848812 6 0 13 15 704 242 33 71
-0.000848206 6 7 13 15 704 242 33 71
-0.000847984 6 14 13 15 704 242 33 71
-0.000847985 6 21 13 15 704 242 33 71
-0.000848685 6 28 13 15 704 242 33 71
-0.000848686 6 35 13 15 704 242 33 71
-0.000849027 6 42 13 15 704 242 33 71
-0.000849461 6 49 13 15 704 242 33 71
-0.000849472 12 0 13 15 704 242 33 71
-0.000849469 12 7 13 15 704 242 33 71
-0.000849372 12 14 13 15 704 242 33 71
-0.000848886 12 21 13 15 704 242 33 71
-0.000848921 12 28 13 15 704 242 33 71
-0.000849098 12 35 13 15 704 242 33 71
-0.000849237 12 42 13 15 704 242 33 71
-0.00084932 12 49 13 15 704 242 33 71
-0.000849357 18 0 13 15 704 242 33 71
-0.000849446 18 7 13 15 704 242 33 71
-0.000849456 18 14 13 15 704 242 33 71
-0.000849453 18 21 13 15 704 242 33 71
-0.000849364 18 28 13 15 704 242 33 71
-0.000849052 18 35 13 15 704 242 33 71
-0.000849245 18 42 13 15 704 242 33 71
-0.000849296 18 49 13 15 704 242 33 71
-0.000849443 0 0 22 20 704 242 33 71
-0.00084946 0 10 22 20 704 242 33 71
-0.00084942 0 20 22 20 704 242 33 71
-0.000848606 0 30 22 20 704 242 33 71
-0.00084892 0 40 22 20 704 242 33 71
-0.000848303 0 50 22 20 704 242 33 71
-0.000849405 11 0 22 20 704 242 33 71
-0.000849457 11 10 22 20 704 242 33 71
-0.000849331 11 20 22 20 704 242 33 71
-0.000848707 11 30 22 20 704 242 33 71
-0.000848034 11 40 22 20 704 242 33 71
-0.000848495 11 50 22 20 704 242 33 71
-0.000847757 0 0 22 20 704 242 33 71
-0.000849327 0 10 22 20 704 242 33 71
-0.00084924 0 20 22 20 704 242 33 71
-0.000848102 0 30 22 20 704 242 33 71
-0.000849409 0 40 22 20 704 242 33 71
-0.000849249 0 50 22 20 704 242 33 71
-0.000849029 11 0 22 20 704 242 33 71
-0.00084941 11 10 22 20 704 242 33 71
-0.000847809 11 20 22 20 704 242 33 71
-0.000848792 11 30 22 20 704 242 33 71
-0.00084907 11 40 22 20 704 242 33 71
-0.000849325 11 50 22 20 704 242 33 71
-0.000849132 0 0 22 20 704 242 33 71
-0.000849301 0 10 22 20 704 242 33 71
-0.000849067 0 20 22 20 704 242 33 71
-0.000733513 0 30 22 20 704 242 33 71
-0.000849273 0 40 22 20 704 242 33 71
-0.000849267 0 50 22 20 704 242 33 71
-0.000849344 11 0 22 20 704 242 33 71
-0.000849382 11 10 22 20 704 242 33 71
-0.00084888 11 20 22 20 704 242 33 71
-0.000848106 11 30 22 20 704 242 33 71
-0.000848959 11 40 22 20 704 242 33 71
-0.000848316 11 50 22 20 704 242 33 71
-0.000849217 0 0 22 20 704 242 33 71
-0.000525205 0 10 22 20 704 242 33 71
-0.000332908 0 20 22 20 704 242 33 71
-0.000215112 0 30 22 20 704 242 33 71
-0.000468088 0 40 22 20 704 242 33 71
-0.000740226 0 50 22 20 704 242 33 71
-0.00084899 11 0 22 20 704 242 33 71
-0.00084696 11 10 22 20 704 242 33 71
-0.000492861 11 20 22 20 704 242 33 71
-0.000272537 11 30 22 20 704 242 33 71
-0.00045158 11 40 22 20 704 242 33 71
-0.00084798 11 50 22 20 704 242 33 71
-0.000848401 0 0 22 20 704 242 33 71
-0.000849285 0 10 22 20 704 242 33 71
-0.000849437 0 20 22 20 704 242 33 71
-0.000849208 0 30 22 20 704 242 33 71
-0.000849391 0 40 22 20 704 242 33 71
-0.000849287 0 50 22 20 704 242 33 71
-0.000847993 11 0 22 20 704 242 33 71
-0.000848803 11 10 22 20 704 242 33 71
-0.000849162 11 20 22 20 704 242 33 71
-0.000849449 11 30 22 20 704 242 33 71
-0.000849462 11 40 22 20 704 242 33 71
-0.000849473 11 50 22 20 704 242 33 71
-0.000848513 0 0 22 20 704 242 33 71
-0.000849056 0 10 22 20 704 242 33 71
-0.000849415 0 20 22 20 704 242 33 71
-0.000849459 0 30 22 20 704 242 33 71
-0.000848943 0 40 22 20 704 242 33 71
-0.000849198 0 50 22 20 704 242 33 71
-0.000849336 11 0 22 20 704 242 33 71
-0.000849241 11 10 22 20 704 242 33 71
-0.000849454 11 20 22 20 704 242 33 71
-0.000849282 11 30 22 20 704 242 33 71
-0.000849139 11 40 22 20 704 242 33 71
-0.000849432 11 50 22 20 704 242 33 71
-0.000849147 0 0 22 20 704 242 33 71
-0.000849479 0 10 22 20 704 242 33 71
-0.000849299 0 20 22 20 704 242 33 71
-0.000849204 0 30 22 20 704 242 33 71
-0.000848754 0 40 22 20 704 242 33 71
-0.000848803 0 50 22 20 704 242 33 71
-0.000848543 11 0 22 20 704 242 33 71
-0.000849452 11 10 22 20 704 242 33 71
-0.000849443 11 20 22 20 704 242 33 71
-0.000848687 11 30 22 20 704 242 33 71
-0.000848647 11 40 22 20 704 242 33 71
-0.000849456 11 50 22 20 704 242 33 71
-0.000849475 0 0 22 20 704 242 33 71
-0.000849311 0 10 22 20 704 242 33 71
-0.000692189 0 20 22 20 704 242 33 71
-0.000650561 0 30 22 20 704 242 33 71
-0.000293394 0 40 22 20 704 242 33 71
-0.000849107 0 50 22 20 704 242 33 71
-0.000849478 11 0 22 20 704 242 33 71
-0.000849287 11 10 22 20 704 242 33 71
-0.000664526 11 20 22 20 704 242 33 71
-0.000362342 11 30 22 20 704 242 33 71
-0.000443195 11 40 22 20 704 242 33 71
-0.000849326 11 50 22 20 704 242 33 71
-0.000849467 0 0 22 20 704 242 33 71
-0.000849452 0 10 22 20 704 242 33 71
-0.00084888 0 20 22 20 704 242 33 71
-0.000846166 0 30 22 20 704 242 33 71
-0.000848412 0 40 22 20 704 242 33 71
-0.000847558 0 50 22 20 704 242 33 71
-0.000849422 11 0 22 20 704 242 33 71
-0.000849447 11 10 22 20 704 242 33 71
-0.000849164 11 20 22 20 704 242 33 71
-0.000747137 11 30 22 20 704 242 33 71
-0.00084688 11 40 22 20 704 242 33 71
-0.000847939 11 50 22 20 704 242 33 71
-0.000849032 0 0 22 20 704 242 33 71
-0.000849178 0 10 22 20 704 242 33 71
-0.000849018 0 20 22 20 704 242 33 71
-0.000848594 0 30 22 20 704 242 33 71
-0.000849399 0 40 22 20 704 242 33 71
-0.000849071 0 50 22 20 704 242 33 71
-0.000848993 11 0 22 20 704 242 33 71
-0.000849449 11 10 22 20 704 242 33 71
-0.00084945 11 20 22 20 704 242 33 71
-0.000848904 11 30 22 20 704 242 33 71
-0.000848967 11 40 22 20 704 242 33 71
-0.000849228 11 50 22 20 704 242 33 71
-0.000849435 0 0 33 35 704 242 33 71
-0.000849207 0 17 33 35 704 242 33 71
-0.000848433 0 34 33 35 704 242 33 71
-0.000847652 0 0 33 35 704 242 33 71
-0.000848411 0 17 33 35 704 242 33 71
-0.000848741 0 34 33 35 704 242 33 71
-0.000849292 0 0 33 35 704 242 33 71
-0.000848227 0 17 33 35 704 242 33 71
-0.000848866 0 34 33 35 704 242 33 71
-0.000847929 0 0 33 35 704 242 33 71
-0.000184279 0 17 33 35 704 242 33 71
-0.000426044 0 34 33 35 704 242 33 71
-0.000849054 0 0 33 35 704 242 33 71
-0.000849375 0 17 33 35 704 242 33 71
-0.000849247 0 34 33 35 704 242 33 71
-0.00084899 0 0 33 35 704 242 33 71
-0.0008492 0 17 33 35 704 242 33 71
-0.000849125 0 34 33 35 704 242 33 71
-0.000849287 0 0 33 35 704 242 33 71
-0.000849399 0 17 33 35 704 242 33 71
-0.000849146 0 34 33 35 704 242 33 71
-0.000849447 0 0 33 35 704 242 33 71
-0.00076873 0 17 33 35 704 242 33 71
-0.000848739 0 34 33 35 704 242 33 71
-0.000849453 0 0 33 35 704 242 33 71
-0.000848711 0 17 33 35 704 242 33 71
-0.000636548 0 34 33 35 704 242 33 71
-0.000849108 0 0 33 35 704 242 33 71
-0.000849116 0 17 33 35 704 242 33 71
-0.000849115 0 34 33 35 704 242 33 71
-0.00084944 0 0 33 71 704 242 33 71
-0.000848125 0 0 33 71 704 242 33 71
-0.000848768 0 0 33 71 704 242 33 71
-0.0005482 0 0 33 71 704 242 33 71
-0.000848838 0 0 33 71 704 242 33 71
-0.000848885 0 0 33 71 704 242 33 71
-0.000849299 0 0 33 71 704 242 33 71
-0.000849087 0 0 33 71 704 242 33 71
-0.000849488 0 0 33 71 704 242 33 71
-0.000848936 0 0 33 71 704 242 33 71
