-0.00117008 0 0 4 4 341 119 17 24
-0.00116982 0 2 4 4 341 119 17 24
-0.0011699 0 4 4 4 341 119 17 24
-0.00116872 0 6 4 4 341 119 17 24
-0.00114663 0 8 4 4 341 119 17 24
-0.00116823 0 10 4 4 341 119 17 24
-0.00116708 0 12 4 4 341 119 17 24
-0.00116793 0 14 4 4 341 119 17 24
-0.00116951 0 16 4 4 341 119 17 24
-0.00116952 0 18 4 4 341 119 17 24
-0.0011702 2 0 4 4 341 119 17 24
-0.00117031 2 2 4 4 341 119 17 24
-0.0011704 2 4 4 4 341 119 17 24
-0.00117031 2 6 4 4 341 119 17 24
-0.00116918 2 8 4 4 341 119 17 24
-0.0011701 2 10 4 4 341 119 17 24
-0.00117023 2 12 4 4 341 119 17 24
-0.0011703 2 14 4 4 341 119 17 24
-0.00117031 2 16 4 4 341 119 17 24
-0.00116986 2 18 4 4 341 119 17 24
-0.00116977 4 0 4 4 341 119 17 24
-0.00116998 4 2 4 4 341 119 17 24
-0.00117003 4 4 4 4 341 119 17 24
-0.00117047 4 6 4 4 341 119 17 24
-0.00117021 4 8 4 4 341 119 17 24
-0.00117044 4 10 4 4 341 119 17 24
-0.00117038 4 12 4 4 341 119 17 24
-0.00117024 4 14 4 4 341 119 17 24
-0.00116945 4 16 4 4 341 119 17 24
-0.0011691 4 18 4 4 341 119 17 24
-0.00116989 6 0 4 4 341 119 17 24
-0.00117018 6 2 4 4 341 119 17 24
-0.00117029 6 4 4 4 341 119 17 24
-0.00117019 6 6 4 4 341 119 17 24
-0.00116974 6 8 4 4 341 119 17 24
-0.00117034 6 10 4 4 341 119 17 24
-0.00117032 6 12 4 4 341 119 17 24
-0.00117003 6 14 4 4 341 119 17 24
-0.00117002 6 16 4 4 341 119 17 24
-0.00116909 6 18 4 4 341 119 17 24
-0.00116994 8 0 4 4 341 119 17 24
-0.00116984 8 2 4 4 341 119 17 24
-0.00116968 8 4 4 4 341 119 17 24
-0.00116983 8 6 4 4 341 119 17 24
-0.00116964 8 8 4 4 341 119 17 24
-0.00116977 8 10 4 4 341 119 17 24
-0.00117033 8 12 4 4 341 119 17 24
-0.00116998 8 14 4 4 341 119 17 24
-0.001169 8 16 4 4 341 119 17 24
-0.0011696 8 18 4 4 341 119 17 24
-0.00116894 10 0 4 4 341 119 17 24
-0.0011691 10 2 4 4 341 119 17 24
-0.00116938 10 4 4 4 341 119 17 24
-0.00108077 10 6 4 4 341 119 17 24
-0.00116686 10 8 4 4 341 119 17 24
-0.00116616 10 10 4 4 341 119 17 24
-0.00116995 10 12 4 4 341 119 17 24
-0.00116959 10 14 4 4 341 119 17 24
-0.0011678 10 16 4 4 341 119 17 24
-0.00116975 10 18 4 4 341 119 17 24
-0.00116885 0 0 4 4 341 119 17 24
-0.00116889 0 2 4 4 341 119 17 24
-0.00116992 0 4 4 4 341 119 17 24
-0.00117042 0 6 4 4 341 119 17 24
-0.00117034 0 8 4 4 341 119 17 24
-0.00117024 0 10 4 4 341 119 17 24
-0.00117026 0 12 4 4 341 119 17 24
-0.00117039 0 14 4 4 341 119 17 24
-0.00117044 0 16 4 4 341 119 17 24
-0.00117038 0 18 4 4 341 119 17 24
-0.00116528 2 0 4 4 341 119 17 24
-0.00116611 2 2 4 4 341 119 17 24
-0.00116797 2 4 4 4 341 119 17 24
-0.00117023 2 6 4 4 341 119 17 24
-0.00117034 2 8 4 4 341 119 17 24
-0.00117027 2 10 4 4 341 119 17 24
-0.00117042 2 12 4 4 341 119 17 24
-0.00117048 2 14 4 4 341 119 17 24
-0.00117041 2 16 4 4 341 119 17 24
-0.00117039 2 18 4 4 341 119 17 24
-0.000592114 4 0 4 4 341 119 17 24
-0.000632625 4 2 4 4 341 119 17 24
-0.000839712 4 4 4 4 341 119 17 24
-0.00116901 4 6 4 4 341 119 17 24
-0.00117006 4 8 4 4 341 119 17 24
-0.00116976 4 10 4 4 341 119 17 24
-0.00116974 4 12 4 4 341 119 17 24
-0.00116981 4 14 4 4 341 119 17 24
-0.00116758 4 16 4 4 341 119 17 24
-0.0011703 4 18 4 4 341 119 17 24
-0.000515955 6 0 4 4 341 119 17 24
-0.00116595 6 2 4 4 341 119 17 24
-0.00116697 6 4 4 4 341 119 17 24
-0.000773397 6 6 4 4 341 119 17 24
-0.00116856 6 8 4 4 341 119 17 24
-0.00116931 6 10 4 4 341 119 17 24
-0.00116581 6 12 4 4 341 119 17 24
-0.00116752 6 14 4 4 341 119 17 24
-0.00116965 6 16 4 4 341 119 17 24
-0.00117041 6 18 4 4 341 119 17 24
-0.00116586 8 0 4 4 341 119 17 24
-0.00116937 8 2 4 4 341 119 17 24
-0.00116938 8 4 4 4 341 119 17 24
-0.00116914 8 6 4 4 341 119 17 24
-0.00116681 8 8 4 4 341 119 17 24
-0.00117004 8 10 4 4 341 119 17 24
-0.00116956 8 12 4 4 341 119 17 24
-0.00116958 8 14 4 4 341 119 17 24
-0.00117003 8 16 4 4 341 119 17 24
-0.00117035 8 18 4 4 341 119 17 24
-0.00116899 10 0 4 4 341 119 17 24
-0.00117 10 2 4 4 341 119 17 24
-0.00116962 10 4 4 4 341 119 17 24
-0.00117002 10 6 4 4 341 119 17 24
-0.00116869 10 8 4 4 341 119 17 24
-0.00117032 10 10 4 4 341 119 17 24
-0.00117016 10 12 4 4 341 119 17 24
-0.00117014 10 14 4 4 341 119 17 24
-0.00116971 10 16 4 4 341 119 17 24
-0.0011702 10 18 4 4 341 119 17 24
-0.00117016 0 0 4 4 341 119 17 24
-0.00117036 0 2 4 4 341 119 17 24
-0.00117039 0 4 4 4 341 119 17 24
-0.0011703 0 6 4 4 341 119 17 24
-0.00116976 0 8 4 4 341 119 17 24
-0.0011697 0 10 4 4 341 119 17 24
-0.00117008 0 12 4 4 341 119 17 24
-0.00117037 0 14 4 4 341 119 17 24
-0.00117032 0 16 4 4 341 119 17 24
-0.00116945 0 18 4 4 341 119 17 24
-0.00116911 2 0 4 4 341 119 17 24
-0.00116992 2 2 4 4 341 119 17 24
-0.00117026 2 4 4 4 341 119 17 24
-0.0011704 2 6 4 4 341 119 17 24
-0.00117011 2 8 4 4 341 119 17 24
-0.00116978 2 10 4 4 341 119 17 24
-0.00117005 2 12 4 4 341 119 17 24
-0.00117027 2 14 4 4 341 119 17 24
-0.00116975 2 16 4 4 341 119 17 24
-0.00116683 2 18 4 4 341 119 17 24
-0.0011279 4 0 4 4 341 119 17 24
-0.0011686 4 2 4 4 341 119 17 24
-0.00116917 4 4 4 4 341 119 17 24
-0.00117015 4 6 4 4 341 119 17 24
-0.00117023 4 8 4 4 341 119 17 24
-0.00116935 4 10 4 4 341 119 17 24
-0.00116656 4 12 4 4 341 119 17 24
-0.00116929 4 14 4 4 341 119 17 24
-0.0011682 4 16 4 4 341 119 17 24
-0.000533429 4 18 4 4 341 119 17 24
-0.00116728 6 0 4 4 341 119 17 24
-0.00116944 6 2 4 4 341 119 17 24
-0.00116926 6 4 4 4 341 119 17 24
-0.00116594 6 6 4 4 341 119 17 24
-0.00116985 6 8 4 4 341 119 17 24
-0.00117004 6 10 4 4 341 119 17 24
-0.00116528 6 12 4 4 341 119 17 24
-0.00116849 6 14 4 4 341 119 17 24
-0.00116843 6 16 4 4 341 119 17 24
-0.000754485 6 18 4 4 341 119 17 24
-0.00116915 8 0 4 4 341 119 17 24
-0.00116972 8 2 4 4 341 119 17 24
-0.00116802 8 4 4 4 341 119 17 24
-0.00116617 8 6 4 4 341 119 17 24
-0.00116847 8 8 4 4 341 119 17 24
-0.00117021 8 10 4 4 341 119 17 24
-0.0011692 8 12 4 4 341 119 17 24
-0.00116824 8 14 4 4 341 119 17 24
-0.00116793 8 16 4 4 341 119 17 24
-0.00116801 8 18 4 4 341 119 17 24
-0.00116909 10 0 4 4 341 119 17 24
-0.00116804 10 2 4 4 341 119 17 24
-0.00116826 10 4 4 4 341 119 17 24
-0.00116887 10 6 4 4 341 119 17 24
-0.00116709 10 8 4 4 341 119 17 24
-0.00117008 10 10 4 4 341 119 17 24
-0.00116982 10 12 4 4 341 119 17 24
-0.001169 10 14 4 4 341 119 17 24
-0.00116871 10 16 4 4 341 119 17 24
-0.00116956 10 18 4 4 341 119 17 24
-0.00117046 0 0 4 4 341 119 17 24
-0.00117026 0 2 4 4 341 119 17 24
-0.00116953 0 4 4 4 341 119 17 24
-0.00116778 0 6 4 4 341 119 17 24
-0.00116946 0 8 4 4 341 119 17 24
-0.00117027 0 10 4 4 341 119 17 24
-0.00117028 0 12 4 4 341 119 17 24
-0.00116968 0 14 4 4 341 119 17 24
-0.00116646 0 16 4 4 341 119 17 24
-0.00116878 0 18 4 4 341 119 17 24
-0.00117044 2 0 4 4 341 119 17 24
-0.00117008 2 2 4 4 341 119 17 24
-0.00116877 2 4 4 4 341 119 17 24
-0.00116911 2 6 4 4 341 119 17 24
-0.00116818 2 8 4 4 341 119 17 24
-0.00116943 2 10 4 4 341 119 17 24
-0.00116945 2 12 4 4 341 119 17 24
-0.00116755 2 14 4 4 341 119 17 24
-0.000811502 2 16 4 4 341 119 17 24
-0.00116926 2 18 4 4 341 119 17 24
-0.00117043 4 0 4 4 341 119 17 24
-0.00116997 4 2 4 4 341 119 17 24
-0.00116769 4 4 4 4 341 119 17 24
-0.00116778 4 6 4 4 341 119 17 24
-0.0011656 4 8 4 4 341 119 17 24
-0.00116576 4 10 4 4 341 119 17 24
-0.00116912 4 12 4 4 341 119 17 24
-0.00116886 4 14 4 4 341 119 17 24
-0.00102464 4 16 4 4 341 119 17 24
-0.00116879 4 18 4 4 341 119 17 24
-0.00117042 6 0 4 4 341 119 17 24
-0.00116999 6 2 4 4 341 119 17 24
-0.00116777 6 4 4 4 341 119 17 24
-0.000879286 6 6 4 4 341 119 17 24
-0.000947789 6 8 4 4 341 119 17 24
-0.00056428 6 10 4 4 341 119 17 24
-0.00116827 6 12 4 4 341 119 17 24
-0.00116919 6 14 4 4 341 119 17 24
-0.00116535 6 16 4 4 341 119 17 24
-0.00116782 6 18 4 4 341 119 17 24
-0.00117044 8 0 4 4 341 119 17 24
-0.00117016 8 2 4 4 341 119 17 24
-0.00116782 8 4 4 4 341 119 17 24
-0.00116905 8 6 4 4 341 119 17 24
-0.00116845 8 8 4 4 341 119 17 24
-0.001169 8 10 4 4 341 119 17 24
-0.00116543 8 12 4 4 341 119 17 24
-0.00116969 8 14 4 4 341 119 17 24
-0.00116839 8 16 4 4 341 119 17 24
-0.00116833 8 18 4 4 341 119 17 24
-0.00117046 10 0 4 4 341 119 17 24
-0.00117027 10 2 4 4 341 119 17 24
-0.00116888 10 4 4 4 341 119 17 24
-0.00117 10 6 4 4 341 119 17 24
-0.00116994 10 8 4 4 341 119 17 24
-0.00117011 10 10 4 4 341 119 17 24
-0.0011682 10 12 4 4 341 119 17 24
-0.00117003 10 14 4 4 341 119 17 24
-0.00117018 10 16 4 4 341 119 17 24
-0.00117028 10 18 4 4 341 119 17 24
-0.00117043 0 0 4 4 341 119 17 24
-0.00117043 0 2 4 4 341 119 17 24
-0.00117021 0 4 4 4 341 119 17 24
-0.00117032 0 6 4 4 341 119 17 24
-0.00117046 0 8 4 4 341 119 17 24
-0.00117043 0 10 4 4 341 119 17 24
-0.00117028 0 12 4 4 341 119 17 24
-0.00116978 0 14 4 4 341 119 17 24
-0.00117014 0 16 4 4 341 119 17 24
-0.00117035 0 18 4 4 341 119 17 24
-0.00117045 2 0 4 4 341 119 17 24
-0.00117043 2 2 4 4 341 119 17 24
-0.00117033 2 4 4 4 341 119 17 24
-0.00117039 2 6 4 4 341 119 17 24
-0.00117047 2 8 4 4 341 119 17 24
-0.00117042 2 10 4 4 341 119 17 24
-0.00117032 2 12 4 4 341 119 17 24
-0.00117023 2 14 4 4 341 119 17 24
-0.00117037 2 16 4 4 341 119 17 24
-0.00117045 2 18 4 4 341 119 17 24
-0.00117041 4 0 4 4 341 119 17 24
-0.00117047 4 2 4 4 341 119 17 24
-0.00117046 4 4 4 4 341 119 17 24
-0.00117046 4 6 4 4 341 119 17 24
-0.00117038 4 8 4 4 341 119 17 24
-0.00117038 4 10 4 4 341 119 17 24
-0.00117031 4 12 4 4 341 119 17 24
-0.00117041 4 14 4 4 341 119 17 24
-0.00117046 4 16 4 4 341 119 17 24
-0.00117027 4 18 4 4 341 119 17 24
-0.000580736 6 0 4 4 341 119 17 24
-0.00117046 6 2 4 4 341 119 17 24
-0.00117044 6 4 4 4 341 119 17 24
-0.00117044 6 6 4 4 341 119 17 24
-0.00117046 6 8 4 4 341 119 17 24
-0.00117044 6 10 4 4 341 119 17 24
-0.00117031 6 12 4 4 341 119 17 24
-0.00117044 6 14 4 4 341 119 17 24
-0.00117017 6 16 4 4 341 119 17 24
-0.00116881 6 18 4 4 341 119 17 24
-0.00116645 8 0 4 4 341 119 17 24
-0.00117041 8 2 4 4 341 119 17 24
-0.00117033 8 4 4 4 341 119 17 24
-0.00117037 8 6 4 4 341 119 17 24
-0.00117045 8 8 4 4 341 119 17 24
-0.00117044 8 10 4 4 341 119 17 24
-0.00117013 8 12 4 4 341 119 17 24
-0.00117044 8 14 4 4 341 119 17 24
-0.00117033 8 16 4 4 341 119 17 24
-0.0011703 8 18 4 4 341 119 17 24
-0.00117044 10 0 4 4 341 119 17 24
-0.00117042 10 2 4 4 341 119 17 24
-0.0011704 10 4 4 4 341 119 17 24
-0.00117035 10 6 4 4 341 119 17 24
-0.00117039 10 8 4 4 341 119 17 24
-0.00117038 10 10 4 4 341 119 17 24
-0.00117026 10 12 4 4 341 119 17 24
-0.00117037 10 14 4 4 341 119 17 24
-0.00117042 10 16 4 4 341 119 17 24
-0.00117014 10 18 4 4 341 119 17 24
-0.00117026 0 0 4 4 341 119 17 24
-0.0011703 0 2 4 4 341 119 17 24
-0.00117046 0 4 4 4 341 119 17 24
-0.00117026 0 6 4 4 341 119 17 24
-0.00117041 0 8 4 4 341 119 17 24
-0.00117042 0 10 4 4 341 119 17 24
-0.00117027 0 12 4 4 341 119 17 24
-0.0011696 0 14 4 4 341 119 17 24
-0.00117021 0 16 4 4 341 119 17 24
-0.0011704 0 18 4 4 341 119 17 24
-0.0011703 2 0 4 4 341 119 17 24
-0.00117035 2 2 4 4 341 119 17 24
-0.00117046 2 4 4 4 341 119 17 24
-0.00117024 2 6 4 4 341 119 17 24
-0.00117044 2 8 4 4 341 119 17 24
-0.0011704 2 10 4 4 341 119 17 24
-0.00117022 2 12 4 4 341 119 17 24
-0.00117014 2 14 4 4 341 119 17 24
-0.00117031 2 16 4 4 341 119 17 24
-0.00117043 2 18 4 4 341 119 17 24
-0.00117036 4 0 4 4 341 119 17 24
-0.00117042 4 2 4 4 341 119 17 24
-0.00117043 4 4 4 4 341 119 17 24
-0.0011699 4 6 4 4 341 119 17 24
-0.00117044 4 8 4 4 341 119 17 24
-0.00117031 4 10 4 4 341 119 17 24
-0.00117027 4 12 4 4 341 119 17 24
-0.00117034 4 14 4 4 341 119 17 24
-0.00117031 4 16 4 4 341 119 17 24
-0.00117037 4 18 4 4 341 119 17 24
-0.00117037 6 0 4 4 341 119 17 24
-0.00117032 6 2 4 4 341 119 17 24
-0.00117041 6 4 4 4 341 119 17 24
-0.00117046 6 6 4 4 341 119 17 24
-0.00117044 6 8 4 4 341 119 17 24
-0.00117026 6 10 4 4 341 119 17 24
-0.00117033 6 12 4 4 341 119 17 24
-0.00117041 6 14 4 4 341 119 17 24
-0.00117041 6 16 4 4 341 119 17 24
-0.00116999 6 18 4 4 341 119 17 24
-0.00117041 8 0 4 4 341 119 17 24
-0.00117028 8 2 4 4 341 119 17 24
-0.00117007 8 4 4 4 341 119 17 24
-0.0011704 8 6 4 4 341 119 17 24
-0.00117026 8 8 4 4 341 119 17 24
-0.00117032 8 10 4 4 341 119 17 24
-0.00117032 8 12 4 4 341 119 17 24
-0.00117024 8 14 4 4 341 119 17 24
-0.00117045 8 16 4 4 341 119 17 24
-0.00117033 8 18 4 4 341 119 17 24
-0.00117037 10 0 4 4 341 119 17 24
-0.0011702 10 2 4 4 341 119 17 24
-0.00116975 10 4 4 4 341 119 17 24
-0.00117026 10 6 4 4 341 119 17 24
-0.00117014 10 8 4 4 341 119 17 24
-0.00117021 10 10 4 4 341 119 17 24
-0.00117031 10 12 4 4 341 119 17 24
-0.00117043 10 14 4 4 341 119 17 24
-0.00117022 10 16 4 4 341 119 17 24
-0.00117042 10 18 4 4 341 119 17 24
-0.00117044 0 0 4 4 341 119 17 24
-0.00117045 0 2 4 4 341 119 17 24
-0.00117047 0 4 4 4 341 119 17 24
-0.00117046 0 6 4 4 341 119 17 24
-0.00117045 0 8 4 4 341 119 17 24
-0.00117043 0 10 4 4 341 119 17 24
-0.00117047 0 12 4 4 341 119 17 24
-0.00117043 0 14 4 4 341 119 17 24
-0.00117035 0 16 4 4 341 119 17 24
-0.00117048 0 18 4 4 341 119 17 24
-0.00117021 2 0 4 4 341 119 17 24
-0.00117044 2 2 4 4 341 119 17 24
-0.00117027 2 4 4 4 341 119 17 24
-0.00117042 2 6 4 4 341 119 17 24
-0.00117046 2 8 4 4 341 119 17 24
-0.00116971 2 10 4 4 341 119 17 24
-0.00117035 2 12 4 4 341 119 17 24
-0.00117031 2 14 4 4 341 119 17 24
-0.0011704 2 16 4 4 341 119 17 24
-0.00117048 2 18 4 4 341 119 17 24
-0.00116999 4 0 4 4 341 119 17 24
-0.00117034 4 2 4 4 341 119 17 24
-0.00117046 4 4 4 4 341 119 17 24
-0.00117039 4 6 4 4 341 119 17 24
-0.00117046 4 8 4 4 341 119 17 24
-0.00117038 4 10 4 4 341 119 17 24
-0.00117023 4 12 4 4 341 119 17 24
-0.00117016 4 14 4 4 341 119 17 24
-0.00117025 4 16 4 4 341 119 17 24
-0.00117036 4 18 4 4 341 119 17 24
-0.00117036 6 0 4 4 341 119 17 24
-0.00117019 6 2 4 4 341 119 17 24
-0.00117042 6 4 4 4 341 119 17 24
-0.00117047 6 6 4 4 341 119 17 24
-0.00117027 6 8 4 4 341 119 17 24
-0.00117021 6 10 4 4 341 119 17 24
-0.00117041 6 12 4 4 341 119 17 24
-0.00117046 6 14 4 4 341 119 17 24
-0.00117029 6 16 4 4 341 119 17 24
-0.00116974 6 18 4 4 341 119 17 24
-0.00117034 8 0 4 4 341 119 17 24
-0.00116999 8 2 4 4 341 119 17 24
-0.0011704 8 4 4 4 341 119 17 24
-0.00117047 8 6 4 4 341 119 17 24
-0.00117042 8 8 4 4 341 119 17 24
-0.00117044 8 10 4 4 341 119 17 24
-0.00117048 8 12 4 4 341 119 17 24
-0.00117048 8 14 4 4 341 119 17 24
-0.00117039 8 16 4 4 341 119 17 24
-0.00117026 8 18 4 4 341 119 17 24
-0.00117039 10 0 4 4 341 119 17 24
-0.00116968 10 2 4 4 341 119 17 24
-0.00117033 10 4 4 4 341 119 17 24
-0.00117041 10 6 4 4 341 119 17 24
-0.00117039 10 8 4 4 341 119 17 24
-0.0011703 10 10 4 4 341 119 17 24
-0.00117042 10 12 4 4 341 119 17 24
-0.00117048 10 14 4 4 341 119 17 24
-0.00117045 10 16 4 4 341 119 17 24
-0.00117041 10 18 4 4 341 119 17 24
-0.00117042 0 0 4 4 341 119 17 24
-0.00116863 0 2 4 4 341 119 17 24
-0.0008209 0 4 4 4 341 119 17 24
-0.00116621 0 6 4 4 341 119 17 24
-0.00116859 0 8 4 4 341 119 17 24
-0.00117 0 10 4 4 341 119 17 24
-0.00116987 0 12 4 4 341 119 17 24
-0.00104333 0 14 4 4 341 119 17 24
-0.000521584 0 16 4 4 341 119 17 24
-0.00117027 0 18 4 4 341 119 17 24
-0.00117037 2 0 4 4 341 119 17 24
-0.0011687 2 2 4 4 341 119 17 24
-0.00116533 2 4 4 4 341 119 17 24
-0.00116569 2 6 4 4 341 119 17 24
-0.00116557 2 8 4 4 341 119 17 24
-0.00116617 2 10 4 4 341 119 17 24
-0.000526591 2 12 4 4 341 119 17 24
-0.000612132 2 14 4 4 341 119 17 24
-0.00116905 2 16 4 4 341 119 17 24
-0.00117017 2 18 4 4 341 119 17 24
-0.00116912 4 0 4 4 341 119 17 24
-0.000986247 4 2 4 4 341 119 17 24
-0.000663752 4 4 4 4 341 119 17 24
-0.000539422 4 6 4 4 341 119 17 24
-0.000622291 4 8 4 4 341 119 17 24
-0.000724323 4 10 4 4 341 119 17 24
-0.000709967 4 12 4 4 341 119 17 24
-0.000694279 4 14 4 4 341 119 17 24
-0.00116869 4 16 4 4 341 119 17 24
-0.00116949 4 18 4 4 341 119 17 24
-0.0010151 6 0 4 4 341 119 17 24
-0.0011675 6 2 4 4 341 119 17 24
-0.00116565 6 4 4 4 341 119 17 24
-0.00113726 6 6 4 4 341 119 17 24
-0.00116906 6 8 4 4 341 119 17 24
-0.00116856 6 10 4 4 341 119 17 24
-0.00116812 6 12 4 4 341 119 17 24
-0.00116805 6 14 4 4 341 119 17 24
-0.00116907 6 16 4 4 341 119 17 24
-0.00116934 6 18 4 4 341 119 17 24
-0.00116862 8 0 4 4 341 119 17 24
-0.00116949 8 2 4 4 341 119 17 24
-0.00116943 8 4 4 4 341 119 17 24
-0.00117024 8 6 4 4 341 119 17 24
-0.00117039 8 8 4 4 341 119 17 24
-0.00117033 8 10 4 4 341 119 17 24
-0.00117032 8 12 4 4 341 119 17 24
-0.0011701 8 14 4 4 341 119 17 24
-0.0011703 8 16 4 4 341 119 17 24
-0.00117037 8 18 4 4 341 119 17 24
-0.001167 10 0 4 4 341 119 17 24
-0.00116947 10 2 4 4 341 119 17 24
-0.00116989 10 4 4 4 341 119 17 24
-0.00117008 10 6 4 4 341 119 17 24
-0.00116985 10 8 4 4 341 119 17 24
-0.00116919 10 10 4 4 341 119 17 24
-0.00117032 10 12 4 4 341 119 17 24
-0.00117008 10 14 4 4 341 119 17 24
-0.00117028 10 16 4 4 341 119 17 24
-0.00117009 10 18 4 4 341 119 17 24
-0.00117044 0 0 4 4 341 119 17 24
-0.00117047 0 2 4 4 341 119 17 24
-0.00117047 0 4 4 4 341 119 17 24
-0.00117038 0 6 4 4 341 119 17 24
-0.00116995 0 8 4 4 341 119 17 24
-0.00117003 0 10 4 4 341 119 17 24
-0.00117042 0 12 4 4 341 119 17 24
-0.00117048 0 14 4 4 341 119 17 24
-0.00117047 0 16 4 4 341 119 17 24
-0.00117043 0 18 4 4 341 119 17 24
-0.00117045 2 0 4 4 341 119 17 24
-0.00117027 2 2 4 4 341 119 17 24
-0.00117045 2 4 4 4 341 119 17 24
-0.00117033 2 6 4 4 341 119 17 24
-0.0011699 2 8 4 4 341 119 17 24
-0.00117038 2 10 4 4 341 119 17 24
-0.00117046 2 12 4 4 341 119 17 24
-0.00117045 2 14 4 4 341 119 17 24
-0.00117048 2 16 4 4 341 119 17 24
-0.00117039 2 18 4 4 341 119 17 24
-0.00117036 4 0 4 4 341 119 17 24
-0.00117011 4 2 4 4 341 119 17 24
-0.00117046 4 4 4 4 341 119 17 24
-0.00117034 4 6 4 4 341 119 17 24
-0.00116998 4 8 4 4 341 119 17 24
-0.00117041 4 10 4 4 341 119 17 24
-0.00117047 4 12 4 4 341 119 17 24
-0.00117039 4 14 4 4 341 119 17 24
-0.00117033 4 16 4 4 341 119 17 24
-0.00117045 4 18 4 4 341 119 17 24
-0.00117047 6 0 4 4 341 119 17 24
-0.00117031 6 2 4 4 341 119 17 24
-0.00117047 6 4 4 4 341 119 17 24
-0.00117036 6 6 4 4 341 119 17 24
-0.00116972 6 8 4 4 341 119 17 24
-0.00117037 6 10 4 4 341 119 17 24
-0.00117045 6 12 4 4 341 119 17 24
-0.00117029 6 14 4 4 341 119 17 24
-0.00117045 6 16 4 4 341 119 17 24
-0.00117035 6 18 4 4 341 119 17 24
-0.00117046 8 0 4 4 341 119 17 24
-0.00117028 8 2 4 4 341 119 17 24
-0.00117047 8 4 4 4 341 119 17 24
-0.00117032 8 6 4 4 341 119 17 24
-0.00117 8 8 4 4 341 119 17 24
-0.00117029 8 10 4 4 341 119 17 24
-0.00117038 8 12 4 4 341 119 17 24
-0.00117019 8 14 4 4 341 119 17 24
-0.00117035 8 16 4 4 341 119 17 24
-0.00117043 8 18 4 4 341 119 17 24
-0.00117046 10 0 4 4 341 119 17 24
-0.00117041 10 2 4 4 341 119 17 24
-0.00117047 10 4 4 4 341 119 17 24
-0.00117028 10 6 4 4 341 119 17 24
-0.00117017 10 8 4 4 341 119 17 24
-0.00117036 10 10 4 4 341 119 17 24
-0.00117031 10 12 4 4 341 119 17 24
-0.00117001 10 14 4 4 341 119 17 24
-0.00117017 10 16 4 4 341 119 17 24
-0.00117034 10 18 4 4 341 119 17 24
-0.00117043 0 0 4 4 341 119 17 24
-0.00117035 0 2 4 4 341 119 17 24
-0.00116996 0 4 4 4 341 119 17 24
-0.00117018 0 6 4 4 341 119 17 24
-0.00117035 0 8 4 4 341 119 17 24
-0.00117021 0 10 4 4 341 119 17 24
-0.00117042 0 12 4 4 341 119 17 24
-0.00117038 0 14 4 4 341 119 17 24
-0.00117043 0 16 4 4 341 119 17 24
-0.00117008 0 18 4 4 341 119 17 24
-0.00117045 2 0 4 4 341 119 17 24
-0.00117035 2 2 4 4 341 119 17 24
-0.00117023 2 4 4 4 341 119 17 24
-0.00117029 2 6 4 4 341 119 17 24
-0.00117018 2 8 4 4 341 119 17 24
-0.00116963 2 10 4 4 341 119 17 24
-0.00117037 2 12 4 4 341 119 17 24
-0.00117038 2 14 4 4 341 119 17 24
-0.00117042 2 16 4 4 341 119 17 24
-0.00117043 2 18 4 4 341 119 17 24
-0.00117047 4 0 4 4 341 119 17 24
-0.00117044 4 2 4 4 341 119 17 24
-0.00117037 4 4 4 4 341 119 17 24
-0.00117015 4 6 4 4 341 119 17 24
-0.00116852 4 8 4 4 341 119 17 24
-0.00116999 4 10 4 4 341 119 17 24
-0.00117035 4 12 4 4 341 119 17 24
-0.00117035 4 14 4 4 341 119 17 24
-0.00116897 4 16 4 4 341 119 17 24
-0.00116971 4 18 4 4 341 119 17 24
-0.00117046 6 0 4 4 341 119 17 24
-0.00117046 6 2 4 4 341 119 17 24
-0.00117038 6 4 4 4 341 119 17 24
-0.00116985 6 6 4 4 341 119 17 24
-0.00117022 6 8 4 4 341 119 17 24
-0.0011702 6 10 4 4 341 119 17 24
-0.00117032 6 12 4 4 341 119 17 24
-0.00117044 6 14 4 4 341 119 17 24
-0.00117042 6 16 4 4 341 119 17 24
-0.0011687 6 18 4 4 341 119 17 24
-0.00117043 8 0 4 4 341 119 17 24
-0.00117047 8 2 4 4 341 119 17 24
-0.0011704 8 4 4 4 341 119 17 24
-0.00117009 8 6 4 4 341 119 17 24
-0.00117037 8 8 4 4 341 119 17 24
-0.00117037 8 10 4 4 341 119 17 24
-0.00117014 8 12 4 4 341 119 17 24
-0.00117029 8 14 4 4 341 119 17 24
-0.00117045 8 16 4 4 341 119 17 24
-0.00117034 8 18 4 4 341 119 17 24
-0.00117043 10 0 4 4 341 119 17 24
-0.00117051 10 2 4 4 341 119 17 24
-0.00117042 10 4 4 4 341 119 17 24
-0.00116977 10 6 4 4 341 119 17 24
-0.00117009 10 8 4 4 341 119 17 24
-0.00117037 10 10 4 4 341 119 17 24
-0.0011703 10 12 4 4 341 119 17 24
-0.00117011 10 14 4 4 341 119 17 24
-0.00117039 10 16 4 4 341 119 17 24
-0.00117042 10 18 4 4 341 119 17 24
-0.00117022 0 0 6 6 341 119 17 24
-0.00117004 0 3 6 6 341 119 17 24
-0.00116837 0 6 6 6 341 119 17 24
-0.00116786 0 9 6 6 341 119 17 24
-0.0011686 0 12 6 6 341 119 17 24
-0.00116864 0 15 6 6 341 119 17 24
-0.00116926 0 18 6 6 341 119 17 24
-0.00116969 3 0 6 6 341 119 17 24
-0.00116999 3 3 6 6 341 119 17 24
-0.00116962 3 6 6 6 341 119 17 24
-0.00117027 3 9 6 6 341 119 17 24
-0.0011703 3 12 6 6 341 119 17 24
-0.00116935 3 15 6 6 341 119 17 24
-0.00116664 3 18 6 6 341 119 17 24
-0.00116996 6 0 6 6 341 119 17 24
-0.00116993 6 3 6 6 341 119 17 24
-0.00116834 6 6 6 6 341 119 17 24
-0.00116918 6 9 6 6 341 119 17 24
-0.00116993 6 12 6 6 341 119 17 24
-0.00116754 6 15 6 6 341 119 17 24
-0.00116857 6 18 6 6 341 119 17 24
-0.00116916 9 0 6 6 341 119 17 24
-0.00116881 9 3 6 6 341 119 17 24
-0.00116908 9 6 6 6 341 119 17 24
-0.00116831 9 9 6 6 341 119 17 24
-0.00116976 9 12 6 6 341 119 17 24
-0.00116852 9 15 6 6 341 119 17 24
-0.0011691 9 18 6 6 341 119 17 24
-0.00116717 0 0 6 6 341 119 17 24
-0.00116964 0 3 6 6 341 119 17 24
-0.00117033 0 6 6 6 341 119 17 24
-0.00117031 0 9 6 6 341 119 17 24
-0.00117036 0 12 6 6 341 119 17 24
-0.00117042 0 15 6 6 341 119 17 24
-0.00117018 0 18 6 6 341 119 17 24
-0.000546225 3 0 6 6 341 119 17 24
-0.00106194 3 3 6 6 341 119 17 24
-0.00116929 3 6 6 6 341 119 17 24
-0.00116992 3 9 6 6 341 119 17 24
-0.00116987 3 12 6 6 341 119 17 24
-0.00116843 3 15 6 6 341 119 17 24
-0.00117027 3 18 6 6 341 119 17 24
-0.00109968 6 0 6 6 341 119 17 24
-0.00116649 6 3 6 6 341 119 17 24
-0.000601647 6 6 6 6 341 119 17 24
-0.0011684 6 9 6 6 341 119 17 24
-0.00116559 6 12 6 6 341 119 17 24
-0.00116953 6 15 6 6 341 119 17 24
-0.00117028 6 18 6 6 341 119 17 24
-0.00116917 9 0 6 6 341 119 17 24
-0.00116879 9 3 6 6 341 119 17 24
-0.00116793 9 6 6 6 341 119 17 24
-0.00116989 9 9 6 6 341 119 17 24
-0.00116947 9 12 6 6 341 119 17 24
-0.00116881 9 15 6 6 341 119 17 24
-0.00116971 9 18 6 6 341 119 17 24
-0.0011701 0 0 6 6 341 119 17 24
-0.00117039 0 3 6 6 341 119 17 24
-0.00117012 0 6 6 6 341 119 17 24
-0.00116977 0 9 6 6 341 119 17 24
-0.00117007 0 12 6 6 341 119 17 24
-0.00117012 0 15 6 6 341 119 17 24
-0.00116707 0 18 6 6 341 119 17 24
-0.00116819 3 0 6 6 341 119 17 24
-0.00116968 3 3 6 6 341 119 17 24
-0.00117006 3 6 6 6 341 119 17 24
-0.00116955 3 9 6 6 341 119 17 24
-0.00116833 3 12 6 6 341 119 17 24
-0.00116799 3 15 6 6 341 119 17 24
-0.000513539 3 18 6 6 341 119 17 24
-0.00116889 6 0 6 6 341 119 17 24
-0.00116739 6 3 6 6 341 119 17 24
-0.00116734 6 6 6 6 341 119 17 24
-0.00116974 6 9 6 6 341 119 17 24
-0.000928333 6 12 6 6 341 119 17 24
-0.00116795 6 15 6 6 341 119 17 24
-0.00116551 6 18 6 6 341 119 17 24
-0.00116737 9 0 6 6 341 119 17 24
-0.000869419 9 3 6 6 341 119 17 24
-0.00116684 9 6 6 6 341 119 17 24
-0.00116968 9 9 6 6 341 119 17 24
-0.00116871 9 12 6 6 341 119 17 24
-0.00116918 9 15 6 6 341 119 17 24
-0.00116916 9 18 6 6 341 119 17 24
-0.00117039 0 0 6 6 341 119 17 24
-0.00116945 0 3 6 6 341 119 17 24
-0.00116701 0 6 6 6 341 119 17 24
-0.00116965 0 9 6 6 341 119 17 24
-0.0011695 0 12 6 6 341 119 17 24
-0.0011667 0 15 6 6 341 119 17 24
-0.00116894 0 18 6 6 341 119 17 24
-0.00117029 3 0 6 6 341 119 17 24
-0.00116865 3 3 6 6 341 119 17 24
-0.000976591 3 6 6 6 341 119 17 24
-0.000889039 3 9 6 6 341 119 17 24
-0.00116868 3 12 6 6 341 119 17 24
-0.00107141 3 15 6 6 341 119 17 24
-0.0011665 3 18 6 6 341 119 17 24
-0.0011703 6 0 6 6 341 119 17 24
-0.00116661 6 3 6 6 341 119 17 24
-0.000501785 6 6 6 6 341 119 17 24
-0.000582526 6 9 6 6 341 119 17 24
-0.00116733 6 12 6 6 341 119 17 24
-0.00116785 6 15 6 6 341 119 17 24
-0.00116936 6 18 6 6 341 119 17 24
-0.00117036 9 0 6 6 341 119 17 24
-0.00116845 9 3 6 6 341 119 17 24
-0.00116905 9 6 6 6 341 119 17 24
-0.00116841 9 9 6 6 341 119 17 24
-0.00116775 9 12 6 6 341 119 17 24
-0.00117015 9 15 6 6 341 119 17 24
-0.00117037 9 18 6 6 341 119 17 24
-0.00117045 0 0 6 6 341 119 17 24
-0.00116964 0 3 6 6 341 119 17 24
-0.00117031 0 6 6 6 341 119 17 24
-0.00117038 0 9 6 6 341 119 17 24
-0.00116898 0 12 6 6 341 119 17 24
-0.00117014 0 15 6 6 341 119 17 24
-0.00117039 0 18 6 6 341 119 17 24
-0.00117046 3 0 6 6 341 119 17 24
-0.00117037 3 3 6 6 341 119 17 24
-0.00117039 3 6 6 6 341 119 17 24
-0.00117039 3 9 6 6 341 119 17 24
-0.00117034 3 12 6 6 341 119 17 24
-0.00117043 3 15 6 6 341 119 17 24
-0.0011703 3 18 6 6 341 119 17 24
-0.00117045 6 0 6 6 341 119 17 24
-0.00116943 6 3 6 6 341 119 17 24
-0.00117035 6 6 6 6 341 119 17 24
-0.00117039 6 9 6 6 341 119 17 24
-0.00117007 6 12 6 6 341 119 17 24
-0.00117042 6 15 6 6 341 119 17 24
-0.00116959 6 18 6 6 341 119 17 24
-0.00117037 9 0 6 6 341 119 17 24
-0.00117028 9 3 6 6 341 119 17 24
-0.00117005 9 6 6 6 341 119 17 24
-0.0011702 9 9 6 6 341 119 17 24
-0.00116987 9 12 6 6 341 119 17 24
-0.00117039 9 15 6 6 341 119 17 24
-0.00116941 9 18 6 6 341 119 17 24
-0.00116955 0 0 6 6 341 119 17 24
-0.00117043 0 3 6 6 341 119 17 24
-0.00117035 0 6 6 6 341 119 17 24
-0.00117037 0 9 6 6 341 119 17 24
-0.0011696 0 12 6 6 341 119 17 24
-0.00117003 0 15 6 6 341 119 17 24
-0.0011704 0 18 6 6 341 119 17 24
-0.00117 3 0 6 6 341 119 17 24
-0.00117042 3 3 6 6 341 119 17 24
-0.00117031 3 6 6 6 341 119 17 24
-0.00117035 3 9 6 6 341 119 17 24
-0.00117024 3 12 6 6 341 119 17 24
-0.00117019 3 15 6 6 341 119 17 24
-0.00117021 3 18 6 6 341 119 17 24
-0.00117023 6 0 6 6 341 119 17 24
-0.00116901 6 3 6 6 341 119 17 24
-0.00117037 6 6 6 6 341 119 17 24
-0.00116993 6 9 6 6 341 119 17 24
-0.00117012 6 12 6 6 341 119 17 24
-0.00117023 6 15 6 6 341 119 17 24
-0.00116786 6 18 6 6 341 119 17 24
-0.00117018 9 0 6 6 341 119 17 24
-0.00116863 9 3 6 6 341 119 17 24
-0.00117014 9 6 6 6 341 119 17 24
-0.00117011 9 9 6 6 341 119 17 24
-0.00117035 9 12 6 6 341 119 17 24
-0.0011704 9 15 6 6 341 119 17 24
-0.00117038 9 18 6 6 341 119 17 24
-0.00117027 0 0 6 6 341 119 17 24
-0.00117046 0 3 6 6 341 119 17 24
-0.00117047 0 6 6 6 341 119 17 24
-0.00117022 0 9 6 6 341 119 17 24
-0.00117007 0 12 6 6 341 119 17 24
-0.0011702 0 15 6 6 341 119 17 24
-0.00117039 0 18 6 6 341 119 17 24
-0.00117015 3 0 6 6 341 119 17 24
-0.00117045 3 3 6 6 341 119 17 24
-0.00116996 3 6 6 6 341 119 17 24
-0.00117039 3 9 6 6 341 119 17 24
-0.00116999 3 12 6 6 341 119 17 24
-0.00116957 3 15 6 6 341 119 17 24
-0.00117007 3 18 6 6 341 119 17 24
-0.0011695 6 0 6 6 341 119 17 24
-0.00117036 6 3 6 6 341 119 17 24
-0.00117045 6 6 6 6 341 119 17 24
-0.00117023 6 9 6 6 341 119 17 24
-0.00117039 6 12 6 6 341 119 17 24
-0.00117011 6 15 6 6 341 119 17 24
-0.00116962 6 18 6 6 341 119 17 24
-0.00116969 9 0 6 6 341 119 17 24
-0.0011702 9 3 6 6 341 119 17 24
-0.00117037 9 6 6 6 341 119 17 24
-0.00117005 9 9 6 6 341 119 17 24
-0.00117038 9 12 6 6 341 119 17 24
-0.00117041 9 15 6 6 341 119 17 24
-0.00117041 9 18 6 6 341 119 17 24
-0.00117016 0 0 6 6 341 119 17 24
-0.000908876 0 3 6 6 341 119 17 24
-0.000957353 0 6 6 6 341 119 17 24
-0.00116838 0 9 6 6 341 119 17 24
-0.00116651 0 12 6 6 341 119 17 24
-0.00116624 0 15 6 6 341 119 17 24
-0.00117048 0 18 6 6 341 119 17 24
-0.00116928 3 0 6 6 341 119 17 24
-0.000493862 3 3 6 6 341 119 17 24
-0.000510074 3 6 6 6 341 119 17 24
-0.000830034 3 9 6 6 341 119 17 24
-0.000643076 3 12 6 6 341 119 17 24
-0.00116745 3 15 6 6 341 119 17 24
-0.00116928 3 18 6 6 341 119 17 24
-0.00116848 6 0 6 6 341 119 17 24
-0.0011559 6 3 6 6 341 119 17 24
-0.00117 6 6 6 6 341 119 17 24
-0.00116992 6 9 6 6 341 119 17 24
-0.00116903 6 12 6 6 341 119 17 24
-0.00116823 6 15 6 6 341 119 17 24
-0.00116965 6 18 6 6 341 119 17 24
-0.00116845 9 0 6 6 341 119 17 24
-0.000783036 9 3 6 6 341 119 17 24
-0.00117011 9 6 6 6 341 119 17 24
-0.00116953 9 9 6 6 341 119 17 24
-0.0011693 9 12 6 6 341 119 17 24
-0.0011673 9 15 6 6 341 119 17 24
-0.0011692 9 18 6 6 341 119 17 24
-0.00117045 0 0 6 6 341 119 17 24
-0.00117043 0 3 6 6 341 119 17 24
-0.00116965 0 6 6 6 341 119 17 24
-0.00117028 0 9 6 6 341 119 17 24
-0.00117047 0 12 6 6 341 119 17 24
-0.00117048 0 15 6 6 341 119 17 24
-0.00116965 0 18 6 6 341 119 17 24
-0.00117033 3 0 6 6 341 119 17 24
-0.00117043 3 3 6 6 341 119 17 24
-0.00116741 3 6 6 6 341 119 17 24
-0.00117033 3 9 6 6 341 119 17 24
-0.00117041 3 12 6 6 341 119 17 24
-0.00117036 3 15 6 6 341 119 17 24
-0.00117026 3 18 6 6 341 119 17 24
-0.00117047 6 0 6 6 341 119 17 24
-0.00117046 6 3 6 6 341 119 17 24
-0.00116987 6 6 6 6 341 119 17 24
-0.00117009 6 9 6 6 341 119 17 24
-0.00117028 6 12 6 6 341 119 17 24
-0.00117021 6 15 6 6 341 119 17 24
-0.00117022 6 18 6 6 341 119 17 24
-0.00117047 9 0 6 6 341 119 17 24
-0.00117046 9 3 6 6 341 119 17 24
-0.00116966 9 6 6 6 341 119 17 24
-0.00117011 9 9 6 6 341 119 17 24
-0.00116852 9 12 6 6 341 119 17 24
-0.00116976 9 15 6 6 341 119 17 24
-0.00117032 9 18 6 6 341 119 17 24
-0.00117036 0 0 6 6 341 119 17 24
-0.00116973 0 3 6 6 341 119 17 24
-0.00116997 0 6 6 6 341 119 17 24
-0.00117029 0 9 6 6 341 119 17 24
-0.00117012 0 12 6 6 341 119 17 24
-0.00117016 0 15 6 6 341 119 17 24
-0.0011692 0 18 6 6 341 119 17 24
-0.0011704 3 0 6 6 341 119 17 24
-0.00117016 3 3 6 6 341 119 17 24
-0.00116987 3 6 6 6 341 119 17 24
-0.00116986 3 9 6 6 341 119 17 24
-0.00117026 3 12 6 6 341 119 17 24
-0.00117007 3 15 6 6 341 119 17 24
-0.00117021 3 18 6 6 341 119 17 24
-0.0011704 6 0 6 6 341 119 17 24
-0.00116996 6 3 6 6 341 119 17 24
-0.00117002 6 6 6 6 341 119 17 24
-0.00117014 6 9 6 6 341 119 17 24
-0.00116903 6 12 6 6 341 119 17 24
-0.00117043 6 15 6 6 341 119 17 24
-0.00116998 6 18 6 6 341 119 17 24
-0.00117038 9 0 6 6 341 119 17 24
-0.00117009 9 3 6 6 341 119 17 24
-0.00117014 9 6 6 6 341 119 17 24
-0.00117029 9 9 6 6 341 119 17 24
-0.00116883 9 12 6 6 341 119 17 24
-0.00117027 9 15 6 6 341 119 17 24
-0.00117033 9 18 6 6 341 119 17 24
-0.00116997 0 0 8 8 341 119 17 24
-0.00116875 0 4 8 8 341 119 17 24
-0.00116837 0 8 8 8 341 119 17 24
-0.00116816 0 12 8 8 341 119 17 24
-0.00116748 0 16 8 8 341 119 17 24
-0.00116933 4 0 8 8 341 119 17 24
-0.00105268 4 4 8 8 341 119 17 24
-0.00116809 4 8 8 8 341 119 17 24
-0.00116688 4 12 8 8 341 119 17 24
-0.000653681 4 16 8 8 341 119 17 24
-0.00116901 8 0 8 8 341 119 17 24
-0.00116831 8 4 8 8 341 119 17 24
-0.00116849 8 8 8 8 341 119 17 24
-0.00116907 8 12 8 8 341 119 17 24
-0.00116769 8 16 8 8 341 119 17 24
-0.00116577 0 0 8 8 341 119 17 24
-0.00116997 0 4 8 8 341 119 17 24
-0.00117033 0 8 8 8 341 119 17 24
-0.00117035 0 12 8 8 341 119 17 24
-0.00117012 0 16 8 8 341 119 17 24
-0.000573526 4 0 8 8 341 119 17 24
-0.00116599 4 4 8 8 341 119 17 24
-0.00111854 4 8 8 8 341 119 17 24
-0.000704222 4 12 8 8 341 119 17 24
-0.00116992 4 16 8 8 341 119 17 24
-0.00116864 8 0 8 8 341 119 17 24
-0.00116725 8 4 8 8 341 119 17 24
-0.00116868 8 8 8 8 341 119 17 24
-0.00116975 8 12 8 8 341 119 17 24
-0.001169 8 16 8 8 341 119 17 24
-0.00117005 0 0 8 8 341 119 17 24
-0.00117022 0 4 8 8 341 119 17 24
-0.00116973 0 8 8 8 341 119 17 24
-0.00116981 0 12 8 8 341 119 17 24
-0.0011681 0 16 8 8 341 119 17 24
-0.00116775 4 0 8 8 341 119 17 24
-0.00116904 4 4 8 8 341 119 17 24
-0.00116899 4 8 8 8 341 119 17 24
-0.000995856 4 12 8 8 341 119 17 24
-0.00116643 4 16 8 8 341 119 17 24
-0.000673629 8 0 8 8 341 119 17 24
-0.000966917 8 4 8 8 341 119 17 24
-0.00116905 8 8 8 8 341 119 17 24
-0.00116752 8 12 8 8 341 119 17 24
-0.00116892 8 16 8 8 341 119 17 24
-0.00117017 0 0 8 8 341 119 17 24
-0.00116667 0 4 8 8 341 119 17 24
-0.00116759 0 8 8 8 341 119 17 24
-0.00116791 0 12 8 8 341 119 17 24
-0.00116689 0 16 8 8 341 119 17 24
-0.00116995 4 0 8 8 341 119 17 24
-0.000734616 4 4 8 8 341 119 17 24
-0.000875222 4 8 8 8 341 119 17 24
-0.00116563 4 12 8 8 341 119 17 24
-0.00116837 4 16 8 8 341 119 17 24
-0.00117006 8 0 8 8 341 119 17 24
-0.00116768 8 4 8 8 341 119 17 24
-0.00116603 8 8 8 8 341 119 17 24
-0.0011684 8 12 8 8 341 119 17 24
-0.0011703 8 16 8 8 341 119 17 24
-0.0011703 0 0 8 8 341 119 17 24
-0.00116921 0 4 8 8 341 119 17 24
-0.00116992 0 8 8 8 341 119 17 24
-0.00116836 0 12 8 8 341 119 17 24
-0.00117033 0 16 8 8 341 119 17 24
-0.00117041 4 0 8 8 341 119 17 24
-0.00117012 4 4 8 8 341 119 17 24
-0.00116998 4 8 8 8 341 119 17 24
-0.00117024 4 12 8 8 341 119 17 24
-0.00117013 4 16 8 8 341 119 17 24
-0.00117029 8 0 8 8 341 119 17 24
-0.00117008 8 4 8 8 341 119 17 24
-0.00116937 8 8 8 8 341 119 17 24
-0.00116972 8 12 8 8 341 119 17 24
-0.00116982 8 16 8 8 341 119 17 24
-0.00116949 0 0 8 8 341 119 17 24
-0.0011704 0 4 8 8 341 119 17 24
-0.00117026 0 8 8 8 341 119 17 24
-0.00116679 0 12 8 8 341 119 17 24
-0.00117007 0 16 8 8 341 119 17 24
-0.00116798 4 0 8 8 341 119 17 24
-0.00116921 4 4 8 8 341 119 17 24
-0.00116982 4 8 8 8 341 119 17 24
-0.00117008 4 12 8 8 341 119 17 24
-0.00116954 4 16 8 8 341 119 17 24
-0.001169 8 0 8 8 341 119 17 24
-0.00116932 8 4 8 8 341 119 17 24
-0.00116973 8 8 8 8 341 119 17 24
-0.00117024 8 12 8 8 341 119 17 24
-0.00117028 8 16 8 8 341 119 17 24
-0.00116999 0 0 8 8 341 119 17 24
-0.00117008 0 4 8 8 341 119 17 24
-0.00117036 0 8 8 8 341 119 17 24
-0.00116967 0 12 8 8 341 119 17 24
-0.00116869 0 16 8 8 341 119 17 24
-0.00116956 4 0 8 8 341 119 17 24
-0.00117042 4 4 8 8 341 119 17 24
-0.00117008 4 8 8 8 341 119 17 24
-0.00116939 4 12 8 8 341 119 17 24
-0.00093811 4 16 8 8 341 119 17 24
-0.00116845 8 0 8 8 341 119 17 24
-0.00117011 8 4 8 8 341 119 17 24
-0.00117016 8 8 8 8 341 119 17 24
-0.0011702 8 12 8 8 341 119 17 24
-0.0011703 8 16 8 8 341 119 17 24
-0.00116937 0 0 8 8 341 119 17 24
-0.000657911 0 4 8 8 341 119 17 24
-0.000859521 0 8 8 8 341 119 17 24
-0.000714334 0 12 8 8 341 119 17 24
-0.00117035 0 16 8 8 341 119 17 24
-0.00116723 4 0 8 8 341 119 17 24
-0.0011682 4 4 8 8 341 119 17 24
-0.00116858 4 8 8 8 341 119 17 24
-0.00116825 4 12 8 8 341 119 17 24
-0.0011679 4 16 8 8 341 119 17 24
-0.00089899 8 0 8 8 341 119 17 24
-0.0011667 8 4 8 8 341 119 17 24
-0.00116598 8 8 8 8 341 119 17 24
-0.00116795 8 12 8 8 341 119 17 24
-0.00116835 8 16 8 8 341 119 17 24
-0.00117042 0 0 8 8 341 119 17 24
-0.00116917 0 4 8 8 341 119 17 24
-0.00116981 0 8 8 8 341 119 17 24
-0.00117034 0 12 8 8 341 119 17 24
-0.00116953 0 16 8 8 341 119 17 24
-0.00117043 4 0 8 8 341 119 17 24
-0.00116944 4 4 8 8 341 119 17 24
-0.00116936 4 8 8 8 341 119 17 24
-0.0011702 4 12 8 8 341 119 17 24
-0.0011695 4 16 8 8 341 119 17 24
-0.00117046 8 0 8 8 341 119 17 24
-0.00116979 8 4 8 8 341 119 17 24
-0.00116877 8 8 8 8 341 119 17 24
-0.00116657 8 12 8 8 341 119 17 24
-0.00117021 8 16 8 8 341 119 17 24
-0.00117008 0 0 8 8 341 119 17 24
-0.001169 0 4 8 8 341 119 17 24
-0.00117022 0 8 8 8 341 119 17 24
-0.00116595 0 12 8 8 341 119 17 24
-0.00116906 0 16 8 8 341 119 17 24
-0.00117018 4 0 8 8 341 119 17 24
-0.00116975 4 4 8 8 341 119 17 24
-0.00110914 4 8 8 8 341 119 17 24
-0.00116879 4 12 8 8 341 119 17 24
-0.00117009 4 16 8 8 341 119 17 24
-0.00117023 8 0 8 8 341 119 17 24
-0.00117023 8 4 8 8 341 119 17 24
-0.00116968 8 8 8 8 341 119 17 24
-0.00116805 8 12 8 8 341 119 17 24
-0.00117032 8 16 8 8 341 119 17 24
-0.00116647 0 0 11 16 341 119 17 24
-0.000918718 0 8 11 16 341 119 17 24
-0.00116812 5 0 11 16 341 119 17 24
-0.0011654 5 8 11 16 341 119 17 24
-0.0011687 0 0 11 16 341 119 17 24
-0.00117005 0 8 11 16 341 119 17 24
-0.00116543 5 0 11 16 341 119 17 24
-0.00116901 5 8 11 16 341 119 17 24
-0.00116977 0 0 11 16 341 119 17 24
-0.0011691 0 8 11 16 341 119 17 24
-0.00116755 5 0 11 16 341 119 17 24
-0.00116685 5 8 11 16 341 119 17 24
-0.00116856 0 0 11 16 341 119 17 24
-0.00100547 0 8 11 16 341 119 17 24
-0.00116852 5 0 11 16 341 119 17 24
-0.00116798 5 8 11 16 341 119 17 24
-0.00116978 0 0 11 16 341 119 17 24
-0.00116879 0 8 11 16 341 119 17 24
-0.00117002 5 0 11 16 341 119 17 24
-0.00116725 5 8 11 16 341 119 17 24
-0.001169 0 0 11 16 341 119 17 24
-0.00116523 0 8 11 16 341 119 17 24
-0.00116774 5 0 11 16 341 119 17 24
-0.000849616 5 8 11 16 341 119 17 24
-0.00116762 0 0 11 16 341 119 17 24
-0.00116929 0 8 11 16 341 119 17 24
-0.000764108 5 0 11 16 341 119 17 24
-0.000802043 5 8 11 16 341 119 17 24
-0.00116585 0 0 11 16 341 119 17 24
-0.00116865 0 8 11 16 341 119 17 24
-0.00055476 5 0 11 16 341 119 17 24
-0.000545447 5 8 11 16 341 119 17 24
-0.00116901 0 0 11 16 341 119 17 24
-0.0011687 0 8 11 16 341 119 17 24
-0.0011688 5 0 11 16 341 119 17 24
-0.0011691 5 8 11 16 341 119 17 24
-0.000792394 0 0 11 16 341 119 17 24
-0.00116951 0 8 11 16 341 119 17 24
-0.00116891 5 0 11 16 341 119 17 24
-0.00116774 5 8 11 16 341 119 17 24
-0.00109022 0 0 17 24 341 119 17 24
-0.00116833 0 0 17 24 341 119 17 24
-0.00116894 0 0 17 24 341 119 17 24
-0.00116775 0 0 17 24 341 119 17 24
-0.00116772 0 0 17 24 341 119 17 24
-0.000493176 0 0 17 24 341 119 17 24
-0.000683914 0 0 17 24 341 119 17 24
-0.000744661 0 0 17 24 341 119 17 24
-0.00116761 0 0 17 24 341 119 17 24
-0.00103402 0 0 17 24 341 119 17 24
