706 
942 
271 
1081 
219 
314 
1121 
1120 
1105 
218 
1126 
1082 
1025 
375 
1094 
809 
655 
731 
707 
981 
1125 
965 
743 
704 
1096 
1100 
1068 
810 
964 
117 
1106 
851 
712 
984 
936 
1089 
1087 
544 
207 
1116 
235 
370 
1012 
1124 
839 
699 
1122 
139 
116 
982 
1032 
212 
1098 
229 
1090 
211 
742 
797 
947 
234 
708 
732 
779 
1109 
146 
1059 
735 
970 
1034 
939 
241 
324 
156 
1029 
153 
1080 
144 
1095 
744 
641 
