-0.00276345 0 0 46 39 342 216 234 156
-0.00276348 0 19 46 39 342 216 234 156
-0.00276356 0 38 46 39 342 216 234 156
-0.00276245 0 57 46 39 342 216 234 156
-0.00276215 0 76 46 39 342 216 234 156
-0.00276144 0 95 46 39 342 216 234 156
-0.00276337 0 114 46 39 342 216 234 156
-0.0027624 23 0 46 39 342 216 234 156
-0.00276068 23 19 46 39 342 216 234 156
-0.0027584 23 38 46 39 342 216 234 156
-0.00276042 23 57 46 39 342 216 234 156
-0.00276043 23 76 46 39 342 216 234 156
-0.00275648 23 95 46 39 342 216 234 156
-0.00276261 23 114 46 39 342 216 234 156
-0.00276119 46 0 46 39 342 216 234 156
-0.00275536 46 19 46 39 342 216 234 156
-0.00276131 46 38 46 39 342 216 234 156
-0.00276331 46 57 46 39 342 216 234 156
-0.00276268 46 76 46 39 342 216 234 156
-0.00275315 46 95 46 39 342 216 234 156
-0.00276208 46 114 46 39 342 216 234 156
-0.00276298 69 0 46 39 342 216 234 156
-0.00276321 69 19 46 39 342 216 234 156
-0.00276291 69 38 46 39 342 216 234 156
-0.00275943 69 57 46 39 342 216 234 156
-0.00276264 69 76 46 39 342 216 234 156
-0.00276182 69 95 46 39 342 216 234 156
-0.00276177 69 114 46 39 342 216 234 156
-0.00275701 92 0 46 39 342 216 234 156
-0.00276029 92 19 46 39 342 216 234 156
-0.00276291 92 38 46 39 342 216 234 156
-0.00276212 92 57 46 39 342 216 234 156
-0.00275863 92 76 46 39 342 216 234 156
-0.00276279 92 95 46 39 342 216 234 156
-0.00276205 92 114 46 39 342 216 234 156
-0.00276354 115 0 46 39 342 216 234 156
-0.00276301 115 19 46 39 342 216 234 156
-0.00276076 115 38 46 39 342 216 234 156
-0.00276042 115 57 46 39 342 216 234 156
-0.00276248 115 76 46 39 342 216 234 156
-0.00276352 115 95 46 39 342 216 234 156
-0.00276264 115 114 46 39 342 216 234 156
-0.00276129 138 0 46 39 342 216 234 156
-0.00275971 138 19 46 39 342 216 234 156
-0.00276315 138 38 46 39 342 216 234 156
-0.00276294 138 57 46 39 342 216 234 156
-0.00276301 138 76 46 39 342 216 234 156
-0.00276362 138 95 46 39 342 216 234 156
-0.00276314 138 114 46 39 342 216 234 156
-0.00276138 161 0 46 39 342 216 234 156
-0.00276233 161 19 46 39 342 216 234 156
-0.00276388 161 38 46 39 342 216 234 156
-0.00276246 161 57 46 39 342 216 234 156
-0.00276336 161 76 46 39 342 216 234 156
-0.00276223 161 95 46 39 342 216 234 156
-0.00276337 161 114 46 39 342 216 234 156
-0.00276022 184 0 46 39 342 216 234 156
-0.00276302 184 19 46 39 342 216 234 156
-0.0027634 184 38 46 39 342 216 234 156
-0.00276275 184 57 46 39 342 216 234 156
-0.00276341 184 76 46 39 342 216 234 156
-0.00276389 184 95 46 39 342 216 234 156
-0.00276232 184 114 46 39 342 216 234 156
-0.00276302 0 0 46 39 342 216 234 156
-0.0027628 0 19 46 39 342 216 234 156
-0.00275838 0 38 46 39 342 216 234 156
-0.00276178 0 57 46 39 342 216 234 156
-0.00276345 0 76 46 39 342 216 234 156
-0.00275758 0 95 46 39 342 216 234 156
-0.00276257 0 114 46 39 342 216 234 156
-0.00276381 23 0 46 39 342 216 234 156
-0.00276402 23 19 46 39 342 216 234 156
-0.00276408 23 38 46 39 342 216 234 156
-0.00276413 23 57 46 39 342 216 234 156
-0.00276338 23 76 46 39 342 216 234 156
-0.0027629 23 95 46 39 342 216 234 156
-0.00276352 23 114 46 39 342 216 234 156
-0.00276399 46 0 46 39 342 216 234 156
-0.00276384 46 19 46 39 342 216 234 156
-0.00276409 46 38 46 39 342 216 234 156
-0.00276363 46 57 46 39 342 216 234 156
-0.00276065 46 76 46 39 342 216 234 156
-0.00276374 46 95 46 39 342 216 234 156
-0.00276384 46 114 46 39 342 216 234 156
-0.00276389 69 0 46 39 342 216 234 156
-0.00276415 69 19 46 39 342 216 234 156
-0.00276151 69 38 46 39 342 216 234 156
-0.00276235 69 57 46 39 342 216 234 156
-0.00276282 69 76 46 39 342 216 234 156
-0.00276421 69 95 46 39 342 216 234 156
-0.00276377 69 114 46 39 342 216 234 156
-0.00276301 92 0 46 39 342 216 234 156
-0.00276387 92 19 46 39 342 216 234 156
-0.00276309 92 38 46 39 342 216 234 156
-0.0027639 92 57 46 39 342 216 234 156
-0.00276424 92 76 46 39 342 216 234 156
-0.00276417 92 95 46 39 342 216 234 156
-0.00276316 92 114 46 39 342 216 234 156
-0.00276424 115 0 46 39 342 216 234 156
-0.00276408 115 19 46 39 342 216 234 156
-0.00276417 115 38 46 39 342 216 234 156
-0.00276406 115 57 46 39 342 216 234 156
-0.00276396 115 76 46 39 342 216 234 156
-0.0027635 115 95 46 39 342 216 234 156
-0.00276012 115 114 46 39 342 216 234 156
-0.00276236 138 0 46 39 342 216 234 156
-0.00276424 138 19 46 39 342 216 234 156
-0.00276374 138 38 46 39 342 216 234 156
-0.00276183 138 57 46 39 342 216 234 156
-0.00275943 138 76 46 39 342 216 234 156
-0.0027566 138 95 46 39 342 216 234 156
-0.00275833 138 114 46 39 342 216 234 156
-0.00276403 161 0 46 39 342 216 234 156
-0.00276413 161 19 46 39 342 216 234 156
-0.00276154 161 38 46 39 342 216 234 156
-0.00275261 161 57 46 39 342 216 234 156
-0.0021091 161 76 46 39 342 216 234 156
-0.00166414 161 95 46 39 342 216 234 156
-0.00276255 161 114 46 39 342 216 234 156
-0.00276413 184 0 46 39 342 216 234 156
-0.00276381 184 19 46 39 342 216 234 156
-0.00276249 184 38 46 39 342 216 234 156
-0.00276388 184 57 46 39 342 216 234 156
-0.0027633 184 76 46 39 342 216 234 156
-0.00275052 184 95 46 39 342 216 234 156
-0.00276325 184 114 46 39 342 216 234 156
-0.00276305 0 0 46 39 342 216 234 156
-0.00276377 0 19 46 39 342 216 234 156
-0.00276371 0 38 46 39 342 216 234 156
-0.00276311 0 57 46 39 342 216 234 156
-0.0027593 0 76 46 39 342 216 234 156
-0.00276024 0 95 46 39 342 216 234 156
-0.00276274 0 114 46 39 342 216 234 156
-0.00276181 23 0 46 39 342 216 234 156
-0.00276158 23 19 46 39 342 216 234 156
-0.00276183 23 38 46 39 342 216 234 156
-0.00276259 23 57 46 39 342 216 234 156
-0.00275452 23 76 46 39 342 216 234 156
-0.00275502 23 95 46 39 342 216 234 156
-0.00208707 23 114 46 39 342 216 234 156
-0.00276295 46 0 46 39 342 216 234 156
-0.00276057 46 19 46 39 342 216 234 156
-0.0027614 46 38 46 39 342 216 234 156
-0.0027626 46 57 46 39 342 216 234 156
-0.0026907 46 76 46 39 342 216 234 156
-0.00275916 46 95 46 39 342 216 234 156
-0.00245045 46 114 46 39 342 216 234 156
-0.00276344 69 0 46 39 342 216 234 156
-0.00276266 69 19 46 39 342 216 234 156
-0.00275945 69 38 46 39 342 216 234 156
-0.00275669 69 57 46 39 342 216 234 156
-0.00275969 69 76 46 39 342 216 234 156
-0.00276207 69 95 46 39 342 216 234 156
-0.00265104 69 114 46 39 342 216 234 156
-0.00275693 92 0 46 39 342 216 234 156
-0.00275835 92 19 46 39 342 216 234 156
-0.00261132 92 38 46 39 342 216 234 156
-0.00275124 92 57 46 39 342 216 234 156
-0.00276211 92 76 46 39 342 216 234 156
-0.00276106 92 95 46 39 342 216 234 156
-0.00276159 92 114 46 39 342 216 234 156
-0.00276364 115 0 46 39 342 216 234 156
-0.00276157 115 19 46 39 342 216 234 156
-0.00276197 115 38 46 39 342 216 234 156
-0.00276061 115 57 46 39 342 216 234 156
-0.00275886 115 76 46 39 342 216 234 156
-0.00275423 115 95 46 39 342 216 234 156
-0.00276345 115 114 46 39 342 216 234 156
-0.00276403 138 0 46 39 342 216 234 156
-0.00276336 138 19 46 39 342 216 234 156
-0.00275903 138 38 46 39 342 216 234 156
-0.00275814 138 57 46 39 342 216 234 156
-0.00275881 138 76 46 39 342 216 234 156
-0.00276119 138 95 46 39 342 216 234 156
-0.00276356 138 114 46 39 342 216 234 156
-0.00276417 161 0 46 39 342 216 234 156
-0.00276224 161 19 46 39 342 216 234 156
-0.00275919 161 38 46 39 342 216 234 156
-0.00276056 161 57 46 39 342 216 234 156
-0.0027558 161 76 46 39 342 216 234 156
-0.00276173 161 95 46 39 342 216 234 156
-0.00276382 161 114 46 39 342 216 234 156
-0.00276401 184 0 46 39 342 216 234 156
-0.00275412 184 19 46 39 342 216 234 156
-0.00276371 184 38 46 39 342 216 234 156
-0.0027637 184 57 46 39 342 216 234 156
-0.00276378 184 76 46 39 342 216 234 156
-0.00276409 184 95 46 39 342 216 234 156
-0.00276423 184 114 46 39 342 216 234 156
-0.00276288 0 0 46 39 342 216 234 156
-0.00276327 0 19 46 39 342 216 234 156
-0.00276102 0 38 46 39 342 216 234 156
-0.00276069 0 57 46 39 342 216 234 156
-0.00275956 0 76 46 39 342 216 234 156
-0.00276128 0 95 46 39 342 216 234 156
-0.00276244 0 114 46 39 342 216 234 156
-0.00276383 23 0 46 39 342 216 234 156
-0.00276238 23 19 46 39 342 216 234 156
-0.00276193 23 38 46 39 342 216 234 156
-0.00276214 23 57 46 39 342 216 234 156
-0.00275653 23 76 46 39 342 216 234 156
-0.0027562 23 95 46 39 342 216 234 156
-0.00276132 23 114 46 39 342 216 234 156
-0.00276368 46 0 46 39 342 216 234 156
-0.00275286 46 19 46 39 342 216 234 156
-0.00275521 46 38 46 39 342 216 234 156
-0.00276217 46 57 46 39 342 216 234 156
-0.00188051 46 76 46 39 342 216 234 156
-0.00275605 46 95 46 39 342 216 234 156
-0.00276147 46 114 46 39 342 216 234 156
-0.00276237 69 0 46 39 342 216 234 156
-0.00226217 69 19 46 39 342 216 234 156
-0.00217437 69 38 46 39 342 216 234 156
-0.00276027 69 57 46 39 342 216 234 156
-0.00275673 69 76 46 39 342 216 234 156
-0.00275483 69 95 46 39 342 216 234 156
-0.00276039 69 114 46 39 342 216 234 156
-0.00276069 92 0 46 39 342 216 234 156
-0.00117383 92 19 46 39 342 216 234 156
-0.00119241 92 38 46 39 342 216 234 156
-0.00275404 92 57 46 39 342 216 234 156
-0.00275736 92 76 46 39 342 216 234 156
-0.00275975 92 95 46 39 342 216 234 156
-0.00275581 92 114 46 39 342 216 234 156
-0.00276267 115 0 46 39 342 216 234 156
-0.00275573 115 19 46 39 342 216 234 156
-0.0027612 115 38 46 39 342 216 234 156
-0.00276093 115 57 46 39 342 216 234 156
-0.00275969 115 76 46 39 342 216 234 156
-0.00221888 115 95 46 39 342 216 234 156
-0.00275763 115 114 46 39 342 216 234 156
-0.00275855 138 0 46 39 342 216 234 156
-0.00276317 138 19 46 39 342 216 234 156
-0.00276181 138 38 46 39 342 216 234 156
-0.00234734 138 57 46 39 342 216 234 156
-0.00192764 138 76 46 39 342 216 234 156
-0.00275722 138 95 46 39 342 216 234 156
-0.00275779 138 114 46 39 342 216 234 156
-0.00276297 161 0 46 39 342 216 234 156
-0.00276302 161 19 46 39 342 216 234 156
-0.00275098 161 38 46 39 342 216 234 156
-0.0025716 161 57 46 39 342 216 234 156
-0.00275282 161 76 46 39 342 216 234 156
-0.00276077 161 95 46 39 342 216 234 156
-0.00276255 161 114 46 39 342 216 234 156
-0.00276393 184 0 46 39 342 216 234 156
-0.00276004 184 19 46 39 342 216 234 156
-0.00276281 184 38 46 39 342 216 234 156
-0.0027608 184 57 46 39 342 216 234 156
-0.0027633 184 76 46 39 342 216 234 156
-0.00276377 184 95 46 39 342 216 234 156
-0.00276377 184 114 46 39 342 216 234 156
-0.00276388 0 0 46 39 342 216 234 156
-0.00276416 0 19 46 39 342 216 234 156
-0.00276291 0 38 46 39 342 216 234 156
-0.00276322 0 57 46 39 342 216 234 156
-0.0027642 0 76 46 39 342 216 234 156
-0.00276383 0 95 46 39 342 216 234 156
-0.0027578 0 114 46 39 342 216 234 156
-0.00276418 23 0 46 39 342 216 234 156
-0.00276381 23 19 46 39 342 216 234 156
-0.00276177 23 38 46 39 342 216 234 156
-0.00276412 23 57 46 39 342 216 234 156
-0.00276388 23 76 46 39 342 216 234 156
-0.00275295 23 95 46 39 342 216 234 156
-0.00275483 23 114 46 39 342 216 234 156
-0.00276421 46 0 46 39 342 216 234 156
-0.00276265 46 19 46 39 342 216 234 156
-0.00276325 46 38 46 39 342 216 234 156
-0.00276416 46 57 46 39 342 216 234 156
-0.00276172 46 76 46 39 342 216 234 156
-0.00137612 46 95 46 39 342 216 234 156
-0.00276016 46 114 46 39 342 216 234 156
-0.00276406 69 0 46 39 342 216 234 156
-0.00276374 69 19 46 39 342 216 234 156
-0.00276229 69 38 46 39 342 216 234 156
-0.00276398 69 57 46 39 342 216 234 156
-0.00276421 69 76 46 39 342 216 234 156
-0.00276359 69 95 46 39 342 216 234 156
-0.00275822 69 114 46 39 342 216 234 156
-0.00276375 92 0 46 39 342 216 234 156
-0.0027642 92 19 46 39 342 216 234 156
-0.00276361 92 38 46 39 342 216 234 156
-0.00276156 92 57 46 39 342 216 234 156
-0.00276377 92 76 46 39 342 216 234 156
-0.00276416 92 95 46 39 342 216 234 156
-0.00276411 92 114 46 39 342 216 234 156
-0.00276379 115 0 46 39 342 216 234 156
-0.00276322 115 19 46 39 342 216 234 156
-0.00276413 115 38 46 39 342 216 234 156
-0.00276361 115 57 46 39 342 216 234 156
-0.00276212 115 76 46 39 342 216 234 156
-0.00276351 115 95 46 39 342 216 234 156
-0.00276404 115 114 46 39 342 216 234 156
-0.00276387 138 0 46 39 342 216 234 156
-0.00276399 138 19 46 39 342 216 234 156
-0.00276327 138 38 46 39 342 216 234 156
-0.00276415 138 57 46 39 342 216 234 156
-0.00276412 138 76 46 39 342 216 234 156
-0.00276419 138 95 46 39 342 216 234 156
-0.00276402 138 114 46 39 342 216 234 156
-0.00276383 161 0 46 39 342 216 234 156
-0.00276415 161 19 46 39 342 216 234 156
-0.00276336 161 38 46 39 342 216 234 156
-0.0027639 161 57 46 39 342 216 234 156
-0.00276382 161 76 46 39 342 216 234 156
-0.00276305 161 95 46 39 342 216 234 156
-0.00275613 161 114 46 39 342 216 234 156
-0.0027628 184 0 46 39 342 216 234 156
-0.00276413 184 19 46 39 342 216 234 156
-0.0027626 184 38 46 39 342 216 234 156
-0.0027636 184 57 46 39 342 216 234 156
-0.00276383 184 76 46 39 342 216 234 156
-0.00276315 184 95 46 39 342 216 234 156
-0.00111158 184 114 46 39 342 216 234 156
-0.00276381 0 0 46 39 342 216 234 156
-0.0027631 0 19 46 39 342 216 234 156
-0.00276086 0 38 46 39 342 216 234 156
-0.00276322 0 57 46 39 342 216 234 156
-0.00276413 0 76 46 39 342 216 234 156
-0.00276393 0 95 46 39 342 216 234 156
-0.00276415 0 114 46 39 342 216 234 156
-0.00276403 23 0 46 39 342 216 234 156
-0.00276277 23 19 46 39 342 216 234 156
-0.0025915 23 38 46 39 342 216 234 156
-0.00276296 23 57 46 39 342 216 234 156
-0.00276418 23 76 46 39 342 216 234 156
-0.00275862 23 95 46 39 342 216 234 156
-0.00276422 23 114 46 39 342 216 234 156
-0.00276425 46 0 46 39 342 216 234 156
-0.00276325 46 19 46 39 342 216 234 156
-0.002759 46 38 46 39 342 216 234 156
-0.00276293 46 57 46 39 342 216 234 156
-0.00276413 46 76 46 39 342 216 234 156
-0.00276295 46 95 46 39 342 216 234 156
-0.00276424 46 114 46 39 342 216 234 156
-0.00276413 69 0 46 39 342 216 234 156
-0.00276341 69 19 46 39 342 216 234 156
-0.0027605 69 38 46 39 342 216 234 156
-0.00275956 69 57 46 39 342 216 234 156
-0.00276381 69 76 46 39 342 216 234 156
-0.00276415 69 95 46 39 342 216 234 156
-0.00276406 69 114 46 39 342 216 234 156
-0.00276387 92 0 46 39 342 216 234 156
-0.00276338 92 19 46 39 342 216 234 156
-0.00275122 92 38 46 39 342 216 234 156
-0.00275452 92 57 46 39 342 216 234 156
-0.00276089 92 76 46 39 342 216 234 156
-0.00276355 92 95 46 39 342 216 234 156
-0.00276367 92 114 46 39 342 216 234 156
-0.00276254 115 0 46 39 342 216 234 156
-0.00276361 115 19 46 39 342 216 234 156
-0.00276213 115 38 46 39 342 216 234 156
-0.00275655 115 57 46 39 342 216 234 156
-0.00276257 115 76 46 39 342 216 234 156
-0.00276391 115 95 46 39 342 216 234 156
-0.00276404 115 114 46 39 342 216 234 156
-0.00276191 138 0 46 39 342 216 234 156
-0.00276336 138 19 46 39 342 216 234 156
-0.00276408 138 38 46 39 342 216 234 156
-0.0027638 138 57 46 39 342 216 234 156
-0.002764 138 76 46 39 342 216 234 156
-0.00276417 138 95 46 39 342 216 234 156
-0.00276022 138 114 46 39 342 216 234 156
-0.00276374 161 0 46 39 342 216 234 156
-0.00276401 161 19 46 39 342 216 234 156
-0.00276367 161 38 46 39 342 216 234 156
-0.00276414 161 57 46 39 342 216 234 156
-0.00276391 161 76 46 39 342 216 234 156
-0.00276122 161 95 46 39 342 216 234 156
-0.00195031 161 114 46 39 342 216 234 156
-0.00276203 184 0 46 39 342 216 234 156
-0.00276415 184 19 46 39 342 216 234 156
-0.00276244 184 38 46 39 342 216 234 156
-0.00275567 184 57 46 39 342 216 234 156
-0.00127462 184 76 46 39 342 216 234 156
-0.00275956 184 95 46 39 342 216 234 156
-0.00275408 184 114 46 39 342 216 234 156
-0.00275757 0 0 46 39 342 216 234 156
-0.00276247 0 19 46 39 342 216 234 156
-0.00276413 0 38 46 39 342 216 234 156
-0.00276363 0 57 46 39 342 216 234 156
-0.00276347 0 76 46 39 342 216 234 156
-0.0027632 0 95 46 39 342 216 234 156
-0.00276212 0 114 46 39 342 216 234 156
-0.00276151 23 0 46 39 342 216 234 156
-0.00276211 23 19 46 39 342 216 234 156
-0.00276393 23 38 46 39 342 216 234 156
-0.00275756 23 57 46 39 342 216 234 156
-0.00276141 23 76 46 39 342 216 234 156
-0.00276354 23 95 46 39 342 216 234 156
-0.00276364 23 114 46 39 342 216 234 156
-0.00276024 46 0 46 39 342 216 234 156
-0.00276123 46 19 46 39 342 216 234 156
-0.00276404 46 38 46 39 342 216 234 156
-0.00276352 46 57 46 39 342 216 234 156
-0.00275924 46 76 46 39 342 216 234 156
-0.0027627 46 95 46 39 342 216 234 156
-0.00276371 46 114 46 39 342 216 234 156
-0.0027557 69 0 46 39 342 216 234 156
-0.00276195 69 19 46 39 342 216 234 156
-0.00276313 69 38 46 39 342 216 234 156
-0.00276414 69 57 46 39 342 216 234 156
-0.00276333 69 76 46 39 342 216 234 156
-0.00276139 69 95 46 39 342 216 234 156
-0.00276176 69 114 46 39 342 216 234 156
-0.00276401 92 0 46 39 342 216 234 156
-0.0027641 92 19 46 39 342 216 234 156
-0.00276417 92 38 46 39 342 216 234 156
-0.00276396 92 57 46 39 342 216 234 156
-0.00276413 92 76 46 39 342 216 234 156
-0.00276362 92 95 46 39 342 216 234 156
-0.0027613 92 114 46 39 342 216 234 156
-0.00276392 115 0 46 39 342 216 234 156
-0.00276286 115 19 46 39 342 216 234 156
-0.00276385 115 38 46 39 342 216 234 156
-0.00276416 115 57 46 39 342 216 234 156
-0.00276352 115 76 46 39 342 216 234 156
-0.00276415 115 95 46 39 342 216 234 156
-0.00276401 115 114 46 39 342 216 234 156
-0.00276311 138 0 46 39 342 216 234 156
-0.00275476 138 19 46 39 342 216 234 156
-0.00276293 138 38 46 39 342 216 234 156
-0.0027636 138 57 46 39 342 216 234 156
-0.00276315 138 76 46 39 342 216 234 156
-0.00276264 138 95 46 39 342 216 234 156
-0.00276352 138 114 46 39 342 216 234 156
-0.00276291 161 0 46 39 342 216 234 156
-0.00276171 161 19 46 39 342 216 234 156
-0.00276392 161 38 46 39 342 216 234 156
-0.00276402 161 57 46 39 342 216 234 156
-0.00276223 161 76 46 39 342 216 234 156
-0.0027614 161 95 46 39 342 216 234 156
-0.00276002 161 114 46 39 342 216 234 156
-0.00276255 184 0 46 39 342 216 234 156
-0.00276204 184 19 46 39 342 216 234 156
-0.0027641 184 38 46 39 342 216 234 156
-0.00276189 184 57 46 39 342 216 234 156
-0.00275801 184 76 46 39 342 216 234 156
-0.0027617 184 95 46 39 342 216 234 156
-0.00275923 184 114 46 39 342 216 234 156
-0.00276265 0 0 46 39 342 216 234 156
-0.00276147 0 19 46 39 342 216 234 156
-0.00276269 0 38 46 39 342 216 234 156
-0.00276413 0 57 46 39 342 216 234 156
-0.00276389 0 76 46 39 342 216 234 156
-0.00276282 0 95 46 39 342 216 234 156
-0.00276384 0 114 46 39 342 216 234 156
-0.00276224 23 0 46 39 342 216 234 156
-0.00276353 23 19 46 39 342 216 234 156
-0.00276299 23 38 46 39 342 216 234 156
-0.00276407 23 57 46 39 342 216 234 156
-0.00276369 23 76 46 39 342 216 234 156
-0.00275517 23 95 46 39 342 216 234 156
-0.0027634 23 114 46 39 342 216 234 156
-0.00276343 46 0 46 39 342 216 234 156
-0.0027637 46 19 46 39 342 216 234 156
-0.00275417 46 38 46 39 342 216 234 156
-0.00276422 46 57 46 39 342 216 234 156
-0.00276397 46 76 46 39 342 216 234 156
-0.00275989 46 95 46 39 342 216 234 156
-0.00276351 46 114 46 39 342 216 234 156
-0.00276289 69 0 46 39 342 216 234 156
-0.00276074 69 19 46 39 342 216 234 156
-0.00275168 69 38 46 39 342 216 234 156
-0.00276229 69 57 46 39 342 216 234 156
-0.0027642 69 76 46 39 342 216 234 156
-0.00276374 69 95 46 39 342 216 234 156
-0.00276391 69 114 46 39 342 216 234 156
-0.00275908 92 0 46 39 342 216 234 156
-0.00276118 92 19 46 39 342 216 234 156
-0.00276181 92 38 46 39 342 216 234 156
-0.00275798 92 57 46 39 342 216 234 156
-0.00276375 92 76 46 39 342 216 234 156
-0.00276421 92 95 46 39 342 216 234 156
-0.00276392 92 114 46 39 342 216 234 156
-0.00276416 115 0 46 39 342 216 234 156
-0.00276418 115 19 46 39 342 216 234 156
-0.00276348 115 38 46 39 342 216 234 156
-0.00276165 115 57 46 39 342 216 234 156
-0.00275406 115 76 46 39 342 216 234 156
-0.00276118 115 95 46 39 342 216 234 156
-0.00276313 115 114 46 39 342 216 234 156
-0.00276268 138 0 46 39 342 216 234 156
-0.00276311 138 19 46 39 342 216 234 156
-0.00276268 138 38 46 39 342 216 234 156
-0.00276096 138 57 46 39 342 216 234 156
-0.00276292 138 76 46 39 342 216 234 156
-0.00275653 138 95 46 39 342 216 234 156
-0.00276287 138 114 46 39 342 216 234 156
-0.00276347 161 0 46 39 342 216 234 156
-0.00276362 161 19 46 39 342 216 234 156
-0.00276306 161 38 46 39 342 216 234 156
-0.00275857 161 57 46 39 342 216 234 156
-0.00276366 161 76 46 39 342 216 234 156
-0.00276355 161 95 46 39 342 216 234 156
-0.00276237 161 114 46 39 342 216 234 156
-0.00276365 184 0 46 39 342 216 234 156
-0.00276307 184 19 46 39 342 216 234 156
-0.00276354 184 38 46 39 342 216 234 156
-0.00276378 184 57 46 39 342 216 234 156
-0.0027637 184 76 46 39 342 216 234 156
-0.00276412 184 95 46 39 342 216 234 156
-0.00276262 184 114 46 39 342 216 234 156
-0.00276408 0 0 46 39 342 216 234 156
-0.00276388 0 19 46 39 342 216 234 156
-0.00276337 0 38 46 39 342 216 234 156
-0.00276315 0 57 46 39 342 216 234 156
-0.00275742 0 76 46 39 342 216 234 156
-0.00276366 0 95 46 39 342 216 234 156
-0.00276343 0 114 46 39 342 216 234 156
-0.00276371 23 0 46 39 342 216 234 156
-0.00276421 23 19 46 39 342 216 234 156
-0.00276336 23 38 46 39 342 216 234 156
-0.00276304 23 57 46 39 342 216 234 156
-0.00276304 23 76 46 39 342 216 234 156
-0.00276355 23 95 46 39 342 216 234 156
-0.00276415 23 114 46 39 342 216 234 156
-0.00276098 46 0 46 39 342 216 234 156
-0.00276415 46 19 46 39 342 216 234 156
-0.00275567 46 38 46 39 342 216 234 156
-0.00275969 46 57 46 39 342 216 234 156
-0.00275291 46 76 46 39 342 216 234 156
-0.00276208 46 95 46 39 342 216 234 156
-0.00276407 46 114 46 39 342 216 234 156
-0.00276294 69 0 46 39 342 216 234 156
-0.00276424 69 19 46 39 342 216 234 156
-0.00276286 69 38 46 39 342 216 234 156
-0.00276272 69 57 46 39 342 216 234 156
-0.0027632 69 76 46 39 342 216 234 156
-0.00276199 69 95 46 39 342 216 234 156
-0.00276404 69 114 46 39 342 216 234 156
-0.00276364 92 0 46 39 342 216 234 156
-0.00276412 92 19 46 39 342 216 234 156
-0.0027643 92 38 46 39 342 216 234 156
-0.00276423 92 57 46 39 342 216 234 156
-0.00276281 92 76 46 39 342 216 234 156
-0.00276253 92 95 46 39 342 216 234 156
-0.00276399 92 114 46 39 342 216 234 156
-0.00275867 115 0 46 39 342 216 234 156
-0.00276373 115 19 46 39 342 216 234 156
-0.00276347 115 38 46 39 342 216 234 156
-0.002764 115 57 46 39 342 216 234 156
-0.00276389 115 76 46 39 342 216 234 156
-0.00185661 115 95 46 39 342 216 234 156
-0.00276422 115 114 46 39 342 216 234 156
-0.00275939 138 0 46 39 342 216 234 156
-0.00276324 138 19 46 39 342 216 234 156
-0.00276385 138 38 46 39 342 216 234 156
-0.00276399 138 57 46 39 342 216 234 156
-0.00276397 138 76 46 39 342 216 234 156
-0.00275963 138 95 46 39 342 216 234 156
-0.00276425 138 114 46 39 342 216 234 156
-0.00276199 161 0 46 39 342 216 234 156
-0.00276147 161 19 46 39 342 216 234 156
-0.0027641 161 38 46 39 342 216 234 156
-0.00276171 161 57 46 39 342 216 234 156
-0.00276362 161 76 46 39 342 216 234 156
-0.00276276 161 95 46 39 342 216 234 156
-0.00276424 161 114 46 39 342 216 234 156
-0.00276103 184 0 46 39 342 216 234 156
-0.00276305 184 19 46 39 342 216 234 156
-0.0027632 184 38 46 39 342 216 234 156
-0.00276114 184 57 46 39 342 216 234 156
-0.00276262 184 76 46 39 342 216 234 156
-0.00276302 184 95 46 39 342 216 234 156
-0.00276425 184 114 46 39 342 216 234 156
-0.00276381 0 0 46 39 342 216 234 156
-0.00276398 0 19 46 39 342 216 234 156
-0.00276305 0 38 46 39 342 216 234 156
-0.0027599 0 57 46 39 342 216 234 156
-0.00276395 0 76 46 39 342 216 234 156
-0.00276414 0 95 46 39 342 216 234 156
-0.00276408 0 114 46 39 342 216 234 156
-0.00276385 23 0 46 39 342 216 234 156
-0.00276388 23 19 46 39 342 216 234 156
-0.00276279 23 38 46 39 342 216 234 156
-0.0027632 23 57 46 39 342 216 234 156
-0.00276304 23 76 46 39 342 216 234 156
-0.00276145 23 95 46 39 342 216 234 156
-0.00276408 23 114 46 39 342 216 234 156
-0.00276271 46 0 46 39 342 216 234 156
-0.00276188 46 19 46 39 342 216 234 156
-0.00276324 46 38 46 39 342 216 234 156
-0.00276317 46 57 46 39 342 216 234 156
-0.00276277 46 76 46 39 342 216 234 156
-0.00275113 46 95 46 39 342 216 234 156
-0.00276415 46 114 46 39 342 216 234 156
-0.00276321 69 0 46 39 342 216 234 156
-0.00276382 69 19 46 39 342 216 234 156
-0.00276366 69 38 46 39 342 216 234 156
-0.00276119 69 57 46 39 342 216 234 156
-0.00276264 69 76 46 39 342 216 234 156
-0.00276118 69 95 46 39 342 216 234 156
-0.00276415 69 114 46 39 342 216 234 156
-0.00276359 92 0 46 39 342 216 234 156
-0.00276398 92 19 46 39 342 216 234 156
-0.00275934 92 38 46 39 342 216 234 156
-0.0027518 92 57 46 39 342 216 234 156
-0.00276064 92 76 46 39 342 216 234 156
-0.00276357 92 95 46 39 342 216 234 156
-0.00276409 92 114 46 39 342 216 234 156
-0.00276329 115 0 46 39 342 216 234 156
-0.00276225 115 19 46 39 342 216 234 156
-0.00275724 115 38 46 39 342 216 234 156
-0.00276025 115 57 46 39 342 216 234 156
-0.00276207 115 76 46 39 342 216 234 156
-0.00276361 115 95 46 39 342 216 234 156
-0.00276406 115 114 46 39 342 216 234 156
-0.00276364 138 0 46 39 342 216 234 156
-0.00276391 138 19 46 39 342 216 234 156
-0.00276246 138 38 46 39 342 216 234 156
-0.00276005 138 57 46 39 342 216 234 156
-0.00275873 138 76 46 39 342 216 234 156
-0.00276341 138 95 46 39 342 216 234 156
-0.00276389 138 114 46 39 342 216 234 156
-0.0027634 161 0 46 39 342 216 234 156
-0.00276362 161 19 46 39 342 216 234 156
-0.00276393 161 38 46 39 342 216 234 156
-0.00276381 161 57 46 39 342 216 234 156
-0.00276254 161 76 46 39 342 216 234 156
-0.0027615 161 95 46 39 342 216 234 156
-0.0027641 161 114 46 39 342 216 234 156
-0.0027634 184 0 46 39 342 216 234 156
-0.00276334 184 19 46 39 342 216 234 156
-0.00276277 184 38 46 39 342 216 234 156
-0.00276198 184 57 46 39 342 216 234 156
-0.00276324 184 76 46 39 342 216 234 156
-0.00276119 184 95 46 39 342 216 234 156
-0.00276389 184 114 46 39 342 216 234 156
-0.0027632 0 0 66 52 342 216 234 156
-0.002762 0 26 66 52 342 216 234 156
-0.00275587 0 52 66 52 342 216 234 156
-0.00275726 0 78 66 52 342 216 234 156
-0.00275925 0 104 66 52 342 216 234 156
-0.00275945 33 0 66 52 342 216 234 156
-0.00275851 33 26 66 52 342 216 234 156
-0.00276137 33 52 66 52 342 216 234 156
-0.00275799 33 78 66 52 342 216 234 156
-0.00275075 33 104 66 52 342 216 234 156
-0.00276042 66 0 66 52 342 216 234 156
-0.00274918 66 26 66 52 342 216 234 156
-0.00275537 66 52 66 52 342 216 234 156
-0.00276034 66 78 66 52 342 216 234 156
-0.00276138 66 104 66 52 342 216 234 156
-0.00276208 99 0 66 52 342 216 234 156
-0.00275837 99 26 66 52 342 216 234 156
-0.00275537 99 52 66 52 342 216 234 156
-0.00276233 99 78 66 52 342 216 234 156
-0.00276328 99 104 66 52 342 216 234 156
-0.002753 132 0 66 52 342 216 234 156
-0.00276047 132 26 66 52 342 216 234 156
-0.00276277 132 52 66 52 342 216 234 156
-0.00276248 132 78 66 52 342 216 234 156
-0.00276252 132 104 66 52 342 216 234 156
-0.00135318 165 0 66 52 342 216 234 156
-0.00276316 165 26 66 52 342 216 234 156
-0.00275949 165 52 66 52 342 216 234 156
-0.00276243 165 78 66 52 342 216 234 156
-0.00275842 165 104 66 52 342 216 234 156
-0.00276362 0 0 66 52 342 216 234 156
-0.0027636 0 26 66 52 342 216 234 156
-0.00276333 0 52 66 52 342 216 234 156
-0.00276198 0 78 66 52 342 216 234 156
-0.00275179 0 104 66 52 342 216 234 156
-0.00276311 33 0 66 52 342 216 234 156
-0.00276371 33 26 66 52 342 216 234 156
-0.0027638 33 52 66 52 342 216 234 156
-0.00276355 33 78 66 52 342 216 234 156
-0.00276198 33 104 66 52 342 216 234 156
-0.00276338 66 0 66 52 342 216 234 156
-0.0027632 66 26 66 52 342 216 234 156
-0.00276318 66 52 66 52 342 216 234 156
-0.00276421 66 78 66 52 342 216 234 156
-0.00276358 66 104 66 52 342 216 234 156
-0.00276374 99 0 66 52 342 216 234 156
-0.00276389 99 26 66 52 342 216 234 156
-0.00276401 99 52 66 52 342 216 234 156
-0.00276382 99 78 66 52 342 216 234 156
-0.00276175 99 104 66 52 342 216 234 156
-0.00276421 132 0 66 52 342 216 234 156
-0.00276379 132 26 66 52 342 216 234 156
-0.00276201 132 52 66 52 342 216 234 156
-0.00275894 132 78 66 52 342 216 234 156
-0.00275612 132 104 66 52 342 216 234 156
-0.00276413 165 0 66 52 342 216 234 156
-0.00276207 165 26 66 52 342 216 234 156
-0.0027621 165 52 66 52 342 216 234 156
-0.00275459 165 78 66 52 342 216 234 156
-0.00276029 165 104 66 52 342 216 234 156
-0.00276192 0 0 66 52 342 216 234 156
-0.00276183 0 26 66 52 342 216 234 156
-0.00276184 0 52 66 52 342 216 234 156
-0.00275857 0 78 66 52 342 216 234 156
-0.0027616 0 104 66 52 342 216 234 156
-0.00276334 33 0 66 52 342 216 234 156
-0.00276159 33 26 66 52 342 216 234 156
-0.0027561 33 52 66 52 342 216 234 156
-0.00276016 33 78 66 52 342 216 234 156
-0.00204226 33 104 66 52 342 216 234 156
-0.00275214 66 0 66 52 342 216 234 156
-0.00275299 66 26 66 52 342 216 234 156
-0.0027553 66 52 66 52 342 216 234 156
-0.00276119 66 78 66 52 342 216 234 156
-0.00152362 66 104 66 52 342 216 234 156
-0.00275935 99 0 66 52 342 216 234 156
-0.00213886 99 26 66 52 342 216 234 156
-0.00140027 99 52 66 52 342 216 234 156
-0.00236829 99 78 66 52 342 216 234 156
-0.00276107 99 104 66 52 342 216 234 156
-0.00276364 132 0 66 52 342 216 234 156
-0.00275802 132 26 66 52 342 216 234 156
-0.00173699 132 52 66 52 342 216 234 156
-0.00275662 132 78 66 52 342 216 234 156
-0.0027631 132 104 66 52 342 216 234 156
-0.00276277 165 0 66 52 342 216 234 156
-0.00275967 165 26 66 52 342 216 234 156
-0.00276301 165 52 66 52 342 216 234 156
-0.00276345 165 78 66 52 342 216 234 156
-0.00276398 165 104 66 52 342 216 234 156
-0.00276289 0 0 66 52 342 216 234 156
-0.00276155 0 26 66 52 342 216 234 156
-0.00276057 0 52 66 52 342 216 234 156
-0.00275984 0 78 66 52 342 216 234 156
-0.00276045 0 104 66 52 342 216 234 156
-0.00276301 33 0 66 52 342 216 234 156
-0.00275669 33 26 66 52 342 216 234 156
-0.00275937 33 52 66 52 342 216 234 156
-0.00275842 33 78 66 52 342 216 234 156
-0.00275565 33 104 66 52 342 216 234 156
-0.00275932 66 0 66 52 342 216 234 156
-0.00137449 66 26 66 52 342 216 234 156
-0.00238899 66 52 66 52 342 216 234 156
-0.00275688 66 78 66 52 342 216 234 156
-0.00275675 66 104 66 52 342 216 234 156
-0.00249151 99 0 66 52 342 216 234 156
-0.00275247 99 26 66 52 342 216 234 156
-0.0027524 99 52 66 52 342 216 234 156
-0.00275223 99 78 66 52 342 216 234 156
-0.00275092 99 104 66 52 342 216 234 156
-0.00275968 132 0 66 52 342 216 234 156
-0.00276118 132 26 66 52 342 216 234 156
-0.00228356 132 52 66 52 342 216 234 156
-0.00149961 132 78 66 52 342 216 234 156
-0.00272986 132 104 66 52 342 216 234 156
-0.0027621 165 0 66 52 342 216 234 156
-0.00275519 165 26 66 52 342 216 234 156
-0.00275805 165 52 66 52 342 216 234 156
-0.00276251 165 78 66 52 342 216 234 156
-0.00275981 165 104 66 52 342 216 234 156
-0.00276413 0 0 66 52 342 216 234 156
-0.00276186 0 26 66 52 342 216 234 156
-0.00276331 0 52 66 52 342 216 234 156
-0.0027641 0 78 66 52 342 216 234 156
-0.00275961 0 104 66 52 342 216 234 156
-0.00276372 33 0 66 52 342 216 234 156
-0.00275714 33 26 66 52 342 216 234 156
-0.00276404 33 52 66 52 342 216 234 156
-0.00276183 33 78 66 52 342 216 234 156
-0.00275548 33 104 66 52 342 216 234 156
-0.00276322 66 0 66 52 342 216 234 156
-0.00276195 66 26 66 52 342 216 234 156
-0.0027626 66 52 66 52 342 216 234 156
-0.00276415 66 78 66 52 342 216 234 156
-0.00276388 66 104 66 52 342 216 234 156
-0.00276377 99 0 66 52 342 216 234 156
-0.00276404 99 26 66 52 342 216 234 156
-0.00276011 99 52 66 52 342 216 234 156
-0.00276208 99 78 66 52 342 216 234 156
-0.00276345 99 104 66 52 342 216 234 156
-0.00276335 132 0 66 52 342 216 234 156
-0.00276344 132 26 66 52 342 216 234 156
-0.00276404 132 52 66 52 342 216 234 156
-0.00276392 132 78 66 52 342 216 234 156
-0.00276375 132 104 66 52 342 216 234 156
-0.00275776 165 0 66 52 342 216 234 156
-0.00276361 165 26 66 52 342 216 234 156
-0.00276072 165 52 66 52 342 216 234 156
-0.00276276 165 78 66 52 342 216 234 156
-0.00240937 165 104 66 52 342 216 234 156
-0.00276328 0 0 66 52 342 216 234 156
-0.00276 0 26 66 52 342 216 234 156
-0.00276251 0 52 66 52 342 216 234 156
-0.00276421 0 78 66 52 342 216 234 156
-0.0027641 0 104 66 52 342 216 234 156
-0.00276362 33 0 66 52 342 216 234 156
-0.00275981 33 26 66 52 342 216 234 156
-0.00276213 33 52 66 52 342 216 234 156
-0.0027642 33 78 66 52 342 216 234 156
-0.00276418 33 104 66 52 342 216 234 156
-0.00276378 66 0 66 52 342 216 234 156
-0.00275687 66 26 66 52 342 216 234 156
-0.00275621 66 52 66 52 342 216 234 156
-0.0027634 66 78 66 52 342 216 234 156
-0.00276225 66 104 66 52 342 216 234 156
-0.00276299 99 0 66 52 342 216 234 156
-0.00276083 99 26 66 52 342 216 234 156
-0.00230493 99 52 66 52 342 216 234 156
-0.00276175 99 78 66 52 342 216 234 156
-0.00276383 99 104 66 52 342 216 234 156
-0.00275811 132 0 66 52 342 216 234 156
-0.00276359 132 26 66 52 342 216 234 156
-0.00276381 132 52 66 52 342 216 234 156
-0.00276399 132 78 66 52 342 216 234 156
-0.00276293 132 104 66 52 342 216 234 156
-0.00275893 165 0 66 52 342 216 234 156
-0.00276399 165 26 66 52 342 216 234 156
-0.00276273 165 52 66 52 342 216 234 156
-0.00276016 165 78 66 52 342 216 234 156
-0.00132815 165 104 66 52 342 216 234 156
-0.00161482 0 0 66 52 342 216 234 156
-0.00276351 0 26 66 52 342 216 234 156
-0.00276169 0 52 66 52 342 216 234 156
-0.00276319 0 78 66 52 342 216 234 156
-0.00276242 0 104 66 52 342 216 234 156
-0.00276035 33 0 66 52 342 216 234 156
-0.00276391 33 26 66 52 342 216 234 156
-0.00276272 33 52 66 52 342 216 234 156
-0.00275813 33 78 66 52 342 216 234 156
-0.00276081 33 104 66 52 342 216 234 156
-0.00276324 66 0 66 52 342 216 234 156
-0.00276271 66 26 66 52 342 216 234 156
-0.0027639 66 52 66 52 342 216 234 156
-0.0027622 66 78 66 52 342 216 234 156
-0.00275828 66 104 66 52 342 216 234 156
-0.00276347 99 0 66 52 342 216 234 156
-0.00276365 99 26 66 52 342 216 234 156
-0.0027636 99 52 66 52 342 216 234 156
-0.00276399 99 78 66 52 342 216 234 156
-0.00276377 99 104 66 52 342 216 234 156
-0.00275883 132 0 66 52 342 216 234 156
-0.00276047 132 26 66 52 342 216 234 156
-0.00276389 132 52 66 52 342 216 234 156
-0.00275465 132 78 66 52 342 216 234 156
-0.00276233 132 104 66 52 342 216 234 156
-0.00275208 165 0 66 52 342 216 234 156
-0.00276311 165 26 66 52 342 216 234 156
-0.00276393 165 52 66 52 342 216 234 156
-0.0027557 165 78 66 52 342 216 234 156
-0.00201956 165 104 66 52 342 216 234 156
-0.0027596 0 0 66 52 342 216 234 156
-0.00275913 0 26 66 52 342 216 234 156
-0.0027637 0 52 66 52 342 216 234 156
-0.00276132 0 78 66 52 342 216 234 156
-0.00276208 0 104 66 52 342 216 234 156
-0.00276157 33 0 66 52 342 216 234 156
-0.00275971 33 26 66 52 342 216 234 156
-0.00276416 33 52 66 52 342 216 234 156
-0.00276258 33 78 66 52 342 216 234 156
-0.00276061 33 104 66 52 342 216 234 156
-0.00275877 66 0 66 52 342 216 234 156
-0.00171224 66 26 66 52 342 216 234 156
-0.00276273 66 52 66 52 342 216 234 156
-0.00276405 66 78 66 52 342 216 234 156
-0.00276376 66 104 66 52 342 216 234 156
-0.00276394 99 0 66 52 342 216 234 156
-0.00276348 99 26 66 52 342 216 234 156
-0.00275693 99 52 66 52 342 216 234 156
-0.00276236 99 78 66 52 342 216 234 156
-0.0027634 99 104 66 52 342 216 234 156
-0.00275685 132 0 66 52 342 216 234 156
-0.00276182 132 26 66 52 342 216 234 156
-0.00276198 132 52 66 52 342 216 234 156
-0.00275889 132 78 66 52 342 216 234 156
-0.00275925 132 104 66 52 342 216 234 156
-0.00275878 165 0 66 52 342 216 234 156
-0.00276087 165 26 66 52 342 216 234 156
-0.0027638 165 52 66 52 342 216 234 156
-0.00276393 165 78 66 52 342 216 234 156
-0.00276354 165 104 66 52 342 216 234 156
-0.00276399 0 0 66 52 342 216 234 156
-0.00276283 0 26 66 52 342 216 234 156
-0.00275949 0 52 66 52 342 216 234 156
-0.00276075 0 78 66 52 342 216 234 156
-0.0027633 0 104 66 52 342 216 234 156
-0.0027598 33 0 66 52 342 216 234 156
-0.00276414 33 26 66 52 342 216 234 156
-0.00276207 33 52 66 52 342 216 234 156
-0.00276193 33 78 66 52 342 216 234 156
-0.0027638 33 104 66 52 342 216 234 156
-0.00276208 66 0 66 52 342 216 234 156
-0.00276409 66 26 66 52 342 216 234 156
-0.00276293 66 52 66 52 342 216 234 156
-0.00276107 66 78 66 52 342 216 234 156
-0.0027638 66 104 66 52 342 216 234 156
-0.00275612 99 0 66 52 342 216 234 156
-0.00276188 99 26 66 52 342 216 234 156
-0.00276339 99 52 66 52 342 216 234 156
-0.00276188 99 78 66 52 342 216 234 156
-0.00276418 99 104 66 52 342 216 234 156
-0.002755 132 0 66 52 342 216 234 156
-0.00276054 132 26 66 52 342 216 234 156
-0.00276344 132 52 66 52 342 216 234 156
-0.00276353 132 78 66 52 342 216 234 156
-0.00276425 132 104 66 52 342 216 234 156
-0.00275252 165 0 66 52 342 216 234 156
-0.00276166 165 26 66 52 342 216 234 156
-0.00275833 165 52 66 52 342 216 234 156
-0.00276057 165 78 66 52 342 216 234 156
-0.00276421 165 104 66 52 342 216 234 156
-0.00276389 0 0 66 52 342 216 234 156
-0.00276345 0 26 66 52 342 216 234 156
-0.0027616 0 52 66 52 342 216 234 156
-0.00276383 0 78 66 52 342 216 234 156
-0.00276404 0 104 66 52 342 216 234 156
-0.00275893 33 0 66 52 342 216 234 156
-0.00276287 33 26 66 52 342 216 234 156
-0.00276284 33 52 66 52 342 216 234 156
-0.00276137 33 78 66 52 342 216 234 156
-0.00276407 33 104 66 52 342 216 234 156
-0.00276265 66 0 66 52 342 216 234 156
-0.00276369 66 26 66 52 342 216 234 156
-0.00276047 66 52 66 52 342 216 234 156
-0.00276297 66 78 66 52 342 216 234 156
-0.00276403 66 104 66 52 342 216 234 156
-0.00276315 99 0 66 52 342 216 234 156
-0.00276228 99 26 66 52 342 216 234 156
-0.00275729 99 52 66 52 342 216 234 156
-0.00276135 99 78 66 52 342 216 234 156
-0.00276407 99 104 66 52 342 216 234 156
-0.00276225 132 0 66 52 342 216 234 156
-0.00276329 132 26 66 52 342 216 234 156
-0.00276206 132 52 66 52 342 216 234 156
-0.00275971 132 78 66 52 342 216 234 156
-0.00276416 132 104 66 52 342 216 234 156
-0.00275639 165 0 66 52 342 216 234 156
-0.00276246 165 26 66 52 342 216 234 156
-0.0027592 165 52 66 52 342 216 234 156
-0.00276182 165 78 66 52 342 216 234 156
-0.00276322 165 104 66 52 342 216 234 156
-0.0027614 0 0 78 78 342 216 234 156
-0.0027604 0 39 78 78 342 216 234 156
-0.00275234 0 78 78 78 342 216 234 156
-0.00275859 39 0 78 78 342 216 234 156
-0.00276015 39 39 78 78 342 216 234 156
-0.00275487 39 78 78 78 342 216 234 156
-0.00178533 78 0 78 78 342 216 234 156
-0.00275215 78 39 78 78 342 216 234 156
-0.00276129 78 78 78 78 342 216 234 156
-0.00255162 117 0 78 78 342 216 234 156
-0.00276168 117 39 78 78 342 216 234 156
-0.00276019 117 78 78 78 342 216 234 156
-0.001619 156 0 78 78 342 216 234 156
-0.0027627 156 39 78 78 342 216 234 156
-0.00275505 156 78 78 78 342 216 234 156
-0.00276383 0 0 78 78 342 216 234 156
-0.00276358 0 39 78 78 342 216 234 156
-0.00232621 0 78 78 78 342 216 234 156
-0.00276384 39 0 78 78 342 216 234 156
-0.0027637 39 39 78 78 342 216 234 156
-0.00276282 39 78 78 78 342 216 234 156
-0.00276371 78 0 78 78 342 216 234 156
-0.00276421 78 39 78 78 342 216 234 156
-0.00276315 78 78 78 78 342 216 234 156
-0.00276372 117 0 78 78 342 216 234 156
-0.00276326 117 39 78 78 342 216 234 156
-0.00275615 117 78 78 78 342 216 234 156
-0.00276138 156 0 78 78 342 216 234 156
-0.00275873 156 39 78 78 342 216 234 156
-0.00275817 156 78 78 78 342 216 234 156
-0.00276123 0 0 78 78 342 216 234 156
-0.00275151 0 39 78 78 342 216 234 156
-0.00275595 0 78 78 78 342 216 234 156
-0.00275912 39 0 78 78 342 216 234 156
-0.00163939 39 39 78 78 342 216 234 156
-0.00147553 39 78 78 78 342 216 234 156
-0.00275315 78 0 78 78 342 216 234 156
-0.00275553 78 39 78 78 342 216 234 156
-0.00275088 78 78 78 78 342 216 234 156
-0.00275398 117 0 78 78 342 216 234 156
-0.00251172 117 39 78 78 342 216 234 156
-0.00275717 117 78 78 78 342 216 234 156
-0.00275937 156 0 78 78 342 216 234 156
-0.00276258 156 39 78 78 342 216 234 156
-0.00276352 156 78 78 78 342 216 234 156
-0.00276172 0 0 78 78 342 216 234 156
-0.00275756 0 39 78 78 342 216 234 156
-0.00275892 0 78 78 78 342 216 234 156
-0.00275725 39 0 78 78 342 216 234 156
-0.00274993 39 39 78 78 342 216 234 156
-0.0027533 39 78 78 78 342 216 234 156
-0.00142634 78 0 78 78 342 216 234 156
-0.00213102 78 39 78 78 342 216 234 156
-0.00275106 78 78 78 78 342 216 234 156
-0.00176092 117 0 78 78 342 216 234 156
-0.00275614 117 39 78 78 342 216 234 156
-0.00275382 117 78 78 78 342 216 234 156
-0.00275613 156 0 78 78 342 216 234 156
-0.00276091 156 39 78 78 342 216 234 156
-0.00275628 156 78 78 78 342 216 234 156
-0.00276101 0 0 78 78 342 216 234 156
-0.00276165 0 39 78 78 342 216 234 156
-0.00276355 0 78 78 78 342 216 234 156
-0.00275594 39 0 78 78 342 216 234 156
-0.00276278 39 39 78 78 342 216 234 156
-0.00276362 39 78 78 78 342 216 234 156
-0.00276242 78 0 78 78 342 216 234 156
-0.00275176 78 39 78 78 342 216 234 156
-0.00276322 78 78 78 78 342 216 234 156
-0.00275762 117 0 78 78 342 216 234 156
-0.0027635 117 39 78 78 342 216 234 156
-0.00276277 117 78 78 78 342 216 234 156
-0.00275631 156 0 78 78 342 216 234 156
-0.0027578 156 39 78 78 342 216 234 156
-0.00276172 156 78 78 78 342 216 234 156
-0.00275943 0 0 78 78 342 216 234 156
-0.00276075 0 39 78 78 342 216 234 156
-0.00276336 0 78 78 78 342 216 234 156
-0.00275962 39 0 78 78 342 216 234 156
-0.00275895 39 39 78 78 342 216 234 156
-0.00276336 39 78 78 78 342 216 234 156
-0.00276087 78 0 78 78 342 216 234 156
-0.00197371 78 39 78 78 342 216 234 156
-0.00275865 78 78 78 78 342 216 234 156
-0.00275663 117 0 78 78 342 216 234 156
-0.00276339 117 39 78 78 342 216 234 156
-0.00276374 117 78 78 78 342 216 234 156
-0.00275238 156 0 78 78 342 216 234 156
-0.00276319 156 39 78 78 342 216 234 156
-0.00276282 156 78 78 78 342 216 234 156
-0.00276258 0 0 78 78 342 216 234 156
-0.00276196 0 39 78 78 342 216 234 156
-0.00276179 0 78 78 78 342 216 234 156
-0.00276268 39 0 78 78 342 216 234 156
-0.00276178 39 39 78 78 342 216 234 156
-0.00124505 39 78 78 78 342 216 234 156
-0.00276321 78 0 78 78 342 216 234 156
-0.00276085 78 39 78 78 342 216 234 156
-0.00276293 78 78 78 78 342 216 234 156
-0.002631 117 0 78 78 342 216 234 156
-0.00276337 117 39 78 78 342 216 234 156
-0.00276319 117 78 78 78 342 216 234 156
-0.00215251 156 0 78 78 342 216 234 156
-0.00276393 156 39 78 78 342 216 234 156
-0.00253164 156 78 78 78 342 216 234 156
-0.00275209 0 0 78 78 342 216 234 156
-0.00276403 0 39 78 78 342 216 234 156
-0.00275747 0 78 78 78 342 216 234 156
-0.00275924 39 0 78 78 342 216 234 156
-0.00276417 39 39 78 78 342 216 234 156
-0.00276253 39 78 78 78 342 216 234 156
-0.00276224 78 0 78 78 342 216 234 156
-0.00276055 78 39 78 78 342 216 234 156
-0.00276392 78 78 78 78 342 216 234 156
-0.0027587 117 0 78 78 342 216 234 156
-0.00276165 117 39 78 78 342 216 234 156
-0.00275011 117 78 78 78 342 216 234 156
-0.00275448 156 0 78 78 342 216 234 156
-0.0027635 156 39 78 78 342 216 234 156
-0.00276368 156 78 78 78 342 216 234 156
-0.00276365 0 0 78 78 342 216 234 156
-0.00275995 0 39 78 78 342 216 234 156
-0.0027609 0 78 78 78 342 216 234 156
-0.00275794 39 0 78 78 342 216 234 156
-0.0027591 39 39 78 78 342 216 234 156
-0.00276385 39 78 78 78 342 216 234 156
-0.00275718 78 0 78 78 342 216 234 156
-0.0027609 78 39 78 78 342 216 234 156
-0.00276382 78 78 78 78 342 216 234 156
-0.002471 117 0 78 78 342 216 234 156
-0.00276105 117 39 78 78 342 216 234 156
-0.00276409 117 78 78 78 342 216 234 156
-0.00276176 156 0 78 78 342 216 234 156
-0.002763 156 39 78 78 342 216 234 156
-0.00276378 156 78 78 78 342 216 234 156
-0.00276179 0 0 78 78 342 216 234 156
-0.0027615 0 39 78 78 342 216 234 156
-0.00276371 0 78 78 78 342 216 234 156
-0.00159195 39 0 78 78 342 216 234 156
-0.00276288 39 39 78 78 342 216 234 156
-0.00276282 39 78 78 78 342 216 234 156
-0.00276169 78 0 78 78 342 216 234 156
-0.00275705 78 39 78 78 342 216 234 156
-0.00276384 78 78 78 78 342 216 234 156
-0.00276096 117 0 78 78 342 216 234 156
-0.00275963 117 39 78 78 342 216 234 156
-0.00276364 117 78 78 78 342 216 234 156
-0.00275341 156 0 78 78 342 216 234 156
-0.00276099 156 39 78 78 342 216 234 156
-0.00275821 156 78 78 78 342 216 234 156
-0.00267098 0 0 156 104 342 216 234 156
-0.00118928 0 52 156 104 342 216 234 156
-0.00121933 78 0 156 104 342 216 234 156
-0.00275585 78 52 156 104 342 216 234 156
-0.00275838 0 0 156 104 342 216 234 156
-0.00276131 0 52 156 104 342 216 234 156
-0.00276076 78 0 156 104 342 216 234 156
-0.00183331 78 52 156 104 342 216 234 156
-0.00275458 0 0 156 104 342 216 234 156
-0.00180962 0 52 156 104 342 216 234 156
-0.0022407 78 0 156 104 342 216 234 156
-0.00275839 78 52 156 104 342 216 234 156
-0.00275106 0 0 156 104 342 216 234 156
-0.00275579 0 52 156 104 342 216 234 156
-0.00130215 78 0 156 104 342 216 234 156
-0.00271033 78 52 156 104 342 216 234 156
-0.00154697 0 0 156 104 342 216 234 156
-0.00276209 0 52 156 104 342 216 234 156
-0.00219676 78 0 156 104 342 216 234 156
-0.00275487 78 52 156 104 342 216 234 156
-0.00156977 0 0 156 104 342 216 234 156
-0.00275236 0 52 156 104 342 216 234 156
-0.00275312 78 0 156 104 342 216 234 156
-0.00276001 78 52 156 104 342 216 234 156
-0.00275897 0 0 156 104 342 216 234 156
-0.00114582 0 52 156 104 342 216 234 156
-0.00168843 78 0 156 104 342 216 234 156
-0.00276262 78 52 156 104 342 216 234 156
-0.00275979 0 0 156 104 342 216 234 156
-0.00242968 0 52 156 104 342 216 234 156
-0.00276251 78 0 156 104 342 216 234 156
-0.00275986 78 52 156 104 342 216 234 156
-0.00275829 0 0 156 104 342 216 234 156
-0.00276252 0 52 156 104 342 216 234 156
-0.00275487 78 0 156 104 342 216 234 156
-0.00276294 78 52 156 104 342 216 234 156
-0.00190436 0 0 156 104 342 216 234 156
-0.00276237 0 52 156 104 342 216 234 156
-0.00275272 78 0 156 104 342 216 234 156
-0.0027617 78 52 156 104 342 216 234 156
-0.00112113 0 0 234 156 342 216 234 156
-0.0011087 0 0 234 156 342 216 234 156
-0.00206484 0 0 234 156 342 216 234 156
-0.00275177 0 0 234 156 342 216 234 156
-0.00199663 0 0 234 156 342 216 234 156
-0.00145165 0 0 234 156 342 216 234 156
-0.00119752 0 0 234 156 342 216 234 156
-0.00275408 0 0 234 156 342 216 234 156
-0.00275631 0 0 234 156 342 216 234 156
-0.00275263 0 0 234 156 342 216 234 156
