-0.00191607 0 0 17 20 163 52 43 174
-0.00191516 0 10 17 20 163 52 43 174
-0.0019151 0 20 17 20 163 52 43 174
-0.00191593 0 30 17 20 163 52 43 174
-0.00191494 0 40 17 20 163 52 43 174
-0.00151431 0 50 17 20 163 52 43 174
-0.00191502 0 60 17 20 163 52 43 174
-0.00191612 0 70 17 20 163 52 43 174
-0.00191603 0 80 17 20 163 52 43 174
-0.00191585 0 90 17 20 163 52 43 174
-0.00191545 0 100 17 20 163 52 43 174
-0.0019155 0 110 17 20 163 52 43 174
-0.00191518 0 120 17 20 163 52 43 174
-0.00191569 0 130 17 20 163 52 43 174
-0.00191603 0 140 17 20 163 52 43 174
-0.00191582 0 150 17 20 163 52 43 174
-0.00191561 8 0 17 20 163 52 43 174
-0.00191526 8 10 17 20 163 52 43 174
-0.00191621 8 20 17 20 163 52 43 174
-0.00191641 8 30 17 20 163 52 43 174
-0.00191626 8 40 17 20 163 52 43 174
-0.0019161 8 50 17 20 163 52 43 174
-0.00191649 8 60 17 20 163 52 43 174
-0.00191633 8 70 17 20 163 52 43 174
-0.00191631 8 80 17 20 163 52 43 174
-0.00191631 8 90 17 20 163 52 43 174
-0.00191625 8 100 17 20 163 52 43 174
-0.00191613 8 110 17 20 163 52 43 174
-0.00191586 8 120 17 20 163 52 43 174
-0.00191651 8 130 17 20 163 52 43 174
-0.00191657 8 140 17 20 163 52 43 174
-0.00191649 8 150 17 20 163 52 43 174
-0.00191595 16 0 17 20 163 52 43 174
-0.00191552 16 10 17 20 163 52 43 174
-0.00191638 16 20 17 20 163 52 43 174
-0.00191642 16 30 17 20 163 52 43 174
-0.00191547 16 40 17 20 163 52 43 174
-0.00191589 16 50 17 20 163 52 43 174
-0.00191635 16 60 17 20 163 52 43 174
-0.00191637 16 70 17 20 163 52 43 174
-0.0019165 16 80 17 20 163 52 43 174
-0.00191629 16 90 17 20 163 52 43 174
-0.0019157 16 100 17 20 163 52 43 174
-0.00191551 16 110 17 20 163 52 43 174
-0.00191609 16 120 17 20 163 52 43 174
-0.00191654 16 130 17 20 163 52 43 174
-0.00191657 16 140 17 20 163 52 43 174
-0.00191644 16 150 17 20 163 52 43 174
-0.00191628 24 0 17 20 163 52 43 174
-0.00191573 24 10 17 20 163 52 43 174
-0.00191607 24 20 17 20 163 52 43 174
-0.00191625 24 30 17 20 163 52 43 174
-0.00191622 24 40 17 20 163 52 43 174
-0.00191633 24 50 17 20 163 52 43 174
-0.00191646 24 60 17 20 163 52 43 174
-0.00191645 24 70 17 20 163 52 43 174
-0.0019164 24 80 17 20 163 52 43 174
-0.00191622 24 90 17 20 163 52 43 174
-0.0019159 24 100 17 20 163 52 43 174
-0.00191578 24 110 17 20 163 52 43 174
-0.00191541 24 120 17 20 163 52 43 174
-0.00191599 24 130 17 20 163 52 43 174
-0.00191617 24 140 17 20 163 52 43 174
-0.00191621 24 150 17 20 163 52 43 174
-0.00191651 0 0 17 20 163 52 43 174
-0.00191656 0 10 17 20 163 52 43 174
-0.00191649 0 20 17 20 163 52 43 174
-0.00191634 0 30 17 20 163 52 43 174
-0.00191629 0 40 17 20 163 52 43 174
-0.00191627 0 50 17 20 163 52 43 174
-0.00191636 0 60 17 20 163 52 43 174
-0.001916 0 70 17 20 163 52 43 174
-0.00191366 0 80 17 20 163 52 43 174
-0.0019143 0 90 17 20 163 52 43 174
-0.00191319 0 100 17 20 163 52 43 174
-0.00191402 0 110 17 20 163 52 43 174
-0.00191599 0 120 17 20 163 52 43 174
-0.00191623 0 130 17 20 163 52 43 174
-0.00191572 0 140 17 20 163 52 43 174
-0.00191511 0 150 17 20 163 52 43 174
-0.00191656 8 0 17 20 163 52 43 174
-0.00191652 8 10 17 20 163 52 43 174
-0.00191626 8 20 17 20 163 52 43 174
-0.00191403 8 30 17 20 163 52 43 174
-0.00191175 8 40 17 20 163 52 43 174
-0.00191245 8 50 17 20 163 52 43 174
-0.00190991 8 60 17 20 163 52 43 174
-0.00190934 8 70 17 20 163 52 43 174
-0.00191535 8 80 17 20 163 52 43 174
-0.00191596 8 90 17 20 163 52 43 174
-0.00191403 8 100 17 20 163 52 43 174
-0.00191589 8 110 17 20 163 52 43 174
-0.00191649 8 120 17 20 163 52 43 174
-0.0019165 8 130 17 20 163 52 43 174
-0.00191596 8 140 17 20 163 52 43 174
-0.00141318 8 150 17 20 163 52 43 174
-0.00191657 16 0 17 20 163 52 43 174
-0.00191649 16 10 17 20 163 52 43 174
-0.00191596 16 20 17 20 163 52 43 174
-0.00154674 16 30 17 20 163 52 43 174
-0.00028231 16 40 17 20 163 52 43 174
-0.000339698 16 50 17 20 163 52 43 174
-0.000559627 16 60 17 20 163 52 43 174
-0.00191028 16 70 17 20 163 52 43 174
-0.00191552 16 80 17 20 163 52 43 174
-0.00191603 16 90 17 20 163 52 43 174
-0.00191345 16 100 17 20 163 52 43 174
-0.00191597 16 110 17 20 163 52 43 174
-0.00191651 16 120 17 20 163 52 43 174
-0.00191651 16 130 17 20 163 52 43 174
-0.00191592 16 140 17 20 163 52 43 174
-0.00161192 16 150 17 20 163 52 43 174
-0.00191657 24 0 17 20 163 52 43 174
-0.00191651 24 10 17 20 163 52 43 174
-0.00191618 24 20 17 20 163 52 43 174
-0.00191253 24 30 17 20 163 52 43 174
-0.00120772 24 40 17 20 163 52 43 174
-0.00164421 24 50 17 20 163 52 43 174
-0.00157932 24 60 17 20 163 52 43 174
-0.00172346 24 70 17 20 163 52 43 174
-0.00191137 24 80 17 20 163 52 43 174
-0.00191326 24 90 17 20 163 52 43 174
-0.00191122 24 100 17 20 163 52 43 174
-0.00191356 24 110 17 20 163 52 43 174
-0.00191605 24 120 17 20 163 52 43 174
-0.00191624 24 130 17 20 163 52 43 174
-0.00191554 24 140 17 20 163 52 43 174
-0.00191488 24 150 17 20 163 52 43 174
-0.00191614 0 0 17 20 163 52 43 174
-0.00191626 0 10 17 20 163 52 43 174
-0.00191607 0 20 17 20 163 52 43 174
-0.00191551 0 30 17 20 163 52 43 174
-0.00191468 0 40 17 20 163 52 43 174
-0.00191214 0 50 17 20 163 52 43 174
-0.00191038 0 60 17 20 163 52 43 174
-0.00191299 0 70 17 20 163 52 43 174
-0.0019133 0 80 17 20 163 52 43 174
-0.00175469 0 90 17 20 163 52 43 174
-0.00139614 0 100 17 20 163 52 43 174
-0.00191315 0 110 17 20 163 52 43 174
-0.00191478 0 120 17 20 163 52 43 174
-0.0019143 0 130 17 20 163 52 43 174
-0.00191402 0 140 17 20 163 52 43 174
-0.00191555 0 150 17 20 163 52 43 174
-0.00191586 8 0 17 20 163 52 43 174
-0.00191599 8 10 17 20 163 52 43 174
-0.00191568 8 20 17 20 163 52 43 174
-0.00191407 8 30 17 20 163 52 43 174
-0.00191252 8 40 17 20 163 52 43 174
-0.00191337 8 50 17 20 163 52 43 174
-0.00156297 8 60 17 20 163 52 43 174
-0.00190828 8 70 17 20 163 52 43 174
-0.00190913 8 80 17 20 163 52 43 174
-0.00159572 8 90 17 20 163 52 43 174
-0.0019148 8 100 17 20 163 52 43 174
-0.00191626 8 110 17 20 163 52 43 174
-0.00191643 8 120 17 20 163 52 43 174
-0.00191631 8 130 17 20 163 52 43 174
-0.00191613 8 140 17 20 163 52 43 174
-0.00191352 8 150 17 20 163 52 43 174
-0.0019154 16 0 17 20 163 52 43 174
-0.00191479 16 10 17 20 163 52 43 174
-0.00191498 16 20 17 20 163 52 43 174
-0.00191424 16 30 17 20 163 52 43 174
-0.00190898 16 40 17 20 163 52 43 174
-0.00191264 16 50 17 20 163 52 43 174
-0.00190851 16 60 17 20 163 52 43 174
-0.000707941 16 70 17 20 163 52 43 174
-0.000916729 16 80 17 20 163 52 43 174
-0.00190909 16 90 17 20 163 52 43 174
-0.00191517 16 100 17 20 163 52 43 174
-0.00191635 16 110 17 20 163 52 43 174
-0.00191642 16 120 17 20 163 52 43 174
-0.00191644 16 130 17 20 163 52 43 174
-0.00191632 16 140 17 20 163 52 43 174
-0.00191308 16 150 17 20 163 52 43 174
-0.00191449 24 0 17 20 163 52 43 174
-0.0019126 24 10 17 20 163 52 43 174
-0.00191126 24 20 17 20 163 52 43 174
-0.00191433 24 30 17 20 163 52 43 174
-0.00191289 24 40 17 20 163 52 43 174
-0.00149787 24 50 17 20 163 52 43 174
-0.000651929 24 60 17 20 163 52 43 174
-0.00181648 24 70 17 20 163 52 43 174
-0.00190906 24 80 17 20 163 52 43 174
-0.000734635 24 90 17 20 163 52 43 174
-0.00190837 24 100 17 20 163 52 43 174
-0.00191492 24 110 17 20 163 52 43 174
-0.00191532 24 120 17 20 163 52 43 174
-0.00191434 24 130 17 20 163 52 43 174
-0.00191298 24 140 17 20 163 52 43 174
-0.00191441 24 150 17 20 163 52 43 174
-0.00191529 0 0 17 20 163 52 43 174
-0.00191342 0 10 17 20 163 52 43 174
-0.00191313 0 20 17 20 163 52 43 174
-0.00191459 0 30 17 20 163 52 43 174
-0.00191532 0 40 17 20 163 52 43 174
-0.00191485 0 50 17 20 163 52 43 174
-0.00191096 0 60 17 20 163 52 43 174
-0.00191574 0 70 17 20 163 52 43 174
-0.00191616 0 80 17 20 163 52 43 174
-0.00191549 0 90 17 20 163 52 43 174
-0.00190896 0 100 17 20 163 52 43 174
-0.00191066 0 110 17 20 163 52 43 174
-0.00191403 0 120 17 20 163 52 43 174
-0.00191218 0 130 17 20 163 52 43 174
-0.00190806 0 140 17 20 163 52 43 174
-0.00191092 0 150 17 20 163 52 43 174
-0.00106035 8 0 17 20 163 52 43 174
-0.00183175 8 10 17 20 163 52 43 174
-0.00191443 8 20 17 20 163 52 43 174
-0.00191413 8 30 17 20 163 52 43 174
-0.00191568 8 40 17 20 163 52 43 174
-0.00191628 8 50 17 20 163 52 43 174
-0.0019161 8 60 17 20 163 52 43 174
-0.00191596 8 70 17 20 163 52 43 174
-0.00191613 8 80 17 20 163 52 43 174
-0.00191496 8 90 17 20 163 52 43 174
-0.00191264 8 100 17 20 163 52 43 174
-0.00191477 8 110 17 20 163 52 43 174
-0.0019156 8 120 17 20 163 52 43 174
-0.00191581 8 130 17 20 163 52 43 174
-0.00191559 8 140 17 20 163 52 43 174
-0.00169194 8 150 17 20 163 52 43 174
-0.00117203 16 0 17 20 163 52 43 174
-0.00177021 16 10 17 20 163 52 43 174
-0.00191515 16 20 17 20 163 52 43 174
-0.00191474 16 30 17 20 163 52 43 174
-0.00191548 16 40 17 20 163 52 43 174
-0.00191632 16 50 17 20 163 52 43 174
-0.00191626 16 60 17 20 163 52 43 174
-0.00191594 16 70 17 20 163 52 43 174
-0.00191604 16 80 17 20 163 52 43 174
-0.00191388 16 90 17 20 163 52 43 174
-0.00191198 16 100 17 20 163 52 43 174
-0.0019153 16 110 17 20 163 52 43 174
-0.00191568 16 120 17 20 163 52 43 174
-0.00191617 16 130 17 20 163 52 43 174
-0.001916 16 140 17 20 163 52 43 174
-0.00146438 16 150 17 20 163 52 43 174
-0.00190818 24 0 17 20 163 52 43 174
-0.00191113 24 10 17 20 163 52 43 174
-0.00191419 24 20 17 20 163 52 43 174
-0.00191532 24 30 17 20 163 52 43 174
-0.00191527 24 40 17 20 163 52 43 174
-0.00191603 24 50 17 20 163 52 43 174
-0.00191559 24 60 17 20 163 52 43 174
-0.0019161 24 70 17 20 163 52 43 174
-0.00191623 24 80 17 20 163 52 43 174
-0.00191503 24 90 17 20 163 52 43 174
-0.00173915 24 100 17 20 163 52 43 174
-0.00191084 24 110 17 20 163 52 43 174
-0.00191379 24 120 17 20 163 52 43 174
-0.00191374 24 130 17 20 163 52 43 174
-0.00191218 24 140 17 20 163 52 43 174
-0.00191026 24 150 17 20 163 52 43 174
-0.00191536 0 0 17 20 163 52 43 174
-0.00191561 0 10 17 20 163 52 43 174
-0.00191578 0 20 17 20 163 52 43 174
-0.00191505 0 30 17 20 163 52 43 174
-0.00191569 0 40 17 20 163 52 43 174
-0.00191631 0 50 17 20 163 52 43 174
-0.00191623 0 60 17 20 163 52 43 174
-0.00191598 0 70 17 20 163 52 43 174
-0.00191652 0 80 17 20 163 52 43 174
-0.00191645 0 90 17 20 163 52 43 174
-0.00191598 0 100 17 20 163 52 43 174
-0.00191627 0 110 17 20 163 52 43 174
-0.00191638 0 120 17 20 163 52 43 174
-0.0019163 0 130 17 20 163 52 43 174
-0.00191604 0 140 17 20 163 52 43 174
-0.00191615 0 150 17 20 163 52 43 174
-0.00191627 8 0 17 20 163 52 43 174
-0.00191628 8 10 17 20 163 52 43 174
-0.00191647 8 20 17 20 163 52 43 174
-0.00191652 8 30 17 20 163 52 43 174
-0.00191648 8 40 17 20 163 52 43 174
-0.00191647 8 50 17 20 163 52 43 174
-0.00191639 8 60 17 20 163 52 43 174
-0.00191585 8 70 17 20 163 52 43 174
-0.00191652 8 80 17 20 163 52 43 174
-0.00191645 8 90 17 20 163 52 43 174
-0.00191634 8 100 17 20 163 52 43 174
-0.00191638 8 110 17 20 163 52 43 174
-0.00191641 8 120 17 20 163 52 43 174
-0.00191651 8 130 17 20 163 52 43 174
-0.00191652 8 140 17 20 163 52 43 174
-0.00191653 8 150 17 20 163 52 43 174
-0.0019165 16 0 17 20 163 52 43 174
-0.00191635 16 10 17 20 163 52 43 174
-0.00191644 16 20 17 20 163 52 43 174
-0.00191605 16 30 17 20 163 52 43 174
-0.00191604 16 40 17 20 163 52 43 174
-0.00191505 16 50 17 20 163 52 43 174
-0.000894768 16 60 17 20 163 52 43 174
-0.00191631 16 70 17 20 163 52 43 174
-0.00191659 16 80 17 20 163 52 43 174
-0.00191642 16 90 17 20 163 52 43 174
-0.00191632 16 100 17 20 163 52 43 174
-0.00191653 16 110 17 20 163 52 43 174
-0.00191652 16 120 17 20 163 52 43 174
-0.00191656 16 130 17 20 163 52 43 174
-0.00191656 16 140 17 20 163 52 43 174
-0.00191654 16 150 17 20 163 52 43 174
-0.00191646 24 0 17 20 163 52 43 174
-0.00191641 24 10 17 20 163 52 43 174
-0.00191647 24 20 17 20 163 52 43 174
-0.00191648 24 30 17 20 163 52 43 174
-0.00191653 24 40 17 20 163 52 43 174
-0.00191655 24 50 17 20 163 52 43 174
-0.00191654 24 60 17 20 163 52 43 174
-0.00191657 24 70 17 20 163 52 43 174
-0.00191656 24 80 17 20 163 52 43 174
-0.00191644 24 90 17 20 163 52 43 174
-0.00191624 24 100 17 20 163 52 43 174
-0.00191641 24 110 17 20 163 52 43 174
-0.00191634 24 120 17 20 163 52 43 174
-0.0019163 24 130 17 20 163 52 43 174
-0.00191614 24 140 17 20 163 52 43 174
-0.00191617 24 150 17 20 163 52 43 174
-0.00191632 0 0 17 20 163 52 43 174
-0.00191641 0 10 17 20 163 52 43 174
-0.00191608 0 20 17 20 163 52 43 174
-0.00191635 0 30 17 20 163 52 43 174
-0.00191645 0 40 17 20 163 52 43 174
-0.0019164 0 50 17 20 163 52 43 174
-0.00191602 0 60 17 20 163 52 43 174
-0.00191634 0 70 17 20 163 52 43 174
-0.00191646 0 80 17 20 163 52 43 174
-0.00191638 0 90 17 20 163 52 43 174
-0.0019163 0 100 17 20 163 52 43 174
-0.00191571 0 110 17 20 163 52 43 174
-0.00191483 0 120 17 20 163 52 43 174
-0.00191566 0 130 17 20 163 52 43 174
-0.00191587 0 140 17 20 163 52 43 174
-0.001916 0 150 17 20 163 52 43 174
-0.0019164 8 0 17 20 163 52 43 174
-0.00191645 8 10 17 20 163 52 43 174
-0.00191631 8 20 17 20 163 52 43 174
-0.00191643 8 30 17 20 163 52 43 174
-0.00191648 8 40 17 20 163 52 43 174
-0.00191646 8 50 17 20 163 52 43 174
-0.00191647 8 60 17 20 163 52 43 174
-0.00191653 8 70 17 20 163 52 43 174
-0.00191653 8 80 17 20 163 52 43 174
-0.00191637 8 90 17 20 163 52 43 174
-0.00191469 8 100 17 20 163 52 43 174
-0.0019148 8 110 17 20 163 52 43 174
-0.00191614 8 120 17 20 163 52 43 174
-0.00191641 8 130 17 20 163 52 43 174
-0.00191648 8 140 17 20 163 52 43 174
-0.00191652 8 150 17 20 163 52 43 174
-0.00191601 16 0 17 20 163 52 43 174
-0.0019159 16 10 17 20 163 52 43 174
-0.00191633 16 20 17 20 163 52 43 174
-0.0019163 16 30 17 20 163 52 43 174
-0.00191625 16 40 17 20 163 52 43 174
-0.0019164 16 50 17 20 163 52 43 174
-0.00191621 16 60 17 20 163 52 43 174
-0.00191656 16 70 17 20 163 52 43 174
-0.00191653 16 80 17 20 163 52 43 174
-0.00191637 16 90 17 20 163 52 43 174
-0.00191613 16 100 17 20 163 52 43 174
-0.00191642 16 110 17 20 163 52 43 174
-0.00191652 16 120 17 20 163 52 43 174
-0.00191657 16 130 17 20 163 52 43 174
-0.00191657 16 140 17 20 163 52 43 174
-0.00191653 16 150 17 20 163 52 43 174
-0.00191614 24 0 17 20 163 52 43 174
-0.00191624 24 10 17 20 163 52 43 174
-0.00191639 24 20 17 20 163 52 43 174
-0.00191589 24 30 17 20 163 52 43 174
-0.00191578 24 40 17 20 163 52 43 174
-0.00191625 24 50 17 20 163 52 43 174
-0.00191651 24 60 17 20 163 52 43 174
-0.00191654 24 70 17 20 163 52 43 174
-0.00191654 24 80 17 20 163 52 43 174
-0.00191645 24 90 17 20 163 52 43 174
-0.00191614 24 100 17 20 163 52 43 174
-0.00191615 24 110 17 20 163 52 43 174
-0.00191642 24 120 17 20 163 52 43 174
-0.00191647 24 130 17 20 163 52 43 174
-0.00191643 24 140 17 20 163 52 43 174
-0.00191617 24 150 17 20 163 52 43 174
-0.00191651 0 0 17 20 163 52 43 174
-0.00191641 0 10 17 20 163 52 43 174
-0.00191643 0 20 17 20 163 52 43 174
-0.00191654 0 30 17 20 163 52 43 174
-0.00191658 0 40 17 20 163 52 43 174
-0.00191628 0 50 17 20 163 52 43 174
-0.00191621 0 60 17 20 163 52 43 174
-0.00191608 0 70 17 20 163 52 43 174
-0.0019164 0 80 17 20 163 52 43 174
-0.00191635 0 90 17 20 163 52 43 174
-0.00191624 0 100 17 20 163 52 43 174
-0.00191637 0 110 17 20 163 52 43 174
-0.00191628 0 120 17 20 163 52 43 174
-0.00191647 0 130 17 20 163 52 43 174
-0.00191638 0 140 17 20 163 52 43 174
-0.00191651 0 150 17 20 163 52 43 174
-0.00191629 8 0 17 20 163 52 43 174
-0.00191627 8 10 17 20 163 52 43 174
-0.00191641 8 20 17 20 163 52 43 174
-0.00191654 8 30 17 20 163 52 43 174
-0.00191655 8 40 17 20 163 52 43 174
-0.00191636 8 50 17 20 163 52 43 174
-0.0019159 8 60 17 20 163 52 43 174
-0.00191543 8 70 17 20 163 52 43 174
-0.00191586 8 80 17 20 163 52 43 174
-0.00191637 8 90 17 20 163 52 43 174
-0.00191658 8 100 17 20 163 52 43 174
-0.00191648 8 110 17 20 163 52 43 174
-0.00191641 8 120 17 20 163 52 43 174
-0.00191657 8 130 17 20 163 52 43 174
-0.00191651 8 140 17 20 163 52 43 174
-0.00191504 8 150 17 20 163 52 43 174
-0.00191529 16 0 17 20 163 52 43 174
-0.0019161 16 10 17 20 163 52 43 174
-0.00191651 16 20 17 20 163 52 43 174
-0.00191656 16 30 17 20 163 52 43 174
-0.00191652 16 40 17 20 163 52 43 174
-0.00191611 16 50 17 20 163 52 43 174
-0.0019164 16 60 17 20 163 52 43 174
-0.0019158 16 70 17 20 163 52 43 174
-0.00191608 16 80 17 20 163 52 43 174
-0.00191646 16 90 17 20 163 52 43 174
-0.00191658 16 100 17 20 163 52 43 174
-0.00191643 16 110 17 20 163 52 43 174
-0.00191647 16 120 17 20 163 52 43 174
-0.00191658 16 130 17 20 163 52 43 174
-0.0019164 16 140 17 20 163 52 43 174
-0.00191282 16 150 17 20 163 52 43 174
-0.00191618 24 0 17 20 163 52 43 174
-0.00191618 24 10 17 20 163 52 43 174
-0.00191653 24 20 17 20 163 52 43 174
-0.00191657 24 30 17 20 163 52 43 174
-0.00191656 24 40 17 20 163 52 43 174
-0.00191645 24 50 17 20 163 52 43 174
-0.00191654 24 60 17 20 163 52 43 174
-0.00191619 24 70 17 20 163 52 43 174
-0.0019158 24 80 17 20 163 52 43 174
-0.00191604 24 90 17 20 163 52 43 174
-0.00191645 24 100 17 20 163 52 43 174
-0.00191646 24 110 17 20 163 52 43 174
-0.00191647 24 120 17 20 163 52 43 174
-0.00191649 24 130 17 20 163 52 43 174
-0.00191601 24 140 17 20 163 52 43 174
-0.00191648 24 150 17 20 163 52 43 174
-0.00191654 0 0 17 20 163 52 43 174
-0.00191643 0 10 17 20 163 52 43 174
-0.00191657 0 20 17 20 163 52 43 174
-0.00191647 0 30 17 20 163 52 43 174
-0.00191543 0 40 17 20 163 52 43 174
-0.00191606 0 50 17 20 163 52 43 174
-0.00191605 0 60 17 20 163 52 43 174
-0.00191621 0 70 17 20 163 52 43 174
-0.00191499 0 80 17 20 163 52 43 174
-0.00191488 0 90 17 20 163 52 43 174
-0.00191297 0 100 17 20 163 52 43 174
-0.00191596 0 110 17 20 163 52 43 174
-0.00191634 0 120 17 20 163 52 43 174
-0.00191629 0 130 17 20 163 52 43 174
-0.00191573 0 140 17 20 163 52 43 174
-0.00191417 0 150 17 20 163 52 43 174
-0.00191631 8 0 17 20 163 52 43 174
-0.00191639 8 10 17 20 163 52 43 174
-0.00191657 8 20 17 20 163 52 43 174
-0.00191648 8 30 17 20 163 52 43 174
-0.00191651 8 40 17 20 163 52 43 174
-0.00191637 8 50 17 20 163 52 43 174
-0.00191623 8 60 17 20 163 52 43 174
-0.00191606 8 70 17 20 163 52 43 174
-0.00191532 8 80 17 20 163 52 43 174
-0.00191552 8 90 17 20 163 52 43 174
-0.00191609 8 100 17 20 163 52 43 174
-0.00191658 8 110 17 20 163 52 43 174
-0.00191651 8 120 17 20 163 52 43 174
-0.00191656 8 130 17 20 163 52 43 174
-0.00191656 8 140 17 20 163 52 43 174
-0.00191535 8 150 17 20 163 52 43 174
-0.00191599 16 0 17 20 163 52 43 174
-0.00191637 16 10 17 20 163 52 43 174
-0.00191657 16 20 17 20 163 52 43 174
-0.00191653 16 30 17 20 163 52 43 174
-0.00191655 16 40 17 20 163 52 43 174
-0.00191636 16 50 17 20 163 52 43 174
-0.00191639 16 60 17 20 163 52 43 174
-0.00191595 16 70 17 20 163 52 43 174
-0.00191507 16 80 17 20 163 52 43 174
-0.00191518 16 90 17 20 163 52 43 174
-0.00191629 16 100 17 20 163 52 43 174
-0.00191658 16 110 17 20 163 52 43 174
-0.00191648 16 120 17 20 163 52 43 174
-0.00191656 16 130 17 20 163 52 43 174
-0.00191658 16 140 17 20 163 52 43 174
-0.00191553 16 150 17 20 163 52 43 174
-0.00191643 24 0 17 20 163 52 43 174
-0.00191641 24 10 17 20 163 52 43 174
-0.00191657 24 20 17 20 163 52 43 174
-0.00191652 24 30 17 20 163 52 43 174
-0.00191596 24 40 17 20 163 52 43 174
-0.00191574 24 50 17 20 163 52 43 174
-0.00191603 24 60 17 20 163 52 43 174
-0.00191618 24 70 17 20 163 52 43 174
-0.001915 24 80 17 20 163 52 43 174
-0.00191476 24 90 17 20 163 52 43 174
-0.00191465 24 100 17 20 163 52 43 174
-0.00191631 24 110 17 20 163 52 43 174
-0.00191638 24 120 17 20 163 52 43 174
-0.00191648 24 130 17 20 163 52 43 174
-0.00191632 24 140 17 20 163 52 43 174
-0.00191594 24 150 17 20 163 52 43 174
-0.00191646 0 0 17 20 163 52 43 174
-0.00191635 0 10 17 20 163 52 43 174
-0.00191656 0 20 17 20 163 52 43 174
-0.00191655 0 30 17 20 163 52 43 174
-0.00191619 0 40 17 20 163 52 43 174
-0.00191635 0 50 17 20 163 52 43 174
-0.00191547 0 60 17 20 163 52 43 174
-0.00191478 0 70 17 20 163 52 43 174
-0.00191576 0 80 17 20 163 52 43 174
-0.00191623 0 90 17 20 163 52 43 174
-0.00191625 0 100 17 20 163 52 43 174
-0.00191639 0 110 17 20 163 52 43 174
-0.0019164 0 120 17 20 163 52 43 174
-0.00191622 0 130 17 20 163 52 43 174
-0.00191251 0 140 17 20 163 52 43 174
-0.00191472 0 150 17 20 163 52 43 174
-0.00191572 8 0 17 20 163 52 43 174
-0.00191624 8 10 17 20 163 52 43 174
-0.00191654 8 20 17 20 163 52 43 174
-0.0019165 8 30 17 20 163 52 43 174
-0.00191638 8 40 17 20 163 52 43 174
-0.00191592 8 50 17 20 163 52 43 174
-0.00191557 8 60 17 20 163 52 43 174
-0.00191496 8 70 17 20 163 52 43 174
-0.00191542 8 80 17 20 163 52 43 174
-0.00191568 8 90 17 20 163 52 43 174
-0.00191649 8 100 17 20 163 52 43 174
-0.00191645 8 110 17 20 163 52 43 174
-0.00191643 8 120 17 20 163 52 43 174
-0.00191651 8 130 17 20 163 52 43 174
-0.00191537 8 140 17 20 163 52 43 174
-0.00109806 8 150 17 20 163 52 43 174
-0.00191396 16 0 17 20 163 52 43 174
-0.00191418 16 10 17 20 163 52 43 174
-0.0019162 16 20 17 20 163 52 43 174
-0.00191632 16 30 17 20 163 52 43 174
-0.00191519 16 40 17 20 163 52 43 174
-0.00191488 16 50 17 20 163 52 43 174
-0.00191587 16 60 17 20 163 52 43 174
-0.00191412 16 70 17 20 163 52 43 174
-0.00191534 16 80 17 20 163 52 43 174
-0.00191594 16 90 17 20 163 52 43 174
-0.00191649 16 100 17 20 163 52 43 174
-0.00191647 16 110 17 20 163 52 43 174
-0.00191641 16 120 17 20 163 52 43 174
-0.00191652 16 130 17 20 163 52 43 174
-0.00191596 16 140 17 20 163 52 43 174
-0.00191449 16 150 17 20 163 52 43 174
-0.00191631 24 0 17 20 163 52 43 174
-0.00191608 24 10 17 20 163 52 43 174
-0.00191636 24 20 17 20 163 52 43 174
-0.00191652 24 30 17 20 163 52 43 174
-0.00191586 24 40 17 20 163 52 43 174
-0.00191608 24 50 17 20 163 52 43 174
-0.00191617 24 60 17 20 163 52 43 174
-0.00191393 24 70 17 20 163 52 43 174
-0.00191554 24 80 17 20 163 52 43 174
-0.00191599 24 90 17 20 163 52 43 174
-0.00191619 24 100 17 20 163 52 43 174
-0.00191647 24 110 17 20 163 52 43 174
-0.00191642 24 120 17 20 163 52 43 174
-0.00191628 24 130 17 20 163 52 43 174
-0.00191562 24 140 17 20 163 52 43 174
-0.00191648 24 150 17 20 163 52 43 174
-0.00191593 0 0 17 20 163 52 43 174
-0.00191569 0 10 17 20 163 52 43 174
-0.00191568 0 20 17 20 163 52 43 174
-0.00191631 0 30 17 20 163 52 43 174
-0.00191598 0 40 17 20 163 52 43 174
-0.0019164 0 50 17 20 163 52 43 174
-0.00191655 0 60 17 20 163 52 43 174
-0.00191652 0 70 17 20 163 52 43 174
-0.00191653 0 80 17 20 163 52 43 174
-0.00191643 0 90 17 20 163 52 43 174
-0.00191619 0 100 17 20 163 52 43 174
-0.00191586 0 110 17 20 163 52 43 174
-0.00191634 0 120 17 20 163 52 43 174
-0.00191634 0 130 17 20 163 52 43 174
-0.0019161 0 140 17 20 163 52 43 174
-0.00191636 0 150 17 20 163 52 43 174
-0.00191605 8 0 17 20 163 52 43 174
-0.0019151 8 10 17 20 163 52 43 174
-0.00191533 8 20 17 20 163 52 43 174
-0.00191594 8 30 17 20 163 52 43 174
-0.00191622 8 40 17 20 163 52 43 174
-0.00191646 8 50 17 20 163 52 43 174
-0.00191656 8 60 17 20 163 52 43 174
-0.00191651 8 70 17 20 163 52 43 174
-0.00191657 8 80 17 20 163 52 43 174
-0.00191652 8 90 17 20 163 52 43 174
-0.00191637 8 100 17 20 163 52 43 174
-0.00191631 8 110 17 20 163 52 43 174
-0.00191651 8 120 17 20 163 52 43 174
-0.00191652 8 130 17 20 163 52 43 174
-0.00191648 8 140 17 20 163 52 43 174
-0.00191653 8 150 17 20 163 52 43 174
-0.00191641 16 0 17 20 163 52 43 174
-0.00191494 16 10 17 20 163 52 43 174
-0.00191428 16 20 17 20 163 52 43 174
-0.00191626 16 30 17 20 163 52 43 174
-0.0019165 16 40 17 20 163 52 43 174
-0.00191658 16 50 17 20 163 52 43 174
-0.00191625 16 60 17 20 163 52 43 174
-0.00191657 16 70 17 20 163 52 43 174
-0.00191655 16 80 17 20 163 52 43 174
-0.00191626 16 90 17 20 163 52 43 174
-0.00191223 16 100 17 20 163 52 43 174
-0.00191458 16 110 17 20 163 52 43 174
-0.00191633 16 120 17 20 163 52 43 174
-0.00191648 16 130 17 20 163 52 43 174
-0.00191654 16 140 17 20 163 52 43 174
-0.00191656 16 150 17 20 163 52 43 174
-0.00191638 24 0 17 20 163 52 43 174
-0.00191578 24 10 17 20 163 52 43 174
-0.0019151 24 20 17 20 163 52 43 174
-0.00191559 24 30 17 20 163 52 43 174
-0.00191629 24 40 17 20 163 52 43 174
-0.0019164 24 50 17 20 163 52 43 174
-0.00191646 24 60 17 20 163 52 43 174
-0.00191649 24 70 17 20 163 52 43 174
-0.00191643 24 80 17 20 163 52 43 174
-0.00191624 24 90 17 20 163 52 43 174
-0.00191616 24 100 17 20 163 52 43 174
-0.00191612 24 110 17 20 163 52 43 174
-0.00191583 24 120 17 20 163 52 43 174
-0.00191592 24 130 17 20 163 52 43 174
-0.0019163 24 140 17 20 163 52 43 174
-0.00191639 24 150 17 20 163 52 43 174
-0.00191487 0 0 28 29 163 52 43 174
-0.0019148 0 14 28 29 163 52 43 174
-0.00191578 0 28 28 29 163 52 43 174
-0.00191146 0 42 28 29 163 52 43 174
-0.00191449 0 56 28 29 163 52 43 174
-0.00191573 0 70 28 29 163 52 43 174
-0.00191607 0 84 28 29 163 52 43 174
-0.00191504 0 98 28 29 163 52 43 174
-0.00191391 0 112 28 29 163 52 43 174
-0.00191613 0 126 28 29 163 52 43 174
-0.00191631 0 140 28 29 163 52 43 174
-0.00191535 14 0 28 29 163 52 43 174
-0.00191561 14 14 28 29 163 52 43 174
-0.00191611 14 28 28 29 163 52 43 174
-0.00191582 14 42 28 29 163 52 43 174
-0.00191614 14 56 28 29 163 52 43 174
-0.00191631 14 70 28 29 163 52 43 174
-0.00191631 14 84 28 29 163 52 43 174
-0.00191561 14 98 28 29 163 52 43 174
-0.00191499 14 112 28 29 163 52 43 174
-0.00191626 14 126 28 29 163 52 43 174
-0.0019163 14 140 28 29 163 52 43 174
-0.00191656 0 0 28 29 163 52 43 174
-0.00191634 0 14 28 29 163 52 43 174
-0.00191497 0 28 28 29 163 52 43 174
-0.0019136 0 42 28 29 163 52 43 174
-0.00191393 0 56 28 29 163 52 43 174
-0.00191228 0 70 28 29 163 52 43 174
-0.00191496 0 84 28 29 163 52 43 174
-0.00191277 0 98 28 29 163 52 43 174
-0.00191626 0 112 28 29 163 52 43 174
-0.0019163 0 126 28 29 163 52 43 174
-0.00191541 0 140 28 29 163 52 43 174
-0.00191654 14 0 28 29 163 52 43 174
-0.00191622 14 14 28 29 163 52 43 174
-0.00191086 14 28 28 29 163 52 43 174
-0.000830897 14 42 28 29 163 52 43 174
-0.00122529 14 56 28 29 163 52 43 174
-0.00191215 14 70 28 29 163 52 43 174
-0.001915 14 84 28 29 163 52 43 174
-0.00191168 14 98 28 29 163 52 43 174
-0.00191622 14 112 28 29 163 52 43 174
-0.00191627 14 126 28 29 163 52 43 174
-0.0019149 14 140 28 29 163 52 43 174
-0.00191596 0 0 28 29 163 52 43 174
-0.00191564 0 14 28 29 163 52 43 174
-0.00191145 0 28 28 29 163 52 43 174
-0.00166024 0 42 28 29 163 52 43 174
-0.000980254 0 56 28 29 163 52 43 174
-0.00144734 0 70 28 29 163 52 43 174
-0.000525405 0 84 28 29 163 52 43 174
-0.00191381 0 98 28 29 163 52 43 174
-0.00191432 0 112 28 29 163 52 43 174
-0.00191326 0 126 28 29 163 52 43 174
-0.00191278 0 140 28 29 163 52 43 174
-0.00191317 14 0 28 29 163 52 43 174
-0.00191374 14 14 28 29 163 52 43 174
-0.0019086 14 28 28 29 163 52 43 174
-0.00119007 14 42 28 29 163 52 43 174
-0.000959154 14 56 28 29 163 52 43 174
-0.00127714 14 70 28 29 163 52 43 174
-0.00111691 14 84 28 29 163 52 43 174
-0.00191474 14 98 28 29 163 52 43 174
-0.00191514 14 112 28 29 163 52 43 174
-0.00191335 14 126 28 29 163 52 43 174
-0.00191363 14 140 28 29 163 52 43 174
-0.00143011 0 0 28 29 163 52 43 174
-0.0018011 0 14 28 29 163 52 43 174
-0.00190961 0 28 28 29 163 52 43 174
-0.00191549 0 42 28 29 163 52 43 174
-0.00191507 0 56 28 29 163 52 43 174
-0.00191558 0 70 28 29 163 52 43 174
-0.00191528 0 84 28 29 163 52 43 174
-0.001847 0 98 28 29 163 52 43 174
-0.0011539 0 112 28 29 163 52 43 174
-0.00191187 0 126 28 29 163 52 43 174
-0.0019124 0 140 28 29 163 52 43 174
-0.00104088 14 0 28 29 163 52 43 174
-0.00190949 14 14 28 29 163 52 43 174
-0.00191057 14 28 28 29 163 52 43 174
-0.00191563 14 42 28 29 163 52 43 174
-0.00191568 14 56 28 29 163 52 43 174
-0.00191586 14 70 28 29 163 52 43 174
-0.00191529 14 84 28 29 163 52 43 174
-0.00190922 14 98 28 29 163 52 43 174
-0.00131187 14 112 28 29 163 52 43 174
-0.0019121 14 126 28 29 163 52 43 174
-0.00191293 14 140 28 29 163 52 43 174
-0.0019128 0 0 28 29 163 52 43 174
-0.00191244 0 14 28 29 163 52 43 174
-0.00191152 0 28 28 29 163 52 43 174
-0.001916 0 42 28 29 163 52 43 174
-0.00191581 0 56 28 29 163 52 43 174
-0.00191646 0 70 28 29 163 52 43 174
-0.00191625 0 84 28 29 163 52 43 174
-0.00191567 0 98 28 29 163 52 43 174
-0.00191614 0 112 28 29 163 52 43 174
-0.00191619 0 126 28 29 163 52 43 174
-0.00191602 0 140 28 29 163 52 43 174
-0.00191618 14 0 28 29 163 52 43 174
-0.00191623 14 14 28 29 163 52 43 174
-0.00191639 14 28 28 29 163 52 43 174
-0.00191646 14 42 28 29 163 52 43 174
-0.00191623 14 56 28 29 163 52 43 174
-0.00191654 14 70 28 29 163 52 43 174
-0.00191629 14 84 28 29 163 52 43 174
-0.00191588 14 98 28 29 163 52 43 174
-0.00191618 14 112 28 29 163 52 43 174
-0.00191623 14 126 28 29 163 52 43 174
-0.00191621 14 140 28 29 163 52 43 174
-0.00191631 0 0 28 29 163 52 43 174
-0.00191514 0 14 28 29 163 52 43 174
-0.00191612 0 28 28 29 163 52 43 174
-0.00191595 0 42 28 29 163 52 43 174
-0.00191527 0 56 28 29 163 52 43 174
-0.00191606 0 70 28 29 163 52 43 174
-0.0019156 0 84 28 29 163 52 43 174
-0.0019138 0 98 28 29 163 52 43 174
-0.00191486 0 112 28 29 163 52 43 174
-0.00191578 0 126 28 29 163 52 43 174
-0.00191544 0 140 28 29 163 52 43 174
-0.00191546 14 0 28 29 163 52 43 174
-0.00191616 14 14 28 29 163 52 43 174
-0.00191612 14 28 28 29 163 52 43 174
-0.00191606 14 42 28 29 163 52 43 174
-0.00191623 14 56 28 29 163 52 43 174
-0.00191652 14 70 28 29 163 52 43 174
-0.00191626 14 84 28 29 163 52 43 174
-0.0019149 14 98 28 29 163 52 43 174
-0.00191637 14 112 28 29 163 52 43 174
-0.0019162 14 126 28 29 163 52 43 174
-0.00191628 14 140 28 29 163 52 43 174
-0.00191572 0 0 28 29 163 52 43 174
-0.00191599 0 14 28 29 163 52 43 174
-0.00191648 0 28 28 29 163 52 43 174
-0.0019159 0 42 28 29 163 52 43 174
-0.00191393 0 56 28 29 163 52 43 174
-0.00191563 0 70 28 29 163 52 43 174
-0.0019159 0 84 28 29 163 52 43 174
-0.00191648 0 98 28 29 163 52 43 174
-0.00191619 0 112 28 29 163 52 43 174
-0.00191655 0 126 28 29 163 52 43 174
-0.0019162 0 140 28 29 163 52 43 174
-0.0019155 14 0 28 29 163 52 43 174
-0.00191637 14 14 28 29 163 52 43 174
-0.00191639 14 28 28 29 163 52 43 174
-0.00191509 14 42 28 29 163 52 43 174
-0.00191572 14 56 28 29 163 52 43 174
-0.00191436 14 70 28 29 163 52 43 174
-0.00191596 14 84 28 29 163 52 43 174
-0.00191646 14 98 28 29 163 52 43 174
-0.00191622 14 112 28 29 163 52 43 174
-0.00191656 14 126 28 29 163 52 43 174
-0.00191603 14 140 28 29 163 52 43 174
-0.00191611 0 0 28 29 163 52 43 174
-0.00191653 0 14 28 29 163 52 43 174
-0.00191641 0 28 28 29 163 52 43 174
-0.00191561 0 42 28 29 163 52 43 174
-0.00191501 0 56 28 29 163 52 43 174
-0.00191022 0 70 28 29 163 52 43 174
-0.00190898 0 84 28 29 163 52 43 174
-0.00191634 0 98 28 29 163 52 43 174
-0.00191639 0 112 28 29 163 52 43 174
-0.00191645 0 126 28 29 163 52 43 174
-0.00191638 0 140 28 29 163 52 43 174
-0.00191589 14 0 28 29 163 52 43 174
-0.00191648 14 14 28 29 163 52 43 174
-0.00191636 14 28 28 29 163 52 43 174
-0.00191605 14 42 28 29 163 52 43 174
-0.00191538 14 56 28 29 163 52 43 174
-0.00191219 14 70 28 29 163 52 43 174
-0.0019097 14 84 28 29 163 52 43 174
-0.00191637 14 98 28 29 163 52 43 174
-0.0019164 14 112 28 29 163 52 43 174
-0.00191647 14 126 28 29 163 52 43 174
-0.0019164 14 140 28 29 163 52 43 174
-0.00191538 0 0 28 29 163 52 43 174
-0.00191642 0 14 28 29 163 52 43 174
-0.00191646 0 28 28 29 163 52 43 174
-0.00191511 0 42 28 29 163 52 43 174
-0.00191143 0 56 28 29 163 52 43 174
-0.00191497 0 70 28 29 163 52 43 174
-0.00191536 0 84 28 29 163 52 43 174
-0.00191616 0 98 28 29 163 52 43 174
-0.00191594 0 112 28 29 163 52 43 174
-0.00191641 0 126 28 29 163 52 43 174
-0.00191336 0 140 28 29 163 52 43 174
-0.00191475 14 0 28 29 163 52 43 174
-0.00191606 14 14 28 29 163 52 43 174
-0.00191635 14 28 28 29 163 52 43 174
-0.00191311 14 42 28 29 163 52 43 174
-0.00191496 14 56 28 29 163 52 43 174
-0.0019157 14 70 28 29 163 52 43 174
-0.00191446 14 84 28 29 163 52 43 174
-0.00191639 14 98 28 29 163 52 43 174
-0.00191614 14 112 28 29 163 52 43 174
-0.0019165 14 126 28 29 163 52 43 174
-0.00191582 14 140 28 29 163 52 43 174
-0.00191565 0 0 28 29 163 52 43 174
-0.0019124 0 14 28 29 163 52 43 174
-0.00191268 0 28 28 29 163 52 43 174
-0.00191617 0 42 28 29 163 52 43 174
-0.00191653 0 56 28 29 163 52 43 174
-0.00191652 0 70 28 29 163 52 43 174
-0.00191615 0 84 28 29 163 52 43 174
-0.00191501 0 98 28 29 163 52 43 174
-0.00191619 0 112 28 29 163 52 43 174
-0.00191618 0 126 28 29 163 52 43 174
-0.00191536 0 140 28 29 163 52 43 174
-0.001916 14 0 28 29 163 52 43 174
-0.00191368 14 14 28 29 163 52 43 174
-0.00191568 14 28 28 29 163 52 43 174
-0.0019163 14 42 28 29 163 52 43 174
-0.00191643 14 56 28 29 163 52 43 174
-0.00191637 14 70 28 29 163 52 43 174
-0.00191607 14 84 28 29 163 52 43 174
-0.00191566 14 98 28 29 163 52 43 174
-0.00191411 14 112 28 29 163 52 43 174
-0.00191609 14 126 28 29 163 52 43 174
-0.00191632 14 140 28 29 163 52 43 174
-0.00190891 0 0 28 38 163 52 43 174
-0.00191484 0 19 28 38 163 52 43 174
-0.00191471 0 38 28 38 163 52 43 174
-0.00191357 0 57 28 38 163 52 43 174
-0.00191598 0 76 28 38 163 52 43 174
-0.00191487 0 95 28 38 163 52 43 174
-0.0019153 0 114 28 38 163 52 43 174
-0.00191629 0 133 28 38 163 52 43 174
-0.00191032 14 0 28 38 163 52 43 174
-0.00191576 14 19 28 38 163 52 43 174
-0.00191607 14 38 28 38 163 52 43 174
-0.00191609 14 57 28 38 163 52 43 174
-0.00191634 14 76 28 38 163 52 43 174
-0.00191548 14 95 28 38 163 52 43 174
-0.0019156 14 114 28 38 163 52 43 174
-0.00191625 14 133 28 38 163 52 43 174
-0.00191649 0 0 28 38 163 52 43 174
-0.0019157 0 19 28 38 163 52 43 174
-0.00191368 0 38 28 38 163 52 43 174
-0.00191189 0 57 28 38 163 52 43 174
-0.00191314 0 76 28 38 163 52 43 174
-0.00191417 0 95 28 38 163 52 43 174
-0.00191623 0 114 28 38 163 52 43 174
-0.00191597 0 133 28 38 163 52 43 174
-0.00191643 14 0 28 38 163 52 43 174
-0.00191498 14 19 28 38 163 52 43 174
-0.000760122 14 38 28 38 163 52 43 174
-0.0018927 14 57 28 38 163 52 43 174
-0.0019141 14 76 28 38 163 52 43 174
-0.00191394 14 95 28 38 163 52 43 174
-0.00191619 14 114 28 38 163 52 43 174
-0.0019157 14 133 28 38 163 52 43 174
-0.00191592 0 0 28 38 163 52 43 174
-0.0019128 0 19 28 38 163 52 43 174
-0.00132911 0 38 28 38 163 52 43 174
-0.000938087 0 57 28 38 163 52 43 174
-0.00048675 0 76 28 38 163 52 43 174
-0.0019134 0 95 28 38 163 52 43 174
-0.00191141 0 114 28 38 163 52 43 174
-0.00191165 0 133 28 38 163 52 43 174
-0.00191372 14 0 28 38 163 52 43 174
-0.00190871 14 19 28 38 163 52 43 174
-0.000808417 14 38 28 38 163 52 43 174
-0.000402679 14 57 28 38 163 52 43 174
-0.00100113 14 76 28 38 163 52 43 174
-0.00191451 14 95 28 38 163 52 43 174
-0.00191176 14 114 28 38 163 52 43 174
-0.00191309 14 133 28 38 163 52 43 174
-0.00178569 0 0 28 38 163 52 43 174
-0.00134616 0 19 28 38 163 52 43 174
-0.00191462 0 38 28 38 163 52 43 174
-0.00191154 0 57 28 38 163 52 43 174
-0.00191527 0 76 28 38 163 52 43 174
-0.00136308 0 95 28 38 163 52 43 174
-0.000873996 0 114 28 38 163 52 43 174
-0.00191202 0 133 28 38 163 52 43 174
-0.00124249 14 0 28 38 163 52 43 174
-0.00167619 14 19 28 38 163 52 43 174
-0.00191482 14 38 28 38 163 52 43 174
-0.00191286 14 57 28 38 163 52 43 174
-0.00191541 14 76 28 38 163 52 43 174
-0.0018775 14 95 28 38 163 52 43 174
-0.000681148 14 114 28 38 163 52 43 174
-0.0019131 14 133 28 38 163 52 43 174
-0.00191365 0 0 28 38 163 52 43 174
-0.00191221 0 19 28 38 163 52 43 174
-0.00191573 0 38 28 38 163 52 43 174
-0.00191589 0 57 28 38 163 52 43 174
-0.00191601 0 76 28 38 163 52 43 174
-0.00191332 0 95 28 38 163 52 43 174
-0.00191592 0 114 28 38 163 52 43 174
-0.00191591 0 133 28 38 163 52 43 174
-0.00191622 14 0 28 38 163 52 43 174
-0.0019163 14 19 28 38 163 52 43 174
-0.00191642 14 38 28 38 163 52 43 174
-0.00191645 14 57 28 38 163 52 43 174
-0.00191629 14 76 28 38 163 52 43 174
-0.00191523 14 95 28 38 163 52 43 174
-0.00191596 14 114 28 38 163 52 43 174
-0.00191619 14 133 28 38 163 52 43 174
-0.00191556 0 0 28 38 163 52 43 174
-0.00191074 0 19 28 38 163 52 43 174
-0.00190983 0 38 28 38 163 52 43 174
-0.00191424 0 57 28 38 163 52 43 174
-0.00191491 0 76 28 38 163 52 43 174
-0.00191327 0 95 28 38 163 52 43 174
-0.00191523 0 114 28 38 163 52 43 174
-0.00191499 0 133 28 38 163 52 43 174
-0.00191513 14 0 28 38 163 52 43 174
-0.00191606 14 19 28 38 163 52 43 174
-0.00191625 14 38 28 38 163 52 43 174
-0.00191631 14 57 28 38 163 52 43 174
-0.00191626 14 76 28 38 163 52 43 174
-0.0019143 14 95 28 38 163 52 43 174
-0.00191624 14 114 28 38 163 52 43 174
-0.00191603 14 133 28 38 163 52 43 174
-0.00191531 0 0 28 38 163 52 43 174
-0.00191602 0 19 28 38 163 52 43 174
-0.00191624 0 38 28 38 163 52 43 174
-0.00191571 0 57 28 38 163 52 43 174
-0.00191617 0 76 28 38 163 52 43 174
-0.00191601 0 95 28 38 163 52 43 174
-0.00191636 0 114 28 38 163 52 43 174
-0.00191633 0 133 28 38 163 52 43 174
-0.001916 14 0 28 38 163 52 43 174
-0.00191602 14 19 28 38 163 52 43 174
-0.00191552 14 38 28 38 163 52 43 174
-0.00191609 14 57 28 38 163 52 43 174
-0.00191627 14 76 28 38 163 52 43 174
-0.00191583 14 95 28 38 163 52 43 174
-0.00191637 14 114 28 38 163 52 43 174
-0.00191627 14 133 28 38 163 52 43 174
-0.00191553 0 0 28 38 163 52 43 174
-0.00191634 0 19 28 38 163 52 43 174
-0.0019135 0 38 28 38 163 52 43 174
-0.0019155 0 57 28 38 163 52 43 174
-0.00137958 0 76 28 38 163 52 43 174
-0.00191633 0 95 28 38 163 52 43 174
-0.00191453 0 114 28 38 163 52 43 174
-0.00191644 0 133 28 38 163 52 43 174
-0.00191573 14 0 28 38 163 52 43 174
-0.00191587 14 19 28 38 163 52 43 174
-0.00191479 14 38 28 38 163 52 43 174
-0.00191541 14 57 28 38 163 52 43 174
-0.00190869 14 76 28 38 163 52 43 174
-0.00191636 14 95 28 38 163 52 43 174
-0.00191418 14 114 28 38 163 52 43 174
-0.00191641 14 133 28 38 163 52 43 174
-0.00191493 0 0 28 38 163 52 43 174
-0.00191639 0 19 28 38 163 52 43 174
-0.00191373 0 38 28 38 163 52 43 174
-0.00191453 0 57 28 38 163 52 43 174
-0.00191575 0 76 28 38 163 52 43 174
-0.00191565 0 95 28 38 163 52 43 174
-0.00191598 0 114 28 38 163 52 43 174
-0.0019158 0 133 28 38 163 52 43 174
-0.0019121 14 0 28 38 163 52 43 174
-0.00191591 14 19 28 38 163 52 43 174
-0.00191378 14 38 28 38 163 52 43 174
-0.00191586 14 57 28 38 163 52 43 174
-0.00191539 14 76 28 38 163 52 43 174
-0.00191587 14 95 28 38 163 52 43 174
-0.0019162 14 114 28 38 163 52 43 174
-0.00191609 14 133 28 38 163 52 43 174
-0.00191438 0 0 28 38 163 52 43 174
-0.00191074 0 19 28 38 163 52 43 174
-0.00191606 0 38 28 38 163 52 43 174
-0.00191629 0 57 28 38 163 52 43 174
-0.00191622 0 76 28 38 163 52 43 174
-0.00191537 0 95 28 38 163 52 43 174
-0.00191597 0 114 28 38 163 52 43 174
-0.00191591 0 133 28 38 163 52 43 174
-0.00191542 14 0 28 38 163 52 43 174
-0.00191532 14 19 28 38 163 52 43 174
-0.00191626 14 38 28 38 163 52 43 174
-0.00191641 14 57 28 38 163 52 43 174
-0.00191602 14 76 28 38 163 52 43 174
-0.00191535 14 95 28 38 163 52 43 174
-0.00191486 14 114 28 38 163 52 43 174
-0.00191624 14 133 28 38 163 52 43 174
-0.00153055 0 0 43 69 163 52 43 174
-0.00191487 0 34 43 69 163 52 43 174
-0.00191498 0 68 43 69 163 52 43 174
-0.00191253 0 102 43 69 163 52 43 174
-0.00191551 0 0 43 69 163 52 43 174
-0.00125994 0 34 43 69 163 52 43 174
-0.00191129 0 68 43 69 163 52 43 174
-0.00191513 0 102 43 69 163 52 43 174
-0.00170772 0 0 43 69 163 52 43 174
-0.000591268 0 34 43 69 163 52 43 174
-0.00085261 0 68 43 69 163 52 43 174
-0.00191003 0 102 43 69 163 52 43 174
-0.00162804 0 0 43 69 163 52 43 174
-0.000784768 0 34 43 69 163 52 43 174
-0.00191079 0 68 43 69 163 52 43 174
-0.000365913 0 102 43 69 163 52 43 174
-0.00191159 0 0 43 69 163 52 43 174
-0.00191555 0 34 43 69 163 52 43 174
-0.00191493 0 68 43 69 163 52 43 174
-0.00191383 0 102 43 69 163 52 43 174
-0.00190881 0 0 43 69 163 52 43 174
-0.00191277 0 34 43 69 163 52 43 174
-0.00191131 0 68 43 69 163 52 43 174
-0.00190857 0 102 43 69 163 52 43 174
-0.00191206 0 0 43 69 163 52 43 174
-0.00191632 0 34 43 69 163 52 43 174
-0.00191363 0 68 43 69 163 52 43 174
-0.00191598 0 102 43 69 163 52 43 174
-0.00191072 0 0 43 69 163 52 43 174
-0.0019085 0 34 43 69 163 52 43 174
-0.00191584 0 68 43 69 163 52 43 174
-0.00191205 0 102 43 69 163 52 43 174
-0.00190947 0 0 43 69 163 52 43 174
-0.00191604 0 34 43 69 163 52 43 174
-0.00191531 0 68 43 69 163 52 43 174
-0.00191571 0 102 43 69 163 52 43 174
-0.00191279 0 0 43 69 163 52 43 174
-0.00191551 0 34 43 69 163 52 43 174
-0.00191422 0 68 43 69 163 52 43 174
-0.00191154 0 102 43 69 163 52 43 174
-0.00191068 0 0 43 116 163 52 43 174
-0.00191349 0 58 43 116 163 52 43 174
-0.00191406 0 0 43 116 163 52 43 174
-0.00191217 0 58 43 116 163 52 43 174
-0.00107962 0 0 43 116 163 52 43 174
-0.000622792 0 58 43 116 163 52 43 174
-0.000445318 0 0 43 116 163 52 43 174
-0.0010214 0 58 43 116 163 52 43 174
-0.00191358 0 0 43 116 163 52 43 174
-0.00191296 0 58 43 116 163 52 43 174
-0.00129469 0 0 43 116 163 52 43 174
-0.00186221 0 58 43 116 163 52 43 174
-0.00191108 0 0 43 116 163 52 43 174
-0.00191544 0 58 43 116 163 52 43 174
-0.00113533 0 0 43 116 163 52 43 174
-0.00148126 0 58 43 116 163 52 43 174
-0.00191223 0 0 43 116 163 52 43 174
-0.00191569 0 58 43 116 163 52 43 174
-0.00191293 0 0 43 116 163 52 43 174
-0.00191495 0 58 43 116 163 52 43 174
