-0.00452227 0 0 24 26 296 73 60 228
-0.00452231 0 13 24 26 296 73 60 228
-0.00452083 0 26 24 26 296 73 60 228
-0.00452306 0 39 24 26 296 73 60 228
-0.00452068 0 52 24 26 296 73 60 228
-0.00450514 0 65 24 26 296 73 60 228
-0.00451493 0 78 24 26 296 73 60 228
-0.0045158 0 91 24 26 296 73 60 228
-0.00451946 0 104 24 26 296 73 60 228
-0.00452259 0 117 24 26 296 73 60 228
-0.0045207 0 130 24 26 296 73 60 228
-0.00452075 0 143 24 26 296 73 60 228
-0.00452199 0 156 24 26 296 73 60 228
-0.00452342 0 169 24 26 296 73 60 228
-0.00452388 0 182 24 26 296 73 60 228
-0.00452381 0 195 24 26 296 73 60 228
-0.00452081 12 0 24 26 296 73 60 228
-0.00452228 12 13 24 26 296 73 60 228
-0.0045194 12 26 24 26 296 73 60 228
-0.00452012 12 39 24 26 296 73 60 228
-0.00451974 12 52 24 26 296 73 60 228
-0.00451388 12 65 24 26 296 73 60 228
-0.00452161 12 78 24 26 296 73 60 228
-0.00452001 12 91 24 26 296 73 60 228
-0.00450938 12 104 24 26 296 73 60 228
-0.00452058 12 117 24 26 296 73 60 228
-0.00451727 12 130 24 26 296 73 60 228
-0.0045211 12 143 24 26 296 73 60 228
-0.00452198 12 156 24 26 296 73 60 228
-0.00452152 12 169 24 26 296 73 60 228
-0.00452267 12 182 24 26 296 73 60 228
-0.0045207 12 195 24 26 296 73 60 228
-0.00452039 24 0 24 26 296 73 60 228
-0.00452064 24 13 24 26 296 73 60 228
-0.00451291 24 26 24 26 296 73 60 228
-0.00451519 24 39 24 26 296 73 60 228
-0.00451962 24 52 24 26 296 73 60 228
-0.00451501 24 65 24 26 296 73 60 228
-0.00452125 24 78 24 26 296 73 60 228
-0.00452213 24 91 24 26 296 73 60 228
-0.00450922 24 104 24 26 296 73 60 228
-0.00451314 24 117 24 26 296 73 60 228
-0.00451642 24 130 24 26 296 73 60 228
-0.00451923 24 143 24 26 296 73 60 228
-0.0045212 24 156 24 26 296 73 60 228
-0.00451956 24 169 24 26 296 73 60 228
-0.00452322 24 182 24 26 296 73 60 228
-0.00452259 24 195 24 26 296 73 60 228
-0.00451434 36 0 24 26 296 73 60 228
-0.00451563 36 13 24 26 296 73 60 228
-0.00451993 36 26 24 26 296 73 60 228
-0.00451876 36 39 24 26 296 73 60 228
-0.0045153 36 52 24 26 296 73 60 228
-0.00450185 36 65 24 26 296 73 60 228
-0.00451946 36 78 24 26 296 73 60 228
-0.00452015 36 91 24 26 296 73 60 228
-0.0045185 36 104 24 26 296 73 60 228
-0.00451957 36 117 24 26 296 73 60 228
-0.00452199 36 130 24 26 296 73 60 228
-0.00452151 36 143 24 26 296 73 60 228
-0.00451946 36 156 24 26 296 73 60 228
-0.00452336 36 169 24 26 296 73 60 228
-0.00452406 36 182 24 26 296 73 60 228
-0.00452401 36 195 24 26 296 73 60 228
-0.00452258 0 0 24 26 296 73 60 228
-0.00452084 0 13 24 26 296 73 60 228
-0.00451862 0 26 24 26 296 73 60 228
-0.00451962 0 39 24 26 296 73 60 228
-0.0045209 0 52 24 26 296 73 60 228
-0.00452076 0 65 24 26 296 73 60 228
-0.00452328 0 78 24 26 296 73 60 228
-0.00452164 0 91 24 26 296 73 60 228
-0.00452374 0 104 24 26 296 73 60 228
-0.00452401 0 117 24 26 296 73 60 228
-0.00451853 0 130 24 26 296 73 60 228
-0.00384337 0 143 24 26 296 73 60 228
-0.00452258 0 156 24 26 296 73 60 228
-0.00452408 0 169 24 26 296 73 60 228
-0.00452265 0 182 24 26 296 73 60 228
-0.00452391 0 195 24 26 296 73 60 228
-0.00452308 12 0 24 26 296 73 60 228
-0.00451702 12 13 24 26 296 73 60 228
-0.00450976 12 26 24 26 296 73 60 228
-0.00450405 12 39 24 26 296 73 60 228
-0.00450681 12 52 24 26 296 73 60 228
-0.00452165 12 65 24 26 296 73 60 228
-0.00451991 12 78 24 26 296 73 60 228
-0.00451393 12 91 24 26 296 73 60 228
-0.0045231 12 104 24 26 296 73 60 228
-0.00452396 12 117 24 26 296 73 60 228
-0.00452217 12 130 24 26 296 73 60 228
-0.00450988 12 143 24 26 296 73 60 228
-0.00451833 12 156 24 26 296 73 60 228
-0.00452257 12 169 24 26 296 73 60 228
-0.00452241 12 182 24 26 296 73 60 228
-0.00452361 12 195 24 26 296 73 60 228
-0.00452124 24 0 24 26 296 73 60 228
-0.00412284 24 13 24 26 296 73 60 228
-0.00271184 24 26 24 26 296 73 60 228
-0.00294685 24 39 24 26 296 73 60 228
-0.00451057 24 52 24 26 296 73 60 228
-0.00452146 24 65 24 26 296 73 60 228
-0.00452084 24 78 24 26 296 73 60 228
-0.00450626 24 91 24 26 296 73 60 228
-0.00452078 24 104 24 26 296 73 60 228
-0.00452359 24 117 24 26 296 73 60 228
-0.00452396 24 130 24 26 296 73 60 228
-0.00451637 24 143 24 26 296 73 60 228
-0.00451742 24 156 24 26 296 73 60 228
-0.00452222 24 169 24 26 296 73 60 228
-0.00452246 24 182 24 26 296 73 60 228
-0.00452374 24 195 24 26 296 73 60 228
-0.00451956 36 0 24 26 296 73 60 228
-0.00361265 36 13 24 26 296 73 60 228
-0.00315706 36 26 24 26 296 73 60 228
-0.00340693 36 39 24 26 296 73 60 228
-0.00451009 36 52 24 26 296 73 60 228
-0.00452263 36 65 24 26 296 73 60 228
-0.00452326 36 78 24 26 296 73 60 228
-0.00451859 36 91 24 26 296 73 60 228
-0.0045216 36 104 24 26 296 73 60 228
-0.00452383 36 117 24 26 296 73 60 228
-0.00452407 36 130 24 26 296 73 60 228
-0.00451412 36 143 24 26 296 73 60 228
-0.00452302 36 156 24 26 296 73 60 228
-0.00452414 36 169 24 26 296 73 60 228
-0.00452244 36 182 24 26 296 73 60 228
-0.00452379 36 195 24 26 296 73 60 228
-0.00452369 0 0 24 26 296 73 60 228
-0.00452245 0 13 24 26 296 73 60 228
-0.00452013 0 26 24 26 296 73 60 228
-0.00451817 0 39 24 26 296 73 60 228
-0.00452172 0 52 24 26 296 73 60 228
-0.00452378 0 65 24 26 296 73 60 228
-0.00452337 0 78 24 26 296 73 60 228
-0.00452039 0 91 24 26 296 73 60 228
-0.00452354 0 104 24 26 296 73 60 228
-0.00452407 0 117 24 26 296 73 60 228
-0.00452063 0 130 24 26 296 73 60 228
-0.00451941 0 143 24 26 296 73 60 228
-0.00452184 0 156 24 26 296 73 60 228
-0.00452391 0 169 24 26 296 73 60 228
-0.00452339 0 182 24 26 296 73 60 228
-0.00450432 0 195 24 26 296 73 60 228
-0.00452219 12 0 24 26 296 73 60 228
-0.00451851 12 13 24 26 296 73 60 228
-0.00451937 12 26 24 26 296 73 60 228
-0.00451872 12 39 24 26 296 73 60 228
-0.00451617 12 52 24 26 296 73 60 228
-0.00452297 12 65 24 26 296 73 60 228
-0.00452372 12 78 24 26 296 73 60 228
-0.00452204 12 91 24 26 296 73 60 228
-0.00452393 12 104 24 26 296 73 60 228
-0.00452403 12 117 24 26 296 73 60 228
-0.00451864 12 130 24 26 296 73 60 228
-0.00449666 12 143 24 26 296 73 60 228
-0.00451274 12 156 24 26 296 73 60 228
-0.00452243 12 169 24 26 296 73 60 228
-0.00452229 12 182 24 26 296 73 60 228
-0.0045073 12 195 24 26 296 73 60 228
-0.00452112 24 0 24 26 296 73 60 228
-0.00451195 24 13 24 26 296 73 60 228
-0.00451306 24 26 24 26 296 73 60 228
-0.00451396 24 39 24 26 296 73 60 228
-0.00451142 24 52 24 26 296 73 60 228
-0.00452145 24 65 24 26 296 73 60 228
-0.00452405 24 78 24 26 296 73 60 228
-0.00452309 24 91 24 26 296 73 60 228
-0.0045239 24 104 24 26 296 73 60 228
-0.0045241 24 117 24 26 296 73 60 228
-0.00452161 24 130 24 26 296 73 60 228
-0.00393979 24 143 24 26 296 73 60 228
-0.0045148 24 156 24 26 296 73 60 228
-0.00452186 24 169 24 26 296 73 60 228
-0.0045211 24 182 24 26 296 73 60 228
-0.00450532 24 195 24 26 296 73 60 228
-0.00451688 36 0 24 26 296 73 60 228
-0.00451755 36 13 24 26 296 73 60 228
-0.00451988 36 26 24 26 296 73 60 228
-0.00451426 36 39 24 26 296 73 60 228
-0.00449801 36 52 24 26 296 73 60 228
-0.00451954 36 65 24 26 296 73 60 228
-0.00452406 36 78 24 26 296 73 60 228
-0.00452353 36 91 24 26 296 73 60 228
-0.00452407 36 104 24 26 296 73 60 228
-0.00452413 36 117 24 26 296 73 60 228
-0.00452068 36 130 24 26 296 73 60 228
-0.00450632 36 143 24 26 296 73 60 228
-0.00452208 36 156 24 26 296 73 60 228
-0.00452359 36 169 24 26 296 73 60 228
-0.00452229 36 182 24 26 296 73 60 228
-0.00449651 36 195 24 26 296 73 60 228
-0.00452341 0 0 24 26 296 73 60 228
-0.00452048 0 13 24 26 296 73 60 228
-0.00451902 0 26 24 26 296 73 60 228
-0.00451918 0 39 24 26 296 73 60 228
-0.00452232 0 52 24 26 296 73 60 228
-0.00452309 0 65 24 26 296 73 60 228
-0.00452263 0 78 24 26 296 73 60 228
-0.00452216 0 91 24 26 296 73 60 228
-0.00452134 0 104 24 26 296 73 60 228
-0.00452213 0 117 24 26 296 73 60 228
-0.00451901 0 130 24 26 296 73 60 228
-0.00451307 0 143 24 26 296 73 60 228
-0.00452108 0 156 24 26 296 73 60 228
-0.00452392 0 169 24 26 296 73 60 228
-0.0045239 0 182 24 26 296 73 60 228
-0.00451343 0 195 24 26 296 73 60 228
-0.00452281 12 0 24 26 296 73 60 228
-0.00451661 12 13 24 26 296 73 60 228
-0.00452227 12 26 24 26 296 73 60 228
-0.00452224 12 39 24 26 296 73 60 228
-0.00450399 12 52 24 26 296 73 60 228
-0.0034748 12 65 24 26 296 73 60 228
-0.00451084 12 78 24 26 296 73 60 228
-0.00426812 12 91 24 26 296 73 60 228
-0.00451785 12 104 24 26 296 73 60 228
-0.00451696 12 117 24 26 296 73 60 228
-0.00449902 12 130 24 26 296 73 60 228
-0.00451639 12 143 24 26 296 73 60 228
-0.00451846 12 156 24 26 296 73 60 228
-0.00452341 12 169 24 26 296 73 60 228
-0.00452355 12 182 24 26 296 73 60 228
-0.00451614 12 195 24 26 296 73 60 228
-0.00451973 24 0 24 26 296 73 60 228
-0.00354472 24 13 24 26 296 73 60 228
-0.00451869 24 26 24 26 296 73 60 228
-0.00452035 24 39 24 26 296 73 60 228
-0.00449748 24 52 24 26 296 73 60 228
-0.00450366 24 65 24 26 296 73 60 228
-0.00451239 24 78 24 26 296 73 60 228
-0.00377728 24 91 24 26 296 73 60 228
-0.00451922 24 104 24 26 296 73 60 228
-0.00452151 24 117 24 26 296 73 60 228
-0.00451867 24 130 24 26 296 73 60 228
-0.00451504 24 143 24 26 296 73 60 228
-0.00452017 24 156 24 26 296 73 60 228
-0.00452363 24 169 24 26 296 73 60 228
-0.00452364 24 182 24 26 296 73 60 228
-0.00451662 24 195 24 26 296 73 60 228
-0.00451784 36 0 24 26 296 73 60 228
-0.00435504 36 13 24 26 296 73 60 228
-0.00450794 36 26 24 26 296 73 60 228
-0.00451017 36 39 24 26 296 73 60 228
-0.00451471 36 52 24 26 296 73 60 228
-0.00451967 36 65 24 26 296 73 60 228
-0.00452275 36 78 24 26 296 73 60 228
-0.00452047 36 91 24 26 296 73 60 228
-0.00452254 36 104 24 26 296 73 60 228
-0.00452351 36 117 24 26 296 73 60 228
-0.00452037 36 130 24 26 296 73 60 228
-0.00450263 36 143 24 26 296 73 60 228
-0.00452186 36 156 24 26 296 73 60 228
-0.00452394 36 169 24 26 296 73 60 228
-0.00452412 36 182 24 26 296 73 60 228
-0.0045181 36 195 24 26 296 73 60 228
-0.00450582 0 0 24 26 296 73 60 228
-0.00337215 0 13 24 26 296 73 60 228
-0.00232553 0 26 24 26 296 73 60 228
-0.002328 0 39 24 26 296 73 60 228
-0.00259829 0 52 24 26 296 73 60 228
-0.00357893 0 65 24 26 296 73 60 228
-0.004505 0 78 24 26 296 73 60 228
-0.00451191 0 91 24 26 296 73 60 228
-0.00451729 0 104 24 26 296 73 60 228
-0.00451511 0 117 24 26 296 73 60 228
-0.00450984 0 130 24 26 296 73 60 228
-0.00452152 0 143 24 26 296 73 60 228
-0.004522 0 156 24 26 296 73 60 228
-0.00452373 0 169 24 26 296 73 60 228
-0.00452377 0 182 24 26 296 73 60 228
-0.00452368 0 195 24 26 296 73 60 228
-0.00451844 12 0 24 26 296 73 60 228
-0.00451666 12 13 24 26 296 73 60 228
-0.00450459 12 26 24 26 296 73 60 228
-0.0045166 12 39 24 26 296 73 60 228
-0.00451626 12 52 24 26 296 73 60 228
-0.00450989 12 65 24 26 296 73 60 228
-0.00450478 12 78 24 26 296 73 60 228
-0.0045161 12 91 24 26 296 73 60 228
-0.00451783 12 104 24 26 296 73 60 228
-0.00451695 12 117 24 26 296 73 60 228
-0.00451746 12 130 24 26 296 73 60 228
-0.0045216 12 143 24 26 296 73 60 228
-0.0045231 12 156 24 26 296 73 60 228
-0.00452306 12 169 24 26 296 73 60 228
-0.0045214 12 182 24 26 296 73 60 228
-0.00452314 12 195 24 26 296 73 60 228
-0.004519 24 0 24 26 296 73 60 228
-0.00451831 24 13 24 26 296 73 60 228
-0.00452358 24 26 24 26 296 73 60 228
-0.00452328 24 39 24 26 296 73 60 228
-0.00452239 24 52 24 26 296 73 60 228
-0.00452348 24 65 24 26 296 73 60 228
-0.00452316 24 78 24 26 296 73 60 228
-0.00452215 24 91 24 26 296 73 60 228
-0.00452107 24 104 24 26 296 73 60 228
-0.00452233 24 117 24 26 296 73 60 228
-0.00452303 24 130 24 26 296 73 60 228
-0.0045222 24 143 24 26 296 73 60 228
-0.00451451 24 156 24 26 296 73 60 228
-0.00452082 24 169 24 26 296 73 60 228
-0.0045222 24 182 24 26 296 73 60 228
-0.00452349 24 195 24 26 296 73 60 228
-0.00451339 36 0 24 26 296 73 60 228
-0.00452182 36 13 24 26 296 73 60 228
-0.00452341 36 26 24 26 296 73 60 228
-0.00452202 36 39 24 26 296 73 60 228
-0.00451567 36 52 24 26 296 73 60 228
-0.00452142 36 65 24 26 296 73 60 228
-0.00452267 36 78 24 26 296 73 60 228
-0.00452145 36 91 24 26 296 73 60 228
-0.0045223 36 104 24 26 296 73 60 228
-0.00452266 36 117 24 26 296 73 60 228
-0.00452258 36 130 24 26 296 73 60 228
-0.00452201 36 143 24 26 296 73 60 228
-0.00452313 36 156 24 26 296 73 60 228
-0.00452379 36 169 24 26 296 73 60 228
-0.00452385 36 182 24 26 296 73 60 228
-0.00452375 36 195 24 26 296 73 60 228
-0.00452084 0 0 24 26 296 73 60 228
-0.00451806 0 13 24 26 296 73 60 228
-0.00451299 0 26 24 26 296 73 60 228
-0.00451762 0 39 24 26 296 73 60 228
-0.00452301 0 52 24 26 296 73 60 228
-0.0045235 0 65 24 26 296 73 60 228
-0.00452164 0 78 24 26 296 73 60 228
-0.00452185 0 91 24 26 296 73 60 228
-0.00452319 0 104 24 26 296 73 60 228
-0.0045238 0 117 24 26 296 73 60 228
-0.00452402 0 130 24 26 296 73 60 228
-0.00452245 0 143 24 26 296 73 60 228
-0.0045221 0 156 24 26 296 73 60 228
-0.00452408 0 169 24 26 296 73 60 228
-0.00452394 0 182 24 26 296 73 60 228
-0.00452369 0 195 24 26 296 73 60 228
-0.00452245 12 0 24 26 296 73 60 228
-0.00452231 12 13 24 26 296 73 60 228
-0.00451974 12 26 24 26 296 73 60 228
-0.00452118 12 39 24 26 296 73 60 228
-0.00452129 12 52 24 26 296 73 60 228
-0.00452219 12 65 24 26 296 73 60 228
-0.00452345 12 78 24 26 296 73 60 228
-0.00452344 12 91 24 26 296 73 60 228
-0.00451845 12 104 24 26 296 73 60 228
-0.00451989 12 117 24 26 296 73 60 228
-0.00451819 12 130 24 26 296 73 60 228
-0.0045096 12 143 24 26 296 73 60 228
-0.00452309 12 156 24 26 296 73 60 228
-0.00452367 12 169 24 26 296 73 60 228
-0.00452229 12 182 24 26 296 73 60 228
-0.00452303 12 195 24 26 296 73 60 228
-0.00452244 24 0 24 26 296 73 60 228
-0.00452033 24 13 24 26 296 73 60 228
-0.00452067 24 26 24 26 296 73 60 228
-0.0045198 24 39 24 26 296 73 60 228
-0.00452165 24 52 24 26 296 73 60 228
-0.0045222 24 65 24 26 296 73 60 228
-0.00452292 24 78 24 26 296 73 60 228
-0.00452124 24 91 24 26 296 73 60 228
-0.00452231 24 104 24 26 296 73 60 228
-0.00452229 24 117 24 26 296 73 60 228
-0.00452205 24 130 24 26 296 73 60 228
-0.00452094 24 143 24 26 296 73 60 228
-0.00451202 24 156 24 26 296 73 60 228
-0.00452027 24 169 24 26 296 73 60 228
-0.00452271 24 182 24 26 296 73 60 228
-0.00452356 24 195 24 26 296 73 60 228
-0.0045176 36 0 24 26 296 73 60 228
-0.00450861 36 13 24 26 296 73 60 228
-0.00451424 36 26 24 26 296 73 60 228
-0.00451651 36 39 24 26 296 73 60 228
-0.00452091 36 52 24 26 296 73 60 228
-0.00451815 36 65 24 26 296 73 60 228
-0.00452239 36 78 24 26 296 73 60 228
-0.00452231 36 91 24 26 296 73 60 228
-0.00452234 36 104 24 26 296 73 60 228
-0.00451801 36 117 24 26 296 73 60 228
-0.00451236 36 130 24 26 296 73 60 228
-0.00451919 36 143 24 26 296 73 60 228
-0.00452196 36 156 24 26 296 73 60 228
-0.00452358 36 169 24 26 296 73 60 228
-0.00452394 36 182 24 26 296 73 60 228
-0.00452344 36 195 24 26 296 73 60 228
-0.00452324 0 0 24 26 296 73 60 228
-0.0045236 0 13 24 26 296 73 60 228
-0.00452307 0 26 24 26 296 73 60 228
-0.00452149 0 39 24 26 296 73 60 228
-0.00452038 0 52 24 26 296 73 60 228
-0.00452123 0 65 24 26 296 73 60 228
-0.00452001 0 78 24 26 296 73 60 228
-0.0045164 0 91 24 26 296 73 60 228
-0.00451724 0 104 24 26 296 73 60 228
-0.00452288 0 117 24 26 296 73 60 228
-0.00452356 0 130 24 26 296 73 60 228
-0.00452302 0 143 24 26 296 73 60 228
-0.0045154 0 156 24 26 296 73 60 228
-0.00451949 0 169 24 26 296 73 60 228
-0.00452027 0 182 24 26 296 73 60 228
-0.00452125 0 195 24 26 296 73 60 228
-0.00452301 12 0 24 26 296 73 60 228
-0.00452393 12 13 24 26 296 73 60 228
-0.00452376 12 26 24 26 296 73 60 228
-0.00452362 12 39 24 26 296 73 60 228
-0.00452008 12 52 24 26 296 73 60 228
-0.0045221 12 65 24 26 296 73 60 228
-0.0045217 12 78 24 26 296 73 60 228
-0.0045203 12 91 24 26 296 73 60 228
-0.00451923 12 104 24 26 296 73 60 228
-0.00452113 12 117 24 26 296 73 60 228
-0.00452202 12 130 24 26 296 73 60 228
-0.00452251 12 143 24 26 296 73 60 228
-0.00452168 12 156 24 26 296 73 60 228
-0.00452229 12 169 24 26 296 73 60 228
-0.00452208 12 182 24 26 296 73 60 228
-0.00451837 12 195 24 26 296 73 60 228
-0.00452297 24 0 24 26 296 73 60 228
-0.00452358 24 13 24 26 296 73 60 228
-0.00452257 24 26 24 26 296 73 60 228
-0.00452273 24 39 24 26 296 73 60 228
-0.00452344 24 52 24 26 296 73 60 228
-0.00452242 24 65 24 26 296 73 60 228
-0.00452147 24 78 24 26 296 73 60 228
-0.00452264 24 91 24 26 296 73 60 228
-0.00452066 24 104 24 26 296 73 60 228
-0.00451887 24 117 24 26 296 73 60 228
-0.00452329 24 130 24 26 296 73 60 228
-0.00452392 24 143 24 26 296 73 60 228
-0.00452385 24 156 24 26 296 73 60 228
-0.00452353 24 169 24 26 296 73 60 228
-0.00452124 24 182 24 26 296 73 60 228
-0.00452257 24 195 24 26 296 73 60 228
-0.00452094 36 0 24 26 296 73 60 228
-0.00452241 36 13 24 26 296 73 60 228
-0.00452352 36 26 24 26 296 73 60 228
-0.00452358 36 39 24 26 296 73 60 228
-0.0045235 36 52 24 26 296 73 60 228
-0.00452232 36 65 24 26 296 73 60 228
-0.00452069 36 78 24 26 296 73 60 228
-0.00452272 36 91 24 26 296 73 60 228
-0.00452193 36 104 24 26 296 73 60 228
-0.00451933 36 117 24 26 296 73 60 228
-0.00452302 36 130 24 26 296 73 60 228
-0.00452333 36 143 24 26 296 73 60 228
-0.00452291 36 156 24 26 296 73 60 228
-0.00452309 36 169 24 26 296 73 60 228
-0.0045237 36 182 24 26 296 73 60 228
-0.00452448 36 195 24 26 296 73 60 228
-0.00452315 0 0 24 26 296 73 60 228
-0.00452019 0 13 24 26 296 73 60 228
-0.00451228 0 26 24 26 296 73 60 228
-0.00452045 0 39 24 26 296 73 60 228
-0.00452082 0 52 24 26 296 73 60 228
-0.00452251 0 65 24 26 296 73 60 228
-0.00451875 0 78 24 26 296 73 60 228
-0.00452111 0 91 24 26 296 73 60 228
-0.00452073 0 104 24 26 296 73 60 228
-0.00452347 0 117 24 26 296 73 60 228
-0.00451902 0 130 24 26 296 73 60 228
-0.0045241 0 143 24 26 296 73 60 228
-0.004524 0 156 24 26 296 73 60 228
-0.0045237 0 169 24 26 296 73 60 228
-0.00452399 0 182 24 26 296 73 60 228
-0.00452409 0 195 24 26 296 73 60 228
-0.00452303 12 0 24 26 296 73 60 228
-0.00452059 12 13 24 26 296 73 60 228
-0.0045044 12 26 24 26 296 73 60 228
-0.00451465 12 39 24 26 296 73 60 228
-0.00451721 12 52 24 26 296 73 60 228
-0.00451862 12 65 24 26 296 73 60 228
-0.00451054 12 78 24 26 296 73 60 228
-0.00451744 12 91 24 26 296 73 60 228
-0.00451839 12 104 24 26 296 73 60 228
-0.00452236 12 117 24 26 296 73 60 228
-0.00451624 12 130 24 26 296 73 60 228
-0.00452299 12 143 24 26 296 73 60 228
-0.0045231 12 156 24 26 296 73 60 228
-0.00452058 12 169 24 26 296 73 60 228
-0.00452158 12 182 24 26 296 73 60 228
-0.0045237 12 195 24 26 296 73 60 228
-0.00452347 24 0 24 26 296 73 60 228
-0.00451867 24 13 24 26 296 73 60 228
-0.00374421 24 26 24 26 296 73 60 228
-0.00390823 24 39 24 26 296 73 60 228
-0.00450351 24 52 24 26 296 73 60 228
-0.00351024 24 65 24 26 296 73 60 228
-0.00287599 24 78 24 26 296 73 60 228
-0.00450407 24 91 24 26 296 73 60 228
-0.00387605 24 104 24 26 296 73 60 228
-0.00291133 24 117 24 26 296 73 60 228
-0.00444009 24 130 24 26 296 73 60 228
-0.00452166 24 143 24 26 296 73 60 228
-0.00452302 24 156 24 26 296 73 60 228
-0.00452003 24 169 24 26 296 73 60 228
-0.00452207 24 182 24 26 296 73 60 228
-0.00452405 24 195 24 26 296 73 60 228
-0.00452264 36 0 24 26 296 73 60 228
-0.00280185 36 13 24 26 296 73 60 228
-0.00224025 36 26 24 26 296 73 60 228
-0.00330106 36 39 24 26 296 73 60 228
-0.00450148 36 52 24 26 296 73 60 228
-0.00449806 36 65 24 26 296 73 60 228
-0.00364561 36 78 24 26 296 73 60 228
-0.00450098 36 91 24 26 296 73 60 228
-0.00344074 36 104 24 26 296 73 60 228
-0.00238743 36 117 24 26 296 73 60 228
-0.00252901 36 130 24 26 296 73 60 228
-0.00452385 36 143 24 26 296 73 60 228
-0.0045241 36 156 24 26 296 73 60 228
-0.00452372 36 169 24 26 296 73 60 228
-0.00452391 36 182 24 26 296 73 60 228
-0.00452408 36 195 24 26 296 73 60 228
-0.00452351 0 0 24 26 296 73 60 228
-0.00452393 0 13 24 26 296 73 60 228
-0.00452403 0 26 24 26 296 73 60 228
-0.00452406 0 39 24 26 296 73 60 228
-0.0045234 0 52 24 26 296 73 60 228
-0.00452219 0 65 24 26 296 73 60 228
-0.00452361 0 78 24 26 296 73 60 228
-0.00452267 0 91 24 26 296 73 60 228
-0.00452094 0 104 24 26 296 73 60 228
-0.00452323 0 117 24 26 296 73 60 228
-0.0045228 0 130 24 26 296 73 60 228
-0.00452323 0 143 24 26 296 73 60 228
-0.00452244 0 156 24 26 296 73 60 228
-0.00452426 0 169 24 26 296 73 60 228
-0.00452416 0 182 24 26 296 73 60 228
-0.0045241 0 195 24 26 296 73 60 228
-0.00452209 12 0 24 26 296 73 60 228
-0.00451991 12 13 24 26 296 73 60 228
-0.00452205 12 26 24 26 296 73 60 228
-0.00452061 12 39 24 26 296 73 60 228
-0.00452222 12 52 24 26 296 73 60 228
-0.00451999 12 65 24 26 296 73 60 228
-0.00452216 12 78 24 26 296 73 60 228
-0.00452306 12 91 24 26 296 73 60 228
-0.00452057 12 104 24 26 296 73 60 228
-0.00452279 12 117 24 26 296 73 60 228
-0.00452234 12 130 24 26 296 73 60 228
-0.0045234 12 143 24 26 296 73 60 228
-0.0045221 12 156 24 26 296 73 60 228
-0.00452409 12 169 24 26 296 73 60 228
-0.0045246 12 182 24 26 296 73 60 228
-0.00452403 12 195 24 26 296 73 60 228
-0.00452087 24 0 24 26 296 73 60 228
-0.00452182 24 13 24 26 296 73 60 228
-0.00452212 24 26 24 26 296 73 60 228
-0.00452292 24 39 24 26 296 73 60 228
-0.00452353 24 52 24 26 296 73 60 228
-0.00452242 24 65 24 26 296 73 60 228
-0.00452206 24 78 24 26 296 73 60 228
-0.00452339 24 91 24 26 296 73 60 228
-0.00452261 24 104 24 26 296 73 60 228
-0.00452252 24 117 24 26 296 73 60 228
-0.00452357 24 130 24 26 296 73 60 228
-0.00452308 24 143 24 26 296 73 60 228
-0.00452366 24 156 24 26 296 73 60 228
-0.0045231 24 169 24 26 296 73 60 228
-0.00452443 24 182 24 26 296 73 60 228
-0.00452368 24 195 24 26 296 73 60 228
-0.00452216 36 0 24 26 296 73 60 228
-0.00452337 36 13 24 26 296 73 60 228
-0.00452298 36 26 24 26 296 73 60 228
-0.00452214 36 39 24 26 296 73 60 228
-0.00452347 36 52 24 26 296 73 60 228
-0.00452371 36 65 24 26 296 73 60 228
-0.0045225 36 78 24 26 296 73 60 228
-0.00452187 36 91 24 26 296 73 60 228
-0.00452009 36 104 24 26 296 73 60 228
-0.00452164 36 117 24 26 296 73 60 228
-0.00452383 36 130 24 26 296 73 60 228
-0.00452331 36 143 24 26 296 73 60 228
-0.00452344 36 156 24 26 296 73 60 228
-0.00452189 36 169 24 26 296 73 60 228
-0.00452411 36 182 24 26 296 73 60 228
-0.00452402 36 195 24 26 296 73 60 228
-0.00452334 0 0 24 26 296 73 60 228
-0.00451796 0 13 24 26 296 73 60 228
-0.00451717 0 26 24 26 296 73 60 228
-0.00452198 0 39 24 26 296 73 60 228
-0.00452288 0 52 24 26 296 73 60 228
-0.00452078 0 65 24 26 296 73 60 228
-0.00452387 0 78 24 26 296 73 60 228
-0.00452159 0 91 24 26 296 73 60 228
-0.00450724 0 104 24 26 296 73 60 228
-0.00450426 0 117 24 26 296 73 60 228
-0.00450581 0 130 24 26 296 73 60 228
-0.00451965 0 143 24 26 296 73 60 228
-0.00452315 0 156 24 26 296 73 60 228
-0.00452096 0 169 24 26 296 73 60 228
-0.00450134 0 182 24 26 296 73 60 228
-0.00451754 0 195 24 26 296 73 60 228
-0.00452367 12 0 24 26 296 73 60 228
-0.00451856 12 13 24 26 296 73 60 228
-0.00451282 12 26 24 26 296 73 60 228
-0.0045171 12 39 24 26 296 73 60 228
-0.00452287 12 52 24 26 296 73 60 228
-0.00452143 12 65 24 26 296 73 60 228
-0.00452328 12 78 24 26 296 73 60 228
-0.00452392 12 91 24 26 296 73 60 228
-0.00451312 12 104 24 26 296 73 60 228
-0.00450118 12 117 24 26 296 73 60 228
-0.00451212 12 130 24 26 296 73 60 228
-0.00451708 12 143 24 26 296 73 60 228
-0.00452015 12 156 24 26 296 73 60 228
-0.00452108 12 169 24 26 296 73 60 228
-0.00452206 12 182 24 26 296 73 60 228
-0.00452244 12 195 24 26 296 73 60 228
-0.00452222 24 0 24 26 296 73 60 228
-0.00451908 24 13 24 26 296 73 60 228
-0.00451731 24 26 24 26 296 73 60 228
-0.0045146 24 39 24 26 296 73 60 228
-0.00452139 24 52 24 26 296 73 60 228
-0.00452031 24 65 24 26 296 73 60 228
-0.00452274 24 78 24 26 296 73 60 228
-0.0045236 24 91 24 26 296 73 60 228
-0.00451702 24 104 24 26 296 73 60 228
-0.00451458 24 117 24 26 296 73 60 228
-0.00451582 24 130 24 26 296 73 60 228
-0.00451274 24 143 24 26 296 73 60 228
-0.00451257 24 156 24 26 296 73 60 228
-0.00452051 24 169 24 26 296 73 60 228
-0.00452335 24 182 24 26 296 73 60 228
-0.00452223 24 195 24 26 296 73 60 228
-0.0045202 36 0 24 26 296 73 60 228
-0.00451596 36 13 24 26 296 73 60 228
-0.00451397 36 26 24 26 296 73 60 228
-0.00450573 36 39 24 26 296 73 60 228
-0.00450868 36 52 24 26 296 73 60 228
-0.00451255 36 65 24 26 296 73 60 228
-0.0045162 36 78 24 26 296 73 60 228
-0.0045193 36 91 24 26 296 73 60 228
-0.00452009 36 104 24 26 296 73 60 228
-0.00452246 36 117 24 26 296 73 60 228
-0.0045236 36 130 24 26 296 73 60 228
-0.00452373 36 143 24 26 296 73 60 228
-0.00452167 36 156 24 26 296 73 60 228
-0.00451811 36 169 24 26 296 73 60 228
-0.00452342 36 182 24 26 296 73 60 228
-0.00452324 36 195 24 26 296 73 60 228
-0.00451642 0 0 40 38 296 73 60 228
-0.00451573 0 19 40 38 296 73 60 228
-0.00452209 0 38 40 38 296 73 60 228
-0.00449864 0 57 40 38 296 73 60 228
-0.00451202 0 76 40 38 296 73 60 228
-0.00451685 0 95 40 38 296 73 60 228
-0.00452014 0 114 40 38 296 73 60 228
-0.0045195 0 133 40 38 296 73 60 228
-0.0045207 0 152 40 38 296 73 60 228
-0.00452249 0 171 40 38 296 73 60 228
-0.00451698 0 190 40 38 296 73 60 228
-0.004512 20 0 40 38 296 73 60 228
-0.00451276 20 19 40 38 296 73 60 228
-0.00451787 20 38 40 38 296 73 60 228
-0.00449869 20 57 40 38 296 73 60 228
-0.00451564 20 76 40 38 296 73 60 228
-0.00450659 20 95 40 38 296 73 60 228
-0.00451643 20 114 40 38 296 73 60 228
-0.00451959 20 133 40 38 296 73 60 228
-0.00451394 20 152 40 38 296 73 60 228
-0.00452143 20 171 40 38 296 73 60 228
-0.00451824 20 190 40 38 296 73 60 228
-0.00452274 0 0 40 38 296 73 60 228
-0.00451621 0 19 40 38 296 73 60 228
-0.00450523 0 38 40 38 296 73 60 228
-0.0045153 0 57 40 38 296 73 60 228
-0.0045194 0 76 40 38 296 73 60 228
-0.00452129 0 95 40 38 296 73 60 228
-0.00452401 0 114 40 38 296 73 60 228
-0.00451363 0 133 40 38 296 73 60 228
-0.00452062 0 152 40 38 296 73 60 228
-0.00452069 0 171 40 38 296 73 60 228
-0.00452374 0 190 40 38 296 73 60 228
-0.00451613 20 0 40 38 296 73 60 228
-0.00330076 20 19 40 38 296 73 60 228
-0.00243446 20 38 40 38 296 73 60 228
-0.00452058 20 57 40 38 296 73 60 228
-0.00451835 20 76 40 38 296 73 60 228
-0.00451879 20 95 40 38 296 73 60 228
-0.00452393 20 114 40 38 296 73 60 228
-0.00452076 20 133 40 38 296 73 60 228
-0.00452134 20 152 40 38 296 73 60 228
-0.00452124 20 171 40 38 296 73 60 228
-0.0045237 20 190 40 38 296 73 60 228
-0.00451718 0 0 40 38 296 73 60 228
-0.00446805 0 19 40 38 296 73 60 228
-0.00450609 0 38 40 38 296 73 60 228
-0.00452302 0 57 40 38 296 73 60 228
-0.00452251 0 76 40 38 296 73 60 228
-0.00452224 0 95 40 38 296 73 60 228
-0.00452409 0 114 40 38 296 73 60 228
-0.00450873 0 133 40 38 296 73 60 228
-0.00451929 0 152 40 38 296 73 60 228
-0.00452287 0 171 40 38 296 73 60 228
-0.00451456 0 190 40 38 296 73 60 228
-0.00451234 20 0 40 38 296 73 60 228
-0.00450113 20 19 40 38 296 73 60 228
-0.0040931 20 38 40 38 296 73 60 228
-0.0045206 20 57 40 38 296 73 60 228
-0.00452316 20 76 40 38 296 73 60 228
-0.00452317 20 95 40 38 296 73 60 228
-0.00452405 20 114 40 38 296 73 60 228
-0.00450558 20 133 40 38 296 73 60 228
-0.00451954 20 152 40 38 296 73 60 228
-0.00452222 20 171 40 38 296 73 60 228
-0.004512 20 190 40 38 296 73 60 228
-0.00452154 0 0 40 38 296 73 60 228
-0.00451811 0 19 40 38 296 73 60 228
-0.0045085 0 38 40 38 296 73 60 228
-0.00450977 0 57 40 38 296 73 60 228
-0.00451498 0 76 40 38 296 73 60 228
-0.00451529 0 95 40 38 296 73 60 228
-0.00452017 0 114 40 38 296 73 60 228
-0.00450622 0 133 40 38 296 73 60 228
-0.00451945 0 152 40 38 296 73 60 228
-0.00452354 0 171 40 38 296 73 60 228
-0.00452025 0 190 40 38 296 73 60 228
-0.00451576 20 0 40 38 296 73 60 228
-0.00450892 20 19 40 38 296 73 60 228
-0.00450438 20 38 40 38 296 73 60 228
-0.00450941 20 57 40 38 296 73 60 228
-0.00451485 20 76 40 38 296 73 60 228
-0.00451662 20 95 40 38 296 73 60 228
-0.00452185 20 114 40 38 296 73 60 228
-0.00450567 20 133 40 38 296 73 60 228
-0.00452078 20 152 40 38 296 73 60 228
-0.00452379 20 171 40 38 296 73 60 228
-0.00452162 20 190 40 38 296 73 60 228
-0.00450436 0 0 40 38 296 73 60 228
-0.00449986 0 19 40 38 296 73 60 228
-0.00451548 0 38 40 38 296 73 60 228
-0.00451686 0 57 40 38 296 73 60 228
-0.00308649 0 76 40 38 296 73 60 228
-0.00406335 0 95 40 38 296 73 60 228
-0.00371101 0 114 40 38 296 73 60 228
-0.00451901 0 133 40 38 296 73 60 228
-0.00452184 0 152 40 38 296 73 60 228
-0.00451646 0 171 40 38 296 73 60 228
-0.004523 0 190 40 38 296 73 60 228
-0.00451995 20 0 40 38 296 73 60 228
-0.0045225 20 19 40 38 296 73 60 228
-0.00452035 20 38 40 38 296 73 60 228
-0.0045201 20 57 40 38 296 73 60 228
-0.00451925 20 76 40 38 296 73 60 228
-0.00452113 20 95 40 38 296 73 60 228
-0.00452246 20 114 40 38 296 73 60 228
-0.0045219 20 133 40 38 296 73 60 228
-0.004504 20 152 40 38 296 73 60 228
-0.00450939 20 171 40 38 296 73 60 228
-0.00452267 20 190 40 38 296 73 60 228
-0.00450657 0 0 40 38 296 73 60 228
-0.00450396 0 19 40 38 296 73 60 228
-0.0045193 0 38 40 38 296 73 60 228
-0.00452256 0 57 40 38 296 73 60 228
-0.00451567 0 76 40 38 296 73 60 228
-0.0045221 0 95 40 38 296 73 60 228
-0.00452351 0 114 40 38 296 73 60 228
-0.00452312 0 133 40 38 296 73 60 228
-0.00452324 0 152 40 38 296 73 60 228
-0.00452097 0 171 40 38 296 73 60 228
-0.00452293 0 190 40 38 296 73 60 228
-0.00451206 20 0 40 38 296 73 60 228
-0.00450376 20 19 40 38 296 73 60 228
-0.00451474 20 38 40 38 296 73 60 228
-0.00450179 20 57 40 38 296 73 60 228
-0.00451938 20 76 40 38 296 73 60 228
-0.0045204 20 95 40 38 296 73 60 228
-0.0045069 20 114 40 38 296 73 60 228
-0.00451517 20 133 40 38 296 73 60 228
-0.00451332 20 152 40 38 296 73 60 228
-0.004514 20 171 40 38 296 73 60 228
-0.00452235 20 190 40 38 296 73 60 228
-0.00452209 0 0 40 38 296 73 60 228
-0.00452263 0 19 40 38 296 73 60 228
-0.00451134 0 38 40 38 296 73 60 228
-0.00451499 0 57 40 38 296 73 60 228
-0.00451214 0 76 40 38 296 73 60 228
-0.00449797 0 95 40 38 296 73 60 228
-0.00452178 0 114 40 38 296 73 60 228
-0.00452331 0 133 40 38 296 73 60 228
-0.00451803 0 152 40 38 296 73 60 228
-0.00450925 0 171 40 38 296 73 60 228
-0.00451305 0 190 40 38 296 73 60 228
-0.00452131 20 0 40 38 296 73 60 228
-0.00452218 20 19 40 38 296 73 60 228
-0.00452076 20 38 40 38 296 73 60 228
-0.0045168 20 57 40 38 296 73 60 228
-0.00451306 20 76 40 38 296 73 60 228
-0.00451757 20 95 40 38 296 73 60 228
-0.00451657 20 114 40 38 296 73 60 228
-0.00452272 20 133 40 38 296 73 60 228
-0.00451992 20 152 40 38 296 73 60 228
-0.00451807 20 171 40 38 296 73 60 228
-0.00452018 20 190 40 38 296 73 60 228
-0.0045232 0 0 40 38 296 73 60 228
-0.00451297 0 19 40 38 296 73 60 228
-0.00432615 0 38 40 38 296 73 60 228
-0.0045153 0 57 40 38 296 73 60 228
-0.00451014 0 76 40 38 296 73 60 228
-0.00276741 0 95 40 38 296 73 60 228
-0.00451792 0 114 40 38 296 73 60 228
-0.00452365 0 133 40 38 296 73 60 228
-0.00452227 0 152 40 38 296 73 60 228
-0.0045215 0 171 40 38 296 73 60 228
-0.00452356 0 190 40 38 296 73 60 228
-0.00452195 20 0 40 38 296 73 60 228
-0.00312248 20 19 40 38 296 73 60 228
-0.00256466 20 38 40 38 296 73 60 228
-0.00400208 20 57 40 38 296 73 60 228
-0.00450289 20 76 40 38 296 73 60 228
-0.00441222 20 95 40 38 296 73 60 228
-0.00415183 20 114 40 38 296 73 60 228
-0.00452329 20 133 40 38 296 73 60 228
-0.00452249 20 152 40 38 296 73 60 228
-0.00452144 20 171 40 38 296 73 60 228
-0.00452381 20 190 40 38 296 73 60 228
-0.00451952 0 0 40 38 296 73 60 228
-0.00452204 0 19 40 38 296 73 60 228
-0.00452313 0 38 40 38 296 73 60 228
-0.00451494 0 57 40 38 296 73 60 228
-0.00452125 0 76 40 38 296 73 60 228
-0.00452247 0 95 40 38 296 73 60 228
-0.00452036 0 114 40 38 296 73 60 228
-0.00452174 0 133 40 38 296 73 60 228
-0.004522 0 152 40 38 296 73 60 228
-0.00452395 0 171 40 38 296 73 60 228
-0.00452359 0 190 40 38 296 73 60 228
-0.00451843 20 0 40 38 296 73 60 228
-0.0045215 20 19 40 38 296 73 60 228
-0.00452138 20 38 40 38 296 73 60 228
-0.00451856 20 57 40 38 296 73 60 228
-0.00451257 20 76 40 38 296 73 60 228
-0.0045218 20 95 40 38 296 73 60 228
-0.00452173 20 114 40 38 296 73 60 228
-0.00452306 20 133 40 38 296 73 60 228
-0.00452133 20 152 40 38 296 73 60 228
-0.00452429 20 171 40 38 296 73 60 228
-0.00452333 20 190 40 38 296 73 60 228
-0.00452046 0 0 40 38 296 73 60 228
-0.00450102 0 19 40 38 296 73 60 228
-0.00452265 0 38 40 38 296 73 60 228
-0.00451151 0 57 40 38 296 73 60 228
-0.00452296 0 76 40 38 296 73 60 228
-0.00452021 0 95 40 38 296 73 60 228
-0.00449901 0 114 40 38 296 73 60 228
-0.00450115 0 133 40 38 296 73 60 228
-0.00451953 0 152 40 38 296 73 60 228
-0.0045151 0 171 40 38 296 73 60 228
-0.00451602 0 190 40 38 296 73 60 228
-0.00451717 20 0 40 38 296 73 60 228
-0.00283959 20 19 40 38 296 73 60 228
-0.00450944 20 38 40 38 296 73 60 228
-0.00450246 20 57 40 38 296 73 60 228
-0.00451683 20 76 40 38 296 73 60 228
-0.00451913 20 95 40 38 296 73 60 228
-0.00452011 20 114 40 38 296 73 60 228
-0.00452277 20 133 40 38 296 73 60 228
-0.00451551 20 152 40 38 296 73 60 228
-0.00451947 20 171 40 38 296 73 60 228
-0.00451189 20 190 40 38 296 73 60 228
-0.00449649 0 0 40 50 296 73 60 228
-0.0045188 0 25 40 50 296 73 60 228
-0.00322876 0 50 40 50 296 73 60 228
-0.00451018 0 75 40 50 296 73 60 228
-0.00451809 0 100 40 50 296 73 60 228
-0.0045118 0 125 40 50 296 73 60 228
-0.00452125 0 150 40 50 296 73 60 228
-0.00452091 0 175 40 50 296 73 60 228
-0.00450683 20 0 40 50 296 73 60 228
-0.00451686 20 25 40 50 296 73 60 228
-0.00420997 20 50 40 50 296 73 60 228
-0.00450318 20 75 40 50 296 73 60 228
-0.00451433 20 100 40 50 296 73 60 228
-0.00451398 20 125 40 50 296 73 60 228
-0.00451363 20 150 40 50 296 73 60 228
-0.0045199 20 175 40 50 296 73 60 228
-0.0045223 0 0 40 50 296 73 60 228
-0.0045156 0 25 40 50 296 73 60 228
-0.00451167 0 50 40 50 296 73 60 228
-0.00451094 0 75 40 50 296 73 60 228
-0.00452326 0 100 40 50 296 73 60 228
-0.00451926 0 125 40 50 296 73 60 228
-0.00451861 0 150 40 50 296 73 60 228
-0.00452229 0 175 40 50 296 73 60 228
-0.00451257 20 0 40 50 296 73 60 228
-0.0022427 20 25 40 50 296 73 60 228
-0.00451982 20 50 40 50 296 73 60 228
-0.00418099 20 75 40 50 296 73 60 228
-0.00452265 20 100 40 50 296 73 60 228
-0.00452272 20 125 40 50 296 73 60 228
-0.0045205 20 150 40 50 296 73 60 228
-0.0045222 20 175 40 50 296 73 60 228
-0.00451758 0 0 40 50 296 73 60 228
-0.00450143 0 25 40 50 296 73 60 228
-0.00452295 0 50 40 50 296 73 60 228
-0.00451276 0 75 40 50 296 73 60 228
-0.00452371 0 100 40 50 296 73 60 228
-0.00452106 0 125 40 50 296 73 60 228
-0.00451953 0 150 40 50 296 73 60 228
-0.00452174 0 175 40 50 296 73 60 228
-0.00451592 20 0 40 50 296 73 60 228
-0.00581294 20 25 40 50 296 73 60 228
-0.004521 20 50 40 50 296 73 60 228
-0.00451447 20 75 40 50 296 73 60 228
-0.00452404 20 100 40 50 296 73 60 228
-0.0045208 20 125 40 50 296 73 60 228
-0.00451942 20 150 40 50 296 73 60 228
-0.00452066 20 175 40 50 296 73 60 228
-0.00451812 0 0 40 50 296 73 60 228
-0.00423882 0 25 40 50 296 73 60 228
-0.00449718 0 50 40 50 296 73 60 228
-0.00451119 0 75 40 50 296 73 60 228
-0.00451703 0 100 40 50 296 73 60 228
-0.00451132 0 125 40 50 296 73 60 228
-0.00451948 0 150 40 50 296 73 60 228
-0.00452331 0 175 40 50 296 73 60 228
-0.00450718 20 0 40 50 296 73 60 228
-0.00449907 20 25 40 50 296 73 60 228
-0.00451261 20 50 40 50 296 73 60 228
-0.00301707 20 75 40 50 296 73 60 228
-0.00451949 20 100 40 50 296 73 60 228
-0.00451153 20 125 40 50 296 73 60 228
-0.00452093 20 150 40 50 296 73 60 228
-0.00452369 20 175 40 50 296 73 60 228
-0.00450586 0 0 40 50 296 73 60 228
-0.00450628 0 25 40 50 296 73 60 228
-0.00451291 0 50 40 50 296 73 60 228
-0.00223744 0 75 40 50 296 73 60 228
-0.00274064 0 100 40 50 296 73 60 228
-0.00451644 0 125 40 50 296 73 60 228
-0.00452097 0 150 40 50 296 73 60 228
-0.00451873 0 175 40 50 296 73 60 228
-0.00452246 20 0 40 50 296 73 60 228
-0.00452049 20 25 40 50 296 73 60 228
-0.00451811 20 50 40 50 296 73 60 228
-0.00451618 20 75 40 50 296 73 60 228
-0.00452194 20 100 40 50 296 73 60 228
-0.00452186 20 125 40 50 296 73 60 228
-0.00450601 20 150 40 50 296 73 60 228
-0.00451988 20 175 40 50 296 73 60 228
-0.00451055 0 0 40 50 296 73 60 228
-0.00451718 0 25 40 50 296 73 60 228
-0.00452152 0 50 40 50 296 73 60 228
-0.00451098 0 75 40 50 296 73 60 228
-0.00452296 0 100 40 50 296 73 60 228
-0.00452303 0 125 40 50 296 73 60 228
-0.00452262 0 150 40 50 296 73 60 228
-0.00451626 0 175 40 50 296 73 60 228
-0.00451254 20 0 40 50 296 73 60 228
-0.00451604 20 25 40 50 296 73 60 228
-0.00403284 20 50 40 50 296 73 60 228
-0.0045087 20 75 40 50 296 73 60 228
-0.00451152 20 100 40 50 296 73 60 228
-0.00450708 20 125 40 50 296 73 60 228
-0.00450393 20 150 40 50 296 73 60 228
-0.00451881 20 175 40 50 296 73 60 228
-0.00451898 0 0 40 50 296 73 60 228
-0.00450608 0 25 40 50 296 73 60 228
-0.0044973 0 50 40 50 296 73 60 228
-0.00397099 0 75 40 50 296 73 60 228
-0.00451513 0 100 40 50 296 73 60 228
-0.00452273 0 125 40 50 296 73 60 228
-0.00450708 0 150 40 50 296 73 60 228
-0.00451208 0 175 40 50 296 73 60 228
-0.00452142 20 0 40 50 296 73 60 228
-0.00451474 20 25 40 50 296 73 60 228
-0.00450874 20 50 40 50 296 73 60 228
-0.00450264 20 75 40 50 296 73 60 228
-0.00451885 20 100 40 50 296 73 60 228
-0.00452079 20 125 40 50 296 73 60 228
-0.00450797 20 150 40 50 296 73 60 228
-0.00452048 20 175 40 50 296 73 60 228
-0.00452237 0 0 40 50 296 73 60 228
-0.00228218 0 25 40 50 296 73 60 228
-0.00333705 0 50 40 50 296 73 60 228
-0.00449909 0 75 40 50 296 73 60 228
-0.00319284 0 100 40 50 296 73 60 228
-0.0045234 0 125 40 50 296 73 60 228
-0.00452056 0 150 40 50 296 73 60 228
-0.0045231 0 175 40 50 296 73 60 228
-0.00452087 20 0 40 50 296 73 60 228
-0.00246101 20 25 40 50 296 73 60 228
-0.00249395 20 50 40 50 296 73 60 228
-0.00449913 20 75 40 50 296 73 60 228
-0.00450221 20 100 40 50 296 73 60 228
-0.00452332 20 125 40 50 296 73 60 228
-0.00451938 20 150 40 50 296 73 60 228
-0.00452363 20 175 40 50 296 73 60 228
-0.00451488 0 0 40 50 296 73 60 228
-0.00452155 0 25 40 50 296 73 60 228
-0.00367801 0 50 40 50 296 73 60 228
-0.00452054 0 75 40 50 296 73 60 228
-0.00452172 0 100 40 50 296 73 60 228
-0.00451721 0 125 40 50 296 73 60 228
-0.00452068 0 150 40 50 296 73 60 228
-0.00452354 0 175 40 50 296 73 60 228
-0.00451751 20 0 40 50 296 73 60 228
-0.00451727 20 25 40 50 296 73 60 228
-0.0045038 20 50 40 50 296 73 60 228
-0.00450793 20 75 40 50 296 73 60 228
-0.00452244 20 100 40 50 296 73 60 228
-0.0045214 20 125 40 50 296 73 60 228
-0.00452294 20 150 40 50 296 73 60 228
-0.00452377 20 175 40 50 296 73 60 228
-0.00451858 0 0 40 50 296 73 60 228
-0.00452085 0 25 40 50 296 73 60 228
-0.00449915 0 50 40 50 296 73 60 228
-0.00452113 0 75 40 50 296 73 60 228
-0.00451197 0 100 40 50 296 73 60 228
-0.0045071 0 125 40 50 296 73 60 228
-0.00450867 0 150 40 50 296 73 60 228
-0.0045068 0 175 40 50 296 73 60 228
-0.00451685 20 0 40 50 296 73 60 228
-0.00450996 20 25 40 50 296 73 60 228
-0.00429717 20 50 40 50 296 73 60 228
-0.00450973 20 75 40 50 296 73 60 228
-0.00452115 20 100 40 50 296 73 60 228
-0.00452242 20 125 40 50 296 73 60 228
-0.00451036 20 150 40 50 296 73 60 228
-0.00438377 20 175 40 50 296 73 60 228
-0.00450495 0 0 60 91 296 73 60 228
-0.00265594 0 45 60 91 296 73 60 228
-0.0045109 0 90 60 91 296 73 60 228
-0.0045101 0 135 60 91 296 73 60 228
-0.00451582 0 0 60 91 296 73 60 228
-0.00450764 0 45 60 91 296 73 60 228
-0.00451272 0 90 60 91 296 73 60 228
-0.00452146 0 135 60 91 296 73 60 228
-0.00451964 0 0 60 91 296 73 60 228
-0.0032652 0 45 60 91 296 73 60 228
-0.00452117 0 90 60 91 296 73 60 228
-0.00451761 0 135 60 91 296 73 60 228
-0.00450168 0 0 60 91 296 73 60 228
-0.00449638 0 45 60 91 296 73 60 228
-0.00240944 0 90 60 91 296 73 60 228
-0.00451331 0 135 60 91 296 73 60 228
-0.00451649 0 0 60 91 296 73 60 228
-0.00451567 0 45 60 91 296 73 60 228
-0.00451681 0 90 60 91 296 73 60 228
-0.0045195 0 135 60 91 296 73 60 228
-0.00451683 0 0 60 91 296 73 60 228
-0.0640747 0 45 60 91 296 73 60 228
-0.00451269 0 90 60 91 296 73 60 228
-0.00452019 0 135 60 91 296 73 60 228
-0.00305245 0 0 60 91 296 73 60 228
-0.00251863 0 45 60 91 296 73 60 228
-0.00451295 0 90 60 91 296 73 60 228
-0.00450971 0 135 60 91 296 73 60 228
-0.00451861 0 0 60 91 296 73 60 228
-0.0024599 0 45 60 91 296 73 60 228
-0.00452344 0 90 60 91 296 73 60 228
-0.00452355 0 135 60 91 296 73 60 228
-0.00450541 0 0 60 91 296 73 60 228
-0.00235932 0 45 60 91 296 73 60 228
-0.00451918 0 90 60 91 296 73 60 228
-0.00452207 0 135 60 91 296 73 60 228
-0.00451427 0 0 60 91 296 73 60 228
-0.00298136 0 45 60 91 296 73 60 228
-0.0045214 0 90 60 91 296 73 60 228
-0.00451729 0 135 60 91 296 73 60 228
-0.00381046 0 0 60 152 296 73 60 228
-0.00450518 0 76 60 152 296 73 60 228
-0.00452143 0 0 60 152 296 73 60 228
-0.00452137 0 76 60 152 296 73 60 228
-0.00450448 0 0 60 152 296 73 60 228
-0.00451986 0 76 60 152 296 73 60 228
-0.00450343 0 0 60 152 296 73 60 228
-0.00262786 0 76 60 152 296 73 60 228
-0.00451651 0 0 60 152 296 73 60 228
-0.00451678 0 76 60 152 296 73 60 228
-0.00225636 0 0 60 152 296 73 60 228
-0.00450159 0 76 60 152 296 73 60 228
-0.00449789 0 0 60 152 296 73 60 228
-0.00449593 0 76 60 152 296 73 60 228
-0.00451681 0 0 60 152 296 73 60 228
-0.00452372 0 76 60 152 296 73 60 228
-0.00449931 0 0 60 152 296 73 60 228
-0.00450548 0 76 60 152 296 73 60 228
-0.00268479 0 0 60 152 296 73 60 228
-0.0045183 0 76 60 152 296 73 60 228
