-0.000909685 0 0 12 11 1093 614 50 58
-0.000909259 0 5 12 11 1093 614 50 58
-0.000909682 0 10 12 11 1093 614 50 58
-0.000909585 0 15 12 11 1093 614 50 58
-0.000909498 0 20 12 11 1093 614 50 58
-0.00090967 0 25 12 11 1093 614 50 58
-0.000909735 0 30 12 11 1093 614 50 58
-0.000909766 0 35 12 11 1093 614 50 58
-0.000909813 0 40 12 11 1093 614 50 58
-0.000909552 6 0 12 11 1093 614 50 58
-0.000909459 6 5 12 11 1093 614 50 58
-0.00090931 6 10 12 11 1093 614 50 58
-0.000909463 6 15 12 11 1093 614 50 58
-0.000909175 6 20 12 11 1093 614 50 58
-0.000909477 6 25 12 11 1093 614 50 58
-0.000909735 6 30 12 11 1093 614 50 58
-0.000909417 6 35 12 11 1093 614 50 58
-0.00090974 6 40 12 11 1093 614 50 58
-0.000909733 12 0 12 11 1093 614 50 58
-0.000909747 12 5 12 11 1093 614 50 58
-0.000909644 12 10 12 11 1093 614 50 58
-0.000909774 12 15 12 11 1093 614 50 58
-0.000909796 12 20 12 11 1093 614 50 58
-0.000909783 12 25 12 11 1093 614 50 58
-0.000909812 12 30 12 11 1093 614 50 58
-0.00090962 12 35 12 11 1093 614 50 58
-0.000909708 12 40 12 11 1093 614 50 58
-0.000909489 18 0 12 11 1093 614 50 58
-0.000909754 18 5 12 11 1093 614 50 58
-0.000909767 18 10 12 11 1093 614 50 58
-0.000909311 18 15 12 11 1093 614 50 58
-0.000908427 18 20 12 11 1093 614 50 58
-0.000909701 18 25 12 11 1093 614 50 58
-0.00090982 18 30 12 11 1093 614 50 58
-0.000909711 18 35 12 11 1093 614 50 58
-0.000909593 18 40 12 11 1093 614 50 58
-0.000909762 24 0 12 11 1093 614 50 58
-0.000909458 24 5 12 11 1093 614 50 58
-0.0009098 24 10 12 11 1093 614 50 58
-0.000909742 24 15 12 11 1093 614 50 58
-0.000908999 24 20 12 11 1093 614 50 58
-0.000909507 24 25 12 11 1093 614 50 58
-0.0009098 24 30 12 11 1093 614 50 58
-0.000909772 24 35 12 11 1093 614 50 58
-0.000909556 24 40 12 11 1093 614 50 58
-0.000909766 30 0 12 11 1093 614 50 58
-0.000909337 30 5 12 11 1093 614 50 58
-0.000909723 30 10 12 11 1093 614 50 58
-0.00090977 30 15 12 11 1093 614 50 58
-0.000909769 30 20 12 11 1093 614 50 58
-0.000909758 30 25 12 11 1093 614 50 58
-0.000909715 30 30 12 11 1093 614 50 58
-0.000909584 30 35 12 11 1093 614 50 58
-0.000909361 30 40 12 11 1093 614 50 58
-0.000909485 36 0 12 11 1093 614 50 58
-0.000909589 36 5 12 11 1093 614 50 58
-0.000909001 36 10 12 11 1093 614 50 58
-0.000909235 36 15 12 11 1093 614 50 58
-0.000909396 36 20 12 11 1093 614 50 58
-0.000909103 36 25 12 11 1093 614 50 58
-0.000908822 36 30 12 11 1093 614 50 58
-0.000908647 36 35 12 11 1093 614 50 58
-0.000909329 36 40 12 11 1093 614 50 58
-0.000909769 0 0 12 11 1093 614 50 58
-0.000909754 0 5 12 11 1093 614 50 58
-0.000909754 0 10 12 11 1093 614 50 58
-0.000909715 0 15 12 11 1093 614 50 58
-0.000909746 0 20 12 11 1093 614 50 58
-0.000909791 0 25 12 11 1093 614 50 58
-0.000909801 0 30 12 11 1093 614 50 58
-0.000909786 0 35 12 11 1093 614 50 58
-0.000909502 0 40 12 11 1093 614 50 58
-0.000909696 6 0 12 11 1093 614 50 58
-0.000909668 6 5 12 11 1093 614 50 58
-0.000909757 6 10 12 11 1093 614 50 58
-0.000909782 6 15 12 11 1093 614 50 58
-0.000909786 6 20 12 11 1093 614 50 58
-0.000909752 6 25 12 11 1093 614 50 58
-0.000909783 6 30 12 11 1093 614 50 58
-0.000909827 6 35 12 11 1093 614 50 58
-0.000909777 6 40 12 11 1093 614 50 58
-0.000909686 12 0 12 11 1093 614 50 58
-0.000890233 12 5 12 11 1093 614 50 58
-0.000908836 12 10 12 11 1093 614 50 58
-0.000909092 12 15 12 11 1093 614 50 58
-0.000909034 12 20 12 11 1093 614 50 58
-0.000907627 12 25 12 11 1093 614 50 58
-0.000909706 12 30 12 11 1093 614 50 58
-0.000909828 12 35 12 11 1093 614 50 58
-0.000909785 12 40 12 11 1093 614 50 58
-0.000909793 18 0 12 11 1093 614 50 58
-0.000909508 18 5 12 11 1093 614 50 58
-0.000612681 18 10 12 11 1093 614 50 58
-0.000235118 18 15 12 11 1093 614 50 58
-0.00022836 18 20 12 11 1093 614 50 58
-0.000766147 18 25 12 11 1093 614 50 58
-0.000909706 18 30 12 11 1093 614 50 58
-0.000909827 18 35 12 11 1093 614 50 58
-0.000909794 18 40 12 11 1093 614 50 58
-0.000909802 24 0 12 11 1093 614 50 58
-0.000909779 24 5 12 11 1093 614 50 58
-0.000909341 24 10 12 11 1093 614 50 58
-0.000319025 24 15 12 11 1093 614 50 58
-0.000881972 24 20 12 11 1093 614 50 58
-0.000908411 24 25 12 11 1093 614 50 58
-0.00090909 24 30 12 11 1093 614 50 58
-0.000909756 24 35 12 11 1093 614 50 58
-0.000909822 24 40 12 11 1093 614 50 58
-0.000909745 30 0 12 11 1093 614 50 58
-0.000909794 30 5 12 11 1093 614 50 58
-0.000909615 30 10 12 11 1093 614 50 58
-0.00090913 30 15 12 11 1093 614 50 58
-0.000909542 30 20 12 11 1093 614 50 58
-0.000909705 30 25 12 11 1093 614 50 58
-0.000909771 30 30 12 11 1093 614 50 58
-0.000909788 30 35 12 11 1093 614 50 58
-0.000909773 30 40 12 11 1093 614 50 58
-0.000909639 36 0 12 11 1093 614 50 58
-0.000909716 36 5 12 11 1093 614 50 58
-0.000909712 36 10 12 11 1093 614 50 58
-0.000909773 36 15 12 11 1093 614 50 58
-0.000909803 36 20 12 11 1093 614 50 58
-0.000909807 36 25 12 11 1093 614 50 58
-0.000909796 36 30 12 11 1093 614 50 58
-0.000909764 36 35 12 11 1093 614 50 58
-0.000909745 36 40 12 11 1093 614 50 58
-0.000909759 0 0 12 11 1093 614 50 58
-0.000909383 0 5 12 11 1093 614 50 58
-0.000548678 0 10 12 11 1093 614 50 58
-0.000906954 0 15 12 11 1093 614 50 58
-0.000908991 0 20 12 11 1093 614 50 58
-0.000909482 0 25 12 11 1093 614 50 58
-0.000909617 0 30 12 11 1093 614 50 58
-0.000909733 0 35 12 11 1093 614 50 58
-0.00090974 0 40 12 11 1093 614 50 58
-0.000909759 6 0 12 11 1093 614 50 58
-0.000909432 6 5 12 11 1093 614 50 58
-0.000873754 6 10 12 11 1093 614 50 58
-0.000907082 6 15 12 11 1093 614 50 58
-0.000908982 6 20 12 11 1093 614 50 58
-0.000909468 6 25 12 11 1093 614 50 58
-0.000909653 6 30 12 11 1093 614 50 58
-0.000909771 6 35 12 11 1093 614 50 58
-0.000909813 6 40 12 11 1093 614 50 58
-0.000909762 12 0 12 11 1093 614 50 58
-0.000909526 12 5 12 11 1093 614 50 58
-0.000908884 12 10 12 11 1093 614 50 58
-0.000908366 12 15 12 11 1093 614 50 58
-0.000908615 12 20 12 11 1093 614 50 58
-0.00090892 12 25 12 11 1093 614 50 58
-0.00090919 12 30 12 11 1093 614 50 58
-0.00090956 12 35 12 11 1093 614 50 58
-0.000909755 12 40 12 11 1093 614 50 58
-0.000909762 18 0 12 11 1093 614 50 58
-0.00090952 18 5 12 11 1093 614 50 58
-0.000908608 18 10 12 11 1093 614 50 58
-0.00056726 18 15 12 11 1093 614 50 58
-0.000231515 18 20 12 11 1093 614 50 58
-0.000275685 18 25 12 11 1093 614 50 58
-0.00045337 18 30 12 11 1093 614 50 58
-0.000907144 18 35 12 11 1093 614 50 58
-0.000909585 18 40 12 11 1093 614 50 58
-0.000909749 24 0 12 11 1093 614 50 58
-0.000909377 24 5 12 11 1093 614 50 58
-0.000907718 24 10 12 11 1093 614 50 58
-0.000520148 24 15 12 11 1093 614 50 58
-0.00024101 24 20 12 11 1093 614 50 58
-0.000248718 24 25 12 11 1093 614 50 58
-0.000682577 24 30 12 11 1093 614 50 58
-0.000909074 24 35 12 11 1093 614 50 58
-0.000909674 24 40 12 11 1093 614 50 58
-0.00090972 30 0 12 11 1093 614 50 58
-0.00090936 30 5 12 11 1093 614 50 58
-0.000908267 30 10 12 11 1093 614 50 58
-0.00079962 30 15 12 11 1093 614 50 58
-0.00036196 30 20 12 11 1093 614 50 58
-0.000262942 30 25 12 11 1093 614 50 58
-0.000648053 30 30 12 11 1093 614 50 58
-0.000909314 30 35 12 11 1093 614 50 58
-0.00090972 30 40 12 11 1093 614 50 58
-0.00090959 36 0 12 11 1093 614 50 58
-0.000909129 36 5 12 11 1093 614 50 58
-0.000908861 36 10 12 11 1093 614 50 58
-0.000908764 36 15 12 11 1093 614 50 58
-0.000908369 36 20 12 11 1093 614 50 58
-0.000907884 36 25 12 11 1093 614 50 58
-0.000908455 36 30 12 11 1093 614 50 58
-0.00090955 36 35 12 11 1093 614 50 58
-0.000909746 36 40 12 11 1093 614 50 58
-0.000909736 0 0 12 11 1093 614 50 58
-0.000909569 0 5 12 11 1093 614 50 58
-0.000908903 0 10 12 11 1093 614 50 58
-0.000909316 0 15 12 11 1093 614 50 58
-0.000909629 0 20 12 11 1093 614 50 58
-0.000909729 0 25 12 11 1093 614 50 58
-0.000909788 0 30 12 11 1093 614 50 58
-0.00090982 0 35 12 11 1093 614 50 58
-0.000909802 0 40 12 11 1093 614 50 58
-0.000909678 6 0 12 11 1093 614 50 58
-0.000909018 6 5 12 11 1093 614 50 58
-0.000707764 6 10 12 11 1093 614 50 58
-0.000907511 6 15 12 11 1093 614 50 58
-0.000909131 6 20 12 11 1093 614 50 58
-0.000909492 6 25 12 11 1093 614 50 58
-0.000909674 6 30 12 11 1093 614 50 58
-0.000909791 6 35 12 11 1093 614 50 58
-0.000909825 6 40 12 11 1093 614 50 58
-0.000909615 12 0 12 11 1093 614 50 58
-0.000907716 12 5 12 11 1093 614 50 58
-0.000330003 12 10 12 11 1093 614 50 58
-0.00047287 12 15 12 11 1093 614 50 58
-0.000757784 12 20 12 11 1093 614 50 58
-0.000907287 12 25 12 11 1093 614 50 58
-0.000909127 12 30 12 11 1093 614 50 58
-0.000909718 12 35 12 11 1093 614 50 58
-0.000909808 12 40 12 11 1093 614 50 58
-0.000909681 18 0 12 11 1093 614 50 58
-0.000909116 18 5 12 11 1093 614 50 58
-0.000906836 18 10 12 11 1093 614 50 58
-0.000691041 18 15 12 11 1093 614 50 58
-0.00041255 18 20 12 11 1093 614 50 58
-0.000372018 18 25 12 11 1093 614 50 58
-0.000907541 18 30 12 11 1093 614 50 58
-0.000909634 18 35 12 11 1093 614 50 58
-0.000909793 18 40 12 11 1093 614 50 58
-0.000909763 24 0 12 11 1093 614 50 58
-0.000909624 24 5 12 11 1093 614 50 58
-0.000908979 24 10 12 11 1093 614 50 58
-0.000732889 24 15 12 11 1093 614 50 58
-0.000287738 24 20 12 11 1093 614 50 58
-0.000249063 24 25 12 11 1093 614 50 58
-0.000907791 24 30 12 11 1093 614 50 58
-0.000909622 24 35 12 11 1093 614 50 58
-0.000909768 24 40 12 11 1093 614 50 58
-0.00090978 30 0 12 11 1093 614 50 58
-0.000909677 30 5 12 11 1093 614 50 58
-0.00090907 30 10 12 11 1093 614 50 58
-0.000724591 30 15 12 11 1093 614 50 58
-0.000807997 30 20 12 11 1093 614 50 58
-0.000907342 30 25 12 11 1093 614 50 58
-0.000908435 30 30 12 11 1093 614 50 58
-0.000909545 30 35 12 11 1093 614 50 58
-0.000909724 30 40 12 11 1093 614 50 58
-0.000909704 36 0 12 11 1093 614 50 58
-0.00090949 36 5 12 11 1093 614 50 58
-0.000909256 36 10 12 11 1093 614 50 58
-0.00090951 36 15 12 11 1093 614 50 58
-0.000909635 36 20 12 11 1093 614 50 58
-0.000909656 36 25 12 11 1093 614 50 58
-0.000909658 36 30 12 11 1093 614 50 58
-0.000909709 36 35 12 11 1093 614 50 58
-0.000909758 36 40 12 11 1093 614 50 58
-0.000909777 0 0 12 11 1093 614 50 58
-0.00090975 0 5 12 11 1093 614 50 58
-0.000909686 0 10 12 11 1093 614 50 58
-0.000909784 0 15 12 11 1093 614 50 58
-0.000909822 0 20 12 11 1093 614 50 58
-0.000909806 0 25 12 11 1093 614 50 58
-0.000909744 0 30 12 11 1093 614 50 58
-0.00090977 0 35 12 11 1093 614 50 58
-0.000909816 0 40 12 11 1093 614 50 58
-0.000909817 6 0 12 11 1093 614 50 58
-0.000909794 6 5 12 11 1093 614 50 58
-0.000909692 6 10 12 11 1093 614 50 58
-0.000909543 6 15 12 11 1093 614 50 58
-0.000909656 6 20 12 11 1093 614 50 58
-0.00090924 6 25 12 11 1093 614 50 58
-0.00090972 6 30 12 11 1093 614 50 58
-0.000909804 6 35 12 11 1093 614 50 58
-0.00090982 6 40 12 11 1093 614 50 58
-0.000909531 12 0 12 11 1093 614 50 58
-0.000909805 12 5 12 11 1093 614 50 58
-0.000909825 12 10 12 11 1093 614 50 58
-0.000909809 12 15 12 11 1093 614 50 58
-0.000909787 12 20 12 11 1093 614 50 58
-0.000909765 12 25 12 11 1093 614 50 58
-0.000909791 12 30 12 11 1093 614 50 58
-0.0009098 12 35 12 11 1093 614 50 58
-0.000909823 12 40 12 11 1093 614 50 58
-0.000909382 18 0 12 11 1093 614 50 58
-0.00090919 18 5 12 11 1093 614 50 58
-0.000909575 18 10 12 11 1093 614 50 58
-0.000909761 18 15 12 11 1093 614 50 58
-0.00090982 18 20 12 11 1093 614 50 58
-0.000909785 18 25 12 11 1093 614 50 58
-0.000909793 18 30 12 11 1093 614 50 58
-0.000909738 18 35 12 11 1093 614 50 58
-0.000909674 18 40 12 11 1093 614 50 58
-0.000909511 24 0 12 11 1093 614 50 58
-0.000909506 24 5 12 11 1093 614 50 58
-0.000909209 24 10 12 11 1093 614 50 58
-0.000908877 24 15 12 11 1093 614 50 58
-0.000909717 24 20 12 11 1093 614 50 58
-0.000909792 24 25 12 11 1093 614 50 58
-0.000909812 24 30 12 11 1093 614 50 58
-0.000909792 24 35 12 11 1093 614 50 58
-0.000909785 24 40 12 11 1093 614 50 58
-0.000909778 30 0 12 11 1093 614 50 58
-0.000909801 30 5 12 11 1093 614 50 58
-0.000909826 30 10 12 11 1093 614 50 58
-0.000909816 30 15 12 11 1093 614 50 58
-0.000909813 30 20 12 11 1093 614 50 58
-0.000909807 30 25 12 11 1093 614 50 58
-0.0009098 30 30 12 11 1093 614 50 58
-0.000909787 30 35 12 11 1093 614 50 58
-0.000909792 30 40 12 11 1093 614 50 58
-0.000909801 36 0 12 11 1093 614 50 58
-0.000909813 36 5 12 11 1093 614 50 58
-0.000909769 36 10 12 11 1093 614 50 58
-0.000909655 36 15 12 11 1093 614 50 58
-0.000909693 36 20 12 11 1093 614 50 58
-0.000909657 36 25 12 11 1093 614 50 58
-0.000909707 36 30 12 11 1093 614 50 58
-0.000909738 36 35 12 11 1093 614 50 58
-0.000909762 36 40 12 11 1093 614 50 58
-0.000909762 0 0 12 11 1093 614 50 58
-0.000909814 0 5 12 11 1093 614 50 58
-0.000909811 0 10 12 11 1093 614 50 58
-0.000909777 0 15 12 11 1093 614 50 58
-0.000909705 0 20 12 11 1093 614 50 58
-0.000909696 0 25 12 11 1093 614 50 58
-0.000909717 0 30 12 11 1093 614 50 58
-0.0009098 0 35 12 11 1093 614 50 58
-0.000909827 0 40 12 11 1093 614 50 58
-0.000909791 6 0 12 11 1093 614 50 58
-0.000909827 6 5 12 11 1093 614 50 58
-0.000909824 6 10 12 11 1093 614 50 58
-0.000909786 6 15 12 11 1093 614 50 58
-0.000909244 6 20 12 11 1093 614 50 58
-0.000909623 6 25 12 11 1093 614 50 58
-0.000909376 6 30 12 11 1093 614 50 58
-0.000909711 6 35 12 11 1093 614 50 58
-0.000909804 6 40 12 11 1093 614 50 58
-0.000909815 12 0 12 11 1093 614 50 58
-0.000909736 12 5 12 11 1093 614 50 58
-0.000909826 12 10 12 11 1093 614 50 58
-0.000909798 12 15 12 11 1093 614 50 58
-0.000909763 12 20 12 11 1093 614 50 58
-0.000909738 12 25 12 11 1093 614 50 58
-0.000909707 12 30 12 11 1093 614 50 58
-0.000909354 12 35 12 11 1093 614 50 58
-0.00090974 12 40 12 11 1093 614 50 58
-0.000909538 18 0 12 11 1093 614 50 58
-0.00090887 18 5 12 11 1093 614 50 58
-0.000909738 18 10 12 11 1093 614 50 58
-0.000909796 18 15 12 11 1093 614 50 58
-0.000909722 18 20 12 11 1093 614 50 58
-0.000909652 18 25 12 11 1093 614 50 58
-0.000909745 18 30 12 11 1093 614 50 58
-0.000909672 18 35 12 11 1093 614 50 58
-0.000909633 18 40 12 11 1093 614 50 58
-0.000909749 24 0 12 11 1093 614 50 58
-0.000909647 24 5 12 11 1093 614 50 58
-0.000909782 24 10 12 11 1093 614 50 58
-0.000909812 24 15 12 11 1093 614 50 58
-0.000909743 24 20 12 11 1093 614 50 58
-0.000909764 24 25 12 11 1093 614 50 58
-0.000909781 24 30 12 11 1093 614 50 58
-0.000909747 24 35 12 11 1093 614 50 58
-0.000909759 24 40 12 11 1093 614 50 58
-0.000909827 30 0 12 11 1093 614 50 58
-0.000909827 30 5 12 11 1093 614 50 58
-0.000909815 30 10 12 11 1093 614 50 58
-0.000909788 30 15 12 11 1093 614 50 58
-0.000909748 30 20 12 11 1093 614 50 58
-0.000909746 30 25 12 11 1093 614 50 58
-0.000909745 30 30 12 11 1093 614 50 58
-0.000909753 30 35 12 11 1093 614 50 58
-0.000909658 30 40 12 11 1093 614 50 58
-0.000909736 36 0 12 11 1093 614 50 58
-0.00090976 36 5 12 11 1093 614 50 58
-0.000909759 36 10 12 11 1093 614 50 58
-0.000909618 36 15 12 11 1093 614 50 58
-0.000909003 36 20 12 11 1093 614 50 58
-0.000908978 36 25 12 11 1093 614 50 58
-0.000909068 36 30 12 11 1093 614 50 58
-0.000909724 36 35 12 11 1093 614 50 58
-0.000909653 36 40 12 11 1093 614 50 58
-0.000909794 0 0 12 11 1093 614 50 58
-0.000909633 0 5 12 11 1093 614 50 58
-0.00090981 0 10 12 11 1093 614 50 58
-0.000909798 0 15 12 11 1093 614 50 58
-0.000909683 0 20 12 11 1093 614 50 58
-0.000909815 0 25 12 11 1093 614 50 58
-0.000909717 0 30 12 11 1093 614 50 58
-0.000909797 0 35 12 11 1093 614 50 58
-0.000909817 0 40 12 11 1093 614 50 58
-0.000909802 6 0 12 11 1093 614 50 58
-0.00090981 6 5 12 11 1093 614 50 58
-0.000909645 6 10 12 11 1093 614 50 58
-0.000909812 6 15 12 11 1093 614 50 58
-0.000909777 6 20 12 11 1093 614 50 58
-0.000909815 6 25 12 11 1093 614 50 58
-0.000909822 6 30 12 11 1093 614 50 58
-0.000909799 6 35 12 11 1093 614 50 58
-0.000909801 6 40 12 11 1093 614 50 58
-0.000909642 12 0 12 11 1093 614 50 58
-0.000909741 12 5 12 11 1093 614 50 58
-0.000909755 12 10 12 11 1093 614 50 58
-0.00090959 12 15 12 11 1093 614 50 58
-0.000909684 12 20 12 11 1093 614 50 58
-0.000909803 12 25 12 11 1093 614 50 58
-0.000909814 12 30 12 11 1093 614 50 58
-0.000909689 12 35 12 11 1093 614 50 58
-0.000909746 12 40 12 11 1093 614 50 58
-0.000909742 18 0 12 11 1093 614 50 58
-0.00090968 18 5 12 11 1093 614 50 58
-0.000909385 18 10 12 11 1093 614 50 58
-0.000909631 18 15 12 11 1093 614 50 58
-0.00090972 18 20 12 11 1093 614 50 58
-0.000909789 18 25 12 11 1093 614 50 58
-0.000909821 18 30 12 11 1093 614 50 58
-0.000909795 18 35 12 11 1093 614 50 58
-0.000909799 18 40 12 11 1093 614 50 58
-0.000909355 24 0 12 11 1093 614 50 58
-0.000909662 24 5 12 11 1093 614 50 58
-0.000909604 24 10 12 11 1093 614 50 58
-0.000909576 24 15 12 11 1093 614 50 58
-0.000909697 24 20 12 11 1093 614 50 58
-0.000909602 24 25 12 11 1093 614 50 58
-0.000909686 24 30 12 11 1093 614 50 58
-0.000909785 24 35 12 11 1093 614 50 58
-0.000909804 24 40 12 11 1093 614 50 58
-0.000908701 30 0 12 11 1093 614 50 58
-0.000908585 30 5 12 11 1093 614 50 58
-0.000909142 30 10 12 11 1093 614 50 58
-0.000909599 30 15 12 11 1093 614 50 58
-0.000909755 30 20 12 11 1093 614 50 58
-0.000909735 30 25 12 11 1093 614 50 58
-0.000909516 30 30 12 11 1093 614 50 58
-0.000909797 30 35 12 11 1093 614 50 58
-0.000909808 30 40 12 11 1093 614 50 58
-0.000909366 36 0 12 11 1093 614 50 58
-0.000909462 36 5 12 11 1093 614 50 58
-0.000909741 36 10 12 11 1093 614 50 58
-0.000909686 36 15 12 11 1093 614 50 58
-0.000909577 36 20 12 11 1093 614 50 58
-0.000909317 36 25 12 11 1093 614 50 58
-0.000909436 36 30 12 11 1093 614 50 58
-0.00090974 36 35 12 11 1093 614 50 58
-0.000909815 36 40 12 11 1093 614 50 58
-0.000909627 0 0 12 11 1093 614 50 58
-0.000816352 0 5 12 11 1093 614 50 58
-0.000908127 0 10 12 11 1093 614 50 58
-0.000909302 0 15 12 11 1093 614 50 58
-0.000909149 0 20 12 11 1093 614 50 58
-0.000909553 0 25 12 11 1093 614 50 58
-0.000603635 0 30 12 11 1093 614 50 58
-0.000908773 0 35 12 11 1093 614 50 58
-0.000909077 0 40 12 11 1093 614 50 58
-0.000909815 6 0 12 11 1093 614 50 58
-0.000909639 6 5 12 11 1093 614 50 58
-0.000906656 6 10 12 11 1093 614 50 58
-0.000908965 6 15 12 11 1093 614 50 58
-0.000909206 6 20 12 11 1093 614 50 58
-0.000908441 6 25 12 11 1093 614 50 58
-0.000909564 6 30 12 11 1093 614 50 58
-0.000909656 6 35 12 11 1093 614 50 58
-0.000909649 6 40 12 11 1093 614 50 58
-0.000909803 12 0 12 11 1093 614 50 58
-0.000909673 12 5 12 11 1093 614 50 58
-0.000908663 12 10 12 11 1093 614 50 58
-0.000443311 12 15 12 11 1093 614 50 58
-0.000229192 12 20 12 11 1093 614 50 58
-0.00090911 12 25 12 11 1093 614 50 58
-0.000909808 12 30 12 11 1093 614 50 58
-0.000909737 12 35 12 11 1093 614 50 58
-0.000909798 12 40 12 11 1093 614 50 58
-0.000909591 18 0 12 11 1093 614 50 58
-0.000909693 18 5 12 11 1093 614 50 58
-0.000909729 18 10 12 11 1093 614 50 58
-0.000909386 18 15 12 11 1093 614 50 58
-0.000298998 18 20 12 11 1093 614 50 58
-0.00090928 18 25 12 11 1093 614 50 58
-0.000909809 18 30 12 11 1093 614 50 58
-0.000909623 18 35 12 11 1093 614 50 58
-0.000909805 18 40 12 11 1093 614 50 58
-0.000909811 24 0 12 11 1093 614 50 58
-0.000909745 24 5 12 11 1093 614 50 58
-0.000909808 24 10 12 11 1093 614 50 58
-0.000909804 24 15 12 11 1093 614 50 58
-0.000492148 24 20 12 11 1093 614 50 58
-0.000907861 24 25 12 11 1093 614 50 58
-0.00090972 24 30 12 11 1093 614 50 58
-0.000909642 24 35 12 11 1093 614 50 58
-0.000909749 24 40 12 11 1093 614 50 58
-0.000909802 30 0 12 11 1093 614 50 58
-0.000909603 30 5 12 11 1093 614 50 58
-0.000909809 30 10 12 11 1093 614 50 58
-0.00090981 30 15 12 11 1093 614 50 58
-0.000402157 30 20 12 11 1093 614 50 58
-0.000656728 30 25 12 11 1093 614 50 58
-0.00090947 30 30 12 11 1093 614 50 58
-0.000909651 30 35 12 11 1093 614 50 58
-0.000909633 30 40 12 11 1093 614 50 58
-0.000909797 36 0 12 11 1093 614 50 58
-0.000909812 36 5 12 11 1093 614 50 58
-0.000909815 36 10 12 11 1093 614 50 58
-0.000909596 36 15 12 11 1093 614 50 58
-0.000381852 36 20 12 11 1093 614 50 58
-0.000233454 36 25 12 11 1093 614 50 58
-0.000907122 36 30 12 11 1093 614 50 58
-0.000909137 36 35 12 11 1093 614 50 58
-0.00090962 36 40 12 11 1093 614 50 58
-0.000909763 0 0 12 11 1093 614 50 58
-0.000909637 0 5 12 11 1093 614 50 58
-0.000909773 0 10 12 11 1093 614 50 58
-0.000909757 0 15 12 11 1093 614 50 58
-0.000909717 0 20 12 11 1093 614 50 58
-0.000909667 0 25 12 11 1093 614 50 58
-0.000909815 0 30 12 11 1093 614 50 58
-0.00090981 0 35 12 11 1093 614 50 58
-0.00090981 0 40 12 11 1093 614 50 58
-0.000909686 6 0 12 11 1093 614 50 58
-0.000909304 6 5 12 11 1093 614 50 58
-0.000909725 6 10 12 11 1093 614 50 58
-0.000909677 6 15 12 11 1093 614 50 58
-0.000909715 6 20 12 11 1093 614 50 58
-0.000909568 6 25 12 11 1093 614 50 58
-0.000909824 6 30 12 11 1093 614 50 58
-0.000909727 6 35 12 11 1093 614 50 58
-0.000909116 6 40 12 11 1093 614 50 58
-0.000909777 12 0 12 11 1093 614 50 58
-0.000909807 12 5 12 11 1093 614 50 58
-0.000909751 12 10 12 11 1093 614 50 58
-0.00090962 12 15 12 11 1093 614 50 58
-0.000909146 12 20 12 11 1093 614 50 58
-0.000908943 12 25 12 11 1093 614 50 58
-0.000909819 12 30 12 11 1093 614 50 58
-0.000909777 12 35 12 11 1093 614 50 58
-0.000909686 12 40 12 11 1093 614 50 58
-0.000909684 18 0 12 11 1093 614 50 58
-0.000909797 18 5 12 11 1093 614 50 58
-0.000909812 18 10 12 11 1093 614 50 58
-0.000909673 18 15 12 11 1093 614 50 58
-0.000909192 18 20 12 11 1093 614 50 58
-0.000909548 18 25 12 11 1093 614 50 58
-0.000909809 18 30 12 11 1093 614 50 58
-0.0009098 18 35 12 11 1093 614 50 58
-0.000909721 18 40 12 11 1093 614 50 58
-0.00090977 24 0 12 11 1093 614 50 58
-0.000909557 24 5 12 11 1093 614 50 58
-0.000909808 24 10 12 11 1093 614 50 58
-0.000909808 24 15 12 11 1093 614 50 58
-0.000908485 24 20 12 11 1093 614 50 58
-0.000909743 24 25 12 11 1093 614 50 58
-0.00090981 24 30 12 11 1093 614 50 58
-0.000909747 24 35 12 11 1093 614 50 58
-0.00090959 24 40 12 11 1093 614 50 58
-0.000909792 30 0 12 11 1093 614 50 58
-0.000909677 30 5 12 11 1093 614 50 58
-0.000909803 30 10 12 11 1093 614 50 58
-0.00090982 30 15 12 11 1093 614 50 58
-0.000621657 30 20 12 11 1093 614 50 58
-0.00090959 30 25 12 11 1093 614 50 58
-0.000909807 30 30 12 11 1093 614 50 58
-0.000909782 30 35 12 11 1093 614 50 58
-0.000909782 30 40 12 11 1093 614 50 58
-0.000909711 36 0 12 11 1093 614 50 58
-0.000909789 36 5 12 11 1093 614 50 58
-0.000909812 36 10 12 11 1093 614 50 58
-0.000909775 36 15 12 11 1093 614 50 58
-0.000907154 36 20 12 11 1093 614 50 58
-0.000908111 36 25 12 11 1093 614 50 58
-0.000909698 36 30 12 11 1093 614 50 58
-0.000909799 36 35 12 11 1093 614 50 58
-0.000909771 36 40 12 11 1093 614 50 58
-0.000909745 0 0 12 11 1093 614 50 58
-0.000909332 0 5 12 11 1093 614 50 58
-0.000909534 0 10 12 11 1093 614 50 58
-0.000909758 0 15 12 11 1093 614 50 58
-0.000909802 0 20 12 11 1093 614 50 58
-0.000909802 0 25 12 11 1093 614 50 58
-0.000909742 0 30 12 11 1093 614 50 58
-0.000909581 0 35 12 11 1093 614 50 58
-0.000909761 0 40 12 11 1093 614 50 58
-0.000909803 6 0 12 11 1093 614 50 58
-0.000909698 6 5 12 11 1093 614 50 58
-0.000909316 6 10 12 11 1093 614 50 58
-0.000909689 6 15 12 11 1093 614 50 58
-0.000909773 6 20 12 11 1093 614 50 58
-0.000909786 6 25 12 11 1093 614 50 58
-0.00090971 6 30 12 11 1093 614 50 58
-0.000909611 6 35 12 11 1093 614 50 58
-0.000909739 6 40 12 11 1093 614 50 58
-0.000909808 12 0 12 11 1093 614 50 58
-0.000909762 12 5 12 11 1093 614 50 58
-0.000909797 12 10 12 11 1093 614 50 58
-0.000909809 12 15 12 11 1093 614 50 58
-0.000909814 12 20 12 11 1093 614 50 58
-0.000909784 12 25 12 11 1093 614 50 58
-0.000909788 12 30 12 11 1093 614 50 58
-0.000909784 12 35 12 11 1093 614 50 58
-0.000909781 12 40 12 11 1093 614 50 58
-0.000909639 18 0 12 11 1093 614 50 58
-0.000909781 18 5 12 11 1093 614 50 58
-0.000909821 18 10 12 11 1093 614 50 58
-0.000909698 18 15 12 11 1093 614 50 58
-0.000909655 18 20 12 11 1093 614 50 58
-0.000909748 18 25 12 11 1093 614 50 58
-0.00090979 18 30 12 11 1093 614 50 58
-0.000909775 18 35 12 11 1093 614 50 58
-0.000909425 18 40 12 11 1093 614 50 58
-0.000909811 24 0 12 11 1093 614 50 58
-0.000909816 24 5 12 11 1093 614 50 58
-0.000909818 24 10 12 11 1093 614 50 58
-0.000909719 24 15 12 11 1093 614 50 58
-0.000909676 24 20 12 11 1093 614 50 58
-0.000909784 24 25 12 11 1093 614 50 58
-0.000909788 24 30 12 11 1093 614 50 58
-0.000909797 24 35 12 11 1093 614 50 58
-0.000909762 24 40 12 11 1093 614 50 58
-0.000909801 30 0 12 11 1093 614 50 58
-0.000909817 30 5 12 11 1093 614 50 58
-0.000909811 30 10 12 11 1093 614 50 58
-0.000909777 30 15 12 11 1093 614 50 58
-0.000909715 30 20 12 11 1093 614 50 58
-0.000909628 30 25 12 11 1093 614 50 58
-0.000909593 30 30 12 11 1093 614 50 58
-0.00090979 30 35 12 11 1093 614 50 58
-0.000909682 30 40 12 11 1093 614 50 58
-0.000909681 36 0 12 11 1093 614 50 58
-0.000909747 36 5 12 11 1093 614 50 58
-0.000909723 36 10 12 11 1093 614 50 58
-0.000909781 36 15 12 11 1093 614 50 58
-0.000909812 36 20 12 11 1093 614 50 58
-0.000909796 36 25 12 11 1093 614 50 58
-0.00090961 36 30 12 11 1093 614 50 58
-0.000909797 36 35 12 11 1093 614 50 58
-0.000909587 36 40 12 11 1093 614 50 58
-0.000908962 0 0 16 16 1093 614 50 58
-0.000909651 0 8 16 16 1093 614 50 58
-0.000909347 0 16 16 16 1093 614 50 58
-0.000909112 0 24 16 16 1093 614 50 58
-0.000909621 0 32 16 16 1093 614 50 58
-0.000909805 0 40 16 16 1093 614 50 58
-0.000909609 8 0 16 16 1093 614 50 58
-0.000909418 8 8 16 16 1093 614 50 58
-0.000909624 8 16 16 16 1093 614 50 58
-0.000909776 8 24 16 16 1093 614 50 58
-0.000908152 8 32 16 16 1093 614 50 58
-0.000909727 8 40 16 16 1093 614 50 58
-0.00090949 16 0 16 16 1093 614 50 58
-0.000909707 16 8 16 16 1093 614 50 58
-0.00090937 16 16 16 16 1093 614 50 58
-0.000909816 16 24 16 16 1093 614 50 58
-0.000909576 16 32 16 16 1093 614 50 58
-0.000909553 16 40 16 16 1093 614 50 58
-0.000909145 24 0 16 16 1093 614 50 58
-0.00090968 24 8 16 16 1093 614 50 58
-0.0009097 24 16 16 16 1093 614 50 58
-0.000909771 24 24 16 16 1093 614 50 58
-0.000909682 24 32 16 16 1093 614 50 58
-0.000909006 24 40 16 16 1093 614 50 58
-0.000909259 32 0 16 16 1093 614 50 58
-0.000907741 32 8 16 16 1093 614 50 58
-0.000909386 32 16 16 16 1093 614 50 58
-0.000909246 32 24 16 16 1093 614 50 58
-0.000908717 32 32 16 16 1093 614 50 58
-0.000909394 32 40 16 16 1093 614 50 58
-0.000909705 0 0 16 16 1093 614 50 58
-0.000909713 0 8 16 16 1093 614 50 58
-0.000909722 0 16 16 16 1093 614 50 58
-0.000909788 0 24 16 16 1093 614 50 58
-0.000909796 0 32 16 16 1093 614 50 58
-0.000909387 0 40 16 16 1093 614 50 58
-0.000909327 8 0 16 16 1093 614 50 58
-0.000909471 8 8 16 16 1093 614 50 58
-0.000909585 8 16 16 16 1093 614 50 58
-0.000909585 8 24 16 16 1093 614 50 58
-0.000909826 8 32 16 16 1093 614 50 58
-0.000909585 8 40 16 16 1093 614 50 58
-0.000909686 16 0 16 16 1093 614 50 58
-0.000716221 16 8 16 16 1093 614 50 58
-0.000231481 16 16 16 16 1093 614 50 58
-0.000909173 16 24 16 16 1093 614 50 58
-0.000909823 16 32 16 16 1093 614 50 58
-0.000909683 16 40 16 16 1093 614 50 58
-0.000909785 24 0 16 16 1093 614 50 58
-0.000909469 24 8 16 16 1093 614 50 58
-0.000908258 24 16 16 16 1093 614 50 58
-0.000909448 24 24 16 16 1093 614 50 58
-0.000909723 24 32 16 16 1093 614 50 58
-0.000909794 24 40 16 16 1093 614 50 58
-0.000909728 32 0 16 16 1093 614 50 58
-0.000909643 32 8 16 16 1093 614 50 58
-0.000909757 32 16 16 16 1093 614 50 58
-0.0009098 32 24 16 16 1093 614 50 58
-0.000909786 32 32 16 16 1093 614 50 58
-0.00090974 32 40 16 16 1093 614 50 58
-0.000909613 0 0 16 16 1093 614 50 58
-0.000841049 0 8 16 16 1093 614 50 58
-0.000908582 0 16 16 16 1093 614 50 58
-0.000909525 0 24 16 16 1093 614 50 58
-0.000909752 0 32 16 16 1093 614 50 58
-0.000909764 0 40 16 16 1093 614 50 58
-0.000909658 8 0 16 16 1093 614 50 58
-0.000908314 8 8 16 16 1093 614 50 58
-0.000907273 8 16 16 16 1093 614 50 58
-0.000908996 8 24 16 16 1093 614 50 58
-0.000909572 8 32 16 16 1093 614 50 58
-0.000909785 8 40 16 16 1093 614 50 58
-0.000909667 16 0 16 16 1093 614 50 58
-0.000908587 16 8 16 16 1093 614 50 58
-0.000482633 16 16 16 16 1093 614 50 58
-0.000639336 16 24 16 16 1093 614 50 58
-0.00090849 16 32 16 16 1093 614 50 58
-0.000909737 16 40 16 16 1093 614 50 58
-0.000909609 24 0 16 16 1093 614 50 58
-0.000908118 24 8 16 16 1093 614 50 58
-0.000391448 24 16 16 16 1093 614 50 58
-0.000340904 24 24 16 16 1093 614 50 58
-0.000908811 24 32 16 16 1093 614 50 58
-0.000909749 24 40 16 16 1093 614 50 58
-0.000909449 32 0 16 16 1093 614 50 58
-0.000908569 32 8 16 16 1093 614 50 58
-0.000907438 32 16 16 16 1093 614 50 58
-0.000782891 32 24 16 16 1093 614 50 58
-0.000909294 32 32 16 16 1093 614 50 58
-0.00090976 32 40 16 16 1093 614 50 58
-0.000909608 0 0 16 16 1093 614 50 58
-0.000908322 0 8 16 16 1093 614 50 58
-0.000909278 0 16 16 16 1093 614 50 58
-0.000909697 0 24 16 16 1093 614 50 58
-0.0009098 0 32 16 16 1093 614 50 58
-0.000909796 0 40 16 16 1093 614 50 58
-0.000909373 8 0 16 16 1093 614 50 58
-0.000501539 8 8 16 16 1093 614 50 58
-0.000907105 8 16 16 16 1093 614 50 58
-0.00090905 8 24 16 16 1093 614 50 58
-0.000909705 8 32 16 16 1093 614 50 58
-0.00090982 8 40 16 16 1093 614 50 58
-0.000909528 16 0 16 16 1093 614 50 58
-0.000898471 16 8 16 16 1093 614 50 58
-0.000510779 16 16 16 16 1093 614 50 58
-0.000585694 16 24 16 16 1093 614 50 58
-0.000909555 16 32 16 16 1093 614 50 58
-0.000909801 16 40 16 16 1093 614 50 58
-0.000909706 24 0 16 16 1093 614 50 58
-0.000908825 24 8 16 16 1093 614 50 58
-0.000309242 24 16 16 16 1093 614 50 58
-0.000576525 24 24 16 16 1093 614 50 58
-0.000909418 24 32 16 16 1093 614 50 58
-0.000909768 24 40 16 16 1093 614 50 58
-0.000909653 32 0 16 16 1093 614 50 58
-0.000909039 32 8 16 16 1093 614 50 58
-0.000909289 32 16 16 16 1093 614 50 58
-0.000909468 32 24 16 16 1093 614 50 58
-0.000909601 32 32 16 16 1093 614 50 58
-0.000909761 32 40 16 16 1093 614 50 58
-0.000909802 0 0 16 16 1093 614 50 58
-0.000909211 0 8 16 16 1093 614 50 58
-0.000909675 0 16 16 16 1093 614 50 58
-0.000909517 0 24 16 16 1093 614 50 58
-0.000909707 0 32 16 16 1093 614 50 58
-0.00090982 0 40 16 16 1093 614 50 58
-0.000909817 8 0 16 16 1093 614 50 58
-0.000909749 8 8 16 16 1093 614 50 58
-0.000909634 8 16 16 16 1093 614 50 58
-0.000909096 8 24 16 16 1093 614 50 58
-0.00090976 8 32 16 16 1093 614 50 58
-0.000909824 8 40 16 16 1093 614 50 58
-0.000907823 16 0 16 16 1093 614 50 58
-0.000909785 16 8 16 16 1093 614 50 58
-0.000909826 16 16 16 16 1093 614 50 58
-0.000909804 16 24 16 16 1093 614 50 58
-0.000909583 16 32 16 16 1093 614 50 58
-0.000909637 16 40 16 16 1093 614 50 58
-0.000909533 24 0 16 16 1093 614 50 58
-0.000909815 24 8 16 16 1093 614 50 58
-0.000909827 24 16 16 16 1093 614 50 58
-0.000909811 24 24 16 16 1093 614 50 58
-0.000909545 24 32 16 16 1093 614 50 58
-0.000909684 24 40 16 16 1093 614 50 58
-0.000909816 32 0 16 16 1093 614 50 58
-0.000909774 32 8 16 16 1093 614 50 58
-0.000909694 32 16 16 16 1093 614 50 58
-0.000909681 32 24 16 16 1093 614 50 58
-0.000909736 32 32 16 16 1093 614 50 58
-0.000909758 32 40 16 16 1093 614 50 58
-0.000909727 0 0 16 16 1093 614 50 58
-0.000909795 0 8 16 16 1093 614 50 58
-0.000909681 0 16 16 16 1093 614 50 58
-0.000909563 0 24 16 16 1093 614 50 58
-0.000909719 0 32 16 16 1093 614 50 58
-0.000909825 0 40 16 16 1093 614 50 58
-0.000909802 8 0 16 16 1093 614 50 58
-0.000909811 8 8 16 16 1093 614 50 58
-0.000909592 8 16 16 16 1093 614 50 58
-0.000909124 8 24 16 16 1093 614 50 58
-0.000909076 8 32 16 16 1093 614 50 58
-0.000909783 8 40 16 16 1093 614 50 58
-0.000908162 16 0 16 16 1093 614 50 58
-0.000909816 16 8 16 16 1093 614 50 58
-0.000909744 16 16 16 16 1093 614 50 58
-0.000909684 16 24 16 16 1093 614 50 58
-0.000909488 16 32 16 16 1093 614 50 58
-0.000909381 16 40 16 16 1093 614 50 58
-0.000909799 24 0 16 16 1093 614 50 58
-0.00090982 24 8 16 16 1093 614 50 58
-0.000909774 24 16 16 16 1093 614 50 58
-0.000909749 24 24 16 16 1093 614 50 58
-0.000909681 24 32 16 16 1093 614 50 58
-0.000909373 24 40 16 16 1093 614 50 58
-0.00090974 32 0 16 16 1093 614 50 58
-0.000909739 32 8 16 16 1093 614 50 58
-0.000908991 32 16 16 16 1093 614 50 58
-0.000865523 32 24 16 16 1093 614 50 58
-0.000908351 32 32 16 16 1093 614 50 58
-0.000909496 32 40 16 16 1093 614 50 58
-0.000909778 0 0 16 16 1093 614 50 58
-0.000909783 0 8 16 16 1093 614 50 58
-0.000909746 0 16 16 16 1093 614 50 58
-0.000909761 0 24 16 16 1093 614 50 58
-0.000909822 0 32 16 16 1093 614 50 58
-0.000909826 0 40 16 16 1093 614 50 58
-0.000909689 8 0 16 16 1093 614 50 58
-0.000909345 8 8 16 16 1093 614 50 58
-0.000909706 8 16 16 16 1093 614 50 58
-0.000909822 8 24 16 16 1093 614 50 58
-0.000909281 8 32 16 16 1093 614 50 58
-0.000909765 8 40 16 16 1093 614 50 58
-0.000909637 16 0 16 16 1093 614 50 58
-0.000909056 16 8 16 16 1093 614 50 58
-0.000909621 16 16 16 16 1093 614 50 58
-0.000909821 16 24 16 16 1093 614 50 58
-0.000909695 16 32 16 16 1093 614 50 58
-0.000909727 16 40 16 16 1093 614 50 58
-0.000909237 24 0 16 16 1093 614 50 58
-0.000909564 24 8 16 16 1093 614 50 58
-0.000908849 24 16 16 16 1093 614 50 58
-0.000909192 24 24 16 16 1093 614 50 58
-0.000909782 24 32 16 16 1093 614 50 58
-0.000909684 24 40 16 16 1093 614 50 58
-0.000908985 32 0 16 16 1093 614 50 58
-0.0009089 32 8 16 16 1093 614 50 58
-0.000909657 32 16 16 16 1093 614 50 58
-0.000909518 32 24 16 16 1093 614 50 58
-0.000909802 32 32 16 16 1093 614 50 58
-0.000909653 32 40 16 16 1093 614 50 58
-0.000909723 0 0 16 16 1093 614 50 58
-0.00077444 0 8 16 16 1093 614 50 58
-0.000791279 0 16 16 16 1093 614 50 58
-0.000908002 0 24 16 16 1093 614 50 58
-0.000908955 0 32 16 16 1093 614 50 58
-0.00090863 0 40 16 16 1093 614 50 58
-0.000909776 8 0 16 16 1093 614 50 58
-0.000907606 8 8 16 16 1093 614 50 58
-0.000741153 8 16 16 16 1093 614 50 58
-0.00090972 8 24 16 16 1093 614 50 58
-0.000909484 8 32 16 16 1093 614 50 58
-0.000909725 8 40 16 16 1093 614 50 58
-0.000909599 16 0 16 16 1093 614 50 58
-0.000909731 16 8 16 16 1093 614 50 58
-0.000909121 16 16 16 16 1093 614 50 58
-0.000909777 16 24 16 16 1093 614 50 58
-0.000908503 16 32 16 16 1093 614 50 58
-0.000909768 16 40 16 16 1093 614 50 58
-0.000909583 24 0 16 16 1093 614 50 58
-0.00090973 24 8 16 16 1093 614 50 58
-0.000909695 24 16 16 16 1093 614 50 58
-0.00090954 24 24 16 16 1093 614 50 58
-0.000909537 24 32 16 16 1093 614 50 58
-0.000909472 24 40 16 16 1093 614 50 58
-0.000909761 32 0 16 16 1093 614 50 58
-0.000909794 32 8 16 16 1093 614 50 58
-0.000909574 32 16 16 16 1093 614 50 58
-0.000908556 32 24 16 16 1093 614 50 58
-0.000909453 32 32 16 16 1093 614 50 58
-0.000909633 32 40 16 16 1093 614 50 58
-0.000909479 0 0 16 16 1093 614 50 58
-0.000909738 0 8 16 16 1093 614 50 58
-0.000909713 0 16 16 16 1093 614 50 58
-0.000909797 0 24 16 16 1093 614 50 58
-0.000909702 0 32 16 16 1093 614 50 58
-0.000909756 0 40 16 16 1093 614 50 58
-0.000909745 8 0 16 16 1093 614 50 58
-0.000909784 8 8 16 16 1093 614 50 58
-0.000909721 8 16 16 16 1093 614 50 58
-0.000909809 8 24 16 16 1093 614 50 58
-0.00090969 8 32 16 16 1093 614 50 58
-0.000909382 8 40 16 16 1093 614 50 58
-0.000909676 16 0 16 16 1093 614 50 58
-0.000909799 16 8 16 16 1093 614 50 58
-0.000909532 16 16 16 16 1093 614 50 58
-0.000909781 16 24 16 16 1093 614 50 58
-0.000909771 16 32 16 16 1093 614 50 58
-0.000909134 16 40 16 16 1093 614 50 58
-0.000909476 24 0 16 16 1093 614 50 58
-0.000909772 24 8 16 16 1093 614 50 58
-0.000909704 24 16 16 16 1093 614 50 58
-0.000909802 24 24 16 16 1093 614 50 58
-0.000909743 24 32 16 16 1093 614 50 58
-0.000909646 24 40 16 16 1093 614 50 58
-0.00090965 32 0 16 16 1093 614 50 58
-0.000909771 32 8 16 16 1093 614 50 58
-0.000909613 32 16 16 16 1093 614 50 58
-0.000909721 32 24 16 16 1093 614 50 58
-0.000909789 32 32 16 16 1093 614 50 58
-0.000909781 32 40 16 16 1093 614 50 58
-0.000909689 0 0 16 16 1093 614 50 58
-0.000909357 0 8 16 16 1093 614 50 58
-0.00090971 0 16 16 16 1093 614 50 58
-0.000909729 0 24 16 16 1093 614 50 58
-0.000908142 0 32 16 16 1093 614 50 58
-0.000909738 0 40 16 16 1093 614 50 58
-0.000909684 8 0 16 16 1093 614 50 58
-0.000909603 8 8 16 16 1093 614 50 58
-0.000909711 8 16 16 16 1093 614 50 58
-0.000909766 8 24 16 16 1093 614 50 58
-0.00090956 8 32 16 16 1093 614 50 58
-0.000909477 8 40 16 16 1093 614 50 58
-0.000909506 16 0 16 16 1093 614 50 58
-0.000909816 16 8 16 16 1093 614 50 58
-0.000909791 16 16 16 16 1093 614 50 58
-0.000909782 16 24 16 16 1093 614 50 58
-0.000909699 16 32 16 16 1093 614 50 58
-0.000908421 16 40 16 16 1093 614 50 58
-0.000909801 24 0 16 16 1093 614 50 58
-0.000909804 24 8 16 16 1093 614 50 58
-0.00090969 24 16 16 16 1093 614 50 58
-0.000909777 24 24 16 16 1093 614 50 58
-0.000909735 24 32 16 16 1093 614 50 58
-0.000909506 24 40 16 16 1093 614 50 58
-0.00090973 32 0 16 16 1093 614 50 58
-0.000909766 32 8 16 16 1093 614 50 58
-0.000909804 32 16 16 16 1093 614 50 58
-0.000909791 32 24 16 16 1093 614 50 58
-0.000909599 32 32 16 16 1093 614 50 58
-0.000909168 32 40 16 16 1093 614 50 58
-0.000909255 0 0 20 23 1093 614 50 58
-0.000909565 0 11 20 23 1093 614 50 58
-0.00090879 0 22 20 23 1093 614 50 58
-0.00090955 0 33 20 23 1093 614 50 58
-0.000909456 10 0 20 23 1093 614 50 58
-0.000909649 10 11 20 23 1093 614 50 58
-0.000909713 10 22 20 23 1093 614 50 58
-0.000630535 10 33 20 23 1093 614 50 58
-0.000908735 20 0 20 23 1093 614 50 58
-0.000909697 20 11 20 23 1093 614 50 58
-0.00090974 20 22 20 23 1093 614 50 58
-0.000908199 20 33 20 23 1093 614 50 58
-0.000529663 30 0 20 23 1093 614 50 58
-0.000908684 30 11 20 23 1093 614 50 58
-0.000908661 30 22 20 23 1093 614 50 58
-0.00090907 30 33 20 23 1093 614 50 58
-0.000909537 0 0 20 23 1093 614 50 58
-0.000909613 0 11 20 23 1093 614 50 58
-0.000909783 0 22 20 23 1093 614 50 58
-0.000909604 0 33 20 23 1093 614 50 58
-0.000909105 10 0 20 23 1093 614 50 58
-0.000908496 10 11 20 23 1093 614 50 58
-0.000909755 10 22 20 23 1093 614 50 58
-0.000909749 10 33 20 23 1093 614 50 58
-0.000909641 20 0 20 23 1093 614 50 58
-0.000907834 20 11 20 23 1093 614 50 58
-0.000909654 20 22 20 23 1093 614 50 58
-0.000909782 20 33 20 23 1093 614 50 58
-0.000909583 30 0 20 23 1093 614 50 58
-0.000909729 30 11 20 23 1093 614 50 58
-0.000909793 30 22 20 23 1093 614 50 58
-0.000909738 30 33 20 23 1093 614 50 58
-0.000909292 0 0 20 23 1093 614 50 58
-0.000908221 0 11 20 23 1093 614 50 58
-0.000909542 0 22 20 23 1093 614 50 58
-0.000909765 0 33 20 23 1093 614 50 58
-0.000909401 10 0 20 23 1093 614 50 58
-0.000849223 10 11 20 23 1093 614 50 58
-0.000908552 10 22 20 23 1093 614 50 58
-0.000909636 10 33 20 23 1093 614 50 58
-0.000909363 20 0 20 23 1093 614 50 58
-0.000422966 20 11 20 23 1093 614 50 58
-0.000463225 20 22 20 23 1093 614 50 58
-0.000909529 20 33 20 23 1093 614 50 58
-0.000909177 30 0 20 23 1093 614 50 58
-0.000907487 30 11 20 23 1093 614 50 58
-0.000908268 30 22 20 23 1093 614 50 58
-0.000909577 30 33 20 23 1093 614 50 58
-0.000909136 0 0 20 23 1093 614 50 58
-0.00090862 0 11 20 23 1093 614 50 58
-0.000909648 0 22 20 23 1093 614 50 58
-0.000909801 0 33 20 23 1093 614 50 58
-0.000908959 10 0 20 23 1093 614 50 58
-0.000674052 10 11 20 23 1093 614 50 58
-0.000909006 10 22 20 23 1093 614 50 58
-0.000909724 10 33 20 23 1093 614 50 58
-0.000909377 20 0 20 23 1093 614 50 58
-0.000665422 20 11 20 23 1093 614 50 58
-0.000907602 20 22 20 23 1093 614 50 58
-0.000909615 20 33 20 23 1093 614 50 58
-0.000909335 30 0 20 23 1093 614 50 58
-0.000909272 30 11 20 23 1093 614 50 58
-0.00090951 30 22 20 23 1093 614 50 58
-0.000909679 30 33 20 23 1093 614 50 58
-0.000909718 0 0 20 23 1093 614 50 58
-0.000909514 0 11 20 23 1093 614 50 58
-0.000908704 0 22 20 23 1093 614 50 58
-0.000909784 0 33 20 23 1093 614 50 58
-0.000909819 10 0 20 23 1093 614 50 58
-0.000909757 10 11 20 23 1093 614 50 58
-0.000909618 10 22 20 23 1093 614 50 58
-0.000909716 10 33 20 23 1093 614 50 58
-0.00090978 20 0 20 23 1093 614 50 58
-0.000909827 20 11 20 23 1093 614 50 58
-0.000909792 20 22 20 23 1093 614 50 58
-0.000909641 20 33 20 23 1093 614 50 58
-0.000909784 30 0 20 23 1093 614 50 58
-0.000909685 30 11 20 23 1093 614 50 58
-0.000909544 30 22 20 23 1093 614 50 58
-0.00090967 30 33 20 23 1093 614 50 58
-0.000909803 0 0 20 23 1093 614 50 58
-0.000909709 0 11 20 23 1093 614 50 58
-0.000909419 0 22 20 23 1093 614 50 58
-0.000909722 0 33 20 23 1093 614 50 58
-0.00090982 10 0 20 23 1093 614 50 58
-0.000909692 10 11 20 23 1093 614 50 58
-0.000909237 10 22 20 23 1093 614 50 58
-0.000908834 10 33 20 23 1093 614 50 58
-0.000909821 20 0 20 23 1093 614 50 58
-0.000909783 20 11 20 23 1093 614 50 58
-0.000909665 20 22 20 23 1093 614 50 58
-0.000909342 20 33 20 23 1093 614 50 58
-0.000909658 30 0 20 23 1093 614 50 58
-0.000909266 30 11 20 23 1093 614 50 58
-0.000908466 30 22 20 23 1093 614 50 58
-0.000908851 30 33 20 23 1093 614 50 58
-0.000909173 0 0 20 23 1093 614 50 58
-0.000909519 0 11 20 23 1093 614 50 58
-0.00090971 0 22 20 23 1093 614 50 58
-0.00090978 0 33 20 23 1093 614 50 58
-0.000909241 10 0 20 23 1093 614 50 58
-0.000909336 10 11 20 23 1093 614 50 58
-0.00090975 10 22 20 23 1093 614 50 58
-0.000908383 10 33 20 23 1093 614 50 58
-0.000909242 20 0 20 23 1093 614 50 58
-0.000908757 20 11 20 23 1093 614 50 58
-0.000909782 20 22 20 23 1093 614 50 58
-0.000909626 20 33 20 23 1093 614 50 58
-0.000857358 30 0 20 23 1093 614 50 58
-0.000909482 30 11 20 23 1093 614 50 58
-0.000909557 30 22 20 23 1093 614 50 58
-0.000909634 30 33 20 23 1093 614 50 58
-0.000909578 0 0 20 23 1093 614 50 58
-0.000557948 0 11 20 23 1093 614 50 58
-0.000909079 0 22 20 23 1093 614 50 58
-0.000909188 0 33 20 23 1093 614 50 58
-0.000909703 10 0 20 23 1093 614 50 58
-0.000908983 10 11 20 23 1093 614 50 58
-0.000909578 10 22 20 23 1093 614 50 58
-0.000908831 10 33 20 23 1093 614 50 58
-0.000908622 20 0 20 23 1093 614 50 58
-0.000909757 20 11 20 23 1093 614 50 58
-0.00090955 20 22 20 23 1093 614 50 58
-0.000909393 20 33 20 23 1093 614 50 58
-0.000909634 30 0 20 23 1093 614 50 58
-0.000909765 30 11 20 23 1093 614 50 58
-0.00090875 30 22 20 23 1093 614 50 58
-0.00090942 30 33 20 23 1093 614 50 58
-0.000909447 0 0 20 23 1093 614 50 58
-0.00090977 0 11 20 23 1093 614 50 58
-0.000909672 0 22 20 23 1093 614 50 58
-0.000909522 0 33 20 23 1093 614 50 58
-0.000909717 10 0 20 23 1093 614 50 58
-0.000909749 10 11 20 23 1093 614 50 58
-0.000909795 10 22 20 23 1093 614 50 58
-0.000909268 10 33 20 23 1093 614 50 58
-0.000909634 20 0 20 23 1093 614 50 58
-0.000909796 20 11 20 23 1093 614 50 58
-0.000909778 20 22 20 23 1093 614 50 58
-0.000908238 20 33 20 23 1093 614 50 58
-0.000909678 30 0 20 23 1093 614 50 58
-0.000909766 30 11 20 23 1093 614 50 58
-0.000909714 30 22 20 23 1093 614 50 58
-0.000909787 30 33 20 23 1093 614 50 58
-0.000909405 0 0 20 23 1093 614 50 58
-0.000909287 0 11 20 23 1093 614 50 58
-0.000907652 0 22 20 23 1093 614 50 58
-0.000907658 0 33 20 23 1093 614 50 58
-0.000909667 10 0 20 23 1093 614 50 58
-0.000909768 10 11 20 23 1093 614 50 58
-0.00090977 10 22 20 23 1093 614 50 58
-0.000909569 10 33 20 23 1093 614 50 58
-0.000909572 20 0 20 23 1093 614 50 58
-0.000909688 20 11 20 23 1093 614 50 58
-0.000909794 20 22 20 23 1093 614 50 58
-0.000908006 20 33 20 23 1093 614 50 58
-0.00090974 30 0 20 23 1093 614 50 58
-0.000909768 30 11 20 23 1093 614 50 58
-0.000909745 30 22 20 23 1093 614 50 58
-0.000909378 30 33 20 23 1093 614 50 58
-0.000908851 0 0 33 38 1093 614 50 58
-0.000594734 0 19 33 38 1093 614 50 58
-0.000908484 16 0 33 38 1093 614 50 58
-0.000907092 16 19 33 38 1093 614 50 58
-0.000908877 0 0 33 38 1093 614 50 58
-0.000909695 0 19 33 38 1093 614 50 58
-0.000909484 16 0 33 38 1093 614 50 58
-0.000909774 16 19 33 38 1093 614 50 58
-0.000908098 0 0 33 38 1093 614 50 58
-0.000909231 0 19 33 38 1093 614 50 58
-0.000908061 16 0 33 38 1093 614 50 58
-0.000908712 16 19 33 38 1093 614 50 58
-0.000908179 0 0 33 38 1093 614 50 58
-0.00090946 0 19 33 38 1093 614 50 58
-0.000908382 16 0 33 38 1093 614 50 58
-0.000909208 16 19 33 38 1093 614 50 58
-0.000909558 0 0 33 38 1093 614 50 58
-0.000908528 0 19 33 38 1093 614 50 58
-0.000909586 16 0 33 38 1093 614 50 58
-0.000909223 16 19 33 38 1093 614 50 58
-0.000909622 0 0 33 38 1093 614 50 58
-0.000908638 0 19 33 38 1093 614 50 58
-0.000909181 16 0 33 38 1093 614 50 58
-0.000832835 16 19 33 38 1093 614 50 58
-0.00090933 0 0 33 38 1093 614 50 58
-0.000907626 0 19 33 38 1093 614 50 58
-0.000909349 16 0 33 38 1093 614 50 58
-0.000909504 16 19 33 38 1093 614 50 58
-0.000909181 0 0 33 38 1093 614 50 58
-0.000699456 0 19 33 38 1093 614 50 58
-0.000908334 16 0 33 38 1093 614 50 58
-0.000906797 16 19 33 38 1093 614 50 58
-0.0009093 0 0 33 38 1093 614 50 58
-0.00090829 0 19 33 38 1093 614 50 58
-0.000909428 16 0 33 38 1093 614 50 58
-0.000909541 16 19 33 38 1093 614 50 58
-0.000909355 0 0 33 38 1093 614 50 58
-0.000906787 0 19 33 38 1093 614 50 58
-0.000909351 16 0 33 38 1093 614 50 58
-0.000907787 16 19 33 38 1093 614 50 58
-0.00043308 0 0 50 58 1093 614 50 58
-0.000909598 0 0 50 58 1093 614 50 58
-0.00090731 0 0 50 58 1093 614 50 58
-0.000908318 0 0 50 58 1093 614 50 58
-0.000908991 0 0 50 58 1093 614 50 58
-0.000539241 0 0 50 58 1093 614 50 58
-0.000824614 0 0 50 58 1093 614 50 58
-0.000749444 0 0 50 58 1093 614 50 58
-0.00090868 0 0 50 58 1093 614 50 58
-0.000351433 0 0 50 58 1093 614 50 58
