-0.00337055 0 0 27 26 735 217 81 171
-0.00336922 0 13 27 26 735 217 81 171
-0.00337057 0 26 27 26 735 217 81 171
-0.00337058 0 39 27 26 735 217 81 171
-0.00336901 0 52 27 26 735 217 81 171
-0.00337042 0 65 27 26 735 217 81 171
-0.00337059 0 78 27 26 735 217 81 171
-0.00336903 0 91 27 26 735 217 81 171
-0.00336647 0 104 27 26 735 217 81 171
-0.0033672 0 117 27 26 735 217 81 171
-0.0033697 0 130 27 26 735 217 81 171
-0.00336956 0 143 27 26 735 217 81 171
-0.00336905 13 0 27 26 735 217 81 171
-0.00336897 13 13 27 26 735 217 81 171
-0.00336975 13 26 27 26 735 217 81 171
-0.0033698 13 39 27 26 735 217 81 171
-0.00336391 13 52 27 26 735 217 81 171
-0.00336829 13 65 27 26 735 217 81 171
-0.00337011 13 78 27 26 735 217 81 171
-0.00337014 13 91 27 26 735 217 81 171
-0.00336698 13 104 27 26 735 217 81 171
-0.00336609 13 117 27 26 735 217 81 171
-0.00337033 13 130 27 26 735 217 81 171
-0.00337 13 143 27 26 735 217 81 171
-0.00335963 26 0 27 26 735 217 81 171
-0.00336801 26 13 27 26 735 217 81 171
-0.0033679 26 26 27 26 735 217 81 171
-0.00336721 26 39 27 26 735 217 81 171
-0.00336638 26 52 27 26 735 217 81 171
-0.00289548 26 65 27 26 735 217 81 171
-0.0033655 26 78 27 26 735 217 81 171
-0.00336812 26 91 27 26 735 217 81 171
-0.00336995 26 104 27 26 735 217 81 171
-0.0033692 26 117 27 26 735 217 81 171
-0.00337059 26 130 27 26 735 217 81 171
-0.00336995 26 143 27 26 735 217 81 171
-0.00336901 39 0 27 26 735 217 81 171
-0.00336915 39 13 27 26 735 217 81 171
-0.00336979 39 26 27 26 735 217 81 171
-0.00336915 39 39 27 26 735 217 81 171
-0.00336945 39 52 27 26 735 217 81 171
-0.00335789 39 65 27 26 735 217 81 171
-0.00336085 39 78 27 26 735 217 81 171
-0.00336207 39 91 27 26 735 217 81 171
-0.00336987 39 104 27 26 735 217 81 171
-0.00337024 39 117 27 26 735 217 81 171
-0.00337047 39 130 27 26 735 217 81 171
-0.00337045 39 143 27 26 735 217 81 171
-0.00337061 52 0 27 26 735 217 81 171
-0.00337048 52 13 27 26 735 217 81 171
-0.00337004 52 26 27 26 735 217 81 171
-0.00337 52 39 27 26 735 217 81 171
-0.00337047 52 52 27 26 735 217 81 171
-0.00336831 52 65 27 26 735 217 81 171
-0.00336931 52 78 27 26 735 217 81 171
-0.00336877 52 91 27 26 735 217 81 171
-0.00336796 52 104 27 26 735 217 81 171
-0.00336577 52 117 27 26 735 217 81 171
-0.00336547 52 130 27 26 735 217 81 171
-0.00336974 52 143 27 26 735 217 81 171
-0.00337062 0 0 27 26 735 217 81 171
-0.00336498 0 13 27 26 735 217 81 171
-0.00336963 0 26 27 26 735 217 81 171
-0.00337073 0 39 27 26 735 217 81 171
-0.0033701 0 52 27 26 735 217 81 171
-0.00337044 0 65 27 26 735 217 81 171
-0.00336975 0 78 27 26 735 217 81 171
-0.00336316 0 91 27 26 735 217 81 171
-0.00130757 0 104 27 26 735 217 81 171
-0.001977 0 117 27 26 735 217 81 171
-0.00284506 0 130 27 26 735 217 81 171
-0.00203692 0 143 27 26 735 217 81 171
-0.0033706 13 0 27 26 735 217 81 171
-0.00337011 13 13 27 26 735 217 81 171
-0.00337035 13 26 27 26 735 217 81 171
-0.0033706 13 39 27 26 735 217 81 171
-0.00336869 13 52 27 26 735 217 81 171
-0.00337015 13 65 27 26 735 217 81 171
-0.00337063 13 78 27 26 735 217 81 171
-0.00336704 13 91 27 26 735 217 81 171
-0.00335689 13 104 27 26 735 217 81 171
-0.00335845 13 117 27 26 735 217 81 171
-0.00336617 13 130 27 26 735 217 81 171
-0.00336772 13 143 27 26 735 217 81 171
-0.00335621 26 0 27 26 735 217 81 171
-0.00336579 26 13 27 26 735 217 81 171
-0.00336931 26 26 27 26 735 217 81 171
-0.00337 26 39 27 26 735 217 81 171
-0.00336995 26 52 27 26 735 217 81 171
-0.00336347 26 65 27 26 735 217 81 171
-0.00336972 26 78 27 26 735 217 81 171
-0.00337045 26 91 27 26 735 217 81 171
-0.00336979 26 104 27 26 735 217 81 171
-0.003365 26 117 27 26 735 217 81 171
-0.00336855 26 130 27 26 735 217 81 171
-0.00336899 26 143 27 26 735 217 81 171
-0.00337009 39 0 27 26 735 217 81 171
-0.00336921 39 13 27 26 735 217 81 171
-0.00337024 39 26 27 26 735 217 81 171
-0.00336955 39 39 27 26 735 217 81 171
-0.00337058 39 52 27 26 735 217 81 171
-0.00336952 39 65 27 26 735 217 81 171
-0.00336164 39 78 27 26 735 217 81 171
-0.0033656 39 91 27 26 735 217 81 171
-0.00337006 39 104 27 26 735 217 81 171
-0.00336988 39 117 27 26 735 217 81 171
-0.00336322 39 130 27 26 735 217 81 171
-0.00336721 39 143 27 26 735 217 81 171
-0.00336938 52 0 27 26 735 217 81 171
-0.00336959 52 13 27 26 735 217 81 171
-0.00336784 52 26 27 26 735 217 81 171
-0.00336707 52 39 27 26 735 217 81 171
-0.0033702 52 52 27 26 735 217 81 171
-0.00336975 52 65 27 26 735 217 81 171
-0.00336972 52 78 27 26 735 217 81 171
-0.00336959 52 91 27 26 735 217 81 171
-0.0033686 52 104 27 26 735 217 81 171
-0.00336961 52 117 27 26 735 217 81 171
-0.00336859 52 130 27 26 735 217 81 171
-0.00336341 52 143 27 26 735 217 81 171
-0.00336874 0 0 27 26 735 217 81 171
-0.00336473 0 13 27 26 735 217 81 171
-0.00335483 0 26 27 26 735 217 81 171
-0.0033561 0 39 27 26 735 217 81 171
-0.00336995 0 52 27 26 735 217 81 171
-0.00336968 0 65 27 26 735 217 81 171
-0.00336199 0 78 27 26 735 217 81 171
-0.00335829 0 91 27 26 735 217 81 171
-0.00335777 0 104 27 26 735 217 81 171
-0.0033648 0 117 27 26 735 217 81 171
-0.00336731 0 130 27 26 735 217 81 171
-0.00336977 0 143 27 26 735 217 81 171
-0.00337014 13 0 27 26 735 217 81 171
-0.0033694 13 13 27 26 735 217 81 171
-0.00336126 13 26 27 26 735 217 81 171
-0.00335824 13 39 27 26 735 217 81 171
-0.00336931 13 52 27 26 735 217 81 171
-0.00337027 13 65 27 26 735 217 81 171
-0.00336584 13 78 27 26 735 217 81 171
-0.0033592 13 91 27 26 735 217 81 171
-0.00256252 13 104 27 26 735 217 81 171
-0.00336406 13 117 27 26 735 217 81 171
-0.00336704 13 130 27 26 735 217 81 171
-0.00336575 13 143 27 26 735 217 81 171
-0.00337066 26 0 27 26 735 217 81 171
-0.00336995 26 13 27 26 735 217 81 171
-0.00336414 26 26 27 26 735 217 81 171
-0.00337002 26 39 27 26 735 217 81 171
-0.00336998 26 52 27 26 735 217 81 171
-0.003369 26 65 27 26 735 217 81 171
-0.00336031 26 78 27 26 735 217 81 171
-0.00335692 26 91 27 26 735 217 81 171
-0.00336561 26 104 27 26 735 217 81 171
-0.00336492 26 117 27 26 735 217 81 171
-0.00336893 26 130 27 26 735 217 81 171
-0.00336953 26 143 27 26 735 217 81 171
-0.0033706 39 0 27 26 735 217 81 171
-0.00337017 39 13 27 26 735 217 81 171
-0.00337031 39 26 27 26 735 217 81 171
-0.00337067 39 39 27 26 735 217 81 171
-0.00336906 39 52 27 26 735 217 81 171
-0.00336367 39 65 27 26 735 217 81 171
-0.0033644 39 78 27 26 735 217 81 171
-0.00336119 39 91 27 26 735 217 81 171
-0.0033675 39 104 27 26 735 217 81 171
-0.00335949 39 117 27 26 735 217 81 171
-0.00336674 39 130 27 26 735 217 81 171
-0.00336955 39 143 27 26 735 217 81 171
-0.003364 52 0 27 26 735 217 81 171
-0.00336936 52 13 27 26 735 217 81 171
-0.00336993 52 26 27 26 735 217 81 171
-0.00336766 52 39 27 26 735 217 81 171
-0.00335986 52 52 27 26 735 217 81 171
-0.00335976 52 65 27 26 735 217 81 171
-0.0033636 52 78 27 26 735 217 81 171
-0.00336353 52 91 27 26 735 217 81 171
-0.00335975 52 104 27 26 735 217 81 171
-0.00336927 52 117 27 26 735 217 81 171
-0.00337007 52 130 27 26 735 217 81 171
-0.00336881 52 143 27 26 735 217 81 171
-0.00336912 0 0 27 26 735 217 81 171
-0.00336941 0 13 27 26 735 217 81 171
-0.00336865 0 26 27 26 735 217 81 171
-0.00337003 0 39 27 26 735 217 81 171
-0.00337017 0 52 27 26 735 217 81 171
-0.00336821 0 65 27 26 735 217 81 171
-0.00274365 0 78 27 26 735 217 81 171
-0.00119721 0 91 27 26 735 217 81 171
-0.00168412 0 104 27 26 735 217 81 171
-0.00336212 0 117 27 26 735 217 81 171
-0.00336597 0 130 27 26 735 217 81 171
-0.00336897 0 143 27 26 735 217 81 171
-0.00335896 13 0 27 26 735 217 81 171
-0.00336578 13 13 27 26 735 217 81 171
-0.0033547 13 26 27 26 735 217 81 171
-0.00335505 13 39 27 26 735 217 81 171
-0.00336994 13 52 27 26 735 217 81 171
-0.00336991 13 65 27 26 735 217 81 171
-0.00336606 13 78 27 26 735 217 81 171
-0.0022308 13 91 27 26 735 217 81 171
-0.00240101 13 104 27 26 735 217 81 171
-0.00336312 13 117 27 26 735 217 81 171
-0.003368 13 130 27 26 735 217 81 171
-0.00336815 13 143 27 26 735 217 81 171
-0.00336706 26 0 27 26 735 217 81 171
-0.00336875 26 13 27 26 735 217 81 171
-0.00336811 26 26 27 26 735 217 81 171
-0.00336963 26 39 27 26 735 217 81 171
-0.0033679 26 52 27 26 735 217 81 171
-0.00336505 26 65 27 26 735 217 81 171
-0.00336894 26 78 27 26 735 217 81 171
-0.00336662 26 91 27 26 735 217 81 171
-0.00335318 26 104 27 26 735 217 81 171
-0.0033535 26 117 27 26 735 217 81 171
-0.00336902 26 130 27 26 735 217 81 171
-0.00336964 26 143 27 26 735 217 81 171
-0.00336846 39 0 27 26 735 217 81 171
-0.00336597 39 13 27 26 735 217 81 171
-0.00337005 39 26 27 26 735 217 81 171
-0.00337055 39 39 27 26 735 217 81 171
-0.00336778 39 52 27 26 735 217 81 171
-0.00336666 39 65 27 26 735 217 81 171
-0.00336445 39 78 27 26 735 217 81 171
-0.00336875 39 91 27 26 735 217 81 171
-0.0033691 39 104 27 26 735 217 81 171
-0.00336132 39 117 27 26 735 217 81 171
-0.00336828 39 130 27 26 735 217 81 171
-0.00337005 39 143 27 26 735 217 81 171
-0.00336385 52 0 27 26 735 217 81 171
-0.003361 52 13 27 26 735 217 81 171
-0.00336655 52 26 27 26 735 217 81 171
-0.00337056 52 39 27 26 735 217 81 171
-0.00337027 52 52 27 26 735 217 81 171
-0.00336617 52 65 27 26 735 217 81 171
-0.00336886 52 78 27 26 735 217 81 171
-0.00336712 52 91 27 26 735 217 81 171
-0.0033696 52 104 27 26 735 217 81 171
-0.00336913 52 117 27 26 735 217 81 171
-0.00336805 52 130 27 26 735 217 81 171
-0.0033691 52 143 27 26 735 217 81 171
-0.00336841 0 0 27 26 735 217 81 171
-0.00336826 0 13 27 26 735 217 81 171
-0.0033686 0 26 27 26 735 217 81 171
-0.00336688 0 39 27 26 735 217 81 171
-0.00336108 0 52 27 26 735 217 81 171
-0.00336873 0 65 27 26 735 217 81 171
-0.00337006 0 78 27 26 735 217 81 171
-0.00337028 0 91 27 26 735 217 81 171
-0.00337042 0 104 27 26 735 217 81 171
-0.00337026 0 117 27 26 735 217 81 171
-0.00336885 0 130 27 26 735 217 81 171
-0.00336645 0 143 27 26 735 217 81 171
-0.00337044 13 0 27 26 735 217 81 171
-0.0033687 13 13 27 26 735 217 81 171
-0.00336712 13 26 27 26 735 217 81 171
-0.0033695 13 39 27 26 735 217 81 171
-0.00336683 13 52 27 26 735 217 81 171
-0.0033704 13 65 27 26 735 217 81 171
-0.00336987 13 78 27 26 735 217 81 171
-0.00336765 13 91 27 26 735 217 81 171
-0.00336341 13 104 27 26 735 217 81 171
-0.00336574 13 117 27 26 735 217 81 171
-0.00337016 13 130 27 26 735 217 81 171
-0.00337039 13 143 27 26 735 217 81 171
-0.00336954 26 0 27 26 735 217 81 171
-0.00337043 26 13 27 26 735 217 81 171
-0.00336941 26 26 27 26 735 217 81 171
-0.00336712 26 39 27 26 735 217 81 171
-0.00336925 26 52 27 26 735 217 81 171
-0.00337039 26 65 27 26 735 217 81 171
-0.00336918 26 78 27 26 735 217 81 171
-0.00336934 26 91 27 26 735 217 81 171
-0.00336897 26 104 27 26 735 217 81 171
-0.00336917 26 117 27 26 735 217 81 171
-0.00337012 26 130 27 26 735 217 81 171
-0.00336957 26 143 27 26 735 217 81 171
-0.00336972 39 0 27 26 735 217 81 171
-0.00337016 39 13 27 26 735 217 81 171
-0.00336913 39 26 27 26 735 217 81 171
-0.00336685 39 39 27 26 735 217 81 171
-0.00336996 39 52 27 26 735 217 81 171
-0.00337022 39 65 27 26 735 217 81 171
-0.00336691 39 78 27 26 735 217 81 171
-0.00336816 39 91 27 26 735 217 81 171
-0.00337031 39 104 27 26 735 217 81 171
-0.00337028 39 117 27 26 735 217 81 171
-0.00336997 39 130 27 26 735 217 81 171
-0.00337019 39 143 27 26 735 217 81 171
-0.00336959 52 0 27 26 735 217 81 171
-0.00336876 52 13 27 26 735 217 81 171
-0.0033676 52 26 27 26 735 217 81 171
-0.0033657 52 39 27 26 735 217 81 171
-0.00336649 52 52 27 26 735 217 81 171
-0.00337012 52 65 27 26 735 217 81 171
-0.00336978 52 78 27 26 735 217 81 171
-0.00336771 52 91 27 26 735 217 81 171
-0.00336376 52 104 27 26 735 217 81 171
-0.00337008 52 117 27 26 735 217 81 171
-0.00336983 52 130 27 26 735 217 81 171
-0.00337052 52 143 27 26 735 217 81 171
-0.00337012 0 0 27 26 735 217 81 171
-0.00336727 0 13 27 26 735 217 81 171
-0.00337042 0 26 27 26 735 217 81 171
-0.00337052 0 39 27 26 735 217 81 171
-0.00336849 0 52 27 26 735 217 81 171
-0.00337047 0 65 27 26 735 217 81 171
-0.00336533 0 78 27 26 735 217 81 171
-0.00336551 0 91 27 26 735 217 81 171
-0.00336456 0 104 27 26 735 217 81 171
-0.00336891 0 117 27 26 735 217 81 171
-0.00337047 0 130 27 26 735 217 81 171
-0.00336889 0 143 27 26 735 217 81 171
-0.00336741 13 0 27 26 735 217 81 171
-0.00336795 13 13 27 26 735 217 81 171
-0.00336827 13 26 27 26 735 217 81 171
-0.00337042 13 39 27 26 735 217 81 171
-0.00337055 13 52 27 26 735 217 81 171
-0.0033699 13 65 27 26 735 217 81 171
-0.00336282 13 78 27 26 735 217 81 171
-0.00336816 13 91 27 26 735 217 81 171
-0.00336412 13 104 27 26 735 217 81 171
-0.00336966 13 117 27 26 735 217 81 171
-0.00337032 13 130 27 26 735 217 81 171
-0.00336933 13 143 27 26 735 217 81 171
-0.00336425 26 0 27 26 735 217 81 171
-0.0033681 26 13 27 26 735 217 81 171
-0.00336935 26 26 27 26 735 217 81 171
-0.00336599 26 39 27 26 735 217 81 171
-0.00336184 26 52 27 26 735 217 81 171
-0.00336295 26 65 27 26 735 217 81 171
-0.00335982 26 78 27 26 735 217 81 171
-0.0033621 26 91 27 26 735 217 81 171
-0.00336137 26 104 27 26 735 217 81 171
-0.00336928 26 117 27 26 735 217 81 171
-0.00336926 26 130 27 26 735 217 81 171
-0.00336952 26 143 27 26 735 217 81 171
-0.00336992 39 0 27 26 735 217 81 171
-0.00336758 39 13 27 26 735 217 81 171
-0.00336815 39 26 27 26 735 217 81 171
-0.00336627 39 39 27 26 735 217 81 171
-0.00335615 39 52 27 26 735 217 81 171
-0.00335381 39 65 27 26 735 217 81 171
-0.00336084 39 78 27 26 735 217 81 171
-0.00335724 39 91 27 26 735 217 81 171
-0.00336223 39 104 27 26 735 217 81 171
-0.00337014 39 117 27 26 735 217 81 171
-0.00337035 39 130 27 26 735 217 81 171
-0.00336822 39 143 27 26 735 217 81 171
-0.00336974 52 0 27 26 735 217 81 171
-0.00336889 52 13 27 26 735 217 81 171
-0.00336931 52 26 27 26 735 217 81 171
-0.0033694 52 39 27 26 735 217 81 171
-0.00336822 52 52 27 26 735 217 81 171
-0.00336693 52 65 27 26 735 217 81 171
-0.00336714 52 78 27 26 735 217 81 171
-0.00336464 52 91 27 26 735 217 81 171
-0.00336338 52 104 27 26 735 217 81 171
-0.00336999 52 117 27 26 735 217 81 171
-0.00337052 52 130 27 26 735 217 81 171
-0.00336997 52 143 27 26 735 217 81 171
-0.00337058 0 0 27 26 735 217 81 171
-0.00337084 0 13 27 26 735 217 81 171
-0.00337077 0 26 27 26 735 217 81 171
-0.00337019 0 39 27 26 735 217 81 171
-0.00336959 0 52 27 26 735 217 81 171
-0.0033705 0 65 27 26 735 217 81 171
-0.00336817 0 78 27 26 735 217 81 171
-0.00336616 0 91 27 26 735 217 81 171
-0.00336684 0 104 27 26 735 217 81 171
-0.00336592 0 117 27 26 735 217 81 171
-0.00337027 0 130 27 26 735 217 81 171
-0.00337031 0 143 27 26 735 217 81 171
-0.00336511 13 0 27 26 735 217 81 171
-0.00336969 13 13 27 26 735 217 81 171
-0.00337007 13 26 27 26 735 217 81 171
-0.00336985 13 39 27 26 735 217 81 171
-0.00337025 13 52 27 26 735 217 81 171
-0.00337066 13 65 27 26 735 217 81 171
-0.00336691 13 78 27 26 735 217 81 171
-0.00336523 13 91 27 26 735 217 81 171
-0.00336644 13 104 27 26 735 217 81 171
-0.00336985 13 117 27 26 735 217 81 171
-0.00337071 13 130 27 26 735 217 81 171
-0.00337007 13 143 27 26 735 217 81 171
-0.00336849 26 0 27 26 735 217 81 171
-0.00336702 26 13 27 26 735 217 81 171
-0.0033702 26 26 27 26 735 217 81 171
-0.00336979 26 39 27 26 735 217 81 171
-0.00337023 26 52 27 26 735 217 81 171
-0.00336925 26 65 27 26 735 217 81 171
-0.00336237 26 78 27 26 735 217 81 171
-0.00336692 26 91 27 26 735 217 81 171
-0.00336588 26 104 27 26 735 217 81 171
-0.0033697 26 117 27 26 735 217 81 171
-0.0033707 26 130 27 26 735 217 81 171
-0.00336986 26 143 27 26 735 217 81 171
-0.00337052 39 0 27 26 735 217 81 171
-0.00336956 39 13 27 26 735 217 81 171
-0.00337015 39 26 27 26 735 217 81 171
-0.00336828 39 39 27 26 735 217 81 171
-0.00336776 39 52 27 26 735 217 81 171
-0.00337001 39 65 27 26 735 217 81 171
-0.00336856 39 78 27 26 735 217 81 171
-0.00336521 39 91 27 26 735 217 81 171
-0.00281988 39 104 27 26 735 217 81 171
-0.00337056 39 117 27 26 735 217 81 171
-0.00337059 39 130 27 26 735 217 81 171
-0.00336799 39 143 27 26 735 217 81 171
-0.00337067 52 0 27 26 735 217 81 171
-0.00337057 52 13 27 26 735 217 81 171
-0.00337056 52 26 27 26 735 217 81 171
-0.00337029 52 39 27 26 735 217 81 171
-0.00337024 52 52 27 26 735 217 81 171
-0.00336706 52 65 27 26 735 217 81 171
-0.00337042 52 78 27 26 735 217 81 171
-0.00336851 52 91 27 26 735 217 81 171
-0.00336619 52 104 27 26 735 217 81 171
-0.00337063 52 117 27 26 735 217 81 171
-0.0033704 52 130 27 26 735 217 81 171
-0.00336417 52 143 27 26 735 217 81 171
-0.00337016 0 0 27 26 735 217 81 171
-0.00336839 0 13 27 26 735 217 81 171
-0.00337025 0 26 27 26 735 217 81 171
-0.00337025 0 39 27 26 735 217 81 171
-0.00336995 0 52 27 26 735 217 81 171
-0.0033702 0 65 27 26 735 217 81 171
-0.00336867 0 78 27 26 735 217 81 171
-0.00335612 0 91 27 26 735 217 81 171
-0.00237361 0 104 27 26 735 217 81 171
-0.00150495 0 117 27 26 735 217 81 171
-0.00336482 0 130 27 26 735 217 81 171
-0.00336949 0 143 27 26 735 217 81 171
-0.00336748 13 0 27 26 735 217 81 171
-0.00336804 13 13 27 26 735 217 81 171
-0.00336952 13 26 27 26 735 217 81 171
-0.00336707 13 39 27 26 735 217 81 171
-0.00337007 13 52 27 26 735 217 81 171
-0.00337037 13 65 27 26 735 217 81 171
-0.00336841 13 78 27 26 735 217 81 171
-0.00335679 13 91 27 26 735 217 81 171
-0.00276909 13 104 27 26 735 217 81 171
-0.00336632 13 117 27 26 735 217 81 171
-0.00337042 13 130 27 26 735 217 81 171
-0.00336986 13 143 27 26 735 217 81 171
-0.0033703 26 0 27 26 735 217 81 171
-0.00336806 26 13 27 26 735 217 81 171
-0.0033678 26 26 27 26 735 217 81 171
-0.00336916 26 39 27 26 735 217 81 171
-0.00337036 26 52 27 26 735 217 81 171
-0.00336891 26 65 27 26 735 217 81 171
-0.00336285 26 78 27 26 735 217 81 171
-0.00332887 26 91 27 26 735 217 81 171
-0.00335287 26 104 27 26 735 217 81 171
-0.00336539 26 117 27 26 735 217 81 171
-0.00337032 26 130 27 26 735 217 81 171
-0.00336992 26 143 27 26 735 217 81 171
-0.00337062 39 0 27 26 735 217 81 171
-0.00336904 39 13 27 26 735 217 81 171
-0.00336974 39 26 27 26 735 217 81 171
-0.00336873 39 39 27 26 735 217 81 171
-0.00336815 39 52 27 26 735 217 81 171
-0.00336879 39 65 27 26 735 217 81 171
-0.00336527 39 78 27 26 735 217 81 171
-0.00194634 39 91 27 26 735 217 81 171
-0.00153437 39 104 27 26 735 217 81 171
-0.00245587 39 117 27 26 735 217 81 171
-0.00335582 39 130 27 26 735 217 81 171
-0.0033647 39 143 27 26 735 217 81 171
-0.0033699 52 0 27 26 735 217 81 171
-0.00337041 52 13 27 26 735 217 81 171
-0.00337031 52 26 27 26 735 217 81 171
-0.00336946 52 39 27 26 735 217 81 171
-0.00337022 52 52 27 26 735 217 81 171
-0.00336997 52 65 27 26 735 217 81 171
-0.00337037 52 78 27 26 735 217 81 171
-0.00299463 52 91 27 26 735 217 81 171
-0.00336138 52 104 27 26 735 217 81 171
-0.00336929 52 117 27 26 735 217 81 171
-0.00336426 52 130 27 26 735 217 81 171
-0.00335859 52 143 27 26 735 217 81 171
-0.00337009 0 0 27 26 735 217 81 171
-0.00336581 0 13 27 26 735 217 81 171
-0.0033705 0 26 27 26 735 217 81 171
-0.00337067 0 39 27 26 735 217 81 171
-0.0033706 0 52 27 26 735 217 81 171
-0.00337093 0 65 27 26 735 217 81 171
-0.0033709 0 78 27 26 735 217 81 171
-0.00335962 0 91 27 26 735 217 81 171
-0.00123044 0 104 27 26 735 217 81 171
-0.00216901 0 117 27 26 735 217 81 171
-0.00336344 0 130 27 26 735 217 81 171
-0.00337032 0 143 27 26 735 217 81 171
-0.00336638 13 0 27 26 735 217 81 171
-0.00336689 13 13 27 26 735 217 81 171
-0.00337066 13 26 27 26 735 217 81 171
-0.00337026 13 39 27 26 735 217 81 171
-0.00336783 13 52 27 26 735 217 81 171
-0.00337022 13 65 27 26 735 217 81 171
-0.0033709 13 78 27 26 735 217 81 171
-0.00337029 13 91 27 26 735 217 81 171
-0.00336609 13 104 27 26 735 217 81 171
-0.00336795 13 117 27 26 735 217 81 171
-0.00337076 13 130 27 26 735 217 81 171
-0.00337054 13 143 27 26 735 217 81 171
-0.00336629 26 0 27 26 735 217 81 171
-0.00336691 26 13 27 26 735 217 81 171
-0.00336937 26 26 27 26 735 217 81 171
-0.0033696 26 39 27 26 735 217 81 171
-0.00336785 26 52 27 26 735 217 81 171
-0.00336978 26 65 27 26 735 217 81 171
-0.00337045 26 78 27 26 735 217 81 171
-0.00336966 26 91 27 26 735 217 81 171
-0.00337048 26 104 27 26 735 217 81 171
-0.0033702 26 117 27 26 735 217 81 171
-0.00337066 26 130 27 26 735 217 81 171
-0.00336999 26 143 27 26 735 217 81 171
-0.00336646 39 0 27 26 735 217 81 171
-0.00336305 39 13 27 26 735 217 81 171
-0.00336603 39 26 27 26 735 217 81 171
-0.00336981 39 39 27 26 735 217 81 171
-0.003369 39 52 27 26 735 217 81 171
-0.00336972 39 65 27 26 735 217 81 171
-0.00337021 39 78 27 26 735 217 81 171
-0.0033653 39 91 27 26 735 217 81 171
-0.00336561 39 104 27 26 735 217 81 171
-0.00336993 39 117 27 26 735 217 81 171
-0.00337053 39 130 27 26 735 217 81 171
-0.00337032 39 143 27 26 735 217 81 171
-0.00337033 52 0 27 26 735 217 81 171
-0.00337004 52 13 27 26 735 217 81 171
-0.00336893 52 26 27 26 735 217 81 171
-0.00337052 52 39 27 26 735 217 81 171
-0.00337006 52 52 27 26 735 217 81 171
-0.0033699 52 65 27 26 735 217 81 171
-0.00337054 52 78 27 26 735 217 81 171
-0.00336975 52 91 27 26 735 217 81 171
-0.00336992 52 104 27 26 735 217 81 171
-0.00336653 52 117 27 26 735 217 81 171
-0.00336935 52 130 27 26 735 217 81 171
-0.00336972 52 143 27 26 735 217 81 171
-0.00337036 0 0 27 26 735 217 81 171
-0.00336604 0 13 27 26 735 217 81 171
-0.0033676 0 26 27 26 735 217 81 171
-0.00337072 0 39 27 26 735 217 81 171
-0.00337026 0 52 27 26 735 217 81 171
-0.00336947 0 65 27 26 735 217 81 171
-0.00337025 0 78 27 26 735 217 81 171
-0.00336832 0 91 27 26 735 217 81 171
-0.00336323 0 104 27 26 735 217 81 171
-0.00336363 0 117 27 26 735 217 81 171
-0.00336859 0 130 27 26 735 217 81 171
-0.00336937 0 143 27 26 735 217 81 171
-0.00336967 13 0 27 26 735 217 81 171
-0.00336537 13 13 27 26 735 217 81 171
-0.00336894 13 26 27 26 735 217 81 171
-0.00337044 13 39 27 26 735 217 81 171
-0.00336947 13 52 27 26 735 217 81 171
-0.00336569 13 65 27 26 735 217 81 171
-0.00337004 13 78 27 26 735 217 81 171
-0.00337081 13 91 27 26 735 217 81 171
-0.00336953 13 104 27 26 735 217 81 171
-0.00311566 13 117 27 26 735 217 81 171
-0.00336997 13 130 27 26 735 217 81 171
-0.00336999 13 143 27 26 735 217 81 171
-0.0033699 26 0 27 26 735 217 81 171
-0.00337063 26 13 27 26 735 217 81 171
-0.00336901 26 26 27 26 735 217 81 171
-0.00337053 26 39 27 26 735 217 81 171
-0.00337005 26 52 27 26 735 217 81 171
-0.00336632 26 65 27 26 735 217 81 171
-0.00336354 26 78 27 26 735 217 81 171
-0.00336982 26 91 27 26 735 217 81 171
-0.00337071 26 104 27 26 735 217 81 171
-0.00337003 26 117 27 26 735 217 81 171
-0.00337067 26 130 27 26 735 217 81 171
-0.00337023 26 143 27 26 735 217 81 171
-0.00336938 39 0 27 26 735 217 81 171
-0.00337054 39 13 27 26 735 217 81 171
-0.00337018 39 26 27 26 735 217 81 171
-0.00337066 39 39 27 26 735 217 81 171
-0.00337037 39 52 27 26 735 217 81 171
-0.0033677 39 65 27 26 735 217 81 171
-0.00336171 39 78 27 26 735 217 81 171
-0.00336389 39 91 27 26 735 217 81 171
-0.00336993 39 104 27 26 735 217 81 171
-0.00337053 39 117 27 26 735 217 81 171
-0.00337053 39 130 27 26 735 217 81 171
-0.00337037 39 143 27 26 735 217 81 171
-0.00337067 52 0 27 26 735 217 81 171
-0.00337053 52 13 27 26 735 217 81 171
-0.00336732 52 26 27 26 735 217 81 171
-0.00337008 52 39 27 26 735 217 81 171
-0.00337047 52 52 27 26 735 217 81 171
-0.00337011 52 65 27 26 735 217 81 171
-0.00336944 52 78 27 26 735 217 81 171
-0.00336836 52 91 27 26 735 217 81 171
-0.00336802 52 104 27 26 735 217 81 171
-0.00336964 52 117 27 26 735 217 81 171
-0.00337046 52 130 27 26 735 217 81 171
-0.00337035 52 143 27 26 735 217 81 171
-0.00337 0 0 32 38 735 217 81 171
-0.00337052 0 19 32 38 735 217 81 171
-0.00336953 0 38 32 38 735 217 81 171
-0.00336954 0 57 32 38 735 217 81 171
-0.00337055 0 76 32 38 735 217 81 171
-0.00336927 0 95 32 38 735 217 81 171
-0.00337009 0 114 32 38 735 217 81 171
-0.00336952 0 133 32 38 735 217 81 171
-0.0033684 16 0 32 38 735 217 81 171
-0.00336642 16 19 32 38 735 217 81 171
-0.00336468 16 38 32 38 735 217 81 171
-0.00335788 16 57 32 38 735 217 81 171
-0.0033696 16 76 32 38 735 217 81 171
-0.00336983 16 95 32 38 735 217 81 171
-0.00336973 16 114 32 38 735 217 81 171
-0.00336974 16 133 32 38 735 217 81 171
-0.00336203 32 0 32 38 735 217 81 171
-0.00336838 32 19 32 38 735 217 81 171
-0.00336647 32 38 32 38 735 217 81 171
-0.0033608 32 57 32 38 735 217 81 171
-0.00336057 32 76 32 38 735 217 81 171
-0.00336883 32 95 32 38 735 217 81 171
-0.00336824 32 114 32 38 735 217 81 171
-0.00336971 32 133 32 38 735 217 81 171
-0.00337027 48 0 32 38 735 217 81 171
-0.00336978 48 19 32 38 735 217 81 171
-0.00337016 48 38 32 38 735 217 81 171
-0.0033677 48 57 32 38 735 217 81 171
-0.00336813 48 76 32 38 735 217 81 171
-0.00336643 48 95 32 38 735 217 81 171
-0.00336092 48 114 32 38 735 217 81 171
-0.00336935 48 133 32 38 735 217 81 171
-0.00337033 0 0 32 38 735 217 81 171
-0.00337017 0 19 32 38 735 217 81 171
-0.0033704 0 38 32 38 735 217 81 171
-0.00336969 0 57 32 38 735 217 81 171
-0.0033697 0 76 32 38 735 217 81 171
-0.00258844 0 95 32 38 735 217 81 171
-0.00228999 0 114 32 38 735 217 81 171
-0.00146945 0 133 32 38 735 217 81 171
-0.00336979 16 0 32 38 735 217 81 171
-0.00336972 16 19 32 38 735 217 81 171
-0.00336951 16 38 32 38 735 217 81 171
-0.00336368 16 57 32 38 735 217 81 171
-0.0033706 16 76 32 38 735 217 81 171
-0.00336858 16 95 32 38 735 217 81 171
-0.00336383 16 114 32 38 735 217 81 171
-0.00336702 16 133 32 38 735 217 81 171
-0.00336409 32 0 32 38 735 217 81 171
-0.00336922 32 19 32 38 735 217 81 171
-0.00337008 32 38 32 38 735 217 81 171
-0.00336864 32 57 32 38 735 217 81 171
-0.00336375 32 76 32 38 735 217 81 171
-0.00336961 32 95 32 38 735 217 81 171
-0.00336717 32 114 32 38 735 217 81 171
-0.00336376 32 133 32 38 735 217 81 171
-0.00336987 48 0 32 38 735 217 81 171
-0.00336902 48 19 32 38 735 217 81 171
-0.0033693 48 38 32 38 735 217 81 171
-0.00337025 48 57 32 38 735 217 81 171
-0.0033689 48 76 32 38 735 217 81 171
-0.0033675 48 95 32 38 735 217 81 171
-0.00336927 48 114 32 38 735 217 81 171
-0.0033624 48 133 32 38 735 217 81 171
-0.00336739 0 0 32 38 735 217 81 171
-0.00335837 0 19 32 38 735 217 81 171
-0.00336887 0 38 32 38 735 217 81 171
-0.00336905 0 57 32 38 735 217 81 171
-0.00335907 0 76 32 38 735 217 81 171
-0.0033602 0 95 32 38 735 217 81 171
-0.00336527 0 114 32 38 735 217 81 171
-0.00336906 0 133 32 38 735 217 81 171
-0.00336997 16 0 32 38 735 217 81 171
-0.00335486 16 19 32 38 735 217 81 171
-0.0033682 16 38 32 38 735 217 81 171
-0.00336917 16 57 32 38 735 217 81 171
-0.00336607 16 76 32 38 735 217 81 171
-0.00171862 16 95 32 38 735 217 81 171
-0.0033628 16 114 32 38 735 217 81 171
-0.00336644 16 133 32 38 735 217 81 171
-0.00337042 32 0 32 38 735 217 81 171
-0.00336948 32 19 32 38 735 217 81 171
-0.00337045 32 38 32 38 735 217 81 171
-0.00336625 32 57 32 38 735 217 81 171
-0.00335601 32 76 32 38 735 217 81 171
-0.00335921 32 95 32 38 735 217 81 171
-0.0030432 32 114 32 38 735 217 81 171
-0.00336827 32 133 32 38 735 217 81 171
-0.00336827 48 0 32 38 735 217 81 171
-0.0033696 48 19 32 38 735 217 81 171
-0.00336625 48 38 32 38 735 217 81 171
-0.0023464 48 57 32 38 735 217 81 171
-0.00321077 48 76 32 38 735 217 81 171
-0.00264035 48 95 32 38 735 217 81 171
-0.00336804 48 114 32 38 735 217 81 171
-0.00336888 48 133 32 38 735 217 81 171
-0.00336735 0 0 32 38 735 217 81 171
-0.00336604 0 19 32 38 735 217 81 171
-0.00337004 0 38 32 38 735 217 81 171
-0.00336835 0 57 32 38 735 217 81 171
-0.00261449 0 76 32 38 735 217 81 171
-0.00191544 0 95 32 38 735 217 81 171
-0.00336222 0 114 32 38 735 217 81 171
-0.00336846 0 133 32 38 735 217 81 171
-0.00335939 16 0 32 38 735 217 81 171
-0.00219988 16 19 32 38 735 217 81 171
-0.00336752 16 38 32 38 735 217 81 171
-0.00336853 16 57 32 38 735 217 81 171
-0.00336649 16 76 32 38 735 217 81 171
-0.00207092 16 95 32 38 735 217 81 171
-0.0033623 16 114 32 38 735 217 81 171
-0.00336763 16 133 32 38 735 217 81 171
-0.00336823 32 0 32 38 735 217 81 171
-0.00336974 32 19 32 38 735 217 81 171
-0.00336899 32 38 32 38 735 217 81 171
-0.00242787 32 57 32 38 735 217 81 171
-0.00335914 32 76 32 38 735 217 81 171
-0.00336593 32 95 32 38 735 217 81 171
-0.00313958 32 114 32 38 735 217 81 171
-0.00336869 32 133 32 38 735 217 81 171
-0.00279437 48 0 32 38 735 217 81 171
-0.00336921 48 19 32 38 735 217 81 171
-0.00337021 48 38 32 38 735 217 81 171
-0.00336245 48 57 32 38 735 217 81 171
-0.00336406 48 76 32 38 735 217 81 171
-0.00336846 48 95 32 38 735 217 81 171
-0.00336622 48 114 32 38 735 217 81 171
-0.0033675 48 133 32 38 735 217 81 171
-0.00335639 0 0 32 38 735 217 81 171
-0.00248331 0 19 32 38 735 217 81 171
-0.00323438 0 38 32 38 735 217 81 171
-0.00336911 0 57 32 38 735 217 81 171
-0.00337029 0 76 32 38 735 217 81 171
-0.00337055 0 95 32 38 735 217 81 171
-0.0033704 0 114 32 38 735 217 81 171
-0.00336963 0 133 32 38 735 217 81 171
-0.00336923 16 0 32 38 735 217 81 171
-0.0033695 16 19 32 38 735 217 81 171
-0.0033612 16 38 32 38 735 217 81 171
-0.00337017 16 57 32 38 735 217 81 171
-0.00336963 16 76 32 38 735 217 81 171
-0.00292062 16 95 32 38 735 217 81 171
-0.00336672 16 114 32 38 735 217 81 171
-0.00337034 16 133 32 38 735 217 81 171
-0.00336845 32 0 32 38 735 217 81 171
-0.0033702 32 19 32 38 735 217 81 171
-0.00336069 32 38 32 38 735 217 81 171
-0.00337019 32 57 32 38 735 217 81 171
-0.00336663 32 76 32 38 735 217 81 171
-0.00336834 32 95 32 38 735 217 81 171
-0.00337015 32 114 32 38 735 217 81 171
-0.00336723 32 133 32 38 735 217 81 171
-0.00336891 48 0 32 38 735 217 81 171
-0.00336535 48 19 32 38 735 217 81 171
-0.00335435 48 38 32 38 735 217 81 171
-0.00336961 48 57 32 38 735 217 81 171
-0.00336836 48 76 32 38 735 217 81 171
-0.00335983 48 95 32 38 735 217 81 171
-0.00336807 48 114 32 38 735 217 81 171
-0.00336983 48 133 32 38 735 217 81 171
-0.00336879 0 0 32 38 735 217 81 171
-0.00337014 0 19 32 38 735 217 81 171
-0.0033598 0 38 32 38 735 217 81 171
-0.00336931 0 57 32 38 735 217 81 171
-0.00336577 0 76 32 38 735 217 81 171
-0.00336293 0 95 32 38 735 217 81 171
-0.00337008 0 114 32 38 735 217 81 171
-0.00336733 0 133 32 38 735 217 81 171
-0.003187 16 0 32 38 735 217 81 171
-0.00336774 16 19 32 38 735 217 81 171
-0.00336947 16 38 32 38 735 217 81 171
-0.00336919 16 57 32 38 735 217 81 171
-0.00335226 16 76 32 38 735 217 81 171
-0.00335715 16 95 32 38 735 217 81 171
-0.00336969 16 114 32 38 735 217 81 171
-0.00336304 16 133 32 38 735 217 81 171
-0.00294559 32 0 32 38 735 217 81 171
-0.00336821 32 19 32 38 735 217 81 171
-0.00336349 32 38 32 38 735 217 81 171
-0.00213735 32 57 32 38 735 217 81 171
-0.00336012 32 76 32 38 735 217 81 171
-0.00335726 32 95 32 38 735 217 81 171
-0.00337025 32 114 32 38 735 217 81 171
-0.00336759 32 133 32 38 735 217 81 171
-0.00336815 48 0 32 38 735 217 81 171
-0.00336494 48 19 32 38 735 217 81 171
-0.00336578 48 38 32 38 735 217 81 171
-0.00336442 48 57 32 38 735 217 81 171
-0.00336022 48 76 32 38 735 217 81 171
-0.00335911 48 95 32 38 735 217 81 171
-0.00337055 48 114 32 38 735 217 81 171
-0.00337018 48 133 32 38 735 217 81 171
-0.00337053 0 0 32 38 735 217 81 171
-0.00337064 0 19 32 38 735 217 81 171
-0.00330533 0 38 32 38 735 217 81 171
-0.00337033 0 57 32 38 735 217 81 171
-0.0033689 0 76 32 38 735 217 81 171
-0.00336402 0 95 32 38 735 217 81 171
-0.00336982 0 114 32 38 735 217 81 171
-0.00336995 0 133 32 38 735 217 81 171
-0.00336748 16 0 32 38 735 217 81 171
-0.0033686 16 19 32 38 735 217 81 171
-0.00336968 16 38 32 38 735 217 81 171
-0.00337063 16 57 32 38 735 217 81 171
-0.00336785 16 76 32 38 735 217 81 171
-0.00336115 16 95 32 38 735 217 81 171
-0.00337038 16 114 32 38 735 217 81 171
-0.00336885 16 133 32 38 735 217 81 171
-0.0033689 32 0 32 38 735 217 81 171
-0.00336954 32 19 32 38 735 217 81 171
-0.0033694 32 38 32 38 735 217 81 171
-0.00337008 32 57 32 38 735 217 81 171
-0.00336632 32 76 32 38 735 217 81 171
-0.00266619 32 95 32 38 735 217 81 171
-0.00337058 32 114 32 38 735 217 81 171
-0.00336874 32 133 32 38 735 217 81 171
-0.00337033 48 0 32 38 735 217 81 171
-0.00337031 48 19 32 38 735 217 81 171
-0.00336978 48 38 32 38 735 217 81 171
-0.00336716 48 57 32 38 735 217 81 171
-0.00337001 48 76 32 38 735 217 81 171
-0.00336531 48 95 32 38 735 217 81 171
-0.00337054 48 114 32 38 735 217 81 171
-0.00336764 48 133 32 38 735 217 81 171
-0.00336974 0 0 32 38 735 217 81 171
-0.00336957 0 19 32 38 735 217 81 171
-0.00336364 0 38 32 38 735 217 81 171
-0.00337044 0 57 32 38 735 217 81 171
-0.00336897 0 76 32 38 735 217 81 171
-0.00188444 0 95 32 38 735 217 81 171
-0.00336448 0 114 32 38 735 217 81 171
-0.00336875 0 133 32 38 735 217 81 171
-0.00336706 16 0 32 38 735 217 81 171
-0.00336926 16 19 32 38 735 217 81 171
-0.00336576 16 38 32 38 735 217 81 171
-0.00337058 16 57 32 38 735 217 81 171
-0.00336733 16 76 32 38 735 217 81 171
-0.00135986 16 95 32 38 735 217 81 171
-0.00336975 16 114 32 38 735 217 81 171
-0.00336869 16 133 32 38 735 217 81 171
-0.00336914 32 0 32 38 735 217 81 171
-0.00336867 32 19 32 38 735 217 81 171
-0.00336929 32 38 32 38 735 217 81 171
-0.00336901 32 57 32 38 735 217 81 171
-0.00335707 32 76 32 38 735 217 81 171
-0.00113717 32 95 32 38 735 217 81 171
-0.0033666 32 114 32 38 735 217 81 171
-0.00336764 32 133 32 38 735 217 81 171
-0.00336933 48 0 32 38 735 217 81 171
-0.00337033 48 19 32 38 735 217 81 171
-0.00336912 48 38 32 38 735 217 81 171
-0.00336732 48 57 32 38 735 217 81 171
-0.00337001 48 76 32 38 735 217 81 171
-0.00336106 48 95 32 38 735 217 81 171
-0.00336539 48 114 32 38 735 217 81 171
-0.00336219 48 133 32 38 735 217 81 171
-0.00336825 0 0 32 38 735 217 81 171
-0.00337072 0 19 32 38 735 217 81 171
-0.00337038 0 38 32 38 735 217 81 171
-0.00337001 0 57 32 38 735 217 81 171
-0.00337086 0 76 32 38 735 217 81 171
-0.00185394 0 95 32 38 735 217 81 171
-0.00336674 0 114 32 38 735 217 81 171
-0.00337056 0 133 32 38 735 217 81 171
-0.00336837 16 0 32 38 735 217 81 171
-0.00337042 16 19 32 38 735 217 81 171
-0.0033682 16 38 32 38 735 217 81 171
-0.00336709 16 57 32 38 735 217 81 171
-0.00337071 16 76 32 38 735 217 81 171
-0.00336988 16 95 32 38 735 217 81 171
-0.00337063 16 114 32 38 735 217 81 171
-0.00337028 16 133 32 38 735 217 81 171
-0.00335823 32 0 32 38 735 217 81 171
-0.00336833 32 19 32 38 735 217 81 171
-0.00336812 32 38 32 38 735 217 81 171
-0.00336738 32 57 32 38 735 217 81 171
-0.00336962 32 76 32 38 735 217 81 171
-0.00336597 32 95 32 38 735 217 81 171
-0.00336963 32 114 32 38 735 217 81 171
-0.00336976 32 133 32 38 735 217 81 171
-0.00337003 48 0 32 38 735 217 81 171
-0.00336959 48 19 32 38 735 217 81 171
-0.00337021 48 38 32 38 735 217 81 171
-0.00336802 48 57 32 38 735 217 81 171
-0.00336995 48 76 32 38 735 217 81 171
-0.00336882 48 95 32 38 735 217 81 171
-0.00336572 48 114 32 38 735 217 81 171
-0.0033697 48 133 32 38 735 217 81 171
-0.00336916 0 0 32 38 735 217 81 171
-0.0033695 0 19 32 38 735 217 81 171
-0.00337046 0 38 32 38 735 217 81 171
-0.00336992 0 57 32 38 735 217 81 171
-0.00337041 0 76 32 38 735 217 81 171
-0.00336623 0 95 32 38 735 217 81 171
-0.00336787 0 114 32 38 735 217 81 171
-0.00336895 0 133 32 38 735 217 81 171
-0.00337037 16 0 32 38 735 217 81 171
-0.00336978 16 19 32 38 735 217 81 171
-0.00337 16 38 32 38 735 217 81 171
-0.00336669 16 57 32 38 735 217 81 171
-0.00336928 16 76 32 38 735 217 81 171
-0.00337064 16 95 32 38 735 217 81 171
-0.00336953 16 114 32 38 735 217 81 171
-0.00337042 16 133 32 38 735 217 81 171
-0.00336915 32 0 32 38 735 217 81 171
-0.00337049 32 19 32 38 735 217 81 171
-0.00337034 32 38 32 38 735 217 81 171
-0.00336837 32 57 32 38 735 217 81 171
-0.00325789 32 76 32 38 735 217 81 171
-0.0033698 32 95 32 38 735 217 81 171
-0.00337025 32 114 32 38 735 217 81 171
-0.00336978 32 133 32 38 735 217 81 171
-0.00337048 48 0 32 38 735 217 81 171
-0.00336975 48 19 32 38 735 217 81 171
-0.00337054 48 38 32 38 735 217 81 171
-0.00336967 48 57 32 38 735 217 81 171
-0.00336829 48 76 32 38 735 217 81 171
-0.00336774 48 95 32 38 735 217 81 171
-0.00336973 48 114 32 38 735 217 81 171
-0.00336919 48 133 32 38 735 217 81 171
-0.0033684 0 0 54 48 735 217 81 171
-0.00336559 0 24 54 48 735 217 81 171
-0.00335363 0 48 54 48 735 217 81 171
-0.00336996 0 72 54 48 735 217 81 171
-0.00336736 0 96 54 48 735 217 81 171
-0.00337005 0 120 54 48 735 217 81 171
-0.00336312 27 0 54 48 735 217 81 171
-0.00336618 27 24 54 48 735 217 81 171
-0.00336529 27 48 54 48 735 217 81 171
-0.0033662 27 72 54 48 735 217 81 171
-0.00336402 27 96 54 48 735 217 81 171
-0.00336749 27 120 54 48 735 217 81 171
-0.00336954 0 0 54 48 735 217 81 171
-0.00336994 0 24 54 48 735 217 81 171
-0.00336329 0 48 54 48 735 217 81 171
-0.00337044 0 72 54 48 735 217 81 171
-0.00336532 0 96 54 48 735 217 81 171
-0.00162266 0 120 54 48 735 217 81 171
-0.00336328 27 0 54 48 735 217 81 171
-0.00336918 27 24 54 48 735 217 81 171
-0.00336886 27 48 54 48 735 217 81 171
-0.00336597 27 72 54 48 735 217 81 171
-0.00336846 27 96 54 48 735 217 81 171
-0.00336426 27 120 54 48 735 217 81 171
-0.00336828 0 0 54 48 735 217 81 171
-0.00336656 0 24 54 48 735 217 81 171
-0.00336916 0 48 54 48 735 217 81 171
-0.0033578 0 72 54 48 735 217 81 171
-0.00156442 0 96 54 48 735 217 81 171
-0.00336802 0 120 54 48 735 217 81 171
-0.00336765 27 0 54 48 735 217 81 171
-0.00336795 27 24 54 48 735 217 81 171
-0.0033628 27 48 54 48 735 217 81 171
-0.00140273 27 72 54 48 735 217 81 171
-0.00125317 27 96 54 48 735 217 81 171
-0.00336581 27 120 54 48 735 217 81 171
-0.00335604 0 0 54 48 735 217 81 171
-0.00336871 0 24 54 48 735 217 81 171
-0.00336812 0 48 54 48 735 217 81 171
-0.00335798 0 72 54 48 735 217 81 171
-0.0118177 0 96 54 48 735 217 81 171
-0.00336579 0 120 54 48 735 217 81 171
-0.0033625 27 0 54 48 735 217 81 171
-0.00336865 27 24 54 48 735 217 81 171
-0.00336619 27 48 54 48 735 217 81 171
-0.00336083 27 72 54 48 735 217 81 171
-0.00335646 27 96 54 48 735 217 81 171
-0.00335872 27 120 54 48 735 217 81 171
-0.00336958 0 0 54 48 735 217 81 171
-0.00336225 0 24 54 48 735 217 81 171
-0.0033681 0 48 54 48 735 217 81 171
-0.00336871 0 72 54 48 735 217 81 171
-0.00178812 0 96 54 48 735 217 81 171
-0.00336661 0 120 54 48 735 217 81 171
-0.00336798 27 0 54 48 735 217 81 171
-0.00336265 27 24 54 48 735 217 81 171
-0.00336912 27 48 54 48 735 217 81 171
-0.00336981 27 72 54 48 735 217 81 171
-0.00336749 27 96 54 48 735 217 81 171
-0.00336558 27 120 54 48 735 217 81 171
-0.00336729 0 0 54 48 735 217 81 171
-0.00336229 0 24 54 48 735 217 81 171
-0.00335236 0 48 54 48 735 217 81 171
-0.0033667 0 72 54 48 735 217 81 171
-0.00336397 0 96 54 48 735 217 81 171
-0.00336641 0 120 54 48 735 217 81 171
-0.00335895 27 0 54 48 735 217 81 171
-0.00336749 27 24 54 48 735 217 81 171
-0.00335239 27 48 54 48 735 217 81 171
-0.00335515 27 72 54 48 735 217 81 171
-0.00336921 27 96 54 48 735 217 81 171
-0.00336998 27 120 54 48 735 217 81 171
-0.00336708 0 0 54 48 735 217 81 171
-0.00336787 0 24 54 48 735 217 81 171
-0.00336872 0 48 54 48 735 217 81 171
-0.00337022 0 72 54 48 735 217 81 171
-0.00336468 0 96 54 48 735 217 81 171
-0.00337015 0 120 54 48 735 217 81 171
-0.00336647 27 0 54 48 735 217 81 171
-0.00337009 27 24 54 48 735 217 81 171
-0.00336711 27 48 54 48 735 217 81 171
-0.00336932 27 72 54 48 735 217 81 171
-0.00336989 27 96 54 48 735 217 81 171
-0.0033698 27 120 54 48 735 217 81 171
-0.00336732 0 0 54 48 735 217 81 171
-0.00336612 0 24 54 48 735 217 81 171
-0.00336996 0 48 54 48 735 217 81 171
-0.00336681 0 72 54 48 735 217 81 171
-0.00269184 0 96 54 48 735 217 81 171
-0.00336921 0 120 54 48 735 217 81 171
-0.00336368 27 0 54 48 735 217 81 171
-0.00336757 27 24 54 48 735 217 81 171
-0.00336801 27 48 54 48 735 217 81 171
-0.00336936 27 72 54 48 735 217 81 171
-0.00336581 27 96 54 48 735 217 81 171
-0.00336817 27 120 54 48 735 217 81 171
-0.00336736 0 0 54 48 735 217 81 171
-0.00336972 0 24 54 48 735 217 81 171
-0.00335267 0 48 54 48 735 217 81 171
-0.00337066 0 72 54 48 735 217 81 171
-0.00336784 0 96 54 48 735 217 81 171
-0.00337061 0 120 54 48 735 217 81 171
-0.00336505 27 0 54 48 735 217 81 171
-0.00336936 27 24 54 48 735 217 81 171
-0.00336644 27 48 54 48 735 217 81 171
-0.00337027 27 72 54 48 735 217 81 171
-0.00251028 27 96 54 48 735 217 81 171
-0.00336948 27 120 54 48 735 217 81 171
-0.00337018 0 0 54 48 735 217 81 171
-0.00337032 0 24 54 48 735 217 81 171
-0.00336821 0 48 54 48 735 217 81 171
-0.00336931 0 72 54 48 735 217 81 171
-0.00337004 0 96 54 48 735 217 81 171
-0.00337026 0 120 54 48 735 217 81 171
-0.00336907 27 0 54 48 735 217 81 171
-0.0033702 27 24 54 48 735 217 81 171
-0.0033687 27 48 54 48 735 217 81 171
-0.00335875 27 72 54 48 735 217 81 171
-0.00336924 27 96 54 48 735 217 81 171
-0.00336012 27 120 54 48 735 217 81 171
-0.0016509 0 0 81 85 735 217 81 171
-0.00253689 0 42 81 85 735 217 81 171
-0.00301879 0 84 81 85 735 217 81 171
-0.00297031 0 0 81 85 735 217 81 171
-0.00336192 0 42 81 85 735 217 81 171
-0.00336529 0 84 81 85 735 217 81 171
-0.003362 0 0 81 85 735 217 81 171
-0.00335555 0 42 81 85 735 217 81 171
-0.00336287 0 84 81 85 735 217 81 171
-0.00336793 0 0 81 85 735 217 81 171
-0.00336456 0 42 81 85 735 217 81 171
-0.00316332 0 84 81 85 735 217 81 171
-0.00182211 0 0 81 85 735 217 81 171
-0.00336574 0 42 81 85 735 217 81 171
-0.00226074 0 84 81 85 735 217 81 171
-0.00159543 0 0 81 85 735 217 81 171
-0.00200703 0 42 81 85 735 217 81 171
-0.00336845 0 84 81 85 735 217 81 171
-0.00335838 0 0 81 85 735 217 81 171
-0.00336396 0 42 81 85 735 217 81 171
-0.00336638 0 84 81 85 735 217 81 171
-0.00335633 0 0 81 85 735 217 81 171
-0.00336672 0 42 81 85 735 217 81 171
-0.0033618 0 84 81 85 735 217 81 171
-0.00335505 0 0 81 85 735 217 81 171
-0.00309146 0 42 81 85 735 217 81 171
-0.00336682 0 84 81 85 735 217 81 171
-0.00287016 0 0 81 85 735 217 81 171
-0.0033571 0 42 81 85 735 217 81 171
-0.00328151 0 84 81 85 735 217 81 171
-0.00190084 0 0 81 171 735 217 81 171
-0.00335478 0 0 81 171 735 217 81 171
-0.00210463 0 0 81 171 735 217 81 171
-0.00231854 0 0 81 171 735 217 81 171
-0.00144009 0 0 81 171 735 217 81 171
-0.00335822 0 0 81 171 735 217 81 171
-0.0030674 0 0 81 171 735 217 81 171
-0.00271776 0 0 81 171 735 217 81 171
-0.00175246 0 0 81 171 735 217 81 171
-0.00118777 0 0 81 171 735 217 81 171
