-0.0027228 0 0 8 8 333 40 40 40
-0.00272275 0 4 8 8 333 40 40 40
-0.00272272 0 8 8 8 333 40 40 40
-0.00272145 0 12 8 8 333 40 40 40
-0.00271937 0 16 8 8 333 40 40 40
-0.0027218 0 20 8 8 333 40 40 40
-0.00272199 0 24 8 8 333 40 40 40
-0.00272105 0 28 8 8 333 40 40 40
-0.00272284 4 0 8 8 333 40 40 40
-0.00272273 4 4 8 8 333 40 40 40
-0.00272228 4 8 8 8 333 40 40 40
-0.00272037 4 12 8 8 333 40 40 40
-0.00239958 4 16 8 8 333 40 40 40
-0.00272015 4 20 8 8 333 40 40 40
-0.0027215 4 24 8 8 333 40 40 40
-0.00272044 4 28 8 8 333 40 40 40
-0.00272226 8 0 8 8 333 40 40 40
-0.00271888 8 4 8 8 333 40 40 40
-0.00272236 8 8 8 8 333 40 40 40
-0.00272247 8 12 8 8 333 40 40 40
-0.00272111 8 16 8 8 333 40 40 40
-0.00271824 8 20 8 8 333 40 40 40
-0.0027199 8 24 8 8 333 40 40 40
-0.00271123 8 28 8 8 333 40 40 40
-0.00272203 12 0 8 8 333 40 40 40
-0.00272219 12 4 8 8 333 40 40 40
-0.00272269 12 8 8 8 333 40 40 40
-0.00272182 12 12 8 8 333 40 40 40
-0.00272255 12 16 8 8 333 40 40 40
-0.00272062 12 20 8 8 333 40 40 40
-0.00271858 12 24 8 8 333 40 40 40
-0.00272068 12 28 8 8 333 40 40 40
-0.00272272 16 0 8 8 333 40 40 40
-0.0027228 16 4 8 8 333 40 40 40
-0.00272189 16 8 8 8 333 40 40 40
-0.00272241 16 12 8 8 333 40 40 40
-0.00272091 16 16 8 8 333 40 40 40
-0.00272212 16 20 8 8 333 40 40 40
-0.00272129 16 24 8 8 333 40 40 40
-0.00271755 16 28 8 8 333 40 40 40
-0.00272092 20 0 8 8 333 40 40 40
-0.00272045 20 4 8 8 333 40 40 40
-0.00272198 20 8 8 8 333 40 40 40
-0.00272022 20 12 8 8 333 40 40 40
-0.00271909 20 16 8 8 333 40 40 40
-0.00272131 20 20 8 8 333 40 40 40
-0.00272114 20 24 8 8 333 40 40 40
-0.00271891 20 28 8 8 333 40 40 40
-0.00272238 24 0 8 8 333 40 40 40
-0.00272255 24 4 8 8 333 40 40 40
-0.00272211 24 8 8 8 333 40 40 40
-0.00272264 24 12 8 8 333 40 40 40
-0.00272083 24 16 8 8 333 40 40 40
-0.00271929 24 20 8 8 333 40 40 40
-0.00271753 24 24 8 8 333 40 40 40
-0.00271937 24 28 8 8 333 40 40 40
-0.00272256 28 0 8 8 333 40 40 40
-0.00272269 28 4 8 8 333 40 40 40
-0.00272251 28 8 8 8 333 40 40 40
-0.00272241 28 12 8 8 333 40 40 40
-0.00272285 28 16 8 8 333 40 40 40
-0.00272295 28 20 8 8 333 40 40 40
-0.00272291 28 24 8 8 333 40 40 40
-0.00272029 28 28 8 8 333 40 40 40
-0.00272286 0 0 8 8 333 40 40 40
-0.00272289 0 4 8 8 333 40 40 40
-0.00272285 0 8 8 8 333 40 40 40
-0.00272238 0 12 8 8 333 40 40 40
-0.00272135 0 16 8 8 333 40 40 40
-0.00272039 0 20 8 8 333 40 40 40
-0.00272248 0 24 8 8 333 40 40 40
-0.00272229 0 28 8 8 333 40 40 40
-0.00272213 4 0 8 8 333 40 40 40
-0.00272191 4 4 8 8 333 40 40 40
-0.00272229 4 8 8 8 333 40 40 40
-0.00272142 4 12 8 8 333 40 40 40
-0.00272053 4 16 8 8 333 40 40 40
-0.00272195 4 20 8 8 333 40 40 40
-0.00272236 4 24 8 8 333 40 40 40
-0.00272259 4 28 8 8 333 40 40 40
-0.00272173 8 0 8 8 333 40 40 40
-0.0027098 8 4 8 8 333 40 40 40
-0.00271849 8 8 8 8 333 40 40 40
-0.00272077 8 12 8 8 333 40 40 40
-0.00271798 8 16 8 8 333 40 40 40
-0.00272134 8 20 8 8 333 40 40 40
-0.00272136 8 24 8 8 333 40 40 40
-0.00272248 8 28 8 8 333 40 40 40
-0.00272074 12 0 8 8 333 40 40 40
-0.00271198 12 4 8 8 333 40 40 40
-0.00272195 12 8 8 8 333 40 40 40
-0.0027223 12 12 8 8 333 40 40 40
-0.00272208 12 16 8 8 333 40 40 40
-0.00272124 12 20 8 8 333 40 40 40
-0.00271861 12 24 8 8 333 40 40 40
-0.00272084 12 28 8 8 333 40 40 40
-0.00272156 16 0 8 8 333 40 40 40
-0.00271951 16 4 8 8 333 40 40 40
-0.00272164 16 8 8 8 333 40 40 40
-0.00272182 16 12 8 8 333 40 40 40
-0.00271792 16 16 8 8 333 40 40 40
-0.00272027 16 20 8 8 333 40 40 40
-0.00272072 16 24 8 8 333 40 40 40
-0.00272142 16 28 8 8 333 40 40 40
-0.00272212 20 0 8 8 333 40 40 40
-0.00271766 20 4 8 8 333 40 40 40
-0.00272008 20 8 8 8 333 40 40 40
-0.00272248 20 12 8 8 333 40 40 40
-0.00271962 20 16 8 8 333 40 40 40
-0.00272174 20 20 8 8 333 40 40 40
-0.00272172 20 24 8 8 333 40 40 40
-0.00271971 20 28 8 8 333 40 40 40
-0.00272249 24 0 8 8 333 40 40 40
-0.00272045 24 4 8 8 333 40 40 40
-0.00272207 24 8 8 8 333 40 40 40
-0.00272262 24 12 8 8 333 40 40 40
-0.00271697 24 16 8 8 333 40 40 40
-0.00272039 24 20 8 8 333 40 40 40
-0.0027193 24 24 8 8 333 40 40 40
-0.00271759 24 28 8 8 333 40 40 40
-0.00272205 28 0 8 8 333 40 40 40
-0.0027223 28 4 8 8 333 40 40 40
-0.00272266 28 8 8 8 333 40 40 40
-0.00272183 28 12 8 8 333 40 40 40
-0.00272052 28 16 8 8 333 40 40 40
-0.00272184 28 20 8 8 333 40 40 40
-0.00272109 28 24 8 8 333 40 40 40
-0.00271723 28 28 8 8 333 40 40 40
-0.00272232 0 0 8 8 333 40 40 40
-0.00272177 0 4 8 8 333 40 40 40
-0.00272228 0 8 8 8 333 40 40 40
-0.00272172 0 12 8 8 333 40 40 40
-0.00272219 0 16 8 8 333 40 40 40
-0.00272118 0 20 8 8 333 40 40 40
-0.00272215 0 24 8 8 333 40 40 40
-0.00272229 0 28 8 8 333 40 40 40
-0.00272281 4 0 8 8 333 40 40 40
-0.00272264 4 4 8 8 333 40 40 40
-0.00272276 4 8 8 8 333 40 40 40
-0.0027228 4 12 8 8 333 40 40 40
-0.00272267 4 16 8 8 333 40 40 40
-0.00272146 4 20 8 8 333 40 40 40
-0.00271384 4 24 8 8 333 40 40 40
-0.00271328 4 28 8 8 333 40 40 40
-0.00272295 8 0 8 8 333 40 40 40
-0.00272261 8 4 8 8 333 40 40 40
-0.00272209 8 8 8 8 333 40 40 40
-0.00272195 8 12 8 8 333 40 40 40
-0.0027218 8 16 8 8 333 40 40 40
-0.00271941 8 20 8 8 333 40 40 40
-0.00254489 8 24 8 8 333 40 40 40
-0.00108939 8 28 8 8 333 40 40 40
-0.00272295 12 0 8 8 333 40 40 40
-0.00272249 12 4 8 8 333 40 40 40
-0.00271365 12 8 8 8 333 40 40 40
-0.00171724 12 12 8 8 333 40 40 40
-0.00185326 12 16 8 8 333 40 40 40
-0.00271564 12 20 8 8 333 40 40 40
-0.00271323 12 24 8 8 333 40 40 40
-0.00200788 12 28 8 8 333 40 40 40
-0.00272296 16 0 8 8 333 40 40 40
-0.0027225 16 4 8 8 333 40 40 40
-0.0027178 16 8 8 8 333 40 40 40
-0.00233699 16 12 8 8 333 40 40 40
-0.00271104 16 16 8 8 333 40 40 40
-0.00271383 16 20 8 8 333 40 40 40
-0.00178553 16 24 8 8 333 40 40 40
-0.000920555 16 28 8 8 333 40 40 40
-0.00272286 20 0 8 8 333 40 40 40
-0.00272239 20 4 8 8 333 40 40 40
-0.00271684 20 8 8 8 333 40 40 40
-0.000718123 20 12 8 8 333 40 40 40
-0.00141953 20 16 8 8 333 40 40 40
-0.00157454 20 20 8 8 333 40 40 40
-0.000784032 20 24 8 8 333 40 40 40
-0.000742809 20 28 8 8 333 40 40 40
-0.00272271 24 0 8 8 333 40 40 40
-0.00272228 24 4 8 8 333 40 40 40
-0.00271614 24 8 8 8 333 40 40 40
-0.00147364 24 12 8 8 333 40 40 40
-0.00189731 24 16 8 8 333 40 40 40
-0.00144697 24 20 8 8 333 40 40 40
-0.00112517 24 24 8 8 333 40 40 40
-0.00150018 24 28 8 8 333 40 40 40
-0.00272256 28 0 8 8 333 40 40 40
-0.00272135 28 4 8 8 333 40 40 40
-0.00272124 28 8 8 8 333 40 40 40
-0.00272244 28 12 8 8 333 40 40 40
-0.00272258 28 16 8 8 333 40 40 40
-0.00272213 28 20 8 8 333 40 40 40
-0.00272178 28 24 8 8 333 40 40 40
-0.0027223 28 28 8 8 333 40 40 40
-0.00272223 0 0 8 8 333 40 40 40
-0.00271773 0 4 8 8 333 40 40 40
-0.00272018 0 8 8 8 333 40 40 40
-0.00271057 0 12 8 8 333 40 40 40
-0.00271919 0 16 8 8 333 40 40 40
-0.00272012 0 20 8 8 333 40 40 40
-0.00272048 0 24 8 8 333 40 40 40
-0.00272142 0 28 8 8 333 40 40 40
-0.00272203 4 0 8 8 333 40 40 40
-0.00271569 4 4 8 8 333 40 40 40
-0.00272039 4 8 8 8 333 40 40 40
-0.00271284 4 12 8 8 333 40 40 40
-0.00272032 4 16 8 8 333 40 40 40
-0.00272131 4 20 8 8 333 40 40 40
-0.00272061 4 24 8 8 333 40 40 40
-0.00272168 4 28 8 8 333 40 40 40
-0.00272236 8 0 8 8 333 40 40 40
-0.00272008 8 4 8 8 333 40 40 40
-0.00272137 8 8 8 8 333 40 40 40
-0.00272182 8 12 8 8 333 40 40 40
-0.00272145 8 16 8 8 333 40 40 40
-0.0027175 8 20 8 8 333 40 40 40
-0.00271743 8 24 8 8 333 40 40 40
-0.00272073 8 28 8 8 333 40 40 40
-0.00272262 12 0 8 8 333 40 40 40
-0.00272118 12 4 8 8 333 40 40 40
-0.00271981 12 8 8 8 333 40 40 40
-0.00272104 12 12 8 8 333 40 40 40
-0.00271952 12 16 8 8 333 40 40 40
-0.00271556 12 20 8 8 333 40 40 40
-0.00271571 12 24 8 8 333 40 40 40
-0.00271821 12 28 8 8 333 40 40 40
-0.00272268 16 0 8 8 333 40 40 40
-0.00272044 16 4 8 8 333 40 40 40
-0.00272236 16 8 8 8 333 40 40 40
-0.00272234 16 12 8 8 333 40 40 40
-0.00272214 16 16 8 8 333 40 40 40
-0.0027219 16 20 8 8 333 40 40 40
-0.00272225 16 24 8 8 333 40 40 40
-0.00272218 16 28 8 8 333 40 40 40
-0.00272198 20 0 8 8 333 40 40 40
-0.00272125 20 4 8 8 333 40 40 40
-0.00272263 20 8 8 8 333 40 40 40
-0.00271669 20 12 8 8 333 40 40 40
-0.00271513 20 16 8 8 333 40 40 40
-0.00271998 20 20 8 8 333 40 40 40
-0.00272022 20 24 8 8 333 40 40 40
-0.00271812 20 28 8 8 333 40 40 40
-0.00272158 24 0 8 8 333 40 40 40
-0.00272244 24 4 8 8 333 40 40 40
-0.00272224 24 8 8 8 333 40 40 40
-0.00270949 24 12 8 8 333 40 40 40
-0.00237853 24 16 8 8 333 40 40 40
-0.00271933 24 20 8 8 333 40 40 40
-0.00272009 24 24 8 8 333 40 40 40
-0.00271917 24 28 8 8 333 40 40 40
-0.00272276 28 0 8 8 333 40 40 40
-0.00272284 28 4 8 8 333 40 40 40
-0.00272146 28 8 8 8 333 40 40 40
-0.00271445 28 12 8 8 333 40 40 40
-0.00272065 28 16 8 8 333 40 40 40
-0.00272221 28 20 8 8 333 40 40 40
-0.00272088 28 24 8 8 333 40 40 40
-0.00272014 28 28 8 8 333 40 40 40
-0.00272287 0 0 8 8 333 40 40 40
-0.0027227 0 4 8 8 333 40 40 40
-0.00272059 0 8 8 8 333 40 40 40
-0.00272065 0 12 8 8 333 40 40 40
-0.00272099 0 16 8 8 333 40 40 40
-0.00272181 0 20 8 8 333 40 40 40
-0.00272202 0 24 8 8 333 40 40 40
-0.00272073 0 28 8 8 333 40 40 40
-0.00272221 4 0 8 8 333 40 40 40
-0.00272183 4 4 8 8 333 40 40 40
-0.00272089 4 8 8 8 333 40 40 40
-0.0027187 4 12 8 8 333 40 40 40
-0.0027219 4 16 8 8 333 40 40 40
-0.00272157 4 20 8 8 333 40 40 40
-0.00270944 4 24 8 8 333 40 40 40
-0.00260714 4 28 8 8 333 40 40 40
-0.00205127 8 0 8 8 333 40 40 40
-0.00271756 8 4 8 8 333 40 40 40
-0.00272038 8 8 8 8 333 40 40 40
-0.0027189 8 12 8 8 333 40 40 40
-0.00272133 8 16 8 8 333 40 40 40
-0.00271149 8 20 8 8 333 40 40 40
-0.00271697 8 24 8 8 333 40 40 40
-0.0027215 8 28 8 8 333 40 40 40
-0.00271815 12 0 8 8 333 40 40 40
-0.00272075 12 4 8 8 333 40 40 40
-0.00272119 12 8 8 8 333 40 40 40
-0.00271077 12 12 8 8 333 40 40 40
-0.00272012 12 16 8 8 333 40 40 40
-0.00272136 12 20 8 8 333 40 40 40
-0.00272177 12 24 8 8 333 40 40 40
-0.00272214 12 28 8 8 333 40 40 40
-0.00272287 16 0 8 8 333 40 40 40
-0.00272293 16 4 8 8 333 40 40 40
-0.00272271 16 8 8 8 333 40 40 40
-0.00271925 16 12 8 8 333 40 40 40
-0.00271939 16 16 8 8 333 40 40 40
-0.00271939 16 20 8 8 333 40 40 40
-0.00272042 16 24 8 8 333 40 40 40
-0.00272037 16 28 8 8 333 40 40 40
-0.0027227 20 0 8 8 333 40 40 40
-0.00272172 20 4 8 8 333 40 40 40
-0.00272265 20 8 8 8 333 40 40 40
-0.00272234 20 12 8 8 333 40 40 40
-0.00272149 20 16 8 8 333 40 40 40
-0.00272199 20 20 8 8 333 40 40 40
-0.00272131 20 24 8 8 333 40 40 40
-0.00272235 20 28 8 8 333 40 40 40
-0.00272283 24 0 8 8 333 40 40 40
-0.00272295 24 4 8 8 333 40 40 40
-0.0027229 24 8 8 8 333 40 40 40
-0.00272195 24 12 8 8 333 40 40 40
-0.00271743 24 16 8 8 333 40 40 40
-0.00272207 24 20 8 8 333 40 40 40
-0.00272191 24 24 8 8 333 40 40 40
-0.00272172 24 28 8 8 333 40 40 40
-0.0027156 28 0 8 8 333 40 40 40
-0.00271922 28 4 8 8 333 40 40 40
-0.00271867 28 8 8 8 333 40 40 40
-0.00271307 28 12 8 8 333 40 40 40
-0.00272279 28 16 8 8 333 40 40 40
-0.00272293 28 20 8 8 333 40 40 40
-0.00272287 28 24 8 8 333 40 40 40
-0.00272232 28 28 8 8 333 40 40 40
-0.00272292 0 0 8 8 333 40 40 40
-0.00272254 0 4 8 8 333 40 40 40
-0.00271827 0 8 8 8 333 40 40 40
-0.00272167 0 12 8 8 333 40 40 40
-0.00272126 0 16 8 8 333 40 40 40
-0.00272258 0 20 8 8 333 40 40 40
-0.00272269 0 24 8 8 333 40 40 40
-0.00272147 0 28 8 8 333 40 40 40
-0.00272293 4 0 8 8 333 40 40 40
-0.00272193 4 4 8 8 333 40 40 40
-0.00272159 4 8 8 8 333 40 40 40
-0.00272226 4 12 8 8 333 40 40 40
-0.00271077 4 16 8 8 333 40 40 40
-0.00271422 4 20 8 8 333 40 40 40
-0.00271763 4 24 8 8 333 40 40 40
-0.00271606 4 28 8 8 333 40 40 40
-0.0027145 8 0 8 8 333 40 40 40
-0.00272266 8 4 8 8 333 40 40 40
-0.0027229 8 8 8 8 333 40 40 40
-0.00272291 8 12 8 8 333 40 40 40
-0.00272266 8 16 8 8 333 40 40 40
-0.00252386 8 20 8 8 333 40 40 40
-0.00202965 8 24 8 8 333 40 40 40
-0.00271318 8 28 8 8 333 40 40 40
-0.0027191 12 0 8 8 333 40 40 40
-0.00272293 12 4 8 8 333 40 40 40
-0.0027226 12 8 8 8 333 40 40 40
-0.00272221 12 12 8 8 333 40 40 40
-0.00272293 12 16 8 8 333 40 40 40
-0.00272163 12 20 8 8 333 40 40 40
-0.00272064 12 24 8 8 333 40 40 40
-0.00271886 12 28 8 8 333 40 40 40
-0.00272215 16 0 8 8 333 40 40 40
-0.00272269 16 4 8 8 333 40 40 40
-0.00272284 16 8 8 8 333 40 40 40
-0.00272269 16 12 8 8 333 40 40 40
-0.00272245 16 16 8 8 333 40 40 40
-0.00272274 16 20 8 8 333 40 40 40
-0.00272267 16 24 8 8 333 40 40 40
-0.00272002 16 28 8 8 333 40 40 40
-0.00272072 20 0 8 8 333 40 40 40
-0.00272098 20 4 8 8 333 40 40 40
-0.00272237 20 8 8 8 333 40 40 40
-0.00272204 20 12 8 8 333 40 40 40
-0.00272079 20 16 8 8 333 40 40 40
-0.00272091 20 20 8 8 333 40 40 40
-0.00272242 20 24 8 8 333 40 40 40
-0.00272039 20 28 8 8 333 40 40 40
-0.00272193 24 0 8 8 333 40 40 40
-0.00272225 24 4 8 8 333 40 40 40
-0.00272274 24 8 8 8 333 40 40 40
-0.00272173 24 12 8 8 333 40 40 40
-0.00272201 24 16 8 8 333 40 40 40
-0.0027227 24 20 8 8 333 40 40 40
-0.00272221 24 24 8 8 333 40 40 40
-0.002721 24 28 8 8 333 40 40 40
-0.00272235 28 0 8 8 333 40 40 40
-0.00272278 28 4 8 8 333 40 40 40
-0.00272261 28 8 8 8 333 40 40 40
-0.00272244 28 12 8 8 333 40 40 40
-0.00272232 28 16 8 8 333 40 40 40
-0.0027229 28 20 8 8 333 40 40 40
-0.00272285 28 24 8 8 333 40 40 40
-0.0027192 28 28 8 8 333 40 40 40
-0.00272246 0 0 8 8 333 40 40 40
-0.00272093 0 4 8 8 333 40 40 40
-0.00271967 0 8 8 8 333 40 40 40
-0.00271966 0 12 8 8 333 40 40 40
-0.00271982 0 16 8 8 333 40 40 40
-0.0027214 0 20 8 8 333 40 40 40
-0.00272126 0 24 8 8 333 40 40 40
-0.00272131 0 28 8 8 333 40 40 40
-0.00272276 4 0 8 8 333 40 40 40
-0.00272253 4 4 8 8 333 40 40 40
-0.00271801 4 8 8 8 333 40 40 40
-0.00271757 4 12 8 8 333 40 40 40
-0.00272119 4 16 8 8 333 40 40 40
-0.00272133 4 20 8 8 333 40 40 40
-0.00272221 4 24 8 8 333 40 40 40
-0.00272117 4 28 8 8 333 40 40 40
-0.00272282 8 0 8 8 333 40 40 40
-0.00272275 8 4 8 8 333 40 40 40
-0.0027227 8 8 8 8 333 40 40 40
-0.00272288 8 12 8 8 333 40 40 40
-0.00272266 8 16 8 8 333 40 40 40
-0.00272169 8 20 8 8 333 40 40 40
-0.00272207 8 24 8 8 333 40 40 40
-0.00271552 8 28 8 8 333 40 40 40
-0.00272281 12 0 8 8 333 40 40 40
-0.00272123 12 4 8 8 333 40 40 40
-0.00272179 12 8 8 8 333 40 40 40
-0.00272044 12 12 8 8 333 40 40 40
-0.00272258 12 16 8 8 333 40 40 40
-0.00272217 12 20 8 8 333 40 40 40
-0.00271317 12 24 8 8 333 40 40 40
-0.00194121 12 28 8 8 333 40 40 40
-0.00272283 16 0 8 8 333 40 40 40
-0.00272253 16 4 8 8 333 40 40 40
-0.00272266 16 8 8 8 333 40 40 40
-0.00272276 16 12 8 8 333 40 40 40
-0.00272222 16 16 8 8 333 40 40 40
-0.00272215 16 20 8 8 333 40 40 40
-0.0027212 16 24 8 8 333 40 40 40
-0.00264809 16 28 8 8 333 40 40 40
-0.00272287 20 0 8 8 333 40 40 40
-0.00272091 20 4 8 8 333 40 40 40
-0.00272197 20 8 8 8 333 40 40 40
-0.00272222 20 12 8 8 333 40 40 40
-0.00272251 20 16 8 8 333 40 40 40
-0.00272209 20 20 8 8 333 40 40 40
-0.00272207 20 24 8 8 333 40 40 40
-0.00271979 20 28 8 8 333 40 40 40
-0.00272277 24 0 8 8 333 40 40 40
-0.00272296 24 4 8 8 333 40 40 40
-0.00272287 24 8 8 8 333 40 40 40
-0.00272286 24 12 8 8 333 40 40 40
-0.00272277 24 16 8 8 333 40 40 40
-0.00272175 24 20 8 8 333 40 40 40
-0.00271981 24 24 8 8 333 40 40 40
-0.00271897 24 28 8 8 333 40 40 40
-0.0027227 28 0 8 8 333 40 40 40
-0.00272275 28 4 8 8 333 40 40 40
-0.0027222 28 8 8 8 333 40 40 40
-0.00272203 28 12 8 8 333 40 40 40
-0.00272263 28 16 8 8 333 40 40 40
-0.00272254 28 20 8 8 333 40 40 40
-0.00271461 28 24 8 8 333 40 40 40
-0.00271544 28 28 8 8 333 40 40 40
-0.00272183 0 0 8 8 333 40 40 40
-0.00272099 0 4 8 8 333 40 40 40
-0.00272251 0 8 8 8 333 40 40 40
-0.00272231 0 12 8 8 333 40 40 40
-0.00272272 0 16 8 8 333 40 40 40
-0.00272285 0 20 8 8 333 40 40 40
-0.00272278 0 24 8 8 333 40 40 40
-0.00272291 0 28 8 8 333 40 40 40
-0.00272258 4 0 8 8 333 40 40 40
-0.00272232 4 4 8 8 333 40 40 40
-0.00272236 4 8 8 8 333 40 40 40
-0.00271708 4 12 8 8 333 40 40 40
-0.0027229 4 16 8 8 333 40 40 40
-0.00272262 4 20 8 8 333 40 40 40
-0.00272205 4 24 8 8 333 40 40 40
-0.00272247 4 28 8 8 333 40 40 40
-0.00272279 8 0 8 8 333 40 40 40
-0.00272253 8 4 8 8 333 40 40 40
-0.00272225 8 8 8 8 333 40 40 40
-0.00271993 8 12 8 8 333 40 40 40
-0.00272263 8 16 8 8 333 40 40 40
-0.00272269 8 20 8 8 333 40 40 40
-0.00272291 8 24 8 8 333 40 40 40
-0.00272284 8 28 8 8 333 40 40 40
-0.00272287 12 0 8 8 333 40 40 40
-0.00272067 12 4 8 8 333 40 40 40
-0.00272212 12 8 8 8 333 40 40 40
-0.0027191 12 12 8 8 333 40 40 40
-0.00272139 12 16 8 8 333 40 40 40
-0.00272187 12 20 8 8 333 40 40 40
-0.00272175 12 24 8 8 333 40 40 40
-0.00271985 12 28 8 8 333 40 40 40
-0.00272294 16 0 8 8 333 40 40 40
-0.00272211 16 4 8 8 333 40 40 40
-0.00272157 16 8 8 8 333 40 40 40
-0.00272062 16 12 8 8 333 40 40 40
-0.00272049 16 16 8 8 333 40 40 40
-0.0027212 16 20 8 8 333 40 40 40
-0.00242054 16 24 8 8 333 40 40 40
-0.0013622 16 28 8 8 333 40 40 40
-0.00272288 20 0 8 8 333 40 40 40
-0.00272047 20 4 8 8 333 40 40 40
-0.00272212 20 8 8 8 333 40 40 40
-0.0027223 20 12 8 8 333 40 40 40
-0.00272136 20 16 8 8 333 40 40 40
-0.00272244 20 20 8 8 333 40 40 40
-0.00271846 20 24 8 8 333 40 40 40
-0.00271753 20 28 8 8 333 40 40 40
-0.0027227 24 0 8 8 333 40 40 40
-0.00272284 24 4 8 8 333 40 40 40
-0.00272291 24 8 8 8 333 40 40 40
-0.00272287 24 12 8 8 333 40 40 40
-0.00272246 24 16 8 8 333 40 40 40
-0.00272197 24 20 8 8 333 40 40 40
-0.00271688 24 24 8 8 333 40 40 40
-0.00272054 24 28 8 8 333 40 40 40
-0.00272256 28 0 8 8 333 40 40 40
-0.00272253 28 4 8 8 333 40 40 40
-0.00272245 28 8 8 8 333 40 40 40
-0.00272172 28 12 8 8 333 40 40 40
-0.00272276 28 16 8 8 333 40 40 40
-0.00271621 28 20 8 8 333 40 40 40
-0.00271712 28 24 8 8 333 40 40 40
-0.00271548 28 28 8 8 333 40 40 40
-0.00272283 0 0 8 8 333 40 40 40
-0.00272231 0 4 8 8 333 40 40 40
-0.00272275 0 8 8 8 333 40 40 40
-0.00272295 0 12 8 8 333 40 40 40
-0.00272234 0 16 8 8 333 40 40 40
-0.00272287 0 20 8 8 333 40 40 40
-0.00272256 0 24 8 8 333 40 40 40
-0.00272294 0 28 8 8 333 40 40 40
-0.00272259 4 0 8 8 333 40 40 40
-0.00272289 4 4 8 8 333 40 40 40
-0.00272294 4 8 8 8 333 40 40 40
-0.00272264 4 12 8 8 333 40 40 40
-0.00272264 4 16 8 8 333 40 40 40
-0.00272285 4 20 8 8 333 40 40 40
-0.00272243 4 24 8 8 333 40 40 40
-0.00272275 4 28 8 8 333 40 40 40
-0.00272261 8 0 8 8 333 40 40 40
-0.00272238 8 4 8 8 333 40 40 40
-0.00272134 8 8 8 8 333 40 40 40
-0.00272064 8 12 8 8 333 40 40 40
-0.00272228 8 16 8 8 333 40 40 40
-0.00272245 8 20 8 8 333 40 40 40
-0.00272294 8 24 8 8 333 40 40 40
-0.00272289 8 28 8 8 333 40 40 40
-0.00272248 12 0 8 8 333 40 40 40
-0.00272185 12 4 8 8 333 40 40 40
-0.00272119 12 8 8 8 333 40 40 40
-0.00271895 12 12 8 8 333 40 40 40
-0.00272149 12 16 8 8 333 40 40 40
-0.00272192 12 20 8 8 333 40 40 40
-0.00272147 12 24 8 8 333 40 40 40
-0.00271947 12 28 8 8 333 40 40 40
-0.00272293 16 0 8 8 333 40 40 40
-0.00272184 16 4 8 8 333 40 40 40
-0.00271971 16 8 8 8 333 40 40 40
-0.00272125 16 12 8 8 333 40 40 40
-0.00272105 16 16 8 8 333 40 40 40
-0.00272205 16 20 8 8 333 40 40 40
-0.00271777 16 24 8 8 333 40 40 40
-0.00216257 16 28 8 8 333 40 40 40
-0.0027229 20 0 8 8 333 40 40 40
-0.00272255 20 4 8 8 333 40 40 40
-0.00272244 20 8 8 8 333 40 40 40
-0.0027219 20 12 8 8 333 40 40 40
-0.0027213 20 16 8 8 333 40 40 40
-0.00272251 20 20 8 8 333 40 40 40
-0.00271951 20 24 8 8 333 40 40 40
-0.00271756 20 28 8 8 333 40 40 40
-0.00272257 24 0 8 8 333 40 40 40
-0.00272253 24 4 8 8 333 40 40 40
-0.00272282 24 8 8 8 333 40 40 40
-0.0027226 24 12 8 8 333 40 40 40
-0.00272189 24 16 8 8 333 40 40 40
-0.00272175 24 20 8 8 333 40 40 40
-0.00271942 24 24 8 8 333 40 40 40
-0.002722 24 28 8 8 333 40 40 40
-0.00272245 28 0 8 8 333 40 40 40
-0.0027223 28 4 8 8 333 40 40 40
-0.00272157 28 8 8 8 333 40 40 40
-0.00272287 28 12 8 8 333 40 40 40
-0.00272233 28 16 8 8 333 40 40 40
-0.00271786 28 20 8 8 333 40 40 40
-0.0027196 28 24 8 8 333 40 40 40
-0.0027202 28 28 8 8 333 40 40 40
-0.00272292 0 0 8 8 333 40 40 40
-0.00272269 0 4 8 8 333 40 40 40
-0.00272292 0 8 8 8 333 40 40 40
-0.00272098 0 12 8 8 333 40 40 40
-0.0027225 0 16 8 8 333 40 40 40
-0.00272264 0 20 8 8 333 40 40 40
-0.00272267 0 24 8 8 333 40 40 40
-0.00272104 0 28 8 8 333 40 40 40
-0.00272271 4 0 8 8 333 40 40 40
-0.00272286 4 4 8 8 333 40 40 40
-0.00272249 4 8 8 8 333 40 40 40
-0.00272101 4 12 8 8 333 40 40 40
-0.00271912 4 16 8 8 333 40 40 40
-0.0027224 4 20 8 8 333 40 40 40
-0.0027224 4 24 8 8 333 40 40 40
-0.00271841 4 28 8 8 333 40 40 40
-0.00272117 8 0 8 8 333 40 40 40
-0.00272091 8 4 8 8 333 40 40 40
-0.00272042 8 8 8 8 333 40 40 40
-0.00272088 8 12 8 8 333 40 40 40
-0.00272089 8 16 8 8 333 40 40 40
-0.00196377 8 20 8 8 333 40 40 40
-0.00207288 8 24 8 8 333 40 40 40
-0.00271879 8 28 8 8 333 40 40 40
-0.00271863 12 0 8 8 333 40 40 40
-0.00272193 12 4 8 8 333 40 40 40
-0.00272268 12 8 8 8 333 40 40 40
-0.00272041 12 12 8 8 333 40 40 40
-0.00272242 12 16 8 8 333 40 40 40
-0.00272222 12 20 8 8 333 40 40 40
-0.0027208 12 24 8 8 333 40 40 40
-0.00272214 12 28 8 8 333 40 40 40
-0.00272251 16 0 8 8 333 40 40 40
-0.00272284 16 4 8 8 333 40 40 40
-0.00272226 16 8 8 8 333 40 40 40
-0.00272139 16 12 8 8 333 40 40 40
-0.00272149 16 16 8 8 333 40 40 40
-0.00272181 16 20 8 8 333 40 40 40
-0.00271918 16 24 8 8 333 40 40 40
-0.00271946 16 28 8 8 333 40 40 40
-0.00272217 20 0 8 8 333 40 40 40
-0.00272189 20 4 8 8 333 40 40 40
-0.00272276 20 8 8 8 333 40 40 40
-0.00272239 20 12 8 8 333 40 40 40
-0.00272242 20 16 8 8 333 40 40 40
-0.00272251 20 20 8 8 333 40 40 40
-0.0027212 20 24 8 8 333 40 40 40
-0.00272206 20 28 8 8 333 40 40 40
-0.00272189 24 0 8 8 333 40 40 40
-0.00272233 24 4 8 8 333 40 40 40
-0.00272259 24 8 8 8 333 40 40 40
-0.00271938 24 12 8 8 333 40 40 40
-0.0027131 24 16 8 8 333 40 40 40
-0.00262764 24 20 8 8 333 40 40 40
-0.00271735 24 24 8 8 333 40 40 40
-0.00272252 24 28 8 8 333 40 40 40
-0.00272228 28 0 8 8 333 40 40 40
-0.00272182 28 4 8 8 333 40 40 40
-0.00272241 28 8 8 8 333 40 40 40
-0.0027224 28 12 8 8 333 40 40 40
-0.00272225 28 16 8 8 333 40 40 40
-0.00272265 28 20 8 8 333 40 40 40
-0.00272289 28 24 8 8 333 40 40 40
-0.00272287 28 28 8 8 333 40 40 40
-0.00272286 0 0 13 11 333 40 40 40
-0.00272217 0 5 13 11 333 40 40 40
-0.00272098 0 10 13 11 333 40 40 40
-0.00271711 0 15 13 11 333 40 40 40
-0.00272133 0 20 13 11 333 40 40 40
-0.00272083 0 25 13 11 333 40 40 40
-0.0027213 6 0 13 11 333 40 40 40
-0.00272153 6 5 13 11 333 40 40 40
-0.00271811 6 10 13 11 333 40 40 40
-0.00272122 6 15 13 11 333 40 40 40
-0.00222946 6 20 13 11 333 40 40 40
-0.00159948 6 25 13 11 333 40 40 40
-0.00272223 12 0 13 11 333 40 40 40
-0.00272238 12 5 13 11 333 40 40 40
-0.0027195 12 10 13 11 333 40 40 40
-0.00272158 12 15 13 11 333 40 40 40
-0.00271646 12 20 13 11 333 40 40 40
-0.00180824 12 25 13 11 333 40 40 40
-0.00271931 18 0 13 11 333 40 40 40
-0.0027208 18 5 13 11 333 40 40 40
-0.00272069 18 10 13 11 333 40 40 40
-0.00271784 18 15 13 11 333 40 40 40
-0.00271664 18 20 13 11 333 40 40 40
-0.00271188 18 25 13 11 333 40 40 40
-0.00272008 24 0 13 11 333 40 40 40
-0.00272007 24 5 13 11 333 40 40 40
-0.00272184 24 10 13 11 333 40 40 40
-0.00272283 24 15 13 11 333 40 40 40
-0.00272289 24 20 13 11 333 40 40 40
-0.00272213 24 25 13 11 333 40 40 40
-0.00272264 0 0 13 11 333 40 40 40
-0.00272242 0 5 13 11 333 40 40 40
-0.00272166 0 10 13 11 333 40 40 40
-0.00272089 0 15 13 11 333 40 40 40
-0.00271805 0 20 13 11 333 40 40 40
-0.00272206 0 25 13 11 333 40 40 40
-0.00271967 6 0 13 11 333 40 40 40
-0.00271215 6 5 13 11 333 40 40 40
-0.00271629 6 10 13 11 333 40 40 40
-0.00271744 6 15 13 11 333 40 40 40
-0.0027127 6 20 13 11 333 40 40 40
-0.00272166 6 25 13 11 333 40 40 40
-0.00271925 12 0 13 11 333 40 40 40
-0.00271732 12 5 13 11 333 40 40 40
-0.00272167 12 10 13 11 333 40 40 40
-0.00271973 12 15 13 11 333 40 40 40
-0.00271048 12 20 13 11 333 40 40 40
-0.00272092 12 25 13 11 333 40 40 40
-0.00272106 18 0 13 11 333 40 40 40
-0.00271329 18 5 13 11 333 40 40 40
-0.00272188 18 10 13 11 333 40 40 40
-0.00271249 18 15 13 11 333 40 40 40
-0.0027193 18 20 13 11 333 40 40 40
-0.00271921 18 25 13 11 333 40 40 40
-0.00272193 24 0 13 11 333 40 40 40
-0.00272118 24 5 13 11 333 40 40 40
-0.00272207 24 10 13 11 333 40 40 40
-0.00272037 24 15 13 11 333 40 40 40
-0.0027216 24 20 13 11 333 40 40 40
-0.00271911 24 25 13 11 333 40 40 40
-0.00272272 0 0 13 11 333 40 40 40
-0.0027227 0 5 13 11 333 40 40 40
-0.00272262 0 10 13 11 333 40 40 40
-0.00272188 0 15 13 11 333 40 40 40
-0.00271985 0 20 13 11 333 40 40 40
-0.0027204 0 25 13 11 333 40 40 40
-0.00272283 6 0 13 11 333 40 40 40
-0.0027216 6 5 13 11 333 40 40 40
-0.00272023 6 10 13 11 333 40 40 40
-0.00271927 6 15 13 11 333 40 40 40
-0.00271214 6 20 13 11 333 40 40 40
-0.00119342 6 25 13 11 333 40 40 40
-0.00272281 12 0 13 11 333 40 40 40
-0.00272084 12 5 13 11 333 40 40 40
-0.00162703 12 10 13 11 333 40 40 40
-0.00129813 12 15 13 11 333 40 40 40
-0.00246211 12 20 13 11 333 40 40 40
-0.000831973 12 25 13 11 333 40 40 40
-0.00272267 18 0 13 11 333 40 40 40
-0.0027209 18 5 13 11 333 40 40 40
-0.00105087 18 10 13 11 333 40 40 40
-0.00133085 18 15 13 11 333 40 40 40
-0.00115919 18 20 13 11 333 40 40 40
-0.000710973 18 25 13 11 333 40 40 40
-0.00272166 24 0 13 11 333 40 40 40
-0.00271943 24 5 13 11 333 40 40 40
-0.00272142 24 10 13 11 333 40 40 40
-0.00272179 24 15 13 11 333 40 40 40
-0.00272103 24 20 13 11 333 40 40 40
-0.00272105 24 25 13 11 333 40 40 40
-0.00271983 0 0 13 11 333 40 40 40
-0.00271532 0 5 13 11 333 40 40 40
-0.00271511 0 10 13 11 333 40 40 40
-0.00272018 0 15 13 11 333 40 40 40
-0.002712 0 20 13 11 333 40 40 40
-0.00271938 0 25 13 11 333 40 40 40
-0.00272091 6 0 13 11 333 40 40 40
-0.00213982 6 5 13 11 333 40 40 40
-0.000878926 6 10 13 11 333 40 40 40
-0.00270966 6 15 13 11 333 40 40 40
-0.00123063 6 20 13 11 333 40 40 40
-0.00271763 6 25 13 11 333 40 40 40
-0.00272161 12 0 13 11 333 40 40 40
-0.00271708 12 5 13 11 333 40 40 40
-0.00272025 12 10 13 11 333 40 40 40
-0.00272063 12 15 13 11 333 40 40 40
-0.00272147 12 20 13 11 333 40 40 40
-0.0027216 12 25 13 11 333 40 40 40
-0.00271767 18 0 13 11 333 40 40 40
-0.00272204 18 5 13 11 333 40 40 40
-0.00271924 18 10 13 11 333 40 40 40
-0.00271021 18 15 13 11 333 40 40 40
-0.00211757 18 20 13 11 333 40 40 40
-0.00271099 18 25 13 11 333 40 40 40
-0.00272256 24 0 13 11 333 40 40 40
-0.00272241 24 5 13 11 333 40 40 40
-0.00225128 24 10 13 11 333 40 40 40
-0.0027184 24 15 13 11 333 40 40 40
-0.00272002 24 20 13 11 333 40 40 40
-0.00271926 24 25 13 11 333 40 40 40
-0.00272239 0 0 13 11 333 40 40 40
-0.00272058 0 5 13 11 333 40 40 40
-0.00271479 0 10 13 11 333 40 40 40
-0.00271632 0 15 13 11 333 40 40 40
-0.00272071 0 20 13 11 333 40 40 40
-0.00271357 0 25 13 11 333 40 40 40
-0.00271109 6 0 13 11 333 40 40 40
-0.00272034 6 5 13 11 333 40 40 40
-0.00271751 6 10 13 11 333 40 40 40
-0.00271793 6 15 13 11 333 40 40 40
-0.00271944 6 20 13 11 333 40 40 40
-0.00272166 6 25 13 11 333 40 40 40
-0.00272263 12 0 13 11 333 40 40 40
-0.00272248 12 5 13 11 333 40 40 40
-0.00272001 12 10 13 11 333 40 40 40
-0.00164769 12 15 13 11 333 40 40 40
-0.00271692 12 20 13 11 333 40 40 40
-0.0027168 12 25 13 11 333 40 40 40
-0.0027214 18 0 13 11 333 40 40 40
-0.00272136 18 5 13 11 333 40 40 40
-0.00272147 18 10 13 11 333 40 40 40
-0.00272054 18 15 13 11 333 40 40 40
-0.0027204 18 20 13 11 333 40 40 40
-0.00272085 18 25 13 11 333 40 40 40
-0.00272252 24 0 13 11 333 40 40 40
-0.00272255 24 5 13 11 333 40 40 40
-0.00271961 24 10 13 11 333 40 40 40
-0.0027229 24 15 13 11 333 40 40 40
-0.00272288 24 20 13 11 333 40 40 40
-0.00272277 24 25 13 11 333 40 40 40
-0.00272289 0 0 13 11 333 40 40 40
-0.0027218 0 5 13 11 333 40 40 40
-0.00272198 0 10 13 11 333 40 40 40
-0.00272025 0 15 13 11 333 40 40 40
-0.00272204 0 20 13 11 333 40 40 40
-0.00272146 0 25 13 11 333 40 40 40
-0.00272163 6 0 13 11 333 40 40 40
-0.00272257 6 5 13 11 333 40 40 40
-0.00272138 6 10 13 11 333 40 40 40
-0.00272271 6 15 13 11 333 40 40 40
-0.0024414 6 20 13 11 333 40 40 40
-0.00101075 6 25 13 11 333 40 40 40
-0.00272237 12 0 13 11 333 40 40 40
-0.00272259 12 5 13 11 333 40 40 40
-0.00271789 12 10 13 11 333 40 40 40
-0.00272273 12 15 13 11 333 40 40 40
-0.00272222 12 20 13 11 333 40 40 40
-0.0027206 12 25 13 11 333 40 40 40
-0.00271796 18 0 13 11 333 40 40 40
-0.00272254 18 5 13 11 333 40 40 40
-0.00272143 18 10 13 11 333 40 40 40
-0.00271697 18 15 13 11 333 40 40 40
-0.00272202 18 20 13 11 333 40 40 40
-0.00271619 18 25 13 11 333 40 40 40
-0.0027217 24 0 13 11 333 40 40 40
-0.0027224 24 5 13 11 333 40 40 40
-0.00272075 24 10 13 11 333 40 40 40
-0.00272204 24 15 13 11 333 40 40 40
-0.00272278 24 20 13 11 333 40 40 40
-0.0027218 24 25 13 11 333 40 40 40
-0.00272285 0 0 13 11 333 40 40 40
-0.00272048 0 5 13 11 333 40 40 40
-0.00271451 0 10 13 11 333 40 40 40
-0.00271707 0 15 13 11 333 40 40 40
-0.00271597 0 20 13 11 333 40 40 40
-0.00272054 0 25 13 11 333 40 40 40
-0.00272277 6 0 13 11 333 40 40 40
-0.00272024 6 5 13 11 333 40 40 40
-0.00272158 6 10 13 11 333 40 40 40
-0.00272062 6 15 13 11 333 40 40 40
-0.00272129 6 20 13 11 333 40 40 40
-0.00271956 6 25 13 11 333 40 40 40
-0.00272286 12 0 13 11 333 40 40 40
-0.00271781 12 5 13 11 333 40 40 40
-0.00271793 12 10 13 11 333 40 40 40
-0.00272159 12 15 13 11 333 40 40 40
-0.00272078 12 20 13 11 333 40 40 40
-0.00271419 12 25 13 11 333 40 40 40
-0.0027226 18 0 13 11 333 40 40 40
-0.00272292 18 5 13 11 333 40 40 40
-0.00272292 18 10 13 11 333 40 40 40
-0.00272269 18 15 13 11 333 40 40 40
-0.00272079 18 20 13 11 333 40 40 40
-0.00271663 18 25 13 11 333 40 40 40
-0.00272276 24 0 13 11 333 40 40 40
-0.00272234 24 5 13 11 333 40 40 40
-0.00272158 24 10 13 11 333 40 40 40
-0.00272241 24 15 13 11 333 40 40 40
-0.00272229 24 20 13 11 333 40 40 40
-0.00271447 24 25 13 11 333 40 40 40
-0.00272244 0 0 13 11 333 40 40 40
-0.00272243 0 5 13 11 333 40 40 40
-0.00272071 0 10 13 11 333 40 40 40
-0.00272243 0 15 13 11 333 40 40 40
-0.00272246 0 20 13 11 333 40 40 40
-0.0027225 0 25 13 11 333 40 40 40
-0.00272279 6 0 13 11 333 40 40 40
-0.00272155 6 5 13 11 333 40 40 40
-0.00272075 6 10 13 11 333 40 40 40
-0.00272187 6 15 13 11 333 40 40 40
-0.00272276 6 20 13 11 333 40 40 40
-0.0027228 6 25 13 11 333 40 40 40
-0.0027229 12 0 13 11 333 40 40 40
-0.00256587 12 5 13 11 333 40 40 40
-0.00271782 12 10 13 11 333 40 40 40
-0.0027175 12 15 13 11 333 40 40 40
-0.00271996 12 20 13 11 333 40 40 40
-0.00271713 12 25 13 11 333 40 40 40
-0.00272269 18 0 13 11 333 40 40 40
-0.00272242 18 5 13 11 333 40 40 40
-0.00272263 18 10 13 11 333 40 40 40
-0.00272206 18 15 13 11 333 40 40 40
-0.00272001 18 20 13 11 333 40 40 40
-0.00271646 18 25 13 11 333 40 40 40
-0.00272214 24 0 13 11 333 40 40 40
-0.00272218 24 5 13 11 333 40 40 40
-0.00271645 24 10 13 11 333 40 40 40
-0.00272248 24 15 13 11 333 40 40 40
-0.0027158 24 20 13 11 333 40 40 40
-0.0027155 24 25 13 11 333 40 40 40
-0.00272152 0 0 13 11 333 40 40 40
-0.00272255 0 5 13 11 333 40 40 40
-0.00272293 0 10 13 11 333 40 40 40
-0.00272073 0 15 13 11 333 40 40 40
-0.00272264 0 20 13 11 333 40 40 40
-0.00272223 0 25 13 11 333 40 40 40
-0.00272281 6 0 13 11 333 40 40 40
-0.00272255 6 5 13 11 333 40 40 40
-0.00272116 6 10 13 11 333 40 40 40
-0.00271999 6 15 13 11 333 40 40 40
-0.00272286 6 20 13 11 333 40 40 40
-0.00272283 6 25 13 11 333 40 40 40
-0.00272291 12 0 13 11 333 40 40 40
-0.00271495 12 5 13 11 333 40 40 40
-0.0027205 12 10 13 11 333 40 40 40
-0.00271971 12 15 13 11 333 40 40 40
-0.0027213 12 20 13 11 333 40 40 40
-0.00271713 12 25 13 11 333 40 40 40
-0.00272282 18 0 13 11 333 40 40 40
-0.00272243 18 5 13 11 333 40 40 40
-0.00272204 18 10 13 11 333 40 40 40
-0.00272129 18 15 13 11 333 40 40 40
-0.00271962 18 20 13 11 333 40 40 40
-0.0027193 18 25 13 11 333 40 40 40
-0.00272222 24 0 13 11 333 40 40 40
-0.0027224 24 5 13 11 333 40 40 40
-0.0027222 24 10 13 11 333 40 40 40
-0.00272246 24 15 13 11 333 40 40 40
-0.00271285 24 20 13 11 333 40 40 40
-0.00271818 24 25 13 11 333 40 40 40
-0.00272271 0 0 13 11 333 40 40 40
-0.00272254 0 5 13 11 333 40 40 40
-0.00272217 0 10 13 11 333 40 40 40
-0.00272054 0 15 13 11 333 40 40 40
-0.00272143 0 20 13 11 333 40 40 40
-0.00271844 0 25 13 11 333 40 40 40
-0.00272001 6 0 13 11 333 40 40 40
-0.00272165 6 5 13 11 333 40 40 40
-0.00272029 6 10 13 11 333 40 40 40
-0.00272146 6 15 13 11 333 40 40 40
-0.00271849 6 20 13 11 333 40 40 40
-0.00271895 6 25 13 11 333 40 40 40
-0.00272171 12 0 13 11 333 40 40 40
-0.00272176 12 5 13 11 333 40 40 40
-0.00271716 12 10 13 11 333 40 40 40
-0.00272197 12 15 13 11 333 40 40 40
-0.00271376 12 20 13 11 333 40 40 40
-0.00271628 12 25 13 11 333 40 40 40
-0.0027214 18 0 13 11 333 40 40 40
-0.00272103 18 5 13 11 333 40 40 40
-0.00272192 18 10 13 11 333 40 40 40
-0.00272146 18 15 13 11 333 40 40 40
-0.00271765 18 20 13 11 333 40 40 40
-0.00272155 18 25 13 11 333 40 40 40
-0.00272202 24 0 13 11 333 40 40 40
-0.00272248 24 5 13 11 333 40 40 40
-0.00272186 24 10 13 11 333 40 40 40
-0.00272165 24 15 13 11 333 40 40 40
-0.00272266 24 20 13 11 333 40 40 40
-0.00272276 24 25 13 11 333 40 40 40
-0.00272261 0 0 16 16 333 40 40 40
-0.00271702 0 8 16 16 333 40 40 40
-0.00271928 0 16 16 16 333 40 40 40
-0.00271459 0 24 16 16 333 40 40 40
-0.00272173 8 0 16 16 333 40 40 40
-0.00271858 8 8 16 16 333 40 40 40
-0.00271723 8 16 16 16 333 40 40 40
-0.00155 8 24 16 16 333 40 40 40
-0.00271993 16 0 16 16 333 40 40 40
-0.00271897 16 8 16 16 333 40 40 40
-0.00271965 16 16 16 16 333 40 40 40
-0.00271781 16 24 16 16 333 40 40 40
-0.002718 24 0 16 16 333 40 40 40
-0.00272152 24 8 16 16 333 40 40 40
-0.0027226 24 16 16 16 333 40 40 40
-0.00272138 24 24 16 16 333 40 40 40
-0.00272191 0 0 16 16 333 40 40 40
-0.00271873 0 8 16 16 333 40 40 40
-0.00271356 0 16 16 16 333 40 40 40
-0.00272014 0 24 16 16 333 40 40 40
-0.0024826 8 0 16 16 333 40 40 40
-0.00271798 8 8 16 16 333 40 40 40
-0.0016705 8 16 16 16 333 40 40 40
-0.00272044 8 24 16 16 333 40 40 40
-0.00271442 16 0 16 16 333 40 40 40
-0.00271969 16 8 16 16 333 40 40 40
-0.00271121 16 16 16 16 333 40 40 40
-0.00271345 16 24 16 16 333 40 40 40
-0.00272096 24 0 16 16 333 40 40 40
-0.00272075 24 8 16 16 333 40 40 40
-0.00271927 24 16 16 16 333 40 40 40
-0.00271149 24 24 16 16 333 40 40 40
-0.0027226 0 0 16 16 333 40 40 40
-0.00272195 0 8 16 16 333 40 40 40
-0.00271984 0 16 16 16 333 40 40 40
-0.00272072 0 24 16 16 333 40 40 40
-0.00272197 8 0 16 16 333 40 40 40
-0.00271418 8 8 16 16 333 40 40 40
-0.00191878 8 16 16 16 333 40 40 40
-0.00271536 8 24 16 16 333 40 40 40
-0.00272098 16 0 16 16 333 40 40 40
-0.00227291 16 8 16 16 333 40 40 40
-0.00152567 16 16 16 16 333 40 40 40
-0.00271598 16 24 16 16 333 40 40 40
-0.00271736 24 0 16 16 333 40 40 40
-0.00272122 24 8 16 16 333 40 40 40
-0.00272174 24 16 16 16 333 40 40 40
-0.00272209 24 24 16 16 333 40 40 40
-0.0027155 0 0 16 16 333 40 40 40
-0.00271314 0 8 16 16 333 40 40 40
-0.00183091 0 16 16 16 333 40 40 40
-0.000966399 0 24 16 16 333 40 40 40
-0.00271458 8 0 16 16 333 40 40 40
-0.00139153 8 8 16 16 333 40 40 40
-0.0027176 8 16 16 16 333 40 40 40
-0.00271814 8 24 16 16 333 40 40 40
-0.00176317 16 0 16 16 333 40 40 40
-0.00272001 16 8 16 16 333 40 40 40
-0.00266853 16 16 16 16 333 40 40 40
-0.00271226 16 24 16 16 333 40 40 40
-0.00272176 24 0 16 16 333 40 40 40
-0.00162376 24 8 16 16 333 40 40 40
-0.00271595 24 16 16 16 333 40 40 40
-0.00272006 24 24 16 16 333 40 40 40
-0.00272129 0 0 16 16 333 40 40 40
-0.00271023 0 8 16 16 333 40 40 40
-0.0027177 0 16 16 16 333 40 40 40
-0.0018754 0 24 16 16 333 40 40 40
-0.00272215 8 0 16 16 333 40 40 40
-0.00271445 8 8 16 16 333 40 40 40
-0.00218479 8 16 16 16 333 40 40 40
-0.00271938 8 24 16 16 333 40 40 40
-0.00258664 16 0 16 16 333 40 40 40
-0.00271463 16 8 16 16 333 40 40 40
-0.00271515 16 16 16 16 333 40 40 40
-0.00271567 16 24 16 16 333 40 40 40
-0.00272081 24 0 16 16 333 40 40 40
-0.00272247 24 8 16 16 333 40 40 40
-0.00272247 24 16 16 16 333 40 40 40
-0.00272247 24 24 16 16 333 40 40 40
-0.0027221 0 0 16 16 333 40 40 40
-0.00272125 0 8 16 16 333 40 40 40
-0.00272079 0 16 16 16 333 40 40 40
-0.00271858 0 24 16 16 333 40 40 40
-0.00272219 8 0 16 16 333 40 40 40
-0.00272132 8 8 16 16 333 40 40 40
-0.00272246 8 16 16 16 333 40 40 40
-0.00271864 8 24 16 16 333 40 40 40
-0.00272236 16 0 16 16 333 40 40 40
-0.00272058 16 8 16 16 333 40 40 40
-0.00272234 16 16 16 16 333 40 40 40
-0.0027122 16 24 16 16 333 40 40 40
-0.00272201 24 0 16 16 333 40 40 40
-0.00272174 24 8 16 16 333 40 40 40
-0.00272197 24 16 16 16 333 40 40 40
-0.00272241 24 24 16 16 333 40 40 40
-0.0027227 0 0 16 16 333 40 40 40
-0.00272085 0 8 16 16 333 40 40 40
-0.00271707 0 16 16 16 333 40 40 40
-0.00271661 0 24 16 16 333 40 40 40
-0.00272275 8 0 16 16 333 40 40 40
-0.00271355 8 8 16 16 333 40 40 40
-0.00271999 8 16 16 16 333 40 40 40
-0.00231589 8 24 16 16 333 40 40 40
-0.00272274 16 0 16 16 333 40 40 40
-0.00272282 16 8 16 16 333 40 40 40
-0.00272218 16 16 16 16 333 40 40 40
-0.00271828 16 24 16 16 333 40 40 40
-0.00272191 24 0 16 16 333 40 40 40
-0.00271008 24 8 16 16 333 40 40 40
-0.00272224 24 16 16 16 333 40 40 40
-0.00126493 24 24 16 16 333 40 40 40
-0.00272276 0 0 16 16 333 40 40 40
-0.0027206 0 8 16 16 333 40 40 40
-0.00272152 0 16 16 16 333 40 40 40
-0.00272189 0 24 16 16 333 40 40 40
-0.00272291 8 0 16 16 333 40 40 40
-0.0027153 8 8 16 16 333 40 40 40
-0.00272114 8 16 16 16 333 40 40 40
-0.00272172 8 24 16 16 333 40 40 40
-0.00272254 16 0 16 16 333 40 40 40
-0.00272213 16 8 16 16 333 40 40 40
-0.00271915 16 16 16 16 333 40 40 40
-0.00272082 16 24 16 16 333 40 40 40
-0.00271575 24 0 16 16 333 40 40 40
-0.00271396 24 8 16 16 333 40 40 40
-0.00271942 24 16 16 16 333 40 40 40
-0.00271384 24 24 16 16 333 40 40 40
-0.00272228 0 0 16 16 333 40 40 40
-0.00272275 0 8 16 16 333 40 40 40
-0.00272133 0 16 16 16 333 40 40 40
-0.0027211 0 24 16 16 333 40 40 40
-0.0027229 8 0 16 16 333 40 40 40
-0.00271609 8 8 16 16 333 40 40 40
-0.00272074 8 16 16 16 333 40 40 40
-0.00272116 8 24 16 16 333 40 40 40
-0.00272279 16 0 16 16 333 40 40 40
-0.00272123 16 8 16 16 333 40 40 40
-0.00271311 16 16 16 16 333 40 40 40
-0.00272101 16 24 16 16 333 40 40 40
-0.00272097 24 0 16 16 333 40 40 40
-0.00272144 24 8 16 16 333 40 40 40
-0.00271789 24 16 16 16 333 40 40 40
-0.00271941 24 24 16 16 333 40 40 40
-0.00272216 0 0 16 16 333 40 40 40
-0.00272177 0 8 16 16 333 40 40 40
-0.00271985 0 16 16 16 333 40 40 40
-0.00271525 0 24 16 16 333 40 40 40
-0.0027206 8 0 16 16 333 40 40 40
-0.00271894 8 8 16 16 333 40 40 40
-0.00271633 8 16 16 16 333 40 40 40
-0.00235788 8 24 16 16 333 40 40 40
-0.00271568 16 0 16 16 333 40 40 40
-0.00272114 16 8 16 16 333 40 40 40
-0.00250334 16 16 16 16 333 40 40 40
-0.00272188 16 24 16 16 333 40 40 40
-0.00272253 24 0 16 16 333 40 40 40
-0.00272235 24 8 16 16 333 40 40 40
-0.00272199 24 16 16 16 333 40 40 40
-0.00272211 24 24 16 16 333 40 40 40
-0.00272211 0 0 26 26 333 40 40 40
-0.00271525 0 13 26 26 333 40 40 40
-0.00272256 13 0 26 26 333 40 40 40
-0.00272237 13 13 26 26 333 40 40 40
-0.00271765 0 0 26 26 333 40 40 40
-0.00220723 0 13 26 26 333 40 40 40
-0.00271856 13 0 26 26 333 40 40 40
-0.00271338 13 13 26 26 333 40 40 40
-0.0027198 0 0 26 26 333 40 40 40
-0.00271125 0 13 26 26 333 40 40 40
-0.00271698 13 0 26 26 333 40 40 40
-0.00271864 13 13 26 26 333 40 40 40
-0.00270995 0 0 26 26 333 40 40 40
-0.00271215 0 13 26 26 333 40 40 40
-0.00271505 13 0 26 26 333 40 40 40
-0.00229453 13 13 26 26 333 40 40 40
-0.0027146 0 0 26 26 333 40 40 40
-0.00270983 0 13 26 26 333 40 40 40
-0.00272228 13 0 26 26 333 40 40 40
-0.00272158 13 13 26 26 333 40 40 40
-0.00272167 0 0 26 26 333 40 40 40
-0.00272091 0 13 26 26 333 40 40 40
-0.0027219 13 0 26 26 333 40 40 40
-0.00272243 13 13 26 26 333 40 40 40
-0.00272246 0 0 26 26 333 40 40 40
-0.00169401 0 13 26 26 333 40 40 40
-0.00271822 13 0 26 26 333 40 40 40
-0.00272173 13 13 26 26 333 40 40 40
-0.00272263 0 0 26 26 333 40 40 40
-0.00174011 0 13 26 26 333 40 40 40
-0.00272247 13 0 26 26 333 40 40 40
-0.00209512 13 13 26 26 333 40 40 40
-0.00272273 0 0 26 26 333 40 40 40
-0.00271318 0 13 26 26 333 40 40 40
-0.00272264 13 0 26 26 333 40 40 40
-0.00271595 13 13 26 26 333 40 40 40
-0.0027203 0 0 26 26 333 40 40 40
-0.00271456 0 13 26 26 333 40 40 40
-0.00272246 13 0 26 26 333 40 40 40
-0.00272081 13 13 26 26 333 40 40 40
-0.00272141 0 0 40 40 333 40 40 40
-0.00268907 0 0 40 40 333 40 40 40
-0.00271371 0 0 40 40 333 40 40 40
-0.00198605 0 0 40 40 333 40 40 40
-0.00271361 0 0 40 40 333 40 40 40
-0.00272159 0 0 40 40 333 40 40 40
-0.00272128 0 0 40 40 333 40 40 40
-0.00272176 0 0 40 40 333 40 40 40
-0.00272268 0 0 40 40 333 40 40 40
-0.00271991 0 0 40 40 333 40 40 40
