-0.00319517 0 0 62 68 542 252 280 308
-0.00319486 0 34 62 68 542 252 280 308
-0.00319529 0 68 62 68 542 252 280 308
-0.00319572 0 102 62 68 542 252 280 308
-0.0031933 0 136 62 68 542 252 280 308
-0.00318009 0 170 62 68 542 252 280 308
-0.00319134 0 204 62 68 542 252 280 308
-0.00319558 0 238 62 68 542 252 280 308
-0.00319509 31 0 62 68 542 252 280 308
-0.00319134 31 34 62 68 542 252 280 308
-0.0031936 31 68 62 68 542 252 280 308
-0.00319533 31 102 62 68 542 252 280 308
-0.00319573 31 136 62 68 542 252 280 308
-0.00319576 31 170 62 68 542 252 280 308
-0.00319568 31 204 62 68 542 252 280 308
-0.00319537 31 238 62 68 542 252 280 308
-0.0031951 62 0 62 68 542 252 280 308
-0.00319167 62 34 62 68 542 252 280 308
-0.00319087 62 68 62 68 542 252 280 308
-0.00319325 62 102 62 68 542 252 280 308
-0.00319435 62 136 62 68 542 252 280 308
-0.00319466 62 170 62 68 542 252 280 308
-0.00319464 62 204 62 68 542 252 280 308
-0.00319393 62 238 62 68 542 252 280 308
-0.0031955 93 0 62 68 542 252 280 308
-0.00319297 93 34 62 68 542 252 280 308
-0.00318317 93 68 62 68 542 252 280 308
-0.0031917 93 102 62 68 542 252 280 308
-0.00319198 93 136 62 68 542 252 280 308
-0.00319075 93 170 62 68 542 252 280 308
-0.00319217 93 204 62 68 542 252 280 308
-0.00319366 93 238 62 68 542 252 280 308
-0.00319572 124 0 62 68 542 252 280 308
-0.00319549 124 34 62 68 542 252 280 308
-0.0031904 124 68 62 68 542 252 280 308
-0.00249671 124 102 62 68 542 252 280 308
-0.00318718 124 136 62 68 542 252 280 308
-0.00241038 124 170 62 68 542 252 280 308
-0.00318473 124 204 62 68 542 252 280 308
-0.00319302 124 238 62 68 542 252 280 308
-0.00318576 155 0 62 68 542 252 280 308
-0.00319586 155 34 62 68 542 252 280 308
-0.00319429 155 68 62 68 542 252 280 308
-0.0031907 155 102 62 68 542 252 280 308
-0.00318982 155 136 62 68 542 252 280 308
-0.00318523 155 170 62 68 542 252 280 308
-0.00292679 155 204 62 68 542 252 280 308
-0.00319082 155 238 62 68 542 252 280 308
-0.00225042 186 0 62 68 542 252 280 308
-0.00319591 186 34 62 68 542 252 280 308
-0.0031953 186 68 62 68 542 252 280 308
-0.00319471 186 102 62 68 542 252 280 308
-0.00319401 186 136 62 68 542 252 280 308
-0.0031883 186 170 62 68 542 252 280 308
-0.0031854 186 204 62 68 542 252 280 308
-0.00319436 186 238 62 68 542 252 280 308
-0.0031856 217 0 62 68 542 252 280 308
-0.0031932 217 34 62 68 542 252 280 308
-0.00319557 217 68 62 68 542 252 280 308
-0.00319569 217 102 62 68 542 252 280 308
-0.00319528 217 136 62 68 542 252 280 308
-0.00319364 217 170 62 68 542 252 280 308
-0.00319483 217 204 62 68 542 252 280 308
-0.0031955 217 238 62 68 542 252 280 308
-0.00319311 0 0 62 68 542 252 280 308
-0.00319013 0 34 62 68 542 252 280 308
-0.00319113 0 68 62 68 542 252 280 308
-0.00318945 0 102 62 68 542 252 280 308
-0.00156597 0 136 62 68 542 252 280 308
-0.00318783 0 170 62 68 542 252 280 308
-0.00319052 0 204 62 68 542 252 280 308
-0.00278173 0 238 62 68 542 252 280 308
-0.00319268 31 0 62 68 542 252 280 308
-0.00319267 31 34 62 68 542 252 280 308
-0.00319207 31 68 62 68 542 252 280 308
-0.00319398 31 102 62 68 542 252 280 308
-0.00319525 31 136 62 68 542 252 280 308
-0.00319508 31 170 62 68 542 252 280 308
-0.003195 31 204 62 68 542 252 280 308
-0.00319605 31 238 62 68 542 252 280 308
-0.00319361 62 0 62 68 542 252 280 308
-0.00319375 62 34 62 68 542 252 280 308
-0.00318949 62 68 62 68 542 252 280 308
-0.00318834 62 102 62 68 542 252 280 308
-0.00319466 62 136 62 68 542 252 280 308
-0.0031954 62 170 62 68 542 252 280 308
-0.00319568 62 204 62 68 542 252 280 308
-0.00319558 62 238 62 68 542 252 280 308
-0.00319447 93 0 62 68 542 252 280 308
-0.00319502 93 34 62 68 542 252 280 308
-0.00318926 93 68 62 68 542 252 280 308
-0.00319412 93 102 62 68 542 252 280 308
-0.0031917 93 136 62 68 542 252 280 308
-0.0031866 93 170 62 68 542 252 280 308
-0.00319325 93 204 62 68 542 252 280 308
-0.00319129 93 238 62 68 542 252 280 308
-0.00319259 124 0 62 68 542 252 280 308
-0.00319532 124 34 62 68 542 252 280 308
-0.00319559 124 68 62 68 542 252 280 308
-0.00318975 124 102 62 68 542 252 280 308
-0.00319314 124 136 62 68 542 252 280 308
-0.00319413 124 170 62 68 542 252 280 308
-0.00318946 124 204 62 68 542 252 280 308
-0.00280201 124 238 62 68 542 252 280 308
-0.0023656 155 0 62 68 542 252 280 308
-0.0031892 155 34 62 68 542 252 280 308
-0.0031953 155 68 62 68 542 252 280 308
-0.00319542 155 102 62 68 542 252 280 308
-0.00319358 155 136 62 68 542 252 280 308
-0.00319394 155 170 62 68 542 252 280 308
-0.00318817 155 204 62 68 542 252 280 308
-0.00319225 155 238 62 68 542 252 280 308
-0.00148959 186 0 62 68 542 252 280 308
-0.00247538 186 34 62 68 542 252 280 308
-0.00319364 186 68 62 68 542 252 280 308
-0.00319473 186 102 62 68 542 252 280 308
-0.00319202 186 136 62 68 542 252 280 308
-0.00319073 186 170 62 68 542 252 280 308
-0.0031931 186 204 62 68 542 252 280 308
-0.00319532 186 238 62 68 542 252 280 308
-0.00158734 217 0 62 68 542 252 280 308
-0.0017968 217 34 62 68 542 252 280 308
-0.00319003 217 68 62 68 542 252 280 308
-0.0031945 217 102 62 68 542 252 280 308
-0.00319467 217 136 62 68 542 252 280 308
-0.00318528 217 170 62 68 542 252 280 308
-0.00319427 217 204 62 68 542 252 280 308
-0.00319478 217 238 62 68 542 252 280 308
-0.00319439 0 0 62 68 542 252 280 308
-0.00319478 0 34 62 68 542 252 280 308
-0.00319481 0 68 62 68 542 252 280 308
-0.00319516 0 102 62 68 542 252 280 308
-0.00319554 0 136 62 68 542 252 280 308
-0.00319452 0 170 62 68 542 252 280 308
-0.00319148 0 204 62 68 542 252 280 308
-0.00318906 0 238 62 68 542 252 280 308
-0.00319411 31 0 62 68 542 252 280 308
-0.0031949 31 34 62 68 542 252 280 308
-0.00319375 31 68 62 68 542 252 280 308
-0.00319253 31 102 62 68 542 252 280 308
-0.00319445 31 136 62 68 542 252 280 308
-0.00319547 31 170 62 68 542 252 280 308
-0.00319469 31 204 62 68 542 252 280 308
-0.00319025 31 238 62 68 542 252 280 308
-0.0031865 62 0 62 68 542 252 280 308
-0.00319424 62 34 62 68 542 252 280 308
-0.00319368 62 68 62 68 542 252 280 308
-0.00318648 62 102 62 68 542 252 280 308
-0.00319277 62 136 62 68 542 252 280 308
-0.00319442 62 170 62 68 542 252 280 308
-0.0031951 62 204 62 68 542 252 280 308
-0.00319464 62 238 62 68 542 252 280 308
-0.00318206 93 0 62 68 542 252 280 308
-0.00319329 93 34 62 68 542 252 280 308
-0.00318992 93 68 62 68 542 252 280 308
-0.00318046 93 102 62 68 542 252 280 308
-0.00319189 93 136 62 68 542 252 280 308
-0.00318669 93 170 62 68 542 252 280 308
-0.00319306 93 204 62 68 542 252 280 308
-0.00319281 93 238 62 68 542 252 280 308
-0.0031952 124 0 62 68 542 252 280 308
-0.00319596 124 34 62 68 542 252 280 308
-0.00319585 124 68 62 68 542 252 280 308
-0.00318916 124 102 62 68 542 252 280 308
-0.00319522 124 136 62 68 542 252 280 308
-0.00319373 124 170 62 68 542 252 280 308
-0.00317942 124 204 62 68 542 252 280 308
-0.00318939 124 238 62 68 542 252 280 308
-0.00319612 155 0 62 68 542 252 280 308
-0.00319541 155 34 62 68 542 252 280 308
-0.00319595 155 68 62 68 542 252 280 308
-0.00319599 155 102 62 68 542 252 280 308
-0.00319633 155 136 62 68 542 252 280 308
-0.00319634 155 170 62 68 542 252 280 308
-0.00319526 155 204 62 68 542 252 280 308
-0.00319563 155 238 62 68 542 252 280 308
-0.00319625 186 0 62 68 542 252 280 308
-0.00319387 186 34 62 68 542 252 280 308
-0.00319487 186 68 62 68 542 252 280 308
-0.00319353 186 102 62 68 542 252 280 308
-0.00318128 186 136 62 68 542 252 280 308
-0.00319613 186 170 62 68 542 252 280 308
-0.00319653 186 204 62 68 542 252 280 308
-0.0031965 186 238 62 68 542 252 280 308
-0.00319606 217 0 62 68 542 252 280 308
-0.00319474 217 34 62 68 542 252 280 308
-0.00319206 217 68 62 68 542 252 280 308
-0.00319341 217 102 62 68 542 252 280 308
-0.00319201 217 136 62 68 542 252 280 308
-0.00318555 217 170 62 68 542 252 280 308
-0.00217847 217 204 62 68 542 252 280 308
-0.00260028 217 238 62 68 542 252 280 308
-0.00319381 0 0 62 68 542 252 280 308
-0.00318079 0 34 62 68 542 252 280 308
-0.00150842 0 68 62 68 542 252 280 308
-0.00184717 0 102 62 68 542 252 280 308
-0.00318956 0 136 62 68 542 252 280 308
-0.00315619 0 170 62 68 542 252 280 308
-0.00229775 0 204 62 68 542 252 280 308
-0.0017195 0 238 62 68 542 252 280 308
-0.00319419 31 0 62 68 542 252 280 308
-0.00318796 31 34 62 68 542 252 280 308
-0.00265971 31 68 62 68 542 252 280 308
-0.00317984 31 102 62 68 542 252 280 308
-0.003188 31 136 62 68 542 252 280 308
-0.00319449 31 170 62 68 542 252 280 308
-0.00318983 31 204 62 68 542 252 280 308
-0.00319553 31 238 62 68 542 252 280 308
-0.00319492 62 0 62 68 542 252 280 308
-0.00319377 62 34 62 68 542 252 280 308
-0.00319336 62 68 62 68 542 252 280 308
-0.00319481 62 102 62 68 542 252 280 308
-0.00319591 62 136 62 68 542 252 280 308
-0.00319575 62 170 62 68 542 252 280 308
-0.00319609 62 204 62 68 542 252 280 308
-0.00319592 62 238 62 68 542 252 280 308
-0.00319567 93 0 62 68 542 252 280 308
-0.00319411 93 34 62 68 542 252 280 308
-0.00318545 93 68 62 68 542 252 280 308
-0.00318699 93 102 62 68 542 252 280 308
-0.00319545 93 136 62 68 542 252 280 308
-0.00319609 93 170 62 68 542 252 280 308
-0.00319473 93 204 62 68 542 252 280 308
-0.00319324 93 238 62 68 542 252 280 308
-0.00319564 124 0 62 68 542 252 280 308
-0.00319564 124 34 62 68 542 252 280 308
-0.00319519 124 68 62 68 542 252 280 308
-0.00319531 124 102 62 68 542 252 280 308
-0.00319412 124 136 62 68 542 252 280 308
-0.00319607 124 170 62 68 542 252 280 308
-0.00319402 124 204 62 68 542 252 280 308
-0.00319331 124 238 62 68 542 252 280 308
-0.00319397 155 0 62 68 542 252 280 308
-0.00319538 155 34 62 68 542 252 280 308
-0.003194 155 68 62 68 542 252 280 308
-0.00319581 155 102 62 68 542 252 280 308
-0.00319621 155 136 62 68 542 252 280 308
-0.00319604 155 170 62 68 542 252 280 308
-0.00318542 155 204 62 68 542 252 280 308
-0.00319501 155 238 62 68 542 252 280 308
-0.00319224 186 0 62 68 542 252 280 308
-0.00319473 186 34 62 68 542 252 280 308
-0.00319401 186 68 62 68 542 252 280 308
-0.00319139 186 102 62 68 542 252 280 308
-0.00319554 186 136 62 68 542 252 280 308
-0.00319475 186 170 62 68 542 252 280 308
-0.00319455 186 204 62 68 542 252 280 308
-0.00319601 186 238 62 68 542 252 280 308
-0.00318372 217 0 62 68 542 252 280 308
-0.00319339 217 34 62 68 542 252 280 308
-0.00319485 217 68 62 68 542 252 280 308
-0.0031936 217 102 62 68 542 252 280 308
-0.00318881 217 136 62 68 542 252 280 308
-0.00319488 217 170 62 68 542 252 280 308
-0.0031958 217 204 62 68 542 252 280 308
-0.00319482 217 238 62 68 542 252 280 308
-0.00319589 0 0 62 68 542 252 280 308
-0.00319462 0 34 62 68 542 252 280 308
-0.0031954 0 68 62 68 542 252 280 308
-0.00319565 0 102 62 68 542 252 280 308
-0.00318345 0 136 62 68 542 252 280 308
-0.00318391 0 170 62 68 542 252 280 308
-0.00207844 0 204 62 68 542 252 280 308
-0.00319483 0 238 62 68 542 252 280 308
-0.00319571 31 0 62 68 542 252 280 308
-0.00319033 31 34 62 68 542 252 280 308
-0.0031944 31 68 62 68 542 252 280 308
-0.00319552 31 102 62 68 542 252 280 308
-0.00319577 31 136 62 68 542 252 280 308
-0.00319584 31 170 62 68 542 252 280 308
-0.00319583 31 204 62 68 542 252 280 308
-0.00319569 31 238 62 68 542 252 280 308
-0.00319541 62 0 62 68 542 252 280 308
-0.00319209 62 34 62 68 542 252 280 308
-0.00319157 62 68 62 68 542 252 280 308
-0.00319236 62 102 62 68 542 252 280 308
-0.00319108 62 136 62 68 542 252 280 308
-0.00319285 62 170 62 68 542 252 280 308
-0.00319285 62 204 62 68 542 252 280 308
-0.00319385 62 238 62 68 542 252 280 308
-0.00319573 93 0 62 68 542 252 280 308
-0.00319328 93 34 62 68 542 252 280 308
-0.00319074 93 68 62 68 542 252 280 308
-0.00319295 93 102 62 68 542 252 280 308
-0.0031895 93 136 62 68 542 252 280 308
-0.00319076 93 170 62 68 542 252 280 308
-0.00319105 93 204 62 68 542 252 280 308
-0.00319477 93 238 62 68 542 252 280 308
-0.00319558 124 0 62 68 542 252 280 308
-0.00319548 124 34 62 68 542 252 280 308
-0.00319447 124 68 62 68 542 252 280 308
-0.00319219 124 102 62 68 542 252 280 308
-0.00319031 124 136 62 68 542 252 280 308
-0.00318694 124 170 62 68 542 252 280 308
-0.00318941 124 204 62 68 542 252 280 308
-0.00319073 124 238 62 68 542 252 280 308
-0.00318956 155 0 62 68 542 252 280 308
-0.00319566 155 34 62 68 542 252 280 308
-0.00319569 155 68 62 68 542 252 280 308
-0.00319269 155 102 62 68 542 252 280 308
-0.00319156 155 136 62 68 542 252 280 308
-0.00319401 155 170 62 68 542 252 280 308
-0.00319442 155 204 62 68 542 252 280 308
-0.0031933 155 238 62 68 542 252 280 308
-0.00234343 186 0 62 68 542 252 280 308
-0.00318311 186 34 62 68 542 252 280 308
-0.00319514 186 68 62 68 542 252 280 308
-0.00319528 186 102 62 68 542 252 280 308
-0.00319501 186 136 62 68 542 252 280 308
-0.00319297 186 170 62 68 542 252 280 308
-0.00318738 186 204 62 68 542 252 280 308
-0.00319482 186 238 62 68 542 252 280 308
-0.00199714 217 0 62 68 542 252 280 308
-0.00177028 217 34 62 68 542 252 280 308
-0.00286343 217 68 62 68 542 252 280 308
-0.00319461 217 102 62 68 542 252 280 308
-0.00319571 217 136 62 68 542 252 280 308
-0.00319446 217 170 62 68 542 252 280 308
-0.00319546 217 204 62 68 542 252 280 308
-0.00319572 217 238 62 68 542 252 280 308
-0.00319552 0 0 62 68 542 252 280 308
-0.00319458 0 34 62 68 542 252 280 308
-0.00319561 0 68 62 68 542 252 280 308
-0.0031958 0 102 62 68 542 252 280 308
-0.00319251 0 136 62 68 542 252 280 308
-0.00319196 0 170 62 68 542 252 280 308
-0.00319523 0 204 62 68 542 252 280 308
-0.00319582 0 238 62 68 542 252 280 308
-0.00319539 31 0 62 68 542 252 280 308
-0.00318511 31 34 62 68 542 252 280 308
-0.00319485 31 68 62 68 542 252 280 308
-0.00319554 31 102 62 68 542 252 280 308
-0.00319561 31 136 62 68 542 252 280 308
-0.00319555 31 170 62 68 542 252 280 308
-0.00319538 31 204 62 68 542 252 280 308
-0.0031949 31 238 62 68 542 252 280 308
-0.00319476 62 0 62 68 542 252 280 308
-0.00319162 62 34 62 68 542 252 280 308
-0.00319224 62 68 62 68 542 252 280 308
-0.00319412 62 102 62 68 542 252 280 308
-0.00319417 62 136 62 68 542 252 280 308
-0.0031942 62 170 62 68 542 252 280 308
-0.00319329 62 204 62 68 542 252 280 308
-0.00318551 62 238 62 68 542 252 280 308
-0.00319505 93 0 62 68 542 252 280 308
-0.00319308 93 34 62 68 542 252 280 308
-0.00318905 93 68 62 68 542 252 280 308
-0.00318739 93 102 62 68 542 252 280 308
-0.00319206 93 136 62 68 542 252 280 308
-0.00318595 93 170 62 68 542 252 280 308
-0.0031925 93 204 62 68 542 252 280 308
-0.00319361 93 238 62 68 542 252 280 308
-0.00319564 124 0 62 68 542 252 280 308
-0.00319556 124 34 62 68 542 252 280 308
-0.00319293 124 68 62 68 542 252 280 308
-0.00318554 124 102 62 68 542 252 280 308
-0.00317886 124 136 62 68 542 252 280 308
-0.00317858 124 170 62 68 542 252 280 308
-0.00319369 124 204 62 68 542 252 280 308
-0.00319446 124 238 62 68 542 252 280 308
-0.00319316 155 0 62 68 542 252 280 308
-0.00319576 155 34 62 68 542 252 280 308
-0.00319262 155 68 62 68 542 252 280 308
-0.00318995 155 102 62 68 542 252 280 308
-0.0031924 155 136 62 68 542 252 280 308
-0.00318638 155 170 62 68 542 252 280 308
-0.00319262 155 204 62 68 542 252 280 308
-0.00319435 155 238 62 68 542 252 280 308
-0.00318902 186 0 62 68 542 252 280 308
-0.00319583 186 34 62 68 542 252 280 308
-0.0031952 186 68 62 68 542 252 280 308
-0.00319508 186 102 62 68 542 252 280 308
-0.00319378 186 136 62 68 542 252 280 308
-0.00319226 186 170 62 68 542 252 280 308
-0.0031812 186 204 62 68 542 252 280 308
-0.00319379 186 238 62 68 542 252 280 308
-0.00318434 217 0 62 68 542 252 280 308
-0.00319522 217 34 62 68 542 252 280 308
-0.00319591 217 68 62 68 542 252 280 308
-0.00319584 217 102 62 68 542 252 280 308
-0.00319529 217 136 62 68 542 252 280 308
-0.00319403 217 170 62 68 542 252 280 308
-0.00319443 217 204 62 68 542 252 280 308
-0.00319506 217 238 62 68 542 252 280 308
-0.00319494 0 0 62 68 542 252 280 308
-0.00319551 0 34 62 68 542 252 280 308
-0.00319577 0 68 62 68 542 252 280 308
-0.00319578 0 102 62 68 542 252 280 308
-0.00319076 0 136 62 68 542 252 280 308
-0.00319392 0 170 62 68 542 252 280 308
-0.00319537 0 204 62 68 542 252 280 308
-0.00319607 0 238 62 68 542 252 280 308
-0.00319484 31 0 62 68 542 252 280 308
-0.00319483 31 34 62 68 542 252 280 308
-0.00319518 31 68 62 68 542 252 280 308
-0.00319546 31 102 62 68 542 252 280 308
-0.00319583 31 136 62 68 542 252 280 308
-0.00319593 31 170 62 68 542 252 280 308
-0.00319571 31 204 62 68 542 252 280 308
-0.00319522 31 238 62 68 542 252 280 308
-0.00318968 62 0 62 68 542 252 280 308
-0.00319526 62 34 62 68 542 252 280 308
-0.0031922 62 68 62 68 542 252 280 308
-0.00319439 62 102 62 68 542 252 280 308
-0.00319503 62 136 62 68 542 252 280 308
-0.00319515 62 170 62 68 542 252 280 308
-0.00319501 62 204 62 68 542 252 280 308
-0.00318902 62 238 62 68 542 252 280 308
-0.00319429 93 0 62 68 542 252 280 308
-0.00319548 93 34 62 68 542 252 280 308
-0.00319338 93 68 62 68 542 252 280 308
-0.00319336 93 102 62 68 542 252 280 308
-0.00319354 93 136 62 68 542 252 280 308
-0.00319198 93 170 62 68 542 252 280 308
-0.0031941 93 204 62 68 542 252 280 308
-0.0031933 93 238 62 68 542 252 280 308
-0.00319453 124 0 62 68 542 252 280 308
-0.00319571 124 34 62 68 542 252 280 308
-0.00319449 124 68 62 68 542 252 280 308
-0.00318522 124 102 62 68 542 252 280 308
-0.00318388 124 136 62 68 542 252 280 308
-0.0029056 124 170 62 68 542 252 280 308
-0.00319292 124 204 62 68 542 252 280 308
-0.00319475 124 238 62 68 542 252 280 308
-0.00319263 155 0 62 68 542 252 280 308
-0.00319563 155 34 62 68 542 252 280 308
-0.00319417 155 68 62 68 542 252 280 308
-0.00319098 155 102 62 68 542 252 280 308
-0.00319166 155 136 62 68 542 252 280 308
-0.00318432 155 170 62 68 542 252 280 308
-0.00318971 155 204 62 68 542 252 280 308
-0.00319373 155 238 62 68 542 252 280 308
-0.00319036 186 0 62 68 542 252 280 308
-0.00319568 186 34 62 68 542 252 280 308
-0.00319498 186 68 62 68 542 252 280 308
-0.00319487 186 102 62 68 542 252 280 308
-0.00319374 186 136 62 68 542 252 280 308
-0.0031893 186 170 62 68 542 252 280 308
-0.00318115 186 204 62 68 542 252 280 308
-0.00319398 186 238 62 68 542 252 280 308
-0.00319376 217 0 62 68 542 252 280 308
-0.00319582 217 34 62 68 542 252 280 308
-0.00319579 217 68 62 68 542 252 280 308
-0.00319572 217 102 62 68 542 252 280 308
-0.00319508 217 136 62 68 542 252 280 308
-0.00319311 217 170 62 68 542 252 280 308
-0.00319395 217 204 62 68 542 252 280 308
-0.00319507 217 238 62 68 542 252 280 308
-0.00319014 0 0 62 68 542 252 280 308
-0.00319211 0 34 62 68 542 252 280 308
-0.00319285 0 68 62 68 542 252 280 308
-0.00319005 0 102 62 68 542 252 280 308
-0.00319398 0 136 62 68 542 252 280 308
-0.0031931 0 170 62 68 542 252 280 308
-0.00318966 0 204 62 68 542 252 280 308
-0.00319566 0 238 62 68 542 252 280 308
-0.00318256 31 0 62 68 542 252 280 308
-0.00319509 31 34 62 68 542 252 280 308
-0.00319548 31 68 62 68 542 252 280 308
-0.00319541 31 102 62 68 542 252 280 308
-0.00319551 31 136 62 68 542 252 280 308
-0.00319461 31 170 62 68 542 252 280 308
-0.00319528 31 204 62 68 542 252 280 308
-0.00319588 31 238 62 68 542 252 280 308
-0.00319246 62 0 62 68 542 252 280 308
-0.00319562 62 34 62 68 542 252 280 308
-0.00319181 62 68 62 68 542 252 280 308
-0.00319519 62 102 62 68 542 252 280 308
-0.00319579 62 136 62 68 542 252 280 308
-0.00319574 62 170 62 68 542 252 280 308
-0.00319574 62 204 62 68 542 252 280 308
-0.00319592 62 238 62 68 542 252 280 308
-0.00319353 93 0 62 68 542 252 280 308
-0.0031958 93 34 62 68 542 252 280 308
-0.00319509 93 68 62 68 542 252 280 308
-0.00319478 93 102 62 68 542 252 280 308
-0.00319485 93 136 62 68 542 252 280 308
-0.0031944 93 170 62 68 542 252 280 308
-0.00319474 93 204 62 68 542 252 280 308
-0.00319491 93 238 62 68 542 252 280 308
-0.00319356 124 0 62 68 542 252 280 308
-0.00319593 124 34 62 68 542 252 280 308
-0.00319463 124 68 62 68 542 252 280 308
-0.00319052 124 102 62 68 542 252 280 308
-0.00319475 124 136 62 68 542 252 280 308
-0.0031921 124 170 62 68 542 252 280 308
-0.00318874 124 204 62 68 542 252 280 308
-0.00319424 124 238 62 68 542 252 280 308
-0.00319475 155 0 62 68 542 252 280 308
-0.00319539 155 34 62 68 542 252 280 308
-0.00319326 155 68 62 68 542 252 280 308
-0.00319416 155 102 62 68 542 252 280 308
-0.00319408 155 136 62 68 542 252 280 308
-0.00319261 155 170 62 68 542 252 280 308
-0.00319157 155 204 62 68 542 252 280 308
-0.00319417 155 238 62 68 542 252 280 308
-0.0031955 186 0 62 68 542 252 280 308
-0.00319411 186 34 62 68 542 252 280 308
-0.00318853 186 68 62 68 542 252 280 308
-0.00319475 186 102 62 68 542 252 280 308
-0.00319383 186 136 62 68 542 252 280 308
-0.00319127 186 170 62 68 542 252 280 308
-0.00319095 186 204 62 68 542 252 280 308
-0.00319486 186 238 62 68 542 252 280 308
-0.00319583 217 0 62 68 542 252 280 308
-0.00319511 217 34 62 68 542 252 280 308
-0.00319423 217 68 62 68 542 252 280 308
-0.00319423 217 102 62 68 542 252 280 308
-0.00319445 217 136 62 68 542 252 280 308
-0.00319379 217 170 62 68 542 252 280 308
-0.00319487 217 204 62 68 542 252 280 308
-0.00319566 217 238 62 68 542 252 280 308
-0.0031942 0 0 62 68 542 252 280 308
-0.00319413 0 34 62 68 542 252 280 308
-0.00319429 0 68 62 68 542 252 280 308
-0.00319488 0 102 62 68 542 252 280 308
-0.00319448 0 136 62 68 542 252 280 308
-0.00319273 0 170 62 68 542 252 280 308
-0.00319437 0 204 62 68 542 252 280 308
-0.00319524 0 238 62 68 542 252 280 308
-0.00319415 31 0 62 68 542 252 280 308
-0.00319525 31 34 62 68 542 252 280 308
-0.0031949 31 68 62 68 542 252 280 308
-0.0031947 31 102 62 68 542 252 280 308
-0.00319562 31 136 62 68 542 252 280 308
-0.00319519 31 170 62 68 542 252 280 308
-0.00319427 31 204 62 68 542 252 280 308
-0.00319575 31 238 62 68 542 252 280 308
-0.00319556 62 0 62 68 542 252 280 308
-0.00319164 62 34 62 68 542 252 280 308
-0.0031947 62 68 62 68 542 252 280 308
-0.00319381 62 102 62 68 542 252 280 308
-0.00319523 62 136 62 68 542 252 280 308
-0.0031954 62 170 62 68 542 252 280 308
-0.0031955 62 204 62 68 542 252 280 308
-0.00319561 62 238 62 68 542 252 280 308
-0.00319531 93 0 62 68 542 252 280 308
-0.00319347 93 34 62 68 542 252 280 308
-0.003194 93 68 62 68 542 252 280 308
-0.00319463 93 102 62 68 542 252 280 308
-0.00319361 93 136 62 68 542 252 280 308
-0.00319383 93 170 62 68 542 252 280 308
-0.00319438 93 204 62 68 542 252 280 308
-0.00319445 93 238 62 68 542 252 280 308
-0.00319555 124 0 62 68 542 252 280 308
-0.00319572 124 34 62 68 542 252 280 308
-0.00319326 124 68 62 68 542 252 280 308
-0.00318829 124 102 62 68 542 252 280 308
-0.00319396 124 136 62 68 542 252 280 308
-0.003191 124 170 62 68 542 252 280 308
-0.00318581 124 204 62 68 542 252 280 308
-0.00319389 124 238 62 68 542 252 280 308
-0.00318252 155 0 62 68 542 252 280 308
-0.00319586 155 34 62 68 542 252 280 308
-0.00319527 155 68 62 68 542 252 280 308
-0.00319484 155 102 62 68 542 252 280 308
-0.00319466 155 136 62 68 542 252 280 308
-0.00319303 155 170 62 68 542 252 280 308
-0.0031821 155 204 62 68 542 252 280 308
-0.00319287 155 238 62 68 542 252 280 308
-0.00215427 186 0 62 68 542 252 280 308
-0.00319383 186 34 62 68 542 252 280 308
-0.00319549 186 68 62 68 542 252 280 308
-0.00319218 186 102 62 68 542 252 280 308
-0.00319497 186 136 62 68 542 252 280 308
-0.0031908 186 170 62 68 542 252 280 308
-0.00319122 186 204 62 68 542 252 280 308
-0.00319484 186 238 62 68 542 252 280 308
-0.0031906 217 0 62 68 542 252 280 308
-0.00319323 217 34 62 68 542 252 280 308
-0.00319465 217 68 62 68 542 252 280 308
-0.00318791 217 102 62 68 542 252 280 308
-0.00319498 217 136 62 68 542 252 280 308
-0.00319328 217 170 62 68 542 252 280 308
-0.00319505 217 204 62 68 542 252 280 308
-0.00319568 217 238 62 68 542 252 280 308
-0.00319481 0 0 62 68 542 252 280 308
-0.00319523 0 34 62 68 542 252 280 308
-0.00319468 0 68 62 68 542 252 280 308
-0.00319575 0 102 62 68 542 252 280 308
-0.00319485 0 136 62 68 542 252 280 308
-0.00318997 0 170 62 68 542 252 280 308
-0.00319222 0 204 62 68 542 252 280 308
-0.00318794 0 238 62 68 542 252 280 308
-0.00319424 31 0 62 68 542 252 280 308
-0.00319369 31 34 62 68 542 252 280 308
-0.00318978 31 68 62 68 542 252 280 308
-0.00319525 31 102 62 68 542 252 280 308
-0.00319565 31 136 62 68 542 252 280 308
-0.00319571 31 170 62 68 542 252 280 308
-0.00319574 31 204 62 68 542 252 280 308
-0.00319577 31 238 62 68 542 252 280 308
-0.00319546 62 0 62 68 542 252 280 308
-0.00319398 62 34 62 68 542 252 280 308
-0.00319481 62 68 62 68 542 252 280 308
-0.00319179 62 102 62 68 542 252 280 308
-0.00319309 62 136 62 68 542 252 280 308
-0.00319395 62 170 62 68 542 252 280 308
-0.00319447 62 204 62 68 542 252 280 308
-0.00319505 62 238 62 68 542 252 280 308
-0.00319563 93 0 62 68 542 252 280 308
-0.00318844 93 34 62 68 542 252 280 308
-0.00319457 93 68 62 68 542 252 280 308
-0.00319334 93 102 62 68 542 252 280 308
-0.0031925 93 136 62 68 542 252 280 308
-0.00318994 93 170 62 68 542 252 280 308
-0.00318328 93 204 62 68 542 252 280 308
-0.00319447 93 238 62 68 542 252 280 308
-0.00319586 124 0 62 68 542 252 280 308
-0.00319536 124 34 62 68 542 252 280 308
-0.00319483 124 68 62 68 542 252 280 308
-0.0031907 124 102 62 68 542 252 280 308
-0.00319241 124 136 62 68 542 252 280 308
-0.00222583 124 170 62 68 542 252 280 308
-0.00318527 124 204 62 68 542 252 280 308
-0.0031925 124 238 62 68 542 252 280 308
-0.0031905 155 0 62 68 542 252 280 308
-0.00319565 155 34 62 68 542 252 280 308
-0.0031957 155 68 62 68 542 252 280 308
-0.00319332 155 102 62 68 542 252 280 308
-0.00319365 155 136 62 68 542 252 280 308
-0.0031914 155 170 62 68 542 252 280 308
-0.00319182 155 204 62 68 542 252 280 308
-0.00318446 155 238 62 68 542 252 280 308
-0.0028424 186 0 62 68 542 252 280 308
-0.00253891 186 34 62 68 542 252 280 308
-0.00319467 186 68 62 68 542 252 280 308
-0.00319519 186 102 62 68 542 252 280 308
-0.00319484 186 136 62 68 542 252 280 308
-0.00318733 186 170 62 68 542 252 280 308
-0.00319149 186 204 62 68 542 252 280 308
-0.00319478 186 238 62 68 542 252 280 308
-0.00317674 217 0 62 68 542 252 280 308
-0.00262026 217 34 62 68 542 252 280 308
-0.00318743 217 68 62 68 542 252 280 308
-0.00319566 217 102 62 68 542 252 280 308
-0.00319536 217 136 62 68 542 252 280 308
-0.00319399 217 170 62 68 542 252 280 308
-0.00319494 217 204 62 68 542 252 280 308
-0.00319555 217 238 62 68 542 252 280 308
-0.00319457 0 0 93 88 542 252 280 308
-0.00319389 0 44 93 88 542 252 280 308
-0.00319532 0 88 93 88 542 252 280 308
-0.00319574 0 132 93 88 542 252 280 308
-0.00319579 0 176 93 88 542 252 280 308
-0.00319559 0 220 93 88 542 252 280 308
-0.00319412 46 0 93 88 542 252 280 308
-0.00318048 46 44 93 88 542 252 280 308
-0.00319266 46 88 93 88 542 252 280 308
-0.00319397 46 132 93 88 542 252 280 308
-0.00319369 46 176 93 88 542 252 280 308
-0.00319332 46 220 93 88 542 252 280 308
-0.0031952 92 0 93 88 542 252 280 308
-0.00319044 92 44 93 88 542 252 280 308
-0.00187139 92 88 93 88 542 252 280 308
-0.00272106 92 132 93 88 542 252 280 308
-0.00313569 92 176 93 88 542 252 280 308
-0.00319291 92 220 93 88 542 252 280 308
-0.00319575 138 0 93 88 542 252 280 308
-0.00319488 138 44 93 88 542 252 280 308
-0.00318735 138 88 93 88 542 252 280 308
-0.00317653 138 132 93 88 542 252 280 308
-0.00276173 138 176 93 88 542 252 280 308
-0.00319108 138 220 93 88 542 252 280 308
-0.003194 184 0 93 88 542 252 280 308
-0.00319547 184 44 93 88 542 252 280 308
-0.00319462 184 88 93 88 542 252 280 308
-0.00319277 184 132 93 88 542 252 280 308
-0.00318751 184 176 93 88 542 252 280 308
-0.00319432 184 220 93 88 542 252 280 308
-0.00319255 0 0 93 88 542 252 280 308
-0.00319073 0 44 93 88 542 252 280 308
-0.00319203 0 88 93 88 542 252 280 308
-0.00319392 0 132 93 88 542 252 280 308
-0.00319402 0 176 93 88 542 252 280 308
-0.00319498 0 220 93 88 542 252 280 308
-0.00319418 46 0 93 88 542 252 280 308
-0.00318757 46 44 93 88 542 252 280 308
-0.00212974 46 88 93 88 542 252 280 308
-0.0031895 46 132 93 88 542 252 280 308
-0.00319446 46 176 93 88 542 252 280 308
-0.0031951 46 220 93 88 542 252 280 308
-0.00319281 92 0 93 88 542 252 280 308
-0.00319424 92 44 93 88 542 252 280 308
-0.00318141 92 88 93 88 542 252 280 308
-0.0031874 92 132 93 88 542 252 280 308
-0.00318522 92 176 93 88 542 252 280 308
-0.0031828 92 220 93 88 542 252 280 308
-0.00318416 138 0 93 88 542 252 280 308
-0.00319452 138 44 93 88 542 252 280 308
-0.00319516 138 88 93 88 542 252 280 308
-0.00318069 138 132 93 88 542 252 280 308
-0.00318778 138 176 93 88 542 252 280 308
-0.0031853 138 220 93 88 542 252 280 308
-0.00152637 184 0 93 88 542 252 280 308
-0.00318759 184 44 93 88 542 252 280 308
-0.00319424 184 88 93 88 542 252 280 308
-0.00319212 184 132 93 88 542 252 280 308
-0.00318834 184 176 93 88 542 252 280 308
-0.00319421 184 220 93 88 542 252 280 308
-0.00319436 0 0 93 88 542 252 280 308
-0.00319496 0 44 93 88 542 252 280 308
-0.00319377 0 88 93 88 542 252 280 308
-0.00319489 0 132 93 88 542 252 280 308
-0.00319488 0 176 93 88 542 252 280 308
-0.00319111 0 220 93 88 542 252 280 308
-0.0031885 46 0 93 88 542 252 280 308
-0.00319394 46 44 93 88 542 252 280 308
-0.00319012 46 88 93 88 542 252 280 308
-0.00319228 46 132 93 88 542 252 280 308
-0.00319372 46 176 93 88 542 252 280 308
-0.00319409 46 220 93 88 542 252 280 308
-0.00319469 92 0 93 88 542 252 280 308
-0.00319528 92 44 93 88 542 252 280 308
-0.00318682 92 88 93 88 542 252 280 308
-0.00319141 92 132 93 88 542 252 280 308
-0.00317929 92 176 93 88 542 252 280 308
-0.00318965 92 220 93 88 542 252 280 308
-0.00319592 138 0 93 88 542 252 280 308
-0.00319515 138 44 93 88 542 252 280 308
-0.00319594 138 88 93 88 542 252 280 308
-0.00319631 138 132 93 88 542 252 280 308
-0.00319587 138 176 93 88 542 252 280 308
-0.00319474 138 220 93 88 542 252 280 308
-0.00319582 184 0 93 88 542 252 280 308
-0.0031828 184 44 93 88 542 252 280 308
-0.00319451 184 88 93 88 542 252 280 308
-0.00189542 184 132 93 88 542 252 280 308
-0.0031937 184 176 93 88 542 252 280 308
-0.00319472 184 220 93 88 542 252 280 308
-0.00319209 0 0 93 88 542 252 280 308
-0.00296845 0 44 93 88 542 252 280 308
-0.00274141 0 88 93 88 542 252 280 308
-0.0031855 0 132 93 88 542 252 280 308
-0.003191 0 176 93 88 542 252 280 308
-0.00319157 0 220 93 88 542 252 280 308
-0.00319463 46 0 93 88 542 252 280 308
-0.00318692 46 44 93 88 542 252 280 308
-0.00319205 46 88 93 88 542 252 280 308
-0.00319563 46 132 93 88 542 252 280 308
-0.00319497 46 176 93 88 542 252 280 308
-0.0031956 46 220 93 88 542 252 280 308
-0.0031955 92 0 93 88 542 252 280 308
-0.00319308 92 44 93 88 542 252 280 308
-0.00318068 92 88 93 88 542 252 280 308
-0.00319519 92 132 93 88 542 252 280 308
-0.00319577 92 176 93 88 542 252 280 308
-0.00319247 92 220 93 88 542 252 280 308
-0.00319518 138 0 93 88 542 252 280 308
-0.00319546 138 44 93 88 542 252 280 308
-0.00319558 138 88 93 88 542 252 280 308
-0.00319624 138 132 93 88 542 252 280 308
-0.00319387 138 176 93 88 542 252 280 308
-0.00319127 138 220 93 88 542 252 280 308
-0.0031911 184 0 93 88 542 252 280 308
-0.00319457 184 44 93 88 542 252 280 308
-0.00319283 184 88 93 88 542 252 280 308
-0.00319274 184 132 93 88 542 252 280 308
-0.00319372 184 176 93 88 542 252 280 308
-0.00319561 184 220 93 88 542 252 280 308
-0.00319534 0 0 93 88 542 252 280 308
-0.00319168 0 44 93 88 542 252 280 308
-0.00319559 0 88 93 88 542 252 280 308
-0.00319585 0 132 93 88 542 252 280 308
-0.00319596 0 176 93 88 542 252 280 308
-0.00319584 0 220 93 88 542 252 280 308
-0.00319506 46 0 93 88 542 252 280 308
-0.00245384 46 44 93 88 542 252 280 308
-0.0031938 46 88 93 88 542 252 280 308
-0.00319087 46 132 93 88 542 252 280 308
-0.00318869 46 176 93 88 542 252 280 308
-0.00317753 46 220 93 88 542 252 280 308
-0.00319548 92 0 93 88 542 252 280 308
-0.00318552 92 44 93 88 542 252 280 308
-0.00318983 92 88 93 88 542 252 280 308
-0.00318575 92 132 93 88 542 252 280 308
-0.00318474 92 176 93 88 542 252 280 308
-0.00318828 92 220 93 88 542 252 280 308
-0.00319513 138 0 93 88 542 252 280 308
-0.00319576 138 44 93 88 542 252 280 308
-0.00319422 138 88 93 88 542 252 280 308
-0.0031908 138 132 93 88 542 252 280 308
-0.00319229 138 176 93 88 542 252 280 308
-0.00319102 138 220 93 88 542 252 280 308
-0.00148275 184 0 93 88 542 252 280 308
-0.00318125 184 44 93 88 542 252 280 308
-0.0031949 184 88 93 88 542 252 280 308
-0.00319441 184 132 93 88 542 252 280 308
-0.00318347 184 176 93 88 542 252 280 308
-0.00319433 184 220 93 88 542 252 280 308
-0.00319397 0 0 93 88 542 252 280 308
-0.00319365 0 44 93 88 542 252 280 308
-0.00319558 0 88 93 88 542 252 280 308
-0.00319571 0 132 93 88 542 252 280 308
-0.0031956 0 176 93 88 542 252 280 308
-0.00319515 0 220 93 88 542 252 280 308
-0.00319437 46 0 93 88 542 252 280 308
-0.00251806 46 44 93 88 542 252 280 308
-0.00319243 46 88 93 88 542 252 280 308
-0.00319332 46 132 93 88 542 252 280 308
-0.00319248 46 176 93 88 542 252 280 308
-0.00318904 46 220 93 88 542 252 280 308
-0.00319516 92 0 93 88 542 252 280 308
-0.00319253 92 44 93 88 542 252 280 308
-0.00318353 92 88 93 88 542 252 280 308
-0.00210433 92 132 93 88 542 252 280 308
-0.0030105 92 176 93 88 542 252 280 308
-0.00319361 92 220 93 88 542 252 280 308
-0.00319587 138 0 93 88 542 252 280 308
-0.00319453 138 44 93 88 542 252 280 308
-0.00318784 138 88 93 88 542 252 280 308
-0.00307332 138 132 93 88 542 252 280 308
-0.00318057 138 176 93 88 542 252 280 308
-0.00319346 138 220 93 88 542 252 280 308
-0.00319549 184 0 93 88 542 252 280 308
-0.00319549 184 44 93 88 542 252 280 308
-0.00319498 184 88 93 88 542 252 280 308
-0.0031934 184 132 93 88 542 252 280 308
-0.00319066 184 176 93 88 542 252 280 308
-0.00319277 184 220 93 88 542 252 280 308
-0.00319482 0 0 93 88 542 252 280 308
-0.00319522 0 44 93 88 542 252 280 308
-0.00319551 0 88 93 88 542 252 280 308
-0.00319589 0 132 93 88 542 252 280 308
-0.00319591 0 176 93 88 542 252 280 308
-0.00319545 0 220 93 88 542 252 280 308
-0.00319442 46 0 93 88 542 252 280 308
-0.00319196 46 44 93 88 542 252 280 308
-0.00319305 46 88 93 88 542 252 280 308
-0.00319454 46 132 93 88 542 252 280 308
-0.00319464 46 176 93 88 542 252 280 308
-0.00319389 46 220 93 88 542 252 280 308
-0.00319553 92 0 93 88 542 252 280 308
-0.0031944 92 44 93 88 542 252 280 308
-0.00318314 92 88 93 88 542 252 280 308
-0.00318634 92 132 93 88 542 252 280 308
-0.0031882 92 176 93 88 542 252 280 308
-0.00319408 92 220 93 88 542 252 280 308
-0.00319594 138 0 93 88 542 252 280 308
-0.00319465 138 44 93 88 542 252 280 308
-0.00318379 138 88 93 88 542 252 280 308
-0.00309406 138 132 93 88 542 252 280 308
-0.00152096 138 176 93 88 542 252 280 308
-0.00319359 138 220 93 88 542 252 280 308
-0.00319593 184 0 93 88 542 252 280 308
-0.00319518 184 44 93 88 542 252 280 308
-0.00319471 184 88 93 88 542 252 280 308
-0.00319351 184 132 93 88 542 252 280 308
-0.00319122 184 176 93 88 542 252 280 308
-0.00319419 184 220 93 88 542 252 280 308
-0.00318774 0 0 93 88 542 252 280 308
-0.00319464 0 44 93 88 542 252 280 308
-0.00319376 0 88 93 88 542 252 280 308
-0.00319487 0 132 93 88 542 252 280 308
-0.00319108 0 176 93 88 542 252 280 308
-0.00319504 0 220 93 88 542 252 280 308
-0.00318993 46 0 93 88 542 252 280 308
-0.00319505 46 44 93 88 542 252 280 308
-0.00319447 46 88 93 88 542 252 280 308
-0.0031954 46 132 93 88 542 252 280 308
-0.00319538 46 176 93 88 542 252 280 308
-0.00319562 46 220 93 88 542 252 280 308
-0.00319406 92 0 93 88 542 252 280 308
-0.00319474 92 44 93 88 542 252 280 308
-0.00317656 92 88 93 88 542 252 280 308
-0.00319148 92 132 93 88 542 252 280 308
-0.00318992 92 176 93 88 542 252 280 308
-0.0031945 92 220 93 88 542 252 280 308
-0.00319547 138 0 93 88 542 252 280 308
-0.00319255 138 44 93 88 542 252 280 308
-0.00318205 138 88 93 88 542 252 280 308
-0.0031891 138 132 93 88 542 252 280 308
-0.00318583 138 176 93 88 542 252 280 308
-0.00319402 138 220 93 88 542 252 280 308
-0.00319533 184 0 93 88 542 252 280 308
-0.00319084 184 44 93 88 542 252 280 308
-0.00319102 184 88 93 88 542 252 280 308
-0.00319241 184 132 93 88 542 252 280 308
-0.00319207 184 176 93 88 542 252 280 308
-0.00319486 184 220 93 88 542 252 280 308
-0.00319303 0 0 93 88 542 252 280 308
-0.00319469 0 44 93 88 542 252 280 308
-0.0031943 0 88 93 88 542 252 280 308
-0.00319417 0 132 93 88 542 252 280 308
-0.00319355 0 176 93 88 542 252 280 308
-0.00319538 0 220 93 88 542 252 280 308
-0.00319153 46 0 93 88 542 252 280 308
-0.00319323 46 44 93 88 542 252 280 308
-0.00319461 46 88 93 88 542 252 280 308
-0.00319492 46 132 93 88 542 252 280 308
-0.00319481 46 176 93 88 542 252 280 308
-0.0031952 46 220 93 88 542 252 280 308
-0.00319492 92 0 93 88 542 252 280 308
-0.00319312 92 44 93 88 542 252 280 308
-0.00294783 92 88 93 88 542 252 280 308
-0.00318429 92 132 93 88 542 252 280 308
-0.00318736 92 176 93 88 542 252 280 308
-0.00319404 92 220 93 88 542 252 280 308
-0.00319496 138 0 93 88 542 252 280 308
-0.00319524 138 44 93 88 542 252 280 308
-0.00319065 138 88 93 88 542 252 280 308
-0.00319133 138 132 93 88 542 252 280 308
-0.00318308 138 176 93 88 542 252 280 308
-0.00319253 138 220 93 88 542 252 280 308
-0.00318335 184 0 93 88 542 252 280 308
-0.00319518 184 44 93 88 542 252 280 308
-0.00319246 184 88 93 88 542 252 280 308
-0.00319255 184 132 93 88 542 252 280 308
-0.00318934 184 176 93 88 542 252 280 308
-0.00319477 184 220 93 88 542 252 280 308
-0.00319485 0 0 93 88 542 252 280 308
-0.00319337 0 44 93 88 542 252 280 308
-0.0031949 0 88 93 88 542 252 280 308
-0.00319565 0 132 93 88 542 252 280 308
-0.00319572 0 176 93 88 542 252 280 308
-0.00319576 0 220 93 88 542 252 280 308
-0.00319443 46 0 93 88 542 252 280 308
-0.00318983 46 44 93 88 542 252 280 308
-0.00319286 46 88 93 88 542 252 280 308
-0.00319312 46 132 93 88 542 252 280 308
-0.00319154 46 176 93 88 542 252 280 308
-0.00319189 46 220 93 88 542 252 280 308
-0.00319491 92 0 93 88 542 252 280 308
-0.00318539 92 44 93 88 542 252 280 308
-0.0031901 92 88 93 88 542 252 280 308
-0.0031873 92 132 93 88 542 252 280 308
-0.00318208 92 176 93 88 542 252 280 308
-0.00319239 92 220 93 88 542 252 280 308
-0.00319575 138 0 93 88 542 252 280 308
-0.00319575 138 44 93 88 542 252 280 308
-0.0031937 138 88 93 88 542 252 280 308
-0.00319246 138 132 93 88 542 252 280 308
-0.00318395 138 176 93 88 542 252 280 308
-0.00311487 138 220 93 88 542 252 280 308
-0.00174191 184 0 93 88 542 252 280 308
-0.00318637 184 44 93 88 542 252 280 308
-0.00319529 184 88 93 88 542 252 280 308
-0.00319376 184 132 93 88 542 252 280 308
-0.00318329 184 176 93 88 542 252 280 308
-0.00319449 184 220 93 88 542 252 280 308
-0.00319282 0 0 112 123 542 252 280 308
-0.00319389 0 61 112 123 542 252 280 308
-0.00319516 0 122 112 123 542 252 280 308
-0.00319521 0 183 112 123 542 252 280 308
-0.00319013 56 0 112 123 542 252 280 308
-0.00317947 56 61 112 123 542 252 280 308
-0.00319089 56 122 112 123 542 252 280 308
-0.00319164 56 183 112 123 542 252 280 308
-0.00319496 112 0 112 123 542 252 280 308
-0.0031843 112 61 112 123 542 252 280 308
-0.0015002 112 122 112 123 542 252 280 308
-0.00270005 112 183 112 123 542 252 280 308
-0.00319565 168 0 112 123 542 252 280 308
-0.00319469 168 61 112 123 542 252 280 308
-0.00319021 168 122 112 123 542 252 280 308
-0.00319045 168 183 112 123 542 252 280 308
-0.00319049 0 0 112 123 542 252 280 308
-0.0031903 0 61 112 123 542 252 280 308
-0.00319505 0 122 112 123 542 252 280 308
-0.00319594 0 183 112 123 542 252 280 308
-0.0031935 56 0 112 123 542 252 280 308
-0.0031889 56 61 112 123 542 252 280 308
-0.0031792 56 122 112 123 542 252 280 308
-0.00319152 56 183 112 123 542 252 280 308
-0.00319364 112 0 112 123 542 252 280 308
-0.00319353 112 61 112 123 542 252 280 308
-0.00318647 112 122 112 123 542 252 280 308
-0.00317686 112 183 112 123 542 252 280 308
-0.00317875 168 0 112 123 542 252 280 308
-0.00319312 168 61 112 123 542 252 280 308
-0.0031858 168 122 112 123 542 252 280 308
-0.00319101 168 183 112 123 542 252 280 308
-0.00319375 0 0 112 123 542 252 280 308
-0.00319412 0 61 112 123 542 252 280 308
-0.00319498 0 122 112 123 542 252 280 308
-0.00319492 0 183 112 123 542 252 280 308
-0.00318367 56 0 112 123 542 252 280 308
-0.00318422 56 61 112 123 542 252 280 308
-0.00318178 56 122 112 123 542 252 280 308
-0.00318892 56 183 112 123 542 252 280 308
-0.00319532 112 0 112 123 542 252 280 308
-0.00319595 112 61 112 123 542 252 280 308
-0.00319537 112 122 112 123 542 252 280 308
-0.00319269 112 183 112 123 542 252 280 308
-0.00318685 168 0 112 123 542 252 280 308
-0.00318871 168 61 112 123 542 252 280 308
-0.00318909 168 122 112 123 542 252 280 308
-0.00319361 168 183 112 123 542 252 280 308
-0.003192 0 0 112 123 542 252 280 308
-0.00318818 0 61 112 123 542 252 280 308
-0.00243193 0 122 112 123 542 252 280 308
-0.00319526 0 183 112 123 542 252 280 308
-0.00319428 56 0 112 123 542 252 280 308
-0.00317758 56 61 112 123 542 252 280 308
-0.0031928 56 122 112 123 542 252 280 308
-0.00319544 56 183 112 123 542 252 280 308
-0.00319521 112 0 112 123 542 252 280 308
-0.00319368 112 61 112 123 542 252 280 308
-0.00319598 112 122 112 123 542 252 280 308
-0.00318951 112 183 112 123 542 252 280 308
-0.00319262 168 0 112 123 542 252 280 308
-0.00319412 168 61 112 123 542 252 280 308
-0.00318395 168 122 112 123 542 252 280 308
-0.00318932 168 183 112 123 542 252 280 308
-0.00319154 0 0 112 123 542 252 280 308
-0.00319363 0 61 112 123 542 252 280 308
-0.00319525 0 122 112 123 542 252 280 308
-0.00319542 0 183 112 123 542 252 280 308
-0.00319 56 0 112 123 542 252 280 308
-0.0023206 56 61 112 123 542 252 280 308
-0.00318562 56 122 112 123 542 252 280 308
-0.00318854 56 183 112 123 542 252 280 308
-0.00319479 112 0 112 123 542 252 280 308
-0.00319198 112 61 112 123 542 252 280 308
-0.00318922 112 122 112 123 542 252 280 308
-0.00317844 112 183 112 123 542 252 280 308
-0.00164033 168 0 112 123 542 252 280 308
-0.0031952 168 61 112 123 542 252 280 308
-0.00319191 168 122 112 123 542 252 280 308
-0.00318637 168 183 112 123 542 252 280 308
-0.00319347 0 0 112 123 542 252 280 308
-0.0031946 0 61 112 123 542 252 280 308
-0.00319514 0 122 112 123 542 252 280 308
-0.00319454 0 183 112 123 542 252 280 308
-0.00319172 56 0 112 123 542 252 280 308
-0.00318441 56 61 112 123 542 252 280 308
-0.0031892 56 122 112 123 542 252 280 308
-0.00318683 56 183 112 123 542 252 280 308
-0.00319501 112 0 112 123 542 252 280 308
-0.00318831 112 61 112 123 542 252 280 308
-0.00298944 112 122 112 123 542 252 280 308
-0.00318687 112 183 112 123 542 252 280 308
-0.00319564 168 0 112 123 542 252 280 308
-0.00319431 168 61 112 123 542 252 280 308
-0.00319147 168 122 112 123 542 252 280 308
-0.00318968 168 183 112 123 542 252 280 308
-0.00319455 0 0 112 123 542 252 280 308
-0.0031945 0 61 112 123 542 252 280 308
-0.00319547 0 122 112 123 542 252 280 308
-0.00319499 0 183 112 123 542 252 280 308
-0.00319436 56 0 112 123 542 252 280 308
-0.00319213 56 61 112 123 542 252 280 308
-0.00319319 56 122 112 123 542 252 280 308
-0.00319099 56 183 112 123 542 252 280 308
-0.00319514 112 0 112 123 542 252 280 308
-0.0031859 112 61 112 123 542 252 280 308
-0.00317674 112 122 112 123 542 252 280 308
-0.00318656 112 183 112 123 542 252 280 308
-0.00319537 168 0 112 123 542 252 280 308
-0.00319413 168 61 112 123 542 252 280 308
-0.00319273 168 122 112 123 542 252 280 308
-0.00319169 168 183 112 123 542 252 280 308
-0.00318927 0 0 112 123 542 252 280 308
-0.00318614 0 61 112 123 542 252 280 308
-0.00319527 0 122 112 123 542 252 280 308
-0.00319581 0 183 112 123 542 252 280 308
-0.00319533 56 0 112 123 542 252 280 308
-0.00319323 56 61 112 123 542 252 280 308
-0.00319394 56 122 112 123 542 252 280 308
-0.00319286 56 183 112 123 542 252 280 308
-0.00319511 112 0 112 123 542 252 280 308
-0.00318198 112 61 112 123 542 252 280 308
-0.00282208 112 122 112 123 542 252 280 308
-0.00317886 112 183 112 123 542 252 280 308
-0.00319432 168 0 112 123 542 252 280 308
-0.00318999 168 61 112 123 542 252 280 308
-0.00319298 168 122 112 123 542 252 280 308
-0.00319322 168 183 112 123 542 252 280 308
-0.0031912 0 0 112 123 542 252 280 308
-0.00319386 0 61 112 123 542 252 280 308
-0.00319511 0 122 112 123 542 252 280 308
-0.00319581 0 183 112 123 542 252 280 308
-0.00319293 56 0 112 123 542 252 280 308
-0.00318809 56 61 112 123 542 252 280 308
-0.0031924 56 122 112 123 542 252 280 308
-0.00319321 56 183 112 123 542 252 280 308
-0.00319525 112 0 112 123 542 252 280 308
-0.00318542 112 61 112 123 542 252 280 308
-0.00255968 112 122 112 123 542 252 280 308
-0.00238778 112 183 112 123 542 252 280 308
-0.00319541 168 0 112 123 542 252 280 308
-0.00319474 168 61 112 123 542 252 280 308
-0.00319011 168 122 112 123 542 252 280 308
-0.00319125 168 183 112 123 542 252 280 308
-0.00319246 0 0 112 123 542 252 280 308
-0.00319314 0 61 112 123 542 252 280 308
-0.00319483 0 122 112 123 542 252 280 308
-0.00319532 0 183 112 123 542 252 280 308
-0.00317906 56 0 112 123 542 252 280 308
-0.00258015 56 61 112 123 542 252 280 308
-0.00319063 56 122 112 123 542 252 280 308
-0.0031934 56 183 112 123 542 252 280 308
-0.00319413 112 0 112 123 542 252 280 308
-0.00318626 112 61 112 123 542 252 280 308
-0.00318937 112 122 112 123 542 252 280 308
-0.00294793 112 183 112 123 542 252 280 308
-0.00267984 168 0 112 123 542 252 280 308
-0.00319551 168 61 112 123 542 252 280 308
-0.00318839 168 122 112 123 542 252 280 308
-0.00318935 168 183 112 123 542 252 280 308
-0.00318495 0 0 186 205 542 252 280 308
-0.00318785 0 102 186 205 542 252 280 308
-0.00319228 93 0 186 205 542 252 280 308
-0.00227474 93 102 186 205 542 252 280 308
-0.00319173 0 0 186 205 542 252 280 308
-0.00318715 0 102 186 205 542 252 280 308
-0.00318851 93 0 186 205 542 252 280 308
-0.00169454 93 102 186 205 542 252 280 308
-0.00303144 0 0 186 205 542 252 280 308
-0.00318119 0 102 186 205 542 252 280 308
-0.00318956 93 0 186 205 542 252 280 308
-0.00319089 93 102 186 205 542 252 280 308
-0.00319165 0 0 186 205 542 252 280 308
-0.00319435 0 102 186 205 542 252 280 308
-0.00319282 93 0 186 205 542 252 280 308
-0.00155169 93 102 186 205 542 252 280 308
-0.00288414 0 0 186 205 542 252 280 308
-0.00318424 0 102 186 205 542 252 280 308
-0.00319417 93 0 186 205 542 252 280 308
-0.00305237 93 102 186 205 542 252 280 308
-0.00318842 0 0 186 205 542 252 280 308
-0.0031861 0 102 186 205 542 252 280 308
-0.00319071 93 0 186 205 542 252 280 308
-0.00317822 93 102 186 205 542 252 280 308
-0.00319015 0 0 186 205 542 252 280 308
-0.00318933 0 102 186 205 542 252 280 308
-0.00318956 93 0 186 205 542 252 280 308
-0.00317711 93 102 186 205 542 252 280 308
-0.00319196 0 0 186 205 542 252 280 308
-0.00318937 0 102 186 205 542 252 280 308
-0.00319173 93 0 186 205 542 252 280 308
-0.00318032 93 102 186 205 542 252 280 308
-0.00318466 0 0 186 205 542 252 280 308
-0.00318918 0 102 186 205 542 252 280 308
-0.00319304 93 0 186 205 542 252 280 308
-0.00220196 93 102 186 205 542 252 280 308
-0.00263995 0 0 186 205 542 252 280 308
-0.00318928 0 102 186 205 542 252 280 308
-0.00319358 93 0 186 205 542 252 280 308
-0.00161545 93 102 186 205 542 252 280 308
-0.00182493 0 0 280 308 542 252 280 308
-0.00318542 0 0 280 308 542 252 280 308
-0.00317914 0 0 280 308 542 252 280 308
-0.0031905 0 0 280 308 542 252 280 308
-0.00205163 0 0 280 308 542 252 280 308
-0.00192062 0 0 280 308 542 252 280 308
-0.00197171 0 0 280 308 542 252 280 308
-0.00202389 0 0 280 308 542 252 280 308
-0.00194564 0 0 280 308 542 252 280 308
-0.00166692 0 0 280 308 542 252 280 308
