-0.00283655 0 0 28 27 106 68 130 125
-0.00283628 0 13 28 27 106 68 130 125
-0.00283692 0 26 28 27 106 68 130 125
-0.00283722 0 39 28 27 106 68 130 125
-0.002837 0 52 28 27 106 68 130 125
-0.00283689 0 65 28 27 106 68 130 125
-0.00283693 0 78 28 27 106 68 130 125
-0.0028368 0 91 28 27 106 68 130 125
-0.00283194 14 0 28 27 106 68 130 125
-0.00282553 14 13 28 27 106 68 130 125
-0.00283115 14 26 28 27 106 68 130 125
-0.00283649 14 39 28 27 106 68 130 125
-0.00283715 14 52 28 27 106 68 130 125
-0.00283693 14 65 28 27 106 68 130 125
-0.00283671 14 78 28 27 106 68 130 125
-0.00283727 14 91 28 27 106 68 130 125
-0.00283359 28 0 28 27 106 68 130 125
-0.00282318 28 13 28 27 106 68 130 125
-0.00282483 28 26 28 27 106 68 130 125
-0.00282373 28 39 28 27 106 68 130 125
-0.00283517 28 52 28 27 106 68 130 125
-0.00283599 28 65 28 27 106 68 130 125
-0.00283646 28 78 28 27 106 68 130 125
-0.00283691 28 91 28 27 106 68 130 125
-0.00283707 42 0 28 27 106 68 130 125
-0.00283532 42 13 28 27 106 68 130 125
-0.00127931 42 26 28 27 106 68 130 125
-0.0025121 42 39 28 27 106 68 130 125
-0.00283073 42 52 28 27 106 68 130 125
-0.002679 42 65 28 27 106 68 130 125
-0.00282603 42 78 28 27 106 68 130 125
-0.00283301 42 91 28 27 106 68 130 125
-0.0028372 56 0 28 27 106 68 130 125
-0.00283693 56 13 28 27 106 68 130 125
-0.00283043 56 26 28 27 106 68 130 125
-0.00282395 56 39 28 27 106 68 130 125
-0.0028328 56 52 28 27 106 68 130 125
-0.00283102 56 65 28 27 106 68 130 125
-0.00190597 56 78 28 27 106 68 130 125
-0.00283588 56 91 28 27 106 68 130 125
-0.00283673 70 0 28 27 106 68 130 125
-0.00283695 70 13 28 27 106 68 130 125
-0.00282595 70 26 28 27 106 68 130 125
-0.00282858 70 39 28 27 106 68 130 125
-0.00283302 70 52 28 27 106 68 130 125
-0.00283605 70 65 28 27 106 68 130 125
-0.00283219 70 78 28 27 106 68 130 125
-0.00283675 70 91 28 27 106 68 130 125
-0.00283638 84 0 28 27 106 68 130 125
-0.00283645 84 13 28 27 106 68 130 125
-0.00283383 84 26 28 27 106 68 130 125
-0.00282611 84 39 28 27 106 68 130 125
-0.00283551 84 52 28 27 106 68 130 125
-0.00283614 84 65 28 27 106 68 130 125
-0.00283672 84 78 28 27 106 68 130 125
-0.00283713 84 91 28 27 106 68 130 125
-0.00283647 98 0 28 27 106 68 130 125
-0.00283371 98 13 28 27 106 68 130 125
-0.00282912 98 26 28 27 106 68 130 125
-0.0028334 98 39 28 27 106 68 130 125
-0.00283559 98 52 28 27 106 68 130 125
-0.00282974 98 65 28 27 106 68 130 125
-0.00283655 98 78 28 27 106 68 130 125
-0.00283706 98 91 28 27 106 68 130 125
-0.00171618 0 0 28 27 106 68 130 125
-0.00217639 0 13 28 27 106 68 130 125
-0.00282625 0 26 28 27 106 68 130 125
-0.00188028 0 39 28 27 106 68 130 125
-0.00240593 0 52 28 27 106 68 130 125
-0.00283703 0 65 28 27 106 68 130 125
-0.00283639 0 78 28 27 106 68 130 125
-0.00149899 0 91 28 27 106 68 130 125
-0.00205536 14 0 28 27 106 68 130 125
-0.000862924 14 13 28 27 106 68 130 125
-0.00152651 14 26 28 27 106 68 130 125
-0.00283064 14 39 28 27 106 68 130 125
-0.00283283 14 52 28 27 106 68 130 125
-0.0028369 14 65 28 27 106 68 130 125
-0.00283642 14 78 28 27 106 68 130 125
-0.00282583 14 91 28 27 106 68 130 125
-0.00200562 28 0 28 27 106 68 130 125
-0.00258827 28 13 28 27 106 68 130 125
-0.00282753 28 26 28 27 106 68 130 125
-0.00283209 28 39 28 27 106 68 130 125
-0.00283255 28 52 28 27 106 68 130 125
-0.002836 28 65 28 27 106 68 130 125
-0.00283604 28 78 28 27 106 68 130 125
-0.00283308 28 91 28 27 106 68 130 125
-0.00283203 42 0 28 27 106 68 130 125
-0.00283135 42 13 28 27 106 68 130 125
-0.00283239 42 26 28 27 106 68 130 125
-0.00282629 42 39 28 27 106 68 130 125
-0.00283112 42 52 28 27 106 68 130 125
-0.00283358 42 65 28 27 106 68 130 125
-0.00283462 42 78 28 27 106 68 130 125
-0.00283448 42 91 28 27 106 68 130 125
-0.00174485 56 0 28 27 106 68 130 125
-0.002834 56 13 28 27 106 68 130 125
-0.00283576 56 26 28 27 106 68 130 125
-0.00177266 56 39 28 27 106 68 130 125
-0.00282936 56 52 28 27 106 68 130 125
-0.00283262 56 65 28 27 106 68 130 125
-0.00283547 56 78 28 27 106 68 130 125
-0.0028365 56 91 28 27 106 68 130 125
-0.00130857 70 0 28 27 106 68 130 125
-0.00283304 70 13 28 27 106 68 130 125
-0.00283559 70 26 28 27 106 68 130 125
-0.00282969 70 39 28 27 106 68 130 125
-0.00283621 70 52 28 27 106 68 130 125
-0.00283633 70 65 28 27 106 68 130 125
-0.0028361 70 78 28 27 106 68 130 125
-0.00283693 70 91 28 27 106 68 130 125
-0.0028226 84 0 28 27 106 68 130 125
-0.00283162 84 13 28 27 106 68 130 125
-0.00283364 84 26 28 27 106 68 130 125
-0.00283545 84 39 28 27 106 68 130 125
-0.00283542 84 52 28 27 106 68 130 125
-0.00282423 84 65 28 27 106 68 130 125
-0.00283496 84 78 28 27 106 68 130 125
-0.00283711 84 91 28 27 106 68 130 125
-0.00282992 98 0 28 27 106 68 130 125
-0.00282544 98 13 28 27 106 68 130 125
-0.00141559 98 26 28 27 106 68 130 125
-0.00283037 98 39 28 27 106 68 130 125
-0.0028288 98 52 28 27 106 68 130 125
-0.00282462 98 65 28 27 106 68 130 125
-0.00283653 98 78 28 27 106 68 130 125
-0.00283723 98 91 28 27 106 68 130 125
-0.00283683 0 0 28 27 106 68 130 125
-0.00283643 0 13 28 27 106 68 130 125
-0.00283192 0 26 28 27 106 68 130 125
-0.000814309 0 39 28 27 106 68 130 125
-0.00096063 0 52 28 27 106 68 130 125
-0.0010495 0 65 28 27 106 68 130 125
-0.00195646 0 78 28 27 106 68 130 125
-0.00168816 0 91 28 27 106 68 130 125
-0.0028366 14 0 28 27 106 68 130 125
-0.00283531 14 13 28 27 106 68 130 125
-0.00283612 14 26 28 27 106 68 130 125
-0.00283461 14 39 28 27 106 68 130 125
-0.00283003 14 52 28 27 106 68 130 125
-0.00282413 14 65 28 27 106 68 130 125
-0.00282794 14 78 28 27 106 68 130 125
-0.00283382 14 91 28 27 106 68 130 125
-0.00283646 28 0 28 27 106 68 130 125
-0.00282765 28 13 28 27 106 68 130 125
-0.00283596 28 26 28 27 106 68 130 125
-0.00283525 28 39 28 27 106 68 130 125
-0.00283252 28 52 28 27 106 68 130 125
-0.00283597 28 65 28 27 106 68 130 125
-0.00283667 28 78 28 27 106 68 130 125
-0.00283654 28 91 28 27 106 68 130 125
-0.00283647 42 0 28 27 106 68 130 125
-0.00283689 42 13 28 27 106 68 130 125
-0.00283639 42 26 28 27 106 68 130 125
-0.00283616 42 39 28 27 106 68 130 125
-0.00283631 42 52 28 27 106 68 130 125
-0.00283702 42 65 28 27 106 68 130 125
-0.00283697 42 78 28 27 106 68 130 125
-0.00283545 42 91 28 27 106 68 130 125
-0.00283604 56 0 28 27 106 68 130 125
-0.00283723 56 13 28 27 106 68 130 125
-0.00283474 56 26 28 27 106 68 130 125
-0.00283556 56 39 28 27 106 68 130 125
-0.00283485 56 52 28 27 106 68 130 125
-0.0028348 56 65 28 27 106 68 130 125
-0.00283007 56 78 28 27 106 68 130 125
-0.00283614 56 91 28 27 106 68 130 125
-0.00283573 70 0 28 27 106 68 130 125
-0.00283713 70 13 28 27 106 68 130 125
-0.00283569 70 26 28 27 106 68 130 125
-0.00283601 70 39 28 27 106 68 130 125
-0.00283619 70 52 28 27 106 68 130 125
-0.00283614 70 65 28 27 106 68 130 125
-0.00283536 70 78 28 27 106 68 130 125
-0.0028314 70 91 28 27 106 68 130 125
-0.00283646 84 0 28 27 106 68 130 125
-0.00283658 84 13 28 27 106 68 130 125
-0.0028313 84 26 28 27 106 68 130 125
-0.00283327 84 39 28 27 106 68 130 125
-0.00282997 84 52 28 27 106 68 130 125
-0.00283543 84 65 28 27 106 68 130 125
-0.00283625 84 78 28 27 106 68 130 125
-0.00283414 84 91 28 27 106 68 130 125
-0.00283662 98 0 28 27 106 68 130 125
-0.00283649 98 13 28 27 106 68 130 125
-0.00283103 98 26 28 27 106 68 130 125
-0.00283362 98 39 28 27 106 68 130 125
-0.00163332 98 52 28 27 106 68 130 125
-0.00283237 98 65 28 27 106 68 130 125
-0.00283332 98 78 28 27 106 68 130 125
-0.0028314 98 91 28 27 106 68 130 125
-0.00283313 0 0 28 27 106 68 130 125
-0.00283117 0 13 28 27 106 68 130 125
-0.00112011 0 26 28 27 106 68 130 125
-0.00121873 0 39 28 27 106 68 130 125
-0.00255373 0 52 28 27 106 68 130 125
-0.00283618 0 65 28 27 106 68 130 125
-0.00283728 0 78 28 27 106 68 130 125
-0.00283612 0 91 28 27 106 68 130 125
-0.00283202 14 0 28 27 106 68 130 125
-0.00283004 14 13 28 27 106 68 130 125
-0.00283445 14 26 28 27 106 68 130 125
-0.00283256 14 39 28 27 106 68 130 125
-0.0028334 14 52 28 27 106 68 130 125
-0.00283579 14 65 28 27 106 68 130 125
-0.0028372 14 78 28 27 106 68 130 125
-0.00283697 14 91 28 27 106 68 130 125
-0.00283413 28 0 28 27 106 68 130 125
-0.00283384 28 13 28 27 106 68 130 125
-0.00283617 28 26 28 27 106 68 130 125
-0.00283565 28 39 28 27 106 68 130 125
-0.00283459 28 52 28 27 106 68 130 125
-0.00283628 28 65 28 27 106 68 130 125
-0.00283624 28 78 28 27 106 68 130 125
-0.00283694 28 91 28 27 106 68 130 125
-0.00283378 42 0 28 27 106 68 130 125
-0.00283663 42 13 28 27 106 68 130 125
-0.00283256 42 26 28 27 106 68 130 125
-0.00282811 42 39 28 27 106 68 130 125
-0.00283605 42 52 28 27 106 68 130 125
-0.00283652 42 65 28 27 106 68 130 125
-0.00283649 42 78 28 27 106 68 130 125
-0.00283515 42 91 28 27 106 68 130 125
-0.00283342 56 0 28 27 106 68 130 125
-0.00283688 56 13 28 27 106 68 130 125
-0.00283268 56 26 28 27 106 68 130 125
-0.00238396 56 39 28 27 106 68 130 125
-0.00283437 56 52 28 27 106 68 130 125
-0.00283513 56 65 28 27 106 68 130 125
-0.00283458 56 78 28 27 106 68 130 125
-0.00283593 56 91 28 27 106 68 130 125
-0.00283268 70 0 28 27 106 68 130 125
-0.00283651 70 13 28 27 106 68 130 125
-0.00283391 70 26 28 27 106 68 130 125
-0.00283375 70 39 28 27 106 68 130 125
-0.00283576 70 52 28 27 106 68 130 125
-0.0028369 70 65 28 27 106 68 130 125
-0.00283585 70 78 28 27 106 68 130 125
-0.00282733 70 91 28 27 106 68 130 125
-0.00283474 84 0 28 27 106 68 130 125
-0.00283582 84 13 28 27 106 68 130 125
-0.00282564 84 26 28 27 106 68 130 125
-0.00215206 84 39 28 27 106 68 130 125
-0.00283041 84 52 28 27 106 68 130 125
-0.00283695 84 65 28 27 106 68 130 125
-0.00283638 84 78 28 27 106 68 130 125
-0.00283308 84 91 28 27 106 68 130 125
-0.00283524 98 0 28 27 106 68 130 125
-0.00283516 98 13 28 27 106 68 130 125
-0.00222433 98 26 28 27 106 68 130 125
-0.00227123 98 39 28 27 106 68 130 125
-0.00283034 98 52 28 27 106 68 130 125
-0.00283621 98 65 28 27 106 68 130 125
-0.00283695 98 78 28 27 106 68 130 125
-0.00283621 98 91 28 27 106 68 130 125
-0.00283661 0 0 28 27 106 68 130 125
-0.00283635 0 13 28 27 106 68 130 125
-0.00283711 0 26 28 27 106 68 130 125
-0.00283391 0 39 28 27 106 68 130 125
-0.00283048 0 52 28 27 106 68 130 125
-0.00108544 0 65 28 27 106 68 130 125
-0.00104582 0 78 28 27 106 68 130 125
-0.00233939 0 91 28 27 106 68 130 125
-0.00283695 14 0 28 27 106 68 130 125
-0.00283646 14 13 28 27 106 68 130 125
-0.00283684 14 26 28 27 106 68 130 125
-0.0028372 14 39 28 27 106 68 130 125
-0.00283723 14 52 28 27 106 68 130 125
-0.00283731 14 65 28 27 106 68 130 125
-0.002837 14 78 28 27 106 68 130 125
-0.00283725 14 91 28 27 106 68 130 125
-0.00283662 28 0 28 27 106 68 130 125
-0.00283492 28 13 28 27 106 68 130 125
-0.00283618 28 26 28 27 106 68 130 125
-0.00283566 28 39 28 27 106 68 130 125
-0.00283535 28 52 28 27 106 68 130 125
-0.00283676 28 65 28 27 106 68 130 125
-0.00283698 28 78 28 27 106 68 130 125
-0.0028369 28 91 28 27 106 68 130 125
-0.00283707 42 0 28 27 106 68 130 125
-0.00283551 42 13 28 27 106 68 130 125
-0.00282612 42 26 28 27 106 68 130 125
-0.00283485 42 39 28 27 106 68 130 125
-0.00283415 42 52 28 27 106 68 130 125
-0.00283393 42 65 28 27 106 68 130 125
-0.0028331 42 78 28 27 106 68 130 125
-0.00283324 42 91 28 27 106 68 130 125
-0.00283709 56 0 28 27 106 68 130 125
-0.0028372 56 13 28 27 106 68 130 125
-0.0028363 56 26 28 27 106 68 130 125
-0.00283563 56 39 28 27 106 68 130 125
-0.00283534 56 52 28 27 106 68 130 125
-0.00283391 56 65 28 27 106 68 130 125
-0.0028336 56 78 28 27 106 68 130 125
-0.00283642 56 91 28 27 106 68 130 125
-0.00283311 70 0 28 27 106 68 130 125
-0.00283641 70 13 28 27 106 68 130 125
-0.00283453 70 26 28 27 106 68 130 125
-0.00283456 70 39 28 27 106 68 130 125
-0.00283681 70 52 28 27 106 68 130 125
-0.002837 70 65 28 27 106 68 130 125
-0.00283601 70 78 28 27 106 68 130 125
-0.00283691 70 91 28 27 106 68 130 125
-0.0028308 84 0 28 27 106 68 130 125
-0.00283267 84 13 28 27 106 68 130 125
-0.00283354 84 26 28 27 106 68 130 125
-0.00283425 84 39 28 27 106 68 130 125
-0.0028351 84 52 28 27 106 68 130 125
-0.00283693 84 65 28 27 106 68 130 125
-0.00283716 84 78 28 27 106 68 130 125
-0.00283714 84 91 28 27 106 68 130 125
-0.00283337 98 0 28 27 106 68 130 125
-0.00283548 98 13 28 27 106 68 130 125
-0.00283565 98 26 28 27 106 68 130 125
-0.00283456 98 39 28 27 106 68 130 125
-0.00283361 98 52 28 27 106 68 130 125
-0.00283653 98 65 28 27 106 68 130 125
-0.00283489 98 78 28 27 106 68 130 125
-0.00283677 98 91 28 27 106 68 130 125
-0.00283421 0 0 28 27 106 68 130 125
-0.00283702 0 13 28 27 106 68 130 125
-0.00283259 0 26 28 27 106 68 130 125
-0.00282565 0 39 28 27 106 68 130 125
-0.00283347 0 52 28 27 106 68 130 125
-0.00283566 0 65 28 27 106 68 130 125
-0.00283617 0 78 28 27 106 68 130 125
-0.00283457 0 91 28 27 106 68 130 125
-0.00283681 14 0 28 27 106 68 130 125
-0.00283704 14 13 28 27 106 68 130 125
-0.00283718 14 26 28 27 106 68 130 125
-0.00283719 14 39 28 27 106 68 130 125
-0.00283665 14 52 28 27 106 68 130 125
-0.00283644 14 65 28 27 106 68 130 125
-0.00283693 14 78 28 27 106 68 130 125
-0.0028373 14 91 28 27 106 68 130 125
-0.00283711 28 0 28 27 106 68 130 125
-0.0028351 28 13 28 27 106 68 130 125
-0.00283559 28 26 28 27 106 68 130 125
-0.00283676 28 39 28 27 106 68 130 125
-0.00283693 28 52 28 27 106 68 130 125
-0.00283689 28 65 28 27 106 68 130 125
-0.00283698 28 78 28 27 106 68 130 125
-0.00283689 28 91 28 27 106 68 130 125
-0.00283722 42 0 28 27 106 68 130 125
-0.00283672 42 13 28 27 106 68 130 125
-0.00283524 42 26 28 27 106 68 130 125
-0.00282854 42 39 28 27 106 68 130 125
-0.00283523 42 52 28 27 106 68 130 125
-0.00283575 42 65 28 27 106 68 130 125
-0.00283524 42 78 28 27 106 68 130 125
-0.0028309 42 91 28 27 106 68 130 125
-0.00283663 56 0 28 27 106 68 130 125
-0.00283696 56 13 28 27 106 68 130 125
-0.0028344 56 26 28 27 106 68 130 125
-0.00283087 56 39 28 27 106 68 130 125
-0.00283285 56 52 28 27 106 68 130 125
-0.00283342 56 65 28 27 106 68 130 125
-0.00283086 56 78 28 27 106 68 130 125
-0.00283142 56 91 28 27 106 68 130 125
-0.00283696 70 0 28 27 106 68 130 125
-0.00283665 70 13 28 27 106 68 130 125
-0.00283279 70 26 28 27 106 68 130 125
-0.00283415 70 39 28 27 106 68 130 125
-0.00283624 70 52 28 27 106 68 130 125
-0.00283666 70 65 28 27 106 68 130 125
-0.00283594 70 78 28 27 106 68 130 125
-0.00283653 70 91 28 27 106 68 130 125
-0.00283674 84 0 28 27 106 68 130 125
-0.00283417 84 13 28 27 106 68 130 125
-0.00283559 84 26 28 27 106 68 130 125
-0.00283237 84 39 28 27 106 68 130 125
-0.00259574 84 52 28 27 106 68 130 125
-0.00283503 84 65 28 27 106 68 130 125
-0.00283678 84 78 28 27 106 68 130 125
-0.00283704 84 91 28 27 106 68 130 125
-0.00283579 98 0 28 27 106 68 130 125
-0.00283561 98 13 28 27 106 68 130 125
-0.00283508 98 26 28 27 106 68 130 125
-0.00283466 98 39 28 27 106 68 130 125
-0.00282398 98 52 28 27 106 68 130 125
-0.0022942 98 65 28 27 106 68 130 125
-0.00283562 98 78 28 27 106 68 130 125
-0.0028365 98 91 28 27 106 68 130 125
-0.00283696 0 0 28 27 106 68 130 125
-0.00283688 0 13 28 27 106 68 130 125
-0.0028368 0 26 28 27 106 68 130 125
-0.00283605 0 39 28 27 106 68 130 125
-0.00283715 0 52 28 27 106 68 130 125
-0.00283685 0 65 28 27 106 68 130 125
-0.00283687 0 78 28 27 106 68 130 125
-0.00283709 0 91 28 27 106 68 130 125
-0.00283653 14 0 28 27 106 68 130 125
-0.00283659 14 13 28 27 106 68 130 125
-0.00283701 14 26 28 27 106 68 130 125
-0.00283718 14 39 28 27 106 68 130 125
-0.00283718 14 52 28 27 106 68 130 125
-0.0028368 14 65 28 27 106 68 130 125
-0.00283663 14 78 28 27 106 68 130 125
-0.0028372 14 91 28 27 106 68 130 125
-0.00283714 28 0 28 27 106 68 130 125
-0.00283562 28 13 28 27 106 68 130 125
-0.00282987 28 26 28 27 106 68 130 125
-0.00283545 28 39 28 27 106 68 130 125
-0.00283682 28 52 28 27 106 68 130 125
-0.00283598 28 65 28 27 106 68 130 125
-0.00283487 28 78 28 27 106 68 130 125
-0.00283689 28 91 28 27 106 68 130 125
-0.0028372 42 0 28 27 106 68 130 125
-0.00283629 42 13 28 27 106 68 130 125
-0.00282997 42 26 28 27 106 68 130 125
-0.00282793 42 39 28 27 106 68 130 125
-0.00283091 42 52 28 27 106 68 130 125
-0.00282853 42 65 28 27 106 68 130 125
-0.00283049 42 78 28 27 106 68 130 125
-0.00283315 42 91 28 27 106 68 130 125
-0.00283691 56 0 28 27 106 68 130 125
-0.00283659 56 13 28 27 106 68 130 125
-0.00282863 56 26 28 27 106 68 130 125
-0.00283036 56 39 28 27 106 68 130 125
-0.00282951 56 52 28 27 106 68 130 125
-0.00283261 56 65 28 27 106 68 130 125
-0.00283567 56 78 28 27 106 68 130 125
-0.00283611 56 91 28 27 106 68 130 125
-0.00283696 70 0 28 27 106 68 130 125
-0.00283633 70 13 28 27 106 68 130 125
-0.00283299 70 26 28 27 106 68 130 125
-0.00283477 70 39 28 27 106 68 130 125
-0.00155301 70 52 28 27 106 68 130 125
-0.00283543 70 65 28 27 106 68 130 125
-0.00283556 70 78 28 27 106 68 130 125
-0.00283641 70 91 28 27 106 68 130 125
-0.00283639 84 0 28 27 106 68 130 125
-0.00283387 84 13 28 27 106 68 130 125
-0.00283342 84 26 28 27 106 68 130 125
-0.00282958 84 39 28 27 106 68 130 125
-0.00212793 84 52 28 27 106 68 130 125
-0.00283571 84 65 28 27 106 68 130 125
-0.00283572 84 78 28 27 106 68 130 125
-0.00283684 84 91 28 27 106 68 130 125
-0.002836 98 0 28 27 106 68 130 125
-0.00283462 98 13 28 27 106 68 130 125
-0.00283274 98 26 28 27 106 68 130 125
-0.00283339 98 39 28 27 106 68 130 125
-0.00282986 98 52 28 27 106 68 130 125
-0.00283466 98 65 28 27 106 68 130 125
-0.00283375 98 78 28 27 106 68 130 125
-0.00283654 98 91 28 27 106 68 130 125
-0.00283712 0 0 28 27 106 68 130 125
-0.00283713 0 13 28 27 106 68 130 125
-0.00283698 0 26 28 27 106 68 130 125
-0.00283712 0 39 28 27 106 68 130 125
-0.00283726 0 52 28 27 106 68 130 125
-0.00283671 0 65 28 27 106 68 130 125
-0.00283664 0 78 28 27 106 68 130 125
-0.00283711 0 91 28 27 106 68 130 125
-0.0028367 14 0 28 27 106 68 130 125
-0.00283647 14 13 28 27 106 68 130 125
-0.0028356 14 26 28 27 106 68 130 125
-0.0028363 14 39 28 27 106 68 130 125
-0.00283713 14 52 28 27 106 68 130 125
-0.00283662 14 65 28 27 106 68 130 125
-0.00283629 14 78 28 27 106 68 130 125
-0.00283678 14 91 28 27 106 68 130 125
-0.00283707 28 0 28 27 106 68 130 125
-0.00283705 28 13 28 27 106 68 130 125
-0.00283688 28 26 28 27 106 68 130 125
-0.00283675 28 39 28 27 106 68 130 125
-0.00283704 28 52 28 27 106 68 130 125
-0.00283572 28 65 28 27 106 68 130 125
-0.00283619 28 78 28 27 106 68 130 125
-0.00283539 28 91 28 27 106 68 130 125
-0.00283716 42 0 28 27 106 68 130 125
-0.00283684 42 13 28 27 106 68 130 125
-0.00283356 42 26 28 27 106 68 130 125
-0.00283524 42 39 28 27 106 68 130 125
-0.0028322 42 52 28 27 106 68 130 125
-0.00283444 42 65 28 27 106 68 130 125
-0.00283297 42 78 28 27 106 68 130 125
-0.00282586 42 91 28 27 106 68 130 125
-0.0028372 56 0 28 27 106 68 130 125
-0.00283599 56 13 28 27 106 68 130 125
-0.00283463 56 26 28 27 106 68 130 125
-0.00283365 56 39 28 27 106 68 130 125
-0.00282888 56 52 28 27 106 68 130 125
-0.00283121 56 65 28 27 106 68 130 125
-0.00283462 56 78 28 27 106 68 130 125
-0.00283543 56 91 28 27 106 68 130 125
-0.0028369 70 0 28 27 106 68 130 125
-0.00283624 70 13 28 27 106 68 130 125
-0.00283173 70 26 28 27 106 68 130 125
-0.00283401 70 39 28 27 106 68 130 125
-0.00283492 70 52 28 27 106 68 130 125
-0.00283566 70 65 28 27 106 68 130 125
-0.00283635 70 78 28 27 106 68 130 125
-0.0028341 70 91 28 27 106 68 130 125
-0.0028369 84 0 28 27 106 68 130 125
-0.00283457 84 13 28 27 106 68 130 125
-0.0028354 84 26 28 27 106 68 130 125
-0.00283434 84 39 28 27 106 68 130 125
-0.00283564 84 52 28 27 106 68 130 125
-0.00283539 84 65 28 27 106 68 130 125
-0.00283315 84 78 28 27 106 68 130 125
-0.00283581 84 91 28 27 106 68 130 125
-0.00283521 98 0 28 27 106 68 130 125
-0.00283444 98 13 28 27 106 68 130 125
-0.00283635 98 26 28 27 106 68 130 125
-0.00282755 98 39 28 27 106 68 130 125
-0.00283677 98 52 28 27 106 68 130 125
-0.00283683 98 65 28 27 106 68 130 125
-0.00283423 98 78 28 27 106 68 130 125
-0.00283673 98 91 28 27 106 68 130 125
-0.00283714 0 0 28 27 106 68 130 125
-0.00283671 0 13 28 27 106 68 130 125
-0.00283632 0 26 28 27 106 68 130 125
-0.00283671 0 39 28 27 106 68 130 125
-0.0028372 0 52 28 27 106 68 130 125
-0.00283681 0 65 28 27 106 68 130 125
-0.00283676 0 78 28 27 106 68 130 125
-0.00283716 0 91 28 27 106 68 130 125
-0.002836 14 0 28 27 106 68 130 125
-0.00283605 14 13 28 27 106 68 130 125
-0.00283579 14 26 28 27 106 68 130 125
-0.0028358 14 39 28 27 106 68 130 125
-0.00283697 14 52 28 27 106 68 130 125
-0.00283659 14 65 28 27 106 68 130 125
-0.00283621 14 78 28 27 106 68 130 125
-0.00283725 14 91 28 27 106 68 130 125
-0.00283589 28 0 28 27 106 68 130 125
-0.00283618 28 13 28 27 106 68 130 125
-0.0028364 28 26 28 27 106 68 130 125
-0.00283049 28 39 28 27 106 68 130 125
-0.00283575 28 52 28 27 106 68 130 125
-0.00283506 28 65 28 27 106 68 130 125
-0.00283503 28 78 28 27 106 68 130 125
-0.00283686 28 91 28 27 106 68 130 125
-0.00283705 42 0 28 27 106 68 130 125
-0.00283646 42 13 28 27 106 68 130 125
-0.00283248 42 26 28 27 106 68 130 125
-0.00283115 42 39 28 27 106 68 130 125
-0.00283469 42 52 28 27 106 68 130 125
-0.00283406 42 65 28 27 106 68 130 125
-0.00283604 42 78 28 27 106 68 130 125
-0.00283681 42 91 28 27 106 68 130 125
-0.00283725 56 0 28 27 106 68 130 125
-0.00283673 56 13 28 27 106 68 130 125
-0.00282612 56 26 28 27 106 68 130 125
-0.0028348 56 39 28 27 106 68 130 125
-0.0028351 56 52 28 27 106 68 130 125
-0.0028362 56 65 28 27 106 68 130 125
-0.00283594 56 78 28 27 106 68 130 125
-0.00283691 56 91 28 27 106 68 130 125
-0.00283711 70 0 28 27 106 68 130 125
-0.00283702 70 13 28 27 106 68 130 125
-0.00283209 70 26 28 27 106 68 130 125
-0.00283553 70 39 28 27 106 68 130 125
-0.00283464 70 52 28 27 106 68 130 125
-0.00283506 70 65 28 27 106 68 130 125
-0.00283648 70 78 28 27 106 68 130 125
-0.00283679 70 91 28 27 106 68 130 125
-0.00283722 84 0 28 27 106 68 130 125
-0.00283705 84 13 28 27 106 68 130 125
-0.00283454 84 26 28 27 106 68 130 125
-0.00283416 84 39 28 27 106 68 130 125
-0.00283702 84 52 28 27 106 68 130 125
-0.00283657 84 65 28 27 106 68 130 125
-0.00283596 84 78 28 27 106 68 130 125
-0.0028371 84 91 28 27 106 68 130 125
-0.002837 98 0 28 27 106 68 130 125
-0.00283394 98 13 28 27 106 68 130 125
-0.00283607 98 26 28 27 106 68 130 125
-0.00283679 98 39 28 27 106 68 130 125
-0.00283711 98 52 28 27 106 68 130 125
-0.00283665 98 65 28 27 106 68 130 125
-0.00283707 98 78 28 27 106 68 130 125
-0.00283726 98 91 28 27 106 68 130 125
-0.00283695 0 0 28 27 106 68 130 125
-0.00283378 0 13 28 27 106 68 130 125
-0.00283669 0 26 28 27 106 68 130 125
-0.00283716 0 39 28 27 106 68 130 125
-0.00283688 0 52 28 27 106 68 130 125
-0.00283701 0 65 28 27 106 68 130 125
-0.00283692 0 78 28 27 106 68 130 125
-0.00283694 0 91 28 27 106 68 130 125
-0.00283645 14 0 28 27 106 68 130 125
-0.00283492 14 13 28 27 106 68 130 125
-0.0028362 14 26 28 27 106 68 130 125
-0.00283667 14 39 28 27 106 68 130 125
-0.00283695 14 52 28 27 106 68 130 125
-0.00283702 14 65 28 27 106 68 130 125
-0.00283681 14 78 28 27 106 68 130 125
-0.00283722 14 91 28 27 106 68 130 125
-0.00282842 28 0 28 27 106 68 130 125
-0.00283484 28 13 28 27 106 68 130 125
-0.00283603 28 26 28 27 106 68 130 125
-0.00283506 28 39 28 27 106 68 130 125
-0.00283389 28 52 28 27 106 68 130 125
-0.00283603 28 65 28 27 106 68 130 125
-0.00283658 28 78 28 27 106 68 130 125
-0.00283654 28 91 28 27 106 68 130 125
-0.00283678 42 0 28 27 106 68 130 125
-0.0028343 42 13 28 27 106 68 130 125
-0.00282928 42 26 28 27 106 68 130 125
-0.00282843 42 39 28 27 106 68 130 125
-0.00283442 42 52 28 27 106 68 130 125
-0.00282489 42 65 28 27 106 68 130 125
-0.00283044 42 78 28 27 106 68 130 125
-0.0028339 42 91 28 27 106 68 130 125
-0.00283725 56 0 28 27 106 68 130 125
-0.00283684 56 13 28 27 106 68 130 125
-0.00283464 56 26 28 27 106 68 130 125
-0.00283405 56 39 28 27 106 68 130 125
-0.00283436 56 52 28 27 106 68 130 125
-0.00282927 56 65 28 27 106 68 130 125
-0.00283045 56 78 28 27 106 68 130 125
-0.00283665 56 91 28 27 106 68 130 125
-0.00283694 70 0 28 27 106 68 130 125
-0.0028371 70 13 28 27 106 68 130 125
-0.0028344 70 26 28 27 106 68 130 125
-0.0028346 70 39 28 27 106 68 130 125
-0.0028337 70 52 28 27 106 68 130 125
-0.00283523 70 65 28 27 106 68 130 125
-0.00283057 70 78 28 27 106 68 130 125
-0.0028369 70 91 28 27 106 68 130 125
-0.00283526 84 0 28 27 106 68 130 125
-0.0028372 84 13 28 27 106 68 130 125
-0.00283623 84 26 28 27 106 68 130 125
-0.00283247 84 39 28 27 106 68 130 125
-0.00283614 84 52 28 27 106 68 130 125
-0.00283704 84 65 28 27 106 68 130 125
-0.00283674 84 78 28 27 106 68 130 125
-0.00283697 84 91 28 27 106 68 130 125
-0.00283724 98 0 28 27 106 68 130 125
-0.00283688 98 13 28 27 106 68 130 125
-0.00283634 98 26 28 27 106 68 130 125
-0.00283704 98 39 28 27 106 68 130 125
-0.00283699 98 52 28 27 106 68 130 125
-0.00283667 98 65 28 27 106 68 130 125
-0.00283726 98 78 28 27 106 68 130 125
-0.00283728 98 91 28 27 106 68 130 125
-0.00283551 0 0 43 35 106 68 130 125
-0.00283507 0 17 43 35 106 68 130 125
-0.00283692 0 34 43 35 106 68 130 125
-0.00283705 0 51 43 35 106 68 130 125
-0.00283635 0 68 43 35 106 68 130 125
-0.0028373 0 85 43 35 106 68 130 125
-0.0028346 21 0 43 35 106 68 130 125
-0.00265834 21 17 43 35 106 68 130 125
-0.00283067 21 34 43 35 106 68 130 125
-0.00283217 21 51 43 35 106 68 130 125
-0.00283449 21 68 43 35 106 68 130 125
-0.00283676 21 85 43 35 106 68 130 125
-0.00283694 42 0 43 35 106 68 130 125
-0.00282873 42 17 43 35 106 68 130 125
-0.00166039 42 34 43 35 106 68 130 125
-0.00283244 42 51 43 35 106 68 130 125
-0.00198125 42 68 43 35 106 68 130 125
-0.00283486 42 85 43 35 106 68 130 125
-0.00283703 63 0 43 35 106 68 130 125
-0.00283489 63 17 43 35 106 68 130 125
-0.00236169 63 34 43 35 106 68 130 125
-0.00283425 63 51 43 35 106 68 130 125
-0.00283279 63 68 43 35 106 68 130 125
-0.00283601 63 85 43 35 106 68 130 125
-0.00283637 84 0 43 35 106 68 130 125
-0.00283282 84 17 43 35 106 68 130 125
-0.00278183 84 34 43 35 106 68 130 125
-0.00283022 84 51 43 35 106 68 130 125
-0.00283518 84 68 43 35 106 68 130 125
-0.00283682 84 85 43 35 106 68 130 125
-0.00231671 0 0 43 35 106 68 130 125
-0.00160571 0 17 43 35 106 68 130 125
-0.00282638 0 34 43 35 106 68 130 125
-0.00283339 0 51 43 35 106 68 130 125
-0.00283648 0 68 43 35 106 68 130 125
-0.00283209 0 85 43 35 106 68 130 125
-0.00182732 21 0 43 35 106 68 130 125
-0.0027614 21 17 43 35 106 68 130 125
-0.00282684 21 34 43 35 106 68 130 125
-0.00282598 21 51 43 35 106 68 130 125
-0.00283587 21 68 43 35 106 68 130 125
-0.00283411 21 85 43 35 106 68 130 125
-0.00282762 42 0 43 35 106 68 130 125
-0.00283365 42 17 43 35 106 68 130 125
-0.00100667 42 34 43 35 106 68 130 125
-0.00185404 42 51 43 35 106 68 130 125
-0.00283499 42 68 43 35 106 68 130 125
-0.00283577 42 85 43 35 106 68 130 125
-0.00282357 63 0 43 35 106 68 130 125
-0.00283452 63 17 43 35 106 68 130 125
-0.00282736 63 34 43 35 106 68 130 125
-0.00283331 63 51 43 35 106 68 130 125
-0.00283201 63 68 43 35 106 68 130 125
-0.00283675 63 85 43 35 106 68 130 125
-0.00282725 84 0 43 35 106 68 130 125
-0.00282198 84 17 43 35 106 68 130 125
-0.00283065 84 34 43 35 106 68 130 125
-0.00282841 84 51 43 35 106 68 130 125
-0.00283199 84 68 43 35 106 68 130 125
-0.00283706 84 85 43 35 106 68 130 125
-0.00283585 0 0 43 35 106 68 130 125
-0.0028347 0 17 43 35 106 68 130 125
-0.0028297 0 34 43 35 106 68 130 125
-0.00249108 0 51 43 35 106 68 130 125
-0.00280201 0 68 43 35 106 68 130 125
-0.00282991 0 85 43 35 106 68 130 125
-0.00283578 21 0 43 35 106 68 130 125
-0.00283557 21 17 43 35 106 68 130 125
-0.00283622 21 34 43 35 106 68 130 125
-0.00283482 21 51 43 35 106 68 130 125
-0.00283559 21 68 43 35 106 68 130 125
-0.00283546 21 85 43 35 106 68 130 125
-0.0028368 42 0 43 35 106 68 130 125
-0.00283585 42 17 43 35 106 68 130 125
-0.00283189 42 34 43 35 106 68 130 125
-0.00283427 42 51 43 35 106 68 130 125
-0.00283613 42 68 43 35 106 68 130 125
-0.0028358 42 85 43 35 106 68 130 125
-0.00283679 63 0 43 35 106 68 130 125
-0.00283585 63 17 43 35 106 68 130 125
-0.00282878 63 34 43 35 106 68 130 125
-0.00283346 63 51 43 35 106 68 130 125
-0.00283512 63 68 43 35 106 68 130 125
-0.00282696 63 85 43 35 106 68 130 125
-0.00283656 84 0 43 35 106 68 130 125
-0.00283352 84 17 43 35 106 68 130 125
-0.00283061 84 34 43 35 106 68 130 125
-0.00244893 84 51 43 35 106 68 130 125
-0.00283459 84 68 43 35 106 68 130 125
-0.00283089 84 85 43 35 106 68 130 125
-0.00282707 0 0 43 35 106 68 130 125
-0.00282891 0 17 43 35 106 68 130 125
-0.00282548 0 34 43 35 106 68 130 125
-0.00283297 0 51 43 35 106 68 130 125
-0.0028369 0 68 43 35 106 68 130 125
-0.00283712 0 85 43 35 106 68 130 125
-0.00283319 21 0 43 35 106 68 130 125
-0.00283198 21 17 43 35 106 68 130 125
-0.00283441 21 34 43 35 106 68 130 125
-0.00283568 21 51 43 35 106 68 130 125
-0.00283624 21 68 43 35 106 68 130 125
-0.00283641 21 85 43 35 106 68 130 125
-0.00283557 42 0 43 35 106 68 130 125
-0.00283513 42 17 43 35 106 68 130 125
-0.00193137 42 34 43 35 106 68 130 125
-0.00283446 42 51 43 35 106 68 130 125
-0.00283347 42 68 43 35 106 68 130 125
-0.0028313 42 85 43 35 106 68 130 125
-0.00283549 63 0 43 35 106 68 130 125
-0.00283415 63 17 43 35 106 68 130 125
-0.0013895 63 34 43 35 106 68 130 125
-0.00283581 63 51 43 35 106 68 130 125
-0.00283591 63 68 43 35 106 68 130 125
-0.00282838 63 85 43 35 106 68 130 125
-0.002835 84 0 43 35 106 68 130 125
-0.00282975 84 17 43 35 106 68 130 125
-0.00118736 84 34 43 35 106 68 130 125
-0.00283411 84 51 43 35 106 68 130 125
-0.00283644 84 68 43 35 106 68 130 125
-0.00283404 84 85 43 35 106 68 130 125
-0.00283579 0 0 43 35 106 68 130 125
-0.00283687 0 17 43 35 106 68 130 125
-0.00283724 0 34 43 35 106 68 130 125
-0.00283731 0 51 43 35 106 68 130 125
-0.00283717 0 68 43 35 106 68 130 125
-0.00283711 0 85 43 35 106 68 130 125
-0.00283577 21 0 43 35 106 68 130 125
-0.00282849 21 17 43 35 106 68 130 125
-0.00283375 21 34 43 35 106 68 130 125
-0.00283557 21 51 43 35 106 68 130 125
-0.00283628 21 68 43 35 106 68 130 125
-0.0028363 21 85 43 35 106 68 130 125
-0.0028369 42 0 43 35 106 68 130 125
-0.00283095 42 17 43 35 106 68 130 125
-0.00283512 42 34 43 35 106 68 130 125
-0.0028344 42 51 43 35 106 68 130 125
-0.00207995 42 68 43 35 106 68 130 125
-0.00283273 42 85 43 35 106 68 130 125
-0.00283515 63 0 43 35 106 68 130 125
-0.00283617 63 17 43 35 106 68 130 125
-0.00283521 63 34 43 35 106 68 130 125
-0.00283565 63 51 43 35 106 68 130 125
-0.00283589 63 68 43 35 106 68 130 125
-0.00283667 63 85 43 35 106 68 130 125
-0.00283499 84 0 43 35 106 68 130 125
-0.00283413 84 17 43 35 106 68 130 125
-0.00283334 84 34 43 35 106 68 130 125
-0.00283382 84 51 43 35 106 68 130 125
-0.00283609 84 68 43 35 106 68 130 125
-0.00283686 84 85 43 35 106 68 130 125
-0.00283674 0 0 43 35 106 68 130 125
-0.00283721 0 17 43 35 106 68 130 125
-0.00283716 0 34 43 35 106 68 130 125
-0.00283667 0 51 43 35 106 68 130 125
-0.00283676 0 68 43 35 106 68 130 125
-0.00283728 0 85 43 35 106 68 130 125
-0.00283653 21 0 43 35 106 68 130 125
-0.00282918 21 17 43 35 106 68 130 125
-0.00283607 21 34 43 35 106 68 130 125
-0.00283646 21 51 43 35 106 68 130 125
-0.00283675 21 68 43 35 106 68 130 125
-0.0028368 21 85 43 35 106 68 130 125
-0.00283706 42 0 43 35 106 68 130 125
-0.00283533 42 17 43 35 106 68 130 125
-0.00282758 42 34 43 35 106 68 130 125
-0.00282973 42 51 43 35 106 68 130 125
-0.00283129 42 68 43 35 106 68 130 125
-0.00282875 42 85 43 35 106 68 130 125
-0.00283627 63 0 43 35 106 68 130 125
-0.002828 63 17 43 35 106 68 130 125
-0.00283073 63 34 43 35 106 68 130 125
-0.00283596 63 51 43 35 106 68 130 125
-0.00283609 63 68 43 35 106 68 130 125
-0.00283599 63 85 43 35 106 68 130 125
-0.00283554 84 0 43 35 106 68 130 125
-0.00253305 84 17 43 35 106 68 130 125
-0.00283117 84 34 43 35 106 68 130 125
-0.00282825 84 51 43 35 106 68 130 125
-0.00283399 84 68 43 35 106 68 130 125
-0.0028363 84 85 43 35 106 68 130 125
-0.0028356 0 0 43 35 106 68 130 125
-0.00283704 0 17 43 35 106 68 130 125
-0.00283719 0 34 43 35 106 68 130 125
-0.00283723 0 51 43 35 106 68 130 125
-0.00283057 0 68 43 35 106 68 130 125
-0.0028373 0 85 43 35 106 68 130 125
-0.00283598 21 0 43 35 106 68 130 125
-0.00283448 21 17 43 35 106 68 130 125
-0.00283564 21 34 43 35 106 68 130 125
-0.00283519 21 51 43 35 106 68 130 125
-0.00282346 21 68 43 35 106 68 130 125
-0.00283693 21 85 43 35 106 68 130 125
-0.0028369 42 0 43 35 106 68 130 125
-0.00283404 42 17 43 35 106 68 130 125
-0.00282541 42 34 43 35 106 68 130 125
-0.00282466 42 51 43 35 106 68 130 125
-0.00282877 42 68 43 35 106 68 130 125
-0.00283437 42 85 43 35 106 68 130 125
-0.00283636 63 0 43 35 106 68 130 125
-0.00220052 63 17 43 35 106 68 130 125
-0.00282575 63 34 43 35 106 68 130 125
-0.00283174 63 51 43 35 106 68 130 125
-0.00283262 63 68 43 35 106 68 130 125
-0.00283398 63 85 43 35 106 68 130 125
-0.0028339 84 0 43 35 106 68 130 125
-0.00242756 84 17 43 35 106 68 130 125
-0.00144371 84 34 43 35 106 68 130 125
-0.00283084 84 51 43 35 106 68 130 125
-0.00283103 84 68 43 35 106 68 130 125
-0.00283591 84 85 43 35 106 68 130 125
-0.00283232 0 0 43 35 106 68 130 125
-0.00283616 0 17 43 35 106 68 130 125
-0.00283631 0 34 43 35 106 68 130 125
-0.00283447 0 51 43 35 106 68 130 125
-0.00283043 0 68 43 35 106 68 130 125
-0.00283721 0 85 43 35 106 68 130 125
-0.00283537 21 0 43 35 106 68 130 125
-0.0028363 21 17 43 35 106 68 130 125
-0.00283592 21 34 43 35 106 68 130 125
-0.00283345 21 51 43 35 106 68 130 125
-0.00282836 21 68 43 35 106 68 130 125
-0.00283602 21 85 43 35 106 68 130 125
-0.0028368 42 0 43 35 106 68 130 125
-0.00283188 42 17 43 35 106 68 130 125
-0.00283389 42 34 43 35 106 68 130 125
-0.00283173 42 51 43 35 106 68 130 125
-0.00282624 42 68 43 35 106 68 130 125
-0.00283214 42 85 43 35 106 68 130 125
-0.0028366 63 0 43 35 106 68 130 125
-0.0028304 63 17 43 35 106 68 130 125
-0.00283164 63 34 43 35 106 68 130 125
-0.00283085 63 51 43 35 106 68 130 125
-0.00283271 63 68 43 35 106 68 130 125
-0.00283203 63 85 43 35 106 68 130 125
-0.00283382 84 0 43 35 106 68 130 125
-0.00283086 84 17 43 35 106 68 130 125
-0.00283242 84 34 43 35 106 68 130 125
-0.00283535 84 51 43 35 106 68 130 125
-0.00282809 84 68 43 35 106 68 130 125
-0.0028354 84 85 43 35 106 68 130 125
-0.00283568 0 0 43 35 106 68 130 125
-0.00283471 0 17 43 35 106 68 130 125
-0.00283605 0 34 43 35 106 68 130 125
-0.00283642 0 51 43 35 106 68 130 125
-0.00283275 0 68 43 35 106 68 130 125
-0.00283723 0 85 43 35 106 68 130 125
-0.0028325 21 0 43 35 106 68 130 125
-0.0028352 21 17 43 35 106 68 130 125
-0.00283191 21 34 43 35 106 68 130 125
-0.00282827 21 51 43 35 106 68 130 125
-0.00283059 21 68 43 35 106 68 130 125
-0.00283707 21 85 43 35 106 68 130 125
-0.00283689 42 0 43 35 106 68 130 125
-0.00283045 42 17 43 35 106 68 130 125
-0.00282994 42 34 43 35 106 68 130 125
-0.00282962 42 51 43 35 106 68 130 125
-0.00283307 42 68 43 35 106 68 130 125
-0.00283669 42 85 43 35 106 68 130 125
-0.00283719 63 0 43 35 106 68 130 125
-0.00283396 63 17 43 35 106 68 130 125
-0.00283072 63 34 43 35 106 68 130 125
-0.00283545 63 51 43 35 106 68 130 125
-0.00282825 63 68 43 35 106 68 130 125
-0.00283604 63 85 43 35 106 68 130 125
-0.00283647 84 0 43 35 106 68 130 125
-0.00283048 84 17 43 35 106 68 130 125
-0.00283095 84 34 43 35 106 68 130 125
-0.00283651 84 51 43 35 106 68 130 125
-0.00283393 84 68 43 35 106 68 130 125
-0.00283687 84 85 43 35 106 68 130 125
-0.00283593 0 0 43 35 106 68 130 125
-0.00283371 0 17 43 35 106 68 130 125
-0.00283683 0 34 43 35 106 68 130 125
-0.00283704 0 51 43 35 106 68 130 125
-0.00283715 0 68 43 35 106 68 130 125
-0.00283725 0 85 43 35 106 68 130 125
-0.0028348 21 0 43 35 106 68 130 125
-0.00282284 21 17 43 35 106 68 130 125
-0.00283321 21 34 43 35 106 68 130 125
-0.002831 21 51 43 35 106 68 130 125
-0.00283403 21 68 43 35 106 68 130 125
-0.00283599 21 85 43 35 106 68 130 125
-0.00283674 42 0 43 35 106 68 130 125
-0.00282214 42 17 43 35 106 68 130 125
-0.00282372 42 34 43 35 106 68 130 125
-0.00283308 42 51 43 35 106 68 130 125
-0.00282648 42 68 43 35 106 68 130 125
-0.00283557 42 85 43 35 106 68 130 125
-0.00283724 63 0 43 35 106 68 130 125
-0.00283609 63 17 43 35 106 68 130 125
-0.00282283 63 34 43 35 106 68 130 125
-0.00282847 63 51 43 35 106 68 130 125
-0.00282836 63 68 43 35 106 68 130 125
-0.00283629 63 85 43 35 106 68 130 125
-0.00283716 84 0 43 35 106 68 130 125
-0.00283561 84 17 43 35 106 68 130 125
-0.00282905 84 34 43 35 106 68 130 125
-0.00283572 84 51 43 35 106 68 130 125
-0.00283693 84 68 43 35 106 68 130 125
-0.00283709 84 85 43 35 106 68 130 125
-0.00283377 0 0 52 50 106 68 130 125
-0.00283597 0 25 52 50 106 68 130 125
-0.00283663 0 50 52 50 106 68 130 125
-0.00283708 0 75 52 50 106 68 130 125
-0.00283025 26 0 52 50 106 68 130 125
-0.000914256 26 25 52 50 106 68 130 125
-0.0028276 26 50 52 50 106 68 130 125
-0.00283529 26 75 52 50 106 68 130 125
-0.00283574 52 0 52 50 106 68 130 125
-0.00282278 52 25 52 50 106 68 130 125
-0.00283105 52 50 52 50 106 68 130 125
-0.00283469 52 75 52 50 106 68 130 125
-0.00283587 78 0 52 50 106 68 130 125
-0.00180033 78 25 52 50 106 68 130 125
-0.00283367 78 50 52 50 106 68 130 125
-0.00283621 78 75 52 50 106 68 130 125
-0.00115434 0 0 52 50 106 68 130 125
-0.00272036 0 25 52 50 106 68 130 125
-0.00283459 0 50 52 50 106 68 130 125
-0.00283461 0 75 52 50 106 68 130 125
-0.00282362 26 0 52 50 106 68 130 125
-0.00157863 26 25 52 50 106 68 130 125
-0.00269957 26 50 52 50 106 68 130 125
-0.00283546 26 75 52 50 106 68 130 125
-0.00283213 52 0 52 50 106 68 130 125
-0.00224782 52 25 52 50 106 68 130 125
-0.00283056 52 50 52 50 106 68 130 125
-0.00283664 52 75 52 50 106 68 130 125
-0.00282769 78 0 52 50 106 68 130 125
-0.00282673 78 25 52 50 106 68 130 125
-0.00282482 78 50 52 50 106 68 130 125
-0.0028366 78 75 52 50 106 68 130 125
-0.00283357 0 0 52 50 106 68 130 125
-0.00282825 0 25 52 50 106 68 130 125
-0.00282671 0 50 52 50 106 68 130 125
-0.00283115 0 75 52 50 106 68 130 125
-0.00283482 26 0 52 50 106 68 130 125
-0.00283607 26 25 52 50 106 68 130 125
-0.00283604 26 50 52 50 106 68 130 125
-0.00283618 26 75 52 50 106 68 130 125
-0.0028357 52 0 52 50 106 68 130 125
-0.00283078 52 25 52 50 106 68 130 125
-0.0028309 52 50 52 50 106 68 130 125
-0.00246998 52 75 52 50 106 68 130 125
-0.00283495 78 0 52 50 106 68 130 125
-0.00282575 78 25 52 50 106 68 130 125
-0.00283134 78 50 52 50 106 68 130 125
-0.00282966 78 75 52 50 106 68 130 125
-0.00282403 0 0 52 50 106 68 130 125
-0.00282506 0 25 52 50 106 68 130 125
-0.00283532 0 50 52 50 106 68 130 125
-0.00283725 0 75 52 50 106 68 130 125
-0.00283039 26 0 52 50 106 68 130 125
-0.00283479 26 25 52 50 106 68 130 125
-0.00283606 26 50 52 50 106 68 130 125
-0.0028359 26 75 52 50 106 68 130 125
-0.00283216 52 0 52 50 106 68 130 125
-0.00283134 52 25 52 50 106 68 130 125
-0.0028355 52 50 52 50 106 68 130 125
-0.00283145 52 75 52 50 106 68 130 125
-0.00283073 78 0 52 50 106 68 130 125
-0.00282525 78 25 52 50 106 68 130 125
-0.00283607 78 50 52 50 106 68 130 125
-0.00283497 78 75 52 50 106 68 130 125
-0.00283582 0 0 52 50 106 68 130 125
-0.00283673 0 25 52 50 106 68 130 125
-0.0028372 0 50 52 50 106 68 130 125
-0.00283727 0 75 52 50 106 68 130 125
-0.00283306 26 0 52 50 106 68 130 125
-0.00283233 26 25 52 50 106 68 130 125
-0.00283396 26 50 52 50 106 68 130 125
-0.00283443 26 75 52 50 106 68 130 125
-0.0028368 52 0 52 50 106 68 130 125
-0.00283517 52 25 52 50 106 68 130 125
-0.00283465 52 50 52 50 106 68 130 125
-0.00283555 52 75 52 50 106 68 130 125
-0.00282952 78 0 52 50 106 68 130 125
-0.00283078 78 25 52 50 106 68 130 125
-0.00283635 78 50 52 50 106 68 130 125
-0.00283688 78 75 52 50 106 68 130 125
-0.00283585 0 0 52 50 106 68 130 125
-0.00283717 0 25 52 50 106 68 130 125
-0.00283711 0 50 52 50 106 68 130 125
-0.00283723 0 75 52 50 106 68 130 125
-0.00283425 26 0 52 50 106 68 130 125
-0.00283274 26 25 52 50 106 68 130 125
-0.00283472 26 50 52 50 106 68 130 125
-0.00283498 26 75 52 50 106 68 130 125
-0.00283603 52 0 52 50 106 68 130 125
-0.00283427 52 25 52 50 106 68 130 125
-0.00283532 52 50 52 50 106 68 130 125
-0.00283337 52 75 52 50 106 68 130 125
-0.00283042 78 0 52 50 106 68 130 125
-0.00274099 78 25 52 50 106 68 130 125
-0.00283377 78 50 52 50 106 68 130 125
-0.0028344 78 75 52 50 106 68 130 125
-0.00283424 0 0 52 50 106 68 130 125
-0.00283696 0 25 52 50 106 68 130 125
-0.00283337 0 50 52 50 106 68 130 125
-0.0028348 0 75 52 50 106 68 130 125
-0.00283475 26 0 52 50 106 68 130 125
-0.00283219 26 25 52 50 106 68 130 125
-0.00282987 26 50 52 50 106 68 130 125
-0.00283523 26 75 52 50 106 68 130 125
-0.00283279 52 0 52 50 106 68 130 125
-0.00263749 52 25 52 50 106 68 130 125
-0.00283107 52 50 52 50 106 68 130 125
-0.0028225 52 75 52 50 106 68 130 125
-0.00283338 78 0 52 50 106 68 130 125
-0.00133573 78 25 52 50 106 68 130 125
-0.00282561 78 50 52 50 106 68 130 125
-0.00282989 78 75 52 50 106 68 130 125
-0.00282693 0 0 52 50 106 68 130 125
-0.00283239 0 25 52 50 106 68 130 125
-0.00283583 0 50 52 50 106 68 130 125
-0.00283321 0 75 52 50 106 68 130 125
-0.00283639 26 0 52 50 106 68 130 125
-0.00283533 26 25 52 50 106 68 130 125
-0.00283584 26 50 52 50 106 68 130 125
-0.00282671 26 75 52 50 106 68 130 125
-0.0028349 52 0 52 50 106 68 130 125
-0.00283197 52 25 52 50 106 68 130 125
-0.00283392 52 50 52 50 106 68 130 125
-0.00282323 52 75 52 50 106 68 130 125
-0.00283596 78 0 52 50 106 68 130 125
-0.00210406 78 25 52 50 106 68 130 125
-0.00283083 78 50 52 50 106 68 130 125
-0.00282874 78 75 52 50 106 68 130 125
-0.00283234 0 0 52 50 106 68 130 125
-0.00283373 0 25 52 50 106 68 130 125
-0.00283632 0 50 52 50 106 68 130 125
-0.00283568 0 75 52 50 106 68 130 125
-0.00283129 26 0 52 50 106 68 130 125
-0.00282514 26 25 52 50 106 68 130 125
-0.00283062 26 50 52 50 106 68 130 125
-0.00283515 26 75 52 50 106 68 130 125
-0.0028349 52 0 52 50 106 68 130 125
-0.00136229 52 25 52 50 106 68 130 125
-0.0028271 52 50 52 50 106 68 130 125
-0.00283455 52 75 52 50 106 68 130 125
-0.00283578 78 0 52 50 106 68 130 125
-0.00282958 78 25 52 50 106 68 130 125
-0.00283141 78 50 52 50 106 68 130 125
-0.00283502 78 75 52 50 106 68 130 125
-0.00283447 0 0 52 50 106 68 130 125
-0.00283573 0 25 52 50 106 68 130 125
-0.00283651 0 50 52 50 106 68 130 125
-0.00283695 0 75 52 50 106 68 130 125
-0.00282832 26 0 52 50 106 68 130 125
-0.00257476 26 25 52 50 106 68 130 125
-0.00282821 26 50 52 50 106 68 130 125
-0.0028345 26 75 52 50 106 68 130 125
-0.00283599 52 0 52 50 106 68 130 125
-0.00282518 52 25 52 50 106 68 130 125
-0.00907717 52 50 52 50 106 68 130 125
-0.00283437 52 75 52 50 106 68 130 125
-0.00283634 78 0 52 50 106 68 130 125
-0.00282221 78 25 52 50 106 68 130 125
-0.00283558 78 50 52 50 106 68 130 125
-0.00283706 78 75 52 50 106 68 130 125
-0.0028305 0 0 86 83 106 68 130 125
-0.00283433 0 41 86 83 106 68 130 125
-0.00283452 43 0 86 83 106 68 130 125
-0.00283458 43 41 86 83 106 68 130 125
-0.00147075 0 0 86 83 106 68 130 125
-0.00283084 0 41 86 83 106 68 130 125
-0.00203037 43 0 86 83 106 68 130 125
-0.00283304 43 41 86 83 106 68 130 125
-0.00283276 0 0 86 83 106 68 130 125
-0.00283036 0 41 86 83 106 68 130 125
-0.00283347 43 0 86 83 106 68 130 125
-0.00124763 43 41 86 83 106 68 130 125
-0.00282887 0 0 86 83 106 68 130 125
-0.00283515 0 41 86 83 106 68 130 125
-0.0028326 43 0 86 83 106 68 130 125
-0.00282544 43 41 86 83 106 68 130 125
-0.0028323 0 0 86 83 106 68 130 125
-0.00282968 0 41 86 83 106 68 130 125
-0.0028355 43 0 86 83 106 68 130 125
-0.00282859 43 41 86 83 106 68 130 125
-0.00283418 0 0 86 83 106 68 130 125
-0.00283551 0 41 86 83 106 68 130 125
-0.00283504 43 0 86 83 106 68 130 125
-0.00283407 43 41 86 83 106 68 130 125
-0.00283552 0 0 86 83 106 68 130 125
-0.00283545 0 41 86 83 106 68 130 125
-0.00283352 43 0 86 83 106 68 130 125
-0.00283176 43 41 86 83 106 68 130 125
-0.00282918 0 0 86 83 106 68 130 125
-0.00283559 0 41 86 83 106 68 130 125
-0.00283311 43 0 86 83 106 68 130 125
-0.00282727 43 41 86 83 106 68 130 125
-0.00282427 0 0 86 83 106 68 130 125
-0.00283512 0 41 86 83 106 68 130 125
-0.00283078 43 0 86 83 106 68 130 125
-0.00283571 43 41 86 83 106 68 130 125
-0.00282853 0 0 86 83 106 68 130 125
-0.00283195 0 41 86 83 106 68 130 125
-0.00283257 43 0 86 83 106 68 130 125
-0.00283277 43 41 86 83 106 68 130 125
-0.0028295 0 0 130 125 106 68 130 125
-0.0028307 0 0 130 125 106 68 130 125
-0.00282874 0 0 130 125 106 68 130 125
-0.00283375 0 0 130 125 106 68 130 125
-0.0028299 0 0 130 125 106 68 130 125
-0.00283555 0 0 130 125 106 68 130 125
-0.00283396 0 0 130 125 106 68 130 125
-0.00282821 0 0 130 125 106 68 130 125
-0.00282227 0 0 130 125 106 68 130 125
-0.00261661 0 0 130 125 106 68 130 125
