-0.002078 0 0 32 32 741 228 181 113
-0.00207792 0 16 32 32 741 228 181 113
-0.0020774 0 32 32 32 741 228 181 113
-0.00207781 0 48 32 32 741 228 181 113
-0.0020779 0 64 32 32 741 228 181 113
-0.00207795 0 80 32 32 741 228 181 113
-0.00207761 16 0 32 32 741 228 181 113
-0.00207761 16 16 32 32 741 228 181 113
-0.0020778 16 32 32 32 741 228 181 113
-0.00207766 16 48 32 32 741 228 181 113
-0.0020757 16 64 32 32 741 228 181 113
-0.00207653 16 80 32 32 741 228 181 113
-0.00207763 32 0 32 32 741 228 181 113
-0.00207792 32 16 32 32 741 228 181 113
-0.00207776 32 32 32 32 741 228 181 113
-0.0020779 32 48 32 32 741 228 181 113
-0.00207601 32 64 32 32 741 228 181 113
-0.00206971 32 80 32 32 741 228 181 113
-0.0020774 48 0 32 32 741 228 181 113
-0.00207779 48 16 32 32 741 228 181 113
-0.00207594 48 32 32 32 741 228 181 113
-0.00207785 48 48 32 32 741 228 181 113
-0.00207631 48 64 32 32 741 228 181 113
-0.00109271 48 80 32 32 741 228 181 113
-0.00207728 64 0 32 32 741 228 181 113
-0.00207746 64 16 32 32 741 228 181 113
-0.00207492 64 32 32 32 741 228 181 113
-0.00207792 64 48 32 32 741 228 181 113
-0.00207727 64 64 32 32 741 228 181 113
-0.0020736 64 80 32 32 741 228 181 113
-0.00207771 80 0 32 32 741 228 181 113
-0.00207774 80 16 32 32 741 228 181 113
-0.00207781 80 32 32 32 741 228 181 113
-0.00207782 80 48 32 32 741 228 181 113
-0.00207763 80 64 32 32 741 228 181 113
-0.00207744 80 80 32 32 741 228 181 113
-0.00207682 96 0 32 32 741 228 181 113
-0.00207776 96 16 32 32 741 228 181 113
-0.00207791 96 32 32 32 741 228 181 113
-0.00207732 96 48 32 32 741 228 181 113
-0.00207748 96 64 32 32 741 228 181 113
-0.00207775 96 80 32 32 741 228 181 113
-0.0020775 112 0 32 32 741 228 181 113
-0.00207743 112 16 32 32 741 228 181 113
-0.0020778 112 32 32 32 741 228 181 113
-0.00207789 112 48 32 32 741 228 181 113
-0.00207793 112 64 32 32 741 228 181 113
-0.00207757 112 80 32 32 741 228 181 113
-0.00207722 128 0 32 32 741 228 181 113
-0.00207731 128 16 32 32 741 228 181 113
-0.00207706 128 32 32 32 741 228 181 113
-0.00207793 128 48 32 32 741 228 181 113
-0.00207771 128 64 32 32 741 228 181 113
-0.00207565 128 80 32 32 741 228 181 113
-0.00207787 144 0 32 32 741 228 181 113
-0.00207793 144 16 32 32 741 228 181 113
-0.00207781 144 32 32 32 741 228 181 113
-0.00207799 144 48 32 32 741 228 181 113
-0.0020757 144 64 32 32 741 228 181 113
-0.00207668 144 80 32 32 741 228 181 113
-0.00152818 0 0 32 32 741 228 181 113
-0.00207793 0 16 32 32 741 228 181 113
-0.00207737 0 32 32 32 741 228 181 113
-0.00207405 0 48 32 32 741 228 181 113
-0.00207711 0 64 32 32 741 228 181 113
-0.00207756 0 80 32 32 741 228 181 113
-0.00207289 16 0 32 32 741 228 181 113
-0.00207796 16 16 32 32 741 228 181 113
-0.00207711 16 32 32 32 741 228 181 113
-0.00207714 16 48 32 32 741 228 181 113
-0.00207661 16 64 32 32 741 228 181 113
-0.00207742 16 80 32 32 741 228 181 113
-0.00207664 32 0 32 32 741 228 181 113
-0.00207793 32 16 32 32 741 228 181 113
-0.00207597 32 32 32 32 741 228 181 113
-0.00207658 32 48 32 32 741 228 181 113
-0.00207722 32 64 32 32 741 228 181 113
-0.00207675 32 80 32 32 741 228 181 113
-0.00207765 48 0 32 32 741 228 181 113
-0.00207786 48 16 32 32 741 228 181 113
-0.00207263 48 32 32 32 741 228 181 113
-0.00207527 48 48 32 32 741 228 181 113
-0.00207719 48 64 32 32 741 228 181 113
-0.00207497 48 80 32 32 741 228 181 113
-0.0020778 64 0 32 32 741 228 181 113
-0.00207772 64 16 32 32 741 228 181 113
-0.00207017 64 32 32 32 741 228 181 113
-0.00207429 64 48 32 32 741 228 181 113
-0.00207705 64 64 32 32 741 228 181 113
-0.00159423 64 80 32 32 741 228 181 113
-0.00207755 80 0 32 32 741 228 181 113
-0.00207778 80 16 32 32 741 228 181 113
-0.00207658 80 32 32 32 741 228 181 113
-0.00207377 80 48 32 32 741 228 181 113
-0.00207506 80 64 32 32 741 228 181 113
-0.00207553 80 80 32 32 741 228 181 113
-0.00207694 96 0 32 32 741 228 181 113
-0.00207774 96 16 32 32 741 228 181 113
-0.00207749 96 32 32 32 741 228 181 113
-0.00207687 96 48 32 32 741 228 181 113
-0.00207609 96 64 32 32 741 228 181 113
-0.00207762 96 80 32 32 741 228 181 113
-0.00207792 112 0 32 32 741 228 181 113
-0.00207733 112 16 32 32 741 228 181 113
-0.00207712 112 32 32 32 741 228 181 113
-0.00207754 112 48 32 32 741 228 181 113
-0.00207781 112 64 32 32 741 228 181 113
-0.00207777 112 80 32 32 741 228 181 113
-0.00207744 128 0 32 32 741 228 181 113
-0.0020776 128 16 32 32 741 228 181 113
-0.00207609 128 32 32 32 741 228 181 113
-0.00207673 128 48 32 32 741 228 181 113
-0.00207688 128 64 32 32 741 228 181 113
-0.00207585 128 80 32 32 741 228 181 113
-0.00207772 144 0 32 32 741 228 181 113
-0.00207783 144 16 32 32 741 228 181 113
-0.00207449 144 32 32 32 741 228 181 113
-0.00207461 144 48 32 32 741 228 181 113
-0.00207452 144 64 32 32 741 228 181 113
-0.00207729 144 80 32 32 741 228 181 113
-0.00207639 0 0 32 32 741 228 181 113
-0.002077 0 16 32 32 741 228 181 113
-0.00207723 0 32 32 32 741 228 181 113
-0.00207764 0 48 32 32 741 228 181 113
-0.00207782 0 64 32 32 741 228 181 113
-0.00207766 0 80 32 32 741 228 181 113
-0.00207545 16 0 32 32 741 228 181 113
-0.00206761 16 16 32 32 741 228 181 113
-0.00207114 16 32 32 32 741 228 181 113
-0.00207459 16 48 32 32 741 228 181 113
-0.00207758 16 64 32 32 741 228 181 113
-0.00207764 16 80 32 32 741 228 181 113
-0.00207341 32 0 32 32 741 228 181 113
-0.00206733 32 16 32 32 741 228 181 113
-0.00207426 32 32 32 32 741 228 181 113
-0.00207092 32 48 32 32 741 228 181 113
-0.00207451 32 64 32 32 741 228 181 113
-0.00207661 32 80 32 32 741 228 181 113
-0.00157799 48 0 32 32 741 228 181 113
-0.00206735 48 16 32 32 741 228 181 113
-0.00207161 48 32 32 32 741 228 181 113
-0.00207408 48 48 32 32 741 228 181 113
-0.00206773 48 64 32 32 741 228 181 113
-0.00207627 48 80 32 32 741 228 181 113
-0.00118544 64 0 32 32 741 228 181 113
-0.00149469 64 16 32 32 741 228 181 113
-0.00207214 64 32 32 32 741 228 181 113
-0.00207661 64 48 32 32 741 228 181 113
-0.00207591 64 64 32 32 741 228 181 113
-0.00207477 64 80 32 32 741 228 181 113
-0.00142781 80 0 32 32 741 228 181 113
-0.00200612 80 16 32 32 741 228 181 113
-0.00207598 80 32 32 32 741 228 181 113
-0.00207745 80 48 32 32 741 228 181 113
-0.00207752 80 64 32 32 741 228 181 113
-0.0020746 80 80 32 32 741 228 181 113
-0.00207339 96 0 32 32 741 228 181 113
-0.00206732 96 16 32 32 741 228 181 113
-0.00207667 96 32 32 32 741 228 181 113
-0.002076 96 48 32 32 741 228 181 113
-0.00207474 96 64 32 32 741 228 181 113
-0.00207092 96 80 32 32 741 228 181 113
-0.00207531 112 0 32 32 741 228 181 113
-0.00206936 112 16 32 32 741 228 181 113
-0.00207518 112 32 32 32 741 228 181 113
-0.00207667 112 48 32 32 741 228 181 113
-0.00207622 112 64 32 32 741 228 181 113
-0.00207276 112 80 32 32 741 228 181 113
-0.00207684 128 0 32 32 741 228 181 113
-0.00207546 128 16 32 32 741 228 181 113
-0.00207761 128 32 32 32 741 228 181 113
-0.00207796 128 48 32 32 741 228 181 113
-0.00207765 128 64 32 32 741 228 181 113
-0.00207102 128 80 32 32 741 228 181 113
-0.00207722 144 0 32 32 741 228 181 113
-0.00207717 144 16 32 32 741 228 181 113
-0.00207799 144 32 32 32 741 228 181 113
-0.00207788 144 48 32 32 741 228 181 113
-0.00207795 144 64 32 32 741 228 181 113
-0.00206783 144 80 32 32 741 228 181 113
-0.00207286 0 0 32 32 741 228 181 113
-0.00207735 0 16 32 32 741 228 181 113
-0.00207231 0 32 32 32 741 228 181 113
-0.00207698 0 48 32 32 741 228 181 113
-0.00207763 0 64 32 32 741 228 181 113
-0.00207742 0 80 32 32 741 228 181 113
-0.00207581 16 0 32 32 741 228 181 113
-0.00207749 16 16 32 32 741 228 181 113
-0.00206794 16 32 32 32 741 228 181 113
-0.00207459 16 48 32 32 741 228 181 113
-0.00207636 16 64 32 32 741 228 181 113
-0.0020773 16 80 32 32 741 228 181 113
-0.00207735 32 0 32 32 741 228 181 113
-0.00207747 32 16 32 32 741 228 181 113
-0.00141076 32 32 32 32 741 228 181 113
-0.00207459 32 48 32 32 741 228 181 113
-0.00206766 32 64 32 32 741 228 181 113
-0.00194362 32 80 32 32 741 228 181 113
-0.00207778 48 0 32 32 741 228 181 113
-0.00207715 48 16 32 32 741 228 181 113
-0.00103987 48 32 32 32 741 228 181 113
-0.00207173 48 48 32 32 741 228 181 113
-0.0019279 48 64 32 32 741 228 181 113
-0.000941522 48 80 32 32 741 228 181 113
-0.00207773 64 0 32 32 741 228 181 113
-0.00207598 64 16 32 32 741 228 181 113
-0.000929099 64 32 32 32 741 228 181 113
-0.00207214 64 48 32 32 741 228 181 113
-0.00207415 64 64 32 32 741 228 181 113
-0.00186669 64 80 32 32 741 228 181 113
-0.00207759 80 0 32 32 741 228 181 113
-0.00207536 80 16 32 32 741 228 181 113
-0.00120237 80 32 32 32 741 228 181 113
-0.00207326 80 48 32 32 741 228 181 113
-0.00207671 80 64 32 32 741 228 181 113
-0.00207619 80 80 32 32 741 228 181 113
-0.00207762 96 0 32 32 741 228 181 113
-0.00207592 96 16 32 32 741 228 181 113
-0.000966321 96 32 32 32 741 228 181 113
-0.00127022 96 48 32 32 741 228 181 113
-0.00206789 96 64 32 32 741 228 181 113
-0.00207238 96 80 32 32 741 228 181 113
-0.00207765 112 0 32 32 741 228 181 113
-0.00207207 112 16 32 32 741 228 181 113
-0.00207039 112 32 32 32 741 228 181 113
-0.00207232 112 48 32 32 741 228 181 113
-0.00202156 112 64 32 32 741 228 181 113
-0.00207235 112 80 32 32 741 228 181 113
-0.00207695 128 0 32 32 741 228 181 113
-0.00207528 128 16 32 32 741 228 181 113
-0.00207754 128 32 32 32 741 228 181 113
-0.00207738 128 48 32 32 741 228 181 113
-0.00207203 128 64 32 32 741 228 181 113
-0.00207489 128 80 32 32 741 228 181 113
-0.00207734 144 0 32 32 741 228 181 113
-0.00207752 144 16 32 32 741 228 181 113
-0.00207789 144 32 32 32 741 228 181 113
-0.00207781 144 48 32 32 741 228 181 113
-0.00207361 144 64 32 32 741 228 181 113
-0.00207584 144 80 32 32 741 228 181 113
-0.00178875 0 0 32 32 741 228 181 113
-0.00206846 0 16 32 32 741 228 181 113
-0.00207798 0 32 32 32 741 228 181 113
-0.00207763 0 48 32 32 741 228 181 113
-0.00207735 0 64 32 32 741 228 181 113
-0.0020775 0 80 32 32 741 228 181 113
-0.000929067 16 0 32 32 741 228 181 113
-0.0010568 16 16 32 32 741 228 181 113
-0.00207802 16 32 32 32 741 228 181 113
-0.00207761 16 48 32 32 741 228 181 113
-0.00207489 16 64 32 32 741 228 181 113
-0.00207377 16 80 32 32 741 228 181 113
-0.00170816 32 0 32 32 741 228 181 113
-0.00151129 32 16 32 32 741 228 181 113
-0.00207803 32 32 32 32 741 228 181 113
-0.00207773 32 48 32 32 741 228 181 113
-0.00207647 32 64 32 32 741 228 181 113
-0.00207664 32 80 32 32 741 228 181 113
-0.00207418 48 0 32 32 741 228 181 113
-0.00156161 48 16 32 32 741 228 181 113
-0.00207774 48 32 32 32 741 228 181 113
-0.00207789 48 48 32 32 741 228 181 113
-0.00207743 48 64 32 32 741 228 181 113
-0.00207712 48 80 32 32 741 228 181 113
-0.00207292 64 0 32 32 741 228 181 113
-0.00107319 64 16 32 32 741 228 181 113
-0.00207627 64 32 32 32 741 228 181 113
-0.00207792 64 48 32 32 741 228 181 113
-0.00207729 64 64 32 32 741 228 181 113
-0.00207624 64 80 32 32 741 228 181 113
-0.0020741 80 0 32 32 741 228 181 113
-0.00207038 80 16 32 32 741 228 181 113
-0.00207742 80 32 32 32 741 228 181 113
-0.00207776 80 48 32 32 741 228 181 113
-0.00207739 80 64 32 32 741 228 181 113
-0.00207592 80 80 32 32 741 228 181 113
-0.00207587 96 0 32 32 741 228 181 113
-0.00207593 96 16 32 32 741 228 181 113
-0.00207696 96 32 32 32 741 228 181 113
-0.00207666 96 48 32 32 741 228 181 113
-0.0020775 96 64 32 32 741 228 181 113
-0.00207782 96 80 32 32 741 228 181 113
-0.00207584 112 0 32 32 741 228 181 113
-0.00207571 112 16 32 32 741 228 181 113
-0.00207747 112 32 32 32 741 228 181 113
-0.00207745 112 48 32 32 741 228 181 113
-0.00207474 112 64 32 32 741 228 181 113
-0.00207575 112 80 32 32 741 228 181 113
-0.00207758 128 0 32 32 741 228 181 113
-0.00207768 128 16 32 32 741 228 181 113
-0.00207762 128 32 32 32 741 228 181 113
-0.00207729 128 48 32 32 741 228 181 113
-0.00207713 128 64 32 32 741 228 181 113
-0.00207719 128 80 32 32 741 228 181 113
-0.00207772 144 0 32 32 741 228 181 113
-0.00207747 144 16 32 32 741 228 181 113
-0.00207683 144 32 32 32 741 228 181 113
-0.00207761 144 48 32 32 741 228 181 113
-0.00207725 144 64 32 32 741 228 181 113
-0.00207713 144 80 32 32 741 228 181 113
-0.00207332 0 0 32 32 741 228 181 113
-0.00207692 0 16 32 32 741 228 181 113
-0.00207792 0 32 32 32 741 228 181 113
-0.00207768 0 48 32 32 741 228 181 113
-0.00207773 0 64 32 32 741 228 181 113
-0.0020779 0 80 32 32 741 228 181 113
-0.00207439 16 0 32 32 741 228 181 113
-0.00207673 16 16 32 32 741 228 181 113
-0.002078 16 32 32 32 741 228 181 113
-0.00207772 16 48 32 32 741 228 181 113
-0.00207488 16 64 32 32 741 228 181 113
-0.00207746 16 80 32 32 741 228 181 113
-0.00207616 32 0 32 32 741 228 181 113
-0.00207076 32 16 32 32 741 228 181 113
-0.00207796 32 32 32 32 741 228 181 113
-0.0020778 32 48 32 32 741 228 181 113
-0.00207484 32 64 32 32 741 228 181 113
-0.00207712 32 80 32 32 741 228 181 113
-0.00207609 48 0 32 32 741 228 181 113
-0.00207539 48 16 32 32 741 228 181 113
-0.00207742 48 32 32 32 741 228 181 113
-0.00207787 48 48 32 32 741 228 181 113
-0.00207604 48 64 32 32 741 228 181 113
-0.00207438 48 80 32 32 741 228 181 113
-0.00207671 64 0 32 32 741 228 181 113
-0.00207396 64 16 32 32 741 228 181 113
-0.00207686 64 32 32 32 741 228 181 113
-0.00207794 64 48 32 32 741 228 181 113
-0.0020776 64 64 32 32 741 228 181 113
-0.00207689 64 80 32 32 741 228 181 113
-0.00207569 80 0 32 32 741 228 181 113
-0.00207642 80 16 32 32 741 228 181 113
-0.00207798 80 32 32 32 741 228 181 113
-0.0020778 80 48 32 32 741 228 181 113
-0.00207695 80 64 32 32 741 228 181 113
-0.00207724 80 80 32 32 741 228 181 113
-0.00207799 96 0 32 32 741 228 181 113
-0.00207794 96 16 32 32 741 228 181 113
-0.0020779 96 32 32 32 741 228 181 113
-0.00207607 96 48 32 32 741 228 181 113
-0.00207707 96 64 32 32 741 228 181 113
-0.00207671 96 80 32 32 741 228 181 113
-0.00207757 112 0 32 32 741 228 181 113
-0.00207781 112 16 32 32 741 228 181 113
-0.00207786 112 32 32 32 741 228 181 113
-0.00207767 112 48 32 32 741 228 181 113
-0.00207661 112 64 32 32 741 228 181 113
-0.00207161 112 80 32 32 741 228 181 113
-0.00207691 128 0 32 32 741 228 181 113
-0.00207772 128 16 32 32 741 228 181 113
-0.00207789 128 32 32 32 741 228 181 113
-0.00207756 128 48 32 32 741 228 181 113
-0.00207487 128 64 32 32 741 228 181 113
-0.00207473 128 80 32 32 741 228 181 113
-0.0020762 144 0 32 32 741 228 181 113
-0.00207685 144 16 32 32 741 228 181 113
-0.00207751 144 32 32 32 741 228 181 113
-0.0020774 144 48 32 32 741 228 181 113
-0.00207702 144 64 32 32 741 228 181 113
-0.00207568 144 80 32 32 741 228 181 113
-0.002078 0 0 32 32 741 228 181 113
-0.00207778 0 16 32 32 741 228 181 113
-0.00207757 0 32 32 32 741 228 181 113
-0.00207778 0 48 32 32 741 228 181 113
-0.00207794 0 64 32 32 741 228 181 113
-0.00207769 0 80 32 32 741 228 181 113
-0.00207788 16 0 32 32 741 228 181 113
-0.00207554 16 16 32 32 741 228 181 113
-0.00207789 16 32 32 32 741 228 181 113
-0.00207783 16 48 32 32 741 228 181 113
-0.0020774 16 64 32 32 741 228 181 113
-0.00207673 16 80 32 32 741 228 181 113
-0.00207758 32 0 32 32 741 228 181 113
-0.00207767 32 16 32 32 741 228 181 113
-0.00207799 32 32 32 32 741 228 181 113
-0.00207782 32 48 32 32 741 228 181 113
-0.00207781 32 64 32 32 741 228 181 113
-0.00207766 32 80 32 32 741 228 181 113
-0.00207765 48 0 32 32 741 228 181 113
-0.00207796 48 16 32 32 741 228 181 113
-0.00207749 48 32 32 32 741 228 181 113
-0.00207794 48 48 32 32 741 228 181 113
-0.00207748 48 64 32 32 741 228 181 113
-0.00207767 48 80 32 32 741 228 181 113
-0.00207764 64 0 32 32 741 228 181 113
-0.00207791 64 16 32 32 741 228 181 113
-0.00207631 64 32 32 32 741 228 181 113
-0.00207791 64 48 32 32 741 228 181 113
-0.00207718 64 64 32 32 741 228 181 113
-0.00207708 64 80 32 32 741 228 181 113
-0.00207729 80 0 32 32 741 228 181 113
-0.00207772 80 16 32 32 741 228 181 113
-0.00207797 80 32 32 32 741 228 181 113
-0.0020779 80 48 32 32 741 228 181 113
-0.00207768 80 64 32 32 741 228 181 113
-0.00207744 80 80 32 32 741 228 181 113
-0.00207663 96 0 32 32 741 228 181 113
-0.00207749 96 16 32 32 741 228 181 113
-0.00207795 96 32 32 32 741 228 181 113
-0.00207626 96 48 32 32 741 228 181 113
-0.00207775 96 64 32 32 741 228 181 113
-0.00207789 96 80 32 32 741 228 181 113
-0.00207749 112 0 32 32 741 228 181 113
-0.00207767 112 16 32 32 741 228 181 113
-0.00207799 112 32 32 32 741 228 181 113
-0.00207797 112 48 32 32 741 228 181 113
-0.00207784 112 64 32 32 741 228 181 113
-0.00207754 112 80 32 32 741 228 181 113
-0.0020779 128 0 32 32 741 228 181 113
-0.0020768 128 16 32 32 741 228 181 113
-0.00207687 128 32 32 32 741 228 181 113
-0.00207798 128 48 32 32 741 228 181 113
-0.00207758 128 64 32 32 741 228 181 113
-0.00207666 128 80 32 32 741 228 181 113
-0.00207768 144 0 32 32 741 228 181 113
-0.00207704 144 16 32 32 741 228 181 113
-0.00207447 144 32 32 32 741 228 181 113
-0.00207794 144 48 32 32 741 228 181 113
-0.00207458 144 64 32 32 741 228 181 113
-0.00207702 144 80 32 32 741 228 181 113
-0.00207793 0 0 32 32 741 228 181 113
-0.00207794 0 16 32 32 741 228 181 113
-0.00207734 0 32 32 32 741 228 181 113
-0.00207672 0 48 32 32 741 228 181 113
-0.0020763 0 64 32 32 741 228 181 113
-0.00207554 0 80 32 32 741 228 181 113
-0.00207703 16 0 32 32 741 228 181 113
-0.00207763 16 16 32 32 741 228 181 113
-0.00207757 16 32 32 32 741 228 181 113
-0.00207594 16 48 32 32 741 228 181 113
-0.00206773 16 64 32 32 741 228 181 113
-0.00207347 16 80 32 32 741 228 181 113
-0.00207772 32 0 32 32 741 228 181 113
-0.00207791 32 16 32 32 741 228 181 113
-0.00207744 32 32 32 32 741 228 181 113
-0.00207356 32 48 32 32 741 228 181 113
-0.00207425 32 64 32 32 741 228 181 113
-0.00207221 32 80 32 32 741 228 181 113
-0.00207762 48 0 32 32 741 228 181 113
-0.00207783 48 16 32 32 741 228 181 113
-0.002073 48 32 32 32 741 228 181 113
-0.00207602 48 48 32 32 741 228 181 113
-0.00207726 48 64 32 32 741 228 181 113
-0.00207592 48 80 32 32 741 228 181 113
-0.00207722 64 0 32 32 741 228 181 113
-0.00207745 64 16 32 32 741 228 181 113
-0.00207029 64 32 32 32 741 228 181 113
-0.0020766 64 48 32 32 741 228 181 113
-0.00207688 64 64 32 32 741 228 181 113
-0.00207502 64 80 32 32 741 228 181 113
-0.00207779 80 0 32 32 741 228 181 113
-0.00207785 80 16 32 32 741 228 181 113
-0.00207736 80 32 32 32 741 228 181 113
-0.00207592 80 48 32 32 741 228 181 113
-0.00207743 80 64 32 32 741 228 181 113
-0.00207718 80 80 32 32 741 228 181 113
-0.00207765 96 0 32 32 741 228 181 113
-0.00207768 96 16 32 32 741 228 181 113
-0.00207744 96 32 32 32 741 228 181 113
-0.00207713 96 48 32 32 741 228 181 113
-0.00207726 96 64 32 32 741 228 181 113
-0.00207787 96 80 32 32 741 228 181 113
-0.00207792 112 0 32 32 741 228 181 113
-0.00207766 112 16 32 32 741 228 181 113
-0.00207763 112 32 32 32 741 228 181 113
-0.00207738 112 48 32 32 741 228 181 113
-0.00207799 112 64 32 32 741 228 181 113
-0.00207793 112 80 32 32 741 228 181 113
-0.0020766 128 0 32 32 741 228 181 113
-0.002076 128 16 32 32 741 228 181 113
-0.00207658 128 32 32 32 741 228 181 113
-0.00207774 128 48 32 32 741 228 181 113
-0.00207786 128 64 32 32 741 228 181 113
-0.0020772 128 80 32 32 741 228 181 113
-0.00207775 144 0 32 32 741 228 181 113
-0.00207755 144 16 32 32 741 228 181 113
-0.00207657 144 32 32 32 741 228 181 113
-0.00207798 144 48 32 32 741 228 181 113
-0.00207635 144 64 32 32 741 228 181 113
-0.00207771 144 80 32 32 741 228 181 113
-0.00207727 0 0 32 32 741 228 181 113
-0.002073 0 16 32 32 741 228 181 113
-0.00207747 0 32 32 32 741 228 181 113
-0.00207798 0 48 32 32 741 228 181 113
-0.00207798 0 64 32 32 741 228 181 113
-0.00207796 0 80 32 32 741 228 181 113
-0.00207241 16 0 32 32 741 228 181 113
-0.00207615 16 16 32 32 741 228 181 113
-0.00207785 16 32 32 32 741 228 181 113
-0.00207735 16 48 32 32 741 228 181 113
-0.00207714 16 64 32 32 741 228 181 113
-0.00207698 16 80 32 32 741 228 181 113
-0.0020734 32 0 32 32 741 228 181 113
-0.00207645 32 16 32 32 741 228 181 113
-0.0020777 32 32 32 32 741 228 181 113
-0.00207789 32 48 32 32 741 228 181 113
-0.00207765 32 64 32 32 741 228 181 113
-0.002074 32 80 32 32 741 228 181 113
-0.00207637 48 0 32 32 741 228 181 113
-0.00207717 48 16 32 32 741 228 181 113
-0.00207596 48 32 32 32 741 228 181 113
-0.00207759 48 48 32 32 741 228 181 113
-0.00207758 48 64 32 32 741 228 181 113
-0.00207632 48 80 32 32 741 228 181 113
-0.00207693 64 0 32 32 741 228 181 113
-0.00207752 64 16 32 32 741 228 181 113
-0.00207656 64 32 32 32 741 228 181 113
-0.0020778 64 48 32 32 741 228 181 113
-0.00207733 64 64 32 32 741 228 181 113
-0.00207707 64 80 32 32 741 228 181 113
-0.00207696 80 0 32 32 741 228 181 113
-0.00207784 80 16 32 32 741 228 181 113
-0.00207772 80 32 32 32 741 228 181 113
-0.00207759 80 48 32 32 741 228 181 113
-0.00207781 80 64 32 32 741 228 181 113
-0.00207765 80 80 32 32 741 228 181 113
-0.00207764 96 0 32 32 741 228 181 113
-0.00207791 96 16 32 32 741 228 181 113
-0.00207795 96 32 32 32 741 228 181 113
-0.00207767 96 48 32 32 741 228 181 113
-0.00207793 96 64 32 32 741 228 181 113
-0.00207778 96 80 32 32 741 228 181 113
-0.00207784 112 0 32 32 741 228 181 113
-0.00207588 112 16 32 32 741 228 181 113
-0.00207786 112 32 32 32 741 228 181 113
-0.00207785 112 48 32 32 741 228 181 113
-0.00207795 112 64 32 32 741 228 181 113
-0.00207764 112 80 32 32 741 228 181 113
-0.00207788 128 0 32 32 741 228 181 113
-0.00207747 128 16 32 32 741 228 181 113
-0.00207798 128 32 32 32 741 228 181 113
-0.00207629 128 48 32 32 741 228 181 113
-0.00207797 128 64 32 32 741 228 181 113
-0.00207774 128 80 32 32 741 228 181 113
-0.00207786 144 0 32 32 741 228 181 113
-0.00207758 144 16 32 32 741 228 181 113
-0.00207798 144 32 32 32 741 228 181 113
-0.00207783 144 48 32 32 741 228 181 113
-0.00207798 144 64 32 32 741 228 181 113
-0.00207786 144 80 32 32 741 228 181 113
-0.00128815 0 0 32 32 741 228 181 113
-0.00207493 0 16 32 32 741 228 181 113
-0.00207789 0 32 32 32 741 228 181 113
-0.00207774 0 48 32 32 741 228 181 113
-0.00207766 0 64 32 32 741 228 181 113
-0.0020777 0 80 32 32 741 228 181 113
-0.00100657 16 0 32 32 741 228 181 113
-0.00098523 16 16 32 32 741 228 181 113
-0.00207801 16 32 32 32 741 228 181 113
-0.00207767 16 48 32 32 741 228 181 113
-0.00207675 16 64 32 32 741 228 181 113
-0.00207476 16 80 32 32 741 228 181 113
-0.00206908 32 0 32 32 741 228 181 113
-0.00123626 32 16 32 32 741 228 181 113
-0.00207798 32 32 32 32 741 228 181 113
-0.0020778 32 48 32 32 741 228 181 113
-0.00207712 32 64 32 32 741 228 181 113
-0.00207667 32 80 32 32 741 228 181 113
-0.00207309 48 0 32 32 741 228 181 113
-0.00199052 48 16 32 32 741 228 181 113
-0.00207712 48 32 32 32 741 228 181 113
-0.00207796 48 48 32 32 741 228 181 113
-0.00207767 48 64 32 32 741 228 181 113
-0.0020772 48 80 32 32 741 228 181 113
-0.00207413 64 0 32 32 741 228 181 113
-0.00165921 64 16 32 32 741 228 181 113
-0.00207575 64 32 32 32 741 228 181 113
-0.00207789 64 48 32 32 741 228 181 113
-0.00207719 64 64 32 32 741 228 181 113
-0.00207394 64 80 32 32 741 228 181 113
-0.00206953 80 0 32 32 741 228 181 113
-0.00207497 80 16 32 32 741 228 181 113
-0.00207714 80 32 32 32 741 228 181 113
-0.00207782 80 48 32 32 741 228 181 113
-0.00207745 80 64 32 32 741 228 181 113
-0.0020761 80 80 32 32 741 228 181 113
-0.00207637 96 0 32 32 741 228 181 113
-0.00207763 96 16 32 32 741 228 181 113
-0.00207759 96 32 32 32 741 228 181 113
-0.00207692 96 48 32 32 741 228 181 113
-0.0020779 96 64 32 32 741 228 181 113
-0.00207768 96 80 32 32 741 228 181 113
-0.00207637 112 0 32 32 741 228 181 113
-0.00207732 112 16 32 32 741 228 181 113
-0.00207744 112 32 32 32 741 228 181 113
-0.00207713 112 48 32 32 741 228 181 113
-0.00207762 112 64 32 32 741 228 181 113
-0.00207777 112 80 32 32 741 228 181 113
-0.00207768 128 0 32 32 741 228 181 113
-0.00207742 128 16 32 32 741 228 181 113
-0.00207705 128 32 32 32 741 228 181 113
-0.00207729 128 48 32 32 741 228 181 113
-0.00207699 128 64 32 32 741 228 181 113
-0.00207739 128 80 32 32 741 228 181 113
-0.00207793 144 0 32 32 741 228 181 113
-0.00207764 144 16 32 32 741 228 181 113
-0.00207789 144 32 32 32 741 228 181 113
-0.00207591 144 48 32 32 741 228 181 113
-0.00207719 144 64 32 32 741 228 181 113
-0.00207734 144 80 32 32 741 228 181 113
-0.00207781 0 0 40 45 741 228 181 113
-0.00207717 0 22 40 45 741 228 181 113
-0.00207751 0 44 40 45 741 228 181 113
-0.00207778 0 66 40 45 741 228 181 113
-0.00207698 20 0 40 45 741 228 181 113
-0.0020778 20 22 40 45 741 228 181 113
-0.00207753 20 44 40 45 741 228 181 113
-0.00197486 20 66 40 45 741 228 181 113
-0.0020777 40 0 40 45 741 228 181 113
-0.00207766 40 22 40 45 741 228 181 113
-0.00207781 40 44 40 45 741 228 181 113
-0.00206837 40 66 40 45 741 228 181 113
-0.00207706 60 0 40 45 741 228 181 113
-0.00207552 60 22 40 45 741 228 181 113
-0.00207787 60 44 40 45 741 228 181 113
-0.00207481 60 66 40 45 741 228 181 113
-0.00207766 80 0 40 45 741 228 181 113
-0.00207778 80 22 40 45 741 228 181 113
-0.00207723 80 44 40 45 741 228 181 113
-0.00207682 80 66 40 45 741 228 181 113
-0.0020764 100 0 40 45 741 228 181 113
-0.00207462 100 22 40 45 741 228 181 113
-0.00207721 100 44 40 45 741 228 181 113
-0.00207706 100 66 40 45 741 228 181 113
-0.00207711 120 0 40 45 741 228 181 113
-0.00207666 120 22 40 45 741 228 181 113
-0.00207796 120 44 40 45 741 228 181 113
-0.00207681 120 66 40 45 741 228 181 113
-0.00207772 140 0 40 45 741 228 181 113
-0.00207773 140 22 40 45 741 228 181 113
-0.00207785 140 44 40 45 741 228 181 113
-0.00207103 140 66 40 45 741 228 181 113
-0.00207727 0 0 40 45 741 228 181 113
-0.00207755 0 22 40 45 741 228 181 113
-0.00206848 0 44 40 45 741 228 181 113
-0.002077 0 66 40 45 741 228 181 113
-0.00207769 20 0 40 45 741 228 181 113
-0.00207727 20 22 40 45 741 228 181 113
-0.0020749 20 44 40 45 741 228 181 113
-0.00207674 20 66 40 45 741 228 181 113
-0.00207787 40 0 40 45 741 228 181 113
-0.00207588 40 22 40 45 741 228 181 113
-0.00207202 40 44 40 45 741 228 181 113
-0.00207723 40 66 40 45 741 228 181 113
-0.00207784 60 0 40 45 741 228 181 113
-0.00207462 60 22 40 45 741 228 181 113
-0.00207197 60 44 40 45 741 228 181 113
-0.00207534 60 66 40 45 741 228 181 113
-0.00207769 80 0 40 45 741 228 181 113
-0.00207708 80 22 40 45 741 228 181 113
-0.00207196 80 44 40 45 741 228 181 113
-0.00207243 80 66 40 45 741 228 181 113
-0.00207717 100 0 40 45 741 228 181 113
-0.00207689 100 22 40 45 741 228 181 113
-0.00207748 100 44 40 45 741 228 181 113
-0.0020774 100 66 40 45 741 228 181 113
-0.00207715 120 0 40 45 741 228 181 113
-0.00207623 120 22 40 45 741 228 181 113
-0.00207709 120 44 40 45 741 228 181 113
-0.00207623 120 66 40 45 741 228 181 113
-0.00207751 140 0 40 45 741 228 181 113
-0.00207666 140 22 40 45 741 228 181 113
-0.00207195 140 44 40 45 741 228 181 113
-0.00207467 140 66 40 45 741 228 181 113
-0.00207537 0 0 40 45 741 228 181 113
-0.00207676 0 22 40 45 741 228 181 113
-0.0020777 0 44 40 45 741 228 181 113
-0.00207782 0 66 40 45 741 228 181 113
-0.00206857 20 0 40 45 741 228 181 113
-0.00139336 20 22 40 45 741 228 181 113
-0.00207225 20 44 40 45 741 228 181 113
-0.0020766 20 66 40 45 741 228 181 113
-0.000938535 40 0 40 45 741 228 181 113
-0.00182041 40 22 40 45 741 228 181 113
-0.00207256 40 44 40 45 741 228 181 113
-0.0020736 40 66 40 45 741 228 181 113
-0.00201076 60 0 40 45 741 228 181 113
-0.0013406 60 22 40 45 741 228 181 113
-0.00207497 60 44 40 45 741 228 181 113
-0.00207328 60 66 40 45 741 228 181 113
-0.00107868 80 0 40 45 741 228 181 113
-0.00207376 80 22 40 45 741 228 181 113
-0.00207646 80 44 40 45 741 228 181 113
-0.00207602 80 66 40 45 741 228 181 113
-0.00161087 100 0 40 45 741 228 181 113
-0.00207334 100 22 40 45 741 228 181 113
-0.00207502 100 44 40 45 741 228 181 113
-0.00102502 100 66 40 45 741 228 181 113
-0.00207431 120 0 40 45 741 228 181 113
-0.00207468 120 22 40 45 741 228 181 113
-0.00207769 120 44 40 45 741 228 181 113
-0.00207471 120 66 40 45 741 228 181 113
-0.00207595 140 0 40 45 741 228 181 113
-0.0020779 140 22 40 45 741 228 181 113
-0.00207785 140 44 40 45 741 228 181 113
-0.0020766 140 66 40 45 741 228 181 113
-0.00207618 0 0 40 45 741 228 181 113
-0.00207337 0 22 40 45 741 228 181 113
-0.00207611 0 44 40 45 741 228 181 113
-0.00207742 0 66 40 45 741 228 181 113
-0.0020768 20 0 40 45 741 228 181 113
-0.00207404 20 22 40 45 741 228 181 113
-0.00206896 20 44 40 45 741 228 181 113
-0.00207434 20 66 40 45 741 228 181 113
-0.00207723 40 0 40 45 741 228 181 113
-0.00207058 40 22 40 45 741 228 181 113
-0.00207008 40 44 40 45 741 228 181 113
-0.000991398 40 66 40 45 741 228 181 113
-0.00207701 60 0 40 45 741 228 181 113
-0.00144461 60 22 40 45 741 228 181 113
-0.0020724 60 44 40 45 741 228 181 113
-0.00206971 60 66 40 45 741 228 181 113
-0.00207678 80 0 40 45 741 228 181 113
-0.00146156 80 22 40 45 741 228 181 113
-0.00207124 80 44 40 45 741 228 181 113
-0.00207523 80 66 40 45 741 228 181 113
-0.0020768 100 0 40 45 741 228 181 113
-0.00121952 100 22 40 45 741 228 181 113
-0.00133127 100 44 40 45 741 228 181 113
-0.00185139 100 66 40 45 741 228 181 113
-0.00207545 120 0 40 45 741 228 181 113
-0.00207666 120 22 40 45 741 228 181 113
-0.00207664 120 44 40 45 741 228 181 113
-0.00207374 120 66 40 45 741 228 181 113
-0.00207652 140 0 40 45 741 228 181 113
-0.0020775 140 22 40 45 741 228 181 113
-0.00207695 140 44 40 45 741 228 181 113
-0.00205211 140 66 40 45 741 228 181 113
-0.00154484 0 0 40 45 741 228 181 113
-0.00207796 0 22 40 45 741 228 181 113
-0.00207718 0 44 40 45 741 228 181 113
-0.00207674 0 66 40 45 741 228 181 113
-0.00095211 20 0 40 45 741 228 181 113
-0.00207802 20 22 40 45 741 228 181 113
-0.00207713 20 44 40 45 741 228 181 113
-0.00206798 20 66 40 45 741 228 181 113
-0.00207271 40 0 40 45 741 228 181 113
-0.00207799 40 22 40 45 741 228 181 113
-0.00207774 40 44 40 45 741 228 181 113
-0.00207691 40 66 40 45 741 228 181 113
-0.00191242 60 0 40 45 741 228 181 113
-0.00207733 60 22 40 45 741 228 181 113
-0.00207779 60 44 40 45 741 228 181 113
-0.002074 60 66 40 45 741 228 181 113
-0.0018818 80 0 40 45 741 228 181 113
-0.00207689 80 22 40 45 741 228 181 113
-0.00207715 80 44 40 45 741 228 181 113
-0.00207547 80 66 40 45 741 228 181 113
-0.00207556 100 0 40 45 741 228 181 113
-0.00207598 100 22 40 45 741 228 181 113
-0.00207259 100 44 40 45 741 228 181 113
-0.00207763 100 66 40 45 741 228 181 113
-0.00207747 120 0 40 45 741 228 181 113
-0.0020775 120 22 40 45 741 228 181 113
-0.00207673 120 44 40 45 741 228 181 113
-0.00207516 120 66 40 45 741 228 181 113
-0.00207653 140 0 40 45 741 228 181 113
-0.00207483 140 22 40 45 741 228 181 113
-0.00207599 140 44 40 45 741 228 181 113
-0.0020681 140 66 40 45 741 228 181 113
-0.00207388 0 0 40 45 741 228 181 113
-0.00207785 0 22 40 45 741 228 181 113
-0.00207666 0 44 40 45 741 228 181 113
-0.00207749 0 66 40 45 741 228 181 113
-0.00177284 20 0 40 45 741 228 181 113
-0.00207801 20 22 40 45 741 228 181 113
-0.00207728 20 44 40 45 741 228 181 113
-0.00207364 20 66 40 45 741 228 181 113
-0.00207558 40 0 40 45 741 228 181 113
-0.00207782 40 22 40 45 741 228 181 113
-0.00207765 40 44 40 45 741 228 181 113
-0.00172432 40 66 40 45 741 228 181 113
-0.0020758 60 0 40 45 741 228 181 113
-0.00207768 60 22 40 45 741 228 181 113
-0.0020778 60 44 40 45 741 228 181 113
-0.00207661 60 66 40 45 741 228 181 113
-0.00207713 80 0 40 45 741 228 181 113
-0.00207797 80 22 40 45 741 228 181 113
-0.00207709 80 44 40 45 741 228 181 113
-0.00207609 80 66 40 45 741 228 181 113
-0.00207784 100 0 40 45 741 228 181 113
-0.00207646 100 22 40 45 741 228 181 113
-0.0020761 100 44 40 45 741 228 181 113
-0.00207492 100 66 40 45 741 228 181 113
-0.00207558 120 0 40 45 741 228 181 113
-0.00207732 120 22 40 45 741 228 181 113
-0.00207635 120 44 40 45 741 228 181 113
-0.0020746 120 66 40 45 741 228 181 113
-0.00207656 140 0 40 45 741 228 181 113
-0.00207344 140 22 40 45 741 228 181 113
-0.00207525 140 44 40 45 741 228 181 113
-0.0020742 140 66 40 45 741 228 181 113
-0.00207769 0 0 40 45 741 228 181 113
-0.00207668 0 22 40 45 741 228 181 113
-0.0020775 0 44 40 45 741 228 181 113
-0.00207773 0 66 40 45 741 228 181 113
-0.00207615 20 0 40 45 741 228 181 113
-0.00207777 20 22 40 45 741 228 181 113
-0.00207739 20 44 40 45 741 228 181 113
-0.00207652 20 66 40 45 741 228 181 113
-0.00207778 40 0 40 45 741 228 181 113
-0.00207794 40 22 40 45 741 228 181 113
-0.00207739 40 44 40 45 741 228 181 113
-0.00207738 40 66 40 45 741 228 181 113
-0.00207776 60 0 40 45 741 228 181 113
-0.00207741 60 22 40 45 741 228 181 113
-0.00207745 60 44 40 45 741 228 181 113
-0.0020741 60 66 40 45 741 228 181 113
-0.00207681 80 0 40 45 741 228 181 113
-0.00207798 80 22 40 45 741 228 181 113
-0.0020766 80 44 40 45 741 228 181 113
-0.00207694 80 66 40 45 741 228 181 113
-0.00207559 100 0 40 45 741 228 181 113
-0.00207776 100 22 40 45 741 228 181 113
-0.00207753 100 44 40 45 741 228 181 113
-0.00207758 100 66 40 45 741 228 181 113
-0.00207771 120 0 40 45 741 228 181 113
-0.00207776 120 22 40 45 741 228 181 113
-0.0020779 120 44 40 45 741 228 181 113
-0.00207653 120 66 40 45 741 228 181 113
-0.00207756 140 0 40 45 741 228 181 113
-0.00207581 140 22 40 45 741 228 181 113
-0.00207774 140 44 40 45 741 228 181 113
-0.0167892 140 66 40 45 741 228 181 113
-0.00207774 0 0 40 45 741 228 181 113
-0.00207773 0 22 40 45 741 228 181 113
-0.00207396 0 44 40 45 741 228 181 113
-0.00207504 0 66 40 45 741 228 181 113
-0.00207661 20 0 40 45 741 228 181 113
-0.00207781 20 22 40 45 741 228 181 113
-0.00206803 20 44 40 45 741 228 181 113
-0.00203691 20 66 40 45 741 228 181 113
-0.0020778 40 0 40 45 741 228 181 113
-0.00207759 40 22 40 45 741 228 181 113
-0.00206841 40 44 40 45 741 228 181 113
-0.00207645 40 66 40 45 741 228 181 113
-0.00207708 60 0 40 45 741 228 181 113
-0.00207492 60 22 40 45 741 228 181 113
-0.00207406 60 44 40 45 741 228 181 113
-0.00207414 60 66 40 45 741 228 181 113
-0.00207761 80 0 40 45 741 228 181 113
-0.00207728 80 22 40 45 741 228 181 113
-0.00207545 80 44 40 45 741 228 181 113
-0.00207686 80 66 40 45 741 228 181 113
-0.0020777 100 0 40 45 741 228 181 113
-0.00207321 100 22 40 45 741 228 181 113
-0.00207702 100 44 40 45 741 228 181 113
-0.00207791 100 66 40 45 741 228 181 113
-0.00207737 120 0 40 45 741 228 181 113
-0.00207608 120 22 40 45 741 228 181 113
-0.00207798 120 44 40 45 741 228 181 113
-0.00207765 120 66 40 45 741 228 181 113
-0.00207787 140 0 40 45 741 228 181 113
-0.00207667 140 22 40 45 741 228 181 113
-0.00207795 140 44 40 45 741 228 181 113
-0.00207335 140 66 40 45 741 228 181 113
-0.00206878 0 0 40 45 741 228 181 113
-0.00207727 0 22 40 45 741 228 181 113
-0.00207792 0 44 40 45 741 228 181 113
-0.00207788 0 66 40 45 741 228 181 113
-0.0020734 20 0 40 45 741 228 181 113
-0.00207769 20 22 40 45 741 228 181 113
-0.0020777 20 44 40 45 741 228 181 113
-0.00207379 20 66 40 45 741 228 181 113
-0.0020754 40 0 40 45 741 228 181 113
-0.00207705 40 22 40 45 741 228 181 113
-0.00207788 40 44 40 45 741 228 181 113
-0.00207563 40 66 40 45 741 228 181 113
-0.00207704 60 0 40 45 741 228 181 113
-0.00207561 60 22 40 45 741 228 181 113
-0.00207791 60 44 40 45 741 228 181 113
-0.00207638 60 66 40 45 741 228 181 113
-0.00207787 80 0 40 45 741 228 181 113
-0.0020779 80 22 40 45 741 228 181 113
-0.00207769 80 44 40 45 741 228 181 113
-0.0020776 80 66 40 45 741 228 181 113
-0.00207676 100 0 40 45 741 228 181 113
-0.0020773 100 22 40 45 741 228 181 113
-0.00207769 100 44 40 45 741 228 181 113
-0.00207756 100 66 40 45 741 228 181 113
-0.00207661 120 0 40 45 741 228 181 113
-0.00207758 120 22 40 45 741 228 181 113
-0.00207738 120 44 40 45 741 228 181 113
-0.00207739 120 66 40 45 741 228 181 113
-0.0020767 140 0 40 45 741 228 181 113
-0.00207764 140 22 40 45 741 228 181 113
-0.00207797 140 44 40 45 741 228 181 113
-0.00207773 140 66 40 45 741 228 181 113
-0.00206823 0 0 40 45 741 228 181 113
-0.00207788 0 22 40 45 741 228 181 113
-0.00207764 0 44 40 45 741 228 181 113
-0.00207743 0 66 40 45 741 228 181 113
-0.00116791 20 0 40 45 741 228 181 113
-0.002078 20 22 40 45 741 228 181 113
-0.00207749 20 44 40 45 741 228 181 113
-0.0020722 20 66 40 45 741 228 181 113
-0.00206969 40 0 40 45 741 228 181 113
-0.00207789 40 22 40 45 741 228 181 113
-0.00207786 40 44 40 45 741 228 181 113
-0.00207717 40 66 40 45 741 228 181 113
-0.00206724 60 0 40 45 741 228 181 113
-0.00207616 60 22 40 45 741 228 181 113
-0.00207786 60 44 40 45 741 228 181 113
-0.00207303 60 66 40 45 741 228 181 113
-0.00207239 80 0 40 45 741 228 181 113
-0.00207718 80 22 40 45 741 228 181 113
-0.00207768 80 44 40 45 741 228 181 113
-0.00207645 80 66 40 45 741 228 181 113
-0.00207713 100 0 40 45 741 228 181 113
-0.00207736 100 22 40 45 741 228 181 113
-0.00207685 100 44 40 45 741 228 181 113
-0.00207779 100 66 40 45 741 228 181 113
-0.00207744 120 0 40 45 741 228 181 113
-0.00207691 120 22 40 45 741 228 181 113
-0.00207727 120 44 40 45 741 228 181 113
-0.00207647 120 66 40 45 741 228 181 113
-0.00207717 140 0 40 45 741 228 181 113
-0.00207728 140 22 40 45 741 228 181 113
-0.00207524 140 44 40 45 741 228 181 113
-0.00207657 140 66 40 45 741 228 181 113
-0.00207565 0 0 60 56 741 228 181 113
-0.0017406 0 28 60 56 741 228 181 113
-0.00207658 0 56 60 56 741 228 181 113
-0.00207754 30 0 60 56 741 228 181 113
-0.00207786 30 28 60 56 741 228 181 113
-0.00207554 30 56 60 56 741 228 181 113
-0.00207711 60 0 60 56 741 228 181 113
-0.00207702 60 28 60 56 741 228 181 113
-0.00207585 60 56 60 56 741 228 181 113
-0.00207284 90 0 60 56 741 228 181 113
-0.0020773 90 28 60 56 741 228 181 113
-0.00207634 90 56 60 56 741 228 181 113
-0.00207614 120 0 60 56 741 228 181 113
-0.00207789 120 28 60 56 741 228 181 113
-0.00207486 120 56 60 56 741 228 181 113
-0.00207765 0 0 60 56 741 228 181 113
-0.00207533 0 28 60 56 741 228 181 113
-0.00207517 0 56 60 56 741 228 181 113
-0.00207767 30 0 60 56 741 228 181 113
-0.00207038 30 28 60 56 741 228 181 113
-0.00207687 30 56 60 56 741 228 181 113
-0.00207755 60 0 60 56 741 228 181 113
-0.00207137 60 28 60 56 741 228 181 113
-0.00207475 60 56 60 56 741 228 181 113
-0.00207603 90 0 60 56 741 228 181 113
-0.00207688 90 28 60 56 741 228 181 113
-0.00207685 90 56 60 56 741 228 181 113
-0.0020752 120 0 60 56 741 228 181 113
-0.00207708 120 28 60 56 741 228 181 113
-0.0020699 120 56 60 56 741 228 181 113
-0.00207404 0 0 60 56 741 228 181 113
-0.00207587 0 28 60 56 741 228 181 113
-0.00207744 0 56 60 56 741 228 181 113
-0.000943801 30 0 60 56 741 228 181 113
-0.00195926 30 28 60 56 741 228 181 113
-0.00206736 30 56 60 56 741 228 181 113
-0.00113076 60 0 60 56 741 228 181 113
-0.00125319 60 28 60 56 741 228 181 113
-0.00206997 60 56 60 56 741 228 181 113
-0.000979458 90 0 60 56 741 228 181 113
-0.0020685 90 28 60 56 741 228 181 113
-0.00175685 90 56 60 56 741 228 181 113
-0.00207438 120 0 60 56 741 228 181 113
-0.00207755 120 28 60 56 741 228 181 113
-0.00207455 120 56 60 56 741 228 181 113
-0.00207548 0 0 60 56 741 228 181 113
-0.0018047 0 28 60 56 741 228 181 113
-0.00207597 0 56 60 56 741 228 181 113
-0.00207622 30 0 60 56 741 228 181 113
-0.00162714 30 28 60 56 741 228 181 113
-0.00167575 30 56 60 56 741 228 181 113
-0.00207609 60 0 60 56 741 228 181 113
-0.00130549 60 28 60 56 741 228 181 113
-0.00207223 60 56 60 56 741 228 181 113
-0.00207531 90 0 60 56 741 228 181 113
-0.00111175 90 28 60 56 741 228 181 113
-0.00169208 90 56 60 56 741 228 181 113
-0.00207397 120 0 60 56 741 228 181 113
-0.00207559 120 28 60 56 741 228 181 113
-0.0020734 120 56 60 56 741 228 181 113
-0.00207707 0 0 60 56 741 228 181 113
-0.00207755 0 28 60 56 741 228 181 113
-0.00183593 0 56 60 56 741 228 181 113
-0.00207018 30 0 60 56 741 228 181 113
-0.00207782 30 28 60 56 741 228 181 113
-0.00207501 30 56 60 56 741 228 181 113
-0.00147796 60 0 60 56 741 228 181 113
-0.00207768 60 28 60 56 741 228 181 113
-0.00207621 60 56 60 56 741 228 181 113
-0.0020761 90 0 60 56 741 228 181 113
-0.00207715 90 28 60 56 741 228 181 113
-0.00207596 90 56 60 56 741 228 181 113
-0.00207636 120 0 60 56 741 228 181 113
-0.00207515 120 28 60 56 741 228 181 113
-0.0011494 120 56 60 56 741 228 181 113
-0.00207744 0 0 60 56 741 228 181 113
-0.00207747 0 28 60 56 741 228 181 113
-0.00207698 0 56 60 56 741 228 181 113
-0.00206949 30 0 60 56 741 228 181 113
-0.00207791 30 28 60 56 741 228 181 113
-0.00207376 30 56 60 56 741 228 181 113
-0.00207658 60 0 60 56 741 228 181 113
-0.00207775 60 28 60 56 741 228 181 113
-0.00207267 60 56 60 56 741 228 181 113
-0.0020769 90 0 60 56 741 228 181 113
-0.00207762 90 28 60 56 741 228 181 113
-0.00207645 90 56 60 56 741 228 181 113
-0.00207429 120 0 60 56 741 228 181 113
-0.00207529 120 28 60 56 741 228 181 113
-0.00207423 120 56 60 56 741 228 181 113
-0.00207558 0 0 60 56 741 228 181 113
-0.00207683 0 28 60 56 741 228 181 113
-0.00207749 0 56 60 56 741 228 181 113
-0.00207788 30 0 60 56 741 228 181 113
-0.00207789 30 28 60 56 741 228 181 113
-0.00207197 30 56 60 56 741 228 181 113
-0.00207593 60 0 60 56 741 228 181 113
-0.00207745 60 28 60 56 741 228 181 113
-0.00207579 60 56 60 56 741 228 181 113
-0.00207372 90 0 60 56 741 228 181 113
-0.00207791 90 28 60 56 741 228 181 113
-0.00207715 90 56 60 56 741 228 181 113
-0.00207717 120 0 60 56 741 228 181 113
-0.00207795 120 28 60 56 741 228 181 113
-0.00207152 120 56 60 56 741 228 181 113
-0.0020747 0 0 60 56 741 228 181 113
-0.00207705 0 28 60 56 741 228 181 113
-0.00207366 0 56 60 56 741 228 181 113
-0.00207761 30 0 60 56 741 228 181 113
-0.00207689 30 28 60 56 741 228 181 113
-0.00164332 30 56 60 56 741 228 181 113
-0.00207737 60 0 60 56 741 228 181 113
-0.00207412 60 28 60 56 741 228 181 113
-0.00206723 60 56 60 56 741 228 181 113
-0.00207655 90 0 60 56 741 228 181 113
-0.00207522 90 28 60 56 741 228 181 113
-0.00207735 90 56 60 56 741 228 181 113
-0.00207723 120 0 60 56 741 228 181 113
-0.00207796 120 28 60 56 741 228 181 113
-0.00207735 120 56 60 56 741 228 181 113
-0.00207283 0 0 60 56 741 228 181 113
-0.00207444 0 28 60 56 741 228 181 113
-0.00207701 0 56 60 56 741 228 181 113
-0.00207349 30 0 60 56 741 228 181 113
-0.00207776 30 28 60 56 741 228 181 113
-0.00207648 30 56 60 56 741 228 181 113
-0.00207774 60 0 60 56 741 228 181 113
-0.00207725 60 28 60 56 741 228 181 113
-0.00207734 60 56 60 56 741 228 181 113
-0.0020737 90 0 60 56 741 228 181 113
-0.00207761 90 28 60 56 741 228 181 113
-0.00207778 90 56 60 56 741 228 181 113
-0.00207494 120 0 60 56 741 228 181 113
-0.0020778 120 28 60 56 741 228 181 113
-0.0020776 120 56 60 56 741 228 181 113
-0.00207541 0 0 60 56 741 228 181 113
-0.00207772 0 28 60 56 741 228 181 113
-0.00206904 0 56 60 56 741 228 181 113
-0.00137595 30 0 60 56 741 228 181 113
-0.00207791 30 28 60 56 741 228 181 113
-0.00207539 30 56 60 56 741 228 181 113
-0.00207103 60 0 60 56 741 228 181 113
-0.00207761 60 28 60 56 741 228 181 113
-0.00207644 60 56 60 56 741 228 181 113
-0.00207618 90 0 60 56 741 228 181 113
-0.0020742 90 28 60 56 741 228 181 113
-0.00207747 90 56 60 56 741 228 181 113
-0.00207703 120 0 60 56 741 228 181 113
-0.00207773 120 28 60 56 741 228 181 113
-0.00207348 120 56 60 56 741 228 181 113
-0.00207717 0 0 120 75 741 228 181 113
-0.00207448 0 37 120 75 741 228 181 113
-0.0020767 60 0 120 75 741 228 181 113
-0.00207408 60 37 120 75 741 228 181 113
-0.00207574 0 0 120 75 741 228 181 113
-0.0013232 0 37 120 75 741 228 181 113
-0.00207577 60 0 120 75 741 228 181 113
-0.00207249 60 37 120 75 741 228 181 113
-0.00206915 0 0 120 75 741 228 181 113
-0.0020728 0 37 120 75 741 228 181 113
-0.00206924 60 0 120 75 741 228 181 113
-0.00207487 60 37 120 75 741 228 181 113
-0.00207088 0 0 120 75 741 228 181 113
-0.000958155 0 37 120 75 741 228 181 113
-0.00207279 60 0 120 75 741 228 181 113
-0.00135833 60 37 120 75 741 228 181 113
-0.00207776 0 0 120 75 741 228 181 113
-0.00207155 0 37 120 75 741 228 181 113
-0.0020746 60 0 120 75 741 228 181 113
-0.00207329 60 37 120 75 741 228 181 113
-0.00207799 0 0 120 75 741 228 181 113
-0.00207322 0 37 120 75 741 228 181 113
-0.00207641 60 0 120 75 741 228 181 113
-0.00207423 60 37 120 75 741 228 181 113
-0.0020766 0 0 120 75 741 228 181 113
-0.00207694 0 37 120 75 741 228 181 113
-0.00207769 60 0 120 75 741 228 181 113
-0.00207407 60 37 120 75 741 228 181 113
-0.00207632 0 0 120 75 741 228 181 113
-0.00207123 0 37 120 75 741 228 181 113
-0.002076 60 0 120 75 741 228 181 113
-0.00207661 60 37 120 75 741 228 181 113
-0.00207741 0 0 120 75 741 228 181 113
-0.00207606 0 37 120 75 741 228 181 113
-0.00207703 60 0 120 75 741 228 181 113
-0.00207662 60 37 120 75 741 228 181 113
-0.00207747 0 0 120 75 741 228 181 113
-0.00207304 0 37 120 75 741 228 181 113
-0.00207661 60 0 120 75 741 228 181 113
-0.00207281 60 37 120 75 741 228 181 113
-0.00207449 0 0 181 113 741 228 181 113
-0.00207098 0 0 181 113 741 228 181 113
-0.00206858 0 0 181 113 741 228 181 113
-0.00189692 0 0 181 113 741 228 181 113
-0.00207105 0 0 181 113 741 228 181 113
-0.00207066 0 0 181 113 741 228 181 113
-0.00207361 0 0 181 113 741 228 181 113
-0.00207695 0 0 181 113 741 228 181 113
-0.00207598 0 0 181 113 741 228 181 113
-0.00207274 0 0 181 113 741 228 181 113
