-0.00276146 0 0 29 28 628 264 149 113
-0.00276526 0 14 29 28 628 264 149 113
-0.00276495 0 28 29 28 628 264 149 113
-0.00276392 0 42 29 28 628 264 149 113
-0.00276443 0 56 29 28 628 264 149 113
-0.00276447 0 70 29 28 628 264 149 113
-0.00276459 0 84 29 28 628 264 149 113
-0.00276525 14 0 29 28 628 264 149 113
-0.00276504 14 14 29 28 628 264 149 113
-0.00276386 14 28 29 28 628 264 149 113
-0.00237208 14 42 29 28 628 264 149 113
-0.00217038 14 56 29 28 628 264 149 113
-0.00276038 14 70 29 28 628 264 149 113
-0.00276091 14 84 29 28 628 264 149 113
-0.00276508 28 0 29 28 628 264 149 113
-0.00276402 28 14 29 28 628 264 149 113
-0.00275633 28 28 29 28 628 264 149 113
-0.00275395 28 42 29 28 628 264 149 113
-0.00275915 28 56 29 28 628 264 149 113
-0.00276083 28 70 29 28 628 264 149 113
-0.00275726 28 84 29 28 628 264 149 113
-0.00276453 42 0 29 28 628 264 149 113
-0.0027576 42 14 29 28 628 264 149 113
-0.00275684 42 28 29 28 628 264 149 113
-0.00276295 42 42 29 28 628 264 149 113
-0.00275765 42 56 29 28 628 264 149 113
-0.00276332 42 70 29 28 628 264 149 113
-0.00275348 42 84 29 28 628 264 149 113
-0.00276396 56 0 29 28 628 264 149 113
-0.00275293 56 14 29 28 628 264 149 113
-0.00275936 56 28 29 28 628 264 149 113
-0.00276179 56 42 29 28 628 264 149 113
-0.00276244 56 56 29 28 628 264 149 113
-0.00276126 56 70 29 28 628 264 149 113
-0.00276239 56 84 29 28 628 264 149 113
-0.00276456 70 0 29 28 628 264 149 113
-0.002757 70 14 29 28 628 264 149 113
-0.00276037 70 28 29 28 628 264 149 113
-0.00275819 70 42 29 28 628 264 149 113
-0.00276204 70 56 29 28 628 264 149 113
-0.00275745 70 70 29 28 628 264 149 113
-0.00276387 70 84 29 28 628 264 149 113
-0.00276512 84 0 29 28 628 264 149 113
-0.00276386 84 14 29 28 628 264 149 113
-0.00275721 84 28 29 28 628 264 149 113
-0.00275572 84 42 29 28 628 264 149 113
-0.00276008 84 56 29 28 628 264 149 113
-0.00276015 84 70 29 28 628 264 149 113
-0.00276386 84 84 29 28 628 264 149 113
-0.00276514 98 0 29 28 628 264 149 113
-0.00276501 98 14 29 28 628 264 149 113
-0.0027642 98 28 29 28 628 264 149 113
-0.00275884 98 42 29 28 628 264 149 113
-0.00276249 98 56 29 28 628 264 149 113
-0.0027591 98 70 29 28 628 264 149 113
-0.00276455 98 84 29 28 628 264 149 113
-0.00276147 112 0 29 28 628 264 149 113
-0.0027652 112 14 29 28 628 264 149 113
-0.00276499 112 28 29 28 628 264 149 113
-0.00276384 112 42 29 28 628 264 149 113
-0.00276288 112 56 29 28 628 264 149 113
-0.00276269 112 70 29 28 628 264 149 113
-0.00276501 112 84 29 28 628 264 149 113
-0.00173897 0 0 29 28 628 264 149 113
-0.00276406 0 14 29 28 628 264 149 113
-0.00276491 0 28 29 28 628 264 149 113
-0.00276393 0 42 29 28 628 264 149 113
-0.00276367 0 56 29 28 628 264 149 113
-0.00276446 0 70 29 28 628 264 149 113
-0.00276404 0 84 29 28 628 264 149 113
-0.00276443 14 0 29 28 628 264 149 113
-0.00276516 14 14 29 28 628 264 149 113
-0.00276487 14 28 29 28 628 264 149 113
-0.00276072 14 42 29 28 628 264 149 113
-0.00275854 14 56 29 28 628 264 149 113
-0.0027632 14 70 29 28 628 264 149 113
-0.00276463 14 84 29 28 628 264 149 113
-0.00276523 28 0 29 28 628 264 149 113
-0.00276501 28 14 29 28 628 264 149 113
-0.00276439 28 28 29 28 628 264 149 113
-0.00276134 28 42 29 28 628 264 149 113
-0.00276056 28 56 29 28 628 264 149 113
-0.00275116 28 70 29 28 628 264 149 113
-0.00276428 28 84 29 28 628 264 149 113
-0.00276515 42 0 29 28 628 264 149 113
-0.00276362 42 14 29 28 628 264 149 113
-0.00275735 42 28 29 28 628 264 149 113
-0.00275639 42 42 29 28 628 264 149 113
-0.00235026 42 56 29 28 628 264 149 113
-0.00239394 42 70 29 28 628 264 149 113
-0.00276473 42 84 29 28 628 264 149 113
-0.00276512 56 0 29 28 628 264 149 113
-0.00276172 56 14 29 28 628 264 149 113
-0.00137548 56 28 29 28 628 264 149 113
-0.00122873 56 42 29 28 628 264 149 113
-0.00135373 56 56 29 28 628 264 149 113
-0.00276151 56 70 29 28 628 264 149 113
-0.00276491 56 84 29 28 628 264 149 113
-0.00276514 70 0 29 28 628 264 149 113
-0.00276354 70 14 29 28 628 264 149 113
-0.00275799 70 28 29 28 628 264 149 113
-0.00243699 70 42 29 28 628 264 149 113
-0.00114254 70 56 29 28 628 264 149 113
-0.00276349 70 70 29 28 628 264 149 113
-0.00276501 70 84 29 28 628 264 149 113
-0.0027651 84 0 29 28 628 264 149 113
-0.00276473 84 14 29 28 628 264 149 113
-0.00276355 84 28 29 28 628 264 149 113
-0.00276122 84 42 29 28 628 264 149 113
-0.00104625 84 56 29 28 628 264 149 113
-0.00276379 84 70 29 28 628 264 149 113
-0.0027651 84 84 29 28 628 264 149 113
-0.00276422 98 0 29 28 628 264 149 113
-0.00276508 98 14 29 28 628 264 149 113
-0.00276467 98 28 29 28 628 264 149 113
-0.00276366 98 42 29 28 628 264 149 113
-0.00273085 98 56 29 28 628 264 149 113
-0.00276455 98 70 29 28 628 264 149 113
-0.00276513 98 84 29 28 628 264 149 113
-0.00276023 112 0 29 28 628 264 149 113
-0.00276442 112 14 29 28 628 264 149 113
-0.00276506 112 28 29 28 628 264 149 113
-0.00276425 112 42 29 28 628 264 149 113
-0.0027631 112 56 29 28 628 264 149 113
-0.0027651 112 70 29 28 628 264 149 113
-0.00276477 112 84 29 28 628 264 149 113
-0.00107576 0 0 29 28 628 264 149 113
-0.0027634 0 14 29 28 628 264 149 113
-0.00276446 0 28 29 28 628 264 149 113
-0.0027617 0 42 29 28 628 264 149 113
-0.00276347 0 56 29 28 628 264 149 113
-0.00276392 0 70 29 28 628 264 149 113
-0.00275888 0 84 29 28 628 264 149 113
-0.00276357 14 0 29 28 628 264 149 113
-0.00276492 14 14 29 28 628 264 149 113
-0.00276469 14 28 29 28 628 264 149 113
-0.00276213 14 42 29 28 628 264 149 113
-0.00276271 14 56 29 28 628 264 149 113
-0.00276396 14 70 29 28 628 264 149 113
-0.00276365 14 84 29 28 628 264 149 113
-0.00276508 28 0 29 28 628 264 149 113
-0.00276502 28 14 29 28 628 264 149 113
-0.00276449 28 28 29 28 628 264 149 113
-0.00276302 28 42 29 28 628 264 149 113
-0.00275988 28 56 29 28 628 264 149 113
-0.00275903 28 70 29 28 628 264 149 113
-0.00276369 28 84 29 28 628 264 149 113
-0.00276516 42 0 29 28 628 264 149 113
-0.00276382 42 14 29 28 628 264 149 113
-0.00276113 42 28 29 28 628 264 149 113
-0.00275301 42 42 29 28 628 264 149 113
-0.00128268 42 56 29 28 628 264 149 113
-0.0026706 42 70 29 28 628 264 149 113
-0.00276349 42 84 29 28 628 264 149 113
-0.00276515 56 0 29 28 628 264 149 113
-0.0027625 56 14 29 28 628 264 149 113
-0.00184012 56 28 29 28 628 264 149 113
-0.00106051 56 42 29 28 628 264 149 113
-0.00117195 56 56 29 28 628 264 149 113
-0.00275964 56 70 29 28 628 264 149 113
-0.0027642 56 84 29 28 628 264 149 113
-0.00276518 70 0 29 28 628 264 149 113
-0.00276411 70 14 29 28 628 264 149 113
-0.00275483 70 28 29 28 628 264 149 113
-0.00203326 70 42 29 28 628 264 149 113
-0.00275735 70 56 29 28 628 264 149 113
-0.00276286 70 70 29 28 628 264 149 113
-0.00276445 70 84 29 28 628 264 149 113
-0.00276506 84 0 29 28 628 264 149 113
-0.00276498 84 14 29 28 628 264 149 113
-0.00276397 84 28 29 28 628 264 149 113
-0.00276153 84 42 29 28 628 264 149 113
-0.00275869 84 56 29 28 628 264 149 113
-0.00276279 84 70 29 28 628 264 149 113
-0.0027639 84 84 29 28 628 264 149 113
-0.00276394 98 0 29 28 628 264 149 113
-0.00276486 98 14 29 28 628 264 149 113
-0.002765 98 28 29 28 628 264 149 113
-0.00276336 98 42 29 28 628 264 149 113
-0.00171368 98 56 29 28 628 264 149 113
-0.00276258 98 70 29 28 628 264 149 113
-0.00276284 98 84 29 28 628 264 149 113
-0.00275967 112 0 29 28 628 264 149 113
-0.00275842 112 14 29 28 628 264 149 113
-0.00276461 112 28 29 28 628 264 149 113
-0.0027645 112 42 29 28 628 264 149 113
-0.00275419 112 56 29 28 628 264 149 113
-0.00276387 112 70 29 28 628 264 149 113
-0.00276183 112 84 29 28 628 264 149 113
-0.0027569 0 0 29 28 628 264 149 113
-0.00212496 0 14 29 28 628 264 149 113
-0.00111125 0 28 29 28 628 264 149 113
-0.00149924 0 42 29 28 628 264 149 113
-0.00168852 0 56 29 28 628 264 149 113
-0.00275244 0 70 29 28 628 264 149 113
-0.00214755 0 84 29 28 628 264 149 113
-0.00276331 14 0 29 28 628 264 149 113
-0.00275309 14 14 29 28 628 264 149 113
-0.00130775 14 28 29 28 628 264 149 113
-0.00275881 14 42 29 28 628 264 149 113
-0.0027607 14 56 29 28 628 264 149 113
-0.00276141 14 70 29 28 628 264 149 113
-0.00275949 14 84 29 28 628 264 149 113
-0.0027638 28 0 29 28 628 264 149 113
-0.00276357 28 14 29 28 628 264 149 113
-0.00276402 28 28 29 28 628 264 149 113
-0.00276423 28 42 29 28 628 264 149 113
-0.00276401 28 56 29 28 628 264 149 113
-0.00276171 28 70 29 28 628 264 149 113
-0.00276109 28 84 29 28 628 264 149 113
-0.00275704 42 0 29 28 628 264 149 113
-0.0027645 42 14 29 28 628 264 149 113
-0.00276477 42 28 29 28 628 264 149 113
-0.00276375 42 42 29 28 628 264 149 113
-0.00276127 42 56 29 28 628 264 149 113
-0.00275959 42 70 29 28 628 264 149 113
-0.00276248 42 84 29 28 628 264 149 113
-0.00276367 56 0 29 28 628 264 149 113
-0.00276196 56 14 29 28 628 264 149 113
-0.00276153 56 28 29 28 628 264 149 113
-0.00245906 56 42 29 28 628 264 149 113
-0.00275432 56 56 29 28 628 264 149 113
-0.00276235 56 70 29 28 628 264 149 113
-0.00276179 56 84 29 28 628 264 149 113
-0.00276354 70 0 29 28 628 264 149 113
-0.00276426 70 14 29 28 628 264 149 113
-0.00276097 70 28 29 28 628 264 149 113
-0.00265027 70 42 29 28 628 264 149 113
-0.00276112 70 56 29 28 628 264 149 113
-0.00276282 70 70 29 28 628 264 149 113
-0.00275999 70 84 29 28 628 264 149 113
-0.00258809 84 0 29 28 628 264 149 113
-0.00276374 84 14 29 28 628 264 149 113
-0.00276312 84 28 29 28 628 264 149 113
-0.00275824 84 42 29 28 628 264 149 113
-0.00275993 84 56 29 28 628 264 149 113
-0.00276215 84 70 29 28 628 264 149 113
-0.00276084 84 84 29 28 628 264 149 113
-0.00276343 98 0 29 28 628 264 149 113
-0.00275672 98 14 29 28 628 264 149 113
-0.00276346 98 28 29 28 628 264 149 113
-0.00275795 98 42 29 28 628 264 149 113
-0.00275761 98 56 29 28 628 264 149 113
-0.00276165 98 70 29 28 628 264 149 113
-0.00276187 98 84 29 28 628 264 149 113
-0.00276191 112 0 29 28 628 264 149 113
-0.00275389 112 14 29 28 628 264 149 113
-0.00275963 112 28 29 28 628 264 149 113
-0.00276051 112 42 29 28 628 264 149 113
-0.00276192 112 56 29 28 628 264 149 113
-0.00276309 112 70 29 28 628 264 149 113
-0.0027633 112 84 29 28 628 264 149 113
-0.00276447 0 0 29 28 628 264 149 113
-0.00276517 0 14 29 28 628 264 149 113
-0.00276509 0 28 29 28 628 264 149 113
-0.00276358 0 42 29 28 628 264 149 113
-0.0027607 0 56 29 28 628 264 149 113
-0.00276393 0 70 29 28 628 264 149 113
-0.00276518 0 84 29 28 628 264 149 113
-0.00276509 14 0 29 28 628 264 149 113
-0.00276513 14 14 29 28 628 264 149 113
-0.00276496 14 28 29 28 628 264 149 113
-0.00276454 14 42 29 28 628 264 149 113
-0.00276298 14 56 29 28 628 264 149 113
-0.002765 14 70 29 28 628 264 149 113
-0.00276525 14 84 29 28 628 264 149 113
-0.00276519 28 0 29 28 628 264 149 113
-0.00276487 28 14 29 28 628 264 149 113
-0.00276403 28 28 29 28 628 264 149 113
-0.00276123 28 42 29 28 628 264 149 113
-0.00276196 28 56 29 28 628 264 149 113
-0.00276503 28 70 29 28 628 264 149 113
-0.00276514 28 84 29 28 628 264 149 113
-0.00276511 42 0 29 28 628 264 149 113
-0.00276496 42 14 29 28 628 264 149 113
-0.00276261 42 28 29 28 628 264 149 113
-0.00276412 42 42 29 28 628 264 149 113
-0.002761 42 56 29 28 628 264 149 113
-0.00276436 42 70 29 28 628 264 149 113
-0.00276524 42 84 29 28 628 264 149 113
-0.00276484 56 0 29 28 628 264 149 113
-0.00276511 56 14 29 28 628 264 149 113
-0.00276216 56 28 29 28 628 264 149 113
-0.00276265 56 42 29 28 628 264 149 113
-0.0027619 56 56 29 28 628 264 149 113
-0.00276449 56 70 29 28 628 264 149 113
-0.00276524 56 84 29 28 628 264 149 113
-0.00276495 70 0 29 28 628 264 149 113
-0.00276516 70 14 29 28 628 264 149 113
-0.00276278 70 28 29 28 628 264 149 113
-0.00275896 70 42 29 28 628 264 149 113
-0.0027607 70 56 29 28 628 264 149 113
-0.00276484 70 70 29 28 628 264 149 113
-0.00276511 70 84 29 28 628 264 149 113
-0.00276465 84 0 29 28 628 264 149 113
-0.00276518 84 14 29 28 628 264 149 113
-0.00276433 84 28 29 28 628 264 149 113
-0.00276424 84 42 29 28 628 264 149 113
-0.00276447 84 56 29 28 628 264 149 113
-0.00276507 84 70 29 28 628 264 149 113
-0.00276471 84 84 29 28 628 264 149 113
-0.00276513 98 0 29 28 628 264 149 113
-0.0027649 98 14 29 28 628 264 149 113
-0.00276472 98 28 29 28 628 264 149 113
-0.00276513 98 42 29 28 628 264 149 113
-0.00276513 98 56 29 28 628 264 149 113
-0.00276524 98 70 29 28 628 264 149 113
-0.00276346 98 84 29 28 628 264 149 113
-0.00276432 112 0 29 28 628 264 149 113
-0.0027649 112 14 29 28 628 264 149 113
-0.00276524 112 28 29 28 628 264 149 113
-0.00276522 112 42 29 28 628 264 149 113
-0.00276524 112 56 29 28 628 264 149 113
-0.00276496 112 70 29 28 628 264 149 113
-0.00276281 112 84 29 28 628 264 149 113
-0.00276464 0 0 29 28 628 264 149 113
-0.00276517 0 14 29 28 628 264 149 113
-0.00276501 0 28 29 28 628 264 149 113
-0.00276462 0 42 29 28 628 264 149 113
-0.00276451 0 56 29 28 628 264 149 113
-0.00276353 0 70 29 28 628 264 149 113
-0.00276494 0 84 29 28 628 264 149 113
-0.00276521 14 0 29 28 628 264 149 113
-0.0027651 14 14 29 28 628 264 149 113
-0.00276485 14 28 29 28 628 264 149 113
-0.0027645 14 42 29 28 628 264 149 113
-0.00276466 14 56 29 28 628 264 149 113
-0.00276441 14 70 29 28 628 264 149 113
-0.00276499 14 84 29 28 628 264 149 113
-0.00276515 28 0 29 28 628 264 149 113
-0.00276446 28 14 29 28 628 264 149 113
-0.00276375 28 28 29 28 628 264 149 113
-0.00276219 28 42 29 28 628 264 149 113
-0.00276096 28 56 29 28 628 264 149 113
-0.00276408 28 70 29 28 628 264 149 113
-0.00276514 28 84 29 28 628 264 149 113
-0.00276523 42 0 29 28 628 264 149 113
-0.00276452 42 14 29 28 628 264 149 113
-0.00276239 42 28 29 28 628 264 149 113
-0.00276397 42 42 29 28 628 264 149 113
-0.00276384 42 56 29 28 628 264 149 113
-0.00276388 42 70 29 28 628 264 149 113
-0.00276461 42 84 29 28 628 264 149 113
-0.0027652 56 0 29 28 628 264 149 113
-0.00276482 56 14 29 28 628 264 149 113
-0.00276253 56 28 29 28 628 264 149 113
-0.00276314 56 42 29 28 628 264 149 113
-0.00276319 56 56 29 28 628 264 149 113
-0.00276194 56 70 29 28 628 264 149 113
-0.00276344 56 84 29 28 628 264 149 113
-0.00276518 70 0 29 28 628 264 149 113
-0.00276465 70 14 29 28 628 264 149 113
-0.00276048 70 28 29 28 628 264 149 113
-0.00276227 70 42 29 28 628 264 149 113
-0.00276406 70 56 29 28 628 264 149 113
-0.0027649 70 70 29 28 628 264 149 113
-0.0027651 70 84 29 28 628 264 149 113
-0.00276508 84 0 29 28 628 264 149 113
-0.00276492 84 14 29 28 628 264 149 113
-0.00276376 84 28 29 28 628 264 149 113
-0.0027645 84 42 29 28 628 264 149 113
-0.00276492 84 56 29 28 628 264 149 113
-0.00276498 84 70 29 28 628 264 149 113
-0.00276488 84 84 29 28 628 264 149 113
-0.00276352 98 0 29 28 628 264 149 113
-0.00276519 98 14 29 28 628 264 149 113
-0.00276506 98 28 29 28 628 264 149 113
-0.00276449 98 42 29 28 628 264 149 113
-0.00276467 98 56 29 28 628 264 149 113
-0.00276458 98 70 29 28 628 264 149 113
-0.00276457 98 84 29 28 628 264 149 113
-0.0027549 112 0 29 28 628 264 149 113
-0.00276382 112 14 29 28 628 264 149 113
-0.00276496 112 28 29 28 628 264 149 113
-0.00276517 112 42 29 28 628 264 149 113
-0.00276501 112 56 29 28 628 264 149 113
-0.0027646 112 70 29 28 628 264 149 113
-0.00276501 112 84 29 28 628 264 149 113
-0.00275293 0 0 29 28 628 264 149 113
-0.00276519 0 14 29 28 628 264 149 113
-0.00276518 0 28 29 28 628 264 149 113
-0.00276517 0 42 29 28 628 264 149 113
-0.00276489 0 56 29 28 628 264 149 113
-0.00276523 0 70 29 28 628 264 149 113
-0.00276517 0 84 29 28 628 264 149 113
-0.00276522 14 0 29 28 628 264 149 113
-0.00276503 14 14 29 28 628 264 149 113
-0.00276218 14 28 29 28 628 264 149 113
-0.00276488 14 42 29 28 628 264 149 113
-0.00276509 14 56 29 28 628 264 149 113
-0.00276494 14 70 29 28 628 264 149 113
-0.00276512 14 84 29 28 628 264 149 113
-0.00276503 28 0 29 28 628 264 149 113
-0.00276354 28 14 29 28 628 264 149 113
-0.00276371 28 28 29 28 628 264 149 113
-0.00276427 28 42 29 28 628 264 149 113
-0.00276458 28 56 29 28 628 264 149 113
-0.00276398 28 70 29 28 628 264 149 113
-0.00276476 28 84 29 28 628 264 149 113
-0.00276467 42 0 29 28 628 264 149 113
-0.00276336 42 14 29 28 628 264 149 113
-0.00276423 42 28 29 28 628 264 149 113
-0.00276389 42 42 29 28 628 264 149 113
-0.0027649 42 56 29 28 628 264 149 113
-0.00276448 42 70 29 28 628 264 149 113
-0.0027631 42 84 29 28 628 264 149 113
-0.0027641 56 0 29 28 628 264 149 113
-0.00276466 56 14 29 28 628 264 149 113
-0.00276459 56 28 29 28 628 264 149 113
-0.00276365 56 42 29 28 628 264 149 113
-0.00276517 56 56 29 28 628 264 149 113
-0.00276455 56 70 29 28 628 264 149 113
-0.00276304 56 84 29 28 628 264 149 113
-0.00276283 70 0 29 28 628 264 149 113
-0.00276177 70 14 29 28 628 264 149 113
-0.00276388 70 28 29 28 628 264 149 113
-0.00276088 70 42 29 28 628 264 149 113
-0.00276514 70 56 29 28 628 264 149 113
-0.00276482 70 70 29 28 628 264 149 113
-0.00276485 70 84 29 28 628 264 149 113
-0.00276506 84 0 29 28 628 264 149 113
-0.00276442 84 14 29 28 628 264 149 113
-0.00276262 84 28 29 28 628 264 149 113
-0.00276104 84 42 29 28 628 264 149 113
-0.0027651 84 56 29 28 628 264 149 113
-0.00276488 84 70 29 28 628 264 149 113
-0.00276491 84 84 29 28 628 264 149 113
-0.00276347 98 0 29 28 628 264 149 113
-0.00276507 98 14 29 28 628 264 149 113
-0.00276411 98 28 29 28 628 264 149 113
-0.00276217 98 42 29 28 628 264 149 113
-0.00276503 98 56 29 28 628 264 149 113
-0.00276419 98 70 29 28 628 264 149 113
-0.0027644 98 84 29 28 628 264 149 113
-0.00223858 112 0 29 28 628 264 149 113
-0.00276406 112 14 29 28 628 264 149 113
-0.00276446 112 28 29 28 628 264 149 113
-0.00276514 112 42 29 28 628 264 149 113
-0.0027647 112 56 29 28 628 264 149 113
-0.00276093 112 70 29 28 628 264 149 113
-0.00276479 112 84 29 28 628 264 149 113
-0.00276456 0 0 29 28 628 264 149 113
-0.00276505 0 14 29 28 628 264 149 113
-0.00276498 0 28 29 28 628 264 149 113
-0.00276521 0 42 29 28 628 264 149 113
-0.00276493 0 56 29 28 628 264 149 113
-0.00276523 0 70 29 28 628 264 149 113
-0.00276518 0 84 29 28 628 264 149 113
-0.00276502 14 0 29 28 628 264 149 113
-0.0027645 14 14 29 28 628 264 149 113
-0.00276436 14 28 29 28 628 264 149 113
-0.00276524 14 42 29 28 628 264 149 113
-0.00276524 14 56 29 28 628 264 149 113
-0.00276505 14 70 29 28 628 264 149 113
-0.00276472 14 84 29 28 628 264 149 113
-0.00276514 28 0 29 28 628 264 149 113
-0.00276503 28 14 29 28 628 264 149 113
-0.00276523 28 28 29 28 628 264 149 113
-0.00276489 28 42 29 28 628 264 149 113
-0.00276521 28 56 29 28 628 264 149 113
-0.00276507 28 70 29 28 628 264 149 113
-0.00276392 28 84 29 28 628 264 149 113
-0.00276434 42 0 29 28 628 264 149 113
-0.00276496 42 14 29 28 628 264 149 113
-0.00276496 42 28 29 28 628 264 149 113
-0.00276415 42 42 29 28 628 264 149 113
-0.00276241 42 56 29 28 628 264 149 113
-0.00276517 42 70 29 28 628 264 149 113
-0.00276455 42 84 29 28 628 264 149 113
-0.00276198 56 0 29 28 628 264 149 113
-0.00276435 56 14 29 28 628 264 149 113
-0.00276519 56 28 29 28 628 264 149 113
-0.0027639 56 42 29 28 628 264 149 113
-0.00276476 56 56 29 28 628 264 149 113
-0.00276502 56 70 29 28 628 264 149 113
-0.00276453 56 84 29 28 628 264 149 113
-0.00276496 70 0 29 28 628 264 149 113
-0.00276445 70 14 29 28 628 264 149 113
-0.00276495 70 28 29 28 628 264 149 113
-0.00276473 70 42 29 28 628 264 149 113
-0.0027652 70 56 29 28 628 264 149 113
-0.00276492 70 70 29 28 628 264 149 113
-0.00276471 70 84 29 28 628 264 149 113
-0.00276518 84 0 29 28 628 264 149 113
-0.00276518 84 14 29 28 628 264 149 113
-0.00276502 84 28 29 28 628 264 149 113
-0.00276499 84 42 29 28 628 264 149 113
-0.00276518 84 56 29 28 628 264 149 113
-0.00276452 84 70 29 28 628 264 149 113
-0.00276241 84 84 29 28 628 264 149 113
-0.00276097 98 0 29 28 628 264 149 113
-0.00276416 98 14 29 28 628 264 149 113
-0.0027652 98 28 29 28 628 264 149 113
-0.00276398 98 42 29 28 628 264 149 113
-0.00276419 98 56 29 28 628 264 149 113
-0.00276414 98 70 29 28 628 264 149 113
-0.0027646 98 84 29 28 628 264 149 113
-0.00276319 112 0 29 28 628 264 149 113
-0.0027648 112 14 29 28 628 264 149 113
-0.0027651 112 28 29 28 628 264 149 113
-0.0027641 112 42 29 28 628 264 149 113
-0.0027626 112 56 29 28 628 264 149 113
-0.00276459 112 70 29 28 628 264 149 113
-0.00276512 112 84 29 28 628 264 149 113
-0.00276034 0 0 29 28 628 264 149 113
-0.002765 0 14 29 28 628 264 149 113
-0.00276509 0 28 29 28 628 264 149 113
-0.00276436 0 42 29 28 628 264 149 113
-0.0027648 0 56 29 28 628 264 149 113
-0.00276492 0 70 29 28 628 264 149 113
-0.00276465 0 84 29 28 628 264 149 113
-0.00276396 14 0 29 28 628 264 149 113
-0.00276517 14 14 29 28 628 264 149 113
-0.0027649 14 28 29 28 628 264 149 113
-0.00276393 14 42 29 28 628 264 149 113
-0.00276422 14 56 29 28 628 264 149 113
-0.00276467 14 70 29 28 628 264 149 113
-0.00276054 14 84 29 28 628 264 149 113
-0.00276482 28 0 29 28 628 264 149 113
-0.00276496 28 14 29 28 628 264 149 113
-0.00276437 28 28 29 28 628 264 149 113
-0.00276482 28 42 29 28 628 264 149 113
-0.00276515 28 56 29 28 628 264 149 113
-0.00276508 28 70 29 28 628 264 149 113
-0.00276482 28 84 29 28 628 264 149 113
-0.0027651 42 0 29 28 628 264 149 113
-0.00276481 42 14 29 28 628 264 149 113
-0.0027632 42 28 29 28 628 264 149 113
-0.0027634 42 42 29 28 628 264 149 113
-0.00276491 42 56 29 28 628 264 149 113
-0.00276471 42 70 29 28 628 264 149 113
-0.00276525 42 84 29 28 628 264 149 113
-0.00276455 56 0 29 28 628 264 149 113
-0.00276392 56 14 29 28 628 264 149 113
-0.00276348 56 28 29 28 628 264 149 113
-0.00276254 56 42 29 28 628 264 149 113
-0.00276408 56 56 29 28 628 264 149 113
-0.00276515 56 70 29 28 628 264 149 113
-0.00276524 56 84 29 28 628 264 149 113
-0.00276455 70 0 29 28 628 264 149 113
-0.00275983 70 14 29 28 628 264 149 113
-0.00276373 70 28 29 28 628 264 149 113
-0.00276439 70 42 29 28 628 264 149 113
-0.00276478 70 56 29 28 628 264 149 113
-0.00276419 70 70 29 28 628 264 149 113
-0.00276469 70 84 29 28 628 264 149 113
-0.00276473 84 0 29 28 628 264 149 113
-0.00276249 84 14 29 28 628 264 149 113
-0.00276117 84 28 29 28 628 264 149 113
-0.002763 84 42 29 28 628 264 149 113
-0.00276434 84 56 29 28 628 264 149 113
-0.0027633 84 70 29 28 628 264 149 113
-0.00276469 84 84 29 28 628 264 149 113
-0.00276512 98 0 29 28 628 264 149 113
-0.00276496 98 14 29 28 628 264 149 113
-0.00276438 98 28 29 28 628 264 149 113
-0.00276149 98 42 29 28 628 264 149 113
-0.0027609 98 56 29 28 628 264 149 113
-0.0027648 98 70 29 28 628 264 149 113
-0.00276517 98 84 29 28 628 264 149 113
-0.00276386 112 0 29 28 628 264 149 113
-0.00276493 112 14 29 28 628 264 149 113
-0.00276484 112 28 29 28 628 264 149 113
-0.00276349 112 42 29 28 628 264 149 113
-0.00276426 112 56 29 28 628 264 149 113
-0.00276521 112 70 29 28 628 264 149 113
-0.00276491 112 84 29 28 628 264 149 113
-0.00276403 0 0 29 28 628 264 149 113
-0.00276509 0 14 29 28 628 264 149 113
-0.00276508 0 28 29 28 628 264 149 113
-0.00276386 0 42 29 28 628 264 149 113
-0.00276383 0 56 29 28 628 264 149 113
-0.00276314 0 70 29 28 628 264 149 113
-0.0027631 0 84 29 28 628 264 149 113
-0.00276501 14 0 29 28 628 264 149 113
-0.00276519 14 14 29 28 628 264 149 113
-0.00276496 14 28 29 28 628 264 149 113
-0.00276348 14 42 29 28 628 264 149 113
-0.00276161 14 56 29 28 628 264 149 113
-0.00276409 14 70 29 28 628 264 149 113
-0.00276449 14 84 29 28 628 264 149 113
-0.0027652 28 0 29 28 628 264 149 113
-0.00276493 28 14 29 28 628 264 149 113
-0.00276422 28 28 29 28 628 264 149 113
-0.00275786 28 42 29 28 628 264 149 113
-0.00276388 28 56 29 28 628 264 149 113
-0.00276494 28 70 29 28 628 264 149 113
-0.00276519 28 84 29 28 628 264 149 113
-0.0027652 42 0 29 28 628 264 149 113
-0.0027647 42 14 29 28 628 264 149 113
-0.00276257 42 28 29 28 628 264 149 113
-0.00276324 42 42 29 28 628 264 149 113
-0.00276336 42 56 29 28 628 264 149 113
-0.00276506 42 70 29 28 628 264 149 113
-0.00276489 42 84 29 28 628 264 149 113
-0.00276517 56 0 29 28 628 264 149 113
-0.00276463 56 14 29 28 628 264 149 113
-0.00276294 56 28 29 28 628 264 149 113
-0.00276359 56 42 29 28 628 264 149 113
-0.00276032 56 56 29 28 628 264 149 113
-0.00276496 56 70 29 28 628 264 149 113
-0.00276507 56 84 29 28 628 264 149 113
-0.00276511 70 0 29 28 628 264 149 113
-0.0027646 70 14 29 28 628 264 149 113
-0.00276282 70 28 29 28 628 264 149 113
-0.00276231 70 42 29 28 628 264 149 113
-0.00275564 70 56 29 28 628 264 149 113
-0.00276463 70 70 29 28 628 264 149 113
-0.00276525 70 84 29 28 628 264 149 113
-0.00276506 84 0 29 28 628 264 149 113
-0.00276421 84 14 29 28 628 264 149 113
-0.00276089 84 28 29 28 628 264 149 113
-0.00276171 84 42 29 28 628 264 149 113
-0.00276352 84 56 29 28 628 264 149 113
-0.00276477 84 70 29 28 628 264 149 113
-0.00276524 84 84 29 28 628 264 149 113
-0.00276515 98 0 29 28 628 264 149 113
-0.00276448 98 14 29 28 628 264 149 113
-0.00276333 98 28 29 28 628 264 149 113
-0.0027636 98 42 29 28 628 264 149 113
-0.00276443 98 56 29 28 628 264 149 113
-0.00276512 98 70 29 28 628 264 149 113
-0.0027652 98 84 29 28 628 264 149 113
-0.00276473 112 0 29 28 628 264 149 113
-0.00276518 112 14 29 28 628 264 149 113
-0.00276488 112 28 29 28 628 264 149 113
-0.0027642 112 42 29 28 628 264 149 113
-0.0027649 112 56 29 28 628 264 149 113
-0.00276521 112 70 29 28 628 264 149 113
-0.00276214 112 84 29 28 628 264 149 113
-0.00276526 0 0 42 37 628 264 149 113
-0.00276487 0 18 42 37 628 264 149 113
-0.00276267 0 36 42 37 628 264 149 113
-0.0027616 0 54 42 37 628 264 149 113
-0.00276303 0 72 42 37 628 264 149 113
-0.0027649 21 0 42 37 628 264 149 113
-0.00276008 21 18 42 37 628 264 149 113
-0.00144585 21 36 42 37 628 264 149 113
-0.00275259 21 54 42 37 628 264 149 113
-0.00275433 21 72 42 37 628 264 149 113
-0.00276374 42 0 42 37 628 264 149 113
-0.00256709 42 18 42 37 628 264 149 113
-0.0027544 42 36 42 37 628 264 149 113
-0.00276146 42 54 42 37 628 264 149 113
-0.00219324 42 72 42 37 628 264 149 113
-0.00276355 63 0 42 37 628 264 149 113
-0.002751 63 18 42 37 628 264 149 113
-0.00275138 63 36 42 37 628 264 149 113
-0.00276313 63 54 42 37 628 264 149 113
-0.00275731 63 72 42 37 628 264 149 113
-0.00276491 84 0 42 37 628 264 149 113
-0.00276263 84 18 42 37 628 264 149 113
-0.0027527 84 36 42 37 628 264 149 113
-0.00276143 84 54 42 37 628 264 149 113
-0.00276007 84 72 42 37 628 264 149 113
-0.00276489 105 0 42 37 628 264 149 113
-0.00276514 105 18 42 37 628 264 149 113
-0.00276321 105 36 42 37 628 264 149 113
-0.00275683 105 54 42 37 628 264 149 113
-0.00276399 105 72 42 37 628 264 149 113
-0.00276437 0 0 42 37 628 264 149 113
-0.00276495 0 18 42 37 628 264 149 113
-0.00276348 0 36 42 37 628 264 149 113
-0.00276296 0 54 42 37 628 264 149 113
-0.00276406 0 72 42 37 628 264 149 113
-0.00276514 21 0 42 37 628 264 149 113
-0.00276444 21 18 42 37 628 264 149 113
-0.00275741 21 36 42 37 628 264 149 113
-0.00275611 21 54 42 37 628 264 149 113
-0.00276128 21 72 42 37 628 264 149 113
-0.0027647 42 0 42 37 628 264 149 113
-0.00275855 42 18 42 37 628 264 149 113
-0.00248092 42 36 42 37 628 264 149 113
-0.00166222 42 54 42 37 628 264 149 113
-0.00276317 42 72 42 37 628 264 149 113
-0.00276467 63 0 42 37 628 264 149 113
-0.00276151 63 18 42 37 628 264 149 113
-0.00188979 63 36 42 37 628 264 149 113
-0.00155505 63 54 42 37 628 264 149 113
-0.0027644 63 72 42 37 628 264 149 113
-0.00276501 84 0 42 37 628 264 149 113
-0.00276457 84 18 42 37 628 264 149 113
-0.00276221 84 36 42 37 628 264 149 113
-0.00275295 84 54 42 37 628 264 149 113
-0.00276492 84 72 42 37 628 264 149 113
-0.00276359 105 0 42 37 628 264 149 113
-0.00276508 105 18 42 37 628 264 149 113
-0.00276431 105 36 42 37 628 264 149 113
-0.00276379 105 54 42 37 628 264 149 113
-0.00276518 105 72 42 37 628 264 149 113
-0.00276279 0 0 42 37 628 264 149 113
-0.0027646 0 18 42 37 628 264 149 113
-0.0027637 0 36 42 37 628 264 149 113
-0.00276374 0 54 42 37 628 264 149 113
-0.0027631 0 72 42 37 628 264 149 113
-0.00276497 21 0 42 37 628 264 149 113
-0.00276445 21 18 42 37 628 264 149 113
-0.00276226 21 36 42 37 628 264 149 113
-0.00275841 21 54 42 37 628 264 149 113
-0.00276155 21 72 42 37 628 264 149 113
-0.00276481 42 0 42 37 628 264 149 113
-0.0027602 42 18 42 37 628 264 149 113
-0.0019141 42 36 42 37 628 264 149 113
-0.000992283 42 54 42 37 628 264 149 113
-0.00276175 42 72 42 37 628 264 149 113
-0.002765 63 0 42 37 628 264 149 113
-0.00276179 63 18 42 37 628 264 149 113
-0.00226121 63 36 42 37 628 264 149 113
-0.00275753 63 54 42 37 628 264 149 113
-0.00276382 63 72 42 37 628 264 149 113
-0.00276486 84 0 42 37 628 264 149 113
-0.00276468 84 18 42 37 628 264 149 113
-0.00276176 84 36 42 37 628 264 149 113
-0.00275664 84 54 42 37 628 264 149 113
-0.00276362 84 72 42 37 628 264 149 113
-0.00275877 105 0 42 37 628 264 149 113
-0.00276441 105 18 42 37 628 264 149 113
-0.0027641 105 36 42 37 628 264 149 113
-0.00276 105 54 42 37 628 264 149 113
-0.00276322 105 72 42 37 628 264 149 113
-0.00275965 0 0 42 37 628 264 149 113
-0.00139674 0 18 42 37 628 264 149 113
-0.00101573 0 36 42 37 628 264 149 113
-0.00241558 0 54 42 37 628 264 149 113
-0.00275171 0 72 42 37 628 264 149 113
-0.00276264 21 0 42 37 628 264 149 113
-0.00276393 21 18 42 37 628 264 149 113
-0.00276406 21 36 42 37 628 264 149 113
-0.00276273 21 54 42 37 628 264 149 113
-0.00275957 21 72 42 37 628 264 149 113
-0.0027552 42 0 42 37 628 264 149 113
-0.00276236 42 18 42 37 628 264 149 113
-0.00275945 42 36 42 37 628 264 149 113
-0.00275195 42 54 42 37 628 264 149 113
-0.00276117 42 72 42 37 628 264 149 113
-0.00276318 63 0 42 37 628 264 149 113
-0.00276227 63 18 42 37 628 264 149 113
-0.00186523 63 36 42 37 628 264 149 113
-0.00276107 63 54 42 37 628 264 149 113
-0.0027619 63 72 42 37 628 264 149 113
-0.00275266 84 0 42 37 628 264 149 113
-0.00276257 84 18 42 37 628 264 149 113
-0.00275577 84 36 42 37 628 264 149 113
-0.00276066 84 54 42 37 628 264 149 113
-0.00276103 84 72 42 37 628 264 149 113
-0.00275731 105 0 42 37 628 264 149 113
-0.00254584 105 18 42 37 628 264 149 113
-0.00275891 105 36 42 37 628 264 149 113
-0.00276147 105 54 42 37 628 264 149 113
-0.0027619 105 72 42 37 628 264 149 113
-0.00276516 0 0 42 37 628 264 149 113
-0.00276493 0 18 42 37 628 264 149 113
-0.0027636 0 36 42 37 628 264 149 113
-0.00275887 0 54 42 37 628 264 149 113
-0.00276492 0 72 42 37 628 264 149 113
-0.00276508 21 0 42 37 628 264 149 113
-0.00276418 21 18 42 37 628 264 149 113
-0.00276121 21 36 42 37 628 264 149 113
-0.00275844 21 54 42 37 628 264 149 113
-0.00276508 21 72 42 37 628 264 149 113
-0.00276521 42 0 42 37 628 264 149 113
-0.0027626 42 18 42 37 628 264 149 113
-0.00275821 42 36 42 37 628 264 149 113
-0.0027559 42 54 42 37 628 264 149 113
-0.0027649 42 72 42 37 628 264 149 113
-0.00276502 63 0 42 37 628 264 149 113
-0.00276427 63 18 42 37 628 264 149 113
-0.0027599 63 36 42 37 628 264 149 113
-0.00276183 63 54 42 37 628 264 149 113
-0.00276495 63 72 42 37 628 264 149 113
-0.00276506 84 0 42 37 628 264 149 113
-0.00276438 84 18 42 37 628 264 149 113
-0.0027644 84 36 42 37 628 264 149 113
-0.00276478 84 54 42 37 628 264 149 113
-0.00276519 84 72 42 37 628 264 149 113
-0.00276162 105 0 42 37 628 264 149 113
-0.00276497 105 18 42 37 628 264 149 113
-0.00276488 105 36 42 37 628 264 149 113
-0.00276521 105 54 42 37 628 264 149 113
-0.00276515 105 72 42 37 628 264 149 113
-0.00276524 0 0 42 37 628 264 149 113
-0.00276508 0 18 42 37 628 264 149 113
-0.0027646 0 36 42 37 628 264 149 113
-0.00276451 0 54 42 37 628 264 149 113
-0.00276498 0 72 42 37 628 264 149 113
-0.00276479 21 0 42 37 628 264 149 113
-0.00276301 21 18 42 37 628 264 149 113
-0.00276238 21 36 42 37 628 264 149 113
-0.00275834 21 54 42 37 628 264 149 113
-0.00276469 21 72 42 37 628 264 149 113
-0.0027649 42 0 42 37 628 264 149 113
-0.0027581 42 18 42 37 628 264 149 113
-0.00275393 42 36 42 37 628 264 149 113
-0.00276193 42 54 42 37 628 264 149 113
-0.00275898 42 72 42 37 628 264 149 113
-0.00276498 63 0 42 37 628 264 149 113
-0.00276217 63 18 42 37 628 264 149 113
-0.00276135 63 36 42 37 628 264 149 113
-0.00276162 63 54 42 37 628 264 149 113
-0.00276415 63 72 42 37 628 264 149 113
-0.00276521 84 0 42 37 628 264 149 113
-0.00276466 84 18 42 37 628 264 149 113
-0.0027645 84 36 42 37 628 264 149 113
-0.00276437 84 54 42 37 628 264 149 113
-0.00276459 84 72 42 37 628 264 149 113
-0.00276378 105 0 42 37 628 264 149 113
-0.00276506 105 18 42 37 628 264 149 113
-0.00276501 105 36 42 37 628 264 149 113
-0.00276406 105 54 42 37 628 264 149 113
-0.00276438 105 72 42 37 628 264 149 113
-0.00276524 0 0 42 37 628 264 149 113
-0.00276481 0 18 42 37 628 264 149 113
-0.00276444 0 36 42 37 628 264 149 113
-0.00276507 0 54 42 37 628 264 149 113
-0.00276511 0 72 42 37 628 264 149 113
-0.00276441 21 0 42 37 628 264 149 113
-0.00275917 21 18 42 37 628 264 149 113
-0.00276136 21 36 42 37 628 264 149 113
-0.0027641 21 54 42 37 628 264 149 113
-0.00276433 21 72 42 37 628 264 149 113
-0.00276288 42 0 42 37 628 264 149 113
-0.00276377 42 18 42 37 628 264 149 113
-0.0027636 42 36 42 37 628 264 149 113
-0.00276484 42 54 42 37 628 264 149 113
-0.00275637 42 72 42 37 628 264 149 113
-0.0027635 63 0 42 37 628 264 149 113
-0.00276238 63 18 42 37 628 264 149 113
-0.00276368 63 36 42 37 628 264 149 113
-0.00276502 63 54 42 37 628 264 149 113
-0.00276343 63 72 42 37 628 264 149 113
-0.00276507 84 0 42 37 628 264 149 113
-0.00276275 84 18 42 37 628 264 149 113
-0.00276308 84 36 42 37 628 264 149 113
-0.00276484 84 54 42 37 628 264 149 113
-0.00276273 84 72 42 37 628 264 149 113
-0.00276188 105 0 42 37 628 264 149 113
-0.00276423 105 18 42 37 628 264 149 113
-0.00276507 105 36 42 37 628 264 149 113
-0.00276367 105 54 42 37 628 264 149 113
-0.00276136 105 72 42 37 628 264 149 113
-0.00276521 0 0 42 37 628 264 149 113
-0.00275531 0 18 42 37 628 264 149 113
-0.00276518 0 36 42 37 628 264 149 113
-0.00276435 0 54 42 37 628 264 149 113
-0.00276503 0 72 42 37 628 264 149 113
-0.00276487 21 0 42 37 628 264 149 113
-0.00276496 21 18 42 37 628 264 149 113
-0.00276522 21 36 42 37 628 264 149 113
-0.00276508 21 54 42 37 628 264 149 113
-0.00276452 21 72 42 37 628 264 149 113
-0.00275991 42 0 42 37 628 264 149 113
-0.00276503 42 18 42 37 628 264 149 113
-0.002764 42 36 42 37 628 264 149 113
-0.0027652 42 54 42 37 628 264 149 113
-0.00276463 42 72 42 37 628 264 149 113
-0.00276433 63 0 42 37 628 264 149 113
-0.00276475 63 18 42 37 628 264 149 113
-0.00276423 63 36 42 37 628 264 149 113
-0.00276517 63 54 42 37 628 264 149 113
-0.00276405 63 72 42 37 628 264 149 113
-0.00276504 84 0 42 37 628 264 149 113
-0.00276486 84 18 42 37 628 264 149 113
-0.00276437 84 36 42 37 628 264 149 113
-0.00276466 84 54 42 37 628 264 149 113
-0.00275134 84 72 42 37 628 264 149 113
-0.0027623 105 0 42 37 628 264 149 113
-0.00276507 105 18 42 37 628 264 149 113
-0.00276312 105 36 42 37 628 264 149 113
-0.00276375 105 54 42 37 628 264 149 113
-0.00276477 105 72 42 37 628 264 149 113
-0.00276465 0 0 42 37 628 264 149 113
-0.00276513 0 18 42 37 628 264 149 113
-0.00276281 0 36 42 37 628 264 149 113
-0.00276127 0 54 42 37 628 264 149 113
-0.0027602 0 72 42 37 628 264 149 113
-0.00276524 21 0 42 37 628 264 149 113
-0.00276447 21 18 42 37 628 264 149 113
-0.00276439 21 36 42 37 628 264 149 113
-0.00276485 21 54 42 37 628 264 149 113
-0.00276454 21 72 42 37 628 264 149 113
-0.00276465 42 0 42 37 628 264 149 113
-0.00276226 42 18 42 37 628 264 149 113
-0.00276134 42 36 42 37 628 264 149 113
-0.00276456 42 54 42 37 628 264 149 113
-0.00276502 42 72 42 37 628 264 149 113
-0.0027632 63 0 42 37 628 264 149 113
-0.00276036 63 18 42 37 628 264 149 113
-0.00276328 63 36 42 37 628 264 149 113
-0.00276433 63 54 42 37 628 264 149 113
-0.00276299 63 72 42 37 628 264 149 113
-0.00276394 84 0 42 37 628 264 149 113
-0.00276144 84 18 42 37 628 264 149 113
-0.00252441 84 36 42 37 628 264 149 113
-0.00276082 84 54 42 37 628 264 149 113
-0.00276399 84 72 42 37 628 264 149 113
-0.00276494 105 0 42 37 628 264 149 113
-0.002765 105 18 42 37 628 264 149 113
-0.00276292 105 36 42 37 628 264 149 113
-0.00276437 105 54 42 37 628 264 149 113
-0.00276523 105 72 42 37 628 264 149 113
-0.00276522 0 0 42 37 628 264 149 113
-0.00276504 0 18 42 37 628 264 149 113
-0.00276342 0 36 42 37 628 264 149 113
-0.00275781 0 54 42 37 628 264 149 113
-0.00276363 0 72 42 37 628 264 149 113
-0.00276514 21 0 42 37 628 264 149 113
-0.00276416 21 18 42 37 628 264 149 113
-0.00275364 21 36 42 37 628 264 149 113
-0.00276228 21 54 42 37 628 264 149 113
-0.00276496 21 72 42 37 628 264 149 113
-0.00276502 42 0 42 37 628 264 149 113
-0.00276239 42 18 42 37 628 264 149 113
-0.00276038 42 36 42 37 628 264 149 113
-0.00276117 42 54 42 37 628 264 149 113
-0.00276513 42 72 42 37 628 264 149 113
-0.00276472 63 0 42 37 628 264 149 113
-0.00275999 63 18 42 37 628 264 149 113
-0.00275635 63 36 42 37 628 264 149 113
-0.00275632 63 54 42 37 628 264 149 113
-0.00276489 63 72 42 37 628 264 149 113
-0.00276461 84 0 42 37 628 264 149 113
-0.00275803 84 18 42 37 628 264 149 113
-0.00276155 84 36 42 37 628 264 149 113
-0.00276398 84 54 42 37 628 264 149 113
-0.00276505 84 72 42 37 628 264 149 113
-0.00276513 105 0 42 37 628 264 149 113
-0.00276477 105 18 42 37 628 264 149 113
-0.002764 105 36 42 37 628 264 149 113
-0.00276465 105 54 42 37 628 264 149 113
-0.00276518 105 72 42 37 628 264 149 113
-0.00276486 0 0 49 56 628 264 149 113
-0.00276288 0 28 49 56 628 264 149 113
-0.00276201 0 56 49 56 628 264 149 113
-0.00276162 24 0 49 56 628 264 149 113
-0.00150766 24 28 49 56 628 264 149 113
-0.00141844 24 56 49 56 628 264 149 113
-0.00207909 48 0 49 56 628 264 149 113
-0.00210217 48 28 49 56 628 264 149 113
-0.0017898 48 56 49 56 628 264 149 113
-0.00276154 72 0 49 56 628 264 149 113
-0.00262972 72 28 49 56 628 264 149 113
-0.00275629 72 56 49 56 628 264 149 113
-0.00276499 96 0 49 56 628 264 149 113
-0.00276096 96 28 49 56 628 264 149 113
-0.00275635 96 56 49 56 628 264 149 113
-0.00276496 0 0 49 56 628 264 149 113
-0.00276423 0 28 49 56 628 264 149 113
-0.00276306 0 56 49 56 628 264 149 113
-0.0027644 24 0 49 56 628 264 149 113
-0.00275707 24 28 49 56 628 264 149 113
-0.00275757 24 56 49 56 628 264 149 113
-0.00276306 48 0 49 56 628 264 149 113
-0.000877432 48 28 49 56 628 264 149 113
-0.00276136 48 56 49 56 628 264 149 113
-0.00276442 72 0 49 56 628 264 149 113
-0.00275204 72 28 49 56 628 264 149 113
-0.00276247 72 56 49 56 628 264 149 113
-0.00276507 96 0 49 56 628 264 149 113
-0.00276279 96 28 49 56 628 264 149 113
-0.00276433 96 56 49 56 628 264 149 113
-0.00276442 0 0 49 56 628 264 149 113
-0.00276397 0 28 49 56 628 264 149 113
-0.00276247 0 56 49 56 628 264 149 113
-0.00276449 24 0 49 56 628 264 149 113
-0.00276021 24 28 49 56 628 264 149 113
-0.00275758 24 56 49 56 628 264 149 113
-0.0027636 48 0 49 56 628 264 149 113
-0.000949393 48 28 49 56 628 264 149 113
-0.00276029 48 56 49 56 628 264 149 113
-0.0027646 72 0 49 56 628 264 149 113
-0.00275905 72 28 49 56 628 264 149 113
-0.00276215 72 56 49 56 628 264 149 113
-0.0027644 96 0 49 56 628 264 149 113
-0.00276308 96 28 49 56 628 264 149 113
-0.00276081 96 56 49 56 628 264 149 113
-0.00232844 0 0 49 56 628 264 149 113
-0.0020101 0 28 49 56 628 264 149 113
-0.00271087 0 56 49 56 628 264 149 113
-0.00276085 24 0 49 56 628 264 149 113
-0.00276259 24 28 49 56 628 264 149 113
-0.00275938 24 56 49 56 628 264 149 113
-0.00276095 48 0 49 56 628 264 149 113
-0.00181524 48 28 49 56 628 264 149 113
-0.00275752 48 56 49 56 628 264 149 113
-0.00276096 72 0 49 56 628 264 149 113
-0.00275587 72 28 49 56 628 264 149 113
-0.00275924 72 56 49 56 628 264 149 113
-0.00152771 96 0 49 56 628 264 149 113
-0.0027589 96 28 49 56 628 264 149 113
-0.00276147 96 56 49 56 628 264 149 113
-0.00276444 0 0 49 56 628 264 149 113
-0.00275958 0 28 49 56 628 264 149 113
-0.00276368 0 56 49 56 628 264 149 113
-0.00276226 24 0 49 56 628 264 149 113
-0.00269074 24 28 49 56 628 264 149 113
-0.0027629 24 56 49 56 628 264 149 113
-0.00276177 48 0 49 56 628 264 149 113
-0.0027563 48 28 49 56 628 264 149 113
-0.00276052 48 56 49 56 628 264 149 113
-0.00276258 72 0 49 56 628 264 149 113
-0.00276058 72 28 49 56 628 264 149 113
-0.00276372 72 56 49 56 628 264 149 113
-0.00276448 96 0 49 56 628 264 149 113
-0.00276486 96 28 49 56 628 264 149 113
-0.00276511 96 56 49 56 628 264 149 113
-0.00276473 0 0 49 56 628 264 149 113
-0.00276417 0 28 49 56 628 264 149 113
-0.00276456 0 56 49 56 628 264 149 113
-0.00276209 24 0 49 56 628 264 149 113
-0.00275882 24 28 49 56 628 264 149 113
-0.00276378 24 56 49 56 628 264 149 113
-0.00275913 48 0 49 56 628 264 149 113
-0.00275682 48 28 49 56 628 264 149 113
-0.00275836 48 56 49 56 628 264 149 113
-0.00276327 72 0 49 56 628 264 149 113
-0.0027634 72 28 49 56 628 264 149 113
-0.00276483 72 56 49 56 628 264 149 113
-0.00276502 96 0 49 56 628 264 149 113
-0.00276341 96 28 49 56 628 264 149 113
-0.00276409 96 56 49 56 628 264 149 113
-0.00276498 0 0 49 56 628 264 149 113
-0.00276439 0 28 49 56 628 264 149 113
-0.00276503 0 56 49 56 628 264 149 113
-0.00275817 24 0 49 56 628 264 149 113
-0.00276168 24 28 49 56 628 264 149 113
-0.00276236 24 56 49 56 628 264 149 113
-0.00276305 48 0 49 56 628 264 149 113
-0.00276435 48 28 49 56 628 264 149 113
-0.00275787 48 56 49 56 628 264 149 113
-0.00276378 72 0 49 56 628 264 149 113
-0.00276494 72 28 49 56 628 264 149 113
-0.00275559 72 56 49 56 628 264 149 113
-0.00276357 96 0 49 56 628 264 149 113
-0.0027647 96 28 49 56 628 264 149 113
-0.00275607 96 56 49 56 628 264 149 113
-0.00276424 0 0 49 56 628 264 149 113
-0.0027644 0 28 49 56 628 264 149 113
-0.00276491 0 56 49 56 628 264 149 113
-0.00276104 24 0 49 56 628 264 149 113
-0.00276519 24 28 49 56 628 264 149 113
-0.00276405 24 56 49 56 628 264 149 113
-0.00275309 48 0 49 56 628 264 149 113
-0.00276512 48 28 49 56 628 264 149 113
-0.00276346 48 56 49 56 628 264 149 113
-0.00276468 72 0 49 56 628 264 149 113
-0.00276482 72 28 49 56 628 264 149 113
-0.00275407 72 56 49 56 628 264 149 113
-0.00276468 96 0 49 56 628 264 149 113
-0.00276387 96 28 49 56 628 264 149 113
-0.0027626 96 56 49 56 628 264 149 113
-0.00276511 0 0 49 56 628 264 149 113
-0.00276254 0 28 49 56 628 264 149 113
-0.00193846 0 56 49 56 628 264 149 113
-0.0027645 24 0 49 56 628 264 149 113
-0.00276235 24 28 49 56 628 264 149 113
-0.00276475 24 56 49 56 628 264 149 113
-0.00276331 48 0 49 56 628 264 149 113
-0.00276245 48 28 49 56 628 264 149 113
-0.00276342 48 56 49 56 628 264 149 113
-0.00275988 72 0 49 56 628 264 149 113
-0.00228374 72 28 49 56 628 264 149 113
-0.00275898 72 56 49 56 628 264 149 113
-0.00276461 96 0 49 56 628 264 149 113
-0.0027608 96 28 49 56 628 264 149 113
-0.00276456 96 56 49 56 628 264 149 113
-0.00276498 0 0 49 56 628 264 149 113
-0.00276291 0 28 49 56 628 264 149 113
-0.00276149 0 56 49 56 628 264 149 113
-0.00276377 24 0 49 56 628 264 149 113
-0.00133099 24 28 49 56 628 264 149 113
-0.0027638 24 56 49 56 628 264 149 113
-0.0027594 48 0 49 56 628 264 149 113
-0.00275394 48 28 49 56 628 264 149 113
-0.00276254 48 56 49 56 628 264 149 113
-0.00275608 72 0 49 56 628 264 149 113
-0.00275341 72 28 49 56 628 264 149 113
-0.00276296 72 56 49 56 628 264 149 113
-0.00276341 96 0 49 56 628 264 149 113
-0.00276211 96 28 49 56 628 264 149 113
-0.00276486 96 56 49 56 628 264 149 113
-0.00275986 0 0 99 75 628 264 149 113
-0.00196265 0 37 99 75 628 264 149 113
-0.00276046 49 0 99 75 628 264 149 113
-0.00275382 49 37 99 75 628 264 149 113
-0.00276311 0 0 99 75 628 264 149 113
-0.00275692 0 37 99 75 628 264 149 113
-0.00276324 49 0 99 75 628 264 149 113
-0.0027614 49 37 99 75 628 264 149 113
-0.00276246 0 0 99 75 628 264 149 113
-0.00250276 0 37 99 75 628 264 149 113
-0.0027629 49 0 99 75 628 264 149 113
-0.00275535 49 37 99 75 628 264 149 113
-0.000915155 0 0 99 75 628 264 149 113
-0.00163563 0 37 99 75 628 264 149 113
-0.000916588 49 0 99 75 628 264 149 113
-0.00221596 49 37 99 75 628 264 149 113
-0.0027599 0 0 99 75 628 264 149 113
-0.00275421 0 37 99 75 628 264 149 113
-0.00276203 49 0 99 75 628 264 149 113
-0.0027611 49 37 99 75 628 264 149 113
-0.00276056 0 0 99 75 628 264 149 113
-0.00275764 0 37 99 75 628 264 149 113
-0.0027638 49 0 99 75 628 264 149 113
-0.00275367 49 37 99 75 628 264 149 113
-0.00276033 0 0 99 75 628 264 149 113
-0.00198646 0 37 99 75 628 264 149 113
-0.0027648 49 0 99 75 628 264 149 113
-0.00160915 49 37 99 75 628 264 149 113
-0.00275604 0 0 99 75 628 264 149 113
-0.00276353 0 37 99 75 628 264 149 113
-0.00275723 49 0 99 75 628 264 149 113
-0.00275767 49 37 99 75 628 264 149 113
-0.0027629 0 0 99 75 628 264 149 113
-0.0027552 0 37 99 75 628 264 149 113
-0.00260899 49 0 99 75 628 264 149 113
-0.00276011 49 37 99 75 628 264 149 113
-0.00275995 0 0 99 75 628 264 149 113
-0.00275126 0 37 99 75 628 264 149 113
-0.00275839 49 0 99 75 628 264 149 113
-0.00276314 49 37 99 75 628 264 149 113
-0.00147285 0 0 149 113 628 264 149 113
-0.00275874 0 0 149 113 628 264 149 113
-0.00275636 0 0 149 113 628 264 149 113
-0.0012555 0 0 149 113 628 264 149 113
-0.00120006 0 0 149 113 628 264 149 113
-0.00176398 0 0 149 113 628 264 149 113
-0.00230624 0 0 149 113 628 264 149 113
-0.00275541 0 0 149 113 628 264 149 113
-0.00205621 0 0 149 113 628 264 149 113
-0.00158201 0 0 149 113 628 264 149 113
