0.00356902 538 195 29 22 628 264 149 113
0.00431626 538 217 29 22 628 264 149 113
0.00436773 538 239 29 22 628 264 149 113
0.00361475 538 261 29 22 628 264 149 113
0.00364744 538 283 29 22 628 264 149 113
0.00444474 538 305 29 22 628 264 149 113
0.00446512 538 327 29 22 628 264 149 113
0.00453933 538 349 29 22 628 264 149 113
0.00373044 538 371 29 22 628 264 149 113
0.00401913 538 393 29 22 628 264 149 113
0.00600117 538 415 29 22 628 264 149 113
0.00259187 538 437 29 22 628 264 149 113
0.00304738 567 195 29 22 628 264 149 113
0.00362328 567 217 29 22 628 264 149 113
0.0037218 567 239 29 22 628 264 149 113
0.00439424 567 261 29 22 628 264 149 113
0.00391056 567 283 29 22 628 264 149 113
0.00420626 567 305 29 22 628 264 149 113
0.0040922 567 327 29 22 628 264 149 113
0.00330655 567 349 29 22 628 264 149 113
0.00377457 567 371 29 22 628 264 149 113
0.00507389 567 393 29 22 628 264 149 113
0.00635374 567 415 29 22 628 264 149 113
0.00381105 567 437 29 22 628 264 149 113
0.00284379 596 195 29 22 628 264 149 113
0.00337943 596 217 29 22 628 264 149 113
0.00445794 596 239 29 22 628 264 149 113
0.00472952 596 261 29 22 628 264 149 113
0.0037 596 283 29 22 628 264 149 113
0.00390254 596 305 29 22 628 264 149 113
0.00402219 596 327 29 22 628 264 149 113
0.00500061 596 349 29 22 628 264 149 113
0.00432479 596 371 29 22 628 264 149 113
0.00399849 596 393 29 22 628 264 149 113
0.00424791 596 415 29 22 628 264 149 113
0.00381617 596 437 29 22 628 264 149 113
0.00265931 625 195 29 22 628 264 149 113
0.00346366 625 217 29 22 628 264 149 113
0.00345692 625 239 29 22 628 264 149 113
0.00320367 625 261 29 22 628 264 149 113
0.00333218 625 283 29 22 628 264 149 113
0.0182034 625 305 29 22 628 264 149 113
0.00735032 625 327 29 22 628 264 149 113
0.00778547 625 349 29 22 628 264 149 113
0.00424482 625 371 29 22 628 264 149 113
0.00339106 625 393 29 22 628 264 149 113
0.00323613 625 415 29 22 628 264 149 113
0.00354684 625 437 29 22 628 264 149 113
0.00341242 654 195 29 22 628 264 149 113
0.00327787 654 217 29 22 628 264 149 113
0.00322544 654 239 29 22 628 264 149 113
0.00347617 654 261 29 22 628 264 149 113
0.010376 654 283 29 22 628 264 149 113
0.0141625 654 305 29 22 628 264 149 113
0.0150156 654 327 29 22 628 264 149 113
0.00733537 654 349 29 22 628 264 149 113
0.00443092 654 371 29 22 628 264 149 113
0.00318932 654 393 29 22 628 264 149 113
0.00386567 654 415 29 22 628 264 149 113
0.0041034 654 437 29 22 628 264 149 113
0.00311237 683 195 29 22 628 264 149 113
0.00310219 683 217 29 22 628 264 149 113
0.0030623 683 239 29 22 628 264 149 113
0.00462191 683 261 29 22 628 264 149 113
0.0117254 683 283 29 22 628 264 149 113
0.00856871 683 305 29 22 628 264 149 113
0.00850839 683 327 29 22 628 264 149 113
0.00613982 683 349 29 22 628 264 149 113
0.00414907 683 371 29 22 628 264 149 113
0.00349502 683 393 29 22 628 264 149 113
0.00317374 683 415 29 22 628 264 149 113
0.00331235 683 437 29 22 628 264 149 113
0.00256246 712 195 29 22 628 264 149 113
0.00292431 712 217 29 22 628 264 149 113
0.00329337 712 239 29 22 628 264 149 113
0.00396549 712 261 29 22 628 264 149 113
0.0163323 712 283 29 22 628 264 149 113
0.0119295 712 305 29 22 628 264 149 113
0.0091725 712 327 29 22 628 264 149 113
0.00748908 712 349 29 22 628 264 149 113
0.00322651 712 371 29 22 628 264 149 113
0.00329854 712 393 29 22 628 264 149 113
0.00334049 712 415 29 22 628 264 149 113
0.00332747 712 437 29 22 628 264 149 113
0.00267348 741 195 29 22 628 264 149 113
0.00366581 741 217 29 22 628 264 149 113
0.00312867 741 239 29 22 628 264 149 113
0.00387233 741 261 29 22 628 264 149 113
0.00389802 741 283 29 22 628 264 149 113
0.0060357 741 305 29 22 628 264 149 113
0.0100624 741 327 29 22 628 264 149 113
0.00422277 741 349 29 22 628 264 149 113
0.00320966 741 371 29 22 628 264 149 113
0.00490935 741 393 29 22 628 264 149 113
0.00554622 741 415 29 22 628 264 149 113
0.00431887 741 437 29 22 628 264 149 113
0.00247147 770 195 29 22 628 264 149 113
0.00324162 770 217 29 22 628 264 149 113
0.00320898 770 239 29 22 628 264 149 113
0.00395676 770 261 29 22 628 264 149 113
0.00342133 770 283 29 22 628 264 149 113
0.00428114 770 305 29 22 628 264 149 113
0.00610094 770 327 29 22 628 264 149 113
0.00332278 770 349 29 22 628 264 149 113
0.0043529 770 371 29 22 628 264 149 113
0.00465636 770 393 29 22 628 264 149 113
0.00502769 770 415 29 22 628 264 149 113
0.00427781 770 437 29 22 628 264 149 113
0.00334596 799 195 29 22 628 264 149 113
0.00359391 799 217 29 22 628 264 149 113
0.00470755 799 239 29 22 628 264 149 113
0.00353169 799 261 29 22 628 264 149 113
0.003461 799 283 29 22 628 264 149 113
0.00430698 799 305 29 22 628 264 149 113
0.00358839 799 327 29 22 628 264 149 113
0.0031063 799 349 29 22 628 264 149 113
0.00421573 799 371 29 22 628 264 149 113
0.00575197 799 393 29 22 628 264 149 113
0.00576338 799 415 29 22 628 264 149 113
0.00364455 799 437 29 22 628 264 149 113
0.00270334 828 195 29 22 628 264 149 113
0.00337498 828 217 29 22 628 264 149 113
0.00357224 828 239 29 22 628 264 149 113
0.00488966 828 261 29 22 628 264 149 113
0.00352716 828 283 29 22 628 264 149 113
0.00390367 828 305 29 22 628 264 149 113
0.00387518 828 327 29 22 628 264 149 113
0.00441359 828 349 29 22 628 264 149 113
0.00398377 828 371 29 22 628 264 149 113
0.00466203 828 393 29 22 628 264 149 113
0.00575549 828 415 29 22 628 264 149 113
0.00452103 828 437 29 22 628 264 149 113
0.0030123 857 195 29 22 628 264 149 113
0.00347242 857 217 29 22 628 264 149 113
0.00315738 857 239 29 22 628 264 149 113
0.00431358 857 261 29 22 628 264 149 113
0.00342637 857 283 29 22 628 264 149 113
0.00548563 857 305 29 22 628 264 149 113
0.00437812 857 327 29 22 628 264 149 113
0.00436471 857 349 29 22 628 264 149 113
0.00392026 857 371 29 22 628 264 149 113
0.00371389 857 393 29 22 628 264 149 113
0.0037165 857 415 29 22 628 264 149 113
0.00411074 857 437 29 22 628 264 149 113
