-0.000113928 0 0 3 3 328 422 8 26
-0.000113933 0 1 3 3 328 422 8 26
-0.000113929 0 2 3 3 328 422 8 26
-0.000113908 0 3 3 3 328 422 8 26
-0.000113925 0 4 3 3 328 422 8 26
-0.000113914 0 5 3 3 328 422 8 26
-0.000113861 0 6 3 3 328 422 8 26
-0.000113698 0 7 3 3 328 422 8 26
-0.000113579 0 8 3 3 328 422 8 26
-0.000109799 0 9 3 3 328 422 8 26
-0.000113557 0 10 3 3 328 422 8 26
-0.000113619 0 11 3 3 328 422 8 26
-0.000113624 0 12 3 3 328 422 8 26
-0.000113653 0 13 3 3 328 422 8 26
-0.000113874 1 0 3 3 328 422 8 26
-0.00011386 1 1 3 3 328 422 8 26
-0.000113876 1 2 3 3 328 422 8 26
-0.000113777 1 3 3 3 328 422 8 26
-0.000113807 1 4 3 3 328 422 8 26
-0.000113889 1 5 3 3 328 422 8 26
-0.000113895 1 6 3 3 328 422 8 26
-0.000113858 1 7 3 3 328 422 8 26
-0.000113787 1 8 3 3 328 422 8 26
-0.000113512 1 9 3 3 328 422 8 26
-0.000113712 1 10 3 3 328 422 8 26
-0.000113862 1 11 3 3 328 422 8 26
-0.000113884 1 12 3 3 328 422 8 26
-0.000113879 1 13 3 3 328 422 8 26
-9.85994e-005 2 0 3 3 328 422 8 26
-6.31913e-005 2 1 3 3 328 422 8 26
-0.000113521 2 2 3 3 328 422 8 26
-0.000113811 2 3 3 3 328 422 8 26
-0.000113867 2 4 3 3 328 422 8 26
-0.000113873 2 5 3 3 328 422 8 26
-0.000113913 2 6 3 3 328 422 8 26
-0.000113916 2 7 3 3 328 422 8 26
-0.000113888 2 8 3 3 328 422 8 26
-0.000113732 2 9 3 3 328 422 8 26
-0.000113649 2 10 3 3 328 422 8 26
-0.000113875 2 11 3 3 328 422 8 26
-0.000113915 2 12 3 3 328 422 8 26
-0.000113913 2 13 3 3 328 422 8 26
-0.000113725 3 0 3 3 328 422 8 26
-0.000113695 3 1 3 3 328 422 8 26
-0.000113728 3 2 3 3 328 422 8 26
-0.000113882 3 3 3 3 328 422 8 26
-0.00011393 3 4 3 3 328 422 8 26
-0.000113929 3 5 3 3 328 422 8 26
-0.000113922 3 6 3 3 328 422 8 26
-0.00011393 3 7 3 3 328 422 8 26
-0.000113919 3 8 3 3 328 422 8 26
-0.00011384 3 9 3 3 328 422 8 26
-0.000113512 3 10 3 3 328 422 8 26
-0.000113763 3 11 3 3 328 422 8 26
-0.000113878 3 12 3 3 328 422 8 26
-0.000113911 3 13 3 3 328 422 8 26
-0.000113956 0 0 3 3 328 422 8 26
-0.00011394 0 1 3 3 328 422 8 26
-0.000113853 0 2 3 3 328 422 8 26
-0.000113723 0 3 3 3 328 422 8 26
-0.000113792 0 4 3 3 328 422 8 26
-0.000113768 0 5 3 3 328 422 8 26
-0.000113718 0 6 3 3 328 422 8 26
-0.000113861 0 7 3 3 328 422 8 26
-0.000113911 0 8 3 3 328 422 8 26
-0.000113935 0 9 3 3 328 422 8 26
-0.000113942 0 10 3 3 328 422 8 26
-0.000113935 0 11 3 3 328 422 8 26
-0.000113918 0 12 3 3 328 422 8 26
-0.000113847 0 13 3 3 328 422 8 26
-0.000113953 1 0 3 3 328 422 8 26
-0.00011393 1 1 3 3 328 422 8 26
-0.000113802 1 2 3 3 328 422 8 26
-9.38459e-005 1 3 3 3 328 422 8 26
-0.000113482 1 4 3 3 328 422 8 26
-0.0001135 1 5 3 3 328 422 8 26
-0.000113556 1 6 3 3 328 422 8 26
-0.000113826 1 7 3 3 328 422 8 26
-0.000113889 1 8 3 3 328 422 8 26
-0.000113912 1 9 3 3 328 422 8 26
-0.000113933 1 10 3 3 328 422 8 26
-0.00011393 1 11 3 3 328 422 8 26
-0.000113909 1 12 3 3 328 422 8 26
-0.00011382 1 13 3 3 328 422 8 26
-0.00011394 2 0 3 3 328 422 8 26
-0.000113902 2 1 3 3 328 422 8 26
-0.000113818 2 2 3 3 328 422 8 26
-0.000113784 2 3 3 3 328 422 8 26
-0.00011377 2 4 3 3 328 422 8 26
-0.000113639 2 5 3 3 328 422 8 26
-9.48129e-005 2 6 3 3 328 422 8 26
-0.000113722 2 7 3 3 328 422 8 26
-0.000113854 2 8 3 3 328 422 8 26
-0.000113873 2 9 3 3 328 422 8 26
-0.000113912 2 10 3 3 328 422 8 26
-0.00011392 2 11 3 3 328 422 8 26
-0.000113901 2 12 3 3 328 422 8 26
-0.000113791 2 13 3 3 328 422 8 26
-0.000113876 3 0 3 3 328 422 8 26
-0.000113812 3 1 3 3 328 422 8 26
-0.000113824 3 2 3 3 328 422 8 26
-0.000113895 3 3 3 3 328 422 8 26
-0.000113901 3 4 3 3 328 422 8 26
-0.000113859 3 5 3 3 328 422 8 26
-0.000113658 3 6 3 3 328 422 8 26
-0.000113624 3 7 3 3 328 422 8 26
-0.000113811 3 8 3 3 328 422 8 26
-0.000113836 3 9 3 3 328 422 8 26
-0.000113885 3 10 3 3 328 422 8 26
-0.000113907 3 11 3 3 328 422 8 26
-0.000113892 3 12 3 3 328 422 8 26
-0.000113798 3 13 3 3 328 422 8 26
-0.000113907 0 0 3 3 328 422 8 26
-0.000113848 0 1 3 3 328 422 8 26
-0.000113824 0 2 3 3 328 422 8 26
-0.000113912 0 3 3 3 328 422 8 26
-0.000113951 0 4 3 3 328 422 8 26
-0.000113971 0 5 3 3 328 422 8 26
-0.000113977 0 6 3 3 328 422 8 26
-0.000113977 0 7 3 3 328 422 8 26
-0.000113972 0 8 3 3 328 422 8 26
-0.000113964 0 9 3 3 328 422 8 26
-0.000113954 0 10 3 3 328 422 8 26
-0.000113945 0 11 3 3 328 422 8 26
-0.000113923 0 12 3 3 328 422 8 26
-0.000113847 0 13 3 3 328 422 8 26
-0.000113857 1 0 3 3 328 422 8 26
-0.000113828 1 1 3 3 328 422 8 26
-0.000113874 1 2 3 3 328 422 8 26
-0.000113934 1 3 3 3 328 422 8 26
-0.000113959 1 4 3 3 328 422 8 26
-0.000113972 1 5 3 3 328 422 8 26
-0.000113976 1 6 3 3 328 422 8 26
-0.000113974 1 7 3 3 328 422 8 26
-0.000113968 1 8 3 3 328 422 8 26
-0.000113959 1 9 3 3 328 422 8 26
-0.000113948 1 10 3 3 328 422 8 26
-0.000113937 1 11 3 3 328 422 8 26
-0.000113908 1 12 3 3 328 422 8 26
-0.000113806 1 13 3 3 328 422 8 26
-0.000113721 2 0 3 3 328 422 8 26
-0.000113805 2 1 3 3 328 422 8 26
-0.000113905 2 2 3 3 328 422 8 26
-0.000113949 2 3 3 3 328 422 8 26
-0.000113965 2 4 3 3 328 422 8 26
-0.000113971 2 5 3 3 328 422 8 26
-0.000113971 2 6 3 3 328 422 8 26
-0.000113967 2 7 3 3 328 422 8 26
-0.00011396 2 8 3 3 328 422 8 26
-0.000113947 2 9 3 3 328 422 8 26
-0.000113933 2 10 3 3 328 422 8 26
-0.000113923 2 11 3 3 328 422 8 26
-0.000113893 2 12 3 3 328 422 8 26
-0.000113788 2 13 3 3 328 422 8 26
-0.000113754 3 0 3 3 328 422 8 26
-0.000113863 3 1 3 3 328 422 8 26
-0.00011393 3 2 3 3 328 422 8 26
-0.000113956 3 3 3 3 328 422 8 26
-0.000113965 3 4 3 3 328 422 8 26
-0.000113966 3 5 3 3 328 422 8 26
-0.000113963 3 6 3 3 328 422 8 26
-0.000113956 3 7 3 3 328 422 8 26
-0.000113935 3 8 3 3 328 422 8 26
-0.000113895 3 9 3 3 328 422 8 26
-0.000113884 3 10 3 3 328 422 8 26
-0.000113899 3 11 3 3 328 422 8 26
-0.000113877 3 12 3 3 328 422 8 26
-0.000113767 3 13 3 3 328 422 8 26
-0.000113975 0 0 3 3 328 422 8 26
-0.000113962 0 1 3 3 328 422 8 26
-0.00011392 0 2 3 3 328 422 8 26
-0.000113919 0 3 3 3 328 422 8 26
-0.000113933 0 4 3 3 328 422 8 26
-0.000113962 0 5 3 3 328 422 8 26
-0.000113961 0 6 3 3 328 422 8 26
-0.000113954 0 7 3 3 328 422 8 26
-0.000113942 0 8 3 3 328 422 8 26
-0.000113928 0 9 3 3 328 422 8 26
-0.000113915 0 10 3 3 328 422 8 26
-0.000113898 0 11 3 3 328 422 8 26
-0.000113857 0 12 3 3 328 422 8 26
-0.000113728 0 13 3 3 328 422 8 26
-0.000113967 1 0 3 3 328 422 8 26
-0.000113944 1 1 3 3 328 422 8 26
-0.000113859 1 2 3 3 328 422 8 26
-0.000113838 1 3 3 3 328 422 8 26
-0.00011386 1 4 3 3 328 422 8 26
-0.000113953 1 5 3 3 328 422 8 26
-0.000113957 1 6 3 3 328 422 8 26
-0.00011395 1 7 3 3 328 422 8 26
-0.000113938 1 8 3 3 328 422 8 26
-0.00011392 1 9 3 3 328 422 8 26
-0.000113902 1 10 3 3 328 422 8 26
-0.000113879 1 11 3 3 328 422 8 26
-0.000113823 1 12 3 3 328 422 8 26
-0.000113666 1 13 3 3 328 422 8 26
-0.000113933 2 0 3 3 328 422 8 26
-0.000113886 2 1 3 3 328 422 8 26
-0.000113725 2 2 3 3 328 422 8 26
-0.000113723 2 3 3 3 328 422 8 26
-0.000113733 2 4 3 3 328 422 8 26
-0.000113942 2 5 3 3 328 422 8 26
-0.000113954 2 6 3 3 328 422 8 26
-0.000113948 2 7 3 3 328 422 8 26
-0.000113935 2 8 3 3 328 422 8 26
-0.00011391 2 9 3 3 328 422 8 26
-0.000113882 2 10 3 3 328 422 8 26
-0.00011386 2 11 3 3 328 422 8 26
-0.000113805 2 12 3 3 328 422 8 26
-0.000113611 2 13 3 3 328 422 8 26
-0.000113913 3 0 3 3 328 422 8 26
-0.000113918 3 1 3 3 328 422 8 26
-0.000113885 3 2 3 3 328 422 8 26
-0.000113737 3 3 3 3 328 422 8 26
-0.000113521 3 4 3 3 328 422 8 26
-0.000113949 3 5 3 3 328 422 8 26
-0.000113957 3 6 3 3 328 422 8 26
-0.00011395 3 7 3 3 328 422 8 26
-0.000113937 3 8 3 3 328 422 8 26
-0.000113908 3 9 3 3 328 422 8 26
-0.000113873 3 10 3 3 328 422 8 26
-0.000113854 3 11 3 3 328 422 8 26
-0.000113807 3 12 3 3 328 422 8 26
-0.000113624 3 13 3 3 328 422 8 26
-0.000113911 0 0 3 3 328 422 8 26
-0.000113914 0 1 3 3 328 422 8 26
-0.000113949 0 2 3 3 328 422 8 26
-0.000113965 0 3 3 3 328 422 8 26
-0.000113963 0 4 3 3 328 422 8 26
-0.000113962 0 5 3 3 328 422 8 26
-0.000113964 0 6 3 3 328 422 8 26
-0.000113968 0 7 3 3 328 422 8 26
-0.000113973 0 8 3 3 328 422 8 26
-0.000113979 0 9 3 3 328 422 8 26
-0.000113973 0 10 3 3 328 422 8 26
-0.000113958 0 11 3 3 328 422 8 26
-0.000113947 0 12 3 3 328 422 8 26
-0.000113934 0 13 3 3 328 422 8 26
-0.00011397 1 0 3 3 328 422 8 26
-0.000113962 1 1 3 3 328 422 8 26
-0.000113952 1 2 3 3 328 422 8 26
-0.00011393 1 3 3 3 328 422 8 26
-0.00011388 1 4 3 3 328 422 8 26
-0.000113953 1 5 3 3 328 422 8 26
-0.000113971 1 6 3 3 328 422 8 26
-0.000113975 1 7 3 3 328 422 8 26
-0.00011398 1 8 3 3 328 422 8 26
-0.000113985 1 9 3 3 328 422 8 26
-0.000113985 1 10 3 3 328 422 8 26
-0.000113972 1 11 3 3 328 422 8 26
-0.000113961 1 12 3 3 328 422 8 26
-0.000113954 1 13 3 3 328 422 8 26
-0.000113959 2 0 3 3 328 422 8 26
-0.000113946 2 1 3 3 328 422 8 26
-0.000113958 2 2 3 3 328 422 8 26
-0.000113964 2 3 3 3 328 422 8 26
-0.000113966 2 4 3 3 328 422 8 26
-0.00011397 2 5 3 3 328 422 8 26
-0.000113979 2 6 3 3 328 422 8 26
-0.000113982 2 7 3 3 328 422 8 26
-0.000113985 2 8 3 3 328 422 8 26
-0.000113985 2 9 3 3 328 422 8 26
-0.000113954 2 10 3 3 328 422 8 26
-0.00011397 2 11 3 3 328 422 8 26
-0.00011398 2 12 3 3 328 422 8 26
-0.000113972 2 13 3 3 328 422 8 26
-0.000113837 3 0 3 3 328 422 8 26
-0.000113792 3 1 3 3 328 422 8 26
-0.000113941 3 2 3 3 328 422 8 26
-0.000113968 3 3 3 3 328 422 8 26
-0.000113974 3 4 3 3 328 422 8 26
-0.00011398 3 5 3 3 328 422 8 26
-0.000113985 3 6 3 3 328 422 8 26
-0.000113985 3 7 3 3 328 422 8 26
-0.000113982 3 8 3 3 328 422 8 26
-0.00011397 3 9 3 3 328 422 8 26
-0.000113957 3 10 3 3 328 422 8 26
-0.00011397 3 11 3 3 328 422 8 26
-0.000113965 3 12 3 3 328 422 8 26
-0.000113952 3 13 3 3 328 422 8 26
-0.000113973 0 0 3 3 328 422 8 26
-0.000113982 0 1 3 3 328 422 8 26
-0.000113977 0 2 3 3 328 422 8 26
-0.000113974 0 3 3 3 328 422 8 26
-0.00011396 0 4 3 3 328 422 8 26
-0.000113953 0 5 3 3 328 422 8 26
-0.000113949 0 6 3 3 328 422 8 26
-0.000113949 0 7 3 3 328 422 8 26
-0.000113952 0 8 3 3 328 422 8 26
-0.000113958 0 9 3 3 328 422 8 26
-0.000113963 0 10 3 3 328 422 8 26
-0.000113965 0 11 3 3 328 422 8 26
-0.00011395 0 12 3 3 328 422 8 26
-0.000113892 0 13 3 3 328 422 8 26
-0.000113968 1 0 3 3 328 422 8 26
-0.000113974 1 1 3 3 328 422 8 26
-0.000113981 1 2 3 3 328 422 8 26
-0.000113976 1 3 3 3 328 422 8 26
-0.000113967 1 4 3 3 328 422 8 26
-0.000113962 1 5 3 3 328 422 8 26
-0.000113958 1 6 3 3 328 422 8 26
-0.000113958 1 7 3 3 328 422 8 26
-0.000113959 1 8 3 3 328 422 8 26
-0.000113962 1 9 3 3 328 422 8 26
-0.000113967 1 10 3 3 328 422 8 26
-0.000113969 1 11 3 3 328 422 8 26
-0.000113961 1 12 3 3 328 422 8 26
-0.000113948 1 13 3 3 328 422 8 26
-0.000113943 2 0 3 3 328 422 8 26
-0.000113937 2 1 3 3 328 422 8 26
-0.000113967 2 2 3 3 328 422 8 26
-0.000113969 2 3 3 3 328 422 8 26
-0.000113968 2 4 3 3 328 422 8 26
-0.000113967 2 5 3 3 328 422 8 26
-0.000113964 2 6 3 3 328 422 8 26
-0.000113965 2 7 3 3 328 422 8 26
-0.000113965 2 8 3 3 328 422 8 26
-0.000113968 2 9 3 3 328 422 8 26
-0.000113974 2 10 3 3 328 422 8 26
-0.000113977 2 11 3 3 328 422 8 26
-0.000113973 2 12 3 3 328 422 8 26
-0.000113965 2 13 3 3 328 422 8 26
-0.000113843 3 0 3 3 328 422 8 26
-0.000113799 3 1 3 3 328 422 8 26
-0.000113917 3 2 3 3 328 422 8 26
-0.000113948 3 3 3 3 328 422 8 26
-0.000113952 3 4 3 3 328 422 8 26
-0.000113953 3 5 3 3 328 422 8 26
-0.00011396 3 6 3 3 328 422 8 26
-0.000113965 3 7 3 3 328 422 8 26
-0.000113966 3 8 3 3 328 422 8 26
-0.000113969 3 9 3 3 328 422 8 26
-0.00011397 3 10 3 3 328 422 8 26
-0.000113962 3 11 3 3 328 422 8 26
-0.000113957 3 12 3 3 328 422 8 26
-0.000113954 3 13 3 3 328 422 8 26
-0.000113917 0 0 3 3 328 422 8 26
-0.000113923 0 1 3 3 328 422 8 26
-0.000113933 0 2 3 3 328 422 8 26
-0.000113944 0 3 3 3 328 422 8 26
-0.000113956 0 4 3 3 328 422 8 26
-0.000113956 0 5 3 3 328 422 8 26
-0.000113929 0 6 3 3 328 422 8 26
-0.00011396 0 7 3 3 328 422 8 26
-0.000113951 0 8 3 3 328 422 8 26
-0.000113935 0 9 3 3 328 422 8 26
-0.000113927 0 10 3 3 328 422 8 26
-0.000113924 0 11 3 3 328 422 8 26
-0.00011393 0 12 3 3 328 422 8 26
-0.000113937 0 13 3 3 328 422 8 26
-0.000113931 1 0 3 3 328 422 8 26
-0.000113935 1 1 3 3 328 422 8 26
-0.000113943 1 2 3 3 328 422 8 26
-0.000113953 1 3 3 3 328 422 8 26
-0.000113964 1 4 3 3 328 422 8 26
-0.000113951 1 5 3 3 328 422 8 26
-0.000113941 1 6 3 3 328 422 8 26
-0.000113921 1 7 3 3 328 422 8 26
-0.000113956 1 8 3 3 328 422 8 26
-0.000113945 1 9 3 3 328 422 8 26
-0.000113941 1 10 3 3 328 422 8 26
-0.000113939 1 11 3 3 328 422 8 26
-0.00011394 1 12 3 3 328 422 8 26
-0.000113943 1 13 3 3 328 422 8 26
-0.000113948 2 0 3 3 328 422 8 26
-0.000113953 2 1 3 3 328 422 8 26
-0.000113963 2 2 3 3 328 422 8 26
-0.000113964 2 3 3 3 328 422 8 26
-0.000113962 2 4 3 3 328 422 8 26
-0.000113962 2 5 3 3 328 422 8 26
-0.000113964 2 6 3 3 328 422 8 26
-0.000113962 2 7 3 3 328 422 8 26
-0.000113959 2 8 3 3 328 422 8 26
-0.000113952 2 9 3 3 328 422 8 26
-0.000113945 2 10 3 3 328 422 8 26
-0.000113935 2 11 3 3 328 422 8 26
-0.000113932 2 12 3 3 328 422 8 26
-0.000113937 2 13 3 3 328 422 8 26
-0.000113966 3 0 3 3 328 422 8 26
-0.000113969 3 1 3 3 328 422 8 26
-0.000113969 3 2 3 3 328 422 8 26
-0.000113959 3 3 3 3 328 422 8 26
-0.000113944 3 4 3 3 328 422 8 26
-0.00011394 3 5 3 3 328 422 8 26
-0.000113942 3 6 3 3 328 422 8 26
-0.000113947 3 7 3 3 328 422 8 26
-0.000113947 3 8 3 3 328 422 8 26
-0.000113937 3 9 3 3 328 422 8 26
-0.00011393 3 10 3 3 328 422 8 26
-0.000113926 3 11 3 3 328 422 8 26
-0.000113917 3 12 3 3 328 422 8 26
-0.000113933 3 13 3 3 328 422 8 26
-0.000113958 0 0 3 3 328 422 8 26
-0.000113961 0 1 3 3 328 422 8 26
-0.000113915 0 2 3 3 328 422 8 26
-0.000113931 0 3 3 3 328 422 8 26
-0.000113944 0 4 3 3 328 422 8 26
-0.000113954 0 5 3 3 328 422 8 26
-0.000113947 0 6 3 3 328 422 8 26
-0.000113939 0 7 3 3 328 422 8 26
-0.00011393 0 8 3 3 328 422 8 26
-0.000113904 0 9 3 3 328 422 8 26
-0.000113835 0 10 3 3 328 422 8 26
-0.000113904 0 11 3 3 328 422 8 26
-0.000113927 0 12 3 3 328 422 8 26
-0.000113938 0 13 3 3 328 422 8 26
-0.000113985 1 0 3 3 328 422 8 26
-0.000113979 1 1 3 3 328 422 8 26
-0.00011397 1 2 3 3 328 422 8 26
-0.000113963 1 3 3 3 328 422 8 26
-0.000113963 1 4 3 3 328 422 8 26
-0.000113961 1 5 3 3 328 422 8 26
-0.000113949 1 6 3 3 328 422 8 26
-0.000113939 1 7 3 3 328 422 8 26
-0.000113928 1 8 3 3 328 422 8 26
-0.000113903 1 9 3 3 328 422 8 26
-0.000113831 1 10 3 3 328 422 8 26
-0.000113895 1 11 3 3 328 422 8 26
-0.000113922 1 12 3 3 328 422 8 26
-0.000113932 1 13 3 3 328 422 8 26
-0.00011399 2 0 3 3 328 422 8 26
-0.000113981 2 1 3 3 328 422 8 26
-0.000113971 2 2 3 3 328 422 8 26
-0.000113962 2 3 3 3 328 422 8 26
-0.000113934 2 4 3 3 328 422 8 26
-0.000113966 2 5 3 3 328 422 8 26
-0.000113956 2 6 3 3 328 422 8 26
-0.000113945 2 7 3 3 328 422 8 26
-0.000113932 2 8 3 3 328 422 8 26
-0.000113909 2 9 3 3 328 422 8 26
-0.000113867 2 10 3 3 328 422 8 26
-0.000113895 2 11 3 3 328 422 8 26
-0.000113919 2 12 3 3 328 422 8 26
-0.00011393 2 13 3 3 328 422 8 26
-0.000113979 3 0 3 3 328 422 8 26
-0.000113971 3 1 3 3 328 422 8 26
-0.00011396 3 2 3 3 328 422 8 26
-0.000113942 3 3 3 3 328 422 8 26
-0.000113939 3 4 3 3 328 422 8 26
-0.000113963 3 5 3 3 328 422 8 26
-0.000113956 3 6 3 3 328 422 8 26
-0.000113946 3 7 3 3 328 422 8 26
-0.000113934 3 8 3 3 328 422 8 26
-0.000113908 3 9 3 3 328 422 8 26
-0.000113861 3 10 3 3 328 422 8 26
-0.0001139 3 11 3 3 328 422 8 26
-0.000113924 3 12 3 3 328 422 8 26
-0.000113933 3 13 3 3 328 422 8 26
-0.000113972 0 0 3 3 328 422 8 26
-0.000113967 0 1 3 3 328 422 8 26
-0.000113956 0 2 3 3 328 422 8 26
-0.000113941 0 3 3 3 328 422 8 26
-0.000113942 0 4 3 3 328 422 8 26
-0.000113951 0 5 3 3 328 422 8 26
-0.000113953 0 6 3 3 328 422 8 26
-0.000113954 0 7 3 3 328 422 8 26
-0.000113958 0 8 3 3 328 422 8 26
-0.00011396 0 9 3 3 328 422 8 26
-0.00011396 0 10 3 3 328 422 8 26
-0.000113965 0 11 3 3 328 422 8 26
-0.000113973 0 12 3 3 328 422 8 26
-0.000113976 0 13 3 3 328 422 8 26
-0.000113969 1 0 3 3 328 422 8 26
-0.00011396 1 1 3 3 328 422 8 26
-0.000113941 1 2 3 3 328 422 8 26
-0.000113931 1 3 3 3 328 422 8 26
-0.000113939 1 4 3 3 328 422 8 26
-0.000113951 1 5 3 3 328 422 8 26
-0.000113951 1 6 3 3 328 422 8 26
-0.000113951 1 7 3 3 328 422 8 26
-0.00011395 1 8 3 3 328 422 8 26
-0.000113947 1 9 3 3 328 422 8 26
-0.000113945 1 10 3 3 328 422 8 26
-0.000113954 1 11 3 3 328 422 8 26
-0.000113963 1 12 3 3 328 422 8 26
-0.000113967 1 13 3 3 328 422 8 26
-0.000113969 2 0 3 3 328 422 8 26
-0.000113953 2 1 3 3 328 422 8 26
-0.000113903 2 2 3 3 328 422 8 26
-0.000113898 2 3 3 3 328 422 8 26
-0.000113931 2 4 3 3 328 422 8 26
-0.000113943 2 5 3 3 328 422 8 26
-0.000113945 2 6 3 3 328 422 8 26
-0.000113944 2 7 3 3 328 422 8 26
-0.00011394 2 8 3 3 328 422 8 26
-0.000113927 2 9 3 3 328 422 8 26
-0.000113927 2 10 3 3 328 422 8 26
-0.000113943 2 11 3 3 328 422 8 26
-0.000113954 2 12 3 3 328 422 8 26
-0.000113957 2 13 3 3 328 422 8 26
-0.00011397 3 0 3 3 328 422 8 26
-0.000113963 3 1 3 3 328 422 8 26
-0.000113893 3 2 3 3 328 422 8 26
-0.000113847 3 3 3 3 328 422 8 26
-0.000113915 3 4 3 3 328 422 8 26
-0.000113942 3 5 3 3 328 422 8 26
-0.000113947 3 6 3 3 328 422 8 26
-0.000113943 3 7 3 3 328 422 8 26
-0.000113934 3 8 3 3 328 422 8 26
-0.000113904 3 9 3 3 328 422 8 26
-0.000113892 3 10 3 3 328 422 8 26
-0.000113933 3 11 3 3 328 422 8 26
-0.000113947 3 12 3 3 328 422 8 26
-0.000113958 3 13 3 3 328 422 8 26
-0.000113987 0 0 3 3 328 422 8 26
-0.000113988 0 1 3 3 328 422 8 26
-0.000113985 0 2 3 3 328 422 8 26
-0.000113982 0 3 3 3 328 422 8 26
-0.000113976 0 4 3 3 328 422 8 26
-0.000113955 0 5 3 3 328 422 8 26
-0.000113842 0 6 3 3 328 422 8 26
-0.000113863 0 7 3 3 328 422 8 26
-0.000113926 0 8 3 3 328 422 8 26
-0.000113956 0 9 3 3 328 422 8 26
-0.000113969 0 10 3 3 328 422 8 26
-0.000113976 0 11 3 3 328 422 8 26
-0.000113977 0 12 3 3 328 422 8 26
-0.000113969 0 13 3 3 328 422 8 26
-0.000113984 1 0 3 3 328 422 8 26
-0.000113977 1 1 3 3 328 422 8 26
-0.000113973 1 2 3 3 328 422 8 26
-0.000113965 1 3 3 3 328 422 8 26
-0.000113957 1 4 3 3 328 422 8 26
-0.000113934 1 5 3 3 328 422 8 26
-0.000113908 1 6 3 3 328 422 8 26
-0.000113911 1 7 3 3 328 422 8 26
-0.000113914 1 8 3 3 328 422 8 26
-0.000113943 1 9 3 3 328 422 8 26
-0.000113962 1 10 3 3 328 422 8 26
-0.000113965 1 11 3 3 328 422 8 26
-0.000113953 1 12 3 3 328 422 8 26
-0.00011396 1 13 3 3 328 422 8 26
-0.000113973 2 0 3 3 328 422 8 26
-0.000113964 2 1 3 3 328 422 8 26
-0.000113959 2 2 3 3 328 422 8 26
-0.000113959 2 3 3 3 328 422 8 26
-0.000113964 2 4 3 3 328 422 8 26
-0.000113968 2 5 3 3 328 422 8 26
-0.000113968 2 6 3 3 328 422 8 26
-0.000113966 2 7 3 3 328 422 8 26
-0.000113962 2 8 3 3 328 422 8 26
-0.000113963 2 9 3 3 328 422 8 26
-0.000113971 2 10 3 3 328 422 8 26
-0.000113975 2 11 3 3 328 422 8 26
-0.000113969 2 12 3 3 328 422 8 26
-0.000113961 2 13 3 3 328 422 8 26
-0.000113958 3 0 3 3 328 422 8 26
-0.000113948 3 1 3 3 328 422 8 26
-0.00011395 3 2 3 3 328 422 8 26
-0.000113962 3 3 3 3 328 422 8 26
-0.000113972 3 4 3 3 328 422 8 26
-0.000113976 3 5 3 3 328 422 8 26
-0.000113976 3 6 3 3 328 422 8 26
-0.000113982 3 7 3 3 328 422 8 26
-0.00011399 3 8 3 3 328 422 8 26
-0.000113988 3 9 3 3 328 422 8 26
-0.000113989 3 10 3 3 328 422 8 26
-0.000113985 3 11 3 3 328 422 8 26
-0.000113976 3 12 3 3 328 422 8 26
-0.000113958 3 13 3 3 328 422 8 26
-0.00011386 0 0 4 4 328 422 8 26
-0.000113763 0 2 4 4 328 422 8 26
-0.000113817 0 4 4 4 328 422 8 26
-0.000113801 0 6 4 4 328 422 8 26
-0.00011365 0 8 4 4 328 422 8 26
-9.67159e-005 0 10 4 4 328 422 8 26
-0.00011357 0 12 4 4 328 422 8 26
-9.57681e-005 0 14 4 4 328 422 8 26
-6.79098e-005 0 16 4 4 328 422 8 26
-7.33534e-005 0 18 4 4 328 422 8 26
-0.000111634 2 0 4 4 328 422 8 26
-0.00011371 2 2 4 4 328 422 8 26
-0.000113794 2 4 4 4 328 422 8 26
-0.000113866 2 6 4 4 328 422 8 26
-0.000113826 2 8 4 4 328 422 8 26
-0.000113619 2 10 4 4 328 422 8 26
-0.000113837 2 12 4 4 328 422 8 26
-0.000113894 2 14 4 4 328 422 8 26
-0.000113876 2 16 4 4 328 422 8 26
-0.000113684 2 18 4 4 328 422 8 26
-9.95317e-005 4 0 4 4 328 422 8 26
-5.57168e-005 4 2 4 4 328 422 8 26
-0.000113776 4 4 4 4 328 422 8 26
-0.000113866 4 6 4 4 328 422 8 26
-0.000113818 4 8 4 4 328 422 8 26
-0.000112558 4 10 4 4 328 422 8 26
-7.85105e-005 4 12 4 4 328 422 8 26
-7.54418e-005 4 14 4 4 328 422 8 26
-8.62099e-005 4 16 4 4 328 422 8 26
-0.000113546 4 18 4 4 328 422 8 26
-0.000113938 0 0 4 4 328 422 8 26
-0.000113477 0 2 4 4 328 422 8 26
-4.83954e-005 0 4 4 4 328 422 8 26
-9.09539e-005 0 6 4 4 328 422 8 26
-0.000113739 0 8 4 4 328 422 8 26
-0.000113922 0 10 4 4 328 422 8 26
-0.000113857 0 12 4 4 328 422 8 26
-0.000113586 0 14 4 4 328 422 8 26
-0.000113775 0 16 4 4 328 422 8 26
-7.64812e-005 0 18 4 4 328 422 8 26
-0.000113808 2 0 4 4 328 422 8 26
-0.000113762 2 2 4 4 328 422 8 26
-0.00011381 2 4 4 4 328 422 8 26
-0.000113515 2 6 4 4 328 422 8 26
-0.000113667 2 8 4 4 328 422 8 26
-0.000113874 2 10 4 4 328 422 8 26
-0.000113831 2 12 4 4 328 422 8 26
-0.000113501 2 14 4 4 328 422 8 26
-0.000113774 2 16 4 4 328 422 8 26
-0.000113621 2 18 4 4 328 422 8 26
-0.000113709 4 0 4 4 328 422 8 26
-0.000113736 4 2 4 4 328 422 8 26
-0.000113687 4 4 4 4 328 422 8 26
-0.00011376 4 6 4 4 328 422 8 26
-0.000113878 4 8 4 4 328 422 8 26
-0.000113863 4 10 4 4 328 422 8 26
-0.000113889 4 12 4 4 328 422 8 26
-0.000113906 4 14 4 4 328 422 8 26
-0.000113933 4 16 4 4 328 422 8 26
-0.000113948 4 18 4 4 328 422 8 26
-0.000113668 0 0 4 4 328 422 8 26
-0.000113883 0 2 4 4 328 422 8 26
-0.000113967 0 4 4 4 328 422 8 26
-0.000113976 0 6 4 4 328 422 8 26
-0.000113965 0 8 4 4 328 422 8 26
-0.000113942 0 10 4 4 328 422 8 26
-0.000113838 0 12 4 4 328 422 8 26
-9.19204e-005 0 14 4 4 328 422 8 26
-0.000113521 0 16 4 4 328 422 8 26
-8.90528e-005 0 18 4 4 328 422 8 26
-0.000113787 2 0 4 4 328 422 8 26
-0.000113942 2 2 4 4 328 422 8 26
-0.000113968 2 4 4 4 328 422 8 26
-0.000113965 2 6 4 4 328 422 8 26
-0.000113934 2 8 4 4 328 422 8 26
-0.000113905 2 10 4 4 328 422 8 26
-0.000113808 2 12 4 4 328 422 8 26
-9.00041e-005 2 14 4 4 328 422 8 26
-0.000113657 2 16 4 4 328 422 8 26
-0.000113484 2 18 4 4 328 422 8 26
-0.000113906 4 0 4 4 328 422 8 26
-0.000113955 4 2 4 4 328 422 8 26
-0.000113963 4 4 4 4 328 422 8 26
-0.000113946 4 6 4 4 328 422 8 26
-0.000113651 4 8 4 4 328 422 8 26
-0.000113793 4 10 4 4 328 422 8 26
-0.000113852 4 12 4 4 328 422 8 26
-0.000113867 4 14 4 4 328 422 8 26
-0.000113921 4 16 4 4 328 422 8 26
-0.000113944 4 18 4 4 328 422 8 26
-0.000113952 0 0 4 4 328 422 8 26
-0.000113741 0 2 4 4 328 422 8 26
-0.000113926 0 4 4 4 328 422 8 26
-0.000113951 0 6 4 4 328 422 8 26
-0.00011393 0 8 4 4 328 422 8 26
-0.000113892 0 10 4 4 328 422 8 26
-0.000113691 0 12 4 4 328 422 8 26
-0.000100454 0 14 4 4 328 422 8 26
-0.000113614 0 16 4 4 328 422 8 26
-4.46915e-005 0 18 4 4 328 422 8 26
-0.00011384 2 0 4 4 328 422 8 26
-0.000113658 2 2 4 4 328 422 8 26
-0.000113922 2 4 4 4 328 422 8 26
-0.000113947 2 6 4 4 328 422 8 26
-0.000113921 2 8 4 4 328 422 8 26
-0.000113869 2 10 4 4 328 422 8 26
-0.000113674 2 12 4 4 328 422 8 26
-0.000113583 2 14 4 4 328 422 8 26
-0.000113784 2 16 4 4 328 422 8 26
-0.000113718 2 18 4 4 328 422 8 26
-0.000113704 4 0 4 4 328 422 8 26
-0.000113877 4 2 4 4 328 422 8 26
-0.000113897 4 4 4 4 328 422 8 26
-0.000113948 4 6 4 4 328 422 8 26
-0.000113937 4 8 4 4 328 422 8 26
-0.0001139 4 10 4 4 328 422 8 26
-0.000113861 4 12 4 4 328 422 8 26
-0.000113873 4 14 4 4 328 422 8 26
-0.000113912 4 16 4 4 328 422 8 26
-0.000113925 4 18 4 4 328 422 8 26
-0.000113959 0 0 4 4 328 422 8 26
-0.00011394 0 2 4 4 328 422 8 26
-0.000113892 0 4 4 4 328 422 8 26
-0.000113966 0 6 4 4 328 422 8 26
-0.00011398 0 8 4 4 328 422 8 26
-0.000113967 0 10 4 4 328 422 8 26
-0.000113939 0 12 4 4 328 422 8 26
-0.000113836 0 14 4 4 328 422 8 26
-0.000113867 0 16 4 4 328 422 8 26
-0.000113771 0 18 4 4 328 422 8 26
-0.000113866 2 0 4 4 328 422 8 26
-0.000113953 2 2 4 4 328 422 8 26
-0.00011397 2 4 4 4 328 422 8 26
-0.000113981 2 6 4 4 328 422 8 26
-0.000113984 2 8 4 4 328 422 8 26
-0.000113957 2 10 4 4 328 422 8 26
-0.000113959 2 12 4 4 328 422 8 26
-0.000113943 2 14 4 4 328 422 8 26
-0.000113927 2 16 4 4 328 422 8 26
-0.000113875 2 18 4 4 328 422 8 26
-0.000113798 4 0 4 4 328 422 8 26
-0.000113856 4 2 4 4 328 422 8 26
-0.000113924 4 4 4 4 328 422 8 26
-0.000113939 4 6 4 4 328 422 8 26
-0.000113922 4 8 4 4 328 422 8 26
-0.000113923 4 10 4 4 328 422 8 26
-0.000113907 4 12 4 4 328 422 8 26
-0.000113879 4 14 4 4 328 422 8 26
-0.000113863 4 16 4 4 328 422 8 26
-0.000113529 4 18 4 4 328 422 8 26
-0.000113972 0 0 4 4 328 422 8 26
-0.00011398 0 2 4 4 328 422 8 26
-0.000113963 0 4 4 4 328 422 8 26
-0.000113947 0 6 4 4 328 422 8 26
-0.000113961 0 8 4 4 328 422 8 26
-0.000113965 0 10 4 4 328 422 8 26
-0.00011394 0 12 4 4 328 422 8 26
-0.000113834 0 14 4 4 328 422 8 26
-0.000113836 0 16 4 4 328 422 8 26
-0.000113778 0 18 4 4 328 422 8 26
-0.000113882 2 0 4 4 328 422 8 26
-0.000113924 2 2 4 4 328 422 8 26
-0.00011394 2 4 4 4 328 422 8 26
-0.000113952 2 6 4 4 328 422 8 26
-0.000113963 2 8 4 4 328 422 8 26
-0.000113964 2 10 4 4 328 422 8 26
-0.000113954 2 12 4 4 328 422 8 26
-0.000113927 2 14 4 4 328 422 8 26
-0.000113865 2 16 4 4 328 422 8 26
-0.00011388 2 18 4 4 328 422 8 26
-0.000113907 4 0 4 4 328 422 8 26
-0.000113896 4 2 4 4 328 422 8 26
-0.000113895 4 4 4 4 328 422 8 26
-0.000113894 4 6 4 4 328 422 8 26
-0.000113938 4 8 4 4 328 422 8 26
-0.000113968 4 10 4 4 328 422 8 26
-0.000113957 4 12 4 4 328 422 8 26
-0.000113896 4 14 4 4 328 422 8 26
-0.000113955 4 16 4 4 328 422 8 26
-0.000114011 4 18 4 4 328 422 8 26
-0.000113921 0 0 4 4 328 422 8 26
-0.00011394 0 2 4 4 328 422 8 26
-0.000113957 0 4 4 4 328 422 8 26
-0.000113932 0 6 4 4 328 422 8 26
-0.000113936 0 8 4 4 328 422 8 26
-0.000113887 0 10 4 4 328 422 8 26
-0.000113932 0 12 4 4 328 422 8 26
-0.000113953 0 14 4 4 328 422 8 26
-0.000113974 0 16 4 4 328 422 8 26
-0.000113977 0 18 4 4 328 422 8 26
-0.000113953 2 0 4 4 328 422 8 26
-0.000113948 2 2 4 4 328 422 8 26
-0.000113915 2 4 4 4 328 422 8 26
-0.000113943 2 6 4 4 328 422 8 26
-0.000113938 2 8 4 4 328 422 8 26
-0.000113901 2 10 4 4 328 422 8 26
-0.00011391 2 12 4 4 328 422 8 26
-0.000113949 2 14 4 4 328 422 8 26
-0.000113969 2 16 4 4 328 422 8 26
-0.000113977 2 18 4 4 328 422 8 26
-0.000113967 4 0 4 4 328 422 8 26
-0.00011395 4 2 4 4 328 422 8 26
-0.000113895 4 4 4 4 328 422 8 26
-0.000113919 4 6 4 4 328 422 8 26
-0.000113831 4 8 4 4 328 422 8 26
-0.000113754 4 10 4 4 328 422 8 26
-0.000113914 4 12 4 4 328 422 8 26
-0.000113955 4 14 4 4 328 422 8 26
-0.000113978 4 16 4 4 328 422 8 26
-0.000113991 4 18 4 4 328 422 8 26
-0.000113966 0 0 4 4 328 422 8 26
-0.000113937 0 2 4 4 328 422 8 26
-0.000113958 0 4 4 4 328 422 8 26
-0.000113939 0 6 4 4 328 422 8 26
-0.000113908 0 8 4 4 328 422 8 26
-0.000113848 0 10 4 4 328 422 8 26
-0.000113926 0 12 4 4 328 422 8 26
-0.000113948 0 14 4 4 328 422 8 26
-0.000113978 0 16 4 4 328 422 8 26
-0.000113988 0 18 4 4 328 422 8 26
-0.000113963 2 0 4 4 328 422 8 26
-0.000113924 2 2 4 4 328 422 8 26
-0.000113962 2 4 4 4 328 422 8 26
-0.000113945 2 6 4 4 328 422 8 26
-0.000113918 2 8 4 4 328 422 8 26
-0.00011386 2 10 4 4 328 422 8 26
-0.000113923 2 12 4 4 328 422 8 26
-0.000113944 2 14 4 4 328 422 8 26
-0.000113977 2 16 4 4 328 422 8 26
-0.000113994 2 18 4 4 328 422 8 26
-0.000113855 4 0 4 4 328 422 8 26
-0.000113797 4 2 4 4 328 422 8 26
-0.000113908 4 4 4 4 328 422 8 26
-0.000113958 4 6 4 4 328 422 8 26
-0.000113937 4 8 4 4 328 422 8 26
-0.000113909 4 10 4 4 328 422 8 26
-0.00011394 4 12 4 4 328 422 8 26
-0.000113957 4 14 4 4 328 422 8 26
-0.000113996 4 16 4 4 328 422 8 26
-5.37029e-005 4 18 4 4 328 422 8 26
-0.000113964 0 0 4 4 328 422 8 26
-0.000113924 0 2 4 4 328 422 8 26
-0.000113896 0 4 4 4 328 422 8 26
-0.000113916 0 6 4 4 328 422 8 26
-0.000113911 0 8 4 4 328 422 8 26
-0.000113951 0 10 4 4 328 422 8 26
-0.000113964 0 12 4 4 328 422 8 26
-0.000113917 0 14 4 4 328 422 8 26
-0.000113966 0 16 4 4 328 422 8 26
-0.000113981 0 18 4 4 328 422 8 26
-0.000113963 2 0 4 4 328 422 8 26
-0.000113888 2 2 4 4 328 422 8 26
-0.000113921 2 4 4 4 328 422 8 26
-0.000113937 2 6 4 4 328 422 8 26
-0.000113899 2 8 4 4 328 422 8 26
-0.000113917 2 10 4 4 328 422 8 26
-0.00011395 2 12 4 4 328 422 8 26
-0.000113949 2 14 4 4 328 422 8 26
-0.000113963 2 16 4 4 328 422 8 26
-0.000113985 2 18 4 4 328 422 8 26
-0.000113962 4 0 4 4 328 422 8 26
-0.000113962 4 2 4 4 328 422 8 26
-0.000113966 4 4 4 4 328 422 8 26
-0.000113955 4 6 4 4 328 422 8 26
-0.000113928 4 8 4 4 328 422 8 26
-0.000113916 4 10 4 4 328 422 8 26
-0.000113951 4 12 4 4 328 422 8 26
-0.00011397 4 14 4 4 328 422 8 26
-0.000113631 4 16 4 4 328 422 8 26
-0.000131415 4 18 4 4 328 422 8 26
-0.000113984 0 0 4 4 328 422 8 26
-0.000113971 0 2 4 4 328 422 8 26
-0.000113922 0 4 4 4 328 422 8 26
-0.00011385 0 6 4 4 328 422 8 26
-0.000113929 0 8 4 4 328 422 8 26
-0.00011396 0 10 4 4 328 422 8 26
-0.00011396 0 12 4 4 328 422 8 26
-0.000113938 0 14 4 4 328 422 8 26
-0.0001139 0 16 4 4 328 422 8 26
-0.00011394 0 18 4 4 328 422 8 26
-0.000113951 2 0 4 4 328 422 8 26
-0.000113955 2 2 4 4 328 422 8 26
-0.00011397 2 4 4 4 328 422 8 26
-0.000113973 2 6 4 4 328 422 8 26
-0.000113969 2 8 4 4 328 422 8 26
-0.000113973 2 10 4 4 328 422 8 26
-0.000113961 2 12 4 4 328 422 8 26
-0.000113937 2 14 4 4 328 422 8 26
-0.000113855 2 16 4 4 328 422 8 26
-0.000113945 2 18 4 4 328 422 8 26
-0.000113923 4 0 4 4 328 422 8 26
-0.000113958 4 2 4 4 328 422 8 26
-0.000113973 4 4 4 4 328 422 8 26
-0.000113975 4 6 4 4 328 422 8 26
-0.000113964 4 8 4 4 328 422 8 26
-0.000113943 4 10 4 4 328 422 8 26
-0.000113936 4 12 4 4 328 422 8 26
-0.000113952 4 14 4 4 328 422 8 26
-0.00011396 4 16 4 4 328 422 8 26
-0.000113965 4 18 4 4 328 422 8 26
-8.3359e-005 0 0 5 6 328 422 8 26
-0.000113478 0 3 5 6 328 422 8 26
-0.000113691 0 6 5 6 328 422 8 26
-5.09203e-005 0 9 5 6 328 422 8 26
-5.45201e-005 0 12 5 6 328 422 8 26
-6.44024e-005 0 15 5 6 328 422 8 26
-3.42196e-005 0 18 5 6 328 422 8 26
-4.96709e-005 2 0 5 6 328 422 8 26
-8.80917e-005 2 3 5 6 328 422 8 26
-0.000113811 2 6 5 6 328 422 8 26
-0.000113689 2 9 5 6 328 422 8 26
-0.00011373 2 12 5 6 328 422 8 26
-0.000113608 2 15 5 6 328 422 8 26
-4.5965e-005 2 18 5 6 328 422 8 26
-0.000113816 0 0 5 6 328 422 8 26
-3.89674e-005 0 3 5 6 328 422 8 26
-0.000105115 0 6 5 6 328 422 8 26
-0.000113838 0 9 5 6 328 422 8 26
-0.000106064 0 12 5 6 328 422 8 26
-0.000102328 0 15 5 6 328 422 8 26
-4.1923e-005 0 18 5 6 328 422 8 26
-0.000113635 2 0 5 6 328 422 8 26
-0.000113517 2 3 5 6 328 422 8 26
-4.71936e-005 2 6 5 6 328 422 8 26
-9.76584e-005 2 9 5 6 328 422 8 26
-0.000113522 2 12 5 6 328 422 8 26
-0.000113854 2 15 5 6 328 422 8 26
-0.000113791 2 18 5 6 328 422 8 26
-0.000113763 0 0 5 6 328 422 8 26
-0.000113969 0 3 5 6 328 422 8 26
-0.000113969 0 6 5 6 328 422 8 26
-0.000113927 0 9 5 6 328 422 8 26
-0.000113495 0 12 5 6 328 422 8 26
-8.24082e-005 0 15 5 6 328 422 8 26
-7.44001e-005 0 18 5 6 328 422 8 26
-0.000113913 2 0 5 6 328 422 8 26
-0.000113967 2 3 5 6 328 422 8 26
-0.000113947 2 6 5 6 328 422 8 26
-0.000113821 2 9 5 6 328 422 8 26
-6.19494e-005 2 12 5 6 328 422 8 26
-0.000113716 2 15 5 6 328 422 8 26
-0.000113766 2 18 5 6 328 422 8 26
-0.000113486 0 0 5 6 328 422 8 26
-0.000113917 0 3 5 6 328 422 8 26
-0.000113933 0 6 5 6 328 422 8 26
-0.000113872 0 9 5 6 328 422 8 26
-5.21047e-005 0 12 5 6 328 422 8 26
-7.23054e-005 0 15 5 6 328 422 8 26
-3.30545e-005 0 18 5 6 328 422 8 26
-0.000113629 2 0 5 6 328 422 8 26
-0.000113895 2 3 5 6 328 422 8 26
-0.000113922 2 6 5 6 328 422 8 26
-0.000113861 2 9 5 6 328 422 8 26
-0.000113589 2 12 5 6 328 422 8 26
-0.000113816 2 15 5 6 328 422 8 26
-0.000113775 2 18 5 6 328 422 8 26
-0.000113851 0 0 5 6 328 422 8 26
-0.000113849 0 3 5 6 328 422 8 26
-0.000113968 0 6 5 6 328 422 8 26
-0.000113964 0 9 5 6 328 422 8 26
-0.00011392 0 12 5 6 328 422 8 26
-0.000113824 0 15 5 6 328 422 8 26
-0.000104187 0 18 5 6 328 422 8 26
-0.000113735 2 0 5 6 328 422 8 26
-0.000113907 2 3 5 6 328 422 8 26
-0.000113961 2 6 5 6 328 422 8 26
-0.000113955 2 9 5 6 328 422 8 26
-0.000113937 2 12 5 6 328 422 8 26
-0.000113898 2 15 5 6 328 422 8 26
-0.000101393 2 18 5 6 328 422 8 26
-0.000113954 0 0 5 6 328 422 8 26
-0.000113944 0 3 5 6 328 422 8 26
-0.000113867 0 6 5 6 328 422 8 26
-0.000113951 0 9 5 6 328 422 8 26
-0.000113921 0 12 5 6 328 422 8 26
-0.000113666 0 15 5 6 328 422 8 26
-0.000113836 0 18 5 6 328 422 8 26
-0.000113844 2 0 5 6 328 422 8 26
-0.000113881 2 3 5 6 328 422 8 26
-0.000113924 2 6 5 6 328 422 8 26
-0.000113956 2 9 5 6 328 422 8 26
-0.000113917 2 12 5 6 328 422 8 26
-0.000113883 2 15 5 6 328 422 8 26
-0.000113962 2 18 5 6 328 422 8 26
-0.000113924 0 0 5 6 328 422 8 26
-0.000113938 0 3 5 6 328 422 8 26
-0.000113934 0 6 5 6 328 422 8 26
-0.000103257 0 9 5 6 328 422 8 26
-0.000113934 0 12 5 6 328 422 8 26
-0.000113972 0 15 5 6 328 422 8 26
-0.00011397 0 18 5 6 328 422 8 26
-0.000113913 2 0 5 6 328 422 8 26
-0.000108877 2 3 5 6 328 422 8 26
-0.000113474 2 6 5 6 328 422 8 26
-0.000113728 2 9 5 6 328 422 8 26
-0.000113943 2 12 5 6 328 422 8 26
-0.000113972 2 15 5 6 328 422 8 26
-0.000113987 2 18 5 6 328 422 8 26
-0.000113923 0 0 5 6 328 422 8 26
-0.000113955 0 3 5 6 328 422 8 26
-0.000113911 0 6 5 6 328 422 8 26
-0.000113679 0 9 5 6 328 422 8 26
-0.00011393 0 12 5 6 328 422 8 26
-0.000113966 0 15 5 6 328 422 8 26
-0.000113997 0 18 5 6 328 422 8 26
-0.000113926 2 0 5 6 328 422 8 26
-0.000113962 2 3 5 6 328 422 8 26
-0.00011392 2 6 5 6 328 422 8 26
-0.000113779 2 9 5 6 328 422 8 26
-0.000113931 2 12 5 6 328 422 8 26
-0.000113964 2 15 5 6 328 422 8 26
-0.000114001 2 18 5 6 328 422 8 26
-0.00011394 0 0 5 6 328 422 8 26
-0.000113881 0 3 5 6 328 422 8 26
-0.000113775 0 6 5 6 328 422 8 26
-0.000113931 0 9 5 6 328 422 8 26
-0.000113959 0 12 5 6 328 422 8 26
-0.000113971 0 15 5 6 328 422 8 26
-0.000113987 0 18 5 6 328 422 8 26
-0.000113938 2 0 5 6 328 422 8 26
-0.000113922 2 3 5 6 328 422 8 26
-0.000113872 2 6 5 6 328 422 8 26
-0.000113858 2 9 5 6 328 422 8 26
-0.00011395 2 12 5 6 328 422 8 26
-0.000113975 2 15 5 6 328 422 8 26
-0.000113994 2 18 5 6 328 422 8 26
-0.000113958 0 0 5 6 328 422 8 26
-0.000113825 0 3 5 6 328 422 8 26
-0.000113884 0 6 5 6 328 422 8 26
-0.000113887 0 9 5 6 328 422 8 26
-0.000113928 0 12 5 6 328 422 8 26
-0.000113695 0 15 5 6 328 422 8 26
-0.000113929 0 18 5 6 328 422 8 26
-0.0001139 2 0 5 6 328 422 8 26
-0.000113965 2 3 5 6 328 422 8 26
-0.000113967 2 6 5 6 328 422 8 26
-0.000113943 2 9 5 6 328 422 8 26
-0.00011393 2 12 5 6 328 422 8 26
-0.000113745 2 15 5 6 328 422 8 26
-0.000113955 2 18 5 6 328 422 8 26
-6.56e-005 0 0 8 10 328 422 8 26
-7.12357e-005 0 5 8 10 328 422 8 26
-3.29177e-005 0 10 8 10 328 422 8 26
-3.33235e-005 0 15 8 10 328 422 8 26
-5.94926e-005 0 0 8 10 328 422 8 26
-9.28826e-005 0 5 8 10 328 422 8 26
-8.52702e-005 0 10 8 10 328 422 8 26
-0.000113625 0 15 8 10 328 422 8 26
-0.000113966 0 0 8 10 328 422 8 26
-0.000113943 0 5 8 10 328 422 8 26
-8.71417e-005 0 10 8 10 328 422 8 26
-0.000113865 0 15 8 10 328 422 8 26
-0.000113811 0 0 8 10 328 422 8 26
-0.000113876 0 5 8 10 328 422 8 26
-5.82545e-005 0 10 8 10 328 422 8 26
-0.000113483 0 15 8 10 328 422 8 26
-7.75052e-005 0 0 8 10 328 422 8 26
-0.00011387 0 5 8 10 328 422 8 26
-0.000113845 0 10 8 10 328 422 8 26
-5.33282e-005 0 15 8 10 328 422 8 26
-0.000113643 0 0 8 10 328 422 8 26
-0.000113848 0 5 8 10 328 422 8 26
-6.67703e-005 0 10 8 10 328 422 8 26
-0.000110715 0 15 8 10 328 422 8 26
-0.000113787 0 0 8 10 328 422 8 26
-8.4321e-005 0 5 8 10 328 422 8 26
-0.000113834 0 10 8 10 328 422 8 26
-0.000113982 0 15 8 10 328 422 8 26
-0.000113954 0 0 8 10 328 422 8 26
-7.95051e-005 0 5 8 10 328 422 8 26
-0.000113874 0 10 8 10 328 422 8 26
-0.000113979 0 15 8 10 328 422 8 26
-0.000113899 0 0 8 10 328 422 8 26
-0.000113637 0 5 8 10 328 422 8 26
-0.000113936 0 10 8 10 328 422 8 26
-0.000113983 0 15 8 10 328 422 8 26
-0.000113844 0 0 8 10 328 422 8 26
-0.000107008 0 5 8 10 328 422 8 26
-3.74721e-005 0 10 8 10 328 422 8 26
-0.000113697 0 15 8 10 328 422 8 26
-3.57753e-005 0 0 8 17 328 422 8 26
-0.0010741 0 8 8 17 328 422 8 26
-5.69931e-005 0 0 8 17 328 422 8 26
-8.14519e-005 0 8 8 17 328 422 8 26
-0.00011397 0 0 8 17 328 422 8 26
-0.000113534 0 8 8 17 328 422 8 26
-0.000113633 0 0 8 17 328 422 8 26
-6.90395e-005 0 8 8 17 328 422 8 26
-0.00011381 0 0 8 17 328 422 8 26
-8.04824e-005 0 8 8 17 328 422 8 26
-0.000113693 0 0 8 17 328 422 8 26
-7.01449e-005 0 8 8 17 328 422 8 26
-0.000113661 0 0 8 17 328 422 8 26
-0.000113795 0 8 8 17 328 422 8 26
-0.000107946 0 0 8 17 328 422 8 26
-0.000113568 0 8 8 17 328 422 8 26
-4.33608e-005 0 0 8 17 328 422 8 26
-0.000113818 0 8 8 17 328 422 8 26
-6.07083e-005 0 0 8 17 328 422 8 26
-4.05045e-005 0 8 8 17 328 422 8 26
