-0.00504519 0 0 7 7 49 48 15 65
-0.00503697 0 3 7 7 49 48 15 65
-0.00504486 0 6 7 7 49 48 15 65
-0.00504616 0 9 7 7 49 48 15 65
-0.00504603 0 12 7 7 49 48 15 65
-0.00504379 0 15 7 7 49 48 15 65
-0.00503247 0 18 7 7 49 48 15 65
-0.00503383 0 21 7 7 49 48 15 65
-0.00503742 0 24 7 7 49 48 15 65
-0.00504196 0 27 7 7 49 48 15 65
-0.0050452 0 30 7 7 49 48 15 65
-0.00504471 0 33 7 7 49 48 15 65
-0.00503896 0 36 7 7 49 48 15 65
-0.00504211 0 39 7 7 49 48 15 65
-0.00504628 0 42 7 7 49 48 15 65
-0.00504621 0 45 7 7 49 48 15 65
-0.00504551 0 48 7 7 49 48 15 65
-0.0050449 3 0 7 7 49 48 15 65
-0.0050448 3 3 7 7 49 48 15 65
-0.00504543 3 6 7 7 49 48 15 65
-0.00504618 3 9 7 7 49 48 15 65
-0.00504618 3 12 7 7 49 48 15 65
-0.00504469 3 15 7 7 49 48 15 65
-0.00502886 3 18 7 7 49 48 15 65
-0.00504067 3 21 7 7 49 48 15 65
-0.00504392 3 24 7 7 49 48 15 65
-0.00504555 3 27 7 7 49 48 15 65
-0.00504608 3 30 7 7 49 48 15 65
-0.00504525 3 33 7 7 49 48 15 65
-0.00503638 3 36 7 7 49 48 15 65
-0.00504367 3 39 7 7 49 48 15 65
-0.00504621 3 42 7 7 49 48 15 65
-0.00504631 3 45 7 7 49 48 15 65
-0.00504541 3 48 7 7 49 48 15 65
-0.00502874 6 0 7 7 49 48 15 65
-0.00503451 6 3 7 7 49 48 15 65
-0.00503909 6 6 7 7 49 48 15 65
-0.00504461 6 9 7 7 49 48 15 65
-0.00504607 6 12 7 7 49 48 15 65
-0.00504619 6 15 7 7 49 48 15 65
-0.00504551 6 18 7 7 49 48 15 65
-0.00504417 6 21 7 7 49 48 15 65
-0.00504437 6 24 7 7 49 48 15 65
-0.00504542 6 27 7 7 49 48 15 65
-0.00504606 6 30 7 7 49 48 15 65
-0.00504542 6 33 7 7 49 48 15 65
-0.00503817 6 36 7 7 49 48 15 65
-0.00503569 6 39 7 7 49 48 15 65
-0.00504456 6 42 7 7 49 48 15 65
-0.00504607 6 45 7 7 49 48 15 65
-0.00504629 6 48 7 7 49 48 15 65
-0.0050442 0 0 7 7 49 48 15 65
-0.00504146 0 3 7 7 49 48 15 65
-0.00504075 0 6 7 7 49 48 15 65
-0.00503024 0 9 7 7 49 48 15 65
-0.00503035 0 12 7 7 49 48 15 65
-0.00503504 0 15 7 7 49 48 15 65
-0.00502651 0 18 7 7 49 48 15 65
-0.00433526 0 21 7 7 49 48 15 65
-0.00503222 0 24 7 7 49 48 15 65
-0.00504196 0 27 7 7 49 48 15 65
-0.0050416 0 30 7 7 49 48 15 65
-0.00503886 0 33 7 7 49 48 15 65
-0.00503627 0 36 7 7 49 48 15 65
-0.00503057 0 39 7 7 49 48 15 65
-0.00503053 0 42 7 7 49 48 15 65
-0.00504199 0 45 7 7 49 48 15 65
-0.005042 0 48 7 7 49 48 15 65
-0.00504464 3 0 7 7 49 48 15 65
-0.00504297 3 3 7 7 49 48 15 65
-0.00504349 3 6 7 7 49 48 15 65
-0.00504389 3 9 7 7 49 48 15 65
-0.00504276 3 12 7 7 49 48 15 65
-0.00504238 3 15 7 7 49 48 15 65
-0.00503403 3 18 7 7 49 48 15 65
-0.00503568 3 21 7 7 49 48 15 65
-0.0050422 3 24 7 7 49 48 15 65
-0.00504472 3 27 7 7 49 48 15 65
-0.0050432 3 30 7 7 49 48 15 65
-0.00503286 3 33 7 7 49 48 15 65
-0.00501708 3 36 7 7 49 48 15 65
-0.00501863 3 39 7 7 49 48 15 65
-0.00503233 3 42 7 7 49 48 15 65
-0.00503721 3 45 7 7 49 48 15 65
-0.00503237 3 48 7 7 49 48 15 65
-0.00504621 6 0 7 7 49 48 15 65
-0.0050461 6 3 7 7 49 48 15 65
-0.00504596 6 6 7 7 49 48 15 65
-0.00504602 6 9 7 7 49 48 15 65
-0.00504623 6 12 7 7 49 48 15 65
-0.00504564 6 15 7 7 49 48 15 65
-0.00504295 6 18 7 7 49 48 15 65
-0.00504419 6 21 7 7 49 48 15 65
-0.00504495 6 24 7 7 49 48 15 65
-0.00504569 6 27 7 7 49 48 15 65
-0.00504434 6 30 7 7 49 48 15 65
-0.00503309 6 33 7 7 49 48 15 65
-0.00342886 6 36 7 7 49 48 15 65
-0.00372125 6 39 7 7 49 48 15 65
-0.00388363 6 42 7 7 49 48 15 65
-0.0041023 6 45 7 7 49 48 15 65
-0.00502548 6 48 7 7 49 48 15 65
-0.00503281 0 0 7 7 49 48 15 65
-0.00504388 0 3 7 7 49 48 15 65
-0.00504555 0 6 7 7 49 48 15 65
-0.00504577 0 9 7 7 49 48 15 65
-0.0050455 0 12 7 7 49 48 15 65
-0.00504081 0 15 7 7 49 48 15 65
-0.00840868 0 18 7 7 49 48 15 65
-0.00483385 0 21 7 7 49 48 15 65
-0.00504054 0 24 7 7 49 48 15 65
-0.00504487 0 27 7 7 49 48 15 65
-0.00504594 0 30 7 7 49 48 15 65
-0.00504626 0 33 7 7 49 48 15 65
-0.00504558 0 36 7 7 49 48 15 65
-0.00504435 0 39 7 7 49 48 15 65
-0.00503893 0 42 7 7 49 48 15 65
-0.00503946 0 45 7 7 49 48 15 65
-0.00504369 0 48 7 7 49 48 15 65
-0.00504122 3 0 7 7 49 48 15 65
-0.00504347 3 3 7 7 49 48 15 65
-0.00504552 3 6 7 7 49 48 15 65
-0.00504583 3 9 7 7 49 48 15 65
-0.0050457 3 12 7 7 49 48 15 65
-0.00504296 3 15 7 7 49 48 15 65
-0.00501844 3 18 7 7 49 48 15 65
-0.00503567 3 21 7 7 49 48 15 65
-0.0050432 3 24 7 7 49 48 15 65
-0.00504548 3 27 7 7 49 48 15 65
-0.00504622 3 30 7 7 49 48 15 65
-0.00504615 3 33 7 7 49 48 15 65
-0.00504459 3 36 7 7 49 48 15 65
-0.00504121 3 39 7 7 49 48 15 65
-0.00504217 3 42 7 7 49 48 15 65
-0.00504355 3 45 7 7 49 48 15 65
-0.00504416 3 48 7 7 49 48 15 65
-0.00504469 6 0 7 7 49 48 15 65
-0.00504399 6 3 7 7 49 48 15 65
-0.00504564 6 6 7 7 49 48 15 65
-0.00504615 6 9 7 7 49 48 15 65
-0.00504612 6 12 7 7 49 48 15 65
-0.0050448 6 15 7 7 49 48 15 65
-0.00503767 6 18 7 7 49 48 15 65
-0.00503794 6 21 7 7 49 48 15 65
-0.00504006 6 24 7 7 49 48 15 65
-0.00504333 6 27 7 7 49 48 15 65
-0.00504533 6 30 7 7 49 48 15 65
-0.00504579 6 33 7 7 49 48 15 65
-0.00504507 6 36 7 7 49 48 15 65
-0.00504305 6 39 7 7 49 48 15 65
-0.00504358 6 42 7 7 49 48 15 65
-0.00504578 6 45 7 7 49 48 15 65
-0.00504559 6 48 7 7 49 48 15 65
-0.00504074 0 0 7 7 49 48 15 65
-0.00504556 0 3 7 7 49 48 15 65
-0.00504613 0 6 7 7 49 48 15 65
-0.005046 0 9 7 7 49 48 15 65
-0.00504491 0 12 7 7 49 48 15 65
-0.00503648 0 15 7 7 49 48 15 65
-0.00416057 0 18 7 7 49 48 15 65
-0.00332761 0 21 7 7 49 48 15 65
-0.0029693 0 24 7 7 49 48 15 65
-0.00501876 0 27 7 7 49 48 15 65
-0.0050308 0 30 7 7 49 48 15 65
-0.00502786 0 33 7 7 49 48 15 65
-0.00396783 0 36 7 7 49 48 15 65
-0.00293672 0 39 7 7 49 48 15 65
-0.00382867 0 42 7 7 49 48 15 65
-0.00502083 0 45 7 7 49 48 15 65
-0.00502729 0 48 7 7 49 48 15 65
-0.00504463 3 0 7 7 49 48 15 65
-0.00504619 3 3 7 7 49 48 15 65
-0.00504624 3 6 7 7 49 48 15 65
-0.00504582 3 9 7 7 49 48 15 65
-0.00504426 3 12 7 7 49 48 15 65
-0.00503671 3 15 7 7 49 48 15 65
-0.00366387 3 18 7 7 49 48 15 65
-0.00471573 3 21 7 7 49 48 15 65
-0.00502186 3 24 7 7 49 48 15 65
-0.00502428 3 27 7 7 49 48 15 65
-0.00502702 3 30 7 7 49 48 15 65
-0.00502443 3 33 7 7 49 48 15 65
-0.00462694 3 36 7 7 49 48 15 65
-0.003043 3 39 7 7 49 48 15 65
-0.00399656 3 42 7 7 49 48 15 65
-0.00503257 3 45 7 7 49 48 15 65
-0.00504307 3 48 7 7 49 48 15 65
-0.00504374 6 0 7 7 49 48 15 65
-0.0050456 6 3 7 7 49 48 15 65
-0.00504576 6 6 7 7 49 48 15 65
-0.00504522 6 9 7 7 49 48 15 65
-0.00504392 6 12 7 7 49 48 15 65
-0.00504024 6 15 7 7 49 48 15 65
-0.00502177 6 18 7 7 49 48 15 65
-0.00502169 6 21 7 7 49 48 15 65
-0.00502779 6 24 7 7 49 48 15 65
-0.00501815 6 27 7 7 49 48 15 65
-0.00501546 6 30 7 7 49 48 15 65
-0.00501898 6 33 7 7 49 48 15 65
-0.00501642 6 36 7 7 49 48 15 65
-0.00436247 6 39 7 7 49 48 15 65
-0.00502882 6 42 7 7 49 48 15 65
-0.00504363 6 45 7 7 49 48 15 65
-0.00504601 6 48 7 7 49 48 15 65
-0.00504619 0 0 7 7 49 48 15 65
-0.00504587 0 3 7 7 49 48 15 65
-0.00504615 0 6 7 7 49 48 15 65
-0.00504629 0 9 7 7 49 48 15 65
-0.00504434 0 12 7 7 49 48 15 65
-0.00504319 0 15 7 7 49 48 15 65
-0.00504201 0 18 7 7 49 48 15 65
-0.00503528 0 21 7 7 49 48 15 65
-0.0050389 0 24 7 7 49 48 15 65
-0.0050332 0 27 7 7 49 48 15 65
-0.00503463 0 30 7 7 49 48 15 65
-0.00504324 0 33 7 7 49 48 15 65
-0.00504463 0 36 7 7 49 48 15 65
-0.00504047 0 39 7 7 49 48 15 65
-0.00503514 0 42 7 7 49 48 15 65
-0.00503676 0 45 7 7 49 48 15 65
-0.00504152 0 48 7 7 49 48 15 65
-0.00504634 3 0 7 7 49 48 15 65
-0.00504578 3 3 7 7 49 48 15 65
-0.00504485 3 6 7 7 49 48 15 65
-0.00504257 3 9 7 7 49 48 15 65
-0.00503711 3 12 7 7 49 48 15 65
-0.00503733 3 15 7 7 49 48 15 65
-0.00504298 3 18 7 7 49 48 15 65
-0.0050427 3 21 7 7 49 48 15 65
-0.00504437 3 24 7 7 49 48 15 65
-0.00504431 3 27 7 7 49 48 15 65
-0.00504284 3 30 7 7 49 48 15 65
-0.00504109 3 33 7 7 49 48 15 65
-0.00503537 3 36 7 7 49 48 15 65
-0.00502206 3 39 7 7 49 48 15 65
-0.00465667 3 42 7 7 49 48 15 65
-0.00502333 3 45 7 7 49 48 15 65
-0.00504359 3 48 7 7 49 48 15 65
-0.00504494 6 0 7 7 49 48 15 65
-0.00504572 6 3 7 7 49 48 15 65
-0.00504589 6 6 7 7 49 48 15 65
-0.00504473 6 9 7 7 49 48 15 65
-0.00504017 6 12 7 7 49 48 15 65
-0.00503558 6 15 7 7 49 48 15 65
-0.00503669 6 18 7 7 49 48 15 65
-0.00504046 6 21 7 7 49 48 15 65
-0.00504186 6 24 7 7 49 48 15 65
-0.00503466 6 27 7 7 49 48 15 65
-0.00377346 6 30 7 7 49 48 15 65
-0.00405041 6 33 7 7 49 48 15 65
-0.00495366 6 36 7 7 49 48 15 65
-0.00502656 6 39 7 7 49 48 15 65
-0.00503555 6 42 7 7 49 48 15 65
-0.00504353 6 45 7 7 49 48 15 65
-0.00504561 6 48 7 7 49 48 15 65
-0.00504489 0 0 7 7 49 48 15 65
-0.00504234 0 3 7 7 49 48 15 65
-0.00504286 0 6 7 7 49 48 15 65
-0.00504376 0 9 7 7 49 48 15 65
-0.00504575 0 12 7 7 49 48 15 65
-0.00504591 0 15 7 7 49 48 15 65
-0.00504451 0 18 7 7 49 48 15 65
-0.00504092 0 21 7 7 49 48 15 65
-0.00504462 0 24 7 7 49 48 15 65
-0.00504542 0 27 7 7 49 48 15 65
-0.00504485 0 30 7 7 49 48 15 65
-0.00504329 0 33 7 7 49 48 15 65
-0.00504484 0 36 7 7 49 48 15 65
-0.00504608 0 39 7 7 49 48 15 65
-0.00504597 0 42 7 7 49 48 15 65
-0.00504524 0 45 7 7 49 48 15 65
-0.00504358 0 48 7 7 49 48 15 65
-0.00504626 3 0 7 7 49 48 15 65
-0.00504614 3 3 7 7 49 48 15 65
-0.00504614 3 6 7 7 49 48 15 65
-0.00504637 3 9 7 7 49 48 15 65
-0.00504625 3 12 7 7 49 48 15 65
-0.00504622 3 15 7 7 49 48 15 65
-0.00504571 3 18 7 7 49 48 15 65
-0.0050447 3 21 7 7 49 48 15 65
-0.00504599 3 24 7 7 49 48 15 65
-0.00504626 3 27 7 7 49 48 15 65
-0.00504526 3 30 7 7 49 48 15 65
-0.00503983 3 33 7 7 49 48 15 65
-0.00504078 3 36 7 7 49 48 15 65
-0.0050463 3 39 7 7 49 48 15 65
-0.00504605 3 42 7 7 49 48 15 65
-0.00504537 3 45 7 7 49 48 15 65
-0.0050432 3 48 7 7 49 48 15 65
-0.00504578 6 0 7 7 49 48 15 65
-0.00504539 6 3 7 7 49 48 15 65
-0.0050454 6 6 7 7 49 48 15 65
-0.00504595 6 9 7 7 49 48 15 65
-0.00504632 6 12 7 7 49 48 15 65
-0.005046 6 15 7 7 49 48 15 65
-0.00504563 6 18 7 7 49 48 15 65
-0.00504608 6 21 7 7 49 48 15 65
-0.00504607 6 24 7 7 49 48 15 65
-0.00504365 6 27 7 7 49 48 15 65
-0.00501804 6 30 7 7 49 48 15 65
-0.00477522 6 33 7 7 49 48 15 65
-0.00502586 6 36 7 7 49 48 15 65
-0.00504406 6 39 7 7 49 48 15 65
-0.00504629 6 42 7 7 49 48 15 65
-0.0050461 6 45 7 7 49 48 15 65
-0.00504521 6 48 7 7 49 48 15 65
-0.00504576 0 0 7 7 49 48 15 65
-0.0050441 0 3 7 7 49 48 15 65
-0.00504489 0 6 7 7 49 48 15 65
-0.00504565 0 9 7 7 49 48 15 65
-0.00504602 0 12 7 7 49 48 15 65
-0.00504586 0 15 7 7 49 48 15 65
-0.00504273 0 18 7 7 49 48 15 65
-0.00504059 0 21 7 7 49 48 15 65
-0.00504324 0 24 7 7 49 48 15 65
-0.0050425 0 27 7 7 49 48 15 65
-0.00504307 0 30 7 7 49 48 15 65
-0.00503516 0 33 7 7 49 48 15 65
-0.00503541 0 36 7 7 49 48 15 65
-0.00504626 0 39 7 7 49 48 15 65
-0.00504581 0 42 7 7 49 48 15 65
-0.00504517 0 45 7 7 49 48 15 65
-0.00504386 0 48 7 7 49 48 15 65
-0.00504577 3 0 7 7 49 48 15 65
-0.00504442 3 3 7 7 49 48 15 65
-0.00504455 3 6 7 7 49 48 15 65
-0.00504532 3 9 7 7 49 48 15 65
-0.00504393 3 12 7 7 49 48 15 65
-0.00504142 3 15 7 7 49 48 15 65
-0.00504159 3 18 7 7 49 48 15 65
-0.00504258 3 21 7 7 49 48 15 65
-0.00504385 3 24 7 7 49 48 15 65
-0.00504557 3 27 7 7 49 48 15 65
-0.00504579 3 30 7 7 49 48 15 65
-0.00504449 3 33 7 7 49 48 15 65
-0.00503989 3 36 7 7 49 48 15 65
-0.0050461 3 39 7 7 49 48 15 65
-0.00504613 3 42 7 7 49 48 15 65
-0.00504561 3 45 7 7 49 48 15 65
-0.00504423 3 48 7 7 49 48 15 65
-0.00504586 6 0 7 7 49 48 15 65
-0.00504598 6 3 7 7 49 48 15 65
-0.00504576 6 6 7 7 49 48 15 65
-0.00504595 6 9 7 7 49 48 15 65
-0.0050463 6 12 7 7 49 48 15 65
-0.00504619 6 15 7 7 49 48 15 65
-0.0050459 6 18 7 7 49 48 15 65
-0.00504609 6 21 7 7 49 48 15 65
-0.00504581 6 24 7 7 49 48 15 65
-0.00504543 6 27 7 7 49 48 15 65
-0.00504589 6 30 7 7 49 48 15 65
-0.00504516 6 33 7 7 49 48 15 65
-0.00503738 6 36 7 7 49 48 15 65
-0.00504427 6 39 7 7 49 48 15 65
-0.00504621 6 42 7 7 49 48 15 65
-0.00504622 6 45 7 7 49 48 15 65
-0.00504559 6 48 7 7 49 48 15 65
-0.00503849 0 0 7 7 49 48 15 65
-0.00504261 0 3 7 7 49 48 15 65
-0.00504453 0 6 7 7 49 48 15 65
-0.00504494 0 9 7 7 49 48 15 65
-0.00504515 0 12 7 7 49 48 15 65
-0.00504185 0 15 7 7 49 48 15 65
-0.00374913 0 18 7 7 49 48 15 65
-0.00503286 0 21 7 7 49 48 15 65
-0.00504338 0 24 7 7 49 48 15 65
-0.00504345 0 27 7 7 49 48 15 65
-0.00504296 0 30 7 7 49 48 15 65
-0.00504113 0 33 7 7 49 48 15 65
-0.00501476 0 36 7 7 49 48 15 65
-0.00298481 0 39 7 7 49 48 15 65
-0.00385416 0 42 7 7 49 48 15 65
-0.00354961 0 45 7 7 49 48 15 65
-0.0030768 0 48 7 7 49 48 15 65
-0.0050359 3 0 7 7 49 48 15 65
-0.00503427 3 3 7 7 49 48 15 65
-0.00503767 3 6 7 7 49 48 15 65
-0.00503844 3 9 7 7 49 48 15 65
-0.00504036 3 12 7 7 49 48 15 65
-0.0050352 3 15 7 7 49 48 15 65
-0.00503055 3 18 7 7 49 48 15 65
-0.00504425 3 21 7 7 49 48 15 65
-0.00504612 3 24 7 7 49 48 15 65
-0.00504607 3 27 7 7 49 48 15 65
-0.00504621 3 30 7 7 49 48 15 65
-0.00504588 3 33 7 7 49 48 15 65
-0.00503967 3 36 7 7 49 48 15 65
-0.00363591 3 39 7 7 49 48 15 65
-0.00480444 3 42 7 7 49 48 15 65
-0.0039401 3 45 7 7 49 48 15 65
-0.00402364 3 48 7 7 49 48 15 65
-0.00504194 6 0 7 7 49 48 15 65
-0.00502706 6 3 7 7 49 48 15 65
-0.00502763 6 6 7 7 49 48 15 65
-0.00503629 6 9 7 7 49 48 15 65
-0.00503099 6 12 7 7 49 48 15 65
-0.00502428 6 15 7 7 49 48 15 65
-0.00503507 6 18 7 7 49 48 15 65
-0.00504535 6 21 7 7 49 48 15 65
-0.0050463 6 24 7 7 49 48 15 65
-0.00504612 6 27 7 7 49 48 15 65
-0.0050463 6 30 7 7 49 48 15 65
-0.00504618 6 33 7 7 49 48 15 65
-0.00504257 6 36 7 7 49 48 15 65
-0.0032919 6 39 7 7 49 48 15 65
-0.00501929 6 42 7 7 49 48 15 65
-0.00503892 6 45 7 7 49 48 15 65
-0.00504347 6 48 7 7 49 48 15 65
-0.00504556 0 0 7 7 49 48 15 65
-0.00504584 0 3 7 7 49 48 15 65
-0.00504588 0 6 7 7 49 48 15 65
-0.00504598 0 9 7 7 49 48 15 65
-0.00504631 0 12 7 7 49 48 15 65
-0.00504601 0 15 7 7 49 48 15 65
-0.00503899 0 18 7 7 49 48 15 65
-0.00503982 0 21 7 7 49 48 15 65
-0.00504491 0 24 7 7 49 48 15 65
-0.0050451 0 27 7 7 49 48 15 65
-0.00504487 0 30 7 7 49 48 15 65
-0.00504381 0 33 7 7 49 48 15 65
-0.00503533 0 36 7 7 49 48 15 65
-0.00503261 0 39 7 7 49 48 15 65
-0.00503435 0 42 7 7 49 48 15 65
-0.00504138 0 45 7 7 49 48 15 65
-0.00504589 0 48 7 7 49 48 15 65
-0.00504547 3 0 7 7 49 48 15 65
-0.00504567 3 3 7 7 49 48 15 65
-0.00504559 3 6 7 7 49 48 15 65
-0.0050454 3 9 7 7 49 48 15 65
-0.00504584 3 12 7 7 49 48 15 65
-0.0050462 3 15 7 7 49 48 15 65
-0.00504604 3 18 7 7 49 48 15 65
-0.00504362 3 21 7 7 49 48 15 65
-0.00504553 3 24 7 7 49 48 15 65
-0.00504552 3 27 7 7 49 48 15 65
-0.00504575 3 30 7 7 49 48 15 65
-0.00504512 3 33 7 7 49 48 15 65
-0.00503608 3 36 7 7 49 48 15 65
-0.0050328 3 39 7 7 49 48 15 65
-0.00504091 3 42 7 7 49 48 15 65
-0.00504115 3 45 7 7 49 48 15 65
-0.00504575 3 48 7 7 49 48 15 65
-0.00504578 6 0 7 7 49 48 15 65
-0.00504602 6 3 7 7 49 48 15 65
-0.00504598 6 6 7 7 49 48 15 65
-0.00504554 6 9 7 7 49 48 15 65
-0.00504504 6 12 7 7 49 48 15 65
-0.00504574 6 15 7 7 49 48 15 65
-0.00504621 6 18 7 7 49 48 15 65
-0.00504605 6 21 7 7 49 48 15 65
-0.00504398 6 24 7 7 49 48 15 65
-0.00504428 6 27 7 7 49 48 15 65
-0.00504495 6 30 7 7 49 48 15 65
-0.00504295 6 33 7 7 49 48 15 65
-0.00503378 6 36 7 7 49 48 15 65
-0.00503864 6 39 7 7 49 48 15 65
-0.00504472 6 42 7 7 49 48 15 65
-0.0050451 6 45 7 7 49 48 15 65
-0.00504473 6 48 7 7 49 48 15 65
-0.00504387 0 0 7 7 49 48 15 65
-0.00503863 0 3 7 7 49 48 15 65
-0.00503843 0 6 7 7 49 48 15 65
-0.00504161 0 9 7 7 49 48 15 65
-0.00504042 0 12 7 7 49 48 15 65
-0.0050418 0 15 7 7 49 48 15 65
-0.00504213 0 18 7 7 49 48 15 65
-0.00503788 0 21 7 7 49 48 15 65
-0.00502496 0 24 7 7 49 48 15 65
-0.0050348 0 27 7 7 49 48 15 65
-0.00503814 0 30 7 7 49 48 15 65
-0.00503886 0 33 7 7 49 48 15 65
-0.00503944 0 36 7 7 49 48 15 65
-0.0050404 0 39 7 7 49 48 15 65
-0.00504339 0 42 7 7 49 48 15 65
-0.00504397 0 45 7 7 49 48 15 65
-0.00504627 0 48 7 7 49 48 15 65
-0.00504495 3 0 7 7 49 48 15 65
-0.00504135 3 3 7 7 49 48 15 65
-0.00504283 3 6 7 7 49 48 15 65
-0.00504492 3 9 7 7 49 48 15 65
-0.00504575 3 12 7 7 49 48 15 65
-0.00504518 3 15 7 7 49 48 15 65
-0.00503821 3 18 7 7 49 48 15 65
-0.00501818 3 21 7 7 49 48 15 65
-0.00502822 3 24 7 7 49 48 15 65
-0.00502857 3 27 7 7 49 48 15 65
-0.00503064 3 30 7 7 49 48 15 65
-0.00503906 3 33 7 7 49 48 15 65
-0.00504309 3 36 7 7 49 48 15 65
-0.00503681 3 39 7 7 49 48 15 65
-0.00503102 3 42 7 7 49 48 15 65
-0.00503434 3 45 7 7 49 48 15 65
-0.00504485 3 48 7 7 49 48 15 65
-0.00504573 6 0 7 7 49 48 15 65
-0.00504602 6 3 7 7 49 48 15 65
-0.00504597 6 6 7 7 49 48 15 65
-0.00504571 6 9 7 7 49 48 15 65
-0.00504602 6 12 7 7 49 48 15 65
-0.00504626 6 15 7 7 49 48 15 65
-0.00504622 6 18 7 7 49 48 15 65
-0.00504483 6 21 7 7 49 48 15 65
-0.00504518 6 24 7 7 49 48 15 65
-0.00504372 6 27 7 7 49 48 15 65
-0.00503283 6 30 7 7 49 48 15 65
-0.00503546 6 33 7 7 49 48 15 65
-0.00502415 6 36 7 7 49 48 15 65
-0.00427823 6 39 7 7 49 48 15 65
-0.00501463 6 42 7 7 49 48 15 65
-0.00504028 6 45 7 7 49 48 15 65
-0.00504548 6 48 7 7 49 48 15 65
-0.00504114 0 0 10 10 49 48 15 65
-0.00504468 0 5 10 10 49 48 15 65
-0.00504618 0 10 10 10 49 48 15 65
-0.00504303 0 15 10 10 49 48 15 65
-0.00503533 0 20 10 10 49 48 15 65
-0.00504035 0 25 10 10 49 48 15 65
-0.00504506 0 30 10 10 49 48 15 65
-0.0050394 0 35 10 10 49 48 15 65
-0.005046 0 40 10 10 49 48 15 65
-0.00504611 0 45 10 10 49 48 15 65
-0.00504266 0 50 10 10 49 48 15 65
-0.00503683 0 55 10 10 49 48 15 65
-0.0050416 5 0 10 10 49 48 15 65
-0.005042 5 5 10 10 49 48 15 65
-0.00504349 5 10 10 10 49 48 15 65
-0.0050456 5 15 10 10 49 48 15 65
-0.00504507 5 20 10 10 49 48 15 65
-0.00504577 5 25 10 10 49 48 15 65
-0.00504561 5 30 10 10 49 48 15 65
-0.00503921 5 35 10 10 49 48 15 65
-0.00504548 5 40 10 10 49 48 15 65
-0.00504629 5 45 10 10 49 48 15 65
-0.00504509 5 50 10 10 49 48 15 65
-0.00504042 5 55 10 10 49 48 15 65
-0.00503134 0 0 10 10 49 48 15 65
-0.00501891 0 5 10 10 49 48 15 65
-0.00503082 0 10 10 10 49 48 15 65
-0.00502482 0 15 10 10 49 48 15 65
-0.00501779 0 20 10 10 49 48 15 65
-0.00504155 0 25 10 10 49 48 15 65
-0.00504112 0 30 10 10 49 48 15 65
-0.00502403 0 35 10 10 49 48 15 65
-0.00430705 0 40 10 10 49 48 15 65
-0.00502764 0 45 10 10 49 48 15 65
-0.00503077 0 50 10 10 49 48 15 65
-0.0050454 0 55 10 10 49 48 15 65
-0.00504427 5 0 10 10 49 48 15 65
-0.00504416 5 5 10 10 49 48 15 65
-0.00504604 5 10 10 10 49 48 15 65
-0.00504419 5 15 10 10 49 48 15 65
-0.00504294 5 20 10 10 49 48 15 65
-0.005045 5 25 10 10 49 48 15 65
-0.00504111 5 30 10 10 49 48 15 65
-0.00321623 5 35 10 10 49 48 15 65
-0.00358006 5 40 10 10 49 48 15 65
-0.00503203 5 45 10 10 49 48 15 65
-0.00504216 5 50 10 10 49 48 15 65
-0.00504572 5 55 10 10 49 48 15 65
-0.0050394 0 0 10 10 49 48 15 65
-0.0050456 0 5 10 10 49 48 15 65
-0.00504578 0 10 10 10 49 48 15 65
-0.00503723 0 15 10 10 49 48 15 65
-0.00503108 0 20 10 10 49 48 15 65
-0.00504443 0 25 10 10 49 48 15 65
-0.00504621 0 30 10 10 49 48 15 65
-0.00504509 0 35 10 10 49 48 15 65
-0.00502732 0 40 10 10 49 48 15 65
-0.00424952 0 45 10 10 49 48 15 65
-0.00504248 0 50 10 10 49 48 15 65
-0.00504597 0 55 10 10 49 48 15 65
-0.00504233 5 0 10 10 49 48 15 65
-0.0050459 5 5 10 10 49 48 15 65
-0.00504621 5 10 10 10 49 48 15 65
-0.00504224 5 15 10 10 49 48 15 65
-0.00503618 5 20 10 10 49 48 15 65
-0.00504278 5 25 10 10 49 48 15 65
-0.00504545 5 30 10 10 49 48 15 65
-0.00504455 5 35 10 10 49 48 15 65
-0.00504166 5 40 10 10 49 48 15 65
-0.0050446 5 45 10 10 49 48 15 65
-0.00504082 5 50 10 10 49 48 15 65
-0.00504571 5 55 10 10 49 48 15 65
-0.00504544 0 0 10 10 49 48 15 65
-0.00504623 0 5 10 10 49 48 15 65
-0.00504499 0 10 10 10 49 48 15 65
-0.00502012 0 15 10 10 49 48 15 65
-0.00315029 0 20 10 10 49 48 15 65
-0.00498382 0 25 10 10 49 48 15 65
-0.00502386 0 30 10 10 49 48 15 65
-0.00419045 0 35 10 10 49 48 15 65
-0.00341357 0 40 10 10 49 48 15 65
-0.00503179 0 45 10 10 49 48 15 65
-0.00503825 0 50 10 10 49 48 15 65
-0.0050263 0 55 10 10 49 48 15 65
-0.00504511 5 0 10 10 49 48 15 65
-0.00504565 5 5 10 10 49 48 15 65
-0.00504405 5 10 10 10 49 48 15 65
-0.00503232 5 15 10 10 49 48 15 65
-0.00501492 5 20 10 10 49 48 15 65
-0.00502299 5 25 10 10 49 48 15 65
-0.00501634 5 30 10 10 49 48 15 65
-0.00444716 5 35 10 10 49 48 15 65
-0.00468633 5 40 10 10 49 48 15 65
-0.00504413 5 45 10 10 49 48 15 65
-0.00504517 5 50 10 10 49 48 15 65
-0.00503551 5 55 10 10 49 48 15 65
-0.00504228 0 0 10 10 49 48 15 65
-0.00504494 0 5 10 10 49 48 15 65
-0.00504346 0 10 10 10 49 48 15 65
-0.00503537 0 15 10 10 49 48 15 65
-0.00501613 0 20 10 10 49 48 15 65
-0.00501632 0 25 10 10 49 48 15 65
-0.00503086 0 30 10 10 49 48 15 65
-0.00504118 0 35 10 10 49 48 15 65
-0.00502328 0 40 10 10 49 48 15 65
-0.00504285 0 45 10 10 49 48 15 65
-0.00504475 0 50 10 10 49 48 15 65
-0.00504388 0 55 10 10 49 48 15 65
-0.00504554 5 0 10 10 49 48 15 65
-0.00504588 5 5 10 10 49 48 15 65
-0.00503912 5 10 10 10 49 48 15 65
-0.00503863 5 15 10 10 49 48 15 65
-0.00504181 5 20 10 10 49 48 15 65
-0.00504469 5 25 10 10 49 48 15 65
-0.00503504 5 30 10 10 49 48 15 65
-0.00504239 5 35 10 10 49 48 15 65
-0.00504454 5 40 10 10 49 48 15 65
-0.005045 5 45 10 10 49 48 15 65
-0.0050436 5 50 10 10 49 48 15 65
-0.00504384 5 55 10 10 49 48 15 65
-0.00504599 0 0 10 10 49 48 15 65
-0.00504547 0 5 10 10 49 48 15 65
-0.00504571 0 10 10 10 49 48 15 65
-0.00504486 0 15 10 10 49 48 15 65
-0.00504166 0 20 10 10 49 48 15 65
-0.00504552 0 25 10 10 49 48 15 65
-0.00504395 0 30 10 10 49 48 15 65
-0.00504405 0 35 10 10 49 48 15 65
-0.00504605 0 40 10 10 49 48 15 65
-0.00504416 0 45 10 10 49 48 15 65
-0.00504117 0 50 10 10 49 48 15 65
-0.00504533 0 55 10 10 49 48 15 65
-0.0050451 5 0 10 10 49 48 15 65
-0.00504521 5 5 10 10 49 48 15 65
-0.0050462 5 10 10 10 49 48 15 65
-0.00504509 5 15 10 10 49 48 15 65
-0.00504604 5 20 10 10 49 48 15 65
-0.00504609 5 25 10 10 49 48 15 65
-0.00502778 5 30 10 10 49 48 15 65
-0.00504282 5 35 10 10 49 48 15 65
-0.00504624 5 40 10 10 49 48 15 65
-0.00504474 5 45 10 10 49 48 15 65
-0.00504099 5 50 10 10 49 48 15 65
-0.00504524 5 55 10 10 49 48 15 65
-0.00504536 0 0 10 10 49 48 15 65
-0.00504212 0 5 10 10 49 48 15 65
-0.00504405 0 10 10 10 49 48 15 65
-0.0050423 0 15 10 10 49 48 15 65
-0.00503097 0 20 10 10 49 48 15 65
-0.00504188 0 25 10 10 49 48 15 65
-0.0050441 0 30 10 10 49 48 15 65
-0.00504347 0 35 10 10 49 48 15 65
-0.005046 0 40 10 10 49 48 15 65
-0.00504449 0 45 10 10 49 48 15 65
-0.00504263 0 50 10 10 49 48 15 65
-0.00504556 0 55 10 10 49 48 15 65
-0.00504295 5 0 10 10 49 48 15 65
-0.00504134 5 5 10 10 49 48 15 65
-0.00504616 5 10 10 10 49 48 15 65
-0.00504431 5 15 10 10 49 48 15 65
-0.00504554 5 20 10 10 49 48 15 65
-0.005046 5 25 10 10 49 48 15 65
-0.00504577 5 30 10 10 49 48 15 65
-0.00504279 5 35 10 10 49 48 15 65
-0.00504629 5 40 10 10 49 48 15 65
-0.00504551 5 45 10 10 49 48 15 65
-0.00504009 5 50 10 10 49 48 15 65
-0.00504433 5 55 10 10 49 48 15 65
-0.00489344 0 0 10 10 49 48 15 65
-0.00501502 0 5 10 10 49 48 15 65
-0.00503593 0 10 10 10 49 48 15 65
-0.00502903 0 15 10 10 49 48 15 65
-0.00504281 0 20 10 10 49 48 15 65
-0.00504263 0 25 10 10 49 48 15 65
-0.00504444 0 30 10 10 49 48 15 65
-0.00503539 0 35 10 10 49 48 15 65
-0.00318219 0 40 10 10 49 48 15 65
-0.00294571 0 45 10 10 49 48 15 65
-0.00504579 0 50 10 10 49 48 15 65
-0.00504623 0 55 10 10 49 48 15 65
-0.00503434 5 0 10 10 49 48 15 65
-0.00502563 5 5 10 10 49 48 15 65
-0.00501381 5 10 10 10 49 48 15 65
-0.0050279 5 15 10 10 49 48 15 65
-0.00504535 5 20 10 10 49 48 15 65
-0.00504512 5 25 10 10 49 48 15 65
-0.0050461 5 30 10 10 49 48 15 65
-0.00504227 5 35 10 10 49 48 15 65
-0.00453581 5 40 10 10 49 48 15 65
-0.0050401 5 45 10 10 49 48 15 65
-0.00504606 5 50 10 10 49 48 15 65
-0.00504618 5 55 10 10 49 48 15 65
-0.00504473 0 0 10 10 49 48 15 65
-0.00504413 0 5 10 10 49 48 15 65
-0.00504583 0 10 10 10 49 48 15 65
-0.00504624 0 15 10 10 49 48 15 65
-0.00503871 0 20 10 10 49 48 15 65
-0.00503512 0 25 10 10 49 48 15 65
-0.00504148 0 30 10 10 49 48 15 65
-0.00503045 0 35 10 10 49 48 15 65
-0.00503063 0 40 10 10 49 48 15 65
-0.00504452 0 45 10 10 49 48 15 65
-0.00504624 0 50 10 10 49 48 15 65
-0.00504456 0 55 10 10 49 48 15 65
-0.00504529 5 0 10 10 49 48 15 65
-0.00504537 5 5 10 10 49 48 15 65
-0.00504383 5 10 10 10 49 48 15 65
-0.00504562 5 15 10 10 49 48 15 65
-0.00504627 5 20 10 10 49 48 15 65
-0.00504625 5 25 10 10 49 48 15 65
-0.0050457 5 30 10 10 49 48 15 65
-0.00503171 5 35 10 10 49 48 15 65
-0.00503852 5 40 10 10 49 48 15 65
-0.00504315 5 45 10 10 49 48 15 65
-0.00504622 5 50 10 10 49 48 15 65
-0.00504482 5 55 10 10 49 48 15 65
-0.00503981 0 0 10 10 49 48 15 65
-0.00503733 0 5 10 10 49 48 15 65
-0.00504398 0 10 10 10 49 48 15 65
-0.00504391 0 15 10 10 49 48 15 65
-0.00503469 0 20 10 10 49 48 15 65
-0.00292144 0 25 10 10 49 48 15 65
-0.00501499 0 30 10 10 49 48 15 65
-0.00503045 0 35 10 10 49 48 15 65
-0.00502879 0 40 10 10 49 48 15 65
-0.00504546 0 45 10 10 49 48 15 65
-0.00504571 0 50 10 10 49 48 15 65
-0.00504438 0 55 10 10 49 48 15 65
-0.00504342 5 0 10 10 49 48 15 65
-0.00503802 5 5 10 10 49 48 15 65
-0.00504499 5 10 10 10 49 48 15 65
-0.00504592 5 15 10 10 49 48 15 65
-0.00504502 5 20 10 10 49 48 15 65
-0.00504592 5 25 10 10 49 48 15 65
-0.00504039 5 30 10 10 49 48 15 65
-0.00501475 5 35 10 10 49 48 15 65
-0.00503932 5 40 10 10 49 48 15 65
-0.00504544 5 45 10 10 49 48 15 65
-0.00504556 5 50 10 10 49 48 15 65
-0.00504347 5 55 10 10 49 48 15 65
-0.00504426 0 0 10 14 49 48 15 65
-0.0050457 0 7 10 14 49 48 15 65
-0.00504267 0 14 10 14 49 48 15 65
-0.00503284 0 21 10 14 49 48 15 65
-0.00504307 0 28 10 14 49 48 15 65
-0.00504326 0 35 10 14 49 48 15 65
-0.00504623 0 42 10 14 49 48 15 65
-0.00504269 0 49 10 14 49 48 15 65
-0.00504072 5 0 10 14 49 48 15 65
-0.0050437 5 7 10 14 49 48 15 65
-0.00504553 5 14 10 14 49 48 15 65
-0.00504598 5 21 10 14 49 48 15 65
-0.00504482 5 28 10 14 49 48 15 65
-0.00504148 5 35 10 14 49 48 15 65
-0.00504635 5 42 10 14 49 48 15 65
-0.00504432 5 49 10 14 49 48 15 65
-0.00345848 0 0 10 14 49 48 15 65
-0.0038015 0 7 10 14 49 48 15 65
-0.00360904 0 14 10 14 49 48 15 65
-0.0050337 0 21 10 14 49 48 15 65
-0.00504091 0 28 10 14 49 48 15 65
-0.00311342 0 35 10 14 49 48 15 65
-0.0043905 0 42 10 14 49 48 15 65
-0.00504114 0 49 10 14 49 48 15 65
-0.00504298 5 0 10 14 49 48 15 65
-0.00504494 5 7 10 14 49 48 15 65
-0.00504336 5 14 10 14 49 48 15 65
-0.00504115 5 21 10 14 49 48 15 65
-0.00504146 5 28 10 14 49 48 15 65
-0.0041642 5 35 10 14 49 48 15 65
-0.00502946 5 42 10 14 49 48 15 65
-0.00504362 5 49 10 14 49 48 15 65
-0.00504413 0 0 10 14 49 48 15 65
-0.00504594 0 7 10 14 49 48 15 65
-0.00503588 0 14 10 14 49 48 15 65
-0.00504201 0 21 10 14 49 48 15 65
-0.00504616 0 28 10 14 49 48 15 65
-0.00504245 0 35 10 14 49 48 15 65
-0.00459665 0 42 10 14 49 48 15 65
-0.00504352 0 49 10 14 49 48 15 65
-0.00504304 5 0 10 14 49 48 15 65
-0.00504631 5 7 10 14 49 48 15 65
-0.00504166 5 14 10 14 49 48 15 65
-0.00504079 5 21 10 14 49 48 15 65
-0.00504554 5 28 10 14 49 48 15 65
-0.00504319 5 35 10 14 49 48 15 65
-0.00504319 5 42 10 14 49 48 15 65
-0.00502782 5 49 10 14 49 48 15 65
-0.00504625 0 0 10 14 49 48 15 65
-0.0050454 0 7 10 14 49 48 15 65
-0.00501384 0 14 10 14 49 48 15 65
-0.00450505 0 21 10 14 49 48 15 65
-0.00501842 0 28 10 14 49 48 15 65
-0.00336225 0 35 10 14 49 48 15 65
-0.00502279 0 42 10 14 49 48 15 65
-0.00503641 0 49 10 14 49 48 15 65
-0.0050455 5 0 10 14 49 48 15 65
-0.0050442 5 7 10 14 49 48 15 65
-0.00502326 5 14 10 14 49 48 15 65
-0.00501751 5 21 10 14 49 48 15 65
-0.00501708 5 28 10 14 49 48 15 65
-0.00348912 5 35 10 14 49 48 15 65
-0.00504173 5 42 10 14 49 48 15 65
-0.00504314 5 49 10 14 49 48 15 65
-0.00504355 0 0 10 14 49 48 15 65
-0.00504205 0 7 10 14 49 48 15 65
-0.00492333 0 14 10 14 49 48 15 65
-0.00447608 0 21 10 14 49 48 15 65
-0.00503629 0 28 10 14 49 48 15 65
-0.0050418 0 35 10 14 49 48 15 65
-0.00504054 0 42 10 14 49 48 15 65
-0.00503725 0 49 10 14 49 48 15 65
-0.00504584 5 0 10 14 49 48 15 65
-0.0050432 5 7 10 14 49 48 15 65
-0.00502649 5 14 10 14 49 48 15 65
-0.0050407 5 21 10 14 49 48 15 65
-0.00503891 5 28 10 14 49 48 15 65
-0.00504443 5 35 10 14 49 48 15 65
-0.00504485 5 42 10 14 49 48 15 65
-0.00504101 5 49 10 14 49 48 15 65
-0.00504444 0 0 10 14 49 48 15 65
-0.00504236 0 7 10 14 49 48 15 65
-0.00503634 0 14 10 14 49 48 15 65
-0.00504306 0 21 10 14 49 48 15 65
-0.00504525 0 28 10 14 49 48 15 65
-0.005046 0 35 10 14 49 48 15 65
-0.00504318 0 42 10 14 49 48 15 65
-0.00504048 0 49 10 14 49 48 15 65
-0.00504002 5 0 10 14 49 48 15 65
-0.00504475 5 7 10 14 49 48 15 65
-0.00504306 5 14 10 14 49 48 15 65
-0.00504616 5 21 10 14 49 48 15 65
-0.00503705 5 28 10 14 49 48 15 65
-0.00504613 5 35 10 14 49 48 15 65
-0.00504444 5 42 10 14 49 48 15 65
-0.00504104 5 49 10 14 49 48 15 65
-0.00504478 0 0 10 14 49 48 15 65
-0.00504278 0 7 10 14 49 48 15 65
-0.00504186 0 14 10 14 49 48 15 65
-0.0050406 0 21 10 14 49 48 15 65
-0.0050427 0 28 10 14 49 48 15 65
-0.00504626 0 35 10 14 49 48 15 65
-0.00504416 0 42 10 14 49 48 15 65
-0.00504036 0 49 10 14 49 48 15 65
-0.0050428 5 0 10 14 49 48 15 65
-0.00504597 5 7 10 14 49 48 15 65
-0.00504195 5 14 10 14 49 48 15 65
-0.00504623 5 21 10 14 49 48 15 65
-0.00504491 5 28 10 14 49 48 15 65
-0.00504541 5 35 10 14 49 48 15 65
-0.0050457 5 42 10 14 49 48 15 65
-0.00501455 5 49 10 14 49 48 15 65
-0.00502311 0 0 10 14 49 48 15 65
-0.00474552 0 7 10 14 49 48 15 65
-0.00503269 0 14 10 14 49 48 15 65
-0.00503713 0 21 10 14 49 48 15 65
-0.00503947 0 28 10 14 49 48 15 65
-0.00501944 0 35 10 14 49 48 15 65
-0.00339616 0 42 10 14 49 48 15 65
-0.00504622 0 49 10 14 49 48 15 65
-0.00501903 5 0 10 14 49 48 15 65
-0.00301248 5 7 10 14 49 48 15 65
-0.00503878 5 14 10 14 49 48 15 65
-0.00504169 5 21 10 14 49 48 15 65
-0.00504465 5 28 10 14 49 48 15 65
-0.00503664 5 35 10 14 49 48 15 65
-0.00503895 5 42 10 14 49 48 15 65
-0.00504631 5 49 10 14 49 48 15 65
-0.00504351 0 0 10 14 49 48 15 65
-0.00504547 0 7 10 14 49 48 15 65
-0.00504621 0 14 10 14 49 48 15 65
-0.00486321 0 21 10 14 49 48 15 65
-0.00503263 0 28 10 14 49 48 15 65
-0.00502333 0 35 10 14 49 48 15 65
-0.00504539 0 42 10 14 49 48 15 65
-0.00504556 0 49 10 14 49 48 15 65
-0.00503913 5 0 10 14 49 48 15 65
-0.00503977 5 7 10 14 49 48 15 65
-0.00504546 5 14 10 14 49 48 15 65
-0.00504632 5 21 10 14 49 48 15 65
-0.00504552 5 28 10 14 49 48 15 65
-0.00502433 5 35 10 14 49 48 15 65
-0.00504448 5 42 10 14 49 48 15 65
-0.00504583 5 49 10 14 49 48 15 65
-0.00504173 0 0 10 14 49 48 15 65
-0.00504064 0 7 10 14 49 48 15 65
-0.00504248 0 14 10 14 49 48 15 65
-0.00502346 0 21 10 14 49 48 15 65
-0.00351892 0 28 10 14 49 48 15 65
-0.00314184 0 35 10 14 49 48 15 65
-0.00504483 0 42 10 14 49 48 15 65
-0.00504216 0 49 10 14 49 48 15 65
-0.00504041 5 0 10 14 49 48 15 65
-0.0050445 5 7 10 14 49 48 15 65
-0.0050459 5 14 10 14 49 48 15 65
-0.00504446 5 21 10 14 49 48 15 65
-0.0050442 5 28 10 14 49 48 15 65
-0.00503317 5 35 10 14 49 48 15 65
-0.00504565 5 42 10 14 49 48 15 65
-0.00504414 5 49 10 14 49 48 15 65
-0.00504443 0 0 15 26 49 48 15 65
-0.00504579 0 13 15 26 49 48 15 65
-0.00504206 0 26 15 26 49 48 15 65
-0.0050451 0 39 15 26 49 48 15 65
-0.00504089 0 0 15 26 49 48 15 65
-0.00504235 0 13 15 26 49 48 15 65
-0.00456623 0 26 15 26 49 48 15 65
-0.00504112 0 39 15 26 49 48 15 65
-0.00504629 0 0 15 26 49 48 15 65
-0.00502893 0 13 15 26 49 48 15 65
-0.00504626 0 26 15 26 49 48 15 65
-0.00369266 0 39 15 26 49 48 15 65
-0.00504406 0 0 15 26 49 48 15 65
-0.00293574 0 13 15 26 49 48 15 65
-0.00501667 0 26 15 26 49 48 15 65
-0.00502766 0 39 15 26 49 48 15 65
-0.00503798 0 0 15 26 49 48 15 65
-0.00421978 0 13 15 26 49 48 15 65
-0.00503938 0 26 15 26 49 48 15 65
-0.00503562 0 39 15 26 49 48 15 65
-0.00503148 0 0 15 26 49 48 15 65
-0.00504276 0 13 15 26 49 48 15 65
-0.00504278 0 26 15 26 49 48 15 65
-0.00325391 0 39 15 26 49 48 15 65
-0.0050331 0 0 15 26 49 48 15 65
-0.0050444 0 13 15 26 49 48 15 65
-0.00504629 0 26 15 26 49 48 15 65
-0.00441855 0 39 15 26 49 48 15 65
-0.00413074 0 0 15 26 49 48 15 65
-0.00391203 0 13 15 26 49 48 15 65
-0.00377353 0 26 15 26 49 48 15 65
-0.00504617 0 39 15 26 49 48 15 65
-0.00504453 0 0 15 26 49 48 15 65
-0.00504629 0 13 15 26 49 48 15 65
-0.00503121 0 26 15 26 49 48 15 65
-0.00504595 0 39 15 26 49 48 15 65
-0.00504082 0 0 15 26 49 48 15 65
-0.0050452 0 13 15 26 49 48 15 65
-0.00503912 0 26 15 26 49 48 15 65
-0.00503693 0 39 15 26 49 48 15 65
-0.00504615 0 0 15 43 49 48 15 65
-0.00504544 0 21 15 43 49 48 15 65
-0.00504198 0 0 15 43 49 48 15 65
-0.00502094 0 21 15 43 49 48 15 65
-0.0050459 0 0 15 43 49 48 15 65
-0.00504512 0 21 15 43 49 48 15 65
-0.00503097 0 0 15 43 49 48 15 65
-0.00501551 0 21 15 43 49 48 15 65
-0.00503949 0 0 15 43 49 48 15 65
-0.00503624 0 21 15 43 49 48 15 65
-0.00502415 0 0 15 43 49 48 15 65
-0.00503539 0 21 15 43 49 48 15 65
-0.00503937 0 0 15 43 49 48 15 65
-0.00407647 0 21 15 43 49 48 15 65
-0.0032463 0 0 15 43 49 48 15 65
-0.00504522 0 21 15 43 49 48 15 65
-0.00504587 0 0 15 43 49 48 15 65
-0.00504563 0 21 15 43 49 48 15 65
-0.0050426 0 0 15 43 49 48 15 65
-0.00504103 0 21 15 43 49 48 15 65
