1041 
829 
799 
1002 
908 
1003 
866 
1040 
1038 
875 
1059 
880 
1056 
659 
873 
883 
592 
867 
863 
906 
1019 
864 
581 
1042 
1014 
1004 
1058 
899 
29 
865 
1000 
1022 
568 
1047 
1051 
1001 
907 
569 
894 
587 
599 
1016 
586 
1029 
1049 
1043 
893 
860 
1025 
1006 
588 
1010 
868 
629 
637 
593 
627 
1005 
73 
90 
567 
565 
884 
28 
580 
657 
929 
879 
947 
922 
876 
878 
1037 
1054 
952 
9 
1023 
570 
585 
953 
