-0.000286115 0 0 10 8 520 199 55 30
-0.000286103 0 4 10 8 520 199 55 30
-0.000286089 0 8 10 8 520 199 55 30
-0.000286115 0 12 10 8 520 199 55 30
-0.000286122 0 16 10 8 520 199 55 30
-0.000286118 0 20 10 8 520 199 55 30
-0.00028613 5 0 10 8 520 199 55 30
-0.000286131 5 4 10 8 520 199 55 30
-0.000286126 5 8 10 8 520 199 55 30
-0.000286109 5 12 10 8 520 199 55 30
-0.000286098 5 16 10 8 520 199 55 30
-0.000286107 5 20 10 8 520 199 55 30
-0.00028606 10 0 10 8 520 199 55 30
-0.000286132 10 4 10 8 520 199 55 30
-0.000286136 10 8 10 8 520 199 55 30
-0.000286134 10 12 10 8 520 199 55 30
-0.000286126 10 16 10 8 520 199 55 30
-0.000286048 10 20 10 8 520 199 55 30
-0.000286087 15 0 10 8 520 199 55 30
-0.000286132 15 4 10 8 520 199 55 30
-0.000286129 15 8 10 8 520 199 55 30
-0.000286134 15 12 10 8 520 199 55 30
-0.000286127 15 16 10 8 520 199 55 30
-0.000286 15 20 10 8 520 199 55 30
-0.000285991 20 0 10 8 520 199 55 30
-0.000286129 20 4 10 8 520 199 55 30
-0.000286131 20 8 10 8 520 199 55 30
-0.00028613 20 12 10 8 520 199 55 30
-0.000286114 20 16 10 8 520 199 55 30
-0.000285934 20 20 10 8 520 199 55 30
-0.000285713 25 0 10 8 520 199 55 30
-0.000286107 25 4 10 8 520 199 55 30
-0.000286128 25 8 10 8 520 199 55 30
-0.000286112 25 12 10 8 520 199 55 30
-0.000286074 25 16 10 8 520 199 55 30
-0.000286013 25 20 10 8 520 199 55 30
-0.00028583 30 0 10 8 520 199 55 30
-0.000286082 30 4 10 8 520 199 55 30
-0.000286105 30 8 10 8 520 199 55 30
-0.000285939 30 12 10 8 520 199 55 30
-0.000286068 30 16 10 8 520 199 55 30
-0.000286096 30 20 10 8 520 199 55 30
-0.000286099 35 0 10 8 520 199 55 30
-0.00028599 35 4 10 8 520 199 55 30
-0.000285944 35 8 10 8 520 199 55 30
-0.00028603 35 12 10 8 520 199 55 30
-0.000286045 35 16 10 8 520 199 55 30
-0.00028611 35 20 10 8 520 199 55 30
-0.000286122 40 0 10 8 520 199 55 30
-0.000286088 40 4 10 8 520 199 55 30
-0.000286019 40 8 10 8 520 199 55 30
-0.000286079 40 12 10 8 520 199 55 30
-0.00028609 40 16 10 8 520 199 55 30
-0.000286032 40 20 10 8 520 199 55 30
-0.000286099 45 0 10 8 520 199 55 30
-0.000286012 45 4 10 8 520 199 55 30
-0.000285918 45 8 10 8 520 199 55 30
-0.000286006 45 12 10 8 520 199 55 30
-0.000286026 45 16 10 8 520 199 55 30
-0.000286087 45 20 10 8 520 199 55 30
-0.000286135 0 0 10 8 520 199 55 30
-0.000286137 0 4 10 8 520 199 55 30
-0.000286137 0 8 10 8 520 199 55 30
-0.000286136 0 12 10 8 520 199 55 30
-0.00028613 0 16 10 8 520 199 55 30
-0.000286122 0 20 10 8 520 199 55 30
-0.00028609 5 0 10 8 520 199 55 30
-0.000286129 5 4 10 8 520 199 55 30
-0.000286133 5 8 10 8 520 199 55 30
-0.000286133 5 12 10 8 520 199 55 30
-0.000286133 5 16 10 8 520 199 55 30
-0.000286127 5 20 10 8 520 199 55 30
-0.000286057 10 0 10 8 520 199 55 30
-0.000285946 10 4 10 8 520 199 55 30
-0.00028592 10 8 10 8 520 199 55 30
-0.000286013 10 12 10 8 520 199 55 30
-0.00028612 10 16 10 8 520 199 55 30
-0.000286135 10 20 10 8 520 199 55 30
-0.000286103 15 0 10 8 520 199 55 30
-0.000285873 15 4 10 8 520 199 55 30
-0.000232449 15 8 10 8 520 199 55 30
-0.000210241 15 12 10 8 520 199 55 30
-0.000286133 15 16 10 8 520 199 55 30
-0.000286133 15 20 10 8 520 199 55 30
-0.000286112 20 0 10 8 520 199 55 30
-0.000285953 20 4 10 8 520 199 55 30
-0.000285883 20 8 10 8 520 199 55 30
-0.000286008 20 12 10 8 520 199 55 30
-0.000286135 20 16 10 8 520 199 55 30
-0.00028613 20 20 10 8 520 199 55 30
-0.000286106 25 0 10 8 520 199 55 30
-0.000286021 25 4 10 8 520 199 55 30
-0.00028596 25 8 10 8 520 199 55 30
-0.000286112 25 12 10 8 520 199 55 30
-0.000286137 25 16 10 8 520 199 55 30
-0.000286109 25 20 10 8 520 199 55 30
-0.000286094 30 0 10 8 520 199 55 30
-0.000285921 30 4 10 8 520 199 55 30
-0.000286095 30 8 10 8 520 199 55 30
-0.000286131 30 12 10 8 520 199 55 30
-0.000286137 30 16 10 8 520 199 55 30
-0.000286083 30 20 10 8 520 199 55 30
-0.000286099 35 0 10 8 520 199 55 30
-0.000286104 35 4 10 8 520 199 55 30
-0.000286111 35 8 10 8 520 199 55 30
-0.000286128 35 12 10 8 520 199 55 30
-0.000286126 35 16 10 8 520 199 55 30
-0.000286074 35 20 10 8 520 199 55 30
-0.000286094 40 0 10 8 520 199 55 30
-0.00028603 40 4 10 8 520 199 55 30
-0.000286097 40 8 10 8 520 199 55 30
-0.000286127 40 12 10 8 520 199 55 30
-0.000286123 40 16 10 8 520 199 55 30
-0.00028611 40 20 10 8 520 199 55 30
-0.000286136 45 0 10 8 520 199 55 30
-0.000286127 45 4 10 8 520 199 55 30
-0.000286106 45 8 10 8 520 199 55 30
-0.000286097 45 12 10 8 520 199 55 30
-0.000286113 45 16 10 8 520 199 55 30
-0.000286105 45 20 10 8 520 199 55 30
-0.000286129 0 0 10 8 520 199 55 30
-0.00028613 0 4 10 8 520 199 55 30
-0.000286128 0 8 10 8 520 199 55 30
-0.000286124 0 12 10 8 520 199 55 30
-0.000286118 0 16 10 8 520 199 55 30
-0.000286071 0 20 10 8 520 199 55 30
-0.000286084 5 0 10 8 520 199 55 30
-0.000286077 5 4 10 8 520 199 55 30
-0.000286079 5 8 10 8 520 199 55 30
-0.000286075 5 12 10 8 520 199 55 30
-0.000286061 5 16 10 8 520 199 55 30
-0.000285957 5 20 10 8 520 199 55 30
-0.000286069 10 0 10 8 520 199 55 30
-0.000229256 10 4 10 8 520 199 55 30
-0.000161081 10 8 10 8 520 199 55 30
-0.00017023 10 12 10 8 520 199 55 30
-0.000285721 10 16 10 8 520 199 55 30
-0.000286083 10 20 10 8 520 199 55 30
-0.000286081 15 0 10 8 520 199 55 30
-0.000222881 15 4 10 8 520 199 55 30
-5.02704e-005 15 8 10 8 520 199 55 30
-9.0165e-005 15 12 10 8 520 199 55 30
-0.000285646 15 16 10 8 520 199 55 30
-0.000286093 15 20 10 8 520 199 55 30
-0.000286088 20 0 10 8 520 199 55 30
-0.000216518 20 4 10 8 520 199 55 30
-9.6206e-005 20 8 10 8 520 199 55 30
-6.85197e-005 20 12 10 8 520 199 55 30
-0.000260884 20 16 10 8 520 199 55 30
-0.000286084 20 20 10 8 520 199 55 30
-0.000286085 25 0 10 8 520 199 55 30
-0.000123905 25 4 10 8 520 199 55 30
-0.000120738 25 8 10 8 520 199 55 30
-6.54122e-005 25 12 10 8 520 199 55 30
-0.000267116 25 16 10 8 520 199 55 30
-0.00028607 25 20 10 8 520 199 55 30
-0.000286079 30 0 10 8 520 199 55 30
-0.00011755 30 4 10 8 520 199 55 30
-0.000108207 30 8 10 8 520 199 55 30
-5.59522e-005 30 12 10 8 520 199 55 30
-0.000248305 30 16 10 8 520 199 55 30
-0.000286067 30 20 10 8 520 199 55 30
-0.000286031 35 0 10 8 520 199 55 30
-0.000105088 35 4 10 8 520 199 55 30
-0.000114499 35 8 10 8 520 199 55 30
-0.00296848 35 12 10 8 520 199 55 30
-0.000279483 35 16 10 8 520 199 55 30
-0.000286061 35 20 10 8 520 199 55 30
-0.000285681 40 0 10 8 520 199 55 30
-0.000139715 40 4 10 8 520 199 55 30
-9.91259e-005 40 8 10 8 520 199 55 30
-9.32156e-005 40 12 10 8 520 199 55 30
-0.000270219 40 16 10 8 520 199 55 30
-0.000286024 40 20 10 8 520 199 55 30
-0.000285802 45 0 10 8 520 199 55 30
-0.000127103 45 4 10 8 520 199 55 30
-8.37969e-005 45 8 10 8 520 199 55 30
-7.40253e-005 45 12 10 8 520 199 55 30
-0.000213379 45 16 10 8 520 199 55 30
-0.000285746 45 20 10 8 520 199 55 30
-0.000286082 0 0 10 8 520 199 55 30
-0.000286102 0 4 10 8 520 199 55 30
-0.000286121 0 8 10 8 520 199 55 30
-0.000286133 0 12 10 8 520 199 55 30
-0.000286126 0 16 10 8 520 199 55 30
-0.000286085 0 20 10 8 520 199 55 30
-0.000286085 5 0 10 8 520 199 55 30
-0.00028595 5 4 10 8 520 199 55 30
-0.000286037 5 8 10 8 520 199 55 30
-0.000286119 5 12 10 8 520 199 55 30
-0.000286119 5 16 10 8 520 199 55 30
-0.000286068 5 20 10 8 520 199 55 30
-0.000286065 10 0 10 8 520 199 55 30
-0.000286077 10 4 10 8 520 199 55 30
-0.000286085 10 8 10 8 520 199 55 30
-0.000286112 10 12 10 8 520 199 55 30
-0.000286117 10 16 10 8 520 199 55 30
-0.00028602 10 20 10 8 520 199 55 30
-0.000286033 15 0 10 8 520 199 55 30
-0.000285983 15 4 10 8 520 199 55 30
-0.000286055 15 8 10 8 520 199 55 30
-0.000286069 15 12 10 8 520 199 55 30
-0.000286101 15 16 10 8 520 199 55 30
-0.000286079 15 20 10 8 520 199 55 30
-0.000286021 20 0 10 8 520 199 55 30
-0.000130274 20 4 10 8 520 199 55 30
-0.000285898 20 8 10 8 520 199 55 30
-0.00028608 20 12 10 8 520 199 55 30
-0.000286122 20 16 10 8 520 199 55 30
-0.000286073 20 20 10 8 520 199 55 30
-0.000285981 25 0 10 8 520 199 55 30
-0.000285648 25 4 10 8 520 199 55 30
-0.000286054 25 8 10 8 520 199 55 30
-0.000286122 25 12 10 8 520 199 55 30
-0.000286132 25 16 10 8 520 199 55 30
-0.000286074 25 20 10 8 520 199 55 30
-0.00028593 30 0 10 8 520 199 55 30
-0.000219694 30 4 10 8 520 199 55 30
-0.000286069 30 8 10 8 520 199 55 30
-0.000286128 30 12 10 8 520 199 55 30
-0.000286132 30 16 10 8 520 199 55 30
-0.000286059 30 20 10 8 520 199 55 30
-0.000285939 35 0 10 8 520 199 55 30
-0.000200853 35 4 10 8 520 199 55 30
-0.000286061 35 8 10 8 520 199 55 30
-0.000286128 35 12 10 8 520 199 55 30
-0.000286132 35 16 10 8 520 199 55 30
-0.000286097 35 20 10 8 520 199 55 30
-0.000286041 40 0 10 8 520 199 55 30
-0.000286026 40 4 10 8 520 199 55 30
-0.000286065 40 8 10 8 520 199 55 30
-0.000286116 40 12 10 8 520 199 55 30
-0.000286134 40 16 10 8 520 199 55 30
-0.000286122 40 20 10 8 520 199 55 30
-0.000286104 45 0 10 8 520 199 55 30
-0.000286101 45 4 10 8 520 199 55 30
-0.000286078 45 8 10 8 520 199 55 30
-0.000286013 45 12 10 8 520 199 55 30
-0.000286123 45 16 10 8 520 199 55 30
-0.000286118 45 20 10 8 520 199 55 30
-0.000286118 0 0 10 8 520 199 55 30
-0.000286094 0 4 10 8 520 199 55 30
-0.000286125 0 8 10 8 520 199 55 30
-0.00028613 0 12 10 8 520 199 55 30
-0.000286131 0 16 10 8 520 199 55 30
-0.000286132 0 20 10 8 520 199 55 30
-0.000286132 5 0 10 8 520 199 55 30
-0.00028613 5 4 10 8 520 199 55 30
-0.000286123 5 8 10 8 520 199 55 30
-0.000286098 5 12 10 8 520 199 55 30
-0.000286058 5 16 10 8 520 199 55 30
-0.000286105 5 20 10 8 520 199 55 30
-0.000286125 10 0 10 8 520 199 55 30
-0.000286135 10 4 10 8 520 199 55 30
-0.000286134 10 8 10 8 520 199 55 30
-0.000286133 10 12 10 8 520 199 55 30
-0.000286132 10 16 10 8 520 199 55 30
-0.000286133 10 20 10 8 520 199 55 30
-0.000286048 15 0 10 8 520 199 55 30
-0.000286061 15 4 10 8 520 199 55 30
-0.000286089 15 8 10 8 520 199 55 30
-0.000286138 15 12 10 8 520 199 55 30
-0.000286139 15 16 10 8 520 199 55 30
-0.000286138 15 20 10 8 520 199 55 30
-0.000286076 20 0 10 8 520 199 55 30
-0.000286131 20 4 10 8 520 199 55 30
-0.000286129 20 8 10 8 520 199 55 30
-0.000286125 20 12 10 8 520 199 55 30
-0.000286134 20 16 10 8 520 199 55 30
-0.000286135 20 20 10 8 520 199 55 30
-0.000286137 25 0 10 8 520 199 55 30
-0.000286137 25 4 10 8 520 199 55 30
-0.000286137 25 8 10 8 520 199 55 30
-0.000286139 25 12 10 8 520 199 55 30
-0.000286128 25 16 10 8 520 199 55 30
-0.000286133 25 20 10 8 520 199 55 30
-0.000286136 30 0 10 8 520 199 55 30
-0.000286123 30 4 10 8 520 199 55 30
-0.00028609 30 8 10 8 520 199 55 30
-0.000286131 30 12 10 8 520 199 55 30
-0.000286059 30 16 10 8 520 199 55 30
-0.000286132 30 20 10 8 520 199 55 30
-0.000286128 35 0 10 8 520 199 55 30
-0.00028611 35 4 10 8 520 199 55 30
-0.00028613 35 8 10 8 520 199 55 30
-0.000286131 35 12 10 8 520 199 55 30
-0.000286007 35 16 10 8 520 199 55 30
-0.00028597 35 20 10 8 520 199 55 30
-0.000286126 40 0 10 8 520 199 55 30
-0.000286131 40 4 10 8 520 199 55 30
-0.000286134 40 8 10 8 520 199 55 30
-0.00028613 40 12 10 8 520 199 55 30
-0.000285994 40 16 10 8 520 199 55 30
-0.000133426 40 20 10 8 520 199 55 30
-0.000286111 45 0 10 8 520 199 55 30
-0.000286106 45 4 10 8 520 199 55 30
-0.000286119 45 8 10 8 520 199 55 30
-0.000286126 45 12 10 8 520 199 55 30
-0.000286084 45 16 10 8 520 199 55 30
-8.06782e-005 45 20 10 8 520 199 55 30
-0.000286119 0 0 10 8 520 199 55 30
-0.000286129 0 4 10 8 520 199 55 30
-0.000286135 0 8 10 8 520 199 55 30
-0.000286136 0 12 10 8 520 199 55 30
-0.000286125 0 16 10 8 520 199 55 30
-0.000286127 0 20 10 8 520 199 55 30
-0.000286131 5 0 10 8 520 199 55 30
-0.000286127 5 4 10 8 520 199 55 30
-0.000286134 5 8 10 8 520 199 55 30
-0.000286137 5 12 10 8 520 199 55 30
-0.000286132 5 16 10 8 520 199 55 30
-0.000286123 5 20 10 8 520 199 55 30
-0.000286129 10 0 10 8 520 199 55 30
-0.000286136 10 4 10 8 520 199 55 30
-0.000286137 10 8 10 8 520 199 55 30
-0.000286138 10 12 10 8 520 199 55 30
-0.000286134 10 16 10 8 520 199 55 30
-0.000286126 10 20 10 8 520 199 55 30
-0.000285883 15 0 10 8 520 199 55 30
-0.000286122 15 4 10 8 520 199 55 30
-0.000286137 15 8 10 8 520 199 55 30
-0.000286135 15 12 10 8 520 199 55 30
-0.000286138 15 16 10 8 520 199 55 30
-0.000286133 15 20 10 8 520 199 55 30
-0.000285895 20 0 10 8 520 199 55 30
-0.000286132 20 4 10 8 520 199 55 30
-0.000286133 20 8 10 8 520 199 55 30
-0.000286138 20 12 10 8 520 199 55 30
-0.000286138 20 16 10 8 520 199 55 30
-0.000286134 20 20 10 8 520 199 55 30
-0.000286122 25 0 10 8 520 199 55 30
-0.000286132 25 4 10 8 520 199 55 30
-0.000286129 25 8 10 8 520 199 55 30
-0.000286135 25 12 10 8 520 199 55 30
-0.000286134 25 16 10 8 520 199 55 30
-0.000286122 25 20 10 8 520 199 55 30
-0.000286134 30 0 10 8 520 199 55 30
-0.000286129 30 4 10 8 520 199 55 30
-0.00028612 30 8 10 8 520 199 55 30
-0.0002861 30 12 10 8 520 199 55 30
-0.000286118 30 16 10 8 520 199 55 30
-0.000286127 30 20 10 8 520 199 55 30
-0.000286125 35 0 10 8 520 199 55 30
-0.00028613 35 4 10 8 520 199 55 30
-0.000286134 35 8 10 8 520 199 55 30
-0.000286133 35 12 10 8 520 199 55 30
-0.000286115 35 16 10 8 520 199 55 30
-0.000285681 35 20 10 8 520 199 55 30
-0.000286132 40 0 10 8 520 199 55 30
-0.000286115 40 4 10 8 520 199 55 30
-0.000286127 40 8 10 8 520 199 55 30
-0.000286132 40 12 10 8 520 199 55 30
-0.000286076 40 16 10 8 520 199 55 30
-0.000285759 40 20 10 8 520 199 55 30
-0.000286113 45 0 10 8 520 199 55 30
-0.000286116 45 4 10 8 520 199 55 30
-0.000286113 45 8 10 8 520 199 55 30
-0.000286127 45 12 10 8 520 199 55 30
-0.00028585 45 16 10 8 520 199 55 30
-0.000285703 45 20 10 8 520 199 55 30
-0.000286081 0 0 10 8 520 199 55 30
-0.000286134 0 4 10 8 520 199 55 30
-0.000286134 0 8 10 8 520 199 55 30
-0.000286135 0 12 10 8 520 199 55 30
-0.00028613 0 16 10 8 520 199 55 30
-0.000286125 0 20 10 8 520 199 55 30
-0.000286091 5 0 10 8 520 199 55 30
-0.000286129 5 4 10 8 520 199 55 30
-0.000286134 5 8 10 8 520 199 55 30
-0.000286122 5 12 10 8 520 199 55 30
-0.000286133 5 16 10 8 520 199 55 30
-0.000286127 5 20 10 8 520 199 55 30
-0.000286124 10 0 10 8 520 199 55 30
-0.000286122 10 4 10 8 520 199 55 30
-0.000286135 10 8 10 8 520 199 55 30
-0.000286137 10 12 10 8 520 199 55 30
-0.00028613 10 16 10 8 520 199 55 30
-0.000286072 10 20 10 8 520 199 55 30
-0.000286059 15 0 10 8 520 199 55 30
-0.00028612 15 4 10 8 520 199 55 30
-0.000286127 15 8 10 8 520 199 55 30
-0.000286137 15 12 10 8 520 199 55 30
-0.000286126 15 16 10 8 520 199 55 30
-0.000286109 15 20 10 8 520 199 55 30
-0.000286049 20 0 10 8 520 199 55 30
-0.000286081 20 4 10 8 520 199 55 30
-0.000286129 20 8 10 8 520 199 55 30
-0.000286135 20 12 10 8 520 199 55 30
-0.000286116 20 16 10 8 520 199 55 30
-0.000286099 20 20 10 8 520 199 55 30
-0.000286127 25 0 10 8 520 199 55 30
-0.000286114 25 4 10 8 520 199 55 30
-0.000286137 25 8 10 8 520 199 55 30
-0.00028613 25 12 10 8 520 199 55 30
-0.000286078 25 16 10 8 520 199 55 30
-0.000286099 25 20 10 8 520 199 55 30
-0.000286133 30 0 10 8 520 199 55 30
-0.000286122 30 4 10 8 520 199 55 30
-0.000286136 30 8 10 8 520 199 55 30
-0.000286127 30 12 10 8 520 199 55 30
-0.000286106 30 16 10 8 520 199 55 30
-0.000286091 30 20 10 8 520 199 55 30
-0.000286135 35 0 10 8 520 199 55 30
-0.000286071 35 4 10 8 520 199 55 30
-0.000286125 35 8 10 8 520 199 55 30
-0.000286134 35 12 10 8 520 199 55 30
-0.000286131 35 16 10 8 520 199 55 30
-0.000286097 35 20 10 8 520 199 55 30
-0.000286128 40 0 10 8 520 199 55 30
-0.000282559 40 4 10 8 520 199 55 30
-0.000285773 40 8 10 8 520 199 55 30
-0.000286132 40 12 10 8 520 199 55 30
-0.000286132 40 16 10 8 520 199 55 30
-0.000286117 40 20 10 8 520 199 55 30
-0.000286109 45 0 10 8 520 199 55 30
-0.000286086 45 4 10 8 520 199 55 30
-0.000286103 45 8 10 8 520 199 55 30
-0.000286096 45 12 10 8 520 199 55 30
-0.000286129 45 16 10 8 520 199 55 30
-0.000286111 45 20 10 8 520 199 55 30
-0.00028606 0 0 10 8 520 199 55 30
-0.000286121 0 4 10 8 520 199 55 30
-0.000286124 0 8 10 8 520 199 55 30
-0.000286127 0 12 10 8 520 199 55 30
-0.000286052 0 16 10 8 520 199 55 30
-0.000286124 0 20 10 8 520 199 55 30
-0.000286108 5 0 10 8 520 199 55 30
-0.000286124 5 4 10 8 520 199 55 30
-0.000286035 5 8 10 8 520 199 55 30
-0.000285843 5 12 10 8 520 199 55 30
-0.000286128 5 16 10 8 520 199 55 30
-0.000286129 5 20 10 8 520 199 55 30
-0.000286132 10 0 10 8 520 199 55 30
-0.000286134 10 4 10 8 520 199 55 30
-0.000286069 10 8 10 8 520 199 55 30
-0.000286113 10 12 10 8 520 199 55 30
-0.000286133 10 16 10 8 520 199 55 30
-0.000286131 10 20 10 8 520 199 55 30
-0.000286118 15 0 10 8 520 199 55 30
-0.000286132 15 4 10 8 520 199 55 30
-0.000286127 15 8 10 8 520 199 55 30
-0.000286134 15 12 10 8 520 199 55 30
-0.000286129 15 16 10 8 520 199 55 30
-0.000286101 15 20 10 8 520 199 55 30
-0.000286037 20 0 10 8 520 199 55 30
-0.000286131 20 4 10 8 520 199 55 30
-0.000286133 20 8 10 8 520 199 55 30
-0.000286132 20 12 10 8 520 199 55 30
-0.000286123 20 16 10 8 520 199 55 30
-0.000286118 20 20 10 8 520 199 55 30
-0.000286124 25 0 10 8 520 199 55 30
-0.000286132 25 4 10 8 520 199 55 30
-0.000286134 25 8 10 8 520 199 55 30
-0.000286124 25 12 10 8 520 199 55 30
-0.000286095 25 16 10 8 520 199 55 30
-0.0002861 25 20 10 8 520 199 55 30
-0.000286134 30 0 10 8 520 199 55 30
-0.000286133 30 4 10 8 520 199 55 30
-0.000286132 30 8 10 8 520 199 55 30
-0.000286128 30 12 10 8 520 199 55 30
-0.000286084 30 16 10 8 520 199 55 30
-0.000286086 30 20 10 8 520 199 55 30
-0.000286119 35 0 10 8 520 199 55 30
-0.000285985 35 4 10 8 520 199 55 30
-0.000286091 35 8 10 8 520 199 55 30
-0.000286131 35 12 10 8 520 199 55 30
-0.0002861 35 16 10 8 520 199 55 30
-0.000286121 35 20 10 8 520 199 55 30
-0.000286127 40 0 10 8 520 199 55 30
-0.000194663 40 4 10 8 520 199 55 30
-0.000286114 40 8 10 8 520 199 55 30
-0.000286129 40 12 10 8 520 199 55 30
-0.000286004 40 16 10 8 520 199 55 30
-0.000286112 40 20 10 8 520 199 55 30
-0.000286128 45 0 10 8 520 199 55 30
-0.000285992 45 4 10 8 520 199 55 30
-0.000286099 45 8 10 8 520 199 55 30
-0.000286131 45 12 10 8 520 199 55 30
-0.000286065 45 16 10 8 520 199 55 30
-0.000286101 45 20 10 8 520 199 55 30
-0.000286133 0 0 10 8 520 199 55 30
-0.00028611 0 4 10 8 520 199 55 30
-0.000286127 0 8 10 8 520 199 55 30
-0.000286132 0 12 10 8 520 199 55 30
-0.000286134 0 16 10 8 520 199 55 30
-0.000286134 0 20 10 8 520 199 55 30
-0.000286131 5 0 10 8 520 199 55 30
-0.000286133 5 4 10 8 520 199 55 30
-0.000286135 5 8 10 8 520 199 55 30
-0.000286137 5 12 10 8 520 199 55 30
-0.000286134 5 16 10 8 520 199 55 30
-0.000286124 5 20 10 8 520 199 55 30
-0.000286126 10 0 10 8 520 199 55 30
-0.000286126 10 4 10 8 520 199 55 30
-0.000286129 10 8 10 8 520 199 55 30
-0.000286131 10 12 10 8 520 199 55 30
-0.00028612 10 16 10 8 520 199 55 30
-0.000286124 10 20 10 8 520 199 55 30
-0.000286093 15 0 10 8 520 199 55 30
-0.000286129 15 4 10 8 520 199 55 30
-0.000286128 15 8 10 8 520 199 55 30
-0.000286125 15 12 10 8 520 199 55 30
-0.000286133 15 16 10 8 520 199 55 30
-0.000286133 15 20 10 8 520 199 55 30
-0.000286091 20 0 10 8 520 199 55 30
-0.000286128 20 4 10 8 520 199 55 30
-0.000286129 20 8 10 8 520 199 55 30
-0.000286111 20 12 10 8 520 199 55 30
-0.000286126 20 16 10 8 520 199 55 30
-0.00028613 20 20 10 8 520 199 55 30
-0.000286108 25 0 10 8 520 199 55 30
-0.00028613 25 4 10 8 520 199 55 30
-0.000286122 25 8 10 8 520 199 55 30
-0.000286127 25 12 10 8 520 199 55 30
-0.000286121 25 16 10 8 520 199 55 30
-0.000286105 25 20 10 8 520 199 55 30
-0.000286133 30 0 10 8 520 199 55 30
-0.000286118 30 4 10 8 520 199 55 30
-0.00028613 30 8 10 8 520 199 55 30
-0.000286134 30 12 10 8 520 199 55 30
-0.000286133 30 16 10 8 520 199 55 30
-0.000286124 30 20 10 8 520 199 55 30
-0.000286133 35 0 10 8 520 199 55 30
-0.000286105 35 4 10 8 520 199 55 30
-0.000286124 35 8 10 8 520 199 55 30
-0.000286131 35 12 10 8 520 199 55 30
-0.000286133 35 16 10 8 520 199 55 30
-0.000286118 35 20 10 8 520 199 55 30
-0.000286133 40 0 10 8 520 199 55 30
-0.000286129 40 4 10 8 520 199 55 30
-0.000286125 40 8 10 8 520 199 55 30
-0.000286114 40 12 10 8 520 199 55 30
-0.000286128 40 16 10 8 520 199 55 30
-0.000286129 40 20 10 8 520 199 55 30
-0.000286133 45 0 10 8 520 199 55 30
-0.000286109 45 4 10 8 520 199 55 30
-0.000286131 45 8 10 8 520 199 55 30
-0.000286121 45 12 10 8 520 199 55 30
-0.000286119 45 16 10 8 520 199 55 30
-0.000286132 45 20 10 8 520 199 55 30
-0.00028612 0 0 10 8 520 199 55 30
-0.000286109 0 4 10 8 520 199 55 30
-0.00028611 0 8 10 8 520 199 55 30
-0.000286121 0 12 10 8 520 199 55 30
-0.000286126 0 16 10 8 520 199 55 30
-0.000286131 0 20 10 8 520 199 55 30
-0.000286132 5 0 10 8 520 199 55 30
-0.000286131 5 4 10 8 520 199 55 30
-0.000286123 5 8 10 8 520 199 55 30
-0.000286093 5 12 10 8 520 199 55 30
-0.000286093 5 16 10 8 520 199 55 30
-0.000286117 5 20 10 8 520 199 55 30
-0.000286134 10 0 10 8 520 199 55 30
-0.000286133 10 4 10 8 520 199 55 30
-0.000286132 10 8 10 8 520 199 55 30
-0.00028613 10 12 10 8 520 199 55 30
-0.000286132 10 16 10 8 520 199 55 30
-0.000286134 10 20 10 8 520 199 55 30
-0.000286129 15 0 10 8 520 199 55 30
-0.000286126 15 4 10 8 520 199 55 30
-0.00028612 15 8 10 8 520 199 55 30
-0.000286096 15 12 10 8 520 199 55 30
-0.00028613 15 16 10 8 520 199 55 30
-0.000286137 15 20 10 8 520 199 55 30
-0.000286126 20 0 10 8 520 199 55 30
-0.000286137 20 4 10 8 520 199 55 30
-0.000286131 20 8 10 8 520 199 55 30
-0.000286118 20 12 10 8 520 199 55 30
-0.000286134 20 16 10 8 520 199 55 30
-0.000286135 20 20 10 8 520 199 55 30
-0.000286138 25 0 10 8 520 199 55 30
-0.000286134 25 4 10 8 520 199 55 30
-0.000286131 25 8 10 8 520 199 55 30
-0.000286137 25 12 10 8 520 199 55 30
-0.000286137 25 16 10 8 520 199 55 30
-0.000286128 25 20 10 8 520 199 55 30
-0.000286135 30 0 10 8 520 199 55 30
-0.000286127 30 4 10 8 520 199 55 30
-0.000286129 30 8 10 8 520 199 55 30
-0.000286136 30 12 10 8 520 199 55 30
-0.000286138 30 16 10 8 520 199 55 30
-0.000286131 30 20 10 8 520 199 55 30
-0.000286132 35 0 10 8 520 199 55 30
-0.000286112 35 4 10 8 520 199 55 30
-0.000286106 35 8 10 8 520 199 55 30
-0.000286134 35 12 10 8 520 199 55 30
-0.000286134 35 16 10 8 520 199 55 30
-0.000286134 35 20 10 8 520 199 55 30
-0.000286128 40 0 10 8 520 199 55 30
-0.000286106 40 4 10 8 520 199 55 30
-0.000286104 40 8 10 8 520 199 55 30
-0.000286132 40 12 10 8 520 199 55 30
-0.000286126 40 16 10 8 520 199 55 30
-0.000286099 40 20 10 8 520 199 55 30
-0.000286091 45 0 10 8 520 199 55 30
-0.00028611 45 4 10 8 520 199 55 30
-0.000286121 45 8 10 8 520 199 55 30
-0.000286113 45 12 10 8 520 199 55 30
-0.000286131 45 16 10 8 520 199 55 30
-0.000286099 45 20 10 8 520 199 55 30
-0.0002861 0 0 12 12 520 199 55 30
-0.000286053 0 6 12 12 520 199 55 30
-0.000286087 0 12 12 12 520 199 55 30
-0.000286103 0 18 12 12 520 199 55 30
-0.000286129 6 0 12 12 520 199 55 30
-0.000286129 6 6 12 12 520 199 55 30
-0.000286115 6 12 12 12 520 199 55 30
-0.000286038 6 18 12 12 520 199 55 30
-0.000286087 12 0 12 12 520 199 55 30
-0.000286129 12 6 12 12 520 199 55 30
-0.000286128 12 12 12 12 520 199 55 30
-0.00028605 12 18 12 12 520 199 55 30
-0.000286075 18 0 12 12 520 199 55 30
-0.000286128 18 6 12 12 520 199 55 30
-0.000286121 18 12 12 12 520 199 55 30
-0.00028604 18 18 12 12 520 199 55 30
-0.000286018 24 0 12 12 520 199 55 30
-0.000286113 24 6 12 12 520 199 55 30
-0.000286087 24 12 12 12 520 199 55 30
-0.000285815 24 18 12 12 520 199 55 30
-0.000286007 30 0 12 12 520 199 55 30
-0.000286069 30 6 12 12 520 199 55 30
-0.000285945 30 12 12 12 520 199 55 30
-0.000286063 30 18 12 12 520 199 55 30
-0.000286103 36 0 12 12 520 199 55 30
-0.000286029 36 6 12 12 520 199 55 30
-0.000285849 36 12 12 12 520 199 55 30
-0.000286072 36 18 12 12 520 199 55 30
-0.000286074 42 0 12 12 520 199 55 30
-0.000285946 42 6 12 12 520 199 55 30
-0.000285915 42 12 12 12 520 199 55 30
-0.000286061 42 18 12 12 520 199 55 30
-0.000286136 0 0 12 12 520 199 55 30
-0.000286137 0 6 12 12 520 199 55 30
-0.000286135 0 12 12 12 520 199 55 30
-0.000286124 0 18 12 12 520 199 55 30
-0.000286065 6 0 12 12 520 199 55 30
-0.000286119 6 6 12 12 520 199 55 30
-0.000286125 6 12 12 12 520 199 55 30
-0.000286125 6 18 12 12 520 199 55 30
-0.000286006 12 0 12 12 520 199 55 30
-0.000185412 12 6 12 12 520 199 55 30
-0.000286117 12 12 12 12 520 199 55 30
-0.000286132 12 18 12 12 520 199 55 30
-0.000286055 18 0 12 12 520 199 55 30
-0.000241972 18 6 12 12 520 199 55 30
-0.000286128 18 12 12 12 520 199 55 30
-0.000286119 18 18 12 12 520 199 55 30
-0.000286058 24 0 12 12 520 199 55 30
-0.000285998 24 6 12 12 520 199 55 30
-0.000286134 24 12 12 12 520 199 55 30
-0.000286071 24 18 12 12 520 199 55 30
-0.000286028 30 0 12 12 520 199 55 30
-0.00028607 30 6 12 12 520 199 55 30
-0.000286136 30 12 12 12 520 199 55 30
-0.000286014 30 18 12 12 520 199 55 30
-0.000286036 36 0 12 12 520 199 55 30
-0.000286104 36 6 12 12 520 199 55 30
-0.000286128 36 12 12 12 520 199 55 30
-0.000286083 36 18 12 12 520 199 55 30
-0.000286118 42 0 12 12 520 199 55 30
-0.000286058 42 6 12 12 520 199 55 30
-0.000286111 42 12 12 12 520 199 55 30
-0.000286093 42 18 12 12 520 199 55 30
-0.000286124 0 0 12 12 520 199 55 30
-0.000286123 0 6 12 12 520 199 55 30
-0.000286115 0 12 12 12 520 199 55 30
-0.000286038 0 18 12 12 520 199 55 30
-0.000286025 6 0 12 12 520 199 55 30
-0.00028598 6 6 12 12 520 199 55 30
-0.000285967 6 12 12 12 520 199 55 30
-0.000285917 6 18 12 12 520 199 55 30
-0.000285952 12 0 12 12 520 199 55 30
-6.22733e-005 12 6 12 12 520 199 55 30
-0.000188484 12 12 12 12 520 199 55 30
-0.000286012 12 18 12 12 520 199 55 30
-0.000285967 18 0 12 12 520 199 55 30
-7.74285e-005 18 6 12 12 520 199 55 30
-0.000191568 18 12 12 12 520 199 55 30
-0.000285985 18 18 12 12 520 199 55 30
-0.000285923 24 0 12 12 520 199 55 30
-0.000102109 24 6 12 12 520 199 55 30
-0.000179302 24 12 12 12 520 199 55 30
-0.000285963 24 18 12 12 520 199 55 30
-0.000285846 30 0 12 12 520 199 55 30
-8.6998e-005 30 6 12 12 520 199 55 30
-0.000167166 30 12 12 12 520 199 55 30
-0.000285956 30 18 12 12 520 199 55 30
-0.00020709 36 0 12 12 520 199 55 30
-7.13913e-005 36 6 12 12 520 199 55 30
-0.000173265 36 12 12 12 520 199 55 30
-0.000285935 36 18 12 12 520 199 55 30
-0.000142812 42 0 12 12 520 199 55 30
-5.22149e-005 42 6 12 12 520 199 55 30
-0.00016414 42 12 12 12 520 199 55 30
-0.000285709 42 18 12 12 520 199 55 30
-0.000286076 0 0 12 12 520 199 55 30
-0.000286111 0 6 12 12 520 199 55 30
-0.00028613 0 12 12 12 520 199 55 30
-0.000286088 0 18 12 12 520 199 55 30
-0.000285995 6 0 12 12 520 199 55 30
-0.000286033 6 6 12 12 520 199 55 30
-0.000286113 6 12 12 12 520 199 55 30
-0.000286013 6 18 12 12 520 199 55 30
-0.000286011 12 0 12 12 520 199 55 30
-0.000286077 12 6 12 12 520 199 55 30
-0.0002861 12 12 12 12 520 199 55 30
-0.000285994 12 18 12 12 520 199 55 30
-0.000285645 18 0 12 12 520 199 55 30
-0.000285865 18 6 12 12 520 199 55 30
-0.000286098 18 12 12 12 520 199 55 30
-0.000286025 18 18 12 12 520 199 55 30
-0.00028567 24 0 12 12 520 199 55 30
-0.000286056 24 6 12 12 520 199 55 30
-0.000286128 24 12 12 12 520 199 55 30
-0.000286061 24 18 12 12 520 199 55 30
-0.000158004 30 0 12 12 520 199 55 30
-0.000286071 30 6 12 12 520 199 55 30
-0.000286131 30 12 12 12 520 199 55 30
-0.000285831 30 18 12 12 520 199 55 30
-0.000245131 36 0 12 12 520 199 55 30
-0.000286055 36 6 12 12 520 199 55 30
-0.00028613 36 12 12 12 520 199 55 30
-0.000286092 36 18 12 12 520 199 55 30
-0.000286076 42 0 12 12 520 199 55 30
-0.000286066 42 6 12 12 520 199 55 30
-0.000286108 42 12 12 12 520 199 55 30
-0.000286111 42 18 12 12 520 199 55 30
-0.000286105 0 0 12 12 520 199 55 30
-0.000286084 0 6 12 12 520 199 55 30
-0.000286121 0 12 12 12 520 199 55 30
-0.000286126 0 18 12 12 520 199 55 30
-0.000286132 6 0 12 12 520 199 55 30
-0.000286128 6 6 12 12 520 199 55 30
-0.000286114 6 12 12 12 520 199 55 30
-0.000286098 6 18 12 12 520 199 55 30
-0.000286131 12 0 12 12 520 199 55 30
-0.000286137 12 6 12 12 520 199 55 30
-0.000286135 12 12 12 12 520 199 55 30
-0.000286135 12 18 12 12 520 199 55 30
-0.000286104 18 0 12 12 520 199 55 30
-0.000286121 18 6 12 12 520 199 55 30
-0.000286127 18 12 12 12 520 199 55 30
-0.000286135 18 18 12 12 520 199 55 30
-0.000286137 24 0 12 12 520 199 55 30
-0.000286136 24 6 12 12 520 199 55 30
-0.000286135 24 12 12 12 520 199 55 30
-0.000286101 24 18 12 12 520 199 55 30
-0.000286131 30 0 12 12 520 199 55 30
-0.000286104 30 6 12 12 520 199 55 30
-0.000286081 30 12 12 12 520 199 55 30
-0.00028613 30 18 12 12 520 199 55 30
-0.00028613 36 0 12 12 520 199 55 30
-0.000286131 36 6 12 12 520 199 55 30
-0.000286103 36 12 12 12 520 199 55 30
-0.000251465 36 18 12 12 520 199 55 30
-0.000286108 42 0 12 12 520 199 55 30
-0.000286125 42 6 12 12 520 199 55 30
-0.000286124 42 12 12 12 520 199 55 30
-0.000182361 42 18 12 12 520 199 55 30
-0.000286124 0 0 12 12 520 199 55 30
-0.00028613 0 6 12 12 520 199 55 30
-0.000286127 0 12 12 12 520 199 55 30
-0.000286122 0 18 12 12 520 199 55 30
-0.000286132 6 0 12 12 520 199 55 30
-0.000286132 6 6 12 12 520 199 55 30
-0.000286134 6 12 12 12 520 199 55 30
-0.000286111 6 18 12 12 520 199 55 30
-0.000286117 12 0 12 12 520 199 55 30
-0.00028613 12 6 12 12 520 199 55 30
-0.000286137 12 12 12 12 520 199 55 30
-0.00028613 12 18 12 12 520 199 55 30
-0.000286086 18 0 12 12 520 199 55 30
-0.000286133 18 6 12 12 520 199 55 30
-0.000286137 18 12 12 12 520 199 55 30
-0.00028613 18 18 12 12 520 199 55 30
-0.000286126 24 0 12 12 520 199 55 30
-0.00028613 24 6 12 12 520 199 55 30
-0.00028613 24 12 12 12 520 199 55 30
-0.000286099 24 18 12 12 520 199 55 30
-0.00028613 30 0 12 12 520 199 55 30
-0.000286031 30 6 12 12 520 199 55 30
-0.000286077 30 12 12 12 520 199 55 30
-0.00028613 30 18 12 12 520 199 55 30
-0.000286115 36 0 12 12 520 199 55 30
-0.000286117 36 6 12 12 520 199 55 30
-0.00028612 36 12 12 12 520 199 55 30
-0.000285933 36 18 12 12 520 199 55 30
-0.000286106 42 0 12 12 520 199 55 30
-0.000286104 42 6 12 12 520 199 55 30
-0.000286112 42 12 12 12 520 199 55 30
-0.00028586 42 18 12 12 520 199 55 30
-0.000286081 0 0 12 12 520 199 55 30
-0.000286134 0 6 12 12 520 199 55 30
-0.000286133 0 12 12 12 520 199 55 30
-0.000286125 0 18 12 12 520 199 55 30
-0.000286071 6 0 12 12 520 199 55 30
-0.000286135 6 6 12 12 520 199 55 30
-0.000286133 6 12 12 12 520 199 55 30
-0.00028611 6 18 12 12 520 199 55 30
-0.000286063 12 0 12 12 520 199 55 30
-0.000286126 12 6 12 12 520 199 55 30
-0.000286129 12 12 12 12 520 199 55 30
-0.000286057 12 18 12 12 520 199 55 30
-0.000286052 18 0 12 12 520 199 55 30
-0.000286135 18 6 12 12 520 199 55 30
-0.000286119 18 12 12 12 520 199 55 30
-0.00028611 18 18 12 12 520 199 55 30
-0.000286124 24 0 12 12 520 199 55 30
-0.000286133 24 6 12 12 520 199 55 30
-0.000286065 24 12 12 12 520 199 55 30
-0.000285988 24 18 12 12 520 199 55 30
-0.000286133 30 0 12 12 520 199 55 30
-0.000286135 30 6 12 12 520 199 55 30
-0.000286114 30 12 12 12 520 199 55 30
-0.000286055 30 18 12 12 520 199 55 30
-0.000286132 36 0 12 12 520 199 55 30
-0.00028613 36 6 12 12 520 199 55 30
-0.000286132 36 12 12 12 520 199 55 30
-0.000285979 36 18 12 12 520 199 55 30
-0.000286094 42 0 12 12 520 199 55 30
-0.000286075 42 6 12 12 520 199 55 30
-0.000286127 42 12 12 12 520 199 55 30
-0.000286041 42 18 12 12 520 199 55 30
-0.000285962 0 0 12 12 520 199 55 30
-0.000286125 0 6 12 12 520 199 55 30
-0.000286086 0 12 12 12 520 199 55 30
-0.000286121 0 18 12 12 520 199 55 30
-0.000286128 6 0 12 12 520 199 55 30
-0.000286095 6 6 12 12 520 199 55 30
-0.000286134 6 12 12 12 520 199 55 30
-0.000286133 6 18 12 12 520 199 55 30
-0.000286128 12 0 12 12 520 199 55 30
-0.000286133 12 6 12 12 520 199 55 30
-0.000286131 12 12 12 12 520 199 55 30
-0.000286121 12 18 12 12 520 199 55 30
-0.000286074 18 0 12 12 520 199 55 30
-0.000286131 18 6 12 12 520 199 55 30
-0.000286126 18 12 12 12 520 199 55 30
-0.000286106 18 18 12 12 520 199 55 30
-0.000286124 24 0 12 12 520 199 55 30
-0.000286116 24 6 12 12 520 199 55 30
-0.000286105 24 12 12 12 520 199 55 30
-0.000286032 24 18 12 12 520 199 55 30
-0.000286133 30 0 12 12 520 199 55 30
-0.000286132 30 6 12 12 520 199 55 30
-0.000286096 30 12 12 12 520 199 55 30
-0.000286021 30 18 12 12 520 199 55 30
-0.000286101 36 0 12 12 520 199 55 30
-0.000286131 36 6 12 12 520 199 55 30
-0.000286102 36 12 12 12 520 199 55 30
-0.000286118 36 18 12 12 520 199 55 30
-0.000286123 42 0 12 12 520 199 55 30
-0.000286132 42 6 12 12 520 199 55 30
-0.000286079 42 12 12 12 520 199 55 30
-0.000286068 42 18 12 12 520 199 55 30
-0.000286103 0 0 12 12 520 199 55 30
-0.000286111 0 6 12 12 520 199 55 30
-0.000286131 0 12 12 12 520 199 55 30
-0.000286133 0 18 12 12 520 199 55 30
-0.00028613 6 0 12 12 520 199 55 30
-0.000286134 6 6 12 12 520 199 55 30
-0.000286132 6 12 12 12 520 199 55 30
-0.000286122 6 18 12 12 520 199 55 30
-0.000286118 12 0 12 12 520 199 55 30
-0.000286128 12 6 12 12 520 199 55 30
-0.000286132 12 12 12 12 520 199 55 30
-0.000286127 12 18 12 12 520 199 55 30
-0.000286111 18 0 12 12 520 199 55 30
-0.000286114 18 6 12 12 520 199 55 30
-0.000286124 18 12 12 12 520 199 55 30
-0.000286128 18 18 12 12 520 199 55 30
-0.000286111 24 0 12 12 520 199 55 30
-0.00028606 24 6 12 12 520 199 55 30
-0.000286122 24 12 12 12 520 199 55 30
-0.000285995 24 18 12 12 520 199 55 30
-0.000286103 30 0 12 12 520 199 55 30
-0.000286125 30 6 12 12 520 199 55 30
-0.000286131 30 12 12 12 520 199 55 30
-0.000286114 30 18 12 12 520 199 55 30
-0.000286117 36 0 12 12 520 199 55 30
-0.000286111 36 6 12 12 520 199 55 30
-0.000286127 36 12 12 12 520 199 55 30
-0.000286128 36 18 12 12 520 199 55 30
-0.00028613 42 0 12 12 520 199 55 30
-0.000286117 42 6 12 12 520 199 55 30
-0.00028605 42 12 12 12 520 199 55 30
-0.00028613 42 18 12 12 520 199 55 30
-0.00028611 0 0 12 12 520 199 55 30
-0.000286007 0 6 12 12 520 199 55 30
-0.000286099 0 12 12 12 520 199 55 30
-0.00028612 0 18 12 12 520 199 55 30
-0.000286133 6 0 12 12 520 199 55 30
-0.000286126 6 6 12 12 520 199 55 30
-0.000286116 6 12 12 12 520 199 55 30
-0.000286117 6 18 12 12 520 199 55 30
-0.000286128 12 0 12 12 520 199 55 30
-0.000286132 12 6 12 12 520 199 55 30
-0.000286133 12 12 12 12 520 199 55 30
-0.000286135 12 18 12 12 520 199 55 30
-0.000286135 18 0 12 12 520 199 55 30
-0.000286125 18 6 12 12 520 199 55 30
-0.00028612 18 12 12 12 520 199 55 30
-0.000286135 18 18 12 12 520 199 55 30
-0.000286135 24 0 12 12 520 199 55 30
-0.000286128 24 6 12 12 520 199 55 30
-0.000286129 24 12 12 12 520 199 55 30
-0.000286107 24 18 12 12 520 199 55 30
-0.000286128 30 0 12 12 520 199 55 30
-0.000286126 30 6 12 12 520 199 55 30
-0.000286133 30 12 12 12 520 199 55 30
-0.000286127 30 18 12 12 520 199 55 30
-0.000286124 36 0 12 12 520 199 55 30
-0.000286069 36 6 12 12 520 199 55 30
-0.000286129 36 12 12 12 520 199 55 30
-0.000286131 36 18 12 12 520 199 55 30
-0.000286054 42 0 12 12 520 199 55 30
-0.000286096 42 6 12 12 520 199 55 30
-0.000286115 42 12 12 12 520 199 55 30
-0.000286081 42 18 12 12 520 199 55 30
-0.000286078 0 0 18 15 520 199 55 30
-0.000286028 0 7 18 15 520 199 55 30
-0.000286071 0 14 18 15 520 199 55 30
-0.000286085 9 0 18 15 520 199 55 30
-0.000286128 9 7 18 15 520 199 55 30
-0.000286046 9 14 18 15 520 199 55 30
-0.000286087 18 0 18 15 520 199 55 30
-0.000286123 18 7 18 15 520 199 55 30
-0.00028601 18 14 18 15 520 199 55 30
-0.000286041 27 0 18 15 520 199 55 30
-0.000286033 27 7 18 15 520 199 55 30
-0.00028596 27 14 18 15 520 199 55 30
-0.000286017 36 0 18 15 520 199 55 30
-0.000273317 36 7 18 15 520 199 55 30
-0.000285841 36 14 18 15 520 199 55 30
-0.000286129 0 0 18 15 520 199 55 30
-0.00028613 0 7 18 15 520 199 55 30
-0.000286119 0 14 18 15 520 199 55 30
-0.000285931 9 0 18 15 520 199 55 30
-0.000285979 9 7 18 15 520 199 55 30
-0.000286131 9 14 18 15 520 199 55 30
-0.000285959 18 0 18 15 520 199 55 30
-0.000286085 18 7 18 15 520 199 55 30
-0.00028613 18 14 18 15 520 199 55 30
-0.000285879 27 0 18 15 520 199 55 30
-0.000286113 27 7 18 15 520 199 55 30
-0.00028609 27 14 18 15 520 199 55 30
-0.000285968 36 0 18 15 520 199 55 30
-0.000286097 36 7 18 15 520 199 55 30
-0.000286089 36 14 18 15 520 199 55 30
-0.000286093 0 0 18 15 520 199 55 30
-0.000286077 0 7 18 15 520 199 55 30
-0.000285999 0 14 18 15 520 199 55 30
-0.000285878 9 0 18 15 520 199 55 30
-0.000154916 9 7 18 15 520 199 55 30
-0.000285874 9 14 18 15 520 199 55 30
-0.000285825 18 0 18 15 520 199 55 30
-6.54715e-005 18 7 18 15 520 199 55 30
-0.000285827 18 14 18 15 520 199 55 30
-0.000285636 27 0 18 15 520 199 55 30
-5.93272e-005 27 7 18 15 520 199 55 30
-0.000285776 27 14 18 15 520 199 55 30
-0.000111389 36 0 18 15 520 199 55 30
-5.36623e-005 36 7 18 15 520 199 55 30
-0.000285692 36 14 18 15 520 199 55 30
-0.000286081 0 0 18 15 520 199 55 30
-0.000286121 0 7 18 15 520 199 55 30
-0.000286106 0 14 18 15 520 199 55 30
-0.00028589 9 0 18 15 520 199 55 30
-0.00028606 9 7 18 15 520 199 55 30
-0.000286049 9 14 18 15 520 199 55 30
-0.000151903 18 0 18 15 520 199 55 30
-0.000286077 18 7 18 15 520 199 55 30
-0.00028609 18 14 18 15 520 199 55 30
-0.000176274 27 0 18 15 520 199 55 30
-0.000286108 27 7 18 15 520 199 55 30
-0.000286065 27 14 18 15 520 199 55 30
-0.000285916 36 0 18 15 520 199 55 30
-0.000286082 36 7 18 15 520 199 55 30
-0.00028611 36 14 18 15 520 199 55 30
-0.000286088 0 0 18 15 520 199 55 30
-0.000285906 0 7 18 15 520 199 55 30
-0.000254614 0 14 18 15 520 199 55 30
-0.000286136 9 0 18 15 520 199 55 30
-0.000286134 9 7 18 15 520 199 55 30
-0.000286129 9 14 18 15 520 199 55 30
-0.000286138 18 0 18 15 520 199 55 30
-0.000286135 18 7 18 15 520 199 55 30
-0.000286121 18 14 18 15 520 199 55 30
-0.000286123 27 0 18 15 520 199 55 30
-0.00028611 27 7 18 15 520 199 55 30
-0.000286123 27 14 18 15 520 199 55 30
-0.000286082 36 0 18 15 520 199 55 30
-0.000286117 36 7 18 15 520 199 55 30
-0.000286107 36 14 18 15 520 199 55 30
-0.00028613 0 0 18 15 520 199 55 30
-0.000286119 0 7 18 15 520 199 55 30
-0.000286114 0 14 18 15 520 199 55 30
-0.000286115 9 0 18 15 520 199 55 30
-0.000286117 9 7 18 15 520 199 55 30
-0.000286119 9 14 18 15 520 199 55 30
-0.000286133 18 0 18 15 520 199 55 30
-0.000286131 18 7 18 15 520 199 55 30
-0.000286104 18 14 18 15 520 199 55 30
-0.000286056 27 0 18 15 520 199 55 30
-0.000286064 27 7 18 15 520 199 55 30
-0.00028612 27 14 18 15 520 199 55 30
-0.000286029 36 0 18 15 520 199 55 30
-0.000285812 36 7 18 15 520 199 55 30
-0.000286042 36 14 18 15 520 199 55 30
-0.00028609 0 0 18 15 520 199 55 30
-0.000286134 0 7 18 15 520 199 55 30
-0.000286113 0 14 18 15 520 199 55 30
-0.000286037 9 0 18 15 520 199 55 30
-0.000286134 9 7 18 15 520 199 55 30
-0.000286068 9 14 18 15 520 199 55 30
-0.000286106 18 0 18 15 520 199 55 30
-0.000286125 18 7 18 15 520 199 55 30
-0.000286059 18 14 18 15 520 199 55 30
-0.000286128 27 0 18 15 520 199 55 30
-0.000286118 27 7 18 15 520 199 55 30
-0.000286004 27 14 18 15 520 199 55 30
-0.000286119 36 0 18 15 520 199 55 30
-0.000286124 36 7 18 15 520 199 55 30
-0.0002861 36 14 18 15 520 199 55 30
-0.000286113 0 0 18 15 520 199 55 30
-0.000286111 0 7 18 15 520 199 55 30
-0.000286127 0 14 18 15 520 199 55 30
-0.000286124 9 0 18 15 520 199 55 30
-0.000286133 9 7 18 15 520 199 55 30
-0.000286109 9 14 18 15 520 199 55 30
-0.000286084 18 0 18 15 520 199 55 30
-0.000286129 18 7 18 15 520 199 55 30
-0.000286054 18 14 18 15 520 199 55 30
-0.000286131 27 0 18 15 520 199 55 30
-0.000286124 27 7 18 15 520 199 55 30
-0.000286078 27 14 18 15 520 199 55 30
-0.000286105 36 0 18 15 520 199 55 30
-0.000286119 36 7 18 15 520 199 55 30
-0.000286103 36 14 18 15 520 199 55 30
-0.000286087 0 0 18 15 520 199 55 30
-0.000286117 0 7 18 15 520 199 55 30
-0.000286128 0 14 18 15 520 199 55 30
-0.000286075 9 0 18 15 520 199 55 30
-0.000286125 9 7 18 15 520 199 55 30
-0.00028613 9 14 18 15 520 199 55 30
-0.000286077 18 0 18 15 520 199 55 30
-0.000286047 18 7 18 15 520 199 55 30
-0.00028594 18 14 18 15 520 199 55 30
-0.000286117 27 0 18 15 520 199 55 30
-0.000286121 27 7 18 15 520 199 55 30
-0.000286098 27 14 18 15 520 199 55 30
-0.000286111 36 0 18 15 520 199 55 30
-0.000285905 36 7 18 15 520 199 55 30
-0.000286068 36 14 18 15 520 199 55 30
-0.000286099 0 0 18 15 520 199 55 30
-0.000285805 0 7 18 15 520 199 55 30
-0.000285985 0 14 18 15 520 199 55 30
-0.000286134 9 0 18 15 520 199 55 30
-0.00028613 9 7 18 15 520 199 55 30
-0.000286129 9 14 18 15 520 199 55 30
-0.000286133 18 0 18 15 520 199 55 30
-0.000286115 18 7 18 15 520 199 55 30
-0.000286098 18 14 18 15 520 199 55 30
-0.000286121 27 0 18 15 520 199 55 30
-0.000286113 27 7 18 15 520 199 55 30
-0.000286058 27 14 18 15 520 199 55 30
-0.000285993 36 0 18 15 520 199 55 30
-0.000286095 36 7 18 15 520 199 55 30
-0.000286128 36 14 18 15 520 199 55 30
-0.000285966 0 0 22 30 520 199 55 30
-0.000286003 11 0 22 30 520 199 55 30
-0.000285679 22 0 22 30 520 199 55 30
-0.000285772 33 0 22 30 520 199 55 30
-0.000286115 0 0 22 30 520 199 55 30
-0.000286059 11 0 22 30 520 199 55 30
-0.000285922 22 0 22 30 520 199 55 30
-0.000197768 33 0 22 30 520 199 55 30
-0.000286006 0 0 22 30 520 199 55 30
-0.000145866 11 0 22 30 520 199 55 30
-0.000148898 22 0 22 30 520 199 55 30
-0.000136573 33 0 22 30 520 199 55 30
-0.000286095 0 0 22 30 520 199 55 30
-0.000285675 11 0 22 30 520 199 55 30
-0.000264006 22 0 22 30 520 199 55 30
-0.000203971 33 0 22 30 520 199 55 30
-0.000285938 0 0 22 30 520 199 55 30
-0.000286134 11 0 22 30 520 199 55 30
-0.000286055 22 0 22 30 520 199 55 30
-0.000285939 33 0 22 30 520 199 55 30
-0.000286082 0 0 22 30 520 199 55 30
-0.00028612 11 0 22 30 520 199 55 30
-0.000286003 22 0 22 30 520 199 55 30
-0.000286017 33 0 22 30 520 199 55 30
-0.000286066 0 0 22 30 520 199 55 30
-0.000286045 11 0 22 30 520 199 55 30
-0.000285936 22 0 22 30 520 199 55 30
-0.00028606 33 0 22 30 520 199 55 30
-0.000286125 0 0 22 30 520 199 55 30
-0.000286071 11 0 22 30 520 199 55 30
-0.000286085 22 0 22 30 520 199 55 30
-0.000286082 33 0 22 30 520 199 55 30
-0.000286078 0 0 22 30 520 199 55 30
-0.000286102 11 0 22 30 520 199 55 30
-0.000286082 22 0 22 30 520 199 55 30
-0.0002859 33 0 22 30 520 199 55 30
-0.000285975 0 0 22 30 520 199 55 30
-0.000286103 11 0 22 30 520 199 55 30
-0.0002861 22 0 22 30 520 199 55 30
-0.000285924 33 0 22 30 520 199 55 30
-0.000235628 0 0 55 30 520 199 55 30
-0.00028597 0 0 55 30 520 199 55 30
-0.000238805 0 0 55 30 520 199 55 30
-0.000285793 0 0 55 30 520 199 55 30
-0.000226062 0 0 55 30 520 199 55 30
-0.000286022 0 0 55 30 520 199 55 30
-0.00028595 0 0 55 30 520 199 55 30
-0.000285976 0 0 55 30 520 199 55 30
-0.000276405 0 0 55 30 520 199 55 30
-0.000257753 0 0 55 30 520 199 55 30
