-0.00731811 0 0 10 10 529 71 59 37
-0.0073299 0 5 10 10 529 71 59 37
-0.00732866 0 10 10 10 529 71 59 37
-0.00732983 0 15 10 10 529 71 59 37
-0.00732996 0 20 10 10 529 71 59 37
-0.00732575 0 25 10 10 529 71 59 37
-0.00728112 5 0 10 10 529 71 59 37
-0.00732856 5 5 10 10 529 71 59 37
-0.00731004 5 10 10 10 529 71 59 37
-0.0073232 5 15 10 10 529 71 59 37
-0.0073295 5 20 10 10 529 71 59 37
-0.0073305 5 25 10 10 529 71 59 37
-0.00731835 10 0 10 10 529 71 59 37
-0.00732512 10 5 10 10 529 71 59 37
-0.00731717 10 10 10 10 529 71 59 37
-0.00729881 10 15 10 10 529 71 59 37
-0.00731503 10 20 10 10 529 71 59 37
-0.0073287 10 25 10 10 529 71 59 37
-0.00732917 15 0 10 10 529 71 59 37
-0.00732543 15 5 10 10 529 71 59 37
-0.00732393 15 10 10 10 529 71 59 37
-0.00731724 15 15 10 10 529 71 59 37
-0.00545816 15 20 10 10 529 71 59 37
-0.00732117 15 25 10 10 529 71 59 37
-0.00732466 20 0 10 10 529 71 59 37
-0.00732754 20 5 10 10 529 71 59 37
-0.00732489 20 10 10 10 529 71 59 37
-0.00731997 20 15 10 10 529 71 59 37
-0.00709686 20 20 10 10 529 71 59 37
-0.00732469 20 25 10 10 529 71 59 37
-0.00731998 25 0 10 10 529 71 59 37
-0.00731083 25 5 10 10 529 71 59 37
-0.00732417 25 10 10 10 529 71 59 37
-0.00731412 25 15 10 10 529 71 59 37
-0.00731015 25 20 10 10 529 71 59 37
-0.00732894 25 25 10 10 529 71 59 37
-0.0073245 30 0 10 10 529 71 59 37
-0.00716795 30 5 10 10 529 71 59 37
-0.00679631 30 10 10 10 529 71 59 37
-0.00875728 30 15 10 10 529 71 59 37
-0.00732406 30 20 10 10 529 71 59 37
-0.00733015 30 25 10 10 529 71 59 37
-0.00732474 35 0 10 10 529 71 59 37
-0.00729668 35 5 10 10 529 71 59 37
-0.00731373 35 10 10 10 529 71 59 37
-0.00732175 35 15 10 10 529 71 59 37
-0.00732956 35 20 10 10 529 71 59 37
-0.0073292 35 25 10 10 529 71 59 37
-0.00732519 40 0 10 10 529 71 59 37
-0.00728326 40 5 10 10 529 71 59 37
-0.00730963 40 10 10 10 529 71 59 37
-0.00732777 40 15 10 10 529 71 59 37
-0.00732981 40 20 10 10 529 71 59 37
-0.00731797 40 25 10 10 529 71 59 37
-0.0073266 45 0 10 10 529 71 59 37
-0.00731068 45 5 10 10 529 71 59 37
-0.00731929 45 10 10 10 529 71 59 37
-0.00732778 45 15 10 10 529 71 59 37
-0.00732357 45 20 10 10 529 71 59 37
-0.00729033 45 25 10 10 529 71 59 37
-0.00732732 0 0 10 10 529 71 59 37
-0.00732801 0 5 10 10 529 71 59 37
-0.00732915 0 10 10 10 529 71 59 37
-0.00732626 0 15 10 10 529 71 59 37
-0.00732175 0 20 10 10 529 71 59 37
-0.00730578 0 25 10 10 529 71 59 37
-0.00732797 5 0 10 10 529 71 59 37
-0.00732494 5 5 10 10 529 71 59 37
-0.00731593 5 10 10 10 529 71 59 37
-0.00732151 5 15 10 10 529 71 59 37
-0.00732843 5 20 10 10 529 71 59 37
-0.00732576 5 25 10 10 529 71 59 37
-0.00720387 10 0 10 10 529 71 59 37
-0.00730055 10 5 10 10 529 71 59 37
-0.00731428 10 10 10 10 529 71 59 37
-0.00731686 10 15 10 10 529 71 59 37
-0.00732287 10 20 10 10 529 71 59 37
-0.00732752 10 25 10 10 529 71 59 37
-0.00730485 15 0 10 10 529 71 59 37
-0.00732555 15 5 10 10 529 71 59 37
-0.0073172 15 10 10 10 529 71 59 37
-0.00731761 15 15 10 10 529 71 59 37
-0.00730943 15 20 10 10 529 71 59 37
-0.00732691 15 25 10 10 529 71 59 37
-0.0073263 20 0 10 10 529 71 59 37
-0.00732321 20 5 10 10 529 71 59 37
-0.00731336 20 10 10 10 529 71 59 37
-0.00731851 20 15 10 10 529 71 59 37
-0.00730976 20 20 10 10 529 71 59 37
-0.00732815 20 25 10 10 529 71 59 37
-0.00732798 25 0 10 10 529 71 59 37
-0.00729249 25 5 10 10 529 71 59 37
-0.007324 25 10 10 10 529 71 59 37
-0.00731856 25 15 10 10 529 71 59 37
-0.00731782 25 20 10 10 529 71 59 37
-0.00732741 25 25 10 10 529 71 59 37
-0.00732735 30 0 10 10 529 71 59 37
-0.00731657 30 5 10 10 529 71 59 37
-0.00732294 30 10 10 10 529 71 59 37
-0.00732007 30 15 10 10 529 71 59 37
-0.00732649 30 20 10 10 529 71 59 37
-0.0073237 30 25 10 10 529 71 59 37
-0.00732256 35 0 10 10 529 71 59 37
-0.00732161 35 5 10 10 529 71 59 37
-0.00730853 35 10 10 10 529 71 59 37
-0.00729951 35 15 10 10 529 71 59 37
-0.00732609 35 20 10 10 529 71 59 37
-0.00730838 35 25 10 10 529 71 59 37
-0.0073217 40 0 10 10 529 71 59 37
-0.00730694 40 5 10 10 529 71 59 37
-0.0073283 40 10 10 10 529 71 59 37
-0.00731368 40 15 10 10 529 71 59 37
-0.00731948 40 20 10 10 529 71 59 37
-0.00503028 40 25 10 10 529 71 59 37
-0.00732615 45 0 10 10 529 71 59 37
-0.0073244 45 5 10 10 529 71 59 37
-0.00732089 45 10 10 10 529 71 59 37
-0.0073247 45 15 10 10 529 71 59 37
-0.0073141 45 20 10 10 529 71 59 37
-0.00422615 45 25 10 10 529 71 59 37
-0.00728928 0 0 10 10 529 71 59 37
-0.00732375 0 5 10 10 529 71 59 37
-0.00729219 0 10 10 10 529 71 59 37
-0.0043909 0 15 10 10 529 71 59 37
-0.00643861 0 20 10 10 529 71 59 37
-0.00732526 0 25 10 10 529 71 59 37
-0.00729901 5 0 10 10 529 71 59 37
-0.00732493 5 5 10 10 529 71 59 37
-0.00732466 5 10 10 10 529 71 59 37
-0.00732758 5 15 10 10 529 71 59 37
-0.00732801 5 20 10 10 529 71 59 37
-0.00732334 5 25 10 10 529 71 59 37
-0.00732248 10 0 10 10 529 71 59 37
-0.0073298 10 5 10 10 529 71 59 37
-0.00733021 10 10 10 10 529 71 59 37
-0.00732982 10 15 10 10 529 71 59 37
-0.00732647 10 20 10 10 529 71 59 37
-0.00727831 10 25 10 10 529 71 59 37
-0.0073282 15 0 10 10 529 71 59 37
-0.00733032 15 5 10 10 529 71 59 37
-0.00732478 15 10 10 10 529 71 59 37
-0.00731425 15 15 10 10 529 71 59 37
-0.00731423 15 20 10 10 529 71 59 37
-0.00732588 15 25 10 10 529 71 59 37
-0.0073299 20 0 10 10 529 71 59 37
-0.00732744 20 5 10 10 529 71 59 37
-0.0288158 20 10 10 10 529 71 59 37
-0.00730835 20 15 10 10 529 71 59 37
-0.00732701 20 20 10 10 529 71 59 37
-0.0073286 20 25 10 10 529 71 59 37
-0.00733036 25 0 10 10 529 71 59 37
-0.00730951 25 5 10 10 529 71 59 37
-0.00731951 25 10 10 10 529 71 59 37
-0.00732887 25 15 10 10 529 71 59 37
-0.00733004 25 20 10 10 529 71 59 37
-0.00732862 25 25 10 10 529 71 59 37
-0.00732927 30 0 10 10 529 71 59 37
-0.00636667 30 5 10 10 529 71 59 37
-0.00732899 30 10 10 10 529 71 59 37
-0.00733039 30 15 10 10 529 71 59 37
-0.00732888 30 20 10 10 529 71 59 37
-0.00732374 30 25 10 10 529 71 59 37
-0.00733015 35 0 10 10 529 71 59 37
-0.00732624 35 5 10 10 529 71 59 37
-0.00733034 35 10 10 10 529 71 59 37
-0.00732175 35 15 10 10 529 71 59 37
-0.00731448 35 20 10 10 529 71 59 37
-0.00731957 35 25 10 10 529 71 59 37
-0.00733019 40 0 10 10 529 71 59 37
-0.00733028 40 5 10 10 529 71 59 37
-0.00732782 40 10 10 10 529 71 59 37
-0.00614699 40 15 10 10 529 71 59 37
-0.00732248 40 20 10 10 529 71 59 37
-0.00732976 40 25 10 10 529 71 59 37
-0.00732589 45 0 10 10 529 71 59 37
-0.00731989 45 5 10 10 529 71 59 37
-0.00729937 45 10 10 10 529 71 59 37
-0.00527677 45 15 10 10 529 71 59 37
-0.00731952 45 20 10 10 529 71 59 37
-0.007312 45 25 10 10 529 71 59 37
-0.00732782 0 0 10 10 529 71 59 37
-0.00732463 0 5 10 10 529 71 59 37
-0.00731728 0 10 10 10 529 71 59 37
-0.00693282 0 15 10 10 529 71 59 37
-0.00629559 0 20 10 10 529 71 59 37
-0.00683122 0 25 10 10 529 71 59 37
-0.00732008 5 0 10 10 529 71 59 37
-0.00732881 5 5 10 10 529 71 59 37
-0.00732885 5 10 10 10 529 71 59 37
-0.00731256 5 15 10 10 529 71 59 37
-0.00730341 5 20 10 10 529 71 59 37
-0.00486787 5 25 10 10 529 71 59 37
-0.00732482 10 0 10 10 529 71 59 37
-0.00733039 10 5 10 10 529 71 59 37
-0.00732499 10 10 10 10 529 71 59 37
-0.00732204 10 15 10 10 529 71 59 37
-0.00729709 10 20 10 10 529 71 59 37
-0.00518493 10 25 10 10 529 71 59 37
-0.00732922 15 0 10 10 529 71 59 37
-0.00733029 15 5 10 10 529 71 59 37
-0.00703165 15 10 10 10 529 71 59 37
-0.00731472 15 15 10 10 529 71 59 37
-0.00730067 15 20 10 10 529 71 59 37
-0.00730773 15 25 10 10 529 71 59 37
-0.00732971 20 0 10 10 529 71 59 37
-0.0073154 20 5 10 10 529 71 59 37
-0.00729784 20 10 10 10 529 71 59 37
-0.00728878 20 15 10 10 529 71 59 37
-0.00732441 20 20 10 10 529 71 59 37
-0.00731706 20 25 10 10 529 71 59 37
-0.00731165 25 0 10 10 529 71 59 37
-0.00729007 25 5 10 10 529 71 59 37
-0.00730843 25 10 10 10 529 71 59 37
-0.00732643 25 15 10 10 529 71 59 37
-0.00732749 25 20 10 10 529 71 59 37
-0.00728425 25 25 10 10 529 71 59 37
-0.00732548 30 0 10 10 529 71 59 37
-0.00729644 30 5 10 10 529 71 59 37
-0.00732019 30 10 10 10 529 71 59 37
-0.0073302 30 15 10 10 529 71 59 37
-0.00731915 30 20 10 10 529 71 59 37
-0.00731584 30 25 10 10 529 71 59 37
-0.00732885 35 0 10 10 529 71 59 37
-0.00732246 35 5 10 10 529 71 59 37
-0.00732993 35 10 10 10 529 71 59 37
-0.00732573 35 15 10 10 529 71 59 37
-0.00730102 35 20 10 10 529 71 59 37
-0.00731377 35 25 10 10 529 71 59 37
-0.00732812 40 0 10 10 529 71 59 37
-0.0073259 40 5 10 10 529 71 59 37
-0.00732541 40 10 10 10 529 71 59 37
-0.0050815 40 15 10 10 529 71 59 37
-0.00731861 40 20 10 10 529 71 59 37
-0.00731016 40 25 10 10 529 71 59 37
-0.00732654 45 0 10 10 529 71 59 37
-0.007326 45 5 10 10 529 71 59 37
-0.0073174 45 10 10 10 529 71 59 37
-0.00730425 45 15 10 10 529 71 59 37
-0.00732232 45 20 10 10 529 71 59 37
-0.00730369 45 25 10 10 529 71 59 37
-0.00728607 0 0 10 10 529 71 59 37
-0.00728628 0 5 10 10 529 71 59 37
-0.00731169 0 10 10 10 529 71 59 37
-0.00731118 0 15 10 10 529 71 59 37
-0.00732971 0 20 10 10 529 71 59 37
-0.00732943 0 25 10 10 529 71 59 37
-0.00729116 5 0 10 10 529 71 59 37
-0.00633065 5 5 10 10 529 71 59 37
-0.00732488 5 10 10 10 529 71 59 37
-0.00732753 5 15 10 10 529 71 59 37
-0.00732662 5 20 10 10 529 71 59 37
-0.00732946 5 25 10 10 529 71 59 37
-0.00728479 10 0 10 10 529 71 59 37
-0.00730435 10 5 10 10 529 71 59 37
-0.00732955 10 10 10 10 529 71 59 37
-0.00732464 10 15 10 10 529 71 59 37
-0.0073235 10 20 10 10 529 71 59 37
-0.00732883 10 25 10 10 529 71 59 37
-0.00730579 15 0 10 10 529 71 59 37
-0.00732043 15 5 10 10 529 71 59 37
-0.00732732 15 10 10 10 529 71 59 37
-0.00732975 15 15 10 10 529 71 59 37
-0.00732964 15 20 10 10 529 71 59 37
-0.00732952 15 25 10 10 529 71 59 37
-0.00731137 20 0 10 10 529 71 59 37
-0.00731882 20 5 10 10 529 71 59 37
-0.007326 20 10 10 10 529 71 59 37
-0.00733017 20 15 10 10 529 71 59 37
-0.00733003 20 20 10 10 529 71 59 37
-0.0073263 20 25 10 10 529 71 59 37
-0.00730914 25 0 10 10 529 71 59 37
-0.00731774 25 5 10 10 529 71 59 37
-0.00732985 25 10 10 10 529 71 59 37
-0.0073276 25 15 10 10 529 71 59 37
-0.00732849 25 20 10 10 529 71 59 37
-0.00732875 25 25 10 10 529 71 59 37
-0.00665573 30 0 10 10 529 71 59 37
-0.00732602 30 5 10 10 529 71 59 37
-0.00732808 30 10 10 10 529 71 59 37
-0.00731304 30 15 10 10 529 71 59 37
-0.00732791 30 20 10 10 529 71 59 37
-0.00732901 30 25 10 10 529 71 59 37
-0.00730933 35 0 10 10 529 71 59 37
-0.00732967 35 5 10 10 529 71 59 37
-0.00732344 35 10 10 10 529 71 59 37
-0.00732936 35 15 10 10 529 71 59 37
-0.00733 35 20 10 10 529 71 59 37
-0.00732306 35 25 10 10 529 71 59 37
-0.00730702 40 0 10 10 529 71 59 37
-0.00732888 40 5 10 10 529 71 59 37
-0.00731873 40 10 10 10 529 71 59 37
-0.0073304 40 15 10 10 529 71 59 37
-0.007328 40 20 10 10 529 71 59 37
-0.00730343 40 25 10 10 529 71 59 37
-0.00730806 45 0 10 10 529 71 59 37
-0.00732931 45 5 10 10 529 71 59 37
-0.00732789 45 10 10 10 529 71 59 37
-0.00733016 45 15 10 10 529 71 59 37
-0.00732888 45 20 10 10 529 71 59 37
-0.00731656 45 25 10 10 529 71 59 37
-0.00732513 0 0 10 10 529 71 59 37
-0.00732677 0 5 10 10 529 71 59 37
-0.00732779 0 10 10 10 529 71 59 37
-0.00732833 0 15 10 10 529 71 59 37
-0.00732788 0 20 10 10 529 71 59 37
-0.00732461 0 25 10 10 529 71 59 37
-0.00732917 5 0 10 10 529 71 59 37
-0.00733035 5 5 10 10 529 71 59 37
-0.00733043 5 10 10 10 529 71 59 37
-0.00732987 5 15 10 10 529 71 59 37
-0.0073131 5 20 10 10 529 71 59 37
-0.00732705 5 25 10 10 529 71 59 37
-0.0073274 10 0 10 10 529 71 59 37
-0.00732019 10 5 10 10 529 71 59 37
-0.00728421 10 10 10 10 529 71 59 37
-0.00732586 10 15 10 10 529 71 59 37
-0.00731374 10 20 10 10 529 71 59 37
-0.00732483 10 25 10 10 529 71 59 37
-0.00728148 15 0 10 10 529 71 59 37
-0.00730252 15 5 10 10 529 71 59 37
-0.00730349 15 10 10 10 529 71 59 37
-0.00732672 15 15 10 10 529 71 59 37
-0.00729764 15 20 10 10 529 71 59 37
-0.00731862 15 25 10 10 529 71 59 37
-0.00730963 20 0 10 10 529 71 59 37
-0.00713248 20 5 10 10 529 71 59 37
-0.00733035 20 10 10 10 529 71 59 37
-0.00732992 20 15 10 10 529 71 59 37
-0.00732956 20 20 10 10 529 71 59 37
-0.00732324 20 25 10 10 529 71 59 37
-0.0057754 25 0 10 10 529 71 59 37
-0.00732996 25 5 10 10 529 71 59 37
-0.00732853 25 10 10 10 529 71 59 37
-0.00732656 25 15 10 10 529 71 59 37
-0.00732914 25 20 10 10 529 71 59 37
-0.00733045 25 25 10 10 529 71 59 37
-0.00728201 30 0 10 10 529 71 59 37
-0.00733039 30 5 10 10 529 71 59 37
-0.00731851 30 10 10 10 529 71 59 37
-0.00731322 30 15 10 10 529 71 59 37
-0.00732572 30 20 10 10 529 71 59 37
-0.00732947 30 25 10 10 529 71 59 37
-0.00729592 35 0 10 10 529 71 59 37
-0.00733003 35 5 10 10 529 71 59 37
-0.00732676 35 10 10 10 529 71 59 37
-0.00732856 35 15 10 10 529 71 59 37
-0.00732798 35 20 10 10 529 71 59 37
-0.00732988 35 25 10 10 529 71 59 37
-0.00491866 40 0 10 10 529 71 59 37
-0.00732885 40 5 10 10 529 71 59 37
-0.00731912 40 10 10 10 529 71 59 37
-0.00732951 40 15 10 10 529 71 59 37
-0.00733047 40 20 10 10 529 71 59 37
-0.00732992 40 25 10 10 529 71 59 37
-0.00706375 45 0 10 10 529 71 59 37
-0.00732776 45 5 10 10 529 71 59 37
-0.00729973 45 10 10 10 529 71 59 37
-0.00732925 45 15 10 10 529 71 59 37
-0.00731644 45 20 10 10 529 71 59 37
-0.00727941 45 25 10 10 529 71 59 37
-0.00732285 0 0 10 10 529 71 59 37
-0.00732979 0 5 10 10 529 71 59 37
-0.00732389 0 10 10 10 529 71 59 37
-0.00732987 0 15 10 10 529 71 59 37
-0.00730339 0 20 10 10 529 71 59 37
-0.00728122 0 25 10 10 529 71 59 37
-0.00731133 5 0 10 10 529 71 59 37
-0.00732874 5 5 10 10 529 71 59 37
-0.00732983 5 10 10 10 529 71 59 37
-0.00732844 5 15 10 10 529 71 59 37
-0.00732139 5 20 10 10 529 71 59 37
-0.00732344 5 25 10 10 529 71 59 37
-0.00732704 10 0 10 10 529 71 59 37
-0.00732418 10 5 10 10 529 71 59 37
-0.00732897 10 10 10 10 529 71 59 37
-0.0073244 10 15 10 10 529 71 59 37
-0.00733011 10 20 10 10 529 71 59 37
-0.00733037 10 25 10 10 529 71 59 37
-0.00732462 15 0 10 10 529 71 59 37
-0.00732907 15 5 10 10 529 71 59 37
-0.00732474 15 10 10 10 529 71 59 37
-0.00732404 15 15 10 10 529 71 59 37
-0.00732908 15 20 10 10 529 71 59 37
-0.00732623 15 25 10 10 529 71 59 37
-0.00731413 20 0 10 10 529 71 59 37
-0.00732999 20 5 10 10 529 71 59 37
-0.00732058 20 10 10 10 529 71 59 37
-0.00732994 20 15 10 10 529 71 59 37
-0.00732698 20 20 10 10 529 71 59 37
-0.00732425 20 25 10 10 529 71 59 37
-0.00731553 25 0 10 10 529 71 59 37
-0.00732882 25 5 10 10 529 71 59 37
-0.00733029 25 10 10 10 529 71 59 37
-0.00732992 25 15 10 10 529 71 59 37
-0.00732093 25 20 10 10 529 71 59 37
-0.00732786 25 25 10 10 529 71 59 37
-0.00732537 30 0 10 10 529 71 59 37
-0.00732681 30 5 10 10 529 71 59 37
-0.00732705 30 10 10 10 529 71 59 37
-0.00732258 30 15 10 10 529 71 59 37
-0.00731953 30 20 10 10 529 71 59 37
-0.00732941 30 25 10 10 529 71 59 37
-0.00732901 35 0 10 10 529 71 59 37
-0.0073209 35 5 10 10 529 71 59 37
-0.00730404 35 10 10 10 529 71 59 37
-0.0073076 35 15 10 10 529 71 59 37
-0.00732715 35 20 10 10 529 71 59 37
-0.00732655 35 25 10 10 529 71 59 37
-0.00732837 40 0 10 10 529 71 59 37
-0.00732969 40 5 10 10 529 71 59 37
-0.00732646 40 10 10 10 529 71 59 37
-0.00732114 40 15 10 10 529 71 59 37
-0.00732967 40 20 10 10 529 71 59 37
-0.00732267 40 25 10 10 529 71 59 37
-0.0072966 45 0 10 10 529 71 59 37
-0.00732799 45 5 10 10 529 71 59 37
-0.00732983 45 10 10 10 529 71 59 37
-0.00733015 45 15 10 10 529 71 59 37
-0.00732851 45 20 10 10 529 71 59 37
-0.00731355 45 25 10 10 529 71 59 37
-0.0073247 0 0 10 10 529 71 59 37
-0.0073295 0 5 10 10 529 71 59 37
-0.00733012 0 10 10 10 529 71 59 37
-0.00732907 0 15 10 10 529 71 59 37
-0.00731056 0 20 10 10 529 71 59 37
-0.00625945 0 25 10 10 529 71 59 37
-0.00731012 5 0 10 10 529 71 59 37
-0.00732923 5 5 10 10 529 71 59 37
-0.00731684 5 10 10 10 529 71 59 37
-0.00732796 5 15 10 10 529 71 59 37
-0.00732909 5 20 10 10 529 71 59 37
-0.00732797 5 25 10 10 529 71 59 37
-0.00730041 10 0 10 10 529 71 59 37
-0.00732896 10 5 10 10 529 71 59 37
-0.00731827 10 10 10 10 529 71 59 37
-0.00732323 10 15 10 10 529 71 59 37
-0.00732919 10 20 10 10 529 71 59 37
-0.00732985 10 25 10 10 529 71 59 37
-0.00732981 15 0 10 10 529 71 59 37
-0.00732463 15 5 10 10 529 71 59 37
-0.00732885 15 10 10 10 529 71 59 37
-0.00732575 15 15 10 10 529 71 59 37
-0.00732152 15 20 10 10 529 71 59 37
-0.00732439 15 25 10 10 529 71 59 37
-0.0073288 20 0 10 10 529 71 59 37
-0.00733002 20 5 10 10 529 71 59 37
-0.00732888 20 10 10 10 529 71 59 37
-0.00732258 20 15 10 10 529 71 59 37
-0.00731168 20 20 10 10 529 71 59 37
-0.00732568 20 25 10 10 529 71 59 37
-0.00731491 25 0 10 10 529 71 59 37
-0.00732452 25 5 10 10 529 71 59 37
-0.00732412 25 10 10 10 529 71 59 37
-0.00732817 25 15 10 10 529 71 59 37
-0.00732824 25 20 10 10 529 71 59 37
-0.00732993 25 25 10 10 529 71 59 37
-0.00732266 30 0 10 10 529 71 59 37
-0.00732202 30 5 10 10 529 71 59 37
-0.00732588 30 10 10 10 529 71 59 37
-0.00732624 30 15 10 10 529 71 59 37
-0.00732995 30 20 10 10 529 71 59 37
-0.00732859 30 25 10 10 529 71 59 37
-0.00732448 35 0 10 10 529 71 59 37
-0.007328 35 5 10 10 529 71 59 37
-0.00732747 35 10 10 10 529 71 59 37
-0.00731482 35 15 10 10 529 71 59 37
-0.00732991 35 20 10 10 529 71 59 37
-0.00727903 35 25 10 10 529 71 59 37
-0.00732222 40 0 10 10 529 71 59 37
-0.00732545 40 5 10 10 529 71 59 37
-0.00732649 40 10 10 10 529 71 59 37
-0.00731972 40 15 10 10 529 71 59 37
-0.00732929 40 20 10 10 529 71 59 37
-0.00729349 40 25 10 10 529 71 59 37
-0.00732281 45 0 10 10 529 71 59 37
-0.00732581 45 5 10 10 529 71 59 37
-0.00732843 45 10 10 10 529 71 59 37
-0.00732776 45 15 10 10 529 71 59 37
-0.00732794 45 20 10 10 529 71 59 37
-0.00442816 45 25 10 10 529 71 59 37
-0.00731436 0 0 10 10 529 71 59 37
-0.00733015 0 5 10 10 529 71 59 37
-0.00733011 0 10 10 10 529 71 59 37
-0.00732998 0 15 10 10 529 71 59 37
-0.00732863 0 20 10 10 529 71 59 37
-0.00732618 0 25 10 10 529 71 59 37
-0.0073231 5 0 10 10 529 71 59 37
-0.00732935 5 5 10 10 529 71 59 37
-0.0073263 5 10 10 10 529 71 59 37
-0.0073269 5 15 10 10 529 71 59 37
-0.00732872 5 20 10 10 529 71 59 37
-0.00732941 5 25 10 10 529 71 59 37
-0.00732665 10 0 10 10 529 71 59 37
-0.0073287 10 5 10 10 529 71 59 37
-0.00731527 10 10 10 10 529 71 59 37
-0.00728698 10 15 10 10 529 71 59 37
-0.00731658 10 20 10 10 529 71 59 37
-0.00732335 10 25 10 10 529 71 59 37
-0.00732912 15 0 10 10 529 71 59 37
-0.00732793 15 5 10 10 529 71 59 37
-0.00731728 15 10 10 10 529 71 59 37
-0.0072993 15 15 10 10 529 71 59 37
-0.00731071 15 20 10 10 529 71 59 37
-0.00732319 15 25 10 10 529 71 59 37
-0.00732719 20 0 10 10 529 71 59 37
-0.00732073 20 5 10 10 529 71 59 37
-0.00731536 20 10 10 10 529 71 59 37
-0.00732317 20 15 10 10 529 71 59 37
-0.00731664 20 20 10 10 529 71 59 37
-0.00732372 20 25 10 10 529 71 59 37
-0.00732631 25 0 10 10 529 71 59 37
-0.00731044 25 5 10 10 529 71 59 37
-0.00732816 25 10 10 10 529 71 59 37
-0.00732737 25 15 10 10 529 71 59 37
-0.00731106 25 20 10 10 529 71 59 37
-0.00732647 25 25 10 10 529 71 59 37
-0.00732357 30 0 10 10 529 71 59 37
-0.00732732 30 5 10 10 529 71 59 37
-0.00732743 30 10 10 10 529 71 59 37
-0.00732312 30 15 10 10 529 71 59 37
-0.00732503 30 20 10 10 529 71 59 37
-0.00732829 30 25 10 10 529 71 59 37
-0.00730326 35 0 10 10 529 71 59 37
-0.00732714 35 5 10 10 529 71 59 37
-0.00730347 35 10 10 10 529 71 59 37
-0.00731823 35 15 10 10 529 71 59 37
-0.00732902 35 20 10 10 529 71 59 37
-0.00732726 35 25 10 10 529 71 59 37
-0.00732037 40 0 10 10 529 71 59 37
-0.00732409 40 5 10 10 529 71 59 37
-0.00732742 40 10 10 10 529 71 59 37
-0.00729161 40 15 10 10 529 71 59 37
-0.00686574 40 20 10 10 529 71 59 37
-0.00724001 40 25 10 10 529 71 59 37
-0.00732941 45 0 10 10 529 71 59 37
-0.00732445 45 5 10 10 529 71 59 37
-0.007329 45 10 10 10 529 71 59 37
-0.0073098 45 15 10 10 529 71 59 37
-0.007278 45 20 10 10 529 71 59 37
-0.0073131 45 25 10 10 529 71 59 37
-0.00732411 0 0 10 10 529 71 59 37
-0.0073255 0 5 10 10 529 71 59 37
-0.00732755 0 10 10 10 529 71 59 37
-0.00732769 0 15 10 10 529 71 59 37
-0.00732791 0 20 10 10 529 71 59 37
-0.00732925 0 25 10 10 529 71 59 37
-0.00732649 5 0 10 10 529 71 59 37
-0.00732857 5 5 10 10 529 71 59 37
-0.00732824 5 10 10 10 529 71 59 37
-0.00731963 5 15 10 10 529 71 59 37
-0.00730589 5 20 10 10 529 71 59 37
-0.0073258 5 25 10 10 529 71 59 37
-0.00732443 10 0 10 10 529 71 59 37
-0.0073216 10 5 10 10 529 71 59 37
-0.00732534 10 10 10 10 529 71 59 37
-0.00732583 10 15 10 10 529 71 59 37
-0.00732698 10 20 10 10 529 71 59 37
-0.00732563 10 25 10 10 529 71 59 37
-0.00732606 15 0 10 10 529 71 59 37
-0.00732189 15 5 10 10 529 71 59 37
-0.00732867 15 10 10 10 529 71 59 37
-0.00732956 15 15 10 10 529 71 59 37
-0.00732943 15 20 10 10 529 71 59 37
-0.00732931 15 25 10 10 529 71 59 37
-0.00732864 20 0 10 10 529 71 59 37
-0.00731763 20 5 10 10 529 71 59 37
-0.00732892 20 10 10 10 529 71 59 37
-0.00731008 20 15 10 10 529 71 59 37
-0.00732374 20 20 10 10 529 71 59 37
-0.00732787 20 25 10 10 529 71 59 37
-0.00733024 25 0 10 10 529 71 59 37
-0.00732824 25 5 10 10 529 71 59 37
-0.00732667 25 10 10 10 529 71 59 37
-0.00732525 25 15 10 10 529 71 59 37
-0.0073246 25 20 10 10 529 71 59 37
-0.00732015 25 25 10 10 529 71 59 37
-0.0073193 30 0 10 10 529 71 59 37
-0.0073245 30 5 10 10 529 71 59 37
-0.00732582 30 10 10 10 529 71 59 37
-0.0073042 30 15 10 10 529 71 59 37
-0.00731744 30 20 10 10 529 71 59 37
-0.0073264 30 25 10 10 529 71 59 37
-0.00731051 35 0 10 10 529 71 59 37
-0.00732941 35 5 10 10 529 71 59 37
-0.0073282 35 10 10 10 529 71 59 37
-0.00732683 35 15 10 10 529 71 59 37
-0.00732907 35 20 10 10 529 71 59 37
-0.00732145 35 25 10 10 529 71 59 37
-0.00731866 40 0 10 10 529 71 59 37
-0.00732957 40 5 10 10 529 71 59 37
-0.00731864 40 10 10 10 529 71 59 37
-0.00732943 40 15 10 10 529 71 59 37
-0.00731045 40 20 10 10 529 71 59 37
-0.00610988 40 25 10 10 529 71 59 37
-0.00733017 45 0 10 10 529 71 59 37
-0.0073277 45 5 10 10 529 71 59 37
-0.00732832 45 10 10 10 529 71 59 37
-0.0073279 45 15 10 10 529 71 59 37
-0.00732909 45 20 10 10 529 71 59 37
-0.00730055 45 25 10 10 529 71 59 37
-0.00732506 0 0 13 14 529 71 59 37
-0.00732698 0 7 13 14 529 71 59 37
-0.00732941 0 14 13 14 529 71 59 37
-0.00733008 0 21 13 14 529 71 59 37
-0.00732246 6 0 13 14 529 71 59 37
-0.00730674 6 7 13 14 529 71 59 37
-0.00731125 6 14 13 14 529 71 59 37
-0.00732905 6 21 13 14 529 71 59 37
-0.00732627 12 0 13 14 529 71 59 37
-0.00730296 12 7 13 14 529 71 59 37
-0.0073048 12 14 13 14 529 71 59 37
-0.00730896 12 21 13 14 529 71 59 37
-0.00732488 18 0 13 14 529 71 59 37
-0.00731866 18 7 13 14 529 71 59 37
-0.0073178 18 14 13 14 529 71 59 37
-0.00731479 18 21 13 14 529 71 59 37
-0.00640156 24 0 13 14 529 71 59 37
-0.00729998 24 7 13 14 529 71 59 37
-0.00729036 24 14 13 14 529 71 59 37
-0.00732556 24 21 13 14 529 71 59 37
-0.00730951 30 0 13 14 529 71 59 37
-0.00461201 30 7 13 14 529 71 59 37
-0.00727516 30 14 13 14 529 71 59 37
-0.00732921 30 21 13 14 529 71 59 37
-0.0073199 36 0 13 14 529 71 59 37
-0.00730269 36 7 13 14 529 71 59 37
-0.00732722 36 14 13 14 529 71 59 37
-0.00733017 36 21 13 14 529 71 59 37
-0.00732144 42 0 13 14 529 71 59 37
-0.00730982 42 7 13 14 529 71 59 37
-0.00732761 42 14 13 14 529 71 59 37
-0.00732246 42 21 13 14 529 71 59 37
-0.00732708 0 0 13 14 529 71 59 37
-0.00732733 0 7 13 14 529 71 59 37
-0.00732655 0 14 13 14 529 71 59 37
-0.00731734 0 21 13 14 529 71 59 37
-0.00732203 6 0 13 14 529 71 59 37
-0.00730955 6 7 13 14 529 71 59 37
-0.00732207 6 14 13 14 529 71 59 37
-0.00732693 6 21 13 14 529 71 59 37
-0.00730437 12 0 13 14 529 71 59 37
-0.00730114 12 7 13 14 529 71 59 37
-0.00729841 12 14 13 14 529 71 59 37
-0.00732624 12 21 13 14 529 71 59 37
-0.00731806 18 0 13 14 529 71 59 37
-0.00730749 18 7 13 14 529 71 59 37
-0.00553878 18 14 13 14 529 71 59 37
-0.00732582 18 21 13 14 529 71 59 37
-0.00730922 24 0 13 14 529 71 59 37
-0.00728436 24 7 13 14 529 71 59 37
-0.00729323 24 14 13 14 529 71 59 37
-0.00732452 24 21 13 14 529 71 59 37
-0.00728621 30 0 13 14 529 71 59 37
-0.00727854 30 7 13 14 529 71 59 37
-0.00729748 30 14 13 14 529 71 59 37
-0.00732268 30 21 13 14 529 71 59 37
-0.00570078 36 0 13 14 529 71 59 37
-0.00730801 36 7 13 14 529 71 59 37
-0.00584752 36 14 13 14 529 71 59 37
-0.00731352 36 21 13 14 529 71 59 37
-0.00731247 42 0 13 14 529 71 59 37
-0.00730913 42 7 13 14 529 71 59 37
-0.00731531 42 14 13 14 529 71 59 37
-0.00727714 42 21 13 14 529 71 59 37
-0.00729184 0 0 13 14 529 71 59 37
-0.00732342 0 7 13 14 529 71 59 37
-0.0073056 0 14 13 14 529 71 59 37
-0.00732464 0 21 13 14 529 71 59 37
-0.0073199 6 0 13 14 529 71 59 37
-0.00732991 6 7 13 14 529 71 59 37
-0.00732969 6 14 13 14 529 71 59 37
-0.00731229 6 21 13 14 529 71 59 37
-0.00732898 12 0 13 14 529 71 59 37
-0.00732917 12 7 13 14 529 71 59 37
-0.00732202 12 14 13 14 529 71 59 37
-0.00730555 12 21 13 14 529 71 59 37
-0.00733042 18 0 13 14 529 71 59 37
-0.00729582 18 7 13 14 529 71 59 37
-0.00730994 18 14 13 14 529 71 59 37
-0.00732868 18 21 13 14 529 71 59 37
-0.00732905 24 0 13 14 529 71 59 37
-0.00730349 24 7 13 14 529 71 59 37
-0.00732982 24 14 13 14 529 71 59 37
-0.00732946 24 21 13 14 529 71 59 37
-0.00732641 30 0 13 14 529 71 59 37
-0.00732828 30 7 13 14 529 71 59 37
-0.00732947 30 14 13 14 529 71 59 37
-0.00731578 30 21 13 14 529 71 59 37
-0.00733021 36 0 13 14 529 71 59 37
-0.00732968 36 7 13 14 529 71 59 37
-0.00730352 36 14 13 14 529 71 59 37
-0.00731907 36 21 13 14 529 71 59 37
-0.00732627 42 0 13 14 529 71 59 37
-0.00731738 42 7 13 14 529 71 59 37
-0.00581125 42 14 13 14 529 71 59 37
-0.00732594 42 21 13 14 529 71 59 37
-0.00732413 0 0 13 14 529 71 59 37
-0.00732392 0 7 13 14 529 71 59 37
-0.00603329 0 14 13 14 529 71 59 37
-0.00523519 0 21 13 14 529 71 59 37
-0.00732475 6 0 13 14 529 71 59 37
-0.0073297 6 7 13 14 529 71 59 37
-0.00731641 6 14 13 14 529 71 59 37
-0.00588917 6 21 13 14 529 71 59 37
-0.00732948 12 0 13 14 529 71 59 37
-0.00732458 12 7 13 14 529 71 59 37
-0.00731236 12 14 13 14 529 71 59 37
-0.00566287 12 21 13 14 529 71 59 37
-0.00732983 18 0 13 14 529 71 59 37
-0.0072787 18 7 13 14 529 71 59 37
-0.00729614 18 14 13 14 529 71 59 37
-0.00731641 18 21 13 14 529 71 59 37
-0.00732137 24 0 13 14 529 71 59 37
-0.00728141 24 7 13 14 529 71 59 37
-0.00732544 24 14 13 14 529 71 59 37
-0.00729981 24 21 13 14 529 71 59 37
-0.00732709 30 0 13 14 529 71 59 37
-0.00732554 30 7 13 14 529 71 59 37
-0.00732828 30 14 13 14 529 71 59 37
-0.00727946 30 21 13 14 529 71 59 37
-0.00732771 36 0 13 14 529 71 59 37
-0.00732732 36 7 13 14 529 71 59 37
-0.00728411 36 14 13 14 529 71 59 37
-0.00731803 36 21 13 14 529 71 59 37
-0.00732052 42 0 13 14 529 71 59 37
-0.00731957 42 7 13 14 529 71 59 37
-0.00729387 42 14 13 14 529 71 59 37
-0.00731662 42 21 13 14 529 71 59 37
-0.00591932 0 0 13 14 529 71 59 37
-0.00731129 0 7 13 14 529 71 59 37
-0.00732657 0 14 13 14 529 71 59 37
-0.00732942 0 21 13 14 529 71 59 37
-0.00513678 6 0 13 14 529 71 59 37
-0.00732841 6 7 13 14 529 71 59 37
-0.007304 6 14 13 14 529 71 59 37
-0.00732389 6 21 13 14 529 71 59 37
-0.00729536 12 0 13 14 529 71 59 37
-0.00732759 12 7 13 14 529 71 59 37
-0.00732771 12 14 13 14 529 71 59 37
-0.00732843 12 21 13 14 529 71 59 37
-0.00654844 18 0 13 14 529 71 59 37
-0.00732735 18 7 13 14 529 71 59 37
-0.00732977 18 14 13 14 529 71 59 37
-0.00732908 18 21 13 14 529 71 59 37
-0.00730205 24 0 13 14 529 71 59 37
-0.00732843 24 7 13 14 529 71 59 37
-0.00732205 24 14 13 14 529 71 59 37
-0.00732921 24 21 13 14 529 71 59 37
-0.00732297 30 0 13 14 529 71 59 37
-0.00732645 30 7 13 14 529 71 59 37
-0.0073114 30 14 13 14 529 71 59 37
-0.00732968 30 21 13 14 529 71 59 37
-0.00732604 36 0 13 14 529 71 59 37
-0.00732315 36 7 13 14 529 71 59 37
-0.00732992 36 14 13 14 529 71 59 37
-0.00732867 36 21 13 14 529 71 59 37
-0.00732915 42 0 13 14 529 71 59 37
-0.00732677 42 7 13 14 529 71 59 37
-0.00733013 42 14 13 14 529 71 59 37
-0.00732281 42 21 13 14 529 71 59 37
-0.00731129 0 0 13 14 529 71 59 37
-0.00732742 0 7 13 14 529 71 59 37
-0.00732342 0 14 13 14 529 71 59 37
-0.00732251 0 21 13 14 529 71 59 37
-0.0073294 6 0 13 14 529 71 59 37
-0.00733001 6 7 13 14 529 71 59 37
-0.00732816 6 14 13 14 529 71 59 37
-0.00729749 6 21 13 14 529 71 59 37
-0.00729792 12 0 13 14 529 71 59 37
-0.00541555 12 7 13 14 529 71 59 37
-0.00731576 12 14 13 14 529 71 59 37
-0.00730166 12 21 13 14 529 71 59 37
-0.00730338 18 0 13 14 529 71 59 37
-0.00733031 18 7 13 14 529 71 59 37
-0.00732986 18 14 13 14 529 71 59 37
-0.00732568 18 21 13 14 529 71 59 37
-0.00732671 24 0 13 14 529 71 59 37
-0.00732595 24 7 13 14 529 71 59 37
-0.00732382 24 14 13 14 529 71 59 37
-0.00732962 24 21 13 14 529 71 59 37
-0.00732757 30 0 13 14 529 71 59 37
-0.00731028 30 7 13 14 529 71 59 37
-0.00730122 30 14 13 14 529 71 59 37
-0.007323 30 21 13 14 529 71 59 37
-0.00732688 36 0 13 14 529 71 59 37
-0.00732738 36 7 13 14 529 71 59 37
-0.00732898 36 14 13 14 529 71 59 37
-0.0073297 36 21 13 14 529 71 59 37
-0.00731978 42 0 13 14 529 71 59 37
-0.00730278 42 7 13 14 529 71 59 37
-0.00732716 42 14 13 14 529 71 59 37
-0.00731611 42 21 13 14 529 71 59 37
-0.00732529 0 0 13 14 529 71 59 37
-0.00729477 0 7 13 14 529 71 59 37
-0.00732786 0 14 13 14 529 71 59 37
-0.00730258 0 21 13 14 529 71 59 37
-0.00731972 6 0 13 14 529 71 59 37
-0.00732763 6 7 13 14 529 71 59 37
-0.00732474 6 14 13 14 529 71 59 37
-0.00732915 6 21 13 14 529 71 59 37
-0.0073158 12 0 13 14 529 71 59 37
-0.00731882 12 7 13 14 529 71 59 37
-0.00732867 12 14 13 14 529 71 59 37
-0.00732543 12 21 13 14 529 71 59 37
-0.00731235 18 0 13 14 529 71 59 37
-0.0073241 18 7 13 14 529 71 59 37
-0.00733022 18 14 13 14 529 71 59 37
-0.0073183 18 21 13 14 529 71 59 37
-0.00732326 24 0 13 14 529 71 59 37
-0.00732978 24 7 13 14 529 71 59 37
-0.00732713 24 14 13 14 529 71 59 37
-0.00732 24 21 13 14 529 71 59 37
-0.00731607 30 0 13 14 529 71 59 37
-0.00732257 30 7 13 14 529 71 59 37
-0.00730292 30 14 13 14 529 71 59 37
-0.00732823 30 21 13 14 529 71 59 37
-0.00732624 36 0 13 14 529 71 59 37
-0.00731901 36 7 13 14 529 71 59 37
-0.00731594 36 14 13 14 529 71 59 37
-0.00733001 36 21 13 14 529 71 59 37
-0.00732821 42 0 13 14 529 71 59 37
-0.00732983 42 7 13 14 529 71 59 37
-0.00732927 42 14 13 14 529 71 59 37
-0.00732819 42 21 13 14 529 71 59 37
-0.00732358 0 0 13 14 529 71 59 37
-0.00732812 0 7 13 14 529 71 59 37
-0.00732782 0 14 13 14 529 71 59 37
-0.00731247 0 21 13 14 529 71 59 37
-0.00732391 6 0 13 14 529 71 59 37
-0.00731545 6 7 13 14 529 71 59 37
-0.00732822 6 14 13 14 529 71 59 37
-0.00733035 6 21 13 14 529 71 59 37
-0.00732541 12 0 13 14 529 71 59 37
-0.00732499 12 7 13 14 529 71 59 37
-0.00732428 12 14 13 14 529 71 59 37
-0.00732396 12 21 13 14 529 71 59 37
-0.00732925 18 0 13 14 529 71 59 37
-0.00732642 18 7 13 14 529 71 59 37
-0.00732469 18 14 13 14 529 71 59 37
-0.00732054 18 21 13 14 529 71 59 37
-0.00730218 24 0 13 14 529 71 59 37
-0.00661895 24 7 13 14 529 71 59 37
-0.00732599 24 14 13 14 529 71 59 37
-0.00732921 24 21 13 14 529 71 59 37
-0.007319 30 0 13 14 529 71 59 37
-0.00730387 30 7 13 14 529 71 59 37
-0.0073239 30 14 13 14 529 71 59 37
-0.00732915 30 21 13 14 529 71 59 37
-0.00732413 36 0 13 14 529 71 59 37
-0.00731421 36 7 13 14 529 71 59 37
-0.00672647 36 14 13 14 529 71 59 37
-0.00732649 36 21 13 14 529 71 59 37
-0.00730636 42 0 13 14 529 71 59 37
-0.00732785 42 7 13 14 529 71 59 37
-0.00732745 42 14 13 14 529 71 59 37
-0.00732465 42 21 13 14 529 71 59 37
-0.00732848 0 0 13 14 529 71 59 37
-0.00732914 0 7 13 14 529 71 59 37
-0.00732926 0 14 13 14 529 71 59 37
-0.0073299 0 21 13 14 529 71 59 37
-0.0073291 6 0 13 14 529 71 59 37
-0.00731535 6 7 13 14 529 71 59 37
-0.00731586 6 14 13 14 529 71 59 37
-0.00732458 6 21 13 14 529 71 59 37
-0.00732789 12 0 13 14 529 71 59 37
-0.00728993 12 7 13 14 529 71 59 37
-0.00474068 12 14 13 14 529 71 59 37
-0.00731602 12 21 13 14 529 71 59 37
-0.00731682 18 0 13 14 529 71 59 37
-0.00689922 18 7 13 14 529 71 59 37
-0.00732022 18 14 13 14 529 71 59 37
-0.00732325 18 21 13 14 529 71 59 37
-0.00699853 24 0 13 14 529 71 59 37
-0.00731834 24 7 13 14 529 71 59 37
-0.00732259 24 14 13 14 529 71 59 37
-0.00732375 24 21 13 14 529 71 59 37
-0.00731744 30 0 13 14 529 71 59 37
-0.0073275 30 7 13 14 529 71 59 37
-0.0073166 30 14 13 14 529 71 59 37
-0.00732492 30 21 13 14 529 71 59 37
-0.00464766 36 0 13 14 529 71 59 37
-0.00732325 36 7 13 14 529 71 59 37
-0.0073127 36 14 13 14 529 71 59 37
-0.00731938 36 21 13 14 529 71 59 37
-0.00731398 42 0 13 14 529 71 59 37
-0.00732425 42 7 13 14 529 71 59 37
-0.00573734 42 14 13 14 529 71 59 37
-0.00454379 42 21 13 14 529 71 59 37
-0.0073279 0 0 13 14 529 71 59 37
-0.00732918 0 7 13 14 529 71 59 37
-0.00732254 0 14 13 14 529 71 59 37
-0.00732564 0 21 13 14 529 71 59 37
-0.00732186 6 0 13 14 529 71 59 37
-0.00732479 6 7 13 14 529 71 59 37
-0.00730605 6 14 13 14 529 71 59 37
-0.00731697 6 21 13 14 529 71 59 37
-0.00732179 12 0 13 14 529 71 59 37
-0.00731045 12 7 13 14 529 71 59 37
-0.00732847 12 14 13 14 529 71 59 37
-0.00732786 12 21 13 14 529 71 59 37
-0.00731076 18 0 13 14 529 71 59 37
-0.00732539 18 7 13 14 529 71 59 37
-0.00732326 18 14 13 14 529 71 59 37
-0.00732771 18 21 13 14 529 71 59 37
-0.00732841 24 0 13 14 529 71 59 37
-0.00732178 24 7 13 14 529 71 59 37
-0.00730539 24 14 13 14 529 71 59 37
-0.00731858 24 21 13 14 529 71 59 37
-0.00732253 30 0 13 14 529 71 59 37
-0.00732756 30 7 13 14 529 71 59 37
-0.00729931 30 14 13 14 529 71 59 37
-0.00732655 30 21 13 14 529 71 59 37
-0.00732732 36 0 13 14 529 71 59 37
-0.00730227 36 7 13 14 529 71 59 37
-0.00732779 36 14 13 14 529 71 59 37
-0.0073249 36 21 13 14 529 71 59 37
-0.0073293 42 0 13 14 529 71 59 37
-0.00731913 42 7 13 14 529 71 59 37
-0.00732722 42 14 13 14 529 71 59 37
-0.00732191 42 21 13 14 529 71 59 37
-0.00732446 0 0 19 18 529 71 59 37
-0.00732106 0 9 19 18 529 71 59 37
-0.00733003 0 18 19 18 529 71 59 37
-0.00732262 9 0 19 18 529 71 59 37
-0.00729023 9 9 19 18 529 71 59 37
-0.00731439 9 18 19 18 529 71 59 37
-0.00731031 18 0 19 18 529 71 59 37
-0.0058838 18 9 19 18 529 71 59 37
-0.00731204 18 18 19 18 529 71 59 37
-0.0072923 27 0 19 18 529 71 59 37
-0.00430999 27 9 19 18 529 71 59 37
-0.00732756 27 18 19 18 529 71 59 37
-0.00732035 36 0 19 18 529 71 59 37
-0.00732479 36 9 19 18 529 71 59 37
-0.00733 36 18 19 18 529 71 59 37
-0.00732582 0 0 19 18 529 71 59 37
-0.00732541 0 9 19 18 529 71 59 37
-0.00732174 0 18 19 18 529 71 59 37
-0.00730048 9 0 19 18 529 71 59 37
-0.00730033 9 9 19 18 529 71 59 37
-0.0073197 9 18 19 18 529 71 59 37
-0.00729778 18 0 19 18 529 71 59 37
-0.00480672 18 9 19 18 529 71 59 37
-0.00730973 18 18 19 18 529 71 59 37
-0.00622156 27 0 19 18 529 71 59 37
-0.0073115 27 9 19 18 529 71 59 37
-0.00730485 27 18 19 18 529 71 59 37
-0.00728296 36 0 19 18 529 71 59 37
-0.00731484 36 9 19 18 529 71 59 37
-0.00728946 36 18 19 18 529 71 59 37
-0.00731526 0 0 19 18 529 71 59 37
-0.00732791 0 9 19 18 529 71 59 37
-0.00731468 0 18 19 18 529 71 59 37
-0.00732992 9 0 19 18 529 71 59 37
-0.00732358 9 9 19 18 529 71 59 37
-0.00729775 9 18 19 18 529 71 59 37
-0.00732889 18 0 19 18 529 71 59 37
-0.00731542 18 9 19 18 529 71 59 37
-0.00733001 18 18 19 18 529 71 59 37
-0.0073272 27 0 19 18 529 71 59 37
-0.00732977 27 9 19 18 529 71 59 37
-0.00731184 27 18 19 18 529 71 59 37
-0.00732653 36 0 19 18 529 71 59 37
-0.00730948 36 9 19 18 529 71 59 37
-0.00731061 36 18 19 18 529 71 59 37
-0.00732311 0 0 19 18 529 71 59 37
-0.00731484 0 9 19 18 529 71 59 37
-0.0054977 0 18 19 18 529 71 59 37
-0.00732995 9 0 19 18 529 71 59 37
-0.00729706 9 9 19 18 529 71 59 37
-0.00728636 9 18 19 18 529 71 59 37
-0.00732677 18 0 19 18 529 71 59 37
-0.00729341 18 9 19 18 529 71 59 37
-0.00730853 18 18 19 18 529 71 59 37
-0.00732323 27 0 19 18 529 71 59 37
-0.0073262 27 9 19 18 529 71 59 37
-0.00618426 27 18 19 18 529 71 59 37
-0.00731305 36 0 19 18 529 71 59 37
-0.00599494 36 9 19 18 529 71 59 37
-0.00731024 36 18 19 18 529 71 59 37
-0.00467758 0 0 19 18 529 71 59 37
-0.00731329 0 9 19 18 529 71 59 37
-0.0073067 0 18 19 18 529 71 59 37
-0.00426447 9 0 19 18 529 71 59 37
-0.00730969 9 9 19 18 529 71 59 37
-0.00669139 9 18 19 18 529 71 59 37
-0.00732486 18 0 19 18 529 71 59 37
-0.00730319 18 9 19 18 529 71 59 37
-0.00732218 18 18 19 18 529 71 59 37
-0.00732539 27 0 19 18 529 71 59 37
-0.00729561 27 9 19 18 529 71 59 37
-0.00732484 27 18 19 18 529 71 59 37
-0.00732667 36 0 19 18 529 71 59 37
-0.00731973 36 9 19 18 529 71 59 37
-0.00732397 36 18 19 18 529 71 59 37
-0.00732032 0 0 19 18 529 71 59 37
-0.00732014 0 9 19 18 529 71 59 37
-0.00731923 0 18 19 18 529 71 59 37
-0.00732358 9 0 19 18 529 71 59 37
-0.00732755 9 9 19 18 529 71 59 37
-0.0073179 9 18 19 18 529 71 59 37
-0.00732941 18 0 19 18 529 71 59 37
-0.00732542 18 9 19 18 529 71 59 37
-0.00732847 18 18 19 18 529 71 59 37
-0.00732629 27 0 19 18 529 71 59 37
-0.00676148 27 9 19 18 529 71 59 37
-0.00732638 27 18 19 18 529 71 59 37
-0.0073154 36 0 19 18 529 71 59 37
-0.00732442 36 9 19 18 529 71 59 37
-0.00732862 36 18 19 18 529 71 59 37
-0.00730712 0 0 19 18 529 71 59 37
-0.00729032 0 9 19 18 529 71 59 37
-0.0073191 0 18 19 18 529 71 59 37
-0.00731969 9 0 19 18 529 71 59 37
-0.00732527 9 9 19 18 529 71 59 37
-0.00732732 9 18 19 18 529 71 59 37
-0.00732427 18 0 19 18 529 71 59 37
-0.00732914 18 9 19 18 529 71 59 37
-0.0073059 18 18 19 18 529 71 59 37
-0.00729881 27 0 19 18 529 71 59 37
-0.00728791 27 9 19 18 529 71 59 37
-0.00732368 27 18 19 18 529 71 59 37
-0.00732674 36 0 19 18 529 71 59 37
-0.00732489 36 9 19 18 529 71 59 37
-0.00732956 36 18 19 18 529 71 59 37
-0.00732377 0 0 19 18 529 71 59 37
-0.00732838 0 9 19 18 529 71 59 37
-0.00733009 0 18 19 18 529 71 59 37
-0.00732881 9 0 19 18 529 71 59 37
-0.00732129 9 9 19 18 529 71 59 37
-0.00732215 9 18 19 18 529 71 59 37
-0.00730319 18 0 19 18 529 71 59 37
-0.00729269 18 9 19 18 529 71 59 37
-0.0073181 18 18 19 18 529 71 59 37
-0.00647492 27 0 19 18 529 71 59 37
-0.00732327 27 9 19 18 529 71 59 37
-0.00732996 27 18 19 18 529 71 59 37
-0.00732622 36 0 19 18 529 71 59 37
-0.00732975 36 9 19 18 529 71 59 37
-0.00732798 36 18 19 18 529 71 59 37
-0.00732823 0 0 19 18 529 71 59 37
-0.00731992 0 9 19 18 529 71 59 37
-0.00732537 0 18 19 18 529 71 59 37
-0.00732335 9 0 19 18 529 71 59 37
-0.00413298 9 9 19 18 529 71 59 37
-0.00731543 9 18 19 18 529 71 59 37
-0.00727796 18 0 19 18 529 71 59 37
-0.00730917 18 9 19 18 529 71 59 37
-0.00731985 18 18 19 18 529 71 59 37
-0.00728508 27 0 19 18 529 71 59 37
-0.00732478 27 9 19 18 529 71 59 37
-0.00732472 27 18 19 18 529 71 59 37
-0.00731096 36 0 19 18 529 71 59 37
-0.00732308 36 9 19 18 529 71 59 37
-0.00731956 36 18 19 18 529 71 59 37
-0.0073229 0 0 19 18 529 71 59 37
-0.00729476 0 9 19 18 529 71 59 37
-0.00727881 0 18 19 18 529 71 59 37
-0.00729059 9 0 19 18 529 71 59 37
-0.00731354 9 9 19 18 529 71 59 37
-0.00732132 9 18 19 18 529 71 59 37
-0.00731162 18 0 19 18 529 71 59 37
-0.00732162 18 9 19 18 529 71 59 37
-0.00732009 18 18 19 18 529 71 59 37
-0.00730357 27 0 19 18 529 71 59 37
-0.00729447 27 9 19 18 529 71 59 37
-0.00731072 27 18 19 18 529 71 59 37
-0.007324 36 0 19 18 529 71 59 37
-0.00732421 36 9 19 18 529 71 59 37
-0.00731201 36 18 19 18 529 71 59 37
-0.00729843 0 0 39 24 529 71 59 37
-0.00730815 0 12 39 24 529 71 59 37
-0.00557908 19 0 39 24 529 71 59 37
-0.00732371 19 12 39 24 529 71 59 37
-0.00732092 0 0 39 24 529 71 59 37
-0.00730116 0 12 39 24 529 71 59 37
-0.00729144 19 0 39 24 529 71 59 37
-0.00729529 19 12 39 24 529 71 59 37
-0.00732817 0 0 39 24 529 71 59 37
-0.00731883 0 12 39 24 529 71 59 37
-0.00732249 19 0 39 24 529 71 59 37
-0.00732259 19 12 39 24 529 71 59 37
-0.00732235 0 0 39 24 529 71 59 37
-0.00446234 0 12 39 24 529 71 59 37
-0.00730268 19 0 39 24 529 71 59 37
-0.0042257 19 12 39 24 529 71 59 37
-0.00731469 0 0 39 24 529 71 59 37
-0.00595641 0 12 39 24 529 71 59 37
-0.00731205 19 0 39 24 529 71 59 37
-0.00732004 19 12 39 24 529 71 59 37
-0.00730591 0 0 39 24 529 71 59 37
-0.00731682 0 12 39 24 529 71 59 37
-0.00728201 19 0 39 24 529 71 59 37
-0.00728388 19 12 39 24 529 71 59 37
-0.00732476 0 0 39 24 529 71 59 37
-0.00732614 0 12 39 24 529 71 59 37
-0.00658372 19 0 39 24 529 71 59 37
-0.00732182 19 12 39 24 529 71 59 37
-0.00729881 0 0 39 24 529 71 59 37
-0.00731674 0 12 39 24 529 71 59 37
-0.00696554 19 0 39 24 529 71 59 37
-0.00732832 19 12 39 24 529 71 59 37
-0.00607027 0 0 39 24 529 71 59 37
-0.0049734 0 12 39 24 529 71 59 37
-0.00729691 19 0 39 24 529 71 59 37
-0.0073246 19 12 39 24 529 71 59 37
-0.00731128 0 0 39 24 529 71 59 37
-0.00562192 0 12 39 24 529 71 59 37
-0.00729625 19 0 39 24 529 71 59 37
-0.00732274 19 12 39 24 529 71 59 37
-0.00730099 0 0 59 37 529 71 59 37
-0.00729118 0 0 59 37 529 71 59 37
-0.00731576 0 0 59 37 529 71 59 37
-0.00730661 0 0 59 37 529 71 59 37
-0.00729428 0 0 59 37 529 71 59 37
-0.00537103 0 0 59 37 529 71 59 37
-0.00730916 0 0 59 37 529 71 59 37
-0.00731093 0 0 59 37 529 71 59 37
-0.00532408 0 0 59 37 529 71 59 37
-0.00651172 0 0 59 37 529 71 59 37
