-0.00172943 0 0 11 10 439 334 50 47
-0.00173333 0 5 11 10 439 334 50 47
-0.00173596 0 10 11 10 439 334 50 47
-0.00173624 0 15 11 10 439 334 50 47
-0.00173625 0 20 11 10 439 334 50 47
-0.00173621 0 25 11 10 439 334 50 47
-0.00173619 0 30 11 10 439 334 50 47
-0.00173614 0 35 11 10 439 334 50 47
-0.0017351 5 0 11 10 439 334 50 47
-0.0017363 5 5 11 10 439 334 50 47
-0.00173625 5 10 11 10 439 334 50 47
-0.00173612 5 15 11 10 439 334 50 47
-0.00173555 5 20 11 10 439 334 50 47
-0.00173457 5 25 11 10 439 334 50 47
-0.00173525 5 30 11 10 439 334 50 47
-0.00173565 5 35 11 10 439 334 50 47
-0.00173626 10 0 11 10 439 334 50 47
-0.0017361 10 5 11 10 439 334 50 47
-0.00173587 10 10 11 10 439 334 50 47
-0.00173535 10 15 11 10 439 334 50 47
-0.0017332 10 20 11 10 439 334 50 47
-0.00173537 10 25 11 10 439 334 50 47
-0.00173422 10 30 11 10 439 334 50 47
-0.00173553 10 35 11 10 439 334 50 47
-0.00173598 15 0 11 10 439 334 50 47
-0.00173535 15 5 11 10 439 334 50 47
-0.00173376 15 10 11 10 439 334 50 47
-0.00173324 15 15 11 10 439 334 50 47
-0.00173552 15 20 11 10 439 334 50 47
-0.00173567 15 25 11 10 439 334 50 47
-0.0017332 15 30 11 10 439 334 50 47
-0.00173556 15 35 11 10 439 334 50 47
-0.00173507 20 0 11 10 439 334 50 47
-0.00158504 20 5 11 10 439 334 50 47
-0.0017322 20 10 11 10 439 334 50 47
-0.0017275 20 15 11 10 439 334 50 47
-0.00173549 20 20 11 10 439 334 50 47
-0.00173588 20 25 11 10 439 334 50 47
-0.00173301 20 30 11 10 439 334 50 47
-0.00173558 20 35 11 10 439 334 50 47
-0.00173492 25 0 11 10 439 334 50 47
-0.0012027 25 5 11 10 439 334 50 47
-0.0011872 25 10 11 10 439 334 50 47
-0.00170212 25 15 11 10 439 334 50 47
-0.00173362 25 20 11 10 439 334 50 47
-0.0017356 25 25 11 10 439 334 50 47
-0.00173556 25 30 11 10 439 334 50 47
-0.00173588 25 35 11 10 439 334 50 47
-0.00173593 30 0 11 10 439 334 50 47
-0.00173502 30 5 11 10 439 334 50 47
-0.00173012 30 10 11 10 439 334 50 47
-0.00173096 30 15 11 10 439 334 50 47
-0.00141965 30 20 11 10 439 334 50 47
-0.00173455 30 25 11 10 439 334 50 47
-0.00173583 30 30 11 10 439 334 50 47
-0.0017361 30 35 11 10 439 334 50 47
-0.00173624 35 0 11 10 439 334 50 47
-0.00173606 35 5 11 10 439 334 50 47
-0.00173562 35 10 11 10 439 334 50 47
-0.00173276 35 15 11 10 439 334 50 47
-0.0017333 35 20 11 10 439 334 50 47
-0.00173486 35 25 11 10 439 334 50 47
-0.00173579 35 30 11 10 439 334 50 47
-0.0017362 35 35 11 10 439 334 50 47
-0.000707457 0 0 11 10 439 334 50 47
-0.000448194 0 5 11 10 439 334 50 47
-0.00052404 0 10 11 10 439 334 50 47
-0.00173525 0 15 11 10 439 334 50 47
-0.00173589 0 20 11 10 439 334 50 47
-0.00173596 0 25 11 10 439 334 50 47
-0.00173605 0 30 11 10 439 334 50 47
-0.00173566 0 35 11 10 439 334 50 47
-0.000920623 5 0 11 10 439 334 50 47
-0.00173098 5 5 11 10 439 334 50 47
-0.00173378 5 10 11 10 439 334 50 47
-0.00173616 5 15 11 10 439 334 50 47
-0.00173593 5 20 11 10 439 334 50 47
-0.00173558 5 25 11 10 439 334 50 47
-0.00173566 5 30 11 10 439 334 50 47
-0.00173602 5 35 11 10 439 334 50 47
-0.00173577 10 0 11 10 439 334 50 47
-0.00173611 10 5 11 10 439 334 50 47
-0.00173625 10 10 11 10 439 334 50 47
-0.00173625 10 15 11 10 439 334 50 47
-0.00173537 10 20 11 10 439 334 50 47
-0.00173123 10 25 11 10 439 334 50 47
-0.00173439 10 30 11 10 439 334 50 47
-0.00173606 10 35 11 10 439 334 50 47
-0.00173613 15 0 11 10 439 334 50 47
-0.00173556 15 5 11 10 439 334 50 47
-0.00173621 15 10 11 10 439 334 50 47
-0.00173632 15 15 11 10 439 334 50 47
-0.00173486 15 20 11 10 439 334 50 47
-0.000654932 15 25 11 10 439 334 50 47
-0.0017342 15 30 11 10 439 334 50 47
-0.00173604 15 35 11 10 439 334 50 47
-0.00173576 20 0 11 10 439 334 50 47
-0.00173365 20 5 11 10 439 334 50 47
-0.00173606 20 10 11 10 439 334 50 47
-0.00173634 20 15 11 10 439 334 50 47
-0.00173545 20 20 11 10 439 334 50 47
-0.00137732 20 25 11 10 439 334 50 47
-0.00173362 20 30 11 10 439 334 50 47
-0.00173603 20 35 11 10 439 334 50 47
-0.00173532 25 0 11 10 439 334 50 47
-0.00173538 25 5 11 10 439 334 50 47
-0.00173472 25 10 11 10 439 334 50 47
-0.00173635 25 15 11 10 439 334 50 47
-0.00173621 25 20 11 10 439 334 50 47
-0.00173434 25 25 11 10 439 334 50 47
-0.00173318 25 30 11 10 439 334 50 47
-0.00173603 25 35 11 10 439 334 50 47
-0.00173561 30 0 11 10 439 334 50 47
-0.00173388 30 5 11 10 439 334 50 47
-0.00173387 30 10 11 10 439 334 50 47
-0.00173599 30 15 11 10 439 334 50 47
-0.00173628 30 20 11 10 439 334 50 47
-0.00173447 30 25 11 10 439 334 50 47
-0.00173326 30 30 11 10 439 334 50 47
-0.00173604 30 35 11 10 439 334 50 47
-0.00173499 35 0 11 10 439 334 50 47
-0.00173556 35 5 11 10 439 334 50 47
-0.0017344 35 10 11 10 439 334 50 47
-0.00173633 35 15 11 10 439 334 50 47
-0.00173617 35 20 11 10 439 334 50 47
-0.00173277 35 25 11 10 439 334 50 47
-0.00173497 35 30 11 10 439 334 50 47
-0.00173602 35 35 11 10 439 334 50 47
-0.00172891 0 0 11 10 439 334 50 47
-0.00172813 0 5 11 10 439 334 50 47
-0.0013206 0 10 11 10 439 334 50 47
-0.00173406 0 15 11 10 439 334 50 47
-0.00173488 0 20 11 10 439 334 50 47
-0.00173515 0 25 11 10 439 334 50 47
-0.00173553 0 30 11 10 439 334 50 47
-0.00173362 0 35 11 10 439 334 50 47
-0.00173018 5 0 11 10 439 334 50 47
-0.00173022 5 5 11 10 439 334 50 47
-0.00139144 5 10 11 10 439 334 50 47
-0.00173534 5 15 11 10 439 334 50 47
-0.00173588 5 20 11 10 439 334 50 47
-0.00173519 5 25 11 10 439 334 50 47
-0.00173593 5 30 11 10 439 334 50 47
-0.0017348 5 35 11 10 439 334 50 47
-0.0017358 10 0 11 10 439 334 50 47
-0.00173604 10 5 11 10 439 334 50 47
-0.00173592 10 10 11 10 439 334 50 47
-0.0017355 10 15 11 10 439 334 50 47
-0.00173618 10 20 11 10 439 334 50 47
-0.00173453 10 25 11 10 439 334 50 47
-0.00173585 10 30 11 10 439 334 50 47
-0.00173532 10 35 11 10 439 334 50 47
-0.00173623 15 0 11 10 439 334 50 47
-0.00173549 15 5 11 10 439 334 50 47
-0.00173611 15 10 11 10 439 334 50 47
-0.00173505 15 15 11 10 439 334 50 47
-0.00173626 15 20 11 10 439 334 50 47
-0.00173429 15 25 11 10 439 334 50 47
-0.00173535 15 30 11 10 439 334 50 47
-0.00173581 15 35 11 10 439 334 50 47
-0.00173583 20 0 11 10 439 334 50 47
-0.00173597 20 5 11 10 439 334 50 47
-0.00173619 20 10 11 10 439 334 50 47
-0.00173488 20 15 11 10 439 334 50 47
-0.00173625 20 20 11 10 439 334 50 47
-0.0017347 20 25 11 10 439 334 50 47
-0.00173421 20 30 11 10 439 334 50 47
-0.00173555 20 35 11 10 439 334 50 47
-0.00173596 25 0 11 10 439 334 50 47
-0.0017362 25 5 11 10 439 334 50 47
-0.00173541 25 10 11 10 439 334 50 47
-0.00173569 25 15 11 10 439 334 50 47
-0.00173604 25 20 11 10 439 334 50 47
-0.00173498 25 25 11 10 439 334 50 47
-0.00173377 25 30 11 10 439 334 50 47
-0.00173327 25 35 11 10 439 334 50 47
-0.00173488 30 0 11 10 439 334 50 47
-0.00173254 30 5 11 10 439 334 50 47
-0.00173506 30 10 11 10 439 334 50 47
-0.00173565 30 15 11 10 439 334 50 47
-0.00173563 30 20 11 10 439 334 50 47
-0.00173266 30 25 11 10 439 334 50 47
-0.00172971 30 30 11 10 439 334 50 47
-0.00102637 30 35 11 10 439 334 50 47
-0.00173172 35 0 11 10 439 334 50 47
-0.00173239 35 5 11 10 439 334 50 47
-0.00173367 35 10 11 10 439 334 50 47
-0.00173444 35 15 11 10 439 334 50 47
-0.00173589 35 20 11 10 439 334 50 47
-0.00173256 35 25 11 10 439 334 50 47
-0.00172892 35 30 11 10 439 334 50 47
-0.00124819 35 35 11 10 439 334 50 47
-0.00115593 0 0 11 10 439 334 50 47
-0.00123318 0 5 11 10 439 334 50 47
-0.00172904 0 10 11 10 439 334 50 47
-0.00173068 0 15 11 10 439 334 50 47
-0.00173141 0 20 11 10 439 334 50 47
-0.00173455 0 25 11 10 439 334 50 47
-0.00173407 0 30 11 10 439 334 50 47
-0.00173554 0 35 11 10 439 334 50 47
-0.00172795 5 0 11 10 439 334 50 47
-0.00172898 5 5 11 10 439 334 50 47
-0.00173262 5 10 11 10 439 334 50 47
-0.00173465 5 15 11 10 439 334 50 47
-0.00173496 5 20 11 10 439 334 50 47
-0.00173406 5 25 11 10 439 334 50 47
-0.00173124 5 30 11 10 439 334 50 47
-0.00173516 5 35 11 10 439 334 50 47
-0.00173481 10 0 11 10 439 334 50 47
-0.00173512 10 5 11 10 439 334 50 47
-0.00173422 10 10 11 10 439 334 50 47
-0.00173401 10 15 11 10 439 334 50 47
-0.00173432 10 20 11 10 439 334 50 47
-0.00172989 10 25 11 10 439 334 50 47
-0.00172847 10 30 11 10 439 334 50 47
-0.00173478 10 35 11 10 439 334 50 47
-0.00173561 15 0 11 10 439 334 50 47
-0.00173464 15 5 11 10 439 334 50 47
-0.00167672 15 10 11 10 439 334 50 47
-0.00154412 15 15 11 10 439 334 50 47
-0.00172997 15 20 11 10 439 334 50 47
-0.000842112 15 25 11 10 439 334 50 47
-0.00172968 15 30 11 10 439 334 50 47
-0.0017346 15 35 11 10 439 334 50 47
-0.0017355 20 0 11 10 439 334 50 47
-0.00173134 20 5 11 10 439 334 50 47
-0.00172718 20 10 11 10 439 334 50 47
-0.0011244 20 15 11 10 439 334 50 47
-0.00082065 20 20 11 10 439 334 50 47
-0.00189569 20 25 11 10 439 334 50 47
-0.0017296 20 30 11 10 439 334 50 47
-0.00173508 20 35 11 10 439 334 50 47
-0.00173572 25 0 11 10 439 334 50 47
-0.00173224 25 5 11 10 439 334 50 47
-0.00173189 25 10 11 10 439 334 50 47
-0.00173261 25 15 11 10 439 334 50 47
-0.00173041 25 20 11 10 439 334 50 47
-0.000628729 25 25 11 10 439 334 50 47
-0.00173175 25 30 11 10 439 334 50 47
-0.00173556 25 35 11 10 439 334 50 47
-0.0017358 30 0 11 10 439 334 50 47
-0.0017317 30 5 11 10 439 334 50 47
-0.00172791 30 10 11 10 439 334 50 47
-0.00173311 30 15 11 10 439 334 50 47
-0.00173303 30 20 11 10 439 334 50 47
-0.00104356 30 25 11 10 439 334 50 47
-0.0017338 30 30 11 10 439 334 50 47
-0.00173573 30 35 11 10 439 334 50 47
-0.00173499 35 0 11 10 439 334 50 47
-0.00173421 35 5 11 10 439 334 50 47
-0.00173401 35 10 11 10 439 334 50 47
-0.00173398 35 15 11 10 439 334 50 47
-0.00173453 35 20 11 10 439 334 50 47
-0.00173229 35 25 11 10 439 334 50 47
-0.00173458 35 30 11 10 439 334 50 47
-0.00173572 35 35 11 10 439 334 50 47
-0.00173506 0 0 11 10 439 334 50 47
-0.00173547 0 5 11 10 439 334 50 47
-0.00173591 0 10 11 10 439 334 50 47
-0.00173615 0 15 11 10 439 334 50 47
-0.00173605 0 20 11 10 439 334 50 47
-0.00173514 0 25 11 10 439 334 50 47
-0.00173632 0 30 11 10 439 334 50 47
-0.00173653 0 35 11 10 439 334 50 47
-0.00173561 5 0 11 10 439 334 50 47
-0.00173605 5 5 11 10 439 334 50 47
-0.00173601 5 10 11 10 439 334 50 47
-0.00173596 5 15 11 10 439 334 50 47
-0.00173575 5 20 11 10 439 334 50 47
-0.0017348 5 25 11 10 439 334 50 47
-0.00173571 5 30 11 10 439 334 50 47
-0.00173614 5 35 11 10 439 334 50 47
-0.00173612 10 0 11 10 439 334 50 47
-0.0017358 10 5 11 10 439 334 50 47
-0.00173554 10 10 11 10 439 334 50 47
-0.0017359 10 15 11 10 439 334 50 47
-0.00173578 10 20 11 10 439 334 50 47
-0.00173556 10 25 11 10 439 334 50 47
-0.00173589 10 30 11 10 439 334 50 47
-0.00173621 10 35 11 10 439 334 50 47
-0.00173606 15 0 11 10 439 334 50 47
-0.00173575 15 5 11 10 439 334 50 47
-0.001735 15 10 11 10 439 334 50 47
-0.00173589 15 15 11 10 439 334 50 47
-0.0017359 15 20 11 10 439 334 50 47
-0.00173589 15 25 11 10 439 334 50 47
-0.00173606 15 30 11 10 439 334 50 47
-0.0017339 15 35 11 10 439 334 50 47
-0.00173601 20 0 11 10 439 334 50 47
-0.00173551 20 5 11 10 439 334 50 47
-0.00173376 20 10 11 10 439 334 50 47
-0.00173544 20 15 11 10 439 334 50 47
-0.00173583 20 20 11 10 439 334 50 47
-0.00173593 20 25 11 10 439 334 50 47
-0.00173612 20 30 11 10 439 334 50 47
-0.0017358 20 35 11 10 439 334 50 47
-0.0017358 25 0 11 10 439 334 50 47
-0.00173451 25 5 11 10 439 334 50 47
-0.00173476 25 10 11 10 439 334 50 47
-0.00173569 25 15 11 10 439 334 50 47
-0.00173551 25 20 11 10 439 334 50 47
-0.00173567 25 25 11 10 439 334 50 47
-0.00173593 25 30 11 10 439 334 50 47
-0.00173626 25 35 11 10 439 334 50 47
-0.00173551 30 0 11 10 439 334 50 47
-0.00173439 30 5 11 10 439 334 50 47
-0.00173388 30 10 11 10 439 334 50 47
-0.00173581 30 15 11 10 439 334 50 47
-0.00173473 30 20 11 10 439 334 50 47
-0.00173517 30 25 11 10 439 334 50 47
-0.00173591 30 30 11 10 439 334 50 47
-0.00173626 30 35 11 10 439 334 50 47
-0.00173615 35 0 11 10 439 334 50 47
-0.001736 35 5 11 10 439 334 50 47
-0.00173554 35 10 11 10 439 334 50 47
-0.00173587 35 15 11 10 439 334 50 47
-0.00173535 35 20 11 10 439 334 50 47
-0.00173537 35 25 11 10 439 334 50 47
-0.00173596 35 30 11 10 439 334 50 47
-0.00173619 35 35 11 10 439 334 50 47
-0.00173597 0 0 11 10 439 334 50 47
-0.00173596 0 5 11 10 439 334 50 47
-0.00173619 0 10 11 10 439 334 50 47
-0.00173605 0 15 11 10 439 334 50 47
-0.00173523 0 20 11 10 439 334 50 47
-0.00173568 0 25 11 10 439 334 50 47
-0.00173571 0 30 11 10 439 334 50 47
-0.00173578 0 35 11 10 439 334 50 47
-0.00173617 5 0 11 10 439 334 50 47
-0.00173608 5 5 11 10 439 334 50 47
-0.00173606 5 10 11 10 439 334 50 47
-0.00173588 5 15 11 10 439 334 50 47
-0.00173523 5 20 11 10 439 334 50 47
-0.0017353 5 25 11 10 439 334 50 47
-0.00173592 5 30 11 10 439 334 50 47
-0.00173617 5 35 11 10 439 334 50 47
-0.00173593 10 0 11 10 439 334 50 47
-0.00173564 10 5 11 10 439 334 50 47
-0.00173571 10 10 11 10 439 334 50 47
-0.00173587 10 15 11 10 439 334 50 47
-0.0017357 10 20 11 10 439 334 50 47
-0.00173543 10 25 11 10 439 334 50 47
-0.00173603 10 30 11 10 439 334 50 47
-0.00173626 10 35 11 10 439 334 50 47
-0.0017358 15 0 11 10 439 334 50 47
-0.00173341 15 5 11 10 439 334 50 47
-0.00173509 15 10 11 10 439 334 50 47
-0.00173406 15 15 11 10 439 334 50 47
-0.00173457 15 20 11 10 439 334 50 47
-0.00173578 15 25 11 10 439 334 50 47
-0.00173611 15 30 11 10 439 334 50 47
-0.00173602 15 35 11 10 439 334 50 47
-0.00173575 20 0 11 10 439 334 50 47
-0.00173318 20 5 11 10 439 334 50 47
-0.00173387 20 10 11 10 439 334 50 47
-0.00173434 20 15 11 10 439 334 50 47
-0.00173554 20 20 11 10 439 334 50 47
-0.00173578 20 25 11 10 439 334 50 47
-0.0017361 20 30 11 10 439 334 50 47
-0.0017361 20 35 11 10 439 334 50 47
-0.00173578 25 0 11 10 439 334 50 47
-0.00173384 25 5 11 10 439 334 50 47
-0.00173479 25 10 11 10 439 334 50 47
-0.00173482 25 15 11 10 439 334 50 47
-0.00173538 25 20 11 10 439 334 50 47
-0.00173566 25 25 11 10 439 334 50 47
-0.00173601 25 30 11 10 439 334 50 47
-0.00173627 25 35 11 10 439 334 50 47
-0.00173593 30 0 11 10 439 334 50 47
-0.00173563 30 5 11 10 439 334 50 47
-0.00173528 30 10 11 10 439 334 50 47
-0.00173454 30 15 11 10 439 334 50 47
-0.00173039 30 20 11 10 439 334 50 47
-0.0017352 30 25 11 10 439 334 50 47
-0.00173594 30 30 11 10 439 334 50 47
-0.00173627 30 35 11 10 439 334 50 47
-0.00173616 35 0 11 10 439 334 50 47
-0.00173611 35 5 11 10 439 334 50 47
-0.00173596 35 10 11 10 439 334 50 47
-0.0017357 35 15 11 10 439 334 50 47
-0.00173507 35 20 11 10 439 334 50 47
-0.00173507 35 25 11 10 439 334 50 47
-0.00173592 35 30 11 10 439 334 50 47
-0.00173625 35 35 11 10 439 334 50 47
-0.00173152 0 0 11 10 439 334 50 47
-0.00173588 0 5 11 10 439 334 50 47
-0.00173628 0 10 11 10 439 334 50 47
-0.00173619 0 15 11 10 439 334 50 47
-0.00173619 0 20 11 10 439 334 50 47
-0.00173626 0 25 11 10 439 334 50 47
-0.0017357 0 30 11 10 439 334 50 47
-0.00173627 0 35 11 10 439 334 50 47
-0.00173609 5 0 11 10 439 334 50 47
-0.00173627 5 5 11 10 439 334 50 47
-0.00173617 5 10 11 10 439 334 50 47
-0.00173564 5 15 11 10 439 334 50 47
-0.00173503 5 20 11 10 439 334 50 47
-0.00173625 5 25 11 10 439 334 50 47
-0.00173602 5 30 11 10 439 334 50 47
-0.00173615 5 35 11 10 439 334 50 47
-0.00173616 10 0 11 10 439 334 50 47
-0.00173605 10 5 11 10 439 334 50 47
-0.00173556 10 10 11 10 439 334 50 47
-0.00173499 10 15 11 10 439 334 50 47
-0.00173565 10 20 11 10 439 334 50 47
-0.00173597 10 25 11 10 439 334 50 47
-0.00173597 10 30 11 10 439 334 50 47
-0.0017361 10 35 11 10 439 334 50 47
-0.0017357 15 0 11 10 439 334 50 47
-0.00173541 15 5 11 10 439 334 50 47
-0.00173507 15 10 11 10 439 334 50 47
-0.00173496 15 15 11 10 439 334 50 47
-0.00173594 15 20 11 10 439 334 50 47
-0.00173482 15 25 11 10 439 334 50 47
-0.00173556 15 30 11 10 439 334 50 47
-0.00173624 15 35 11 10 439 334 50 47
-0.00173471 20 0 11 10 439 334 50 47
-0.00173508 20 5 11 10 439 334 50 47
-0.00173372 20 10 11 10 439 334 50 47
-0.00173446 20 15 11 10 439 334 50 47
-0.00173607 20 20 11 10 439 334 50 47
-0.00173579 20 25 11 10 439 334 50 47
-0.00173587 20 30 11 10 439 334 50 47
-0.00173625 20 35 11 10 439 334 50 47
-0.00173563 25 0 11 10 439 334 50 47
-0.00173402 25 5 11 10 439 334 50 47
-0.00173248 25 10 11 10 439 334 50 47
-0.00173548 25 15 11 10 439 334 50 47
-0.00173604 25 20 11 10 439 334 50 47
-0.00173598 25 25 11 10 439 334 50 47
-0.00173398 25 30 11 10 439 334 50 47
-0.00173597 25 35 11 10 439 334 50 47
-0.00173608 30 0 11 10 439 334 50 47
-0.00173594 30 5 11 10 439 334 50 47
-0.0017357 30 10 11 10 439 334 50 47
-0.00173363 30 15 11 10 439 334 50 47
-0.00173564 30 20 11 10 439 334 50 47
-0.00173587 30 25 11 10 439 334 50 47
-0.00173427 30 30 11 10 439 334 50 47
-0.00173576 30 35 11 10 439 334 50 47
-0.00173631 35 0 11 10 439 334 50 47
-0.00173627 35 5 11 10 439 334 50 47
-0.00173613 35 10 11 10 439 334 50 47
-0.00173587 35 15 11 10 439 334 50 47
-0.00173572 35 20 11 10 439 334 50 47
-0.00173553 35 25 11 10 439 334 50 47
-0.00173286 35 30 11 10 439 334 50 47
-0.00173598 35 35 11 10 439 334 50 47
-0.00144769 0 0 11 10 439 334 50 47
-0.00100941 0 5 11 10 439 334 50 47
-0.00172772 0 10 11 10 439 334 50 47
-0.00173411 0 15 11 10 439 334 50 47
-0.00173402 0 20 11 10 439 334 50 47
-0.00172857 0 25 11 10 439 334 50 47
-0.00173514 0 30 11 10 439 334 50 47
-0.00173611 0 35 11 10 439 334 50 47
-0.00107731 5 0 11 10 439 334 50 47
-0.00140557 5 5 11 10 439 334 50 47
-0.00173518 5 10 11 10 439 334 50 47
-0.00173539 5 15 11 10 439 334 50 47
-0.00173536 5 20 11 10 439 334 50 47
-0.00173412 5 25 11 10 439 334 50 47
-0.00173606 5 30 11 10 439 334 50 47
-0.00173612 5 35 11 10 439 334 50 47
-0.000602056 10 0 11 10 439 334 50 47
-0.00173144 10 5 11 10 439 334 50 47
-0.00173585 10 10 11 10 439 334 50 47
-0.00173529 10 15 11 10 439 334 50 47
-0.00173513 10 20 11 10 439 334 50 47
-0.0017357 10 25 11 10 439 334 50 47
-0.00173606 10 30 11 10 439 334 50 47
-0.00173561 10 35 11 10 439 334 50 47
-0.00173591 15 0 11 10 439 334 50 47
-0.00173579 15 5 11 10 439 334 50 47
-0.00173603 15 10 11 10 439 334 50 47
-0.00173461 15 15 11 10 439 334 50 47
-0.00173572 15 20 11 10 439 334 50 47
-0.00173575 15 25 11 10 439 334 50 47
-0.001736 15 30 11 10 439 334 50 47
-0.00173547 15 35 11 10 439 334 50 47
-0.00173588 20 0 11 10 439 334 50 47
-0.00173604 20 5 11 10 439 334 50 47
-0.00173589 20 10 11 10 439 334 50 47
-0.00173558 20 15 11 10 439 334 50 47
-0.00173553 20 20 11 10 439 334 50 47
-0.00173582 20 25 11 10 439 334 50 47
-0.00173609 20 30 11 10 439 334 50 47
-0.00173557 20 35 11 10 439 334 50 47
-0.00173521 25 0 11 10 439 334 50 47
-0.00173577 25 5 11 10 439 334 50 47
-0.00173513 25 10 11 10 439 334 50 47
-0.00173575 25 15 11 10 439 334 50 47
-0.00173536 25 20 11 10 439 334 50 47
-0.00173475 25 25 11 10 439 334 50 47
-0.00173605 25 30 11 10 439 334 50 47
-0.00173588 25 35 11 10 439 334 50 47
-0.00173575 30 0 11 10 439 334 50 47
-0.00173611 30 5 11 10 439 334 50 47
-0.00173507 30 10 11 10 439 334 50 47
-0.00173569 30 15 11 10 439 334 50 47
-0.00173562 30 20 11 10 439 334 50 47
-0.00173531 30 25 11 10 439 334 50 47
-0.00173477 30 30 11 10 439 334 50 47
-0.00173597 30 35 11 10 439 334 50 47
-0.00173416 35 0 11 10 439 334 50 47
-0.0017359 35 5 11 10 439 334 50 47
-0.00173604 35 10 11 10 439 334 50 47
-0.00173543 35 15 11 10 439 334 50 47
-0.00173606 35 20 11 10 439 334 50 47
-0.00173519 35 25 11 10 439 334 50 47
-0.00173483 35 30 11 10 439 334 50 47
-0.00173616 35 35 11 10 439 334 50 47
-0.00173626 0 0 11 10 439 334 50 47
-0.00173507 0 5 11 10 439 334 50 47
-0.00173622 0 10 11 10 439 334 50 47
-0.00173618 0 15 11 10 439 334 50 47
-0.00173627 0 20 11 10 439 334 50 47
-0.00173627 0 25 11 10 439 334 50 47
-0.0017362 0 30 11 10 439 334 50 47
-0.00173616 0 35 11 10 439 334 50 47
-0.00173621 5 0 11 10 439 334 50 47
-0.0017363 5 5 11 10 439 334 50 47
-0.00173619 5 10 11 10 439 334 50 47
-0.00173606 5 15 11 10 439 334 50 47
-0.00173605 5 20 11 10 439 334 50 47
-0.0017361 5 25 11 10 439 334 50 47
-0.00173579 5 30 11 10 439 334 50 47
-0.00173587 5 35 11 10 439 334 50 47
-0.00173624 10 0 11 10 439 334 50 47
-0.00173618 10 5 11 10 439 334 50 47
-0.00173588 10 10 11 10 439 334 50 47
-0.00173532 10 15 11 10 439 334 50 47
-0.00173495 10 20 11 10 439 334 50 47
-0.00173586 10 25 11 10 439 334 50 47
-0.0017341 10 30 11 10 439 334 50 47
-0.0017295 10 35 11 10 439 334 50 47
-0.00173619 15 0 11 10 439 334 50 47
-0.00173615 15 5 11 10 439 334 50 47
-0.00173527 15 10 11 10 439 334 50 47
-0.00173298 15 15 11 10 439 334 50 47
-0.00173479 15 20 11 10 439 334 50 47
-0.00173585 15 25 11 10 439 334 50 47
-0.00173444 15 30 11 10 439 334 50 47
-0.00173195 15 35 11 10 439 334 50 47
-0.00173623 20 0 11 10 439 334 50 47
-0.00173615 20 5 11 10 439 334 50 47
-0.00173586 20 10 11 10 439 334 50 47
-0.00173482 20 15 11 10 439 334 50 47
-0.00173486 20 20 11 10 439 334 50 47
-0.00173601 20 25 11 10 439 334 50 47
-0.00173513 20 30 11 10 439 334 50 47
-0.00173588 20 35 11 10 439 334 50 47
-0.00173521 25 0 11 10 439 334 50 47
-0.00173589 25 5 11 10 439 334 50 47
-0.00173554 25 10 11 10 439 334 50 47
-0.00173501 25 15 11 10 439 334 50 47
-0.00173454 25 20 11 10 439 334 50 47
-0.0017359 25 25 11 10 439 334 50 47
-0.00173603 25 30 11 10 439 334 50 47
-0.00173604 25 35 11 10 439 334 50 47
-0.00173586 30 0 11 10 439 334 50 47
-0.00173503 30 5 11 10 439 334 50 47
-0.00173219 30 10 11 10 439 334 50 47
-0.00173446 30 15 11 10 439 334 50 47
-0.00173452 30 20 11 10 439 334 50 47
-0.00173516 30 25 11 10 439 334 50 47
-0.00173613 30 30 11 10 439 334 50 47
-0.00173559 30 35 11 10 439 334 50 47
-0.00173618 35 0 11 10 439 334 50 47
-0.00173579 35 5 11 10 439 334 50 47
-0.0017348 35 10 11 10 439 334 50 47
-0.00173319 35 15 11 10 439 334 50 47
-0.00173432 35 20 11 10 439 334 50 47
-0.00173586 35 25 11 10 439 334 50 47
-0.00173615 35 30 11 10 439 334 50 47
-0.00173561 35 35 11 10 439 334 50 47
-0.00173517 0 0 11 10 439 334 50 47
-0.0017356 0 5 11 10 439 334 50 47
-0.00173607 0 10 11 10 439 334 50 47
-0.00173578 0 15 11 10 439 334 50 47
-0.00173603 0 20 11 10 439 334 50 47
-0.00173577 0 25 11 10 439 334 50 47
-0.00173557 0 30 11 10 439 334 50 47
-0.00173614 0 35 11 10 439 334 50 47
-0.00173596 5 0 11 10 439 334 50 47
-0.00173617 5 5 11 10 439 334 50 47
-0.00173602 5 10 11 10 439 334 50 47
-0.00173585 5 15 11 10 439 334 50 47
-0.00173568 5 20 11 10 439 334 50 47
-0.00173326 5 25 11 10 439 334 50 47
-0.00173527 5 30 11 10 439 334 50 47
-0.00173602 5 35 11 10 439 334 50 47
-0.00173625 10 0 11 10 439 334 50 47
-0.00173604 10 5 11 10 439 334 50 47
-0.00173546 10 10 11 10 439 334 50 47
-0.00173497 10 15 11 10 439 334 50 47
-0.00173424 10 20 11 10 439 334 50 47
-0.00173517 10 25 11 10 439 334 50 47
-0.00173596 10 30 11 10 439 334 50 47
-0.00173616 10 35 11 10 439 334 50 47
-0.00173624 15 0 11 10 439 334 50 47
-0.00173597 15 5 11 10 439 334 50 47
-0.00173442 15 10 11 10 439 334 50 47
-0.00173518 15 15 11 10 439 334 50 47
-0.00173546 15 20 11 10 439 334 50 47
-0.00173514 15 25 11 10 439 334 50 47
-0.00173606 15 30 11 10 439 334 50 47
-0.00173625 15 35 11 10 439 334 50 47
-0.00173614 20 0 11 10 439 334 50 47
-0.00173581 20 5 11 10 439 334 50 47
-0.00173539 20 10 11 10 439 334 50 47
-0.00173495 20 15 11 10 439 334 50 47
-0.00173554 20 20 11 10 439 334 50 47
-0.00173581 20 25 11 10 439 334 50 47
-0.00173603 20 30 11 10 439 334 50 47
-0.00173618 20 35 11 10 439 334 50 47
-0.00173571 25 0 11 10 439 334 50 47
-0.00173457 25 5 11 10 439 334 50 47
-0.00173526 25 10 11 10 439 334 50 47
-0.00173561 25 15 11 10 439 334 50 47
-0.00173336 25 20 11 10 439 334 50 47
-0.00173534 25 25 11 10 439 334 50 47
-0.00173592 25 30 11 10 439 334 50 47
-0.00173626 25 35 11 10 439 334 50 47
-0.00173553 30 0 11 10 439 334 50 47
-0.00173494 30 5 11 10 439 334 50 47
-0.00173533 30 10 11 10 439 334 50 47
-0.00173576 30 15 11 10 439 334 50 47
-0.0017354 30 20 11 10 439 334 50 47
-0.0017353 30 25 11 10 439 334 50 47
-0.00173592 30 30 11 10 439 334 50 47
-0.00173625 30 35 11 10 439 334 50 47
-0.00173605 35 0 11 10 439 334 50 47
-0.00173558 35 5 11 10 439 334 50 47
-0.00173386 35 10 11 10 439 334 50 47
-0.00173537 35 15 11 10 439 334 50 47
-0.00173539 35 20 11 10 439 334 50 47
-0.00173576 35 25 11 10 439 334 50 47
-0.00173603 35 30 11 10 439 334 50 47
-0.00173617 35 35 11 10 439 334 50 47
-0.00173467 0 0 14 15 439 334 50 47
-0.00173624 0 7 14 15 439 334 50 47
-0.00173622 0 14 14 15 439 334 50 47
-0.00173607 0 21 14 15 439 334 50 47
-0.00173599 0 28 14 15 439 334 50 47
-0.0017362 7 0 14 15 439 334 50 47
-0.00173597 7 7 14 15 439 334 50 47
-0.0017351 7 14 14 15 439 334 50 47
-0.00173025 7 21 14 15 439 334 50 47
-0.00173443 7 28 14 15 439 334 50 47
-0.00173566 14 0 14 15 439 334 50 47
-0.00173362 14 7 14 15 439 334 50 47
-0.00173255 14 14 14 15 439 334 50 47
-0.00173479 14 21 14 15 439 334 50 47
-0.00173373 14 28 14 15 439 334 50 47
-0.00173251 21 0 14 15 439 334 50 47
-0.000798558 21 7 14 15 439 334 50 47
-0.00099166 21 14 14 15 439 334 50 47
-0.00173477 21 21 14 15 439 334 50 47
-0.00173543 21 28 14 15 439 334 50 47
-0.0017352 28 0 14 15 439 334 50 47
-0.00173327 28 7 14 15 439 334 50 47
-0.00129222 28 14 14 15 439 334 50 47
-0.00173084 28 21 14 15 439 334 50 47
-0.00173568 28 28 14 15 439 334 50 47
-0.00173614 35 0 14 15 439 334 50 47
-0.00173571 35 7 14 15 439 334 50 47
-0.00173388 35 14 14 15 439 334 50 47
-0.00173448 35 21 14 15 439 334 50 47
-0.00173579 35 28 14 15 439 334 50 47
-0.000456126 0 0 14 15 439 334 50 47
-0.0017314 0 7 14 15 439 334 50 47
-0.00173577 0 14 14 15 439 334 50 47
-0.00173591 0 21 14 15 439 334 50 47
-0.0017358 0 28 14 15 439 334 50 47
-0.0017356 7 0 14 15 439 334 50 47
-0.001736 7 7 14 15 439 334 50 47
-0.00173598 7 14 14 15 439 334 50 47
-0.00173426 7 21 14 15 439 334 50 47
-0.00173462 7 28 14 15 439 334 50 47
-0.00173496 14 0 14 15 439 334 50 47
-0.00173615 14 7 14 15 439 334 50 47
-0.00173614 14 14 14 15 439 334 50 47
-0.00172862 14 21 14 15 439 334 50 47
-0.00173405 14 28 14 15 439 334 50 47
-0.00173402 21 0 14 15 439 334 50 47
-0.00173568 21 7 14 15 439 334 50 47
-0.00173627 21 14 14 15 439 334 50 47
-0.00173455 21 21 14 15 439 334 50 47
-0.00173333 21 28 14 15 439 334 50 47
-0.00173466 28 0 14 15 439 334 50 47
-0.00173043 28 7 14 15 439 334 50 47
-0.00173625 28 14 14 15 439 334 50 47
-0.00173546 28 21 14 15 439 334 50 47
-0.00173237 28 28 14 15 439 334 50 47
-0.00173458 35 0 14 15 439 334 50 47
-0.00173389 35 7 14 15 439 334 50 47
-0.00173627 35 14 14 15 439 334 50 47
-0.00173465 35 21 14 15 439 334 50 47
-0.00173434 35 28 14 15 439 334 50 47
-0.00109324 0 0 14 15 439 334 50 47
-0.000882093 0 7 14 15 439 334 50 47
-0.00173433 0 14 14 15 439 334 50 47
-0.00173457 0 21 14 15 439 334 50 47
-0.00173522 0 28 14 15 439 334 50 47
-0.00173509 7 0 14 15 439 334 50 47
-0.00173411 7 7 14 15 439 334 50 47
-0.00173564 7 14 14 15 439 334 50 47
-0.00173506 7 21 14 15 439 334 50 47
-0.0017356 7 28 14 15 439 334 50 47
-0.0017352 14 0 14 15 439 334 50 47
-0.00173335 14 7 14 15 439 334 50 47
-0.0017357 14 14 14 15 439 334 50 47
-0.00173496 14 21 14 15 439 334 50 47
-0.001734 14 28 14 15 439 334 50 47
-0.00173572 21 0 14 15 439 334 50 47
-0.00173518 21 7 14 15 439 334 50 47
-0.00173601 21 14 14 15 439 334 50 47
-0.0017346 21 21 14 15 439 334 50 47
-0.00172856 21 28 14 15 439 334 50 47
-0.00173333 28 0 14 15 439 334 50 47
-0.00172988 28 7 14 15 439 334 50 47
-0.00173598 28 14 14 15 439 334 50 47
-0.00173205 28 21 14 15 439 334 50 47
-0.00110882 28 28 14 15 439 334 50 47
-0.00172744 35 0 14 15 439 334 50 47
-0.00172889 35 7 14 15 439 334 50 47
-0.00173557 35 14 14 15 439 334 50 47
-0.00173331 35 21 14 15 439 334 50 47
-0.00172726 35 28 14 15 439 334 50 47
-0.000974247 0 0 14 15 439 334 50 47
-0.00157155 0 7 14 15 439 334 50 47
-0.00173071 0 14 14 15 439 334 50 47
-0.00173349 0 21 14 15 439 334 50 47
-0.00173372 0 28 14 15 439 334 50 47
-0.00173447 7 0 14 15 439 334 50 47
-0.00173431 7 7 14 15 439 334 50 47
-0.00173423 7 14 14 15 439 334 50 47
-0.0017316 7 21 14 15 439 334 50 47
-0.00173034 7 28 14 15 439 334 50 47
-0.00173394 14 0 14 15 439 334 50 47
-0.00151652 14 7 14 15 439 334 50 47
-0.00146145 14 14 14 15 439 334 50 47
-0.000754042 14 21 14 15 439 334 50 47
-0.00173017 14 28 14 15 439 334 50 47
-0.00173391 21 0 14 15 439 334 50 47
-0.00155788 21 7 14 15 439 334 50 47
-0.00168945 21 14 14 15 439 334 50 47
-0.000417897 21 21 14 15 439 334 50 47
-0.00173177 21 28 14 15 439 334 50 47
-0.00173388 28 0 14 15 439 334 50 47
-0.00173169 28 7 14 15 439 334 50 47
-0.0017332 28 14 14 15 439 334 50 47
-0.00143378 28 21 14 15 439 334 50 47
-0.00173354 28 28 14 15 439 334 50 47
-0.00173338 35 0 14 15 439 334 50 47
-0.00173427 35 7 14 15 439 334 50 47
-0.00173442 35 14 14 15 439 334 50 47
-0.00173216 35 21 14 15 439 334 50 47
-0.00173448 35 28 14 15 439 334 50 47
-0.00173464 0 0 14 15 439 334 50 47
-0.00173553 0 7 14 15 439 334 50 47
-0.00173602 0 14 14 15 439 334 50 47
-0.00173289 0 21 14 15 439 334 50 47
-0.00173587 0 28 14 15 439 334 50 47
-0.00173579 7 0 14 15 439 334 50 47
-0.00173468 7 7 14 15 439 334 50 47
-0.00173561 7 14 14 15 439 334 50 47
-0.0017354 7 21 14 15 439 334 50 47
-0.00173572 7 28 14 15 439 334 50 47
-0.00173572 14 0 14 15 439 334 50 47
-0.00173454 14 7 14 15 439 334 50 47
-0.00173525 14 14 14 15 439 334 50 47
-0.00173559 14 21 14 15 439 334 50 47
-0.00173599 14 28 14 15 439 334 50 47
-0.00173512 21 0 14 15 439 334 50 47
-0.00172973 21 7 14 15 439 334 50 47
-0.00173527 21 14 14 15 439 334 50 47
-0.00173565 21 21 14 15 439 334 50 47
-0.00173591 21 28 14 15 439 334 50 47
-0.0017343 28 0 14 15 439 334 50 47
-0.00173481 28 7 14 15 439 334 50 47
-0.00173515 28 14 14 15 439 334 50 47
-0.00172941 28 21 14 15 439 334 50 47
-0.00173582 28 28 14 15 439 334 50 47
-0.00173616 35 0 14 15 439 334 50 47
-0.00173587 35 7 14 15 439 334 50 47
-0.00173562 35 14 14 15 439 334 50 47
-0.0017323 35 21 14 15 439 334 50 47
-0.00173583 35 28 14 15 439 334 50 47
-0.0017362 0 0 14 15 439 334 50 47
-0.00173611 0 7 14 15 439 334 50 47
-0.00173504 0 14 14 15 439 334 50 47
-0.00173188 0 21 14 15 439 334 50 47
-0.00173575 0 28 14 15 439 334 50 47
-0.0017357 7 0 14 15 439 334 50 47
-0.00173565 7 7 14 15 439 334 50 47
-0.00173485 7 14 14 15 439 334 50 47
-0.00173448 7 21 14 15 439 334 50 47
-0.00173584 7 28 14 15 439 334 50 47
-0.00173389 14 0 14 15 439 334 50 47
-0.00173323 14 7 14 15 439 334 50 47
-0.00173343 14 14 14 15 439 334 50 47
-0.00173535 14 21 14 15 439 334 50 47
-0.00173591 14 28 14 15 439 334 50 47
-0.00173345 21 0 14 15 439 334 50 47
-0.00173268 21 7 14 15 439 334 50 47
-0.00173236 21 14 14 15 439 334 50 47
-0.00173532 21 21 14 15 439 334 50 47
-0.00173593 21 28 14 15 439 334 50 47
-0.00173552 28 0 14 15 439 334 50 47
-0.00173499 28 7 14 15 439 334 50 47
-0.00173105 28 14 14 15 439 334 50 47
-0.00173445 28 21 14 15 439 334 50 47
-0.00173572 28 28 14 15 439 334 50 47
-0.00173617 35 0 14 15 439 334 50 47
-0.00173593 35 7 14 15 439 334 50 47
-0.00173554 35 14 14 15 439 334 50 47
-0.00173498 35 21 14 15 439 334 50 47
-0.00173568 35 28 14 15 439 334 50 47
-0.00173601 0 0 14 15 439 334 50 47
-0.00173626 0 7 14 15 439 334 50 47
-0.00173578 0 14 14 15 439 334 50 47
-0.00173622 0 21 14 15 439 334 50 47
-0.00173592 0 28 14 15 439 334 50 47
-0.00173616 7 0 14 15 439 334 50 47
-0.00173593 7 7 14 15 439 334 50 47
-0.00173381 7 14 14 15 439 334 50 47
-0.0017359 7 21 14 15 439 334 50 47
-0.00173536 7 28 14 15 439 334 50 47
-0.00173481 14 0 14 15 439 334 50 47
-0.00173425 14 7 14 15 439 334 50 47
-0.00173158 14 14 14 15 439 334 50 47
-0.00173566 14 21 14 15 439 334 50 47
-0.00173571 14 28 14 15 439 334 50 47
-0.00173317 21 0 14 15 439 334 50 47
-0.00173289 21 7 14 15 439 334 50 47
-0.00173457 21 14 14 15 439 334 50 47
-0.00173504 21 21 14 15 439 334 50 47
-0.00173482 21 28 14 15 439 334 50 47
-0.00173578 28 0 14 15 439 334 50 47
-0.00173468 28 7 14 15 439 334 50 47
-0.00172736 28 14 14 15 439 334 50 47
-0.00173449 28 21 14 15 439 334 50 47
-0.0017343 28 28 14 15 439 334 50 47
-0.0017363 35 0 14 15 439 334 50 47
-0.00173608 35 7 14 15 439 334 50 47
-0.00173564 35 14 14 15 439 334 50 47
-0.00173458 35 21 14 15 439 334 50 47
-0.00173396 35 28 14 15 439 334 50 47
-0.000410937 0 0 14 15 439 334 50 47
-0.0017343 0 7 14 15 439 334 50 47
-0.00173394 0 14 14 15 439 334 50 47
-0.00173365 0 21 14 15 439 334 50 47
-0.00173536 0 28 14 15 439 334 50 47
-0.000776066 7 0 14 15 439 334 50 47
-0.0017357 7 7 14 15 439 334 50 47
-0.00173383 7 14 14 15 439 334 50 47
-0.00173429 7 21 14 15 439 334 50 47
-0.00173584 7 28 14 15 439 334 50 47
-0.00173575 14 0 14 15 439 334 50 47
-0.00173432 14 7 14 15 439 334 50 47
-0.00173404 14 14 14 15 439 334 50 47
-0.00173578 14 21 14 15 439 334 50 47
-0.0017329 14 28 14 15 439 334 50 47
-0.00173558 21 0 14 15 439 334 50 47
-0.00173446 21 7 14 15 439 334 50 47
-0.00173504 21 14 14 15 439 334 50 47
-0.00173493 21 21 14 15 439 334 50 47
-0.00173541 21 28 14 15 439 334 50 47
-0.0017357 28 0 14 15 439 334 50 47
-0.00173364 28 7 14 15 439 334 50 47
-0.00173537 28 14 14 15 439 334 50 47
-0.00173517 28 21 14 15 439 334 50 47
-0.00173202 28 28 14 15 439 334 50 47
-0.0017355 35 0 14 15 439 334 50 47
-0.00173593 35 7 14 15 439 334 50 47
-0.00173226 35 14 14 15 439 334 50 47
-0.00173586 35 21 14 15 439 334 50 47
-0.00173474 35 28 14 15 439 334 50 47
-0.00173598 0 0 14 15 439 334 50 47
-0.00173629 0 7 14 15 439 334 50 47
-0.00173618 0 14 14 15 439 334 50 47
-0.00173616 0 21 14 15 439 334 50 47
-0.00173592 0 28 14 15 439 334 50 47
-0.00173624 7 0 14 15 439 334 50 47
-0.00173587 7 7 14 15 439 334 50 47
-0.00173535 7 14 14 15 439 334 50 47
-0.00173437 7 21 14 15 439 334 50 47
-0.00173486 7 28 14 15 439 334 50 47
-0.00173618 14 0 14 15 439 334 50 47
-0.0017353 14 7 14 15 439 334 50 47
-0.00173217 14 14 14 15 439 334 50 47
-0.00173473 14 21 14 15 439 334 50 47
-0.00173413 14 28 14 15 439 334 50 47
-0.00173588 21 0 14 15 439 334 50 47
-0.00173563 21 7 14 15 439 334 50 47
-0.00173445 21 14 14 15 439 334 50 47
-0.0017352 21 21 14 15 439 334 50 47
-0.00173468 21 28 14 15 439 334 50 47
-0.00173504 28 0 14 15 439 334 50 47
-0.00173433 28 7 14 15 439 334 50 47
-0.0017325 28 14 14 15 439 334 50 47
-0.00173482 28 21 14 15 439 334 50 47
-0.00173561 28 28 14 15 439 334 50 47
-0.0017359 35 0 14 15 439 334 50 47
-0.00173527 35 7 14 15 439 334 50 47
-0.00173213 35 14 14 15 439 334 50 47
-0.0017355 35 21 14 15 439 334 50 47
-0.00173599 35 28 14 15 439 334 50 47
-0.00173606 0 0 14 15 439 334 50 47
-0.0017359 0 7 14 15 439 334 50 47
-0.00173592 0 14 14 15 439 334 50 47
-0.00173477 0 21 14 15 439 334 50 47
-0.0017347 0 28 14 15 439 334 50 47
-0.00173608 7 0 14 15 439 334 50 47
-0.00173508 7 7 14 15 439 334 50 47
-0.00173405 7 14 14 15 439 334 50 47
-0.00173337 7 21 14 15 439 334 50 47
-0.0017357 7 28 14 15 439 334 50 47
-0.00173598 14 0 14 15 439 334 50 47
-0.00173525 14 7 14 15 439 334 50 47
-0.001735 14 14 14 15 439 334 50 47
-0.00173552 14 21 14 15 439 334 50 47
-0.00173593 14 28 14 15 439 334 50 47
-0.00173553 21 0 14 15 439 334 50 47
-0.00173547 21 7 14 15 439 334 50 47
-0.00173313 21 14 14 15 439 334 50 47
-0.00173439 21 21 14 15 439 334 50 47
-0.00173587 21 28 14 15 439 334 50 47
-0.00173524 28 0 14 15 439 334 50 47
-0.00173448 28 7 14 15 439 334 50 47
-0.00173452 28 14 14 15 439 334 50 47
-0.00173336 28 21 14 15 439 334 50 47
-0.00173583 28 28 14 15 439 334 50 47
-0.00173579 35 0 14 15 439 334 50 47
-0.0017324 35 7 14 15 439 334 50 47
-0.00173349 35 14 14 15 439 334 50 47
-0.00173488 35 21 14 15 439 334 50 47
-0.00173597 35 28 14 15 439 334 50 47
-0.00173626 0 0 20 18 439 334 50 47
-0.00173603 0 9 20 18 439 334 50 47
-0.00173552 0 18 20 18 439 334 50 47
-0.00173517 0 27 20 18 439 334 50 47
-0.00173545 10 0 20 18 439 334 50 47
-0.00173167 10 9 20 18 439 334 50 47
-0.00173219 10 18 20 18 439 334 50 47
-0.00173438 10 27 20 18 439 334 50 47
-0.00173398 20 0 20 18 439 334 50 47
-0.000502181 20 9 20 18 439 334 50 47
-0.00173056 20 18 20 18 439 334 50 47
-0.00173541 20 27 20 18 439 334 50 47
-0.00173565 30 0 20 18 439 334 50 47
-0.00173357 30 9 20 18 439 334 50 47
-0.00172942 30 18 20 18 439 334 50 47
-0.00173559 30 27 20 18 439 334 50 47
-0.00173432 0 0 20 18 439 334 50 47
-0.00173577 0 9 20 18 439 334 50 47
-0.00173508 0 18 20 18 439 334 50 47
-0.00173501 0 27 20 18 439 334 50 47
-0.00173082 10 0 20 18 439 334 50 47
-0.00173633 10 9 20 18 439 334 50 47
-0.00173302 10 18 20 18 439 334 50 47
-0.00173347 10 27 20 18 439 334 50 47
-0.00172911 20 0 20 18 439 334 50 47
-0.00173628 20 9 20 18 439 334 50 47
-0.00173492 20 18 20 18 439 334 50 47
-0.00173235 20 27 20 18 439 334 50 47
-0.00173427 30 0 20 18 439 334 50 47
-0.00173562 30 9 20 18 439 334 50 47
-0.00173566 30 18 20 18 439 334 50 47
-0.00173407 30 27 20 18 439 334 50 47
-0.00171467 0 0 20 18 439 334 50 47
-0.00173331 0 9 20 18 439 334 50 47
-0.00173456 0 18 20 18 439 334 50 47
-0.00173499 0 27 20 18 439 334 50 47
-0.00163807 10 0 20 18 439 334 50 47
-0.00173376 10 9 20 18 439 334 50 47
-0.00173477 10 18 20 18 439 334 50 47
-0.00173122 10 27 20 18 439 334 50 47
-0.0017301 20 0 20 18 439 334 50 47
-0.0017348 20 9 20 18 439 334 50 47
-0.00173406 20 18 20 18 439 334 50 47
-0.000472246 20 27 20 18 439 334 50 47
-0.000575463 30 0 20 18 439 334 50 47
-0.00173463 30 9 20 18 439 334 50 47
-0.0017336 30 18 20 18 439 334 50 47
-0.00172714 30 27 20 18 439 334 50 47
-0.00173202 0 0 20 18 439 334 50 47
-0.0017329 0 9 20 18 439 334 50 47
-0.00173185 0 18 20 18 439 334 50 47
-0.00173303 0 27 20 18 439 334 50 47
-0.00173085 10 0 20 18 439 334 50 47
-0.00147518 10 9 20 18 439 334 50 47
-0.000938794 10 18 20 18 439 334 50 47
-0.00173079 10 27 20 18 439 334 50 47
-0.00173268 20 0 20 18 439 334 50 47
-0.00150275 20 9 20 18 439 334 50 47
-0.000545293 20 18 20 18 439 334 50 47
-0.00173231 20 27 20 18 439 334 50 47
-0.00173372 30 0 20 18 439 334 50 47
-0.00173361 30 9 20 18 439 334 50 47
-0.00173084 30 18 20 18 439 334 50 47
-0.00173414 30 27 20 18 439 334 50 47
-0.0017356 0 0 20 18 439 334 50 47
-0.00173592 0 9 20 18 439 334 50 47
-0.0013066 0 18 20 18 439 334 50 47
-0.00173528 0 27 20 18 439 334 50 47
-0.00173357 10 0 20 18 439 334 50 47
-0.0017336 10 9 20 18 439 334 50 47
-0.0017347 10 18 20 18 439 334 50 47
-0.00173579 10 27 20 18 439 334 50 47
-0.00173319 20 0 20 18 439 334 50 47
-0.00173497 20 9 20 18 439 334 50 47
-0.00173118 20 18 20 18 439 334 50 47
-0.00173576 20 27 20 18 439 334 50 47
-0.00173516 30 0 20 18 439 334 50 47
-0.00173574 30 9 20 18 439 334 50 47
-0.00172761 30 18 20 18 439 334 50 47
-0.00173571 30 27 20 18 439 334 50 47
-0.00173585 0 0 20 18 439 334 50 47
-0.00173571 0 9 20 18 439 334 50 47
-0.00173502 0 18 20 18 439 334 50 47
-0.00173566 0 27 20 18 439 334 50 47
-0.00173341 10 0 20 18 439 334 50 47
-0.00173368 10 9 20 18 439 334 50 47
-0.00173337 10 18 20 18 439 334 50 47
-0.00173574 10 27 20 18 439 334 50 47
-0.00173449 20 0 20 18 439 334 50 47
-0.00173293 20 9 20 18 439 334 50 47
-0.00173367 20 18 20 18 439 334 50 47
-0.00173571 20 27 20 18 439 334 50 47
-0.00173581 30 0 20 18 439 334 50 47
-0.00173455 30 9 20 18 439 334 50 47
-0.0017299 30 18 20 18 439 334 50 47
-0.00173536 30 27 20 18 439 334 50 47
-0.00173626 0 0 20 18 439 334 50 47
-0.00173575 0 9 20 18 439 334 50 47
-0.001736 0 18 20 18 439 334 50 47
-0.00173524 0 27 20 18 439 334 50 47
-0.00173505 10 0 20 18 439 334 50 47
-0.00173352 10 9 20 18 439 334 50 47
-0.0017344 10 18 20 18 439 334 50 47
-0.00173573 10 27 20 18 439 334 50 47
-0.00173426 20 0 20 18 439 334 50 47
-0.00173284 20 9 20 18 439 334 50 47
-0.00173244 20 18 20 18 439 334 50 47
-0.00173451 20 27 20 18 439 334 50 47
-0.00173601 30 0 20 18 439 334 50 47
-0.00173172 30 9 20 18 439 334 50 47
-0.00121807 30 18 20 18 439 334 50 47
-0.00173198 30 27 20 18 439 334 50 47
-0.00127769 0 0 20 18 439 334 50 47
-0.00172882 0 9 20 18 439 334 50 47
-0.00173278 0 18 20 18 439 334 50 47
-0.00173497 0 27 20 18 439 334 50 47
-0.00173561 10 0 20 18 439 334 50 47
-0.00106069 10 9 20 18 439 334 50 47
-0.00173517 10 18 20 18 439 334 50 47
-0.00173279 10 27 20 18 439 334 50 47
-0.00173546 20 0 20 18 439 334 50 47
-0.00172744 20 9 20 18 439 334 50 47
-0.0017347 20 18 20 18 439 334 50 47
-0.00173138 20 27 20 18 439 334 50 47
-0.00173583 30 0 20 18 439 334 50 47
-0.00173127 30 9 20 18 439 334 50 47
-0.00173541 30 18 20 18 439 334 50 47
-0.00173449 30 27 20 18 439 334 50 47
-0.00173617 0 0 20 18 439 334 50 47
-0.00173583 0 9 20 18 439 334 50 47
-0.00173553 0 18 20 18 439 334 50 47
-0.00173555 0 27 20 18 439 334 50 47
-0.00173592 10 0 20 18 439 334 50 47
-0.00173399 10 9 20 18 439 334 50 47
-0.00173394 10 18 20 18 439 334 50 47
-0.00173484 10 27 20 18 439 334 50 47
-0.00173422 20 0 20 18 439 334 50 47
-0.00173108 20 9 20 18 439 334 50 47
-0.00173358 20 18 20 18 439 334 50 47
-0.00173493 20 27 20 18 439 334 50 47
-0.0017344 30 0 20 18 439 334 50 47
-0.00173416 30 9 20 18 439 334 50 47
-0.00173495 30 18 20 18 439 334 50 47
-0.00173585 30 27 20 18 439 334 50 47
-0.00173597 0 0 20 18 439 334 50 47
-0.00173556 0 9 20 18 439 334 50 47
-0.00161178 0 18 20 18 439 334 50 47
-0.00173443 0 27 20 18 439 334 50 47
-0.00173542 10 0 20 18 439 334 50 47
-0.00173505 10 9 20 18 439 334 50 47
-0.00173467 10 18 20 18 439 334 50 47
-0.00173578 10 27 20 18 439 334 50 47
-0.00173335 20 0 20 18 439 334 50 47
-0.00173484 20 9 20 18 439 334 50 47
-0.00133473 20 18 20 18 439 334 50 47
-0.00173576 20 27 20 18 439 334 50 47
-0.00173351 30 0 20 18 439 334 50 47
-0.0017354 30 9 20 18 439 334 50 47
-0.00173412 30 18 20 18 439 334 50 47
-0.00173581 30 27 20 18 439 334 50 47
-0.00173422 0 0 33 31 439 334 50 47
-0.0017338 0 15 33 31 439 334 50 47
-0.0012631 16 0 33 31 439 334 50 47
-0.00172943 16 15 33 31 439 334 50 47
-0.00173553 0 0 33 31 439 334 50 47
-0.00173033 0 15 33 31 439 334 50 47
-0.00173591 16 0 33 31 439 334 50 47
-0.00173235 16 15 33 31 439 334 50 47
-0.00173484 0 0 33 31 439 334 50 47
-0.00173108 0 15 33 31 439 334 50 47
-0.00173517 16 0 33 31 439 334 50 47
-0.00148884 16 15 33 31 439 334 50 47
-0.00165102 0 0 33 31 439 334 50 47
-0.00172813 0 15 33 31 439 334 50 47
-0.0017289 16 0 33 31 439 334 50 47
-0.001625 16 15 33 31 439 334 50 47
-0.00173483 0 0 33 31 439 334 50 47
-0.00173281 0 15 33 31 439 334 50 47
-0.00173231 16 0 33 31 439 334 50 47
-0.00173005 16 15 33 31 439 334 50 47
-0.00172879 0 0 33 31 439 334 50 47
-0.0017315 0 15 33 31 439 334 50 47
-0.0017275 16 0 33 31 439 334 50 47
-0.00153032 16 15 33 31 439 334 50 47
-0.00173331 0 0 33 31 439 334 50 47
-0.00173497 0 15 33 31 439 334 50 47
-0.000681576 16 0 33 31 439 334 50 47
-0.00166392 16 15 33 31 439 334 50 47
-0.00173254 0 0 33 31 439 334 50 47
-0.00173378 0 15 33 31 439 334 50 47
-0.00172858 16 0 33 31 439 334 50 47
-0.0017333 16 15 33 31 439 334 50 47
-0.00173056 0 0 33 31 439 334 50 47
-0.00173015 0 15 33 31 439 334 50 47
-0.00173039 16 0 33 31 439 334 50 47
-0.00173364 16 15 33 31 439 334 50 47
-0.00173428 0 0 33 31 439 334 50 47
-0.00173325 0 15 33 31 439 334 50 47
-0.00172791 16 0 33 31 439 334 50 47
-0.00173033 16 15 33 31 439 334 50 47
-0.00114011 0 0 50 47 439 334 50 47
-0.00134891 0 0 50 47 439 334 50 47
-0.00159845 0 0 50 47 439 334 50 47
-0.00136295 0 0 50 47 439 334 50 47
-0.00117166 0 0 50 47 439 334 50 47
-0.000902024 0 0 50 47 439 334 50 47
-0.000862861 0 0 50 47 439 334 50 47
-0.00173111 0 0 50 47 439 334 50 47
-0.000730891 0 0 50 47 439 334 50 47
-0.00095689 0 0 50 47 439 334 50 47
