1139 
972 
1136 
856 
231 
1124 
1092 
473 
1131 
348 
1128 
695 
474 
168 
863 
1089 
472 
1130 
930 
1026 
1103 
945 
1007 
961 
965 
968 
98 
714 
858 
93 
163 
1088 
369 
706 
700 
725 
1129 
981 
1107 
1094 
681 
997 
1093 
1105 
895 
534 
1127 
197 
1097 
988 
1114 
1086 
1133 
1099 
1138 
361 
1095 
1122 
412 
1070 
239 
688 
1118 
159 
409 
86 
1019 
97 
396 
886 
347 
1120 
142 
1108 
475 
1137 
164 
683 
495 
1135 
