-0.00591615 0 0 13 13 232 137 54 68
-0.00589396 0 6 13 13 232 137 54 68
-0.00591323 0 12 13 13 232 137 54 68
-0.00591178 0 18 13 13 232 137 54 68
-0.00590492 0 24 13 13 232 137 54 68
-0.00590118 0 30 13 13 232 137 54 68
-0.00590177 0 36 13 13 232 137 54 68
-0.00588922 0 42 13 13 232 137 54 68
-0.00588325 0 48 13 13 232 137 54 68
-0.00591156 6 0 13 13 232 137 54 68
-0.00590267 6 6 13 13 232 137 54 68
-0.00591736 6 12 13 13 232 137 54 68
-0.00591808 6 18 13 13 232 137 54 68
-0.00591854 6 24 13 13 232 137 54 68
-0.00591826 6 30 13 13 232 137 54 68
-0.0059172 6 36 13 13 232 137 54 68
-0.00591574 6 42 13 13 232 137 54 68
-0.00591095 6 48 13 13 232 137 54 68
-0.00588768 12 0 13 13 232 137 54 68
-0.00591177 12 6 13 13 232 137 54 68
-0.00591863 12 12 13 13 232 137 54 68
-0.00591899 12 18 13 13 232 137 54 68
-0.00591813 12 24 13 13 232 137 54 68
-0.00591832 12 30 13 13 232 137 54 68
-0.00591906 12 36 13 13 232 137 54 68
-0.00591924 12 42 13 13 232 137 54 68
-0.00591871 12 48 13 13 232 137 54 68
-0.0059134 18 0 13 13 232 137 54 68
-0.00591789 18 6 13 13 232 137 54 68
-0.00591917 18 12 13 13 232 137 54 68
-0.00591568 18 18 13 13 232 137 54 68
-0.00590414 18 24 13 13 232 137 54 68
-0.00590887 18 30 13 13 232 137 54 68
-0.00589334 18 36 13 13 232 137 54 68
-0.00589595 18 42 13 13 232 137 54 68
-0.00591649 18 48 13 13 232 137 54 68
-0.00591752 24 0 13 13 232 137 54 68
-0.0059164 24 6 13 13 232 137 54 68
-0.00591717 24 12 13 13 232 137 54 68
-0.00591869 24 18 13 13 232 137 54 68
-0.00591858 24 24 13 13 232 137 54 68
-0.00591365 24 30 13 13 232 137 54 68
-0.00589563 24 36 13 13 232 137 54 68
-0.00591779 24 42 13 13 232 137 54 68
-0.00591798 24 48 13 13 232 137 54 68
-0.00591792 30 0 13 13 232 137 54 68
-0.00591714 30 6 13 13 232 137 54 68
-0.00591755 30 12 13 13 232 137 54 68
-0.00591685 30 18 13 13 232 137 54 68
-0.00591265 30 24 13 13 232 137 54 68
-0.00591664 30 30 13 13 232 137 54 68
-0.00591781 30 36 13 13 232 137 54 68
-0.00591787 30 42 13 13 232 137 54 68
-0.00591264 30 48 13 13 232 137 54 68
-0.00591927 36 0 13 13 232 137 54 68
-0.00591852 36 6 13 13 232 137 54 68
-0.00589005 36 12 13 13 232 137 54 68
-0.00590517 36 18 13 13 232 137 54 68
-0.00589792 36 24 13 13 232 137 54 68
-0.00591509 36 30 13 13 232 137 54 68
-0.00591658 36 36 13 13 232 137 54 68
-0.00590403 36 42 13 13 232 137 54 68
-0.00591366 36 48 13 13 232 137 54 68
-0.00591554 0 0 13 13 232 137 54 68
-0.00591781 0 6 13 13 232 137 54 68
-0.00591938 0 12 13 13 232 137 54 68
-0.00591729 0 18 13 13 232 137 54 68
-0.00590268 0 24 13 13 232 137 54 68
-0.00590611 0 30 13 13 232 137 54 68
-0.00591745 0 36 13 13 232 137 54 68
-0.00591083 0 42 13 13 232 137 54 68
-0.00588735 0 48 13 13 232 137 54 68
-0.0059178 6 0 13 13 232 137 54 68
-0.00591926 6 6 13 13 232 137 54 68
-0.00591813 6 12 13 13 232 137 54 68
-0.00591592 6 18 13 13 232 137 54 68
-0.00591813 6 24 13 13 232 137 54 68
-0.00591752 6 30 13 13 232 137 54 68
-0.00591882 6 36 13 13 232 137 54 68
-0.00591803 6 42 13 13 232 137 54 68
-0.00591639 6 48 13 13 232 137 54 68
-0.00591018 12 0 13 13 232 137 54 68
-0.00591859 12 6 13 13 232 137 54 68
-0.00591511 12 12 13 13 232 137 54 68
-0.00589011 12 18 13 13 232 137 54 68
-0.00589751 12 24 13 13 232 137 54 68
-0.0054102 12 30 13 13 232 137 54 68
-0.00590873 12 36 13 13 232 137 54 68
-0.00591692 12 42 13 13 232 137 54 68
-0.00591856 12 48 13 13 232 137 54 68
-0.00591769 18 0 13 13 232 137 54 68
-0.0059185 18 6 13 13 232 137 54 68
-0.00590751 18 12 13 13 232 137 54 68
-0.00390429 18 18 13 13 232 137 54 68
-0.00588993 18 24 13 13 232 137 54 68
-0.00589923 18 30 13 13 232 137 54 68
-0.00587942 18 36 13 13 232 137 54 68
-0.00547924 18 42 13 13 232 137 54 68
-0.00375454 18 48 13 13 232 137 54 68
-0.00591846 24 0 13 13 232 137 54 68
-0.00591825 24 6 13 13 232 137 54 68
-0.00590618 24 12 13 13 232 137 54 68
-0.00591354 24 18 13 13 232 137 54 68
-0.00591667 24 24 13 13 232 137 54 68
-0.00591196 24 30 13 13 232 137 54 68
-0.00589331 24 36 13 13 232 137 54 68
-0.0059113 24 42 13 13 232 137 54 68
-0.00591678 24 48 13 13 232 137 54 68
-0.00590578 30 0 13 13 232 137 54 68
-0.00591822 30 6 13 13 232 137 54 68
-0.00591818 30 12 13 13 232 137 54 68
-0.00591552 30 18 13 13 232 137 54 68
-0.00589895 30 24 13 13 232 137 54 68
-0.00588338 30 30 13 13 232 137 54 68
-0.00590606 30 36 13 13 232 137 54 68
-0.00591044 30 42 13 13 232 137 54 68
-0.00591075 30 48 13 13 232 137 54 68
-0.00590919 36 0 13 13 232 137 54 68
-0.00591209 36 6 13 13 232 137 54 68
-0.00591757 36 12 13 13 232 137 54 68
-0.00591737 36 18 13 13 232 137 54 68
-0.00590495 36 24 13 13 232 137 54 68
-0.0059088 36 30 13 13 232 137 54 68
-0.00590281 36 36 13 13 232 137 54 68
-0.00590952 36 42 13 13 232 137 54 68
-0.00591678 36 48 13 13 232 137 54 68
-0.00591646 0 0 13 13 232 137 54 68
-0.00591751 0 6 13 13 232 137 54 68
-0.00591683 0 12 13 13 232 137 54 68
-0.00591849 0 18 13 13 232 137 54 68
-0.00591883 0 24 13 13 232 137 54 68
-0.00591832 0 30 13 13 232 137 54 68
-0.00591605 0 36 13 13 232 137 54 68
-0.00589359 0 42 13 13 232 137 54 68
-0.00588186 0 48 13 13 232 137 54 68
-0.00591728 6 0 13 13 232 137 54 68
-0.00591394 6 6 13 13 232 137 54 68
-0.00590766 6 12 13 13 232 137 54 68
-0.00591893 6 18 13 13 232 137 54 68
-0.00591359 6 24 13 13 232 137 54 68
-0.00590879 6 30 13 13 232 137 54 68
-0.00588421 6 36 13 13 232 137 54 68
-0.00564932 6 42 13 13 232 137 54 68
-0.00587858 6 48 13 13 232 137 54 68
-0.00591213 12 0 13 13 232 137 54 68
-0.00591023 12 6 13 13 232 137 54 68
-0.00591264 12 12 13 13 232 137 54 68
-0.0059181 12 18 13 13 232 137 54 68
-0.00591568 12 24 13 13 232 137 54 68
-0.00590954 12 30 13 13 232 137 54 68
-0.00590329 12 36 13 13 232 137 54 68
-0.0059068 12 42 13 13 232 137 54 68
-0.00589943 12 48 13 13 232 137 54 68
-0.00591756 18 0 13 13 232 137 54 68
-0.00591174 18 6 13 13 232 137 54 68
-0.00591256 18 12 13 13 232 137 54 68
-0.00591619 18 18 13 13 232 137 54 68
-0.0059147 18 24 13 13 232 137 54 68
-0.00590771 18 30 13 13 232 137 54 68
-0.00534092 18 36 13 13 232 137 54 68
-0.00590564 18 42 13 13 232 137 54 68
-0.00591521 18 48 13 13 232 137 54 68
-0.00591318 24 0 13 13 232 137 54 68
-0.00395462 24 6 13 13 232 137 54 68
-0.00578136 24 12 13 13 232 137 54 68
-0.00591512 24 18 13 13 232 137 54 68
-0.00591484 24 24 13 13 232 137 54 68
-0.0059007 24 30 13 13 232 137 54 68
-0.00310836 24 36 13 13 232 137 54 68
-0.00590678 24 42 13 13 232 137 54 68
-0.00591651 24 48 13 13 232 137 54 68
-0.00591189 30 0 13 13 232 137 54 68
-0.00591212 30 6 13 13 232 137 54 68
-0.00591046 30 12 13 13 232 137 54 68
-0.00591757 30 18 13 13 232 137 54 68
-0.00591491 30 24 13 13 232 137 54 68
-0.00589285 30 30 13 13 232 137 54 68
-0.00590922 30 36 13 13 232 137 54 68
-0.00591682 30 42 13 13 232 137 54 68
-0.00591878 30 48 13 13 232 137 54 68
-0.00590524 36 0 13 13 232 137 54 68
-0.00590664 36 6 13 13 232 137 54 68
-0.00591205 36 12 13 13 232 137 54 68
-0.00591664 36 18 13 13 232 137 54 68
-0.00591827 36 24 13 13 232 137 54 68
-0.00591707 36 30 13 13 232 137 54 68
-0.00591848 36 36 13 13 232 137 54 68
-0.00591943 36 42 13 13 232 137 54 68
-0.00591876 36 48 13 13 232 137 54 68
-0.00591581 0 0 13 13 232 137 54 68
-0.00591613 0 6 13 13 232 137 54 68
-0.00591914 0 12 13 13 232 137 54 68
-0.00591812 0 18 13 13 232 137 54 68
-0.00591478 0 24 13 13 232 137 54 68
-0.00590615 0 30 13 13 232 137 54 68
-0.00591346 0 36 13 13 232 137 54 68
-0.00590075 0 42 13 13 232 137 54 68
-0.00472355 0 48 13 13 232 137 54 68
-0.00591792 6 0 13 13 232 137 54 68
-0.00591861 6 6 13 13 232 137 54 68
-0.00591868 6 12 13 13 232 137 54 68
-0.00591871 6 18 13 13 232 137 54 68
-0.00591684 6 24 13 13 232 137 54 68
-0.00591589 6 30 13 13 232 137 54 68
-0.00591558 6 36 13 13 232 137 54 68
-0.00591268 6 42 13 13 232 137 54 68
-0.00591109 6 48 13 13 232 137 54 68
-0.0059162 12 0 13 13 232 137 54 68
-0.00591245 12 6 13 13 232 137 54 68
-0.00591494 12 12 13 13 232 137 54 68
-0.00591241 12 18 13 13 232 137 54 68
-0.00591059 12 24 13 13 232 137 54 68
-0.00590563 12 30 13 13 232 137 54 68
-0.00591228 12 36 13 13 232 137 54 68
-0.00591661 12 42 13 13 232 137 54 68
-0.00591747 12 48 13 13 232 137 54 68
-0.00591333 18 0 13 13 232 137 54 68
-0.00591646 18 6 13 13 232 137 54 68
-0.005914 18 12 13 13 232 137 54 68
-0.00591306 18 18 13 13 232 137 54 68
-0.00591584 18 24 13 13 232 137 54 68
-0.00590749 18 30 13 13 232 137 54 68
-0.00590384 18 36 13 13 232 137 54 68
-0.00590848 18 42 13 13 232 137 54 68
-0.00590223 18 48 13 13 232 137 54 68
-0.00591315 24 0 13 13 232 137 54 68
-0.00590743 24 6 13 13 232 137 54 68
-0.00589291 24 12 13 13 232 137 54 68
-0.00591796 24 18 13 13 232 137 54 68
-0.00591626 24 24 13 13 232 137 54 68
-0.005892 24 30 13 13 232 137 54 68
-0.00300249 24 36 13 13 232 137 54 68
-0.0059003 24 42 13 13 232 137 54 68
-0.00591277 24 48 13 13 232 137 54 68
-0.00588855 30 0 13 13 232 137 54 68
-0.00591113 30 6 13 13 232 137 54 68
-0.00591724 30 12 13 13 232 137 54 68
-0.00591812 30 18 13 13 232 137 54 68
-0.00591033 30 24 13 13 232 137 54 68
-0.00523421 30 30 13 13 232 137 54 68
-0.00590094 30 36 13 13 232 137 54 68
-0.00591596 30 42 13 13 232 137 54 68
-0.00591767 30 48 13 13 232 137 54 68
-0.00590644 36 0 13 13 232 137 54 68
-0.00591473 36 6 13 13 232 137 54 68
-0.00590926 36 12 13 13 232 137 54 68
-0.00590011 36 18 13 13 232 137 54 68
-0.00590781 36 24 13 13 232 137 54 68
-0.00590828 36 30 13 13 232 137 54 68
-0.00591624 36 36 13 13 232 137 54 68
-0.00591914 36 42 13 13 232 137 54 68
-0.00591775 36 48 13 13 232 137 54 68
-0.00591889 0 0 13 13 232 137 54 68
-0.00591676 0 6 13 13 232 137 54 68
-0.00591782 0 12 13 13 232 137 54 68
-0.00591728 0 18 13 13 232 137 54 68
-0.00591607 0 24 13 13 232 137 54 68
-0.00591753 0 30 13 13 232 137 54 68
-0.00591723 0 36 13 13 232 137 54 68
-0.00590378 0 42 13 13 232 137 54 68
-0.00591486 0 48 13 13 232 137 54 68
-0.00591815 6 0 13 13 232 137 54 68
-0.00590726 6 6 13 13 232 137 54 68
-0.00591842 6 12 13 13 232 137 54 68
-0.00591482 6 18 13 13 232 137 54 68
-0.0059158 6 24 13 13 232 137 54 68
-0.0059189 6 30 13 13 232 137 54 68
-0.00591835 6 36 13 13 232 137 54 68
-0.00591513 6 42 13 13 232 137 54 68
-0.00591557 6 48 13 13 232 137 54 68
-0.00591168 12 0 13 13 232 137 54 68
-0.00591293 12 6 13 13 232 137 54 68
-0.0059189 12 12 13 13 232 137 54 68
-0.00591042 12 18 13 13 232 137 54 68
-0.00590141 12 24 13 13 232 137 54 68
-0.00590465 12 30 13 13 232 137 54 68
-0.00591937 12 36 13 13 232 137 54 68
-0.00591911 12 42 13 13 232 137 54 68
-0.00591898 12 48 13 13 232 137 54 68
-0.005915 18 0 13 13 232 137 54 68
-0.00591683 18 6 13 13 232 137 54 68
-0.00591815 18 12 13 13 232 137 54 68
-0.00591289 18 18 13 13 232 137 54 68
-0.00588595 18 24 13 13 232 137 54 68
-0.00590105 18 30 13 13 232 137 54 68
-0.00589207 18 36 13 13 232 137 54 68
-0.00588338 18 42 13 13 232 137 54 68
-0.00591685 18 48 13 13 232 137 54 68
-0.00591811 24 0 13 13 232 137 54 68
-0.0059151 24 6 13 13 232 137 54 68
-0.00590932 24 12 13 13 232 137 54 68
-0.00591664 24 18 13 13 232 137 54 68
-0.00591784 24 24 13 13 232 137 54 68
-0.00591172 24 30 13 13 232 137 54 68
-0.0058893 24 36 13 13 232 137 54 68
-0.00591677 24 42 13 13 232 137 54 68
-0.00591903 24 48 13 13 232 137 54 68
-0.00591605 30 0 13 13 232 137 54 68
-0.00591634 30 6 13 13 232 137 54 68
-0.00591087 30 12 13 13 232 137 54 68
-0.00591636 30 18 13 13 232 137 54 68
-0.00591549 30 24 13 13 232 137 54 68
-0.00591793 30 30 13 13 232 137 54 68
-0.00591288 30 36 13 13 232 137 54 68
-0.00591875 30 42 13 13 232 137 54 68
-0.00591763 30 48 13 13 232 137 54 68
-0.00591758 36 0 13 13 232 137 54 68
-0.00591816 36 6 13 13 232 137 54 68
-0.0059009 36 12 13 13 232 137 54 68
-0.00590333 36 18 13 13 232 137 54 68
-0.00589813 36 24 13 13 232 137 54 68
-0.00591749 36 30 13 13 232 137 54 68
-0.00590515 36 36 13 13 232 137 54 68
-0.00591802 36 42 13 13 232 137 54 68
-0.00591243 36 48 13 13 232 137 54 68
-0.00591648 0 0 13 13 232 137 54 68
-0.00590068 0 6 13 13 232 137 54 68
-0.00591433 0 12 13 13 232 137 54 68
-0.00591556 0 18 13 13 232 137 54 68
-0.00590998 0 24 13 13 232 137 54 68
-0.0059152 0 30 13 13 232 137 54 68
-0.00591563 0 36 13 13 232 137 54 68
-0.00591316 0 42 13 13 232 137 54 68
-0.00591582 0 48 13 13 232 137 54 68
-0.00590712 6 0 13 13 232 137 54 68
-0.00590615 6 6 13 13 232 137 54 68
-0.00591784 6 12 13 13 232 137 54 68
-0.00591857 6 18 13 13 232 137 54 68
-0.00591834 6 24 13 13 232 137 54 68
-0.00591861 6 30 13 13 232 137 54 68
-0.00591813 6 36 13 13 232 137 54 68
-0.00591687 6 42 13 13 232 137 54 68
-0.00591633 6 48 13 13 232 137 54 68
-0.00590699 12 0 13 13 232 137 54 68
-0.0059161 12 6 13 13 232 137 54 68
-0.00591853 12 12 13 13 232 137 54 68
-0.00591829 12 18 13 13 232 137 54 68
-0.00591832 12 24 13 13 232 137 54 68
-0.00591777 12 30 13 13 232 137 54 68
-0.00590974 12 36 13 13 232 137 54 68
-0.00591491 12 42 13 13 232 137 54 68
-0.00590483 12 48 13 13 232 137 54 68
-0.00591763 18 0 13 13 232 137 54 68
-0.00591862 18 6 13 13 232 137 54 68
-0.00591859 18 12 13 13 232 137 54 68
-0.00591115 18 18 13 13 232 137 54 68
-0.00588188 18 24 13 13 232 137 54 68
-0.00558142 18 30 13 13 232 137 54 68
-0.00295668 18 36 13 13 232 137 54 68
-0.0058792 18 42 13 13 232 137 54 68
-0.00589893 18 48 13 13 232 137 54 68
-0.00591907 24 0 13 13 232 137 54 68
-0.00591697 24 6 13 13 232 137 54 68
-0.00591053 24 12 13 13 232 137 54 68
-0.00591709 24 18 13 13 232 137 54 68
-0.00591727 24 24 13 13 232 137 54 68
-0.0059153 24 30 13 13 232 137 54 68
-0.00591358 24 36 13 13 232 137 54 68
-0.0059191 24 42 13 13 232 137 54 68
-0.00591868 24 48 13 13 232 137 54 68
-0.00591069 30 0 13 13 232 137 54 68
-0.00504734 30 6 13 13 232 137 54 68
-0.00591399 30 12 13 13 232 137 54 68
-0.00591779 30 18 13 13 232 137 54 68
-0.00590714 30 24 13 13 232 137 54 68
-0.00591731 30 30 13 13 232 137 54 68
-0.00591836 30 36 13 13 232 137 54 68
-0.00591828 30 42 13 13 232 137 54 68
-0.00590846 30 48 13 13 232 137 54 68
-0.00405324 36 0 13 13 232 137 54 68
-0.00590737 36 6 13 13 232 137 54 68
-0.0059131 36 12 13 13 232 137 54 68
-0.00591526 36 18 13 13 232 137 54 68
-0.00591609 36 24 13 13 232 137 54 68
-0.00591809 36 30 13 13 232 137 54 68
-0.00591787 36 36 13 13 232 137 54 68
-0.00591476 36 42 13 13 232 137 54 68
-0.00591832 36 48 13 13 232 137 54 68
-0.00590955 0 0 13 13 232 137 54 68
-0.00590829 0 6 13 13 232 137 54 68
-0.00590921 0 12 13 13 232 137 54 68
-0.00591364 0 18 13 13 232 137 54 68
-0.00591011 0 24 13 13 232 137 54 68
-0.0058942 0 30 13 13 232 137 54 68
-0.00591819 0 36 13 13 232 137 54 68
-0.00591761 0 42 13 13 232 137 54 68
-0.00591752 0 48 13 13 232 137 54 68
-0.00591233 6 0 13 13 232 137 54 68
-0.00591077 6 6 13 13 232 137 54 68
-0.00591755 6 12 13 13 232 137 54 68
-0.00591859 6 18 13 13 232 137 54 68
-0.00591881 6 24 13 13 232 137 54 68
-0.00591848 6 30 13 13 232 137 54 68
-0.00591916 6 36 13 13 232 137 54 68
-0.00591811 6 42 13 13 232 137 54 68
-0.00591923 6 48 13 13 232 137 54 68
-0.0055136 12 0 13 13 232 137 54 68
-0.00591081 12 6 13 13 232 137 54 68
-0.00591799 12 12 13 13 232 137 54 68
-0.00591899 12 18 13 13 232 137 54 68
-0.00591801 12 24 13 13 232 137 54 68
-0.00591892 12 30 13 13 232 137 54 68
-0.00590702 12 36 13 13 232 137 54 68
-0.00590843 12 42 13 13 232 137 54 68
-0.00591823 12 48 13 13 232 137 54 68
-0.00591239 18 0 13 13 232 137 54 68
-0.00591775 18 6 13 13 232 137 54 68
-0.00591892 18 12 13 13 232 137 54 68
-0.00591851 18 18 13 13 232 137 54 68
-0.00537562 18 24 13 13 232 137 54 68
-0.00588256 18 30 13 13 232 137 54 68
-0.00590826 18 36 13 13 232 137 54 68
-0.00516123 18 42 13 13 232 137 54 68
-0.00591221 18 48 13 13 232 137 54 68
-0.005919 24 0 13 13 232 137 54 68
-0.00591923 24 6 13 13 232 137 54 68
-0.00591777 24 12 13 13 232 137 54 68
-0.00591877 24 18 13 13 232 137 54 68
-0.00591894 24 24 13 13 232 137 54 68
-0.00591311 24 30 13 13 232 137 54 68
-0.00590671 24 36 13 13 232 137 54 68
-0.00591581 24 42 13 13 232 137 54 68
-0.00591729 24 48 13 13 232 137 54 68
-0.00591259 30 0 13 13 232 137 54 68
-0.00591526 30 6 13 13 232 137 54 68
-0.00591904 30 12 13 13 232 137 54 68
-0.00591454 30 18 13 13 232 137 54 68
-0.00591842 30 24 13 13 232 137 54 68
-0.00591856 30 30 13 13 232 137 54 68
-0.00591945 30 36 13 13 232 137 54 68
-0.00591905 30 42 13 13 232 137 54 68
-0.00591438 30 48 13 13 232 137 54 68
-0.00590439 36 0 13 13 232 137 54 68
-0.0059193 36 6 13 13 232 137 54 68
-0.00591749 36 12 13 13 232 137 54 68
-0.00591087 36 18 13 13 232 137 54 68
-0.00591796 36 24 13 13 232 137 54 68
-0.00591893 36 30 13 13 232 137 54 68
-0.00591782 36 36 13 13 232 137 54 68
-0.00591677 36 42 13 13 232 137 54 68
-0.00591901 36 48 13 13 232 137 54 68
-0.00591512 0 0 13 13 232 137 54 68
-0.00591564 0 6 13 13 232 137 54 68
-0.00591097 0 12 13 13 232 137 54 68
-0.00591184 0 18 13 13 232 137 54 68
-0.00590344 0 24 13 13 232 137 54 68
-0.00591065 0 30 13 13 232 137 54 68
-0.00591701 0 36 13 13 232 137 54 68
-0.00591772 0 42 13 13 232 137 54 68
-0.00591778 0 48 13 13 232 137 54 68
-0.00591434 6 0 13 13 232 137 54 68
-0.00591456 6 6 13 13 232 137 54 68
-0.00591199 6 12 13 13 232 137 54 68
-0.00591767 6 18 13 13 232 137 54 68
-0.00591879 6 24 13 13 232 137 54 68
-0.00591903 6 30 13 13 232 137 54 68
-0.00591885 6 36 13 13 232 137 54 68
-0.00591659 6 42 13 13 232 137 54 68
-0.00591913 6 48 13 13 232 137 54 68
-0.00591573 12 0 13 13 232 137 54 68
-0.00590788 12 6 13 13 232 137 54 68
-0.00591784 12 12 13 13 232 137 54 68
-0.00591857 12 18 13 13 232 137 54 68
-0.00591224 12 24 13 13 232 137 54 68
-0.00591241 12 30 13 13 232 137 54 68
-0.00591118 12 36 13 13 232 137 54 68
-0.00590025 12 42 13 13 232 137 54 68
-0.00591892 12 48 13 13 232 137 54 68
-0.00591476 18 0 13 13 232 137 54 68
-0.00591829 18 6 13 13 232 137 54 68
-0.00591875 18 12 13 13 232 137 54 68
-0.00591543 18 18 13 13 232 137 54 68
-0.0032571 18 24 13 13 232 137 54 68
-0.00295025 18 30 13 13 232 137 54 68
-0.00304807 18 36 13 13 232 137 54 68
-0.00571606 18 42 13 13 232 137 54 68
-0.00591214 18 48 13 13 232 137 54 68
-0.00590278 24 0 13 13 232 137 54 68
-0.00590268 24 6 13 13 232 137 54 68
-0.00590331 24 12 13 13 232 137 54 68
-0.00591587 24 18 13 13 232 137 54 68
-0.00591838 24 24 13 13 232 137 54 68
-0.00591476 24 30 13 13 232 137 54 68
-0.00588018 24 36 13 13 232 137 54 68
-0.00589641 24 42 13 13 232 137 54 68
-0.00588232 24 48 13 13 232 137 54 68
-0.0059031 30 0 13 13 232 137 54 68
-0.0058908 30 6 13 13 232 137 54 68
-0.00591522 30 12 13 13 232 137 54 68
-0.00591697 30 18 13 13 232 137 54 68
-0.0059176 30 24 13 13 232 137 54 68
-0.00591609 30 30 13 13 232 137 54 68
-0.00591114 30 36 13 13 232 137 54 68
-0.00591299 30 42 13 13 232 137 54 68
-0.00590729 30 48 13 13 232 137 54 68
-0.00584624 36 0 13 13 232 137 54 68
-0.00591688 36 6 13 13 232 137 54 68
-0.00591788 36 12 13 13 232 137 54 68
-0.00591091 36 18 13 13 232 137 54 68
-0.00591789 36 24 13 13 232 137 54 68
-0.00591402 36 30 13 13 232 137 54 68
-0.00591698 36 36 13 13 232 137 54 68
-0.00591187 36 42 13 13 232 137 54 68
-0.00591012 36 48 13 13 232 137 54 68
-0.00591181 0 0 13 13 232 137 54 68
-0.00590828 0 6 13 13 232 137 54 68
-0.00591564 0 12 13 13 232 137 54 68
-0.00591606 0 18 13 13 232 137 54 68
-0.00591431 0 24 13 13 232 137 54 68
-0.00591467 0 30 13 13 232 137 54 68
-0.00591079 0 36 13 13 232 137 54 68
-0.00591831 0 42 13 13 232 137 54 68
-0.00591816 0 48 13 13 232 137 54 68
-0.00589794 6 0 13 13 232 137 54 68
-0.00589542 6 6 13 13 232 137 54 68
-0.00590947 6 12 13 13 232 137 54 68
-0.0059126 6 18 13 13 232 137 54 68
-0.00591369 6 24 13 13 232 137 54 68
-0.00591601 6 30 13 13 232 137 54 68
-0.0059157 6 36 13 13 232 137 54 68
-0.00591922 6 42 13 13 232 137 54 68
-0.00591897 6 48 13 13 232 137 54 68
-0.00590173 12 0 13 13 232 137 54 68
-0.00590386 12 6 13 13 232 137 54 68
-0.00591429 12 12 13 13 232 137 54 68
-0.00591889 12 18 13 13 232 137 54 68
-0.00591843 12 24 13 13 232 137 54 68
-0.00591908 12 30 13 13 232 137 54 68
-0.00591905 12 36 13 13 232 137 54 68
-0.00591628 12 42 13 13 232 137 54 68
-0.00591805 12 48 13 13 232 137 54 68
-0.00590329 18 0 13 13 232 137 54 68
-0.00591566 18 6 13 13 232 137 54 68
-0.00591326 18 12 13 13 232 137 54 68
-0.00464151 18 18 13 13 232 137 54 68
-0.00591562 18 24 13 13 232 137 54 68
-0.0059132 18 30 13 13 232 137 54 68
-0.0059143 18 36 13 13 232 137 54 68
-0.00591622 18 42 13 13 232 137 54 68
-0.00591308 18 48 13 13 232 137 54 68
-0.00590872 24 0 13 13 232 137 54 68
-0.00591712 24 6 13 13 232 137 54 68
-0.00591734 24 12 13 13 232 137 54 68
-0.00591457 24 18 13 13 232 137 54 68
-0.00591741 24 24 13 13 232 137 54 68
-0.00591081 24 30 13 13 232 137 54 68
-0.00591685 24 36 13 13 232 137 54 68
-0.00591594 24 42 13 13 232 137 54 68
-0.00590979 24 48 13 13 232 137 54 68
-0.00591607 30 0 13 13 232 137 54 68
-0.00591781 30 6 13 13 232 137 54 68
-0.00591875 30 12 13 13 232 137 54 68
-0.00591905 30 18 13 13 232 137 54 68
-0.00591324 30 24 13 13 232 137 54 68
-0.00590961 30 30 13 13 232 137 54 68
-0.00591409 30 36 13 13 232 137 54 68
-0.00590493 30 42 13 13 232 137 54 68
-0.00591607 30 48 13 13 232 137 54 68
-0.0059193 36 0 13 13 232 137 54 68
-0.00591819 36 6 13 13 232 137 54 68
-0.00590512 36 12 13 13 232 137 54 68
-0.00591742 36 18 13 13 232 137 54 68
-0.00591761 36 24 13 13 232 137 54 68
-0.00590763 36 30 13 13 232 137 54 68
-0.00591394 36 36 13 13 232 137 54 68
-0.00590327 36 42 13 13 232 137 54 68
-0.00590511 36 48 13 13 232 137 54 68
-0.00591717 0 0 13 13 232 137 54 68
-0.00591231 0 6 13 13 232 137 54 68
-0.00591539 0 12 13 13 232 137 54 68
-0.00591676 0 18 13 13 232 137 54 68
-0.00591539 0 24 13 13 232 137 54 68
-0.00591838 0 30 13 13 232 137 54 68
-0.00591461 0 36 13 13 232 137 54 68
-0.0059076 0 42 13 13 232 137 54 68
-0.00590989 0 48 13 13 232 137 54 68
-0.00591646 6 0 13 13 232 137 54 68
-0.00591308 6 6 13 13 232 137 54 68
-0.00591572 6 12 13 13 232 137 54 68
-0.005902 6 18 13 13 232 137 54 68
-0.00590013 6 24 13 13 232 137 54 68
-0.00591873 6 30 13 13 232 137 54 68
-0.00591437 6 36 13 13 232 137 54 68
-0.0059152 6 42 13 13 232 137 54 68
-0.00591352 6 48 13 13 232 137 54 68
-0.00591795 12 0 13 13 232 137 54 68
-0.00590256 12 6 13 13 232 137 54 68
-0.00591868 12 12 13 13 232 137 54 68
-0.00591903 12 18 13 13 232 137 54 68
-0.00591382 12 24 13 13 232 137 54 68
-0.005919 12 30 13 13 232 137 54 68
-0.005919 12 36 13 13 232 137 54 68
-0.00591898 12 42 13 13 232 137 54 68
-0.00591815 12 48 13 13 232 137 54 68
-0.00591412 18 0 13 13 232 137 54 68
-0.00591469 18 6 13 13 232 137 54 68
-0.00591904 18 12 13 13 232 137 54 68
-0.00591607 18 18 13 13 232 137 54 68
-0.00591623 18 24 13 13 232 137 54 68
-0.00591691 18 30 13 13 232 137 54 68
-0.00591478 18 36 13 13 232 137 54 68
-0.00591798 18 42 13 13 232 137 54 68
-0.0059185 18 48 13 13 232 137 54 68
-0.0059151 24 0 13 13 232 137 54 68
-0.00591832 24 6 13 13 232 137 54 68
-0.00591891 24 12 13 13 232 137 54 68
-0.00591894 24 18 13 13 232 137 54 68
-0.00591676 24 24 13 13 232 137 54 68
-0.0059107 24 30 13 13 232 137 54 68
-0.00591308 24 36 13 13 232 137 54 68
-0.00591465 24 42 13 13 232 137 54 68
-0.00591379 24 48 13 13 232 137 54 68
-0.00591733 30 0 13 13 232 137 54 68
-0.00591611 30 6 13 13 232 137 54 68
-0.00591682 30 12 13 13 232 137 54 68
-0.00591856 30 18 13 13 232 137 54 68
-0.00591035 30 24 13 13 232 137 54 68
-0.0059042 30 30 13 13 232 137 54 68
-0.00590796 30 36 13 13 232 137 54 68
-0.00589962 30 42 13 13 232 137 54 68
-0.00591518 30 48 13 13 232 137 54 68
-0.00591907 36 0 13 13 232 137 54 68
-0.00591656 36 6 13 13 232 137 54 68
-0.00590672 36 12 13 13 232 137 54 68
-0.00591733 36 18 13 13 232 137 54 68
-0.00591357 36 24 13 13 232 137 54 68
-0.00591235 36 30 13 13 232 137 54 68
-0.00591417 36 36 13 13 232 137 54 68
-0.00591594 36 42 13 13 232 137 54 68
-0.00590989 36 48 13 13 232 137 54 68
-0.0058961 0 0 18 19 232 137 54 68
-0.00590305 0 9 18 19 232 137 54 68
-0.00591349 0 18 18 19 232 137 54 68
-0.0059101 0 27 18 19 232 137 54 68
-0.00590657 0 36 18 19 232 137 54 68
-0.00588251 0 45 18 19 232 137 54 68
-0.00590339 9 0 18 19 232 137 54 68
-0.00591711 9 9 18 19 232 137 54 68
-0.00591876 9 18 18 19 232 137 54 68
-0.005919 9 27 18 19 232 137 54 68
-0.00591852 9 36 18 19 232 137 54 68
-0.00591661 9 45 18 19 232 137 54 68
-0.00591529 18 0 18 19 232 137 54 68
-0.00591772 18 9 18 19 232 137 54 68
-0.00591682 18 18 18 19 232 137 54 68
-0.00591584 18 27 18 19 232 137 54 68
-0.00591541 18 36 18 19 232 137 54 68
-0.00591659 18 45 18 19 232 137 54 68
-0.00591517 27 0 18 19 232 137 54 68
-0.00591251 27 9 18 19 232 137 54 68
-0.00591502 27 18 18 19 232 137 54 68
-0.00591363 27 27 18 19 232 137 54 68
-0.00591687 27 36 18 19 232 137 54 68
-0.00590801 27 45 18 19 232 137 54 68
-0.00591918 36 0 18 19 232 137 54 68
-0.00590859 36 9 18 19 232 137 54 68
-0.00588633 36 18 18 19 232 137 54 68
-0.00589775 36 27 18 19 232 137 54 68
-0.0058943 36 36 18 19 232 137 54 68
-0.0059127 36 45 18 19 232 137 54 68
-0.00591164 0 0 18 19 232 137 54 68
-0.00591827 0 9 18 19 232 137 54 68
-0.00591485 0 18 18 19 232 137 54 68
-0.00591415 0 27 18 19 232 137 54 68
-0.00591502 0 36 18 19 232 137 54 68
-0.00589946 0 45 18 19 232 137 54 68
-0.00591825 9 0 18 19 232 137 54 68
-0.00591218 9 9 18 19 232 137 54 68
-0.00589885 9 18 18 19 232 137 54 68
-0.00591282 9 27 18 19 232 137 54 68
-0.00591664 9 36 18 19 232 137 54 68
-0.00591803 9 45 18 19 232 137 54 68
-0.00591777 18 0 18 19 232 137 54 68
-0.00590184 18 9 18 19 232 137 54 68
-0.00590542 18 18 18 19 232 137 54 68
-0.00591078 18 27 18 19 232 137 54 68
-0.00590641 18 36 18 19 232 137 54 68
-0.00590554 18 45 18 19 232 137 54 68
-0.00591278 27 0 18 19 232 137 54 68
-0.00591593 27 9 18 19 232 137 54 68
-0.00590013 27 18 18 19 232 137 54 68
-0.00442506 27 27 18 19 232 137 54 68
-0.005902 27 36 18 19 232 137 54 68
-0.00581403 27 45 18 19 232 137 54 68
-0.00590755 36 0 18 19 232 137 54 68
-0.00590992 36 9 18 19 232 137 54 68
-0.00591432 36 18 18 19 232 137 54 68
-0.00590365 36 27 18 19 232 137 54 68
-0.00526985 36 36 18 19 232 137 54 68
-0.00590661 36 45 18 19 232 137 54 68
-0.00590454 0 0 18 19 232 137 54 68
-0.00588962 0 9 18 19 232 137 54 68
-0.00591753 0 18 18 19 232 137 54 68
-0.00591718 0 27 18 19 232 137 54 68
-0.00590005 0 36 18 19 232 137 54 68
-0.00299321 0 45 18 19 232 137 54 68
-0.00588324 9 0 18 19 232 137 54 68
-0.0059142 9 9 18 19 232 137 54 68
-0.00591701 9 18 18 19 232 137 54 68
-0.00589235 9 27 18 19 232 137 54 68
-0.00414875 9 36 18 19 232 137 54 68
-0.00590111 9 45 18 19 232 137 54 68
-0.00591015 18 0 18 19 232 137 54 68
-0.00590351 18 9 18 19 232 137 54 68
-0.00591644 18 18 18 19 232 137 54 68
-0.00588304 18 27 18 19 232 137 54 68
-0.0041006 18 36 18 19 232 137 54 68
-0.00591517 18 45 18 19 232 137 54 68
-0.00590152 27 0 18 19 232 137 54 68
-0.00591135 27 9 18 19 232 137 54 68
-0.00591598 27 18 18 19 232 137 54 68
-0.0059008 27 27 18 19 232 137 54 68
-0.00591308 27 36 18 19 232 137 54 68
-0.00591872 27 45 18 19 232 137 54 68
-0.0038032 36 0 18 19 232 137 54 68
-0.00590386 36 9 18 19 232 137 54 68
-0.00591643 36 18 18 19 232 137 54 68
-0.00591636 36 27 18 19 232 137 54 68
-0.00591866 36 36 18 19 232 137 54 68
-0.00591499 36 45 18 19 232 137 54 68
-0.00590139 0 0 18 19 232 137 54 68
-0.00591653 0 9 18 19 232 137 54 68
-0.0058893 0 18 18 19 232 137 54 68
-0.00591355 0 27 18 19 232 137 54 68
-0.00589999 0 36 18 19 232 137 54 68
-0.004196 0 45 18 19 232 137 54 68
-0.00591559 9 0 18 19 232 137 54 68
-0.00590507 9 9 18 19 232 137 54 68
-0.00590706 9 18 18 19 232 137 54 68
-0.0059121 9 27 18 19 232 137 54 68
-0.00591189 9 36 18 19 232 137 54 68
-0.0059149 9 45 18 19 232 137 54 68
-0.00591159 18 0 18 19 232 137 54 68
-0.005904 18 9 18 19 232 137 54 68
-0.00591583 18 18 18 19 232 137 54 68
-0.0059084 18 27 18 19 232 137 54 68
-0.00588049 18 36 18 19 232 137 54 68
-0.00589745 18 45 18 19 232 137 54 68
-0.00588541 27 0 18 19 232 137 54 68
-0.0059159 27 9 18 19 232 137 54 68
-0.00590509 27 18 18 19 232 137 54 68
-0.00590128 27 27 18 19 232 137 54 68
-0.00591112 27 36 18 19 232 137 54 68
-0.00591712 27 45 18 19 232 137 54 68
-0.00589346 36 0 18 19 232 137 54 68
-0.00591408 36 9 18 19 232 137 54 68
-0.005898 36 18 18 19 232 137 54 68
-0.00590386 36 27 18 19 232 137 54 68
-0.0059185 36 36 18 19 232 137 54 68
-0.00591517 36 45 18 19 232 137 54 68
-0.00591091 0 0 18 19 232 137 54 68
-0.00591491 0 9 18 19 232 137 54 68
-0.0059182 0 18 18 19 232 137 54 68
-0.00591804 0 27 18 19 232 137 54 68
-0.00590574 0 36 18 19 232 137 54 68
-0.00590601 0 45 18 19 232 137 54 68
-0.00588576 9 0 18 19 232 137 54 68
-0.00591629 9 9 18 19 232 137 54 68
-0.00590321 9 18 18 19 232 137 54 68
-0.00591848 9 27 18 19 232 137 54 68
-0.00591853 9 36 18 19 232 137 54 68
-0.0059179 9 45 18 19 232 137 54 68
-0.00591392 18 0 18 19 232 137 54 68
-0.00591543 18 9 18 19 232 137 54 68
-0.00591018 18 18 18 19 232 137 54 68
-0.00591177 18 27 18 19 232 137 54 68
-0.00591047 18 36 18 19 232 137 54 68
-0.0059186 18 45 18 19 232 137 54 68
-0.00591468 27 0 18 19 232 137 54 68
-0.00591323 27 9 18 19 232 137 54 68
-0.00591325 27 18 18 19 232 137 54 68
-0.00591175 27 27 18 19 232 137 54 68
-0.00591811 27 36 18 19 232 137 54 68
-0.00591548 27 45 18 19 232 137 54 68
-0.0059166 36 0 18 19 232 137 54 68
-0.00591595 36 9 18 19 232 137 54 68
-0.00590117 36 18 18 19 232 137 54 68
-0.00591095 36 27 18 19 232 137 54 68
-0.00591642 36 36 18 19 232 137 54 68
-0.00590071 36 45 18 19 232 137 54 68
-0.005894 0 0 18 19 232 137 54 68
-0.00591111 0 9 18 19 232 137 54 68
-0.00591511 0 18 18 19 232 137 54 68
-0.00591454 0 27 18 19 232 137 54 68
-0.00591407 0 36 18 19 232 137 54 68
-0.00591315 0 45 18 19 232 137 54 68
-0.00590703 9 0 18 19 232 137 54 68
-0.00591743 9 9 18 19 232 137 54 68
-0.00591837 9 18 18 19 232 137 54 68
-0.00591818 9 27 18 19 232 137 54 68
-0.00591656 9 36 18 19 232 137 54 68
-0.00591479 9 45 18 19 232 137 54 68
-0.00591843 18 0 18 19 232 137 54 68
-0.00591704 18 9 18 19 232 137 54 68
-0.00591337 18 18 18 19 232 137 54 68
-0.00591282 18 27 18 19 232 137 54 68
-0.00591799 18 36 18 19 232 137 54 68
-0.0059183 18 45 18 19 232 137 54 68
-0.00591038 27 0 18 19 232 137 54 68
-0.00591597 27 9 18 19 232 137 54 68
-0.00589963 27 18 18 19 232 137 54 68
-0.00591715 27 27 18 19 232 137 54 68
-0.00591809 27 36 18 19 232 137 54 68
-0.00589881 27 45 18 19 232 137 54 68
-0.00589672 36 0 18 19 232 137 54 68
-0.00591679 36 9 18 19 232 137 54 68
-0.0059162 36 18 18 19 232 137 54 68
-0.00590478 36 27 18 19 232 137 54 68
-0.0059028 36 36 18 19 232 137 54 68
-0.00591803 36 45 18 19 232 137 54 68
-0.00589977 0 0 18 19 232 137 54 68
-0.00590872 0 9 18 19 232 137 54 68
-0.00590129 0 18 18 19 232 137 54 68
-0.00588934 0 27 18 19 232 137 54 68
-0.00591745 0 36 18 19 232 137 54 68
-0.0059168 0 45 18 19 232 137 54 68
-0.00590421 9 0 18 19 232 137 54 68
-0.00591748 9 9 18 19 232 137 54 68
-0.00591917 9 18 18 19 232 137 54 68
-0.00591937 9 27 18 19 232 137 54 68
-0.00591836 9 36 18 19 232 137 54 68
-0.00591874 9 45 18 19 232 137 54 68
-0.0059165 18 0 18 19 232 137 54 68
-0.00591748 18 9 18 19 232 137 54 68
-0.0059178 18 18 18 19 232 137 54 68
-0.00591199 18 27 18 19 232 137 54 68
-0.00590907 18 36 18 19 232 137 54 68
-0.00591542 18 45 18 19 232 137 54 68
-0.00591862 27 0 18 19 232 137 54 68
-0.00591528 27 9 18 19 232 137 54 68
-0.00590435 27 18 18 19 232 137 54 68
-0.00591868 27 27 18 19 232 137 54 68
-0.00591883 27 36 18 19 232 137 54 68
-0.00591667 27 45 18 19 232 137 54 68
-0.00591832 36 0 18 19 232 137 54 68
-0.00591392 36 9 18 19 232 137 54 68
-0.00591696 36 18 18 19 232 137 54 68
-0.0059171 36 27 18 19 232 137 54 68
-0.00591479 36 36 18 19 232 137 54 68
-0.00591889 36 45 18 19 232 137 54 68
-0.00591341 0 0 18 19 232 137 54 68
-0.00591178 0 9 18 19 232 137 54 68
-0.00590508 0 18 18 19 232 137 54 68
-0.00591267 0 27 18 19 232 137 54 68
-0.00591549 0 36 18 19 232 137 54 68
-0.00591811 0 45 18 19 232 137 54 68
-0.00591283 9 0 18 19 232 137 54 68
-0.00591611 9 9 18 19 232 137 54 68
-0.00591855 9 18 18 19 232 137 54 68
-0.00591904 9 27 18 19 232 137 54 68
-0.00591228 9 36 18 19 232 137 54 68
-0.0059194 9 45 18 19 232 137 54 68
-0.00591622 18 0 18 19 232 137 54 68
-0.00591657 18 9 18 19 232 137 54 68
-0.00591434 18 18 18 19 232 137 54 68
-0.00590925 18 27 18 19 232 137 54 68
-0.00311627 18 36 18 19 232 137 54 68
-0.00591574 18 45 18 19 232 137 54 68
-0.00385385 27 0 18 19 232 137 54 68
-0.00591226 27 9 18 19 232 137 54 68
-0.0059117 27 18 18 19 232 137 54 68
-0.00591574 27 27 18 19 232 137 54 68
-0.00588299 27 36 18 19 232 137 54 68
-0.00316423 27 45 18 19 232 137 54 68
-0.00591665 36 0 18 19 232 137 54 68
-0.00590388 36 9 18 19 232 137 54 68
-0.00591032 36 18 18 19 232 137 54 68
-0.00591168 36 27 18 19 232 137 54 68
-0.00590751 36 36 18 19 232 137 54 68
-0.0059011 36 45 18 19 232 137 54 68
-0.00590258 0 0 18 19 232 137 54 68
-0.00590891 0 9 18 19 232 137 54 68
-0.00590999 0 18 18 19 232 137 54 68
-0.00591283 0 27 18 19 232 137 54 68
-0.00591346 0 36 18 19 232 137 54 68
-0.00591704 0 45 18 19 232 137 54 68
-0.0058897 9 0 18 19 232 137 54 68
-0.00591272 9 9 18 19 232 137 54 68
-0.00591621 9 18 18 19 232 137 54 68
-0.0059182 9 27 18 19 232 137 54 68
-0.00591548 9 36 18 19 232 137 54 68
-0.00591592 9 45 18 19 232 137 54 68
-0.00591161 18 0 18 19 232 137 54 68
-0.00591532 18 9 18 19 232 137 54 68
-0.00591391 18 18 18 19 232 137 54 68
-0.00590787 18 27 18 19 232 137 54 68
-0.00554742 18 36 18 19 232 137 54 68
-0.00591159 18 45 18 19 232 137 54 68
-0.00591368 27 0 18 19 232 137 54 68
-0.0059167 27 9 18 19 232 137 54 68
-0.00591732 27 18 18 19 232 137 54 68
-0.00588385 27 27 18 19 232 137 54 68
-0.00590998 27 36 18 19 232 137 54 68
-0.00591063 27 45 18 19 232 137 54 68
-0.00591896 36 0 18 19 232 137 54 68
-0.00459953 36 9 18 19 232 137 54 68
-0.00591656 36 18 18 19 232 137 54 68
-0.0059131 36 27 18 19 232 137 54 68
-0.00591005 36 36 18 19 232 137 54 68
-0.0058851 36 45 18 19 232 137 54 68
-0.00591209 0 0 18 19 232 137 54 68
-0.00590821 0 9 18 19 232 137 54 68
-0.00591495 0 18 18 19 232 137 54 68
-0.00591596 0 27 18 19 232 137 54 68
-0.00591475 0 36 18 19 232 137 54 68
-0.00588986 0 45 18 19 232 137 54 68
-0.00589799 9 0 18 19 232 137 54 68
-0.00591275 9 9 18 19 232 137 54 68
-0.00591305 9 18 18 19 232 137 54 68
-0.00591761 9 27 18 19 232 137 54 68
-0.00591818 9 36 18 19 232 137 54 68
-0.00591433 9 45 18 19 232 137 54 68
-0.00591101 18 0 18 19 232 137 54 68
-0.00591717 18 9 18 19 232 137 54 68
-0.005917 18 18 18 19 232 137 54 68
-0.00591729 18 27 18 19 232 137 54 68
-0.00591446 18 36 18 19 232 137 54 68
-0.00591164 18 45 18 19 232 137 54 68
-0.00591361 27 0 18 19 232 137 54 68
-0.00590708 27 9 18 19 232 137 54 68
-0.00591761 27 18 18 19 232 137 54 68
-0.00590722 27 27 18 19 232 137 54 68
-0.00588725 27 36 18 19 232 137 54 68
-0.00591334 27 45 18 19 232 137 54 68
-0.00591806 36 0 18 19 232 137 54 68
-0.0058936 36 9 18 19 232 137 54 68
-0.0059147 36 18 18 19 232 137 54 68
-0.00591091 36 27 18 19 232 137 54 68
-0.00589453 36 36 18 19 232 137 54 68
-0.00590231 36 45 18 19 232 137 54 68
-0.00336004 0 0 21 27 232 137 54 68
-0.00591258 0 13 21 27 232 137 54 68
-0.00590892 0 26 21 27 232 137 54 68
-0.00589626 0 39 21 27 232 137 54 68
-0.00591122 10 0 21 27 232 137 54 68
-0.00591852 10 13 21 27 232 137 54 68
-0.00591899 10 26 21 27 232 137 54 68
-0.00591713 10 39 21 27 232 137 54 68
-0.00590234 20 0 21 27 232 137 54 68
-0.00591693 20 13 21 27 232 137 54 68
-0.00591601 20 26 21 27 232 137 54 68
-0.00591135 20 39 21 27 232 137 54 68
-0.00591041 30 0 21 27 232 137 54 68
-0.00590661 30 13 21 27 232 137 54 68
-0.00590953 30 26 21 27 232 137 54 68
-0.00351163 30 39 21 27 232 137 54 68
-0.00591504 0 0 21 27 232 137 54 68
-0.0059163 0 13 21 27 232 137 54 68
-0.00591175 0 26 21 27 232 137 54 68
-0.00590525 0 39 21 27 232 137 54 68
-0.00591126 10 0 21 27 232 137 54 68
-0.00587929 10 13 21 27 232 137 54 68
-0.00591301 10 26 21 27 232 137 54 68
-0.00591657 10 39 21 27 232 137 54 68
-0.00590996 20 0 21 27 232 137 54 68
-0.00590694 20 13 21 27 232 137 54 68
-0.00591093 20 26 21 27 232 137 54 68
-0.00590648 20 39 21 27 232 137 54 68
-0.00590571 30 0 21 27 232 137 54 68
-0.00591623 30 13 21 27 232 137 54 68
-0.00589836 30 26 21 27 232 137 54 68
-0.00360868 30 39 21 27 232 137 54 68
-0.0059025 0 0 21 27 232 137 54 68
-0.00591643 0 13 21 27 232 137 54 68
-0.00591187 0 26 21 27 232 137 54 68
-0.00365451 0 39 21 27 232 137 54 68
-0.00591234 10 0 21 27 232 137 54 68
-0.00591533 10 13 21 27 232 137 54 68
-0.00370341 10 26 21 27 232 137 54 68
-0.0058962 10 39 21 27 232 137 54 68
-0.00591057 20 0 21 27 232 137 54 68
-0.00591202 20 13 21 27 232 137 54 68
-0.00328071 20 26 21 27 232 137 54 68
-0.00591286 20 39 21 27 232 137 54 68
-0.00589734 30 0 21 27 232 137 54 68
-0.00591497 30 13 21 27 232 137 54 68
-0.00591417 30 26 21 27 232 137 54 68
-0.005919 30 39 21 27 232 137 54 68
-0.00589875 0 0 21 27 232 137 54 68
-0.00590944 0 13 21 27 232 137 54 68
-0.00590312 0 26 21 27 232 137 54 68
-0.00428771 0 39 21 27 232 137 54 68
-0.0058981 10 0 21 27 232 137 54 68
-0.00587951 10 13 21 27 232 137 54 68
-0.00591001 10 26 21 27 232 137 54 68
-0.00591334 10 39 21 27 232 137 54 68
-0.00588782 20 0 21 27 232 137 54 68
-0.00591283 20 13 21 27 232 137 54 68
-0.00480794 20 26 21 27 232 137 54 68
-0.00589906 20 39 21 27 232 137 54 68
-0.00590369 30 0 21 27 232 137 54 68
-0.00590511 30 13 21 27 232 137 54 68
-0.00590253 30 26 21 27 232 137 54 68
-0.00591818 30 39 21 27 232 137 54 68
-0.00589416 0 0 21 27 232 137 54 68
-0.00591804 0 13 21 27 232 137 54 68
-0.00591361 0 26 21 27 232 137 54 68
-0.0044697 0 39 21 27 232 137 54 68
-0.00589546 10 0 21 27 232 137 54 68
-0.00591608 10 13 21 27 232 137 54 68
-0.005919 10 26 21 27 232 137 54 68
-0.00591823 10 39 21 27 232 137 54 68
-0.00590563 20 0 21 27 232 137 54 68
-0.00591499 20 13 21 27 232 137 54 68
-0.00591645 20 26 21 27 232 137 54 68
-0.00591624 20 39 21 27 232 137 54 68
-0.00591394 30 0 21 27 232 137 54 68
-0.00356115 30 13 21 27 232 137 54 68
-0.00590586 30 26 21 27 232 137 54 68
-0.00590334 30 39 21 27 232 137 54 68
-0.00588843 0 0 21 27 232 137 54 68
-0.00591427 0 13 21 27 232 137 54 68
-0.00591295 0 26 21 27 232 137 54 68
-0.0059087 0 39 21 27 232 137 54 68
-0.00591329 10 0 21 27 232 137 54 68
-0.00591835 10 13 21 27 232 137 54 68
-0.00591784 10 26 21 27 232 137 54 68
-0.00591224 10 39 21 27 232 137 54 68
-0.00591722 20 0 21 27 232 137 54 68
-0.00544445 20 13 21 27 232 137 54 68
-0.00591374 20 26 21 27 232 137 54 68
-0.00590623 20 39 21 27 232 137 54 68
-0.00591334 30 0 21 27 232 137 54 68
-0.00591772 30 13 21 27 232 137 54 68
-0.00591456 30 26 21 27 232 137 54 68
-0.00587913 30 39 21 27 232 137 54 68
-0.00341168 0 0 21 27 232 137 54 68
-0.00589086 0 13 21 27 232 137 54 68
-0.00588836 0 26 21 27 232 137 54 68
-0.00590568 0 39 21 27 232 137 54 68
-0.00591224 10 0 21 27 232 137 54 68
-0.00591884 10 13 21 27 232 137 54 68
-0.00591918 10 26 21 27 232 137 54 68
-0.00591804 10 39 21 27 232 137 54 68
-0.0059132 20 0 21 27 232 137 54 68
-0.00590832 20 13 21 27 232 137 54 68
-0.00591606 20 26 21 27 232 137 54 68
-0.005913 20 39 21 27 232 137 54 68
-0.00591533 30 0 21 27 232 137 54 68
-0.00591759 30 13 21 27 232 137 54 68
-0.00591637 30 26 21 27 232 137 54 68
-0.00591517 30 39 21 27 232 137 54 68
-0.00589964 0 0 21 27 232 137 54 68
-0.00589844 0 13 21 27 232 137 54 68
-0.00591229 0 26 21 27 232 137 54 68
-0.0059147 0 39 21 27 232 137 54 68
-0.00591469 10 0 21 27 232 137 54 68
-0.00591848 10 13 21 27 232 137 54 68
-0.00591655 10 26 21 27 232 137 54 68
-0.00591923 10 39 21 27 232 137 54 68
-0.00590984 20 0 21 27 232 137 54 68
-0.00591018 20 13 21 27 232 137 54 68
-0.00591294 20 26 21 27 232 137 54 68
-0.00590901 20 39 21 27 232 137 54 68
-0.00591137 30 0 21 27 232 137 54 68
-0.00591197 30 13 21 27 232 137 54 68
-0.00591141 30 26 21 27 232 137 54 68
-0.00589427 30 39 21 27 232 137 54 68
-0.00589522 0 0 21 27 232 137 54 68
-0.00591087 0 13 21 27 232 137 54 68
-0.00591003 0 26 21 27 232 137 54 68
-0.00591263 0 39 21 27 232 137 54 68
-0.00590514 10 0 21 27 232 137 54 68
-0.00591662 10 13 21 27 232 137 54 68
-0.00591776 10 26 21 27 232 137 54 68
-0.0059134 10 39 21 27 232 137 54 68
-0.00591536 20 0 21 27 232 137 54 68
-0.00591849 20 13 21 27 232 137 54 68
-0.00590938 20 26 21 27 232 137 54 68
-0.00589977 20 39 21 27 232 137 54 68
-0.00519808 30 0 21 27 232 137 54 68
-0.00590257 30 13 21 27 232 137 54 68
-0.00590673 30 26 21 27 232 137 54 68
-0.00591031 30 39 21 27 232 137 54 68
-0.00589536 0 0 21 27 232 137 54 68
-0.00591287 0 13 21 27 232 137 54 68
-0.00591487 0 26 21 27 232 137 54 68
-0.00589018 0 39 21 27 232 137 54 68
-0.00589784 10 0 21 27 232 137 54 68
-0.00591486 10 13 21 27 232 137 54 68
-0.00591729 10 26 21 27 232 137 54 68
-0.00591544 10 39 21 27 232 137 54 68
-0.00591391 20 0 21 27 232 137 54 68
-0.00591768 20 13 21 27 232 137 54 68
-0.0059126 20 26 21 27 232 137 54 68
-0.00590522 20 39 21 27 232 137 54 68
-0.00489013 30 0 21 27 232 137 54 68
-0.00590148 30 13 21 27 232 137 54 68
-0.0040045 30 26 21 27 232 137 54 68
-0.00321263 30 39 21 27 232 137 54 68
-0.00587982 0 0 36 45 232 137 54 68
-0.00588163 0 22 36 45 232 137 54 68
-0.00294133 18 0 36 45 232 137 54 68
-0.00451316 18 22 36 45 232 137 54 68
-0.00438001 0 0 36 45 232 137 54 68
-0.00508556 0 22 36 45 232 137 54 68
-0.00590503 18 0 36 45 232 137 54 68
-0.00476609 18 22 36 45 232 137 54 68
-0.00591406 0 0 36 45 232 137 54 68
-0.0049703 0 22 36 45 232 137 54 68
-0.00590632 18 0 36 45 232 137 54 68
-0.00589703 18 22 36 45 232 137 54 68
-0.00589342 0 0 36 45 232 137 54 68
-0.00346252 0 22 36 45 232 137 54 68
-0.00587889 18 0 36 45 232 137 54 68
-0.00455657 18 22 36 45 232 137 54 68
-0.00590985 0 0 36 45 232 137 54 68
-0.00433417 0 22 36 45 232 137 54 68
-0.00568291 18 0 36 45 232 137 54 68
-0.00588967 18 22 36 45 232 137 54 68
-0.00590528 0 0 36 45 232 137 54 68
-0.00588416 0 22 36 45 232 137 54 68
-0.00589175 18 0 36 45 232 137 54 68
-0.00588308 18 22 36 45 232 137 54 68
-0.00484923 0 0 36 45 232 137 54 68
-0.00587796 0 22 36 45 232 137 54 68
-0.00590501 18 0 36 45 232 137 54 68
-0.00591309 18 22 36 45 232 137 54 68
-0.00530559 0 0 36 45 232 137 54 68
-0.00591219 0 22 36 45 232 137 54 68
-0.0056153 18 0 36 45 232 137 54 68
-0.00589764 18 22 36 45 232 137 54 68
-0.00512386 0 0 36 45 232 137 54 68
-0.00590977 0 22 36 45 232 137 54 68
-0.00292187 18 0 36 45 232 137 54 68
-0.00591413 18 22 36 45 232 137 54 68
-0.00590185 0 0 36 45 232 137 54 68
-0.00468264 0 22 36 45 232 137 54 68
-0.00296306 18 0 36 45 232 137 54 68
-0.00424229 18 22 36 45 232 137 54 68
-0.00330905 0 0 54 68 232 137 54 68
-0.00296347 0 0 54 68 232 137 54 68
-0.00588548 0 0 54 68 232 137 54 68
-0.00493036 0 0 54 68 232 137 54 68
-0.00588053 0 0 54 68 232 137 54 68
-0.00587795 0 0 54 68 232 137 54 68
-0.00311476 0 0 54 68 232 137 54 68
-0.00574879 0 0 54 68 232 137 54 68
-0.00500939 0 0 54 68 232 137 54 68
-0.00386665 0 0 54 68 232 137 54 68
