-0.0030916 0 0 9 9 391 181 42 42
-0.0030924 0 4 9 9 391 181 42 42
-0.00309301 0 8 9 9 391 181 42 42
-0.00309049 0 12 9 9 391 181 42 42
-0.0030871 0 16 9 9 391 181 42 42
-0.00309193 0 20 9 9 391 181 42 42
-0.00309323 0 24 9 9 391 181 42 42
-0.0030926 0 28 9 9 391 181 42 42
-0.00309091 4 0 9 9 391 181 42 42
-0.00309169 4 4 9 9 391 181 42 42
-0.00309042 4 8 9 9 391 181 42 42
-0.0030899 4 12 9 9 391 181 42 42
-0.00309174 4 16 9 9 391 181 42 42
-0.00308857 4 20 9 9 391 181 42 42
-0.0030924 4 24 9 9 391 181 42 42
-0.00309338 4 28 9 9 391 181 42 42
-0.0030909 8 0 9 9 391 181 42 42
-0.00308581 8 4 9 9 391 181 42 42
-0.00309017 8 8 9 9 391 181 42 42
-0.00309292 8 12 9 9 391 181 42 42
-0.00309321 8 16 9 9 391 181 42 42
-0.0030931 8 20 9 9 391 181 42 42
-0.00309184 8 24 9 9 391 181 42 42
-0.00309253 8 28 9 9 391 181 42 42
-0.00309158 12 0 9 9 391 181 42 42
-0.00309051 12 4 9 9 391 181 42 42
-0.00309199 12 8 9 9 391 181 42 42
-0.00309252 12 12 9 9 391 181 42 42
-0.00309225 12 16 9 9 391 181 42 42
-0.00309104 12 20 9 9 391 181 42 42
-0.00309304 12 24 9 9 391 181 42 42
-0.00309273 12 28 9 9 391 181 42 42
-0.00309217 16 0 9 9 391 181 42 42
-0.00308795 16 4 9 9 391 181 42 42
-0.00308982 16 8 9 9 391 181 42 42
-0.0030917 16 12 9 9 391 181 42 42
-0.00309318 16 16 9 9 391 181 42 42
-0.0030911 16 20 9 9 391 181 42 42
-0.00309296 16 24 9 9 391 181 42 42
-0.00309273 16 28 9 9 391 181 42 42
-0.00309137 20 0 9 9 391 181 42 42
-0.00308912 20 4 9 9 391 181 42 42
-0.00308927 20 8 9 9 391 181 42 42
-0.00309281 20 12 9 9 391 181 42 42
-0.00309345 20 16 9 9 391 181 42 42
-0.00309174 20 20 9 9 391 181 42 42
-0.00309295 20 24 9 9 391 181 42 42
-0.00309314 20 28 9 9 391 181 42 42
-0.00308772 24 0 9 9 391 181 42 42
-0.00308817 24 4 9 9 391 181 42 42
-0.00309302 24 8 9 9 391 181 42 42
-0.00309347 24 12 9 9 391 181 42 42
-0.00309285 24 16 9 9 391 181 42 42
-0.00308977 24 20 9 9 391 181 42 42
-0.00309169 24 24 9 9 391 181 42 42
-0.00309336 24 28 9 9 391 181 42 42
-0.00309039 28 0 9 9 391 181 42 42
-0.00309121 28 4 9 9 391 181 42 42
-0.00309254 28 8 9 9 391 181 42 42
-0.00309308 28 12 9 9 391 181 42 42
-0.0030917 28 16 9 9 391 181 42 42
-0.00308714 28 20 9 9 391 181 42 42
-0.00308146 28 24 9 9 391 181 42 42
-0.00309323 28 28 9 9 391 181 42 42
-0.00309275 0 0 9 9 391 181 42 42
-0.00308772 0 4 9 9 391 181 42 42
-0.00309134 0 8 9 9 391 181 42 42
-0.00308564 0 12 9 9 391 181 42 42
-0.00309183 0 16 9 9 391 181 42 42
-0.00309321 0 20 9 9 391 181 42 42
-0.00309298 0 24 9 9 391 181 42 42
-0.00309035 0 28 9 9 391 181 42 42
-0.0030927 4 0 9 9 391 181 42 42
-0.00309038 4 4 9 9 391 181 42 42
-0.00308516 4 8 9 9 391 181 42 42
-0.00309108 4 12 9 9 391 181 42 42
-0.0030876 4 16 9 9 391 181 42 42
-0.00309232 4 20 9 9 391 181 42 42
-0.00309321 4 24 9 9 391 181 42 42
-0.00309315 4 28 9 9 391 181 42 42
-0.00309097 8 0 9 9 391 181 42 42
-0.00309036 8 4 9 9 391 181 42 42
-0.00309195 8 8 9 9 391 181 42 42
-0.00308965 8 12 9 9 391 181 42 42
-0.00286057 8 16 9 9 391 181 42 42
-0.00308566 8 20 9 9 391 181 42 42
-0.00309243 8 24 9 9 391 181 42 42
-0.00309301 8 28 9 9 391 181 42 42
-0.00309055 12 0 9 9 391 181 42 42
-0.00235168 12 4 9 9 391 181 42 42
-0.00308532 12 8 9 9 391 181 42 42
-0.00308402 12 12 9 9 391 181 42 42
-0.00308962 12 16 9 9 391 181 42 42
-0.00308969 12 20 9 9 391 181 42 42
-0.00309257 12 24 9 9 391 181 42 42
-0.00309251 12 28 9 9 391 181 42 42
-0.00309133 16 0 9 9 391 181 42 42
-0.00205699 16 4 9 9 391 181 42 42
-0.00307789 16 8 9 9 391 181 42 42
-0.00309076 16 12 9 9 391 181 42 42
-0.00308891 16 16 9 9 391 181 42 42
-0.003089 16 20 9 9 391 181 42 42
-0.00309301 16 24 9 9 391 181 42 42
-0.00309229 16 28 9 9 391 181 42 42
-0.00308709 20 0 9 9 391 181 42 42
-0.00244805 20 4 9 9 391 181 42 42
-0.00308235 20 8 9 9 391 181 42 42
-0.00309089 20 12 9 9 391 181 42 42
-0.00308772 20 16 9 9 391 181 42 42
-0.00309092 20 20 9 9 391 181 42 42
-0.00309337 20 24 9 9 391 181 42 42
-0.00309305 20 28 9 9 391 181 42 42
-0.00274689 24 0 9 9 391 181 42 42
-0.00135737 24 4 9 9 391 181 42 42
-0.00308142 24 8 9 9 391 181 42 42
-0.00308887 24 12 9 9 391 181 42 42
-0.00308955 24 16 9 9 391 181 42 42
-0.00309306 24 20 9 9 391 181 42 42
-0.00309331 24 24 9 9 391 181 42 42
-0.00308984 24 28 9 9 391 181 42 42
-0.00193514 28 0 9 9 391 181 42 42
-0.0023021 28 4 9 9 391 181 42 42
-0.0030798 28 8 9 9 391 181 42 42
-0.00308942 28 12 9 9 391 181 42 42
-0.00309254 28 16 9 9 391 181 42 42
-0.00309335 28 20 9 9 391 181 42 42
-0.00309252 28 24 9 9 391 181 42 42
-0.00307671 28 28 9 9 391 181 42 42
-0.00309294 0 0 9 9 391 181 42 42
-0.00309336 0 4 9 9 391 181 42 42
-0.00309034 0 8 9 9 391 181 42 42
-0.00308832 0 12 9 9 391 181 42 42
-0.0030915 0 16 9 9 391 181 42 42
-0.00309314 0 20 9 9 391 181 42 42
-0.00309333 0 24 9 9 391 181 42 42
-0.0030918 0 28 9 9 391 181 42 42
-0.00309335 4 0 9 9 391 181 42 42
-0.00309331 4 4 9 9 391 181 42 42
-0.00308991 4 8 9 9 391 181 42 42
-0.00308558 4 12 9 9 391 181 42 42
-0.00308868 4 16 9 9 391 181 42 42
-0.00309181 4 20 9 9 391 181 42 42
-0.00309311 4 24 9 9 391 181 42 42
-0.00309333 4 28 9 9 391 181 42 42
-0.0030932 8 0 9 9 391 181 42 42
-0.00309317 8 4 9 9 391 181 42 42
-0.00309152 8 8 9 9 391 181 42 42
-0.00308379 8 12 9 9 391 181 42 42
-0.00267747 8 16 9 9 391 181 42 42
-0.00308396 8 20 9 9 391 181 42 42
-0.00309131 8 24 9 9 391 181 42 42
-0.00309293 8 28 9 9 391 181 42 42
-0.00309189 12 0 9 9 391 181 42 42
-0.00309192 12 4 9 9 391 181 42 42
-0.00309185 12 8 9 9 391 181 42 42
-0.00308228 12 12 9 9 391 181 42 42
-0.00145475 12 16 9 9 391 181 42 42
-0.000997806 12 20 9 9 391 181 42 42
-0.00279262 12 24 9 9 391 181 42 42
-0.00308288 12 28 9 9 391 181 42 42
-0.00308912 16 0 9 9 391 181 42 42
-0.00308952 16 4 9 9 391 181 42 42
-0.00309162 16 8 9 9 391 181 42 42
-0.00309034 16 12 9 9 391 181 42 42
-0.00308858 16 16 9 9 391 181 42 42
-0.003086 16 20 9 9 391 181 42 42
-0.00308458 16 24 9 9 391 181 42 42
-0.00288273 16 28 9 9 391 181 42 42
-0.00308747 20 0 9 9 391 181 42 42
-0.00308444 20 4 9 9 391 181 42 42
-0.00308827 20 8 9 9 391 181 42 42
-0.00309199 20 12 9 9 391 181 42 42
-0.00309207 20 16 9 9 391 181 42 42
-0.00309091 20 20 9 9 391 181 42 42
-0.00308842 20 24 9 9 391 181 42 42
-0.00265451 20 28 9 9 391 181 42 42
-0.00309093 24 0 9 9 391 181 42 42
-0.00308439 24 4 9 9 391 181 42 42
-0.00308238 24 8 9 9 391 181 42 42
-0.00308424 24 12 9 9 391 181 42 42
-0.00308726 24 16 9 9 391 181 42 42
-0.00309049 24 20 9 9 391 181 42 42
-0.00308947 24 24 9 9 391 181 42 42
-0.00146159 24 28 9 9 391 181 42 42
-0.00309154 28 0 9 9 391 181 42 42
-0.00308564 28 4 9 9 391 181 42 42
-0.00308561 28 8 9 9 391 181 42 42
-0.00308963 28 12 9 9 391 181 42 42
-0.00309081 28 16 9 9 391 181 42 42
-0.00309054 28 20 9 9 391 181 42 42
-0.00308594 28 24 9 9 391 181 42 42
-0.000902333 28 28 9 9 391 181 42 42
-0.00309235 0 0 9 9 391 181 42 42
-0.00307807 0 4 9 9 391 181 42 42
-0.0030867 0 8 9 9 391 181 42 42
-0.00308969 0 12 9 9 391 181 42 42
-0.00308973 0 16 9 9 391 181 42 42
-0.0030877 0 20 9 9 391 181 42 42
-0.00292672 0 24 9 9 391 181 42 42
-0.00308789 0 28 9 9 391 181 42 42
-0.00308981 4 0 9 9 391 181 42 42
-0.00196013 4 4 9 9 391 181 42 42
-0.00308636 4 8 9 9 391 181 42 42
-0.00309096 4 12 9 9 391 181 42 42
-0.00308928 4 16 9 9 391 181 42 42
-0.00308553 4 20 9 9 391 181 42 42
-0.00308312 4 24 9 9 391 181 42 42
-0.00281554 4 28 9 9 391 181 42 42
-0.0030879 8 0 9 9 391 181 42 42
-0.00294839 8 4 9 9 391 181 42 42
-0.00309076 8 8 9 9 391 181 42 42
-0.00309209 8 12 9 9 391 181 42 42
-0.00308972 8 16 9 9 391 181 42 42
-0.00249442 8 20 9 9 391 181 42 42
-0.00188405 8 24 9 9 391 181 42 42
-0.0030835 8 28 9 9 391 181 42 42
-0.0030912 12 0 9 9 391 181 42 42
-0.00309018 12 4 9 9 391 181 42 42
-0.00308996 12 8 9 9 391 181 42 42
-0.00309139 12 12 9 9 391 181 42 42
-0.00308989 12 16 9 9 391 181 42 42
-0.00220125 12 20 9 9 391 181 42 42
-0.00215434 12 24 9 9 391 181 42 42
-0.00307709 12 28 9 9 391 181 42 42
-0.0030916 16 0 9 9 391 181 42 42
-0.00309183 16 4 9 9 391 181 42 42
-0.0030916 16 8 9 9 391 181 42 42
-0.00309281 16 12 9 9 391 181 42 42
-0.00309315 16 16 9 9 391 181 42 42
-0.00309289 16 20 9 9 391 181 42 42
-0.00309242 16 24 9 9 391 181 42 42
-0.00309115 16 28 9 9 391 181 42 42
-0.00308932 20 0 9 9 391 181 42 42
-0.0030873 20 4 9 9 391 181 42 42
-0.00309093 20 8 9 9 391 181 42 42
-0.00309219 20 12 9 9 391 181 42 42
-0.00309282 20 16 9 9 391 181 42 42
-0.00309305 20 20 9 9 391 181 42 42
-0.00309292 20 24 9 9 391 181 42 42
-0.00309259 20 28 9 9 391 181 42 42
-0.00309179 24 0 9 9 391 181 42 42
-0.00309014 24 4 9 9 391 181 42 42
-0.00308561 24 8 9 9 391 181 42 42
-0.00303375 24 12 9 9 391 181 42 42
-0.00308065 24 16 9 9 391 181 42 42
-0.00308709 24 20 9 9 391 181 42 42
-0.00308868 24 24 9 9 391 181 42 42
-0.00309183 24 28 9 9 391 181 42 42
-0.00309215 28 0 9 9 391 181 42 42
-0.00309228 28 4 9 9 391 181 42 42
-0.00309099 28 8 9 9 391 181 42 42
-0.00253996 28 12 9 9 391 181 42 42
-0.00183278 28 16 9 9 391 181 42 42
-0.00124422 28 20 9 9 391 181 42 42
-0.00213089 28 24 9 9 391 181 42 42
-0.00309184 28 28 9 9 391 181 42 42
-0.00308662 0 0 9 9 391 181 42 42
-0.00309315 0 4 9 9 391 181 42 42
-0.00309282 0 8 9 9 391 181 42 42
-0.0030914 0 12 9 9 391 181 42 42
-0.00309053 0 16 9 9 391 181 42 42
-0.00309264 0 20 9 9 391 181 42 42
-0.00309334 0 24 9 9 391 181 42 42
-0.00309351 0 28 9 9 391 181 42 42
-0.00309315 4 0 9 9 391 181 42 42
-0.00309335 4 4 9 9 391 181 42 42
-0.00309257 4 8 9 9 391 181 42 42
-0.00309256 4 12 9 9 391 181 42 42
-0.00309177 4 16 9 9 391 181 42 42
-0.00308939 4 20 9 9 391 181 42 42
-0.0030881 4 24 9 9 391 181 42 42
-0.00309341 4 28 9 9 391 181 42 42
-0.00309344 8 0 9 9 391 181 42 42
-0.00309291 8 4 9 9 391 181 42 42
-0.00308601 8 8 9 9 391 181 42 42
-0.00309271 8 12 9 9 391 181 42 42
-0.00309158 8 16 9 9 391 181 42 42
-0.00309213 8 20 9 9 391 181 42 42
-0.00309247 8 24 9 9 391 181 42 42
-0.00309344 8 28 9 9 391 181 42 42
-0.00309343 12 0 9 9 391 181 42 42
-0.00309333 12 4 9 9 391 181 42 42
-0.00309316 12 8 9 9 391 181 42 42
-0.00309319 12 12 9 9 391 181 42 42
-0.00309174 12 16 9 9 391 181 42 42
-0.00309271 12 20 9 9 391 181 42 42
-0.00309313 12 24 9 9 391 181 42 42
-0.00309331 12 28 9 9 391 181 42 42
-0.00309174 16 0 9 9 391 181 42 42
-0.00309339 16 4 9 9 391 181 42 42
-0.00309196 16 8 9 9 391 181 42 42
-0.00309091 16 12 9 9 391 181 42 42
-0.00308998 16 16 9 9 391 181 42 42
-0.00309301 16 20 9 9 391 181 42 42
-0.00309327 16 24 9 9 391 181 42 42
-0.00309326 16 28 9 9 391 181 42 42
-0.00309273 20 0 9 9 391 181 42 42
-0.00309342 20 4 9 9 391 181 42 42
-0.00309211 20 8 9 9 391 181 42 42
-0.00309192 20 12 9 9 391 181 42 42
-0.00309311 20 16 9 9 391 181 42 42
-0.00309314 20 20 9 9 391 181 42 42
-0.00309315 20 24 9 9 391 181 42 42
-0.00309333 20 28 9 9 391 181 42 42
-0.00309305 24 0 9 9 391 181 42 42
-0.00309329 24 4 9 9 391 181 42 42
-0.0030935 24 8 9 9 391 181 42 42
-0.0030935 24 12 9 9 391 181 42 42
-0.00309349 24 16 9 9 391 181 42 42
-0.0030921 24 20 9 9 391 181 42 42
-0.00309103 24 24 9 9 391 181 42 42
-0.00309346 24 28 9 9 391 181 42 42
-0.00309108 28 0 9 9 391 181 42 42
-0.00309306 28 4 9 9 391 181 42 42
-0.00309311 28 8 9 9 391 181 42 42
-0.00309279 28 12 9 9 391 181 42 42
-0.00309042 28 16 9 9 391 181 42 42
-0.00309174 28 20 9 9 391 181 42 42
-0.00309249 28 24 9 9 391 181 42 42
-0.00309353 28 28 9 9 391 181 42 42
-0.00309345 0 0 9 9 391 181 42 42
-0.00309315 0 4 9 9 391 181 42 42
-0.00309265 0 8 9 9 391 181 42 42
-0.00309302 0 12 9 9 391 181 42 42
-0.00309327 0 16 9 9 391 181 42 42
-0.00309342 0 20 9 9 391 181 42 42
-0.0030926 0 24 9 9 391 181 42 42
-0.00308649 0 28 9 9 391 181 42 42
-0.00309069 4 0 9 9 391 181 42 42
-0.00309262 4 4 9 9 391 181 42 42
-0.00309007 4 8 9 9 391 181 42 42
-0.00309171 4 12 9 9 391 181 42 42
-0.00309313 4 16 9 9 391 181 42 42
-0.00309329 4 20 9 9 391 181 42 42
-0.00309079 4 24 9 9 391 181 42 42
-0.00251703 4 28 9 9 391 181 42 42
-0.0030931 8 0 9 9 391 181 42 42
-0.00309269 8 4 9 9 391 181 42 42
-0.00309214 8 8 9 9 391 181 42 42
-0.00309234 8 12 9 9 391 181 42 42
-0.00309278 8 16 9 9 391 181 42 42
-0.00309267 8 20 9 9 391 181 42 42
-0.00309276 8 24 9 9 391 181 42 42
-0.00309226 8 28 9 9 391 181 42 42
-0.00309346 12 0 9 9 391 181 42 42
-0.00309315 12 4 9 9 391 181 42 42
-0.00309324 12 8 9 9 391 181 42 42
-0.00309333 12 12 9 9 391 181 42 42
-0.00309323 12 16 9 9 391 181 42 42
-0.00309199 12 20 9 9 391 181 42 42
-0.00309307 12 24 9 9 391 181 42 42
-0.00309322 12 28 9 9 391 181 42 42
-0.00309298 16 0 9 9 391 181 42 42
-0.00309323 16 4 9 9 391 181 42 42
-0.0030928 16 8 9 9 391 181 42 42
-0.00309309 16 12 9 9 391 181 42 42
-0.00309194 16 16 9 9 391 181 42 42
-0.00309167 16 20 9 9 391 181 42 42
-0.00309315 16 24 9 9 391 181 42 42
-0.00309126 16 28 9 9 391 181 42 42
-0.00309336 20 0 9 9 391 181 42 42
-0.00309297 20 4 9 9 391 181 42 42
-0.00308958 20 8 9 9 391 181 42 42
-0.00309204 20 12 9 9 391 181 42 42
-0.00309282 20 16 9 9 391 181 42 42
-0.00309279 20 20 9 9 391 181 42 42
-0.00309244 20 24 9 9 391 181 42 42
-0.00309269 20 28 9 9 391 181 42 42
-0.00309266 24 0 9 9 391 181 42 42
-0.00309309 24 4 9 9 391 181 42 42
-0.00309332 24 8 9 9 391 181 42 42
-0.0030934 24 12 9 9 391 181 42 42
-0.00309317 24 16 9 9 391 181 42 42
-0.00309256 24 20 9 9 391 181 42 42
-0.00309324 24 24 9 9 391 181 42 42
-0.0030932 24 28 9 9 391 181 42 42
-0.00309121 28 0 9 9 391 181 42 42
-0.00309318 28 4 9 9 391 181 42 42
-0.0030935 28 8 9 9 391 181 42 42
-0.00309328 28 12 9 9 391 181 42 42
-0.00309322 28 16 9 9 391 181 42 42
-0.00309118 28 20 9 9 391 181 42 42
-0.00309312 28 24 9 9 391 181 42 42
-0.003093 28 28 9 9 391 181 42 42
-0.0030931 0 0 9 9 391 181 42 42
-0.00309303 0 4 9 9 391 181 42 42
-0.00309331 0 8 9 9 391 181 42 42
-0.0030935 0 12 9 9 391 181 42 42
-0.00309302 0 16 9 9 391 181 42 42
-0.00308728 0 20 9 9 391 181 42 42
-0.00308485 0 24 9 9 391 181 42 42
-0.00309275 0 28 9 9 391 181 42 42
-0.00309172 4 0 9 9 391 181 42 42
-0.00308513 4 4 9 9 391 181 42 42
-0.00309126 4 8 9 9 391 181 42 42
-0.00309326 4 12 9 9 391 181 42 42
-0.00309321 4 16 9 9 391 181 42 42
-0.00309068 4 20 9 9 391 181 42 42
-0.00309326 4 24 9 9 391 181 42 42
-0.00309338 4 28 9 9 391 181 42 42
-0.0030926 8 0 9 9 391 181 42 42
-0.00309262 8 4 9 9 391 181 42 42
-0.00309317 8 8 9 9 391 181 42 42
-0.00309344 8 12 9 9 391 181 42 42
-0.00309325 8 16 9 9 391 181 42 42
-0.00309349 8 20 9 9 391 181 42 42
-0.0030934 8 24 9 9 391 181 42 42
-0.00309329 8 28 9 9 391 181 42 42
-0.00309203 12 0 9 9 391 181 42 42
-0.00309254 12 4 9 9 391 181 42 42
-0.00309303 12 8 9 9 391 181 42 42
-0.00309308 12 12 9 9 391 181 42 42
-0.00309311 12 16 9 9 391 181 42 42
-0.00309352 12 20 9 9 391 181 42 42
-0.00309247 12 24 9 9 391 181 42 42
-0.00309268 12 28 9 9 391 181 42 42
-0.00309314 16 0 9 9 391 181 42 42
-0.0030924 16 4 9 9 391 181 42 42
-0.00309234 16 8 9 9 391 181 42 42
-0.00309305 16 12 9 9 391 181 42 42
-0.00309316 16 16 9 9 391 181 42 42
-0.00309349 16 20 9 9 391 181 42 42
-0.00309195 16 24 9 9 391 181 42 42
-0.00309332 16 28 9 9 391 181 42 42
-0.00309321 20 0 9 9 391 181 42 42
-0.00309226 20 4 9 9 391 181 42 42
-0.00309082 20 8 9 9 391 181 42 42
-0.00309131 20 12 9 9 391 181 42 42
-0.00309126 20 16 9 9 391 181 42 42
-0.00309302 20 20 9 9 391 181 42 42
-0.00309272 20 24 9 9 391 181 42 42
-0.00309345 20 28 9 9 391 181 42 42
-0.00309323 24 0 9 9 391 181 42 42
-0.00309183 24 4 9 9 391 181 42 42
-0.00309102 24 8 9 9 391 181 42 42
-0.00309247 24 12 9 9 391 181 42 42
-0.00309289 24 16 9 9 391 181 42 42
-0.00309024 24 20 9 9 391 181 42 42
-0.00309213 24 24 9 9 391 181 42 42
-0.00309285 24 28 9 9 391 181 42 42
-0.00309235 28 0 9 9 391 181 42 42
-0.00309042 28 4 9 9 391 181 42 42
-0.00309145 28 8 9 9 391 181 42 42
-0.00309173 28 12 9 9 391 181 42 42
-0.00309128 28 16 9 9 391 181 42 42
-0.00309273 28 20 9 9 391 181 42 42
-0.00309295 28 24 9 9 391 181 42 42
-0.00309196 28 28 9 9 391 181 42 42
-0.00308994 0 0 9 9 391 181 42 42
-0.00309305 0 4 9 9 391 181 42 42
-0.00309256 0 8 9 9 391 181 42 42
-0.00309155 0 12 9 9 391 181 42 42
-0.00309206 0 16 9 9 391 181 42 42
-0.00309244 0 20 9 9 391 181 42 42
-0.00309219 0 24 9 9 391 181 42 42
-0.00309172 0 28 9 9 391 181 42 42
-0.00309277 4 0 9 9 391 181 42 42
-0.00309282 4 4 9 9 391 181 42 42
-0.00309031 4 8 9 9 391 181 42 42
-0.00309135 4 12 9 9 391 181 42 42
-0.00309286 4 16 9 9 391 181 42 42
-0.00309175 4 20 9 9 391 181 42 42
-0.00309161 4 24 9 9 391 181 42 42
-0.00309173 4 28 9 9 391 181 42 42
-0.00309328 8 0 9 9 391 181 42 42
-0.00309308 8 4 9 9 391 181 42 42
-0.00309157 8 8 9 9 391 181 42 42
-0.00308919 8 12 9 9 391 181 42 42
-0.00308984 8 16 9 9 391 181 42 42
-0.00309302 8 20 9 9 391 181 42 42
-0.003092 8 24 9 9 391 181 42 42
-0.00309256 8 28 9 9 391 181 42 42
-0.00309323 12 0 9 9 391 181 42 42
-0.00309336 12 4 9 9 391 181 42 42
-0.00309329 12 8 9 9 391 181 42 42
-0.00309337 12 12 9 9 391 181 42 42
-0.00309324 12 16 9 9 391 181 42 42
-0.00309325 12 20 9 9 391 181 42 42
-0.00309075 12 24 9 9 391 181 42 42
-0.00309305 12 28 9 9 391 181 42 42
-0.00309324 16 0 9 9 391 181 42 42
-0.00309307 16 4 9 9 391 181 42 42
-0.00309309 16 8 9 9 391 181 42 42
-0.00309174 16 12 9 9 391 181 42 42
-0.00309343 16 16 9 9 391 181 42 42
-0.0030929 16 20 9 9 391 181 42 42
-0.00309207 16 24 9 9 391 181 42 42
-0.00309309 16 28 9 9 391 181 42 42
-0.00309325 20 0 9 9 391 181 42 42
-0.00309144 20 4 9 9 391 181 42 42
-0.00309185 20 8 9 9 391 181 42 42
-0.00309298 20 12 9 9 391 181 42 42
-0.00309325 20 16 9 9 391 181 42 42
-0.00309124 20 20 9 9 391 181 42 42
-0.00308998 20 24 9 9 391 181 42 42
-0.00309151 20 28 9 9 391 181 42 42
-0.00309103 24 0 9 9 391 181 42 42
-0.00308763 24 4 9 9 391 181 42 42
-0.00309215 24 8 9 9 391 181 42 42
-0.00309323 24 12 9 9 391 181 42 42
-0.0030898 24 16 9 9 391 181 42 42
-0.00309106 24 20 9 9 391 181 42 42
-0.00308968 24 24 9 9 391 181 42 42
-0.00309216 24 28 9 9 391 181 42 42
-0.00309186 28 0 9 9 391 181 42 42
-0.00309214 28 4 9 9 391 181 42 42
-0.00309261 28 8 9 9 391 181 42 42
-0.00309249 28 12 9 9 391 181 42 42
-0.00308812 28 16 9 9 391 181 42 42
-0.00308929 28 20 9 9 391 181 42 42
-0.00309138 28 24 9 9 391 181 42 42
-0.0030896 28 28 9 9 391 181 42 42
-0.00309323 0 0 9 9 391 181 42 42
-0.00309344 0 4 9 9 391 181 42 42
-0.00309335 0 8 9 9 391 181 42 42
-0.00309214 0 12 9 9 391 181 42 42
-0.00309015 0 16 9 9 391 181 42 42
-0.00309274 0 20 9 9 391 181 42 42
-0.00309335 0 24 9 9 391 181 42 42
-0.00309349 0 28 9 9 391 181 42 42
-0.00309194 4 0 9 9 391 181 42 42
-0.00309275 4 4 9 9 391 181 42 42
-0.0030934 4 8 9 9 391 181 42 42
-0.00309275 4 12 9 9 391 181 42 42
-0.00309281 4 16 9 9 391 181 42 42
-0.0030928 4 20 9 9 391 181 42 42
-0.0030915 4 24 9 9 391 181 42 42
-0.00309327 4 28 9 9 391 181 42 42
-0.00309308 8 0 9 9 391 181 42 42
-0.00309306 8 4 9 9 391 181 42 42
-0.00309334 8 8 9 9 391 181 42 42
-0.00309353 8 12 9 9 391 181 42 42
-0.00309351 8 16 9 9 391 181 42 42
-0.00309347 8 20 9 9 391 181 42 42
-0.00309286 8 24 9 9 391 181 42 42
-0.00309279 8 28 9 9 391 181 42 42
-0.00309242 12 0 9 9 391 181 42 42
-0.00309237 12 4 9 9 391 181 42 42
-0.00309329 12 8 9 9 391 181 42 42
-0.0030935 12 12 9 9 391 181 42 42
-0.00309343 12 16 9 9 391 181 42 42
-0.00309197 12 20 9 9 391 181 42 42
-0.00309313 12 24 9 9 391 181 42 42
-0.00309316 12 28 9 9 391 181 42 42
-0.00309209 16 0 9 9 391 181 42 42
-0.00309096 16 4 9 9 391 181 42 42
-0.00309135 16 8 9 9 391 181 42 42
-0.00309256 16 12 9 9 391 181 42 42
-0.00309349 16 16 9 9 391 181 42 42
-0.00308962 16 20 9 9 391 181 42 42
-0.00309047 16 24 9 9 391 181 42 42
-0.00309205 16 28 9 9 391 181 42 42
-0.003093 20 0 9 9 391 181 42 42
-0.00308648 20 4 9 9 391 181 42 42
-0.00309174 20 8 9 9 391 181 42 42
-0.00309331 20 12 9 9 391 181 42 42
-0.00309351 20 16 9 9 391 181 42 42
-0.00308671 20 20 9 9 391 181 42 42
-0.00309228 20 24 9 9 391 181 42 42
-0.00309066 20 28 9 9 391 181 42 42
-0.00309317 24 0 9 9 391 181 42 42
-0.00309117 24 4 9 9 391 181 42 42
-0.00309269 24 8 9 9 391 181 42 42
-0.00309343 24 12 9 9 391 181 42 42
-0.00309253 24 16 9 9 391 181 42 42
-0.00308417 24 20 9 9 391 181 42 42
-0.00309233 24 24 9 9 391 181 42 42
-0.00308864 24 28 9 9 391 181 42 42
-0.00309323 28 0 9 9 391 181 42 42
-0.00309281 28 4 9 9 391 181 42 42
-0.00309274 28 8 9 9 391 181 42 42
-0.00309287 28 12 9 9 391 181 42 42
-0.00309295 28 16 9 9 391 181 42 42
-0.00309042 28 20 9 9 391 181 42 42
-0.0030915 28 24 9 9 391 181 42 42
-0.00308877 28 28 9 9 391 181 42 42
-0.00309326 0 0 9 9 391 181 42 42
-0.00309278 0 4 9 9 391 181 42 42
-0.00309154 0 8 9 9 391 181 42 42
-0.00309323 0 12 9 9 391 181 42 42
-0.0030923 0 16 9 9 391 181 42 42
-0.00309257 0 20 9 9 391 181 42 42
-0.00309326 0 24 9 9 391 181 42 42
-0.00309346 0 28 9 9 391 181 42 42
-0.00309284 4 0 9 9 391 181 42 42
-0.00309283 4 4 9 9 391 181 42 42
-0.00309132 4 8 9 9 391 181 42 42
-0.0030931 4 12 9 9 391 181 42 42
-0.00309293 4 16 9 9 391 181 42 42
-0.0030896 4 20 9 9 391 181 42 42
-0.00309176 4 24 9 9 391 181 42 42
-0.00309322 4 28 9 9 391 181 42 42
-0.00309239 8 0 9 9 391 181 42 42
-0.0030923 8 4 9 9 391 181 42 42
-0.003093 8 8 9 9 391 181 42 42
-0.00309241 8 12 9 9 391 181 42 42
-0.0030935 8 16 9 9 391 181 42 42
-0.00309343 8 20 9 9 391 181 42 42
-0.00309334 8 24 9 9 391 181 42 42
-0.00309198 8 28 9 9 391 181 42 42
-0.00309306 12 0 9 9 391 181 42 42
-0.0030909 12 4 9 9 391 181 42 42
-0.00309268 12 8 9 9 391 181 42 42
-0.00309279 12 12 9 9 391 181 42 42
-0.00309193 12 16 9 9 391 181 42 42
-0.00309207 12 20 9 9 391 181 42 42
-0.00309329 12 24 9 9 391 181 42 42
-0.00309317 12 28 9 9 391 181 42 42
-0.00309318 16 0 9 9 391 181 42 42
-0.00309208 16 4 9 9 391 181 42 42
-0.00308994 16 8 9 9 391 181 42 42
-0.00309283 16 12 9 9 391 181 42 42
-0.00309233 16 16 9 9 391 181 42 42
-0.00309076 16 20 9 9 391 181 42 42
-0.00309253 16 24 9 9 391 181 42 42
-0.00309341 16 28 9 9 391 181 42 42
-0.00309325 20 0 9 9 391 181 42 42
-0.00309241 20 4 9 9 391 181 42 42
-0.00309307 20 8 9 9 391 181 42 42
-0.00309339 20 12 9 9 391 181 42 42
-0.00309316 20 16 9 9 391 181 42 42
-0.00308943 20 20 9 9 391 181 42 42
-0.00309317 20 24 9 9 391 181 42 42
-0.00309338 20 28 9 9 391 181 42 42
-0.00309116 24 0 9 9 391 181 42 42
-0.00309238 24 4 9 9 391 181 42 42
-0.00309332 24 8 9 9 391 181 42 42
-0.00309273 24 12 9 9 391 181 42 42
-0.00309171 24 16 9 9 391 181 42 42
-0.00307847 24 20 9 9 391 181 42 42
-0.0030929 24 24 9 9 391 181 42 42
-0.0030934 24 28 9 9 391 181 42 42
-0.00309313 28 0 9 9 391 181 42 42
-0.00309209 28 4 9 9 391 181 42 42
-0.00309324 28 8 9 9 391 181 42 42
-0.00309322 28 12 9 9 391 181 42 42
-0.00309304 28 16 9 9 391 181 42 42
-0.00309327 28 20 9 9 391 181 42 42
-0.00309304 28 24 9 9 391 181 42 42
-0.0030933 28 28 9 9 391 181 42 42
-0.00308729 0 0 14 12 391 181 42 42
-0.00308542 0 6 14 12 391 181 42 42
-0.00308538 0 12 14 12 391 181 42 42
-0.00309173 0 18 14 12 391 181 42 42
-0.00309096 0 24 14 12 391 181 42 42
-0.00309332 0 30 14 12 391 181 42 42
-0.00308618 7 0 14 12 391 181 42 42
-0.00232702 7 6 14 12 391 181 42 42
-0.00309193 7 12 14 12 391 181 42 42
-0.00309264 7 18 14 12 391 181 42 42
-0.0030922 7 24 14 12 391 181 42 42
-0.00309155 7 30 14 12 391 181 42 42
-0.00309027 14 0 14 12 391 181 42 42
-0.00308424 14 6 14 12 391 181 42 42
-0.00309211 14 12 14 12 391 181 42 42
-0.00309125 14 18 14 12 391 181 42 42
-0.00309313 14 24 14 12 391 181 42 42
-0.00309094 14 30 14 12 391 181 42 42
-0.00308748 21 0 14 12 391 181 42 42
-0.00308787 21 6 14 12 391 181 42 42
-0.0030927 21 12 14 12 391 181 42 42
-0.00308685 21 18 14 12 391 181 42 42
-0.00309335 21 24 14 12 391 181 42 42
-0.00309256 21 30 14 12 391 181 42 42
-0.00309063 28 0 14 12 391 181 42 42
-0.00308896 28 6 14 12 391 181 42 42
-0.00309185 28 12 14 12 391 181 42 42
-0.00305508 28 18 14 12 391 181 42 42
-0.0030925 28 24 14 12 391 181 42 42
-0.00309222 28 30 14 12 391 181 42 42
-0.00308926 0 0 14 12 391 181 42 42
-0.00222701 0 6 14 12 391 181 42 42
-0.00308111 0 12 14 12 391 181 42 42
-0.00309142 0 18 14 12 391 181 42 42
-0.00309256 0 24 14 12 391 181 42 42
-0.00309123 0 30 14 12 391 181 42 42
-0.00308828 7 0 14 12 391 181 42 42
-0.00308686 7 6 14 12 391 181 42 42
-0.00119755 7 12 14 12 391 181 42 42
-0.00308499 7 18 14 12 391 181 42 42
-0.0030923 7 24 14 12 391 181 42 42
-0.00309216 7 30 14 12 391 181 42 42
-0.00308618 14 0 14 12 391 181 42 42
-0.00242418 14 6 14 12 391 181 42 42
-0.00308804 14 12 14 12 391 181 42 42
-0.00309111 14 18 14 12 391 181 42 42
-0.00309322 14 24 14 12 391 181 42 42
-0.00309303 14 30 14 12 391 181 42 42
-0.00166228 21 0 14 12 391 181 42 42
-0.00307985 21 6 14 12 391 181 42 42
-0.00309042 21 12 14 12 391 181 42 42
-0.00309306 21 18 14 12 391 181 42 42
-0.00309265 21 24 14 12 391 181 42 42
-0.00309147 21 30 14 12 391 181 42 42
-0.00307712 28 0 14 12 391 181 42 42
-0.00307615 28 6 14 12 391 181 42 42
-0.00309105 28 12 14 12 391 181 42 42
-0.00309316 28 18 14 12 391 181 42 42
-0.00309015 28 24 14 12 391 181 42 42
-0.00309069 28 30 14 12 391 181 42 42
-0.00309293 0 0 14 12 391 181 42 42
-0.00308798 0 6 14 12 391 181 42 42
-0.00308401 0 12 14 12 391 181 42 42
-0.00309184 0 18 14 12 391 181 42 42
-0.00309327 0 24 14 12 391 181 42 42
-0.00309299 0 30 14 12 391 181 42 42
-0.00309145 7 0 14 12 391 181 42 42
-0.00308988 7 6 14 12 391 181 42 42
-0.00185898 7 12 14 12 391 181 42 42
-0.00270091 7 18 14 12 391 181 42 42
-0.00308819 7 24 14 12 391 181 42 42
-0.00309222 7 30 14 12 391 181 42 42
-0.00308253 14 0 14 12 391 181 42 42
-0.00308976 14 6 14 12 391 181 42 42
-0.00308872 14 12 14 12 391 181 42 42
-0.00308452 14 18 14 12 391 181 42 42
-0.00162942 14 24 14 12 391 181 42 42
-0.00308528 14 30 14 12 391 181 42 42
-0.00301254 21 0 14 12 391 181 42 42
-0.00200844 21 6 14 12 391 181 42 42
-0.00283817 21 12 14 12 391 181 42 42
-0.00308482 21 18 14 12 391 181 42 42
-0.00247142 21 24 14 12 391 181 42 42
-0.00308317 21 30 14 12 391 181 42 42
-0.00203275 28 0 14 12 391 181 42 42
-0.00122403 28 6 14 12 391 181 42 42
-0.00307718 28 12 14 12 391 181 42 42
-0.00308242 28 18 14 12 391 181 42 42
-0.00142654 28 24 14 12 391 181 42 42
-0.003082 28 30 14 12 391 181 42 42
-0.00308874 0 0 14 12 391 181 42 42
-0.00308767 0 6 14 12 391 181 42 42
-0.00309011 0 12 14 12 391 181 42 42
-0.00308415 0 18 14 12 391 181 42 42
-0.0013919 0 24 14 12 391 181 42 42
-0.00308072 0 30 14 12 391 181 42 42
-0.00308733 7 0 14 12 391 181 42 42
-0.00308968 7 6 14 12 391 181 42 42
-0.00309084 7 12 14 12 391 181 42 42
-0.00307638 7 18 14 12 391 181 42 42
-0.00272406 7 24 14 12 391 181 42 42
-0.00308231 7 30 14 12 391 181 42 42
-0.00308946 14 0 14 12 391 181 42 42
-0.00309044 14 6 14 12 391 181 42 42
-0.00309269 14 12 14 12 391 181 42 42
-0.00309268 14 18 14 12 391 181 42 42
-0.00309207 14 24 14 12 391 181 42 42
-0.00308921 14 30 14 12 391 181 42 42
-0.00308475 21 0 14 12 391 181 42 42
-0.00307674 21 6 14 12 391 181 42 42
-0.00308581 21 12 14 12 391 181 42 42
-0.00309009 21 18 14 12 391 181 42 42
-0.00309149 21 24 14 12 391 181 42 42
-0.00309198 21 30 14 12 391 181 42 42
-0.00260849 28 0 14 12 391 181 42 42
-0.00308708 28 6 14 12 391 181 42 42
-0.0030777 28 12 14 12 391 181 42 42
-0.00237595 28 18 14 12 391 181 42 42
-0.00308876 28 24 14 12 391 181 42 42
-0.00309252 28 30 14 12 391 181 42 42
-0.00309342 0 0 14 12 391 181 42 42
-0.00309092 0 6 14 12 391 181 42 42
-0.00309202 0 12 14 12 391 181 42 42
-0.00309252 0 18 14 12 391 181 42 42
-0.00309309 0 24 14 12 391 181 42 42
-0.00309331 0 30 14 12 391 181 42 42
-0.00309334 7 0 14 12 391 181 42 42
-0.00307777 7 6 14 12 391 181 42 42
-0.00309243 7 12 14 12 391 181 42 42
-0.0030917 7 18 14 12 391 181 42 42
-0.00309348 7 24 14 12 391 181 42 42
-0.00309203 7 30 14 12 391 181 42 42
-0.00309342 14 0 14 12 391 181 42 42
-0.00309306 14 6 14 12 391 181 42 42
-0.0030928 14 12 14 12 391 181 42 42
-0.0030916 14 18 14 12 391 181 42 42
-0.00309344 14 24 14 12 391 181 42 42
-0.00309164 14 30 14 12 391 181 42 42
-0.00309225 21 0 14 12 391 181 42 42
-0.0030914 21 6 14 12 391 181 42 42
-0.00309262 21 12 14 12 391 181 42 42
-0.00308798 21 18 14 12 391 181 42 42
-0.00309353 21 24 14 12 391 181 42 42
-0.00309205 21 30 14 12 391 181 42 42
-0.00258561 28 0 14 12 391 181 42 42
-0.00309266 28 6 14 12 391 181 42 42
-0.00308872 28 12 14 12 391 181 42 42
-0.00309068 28 18 14 12 391 181 42 42
-0.00309353 28 24 14 12 391 181 42 42
-0.00309198 28 30 14 12 391 181 42 42
-0.00309197 0 0 14 12 391 181 42 42
-0.00308377 0 6 14 12 391 181 42 42
-0.00309123 0 12 14 12 391 181 42 42
-0.00309305 0 18 14 12 391 181 42 42
-0.00308963 0 24 14 12 391 181 42 42
-0.00308951 0 30 14 12 391 181 42 42
-0.00309246 7 0 14 12 391 181 42 42
-0.00309051 7 6 14 12 391 181 42 42
-0.00309126 7 12 14 12 391 181 42 42
-0.00309283 7 18 14 12 391 181 42 42
-0.00309307 7 24 14 12 391 181 42 42
-0.00309313 7 30 14 12 391 181 42 42
-0.00309306 14 0 14 12 391 181 42 42
-0.00309145 14 6 14 12 391 181 42 42
-0.0030921 14 12 14 12 391 181 42 42
-0.00309208 14 18 14 12 391 181 42 42
-0.00308543 14 24 14 12 391 181 42 42
-0.00307863 14 30 14 12 391 181 42 42
-0.00309043 21 0 14 12 391 181 42 42
-0.00309137 21 6 14 12 391 181 42 42
-0.00308959 21 12 14 12 391 181 42 42
-0.00309215 21 18 14 12 391 181 42 42
-0.00309222 21 24 14 12 391 181 42 42
-0.00309231 21 30 14 12 391 181 42 42
-0.00308962 28 0 14 12 391 181 42 42
-0.00309325 28 6 14 12 391 181 42 42
-0.00309276 28 12 14 12 391 181 42 42
-0.00309101 28 18 14 12 391 181 42 42
-0.00309151 28 24 14 12 391 181 42 42
-0.00309274 28 30 14 12 391 181 42 42
-0.00309133 0 0 14 12 391 181 42 42
-0.0030904 0 6 14 12 391 181 42 42
-0.00309309 0 12 14 12 391 181 42 42
-0.00309091 0 18 14 12 391 181 42 42
-0.00309314 0 24 14 12 391 181 42 42
-0.00309246 0 30 14 12 391 181 42 42
-0.00309245 7 0 14 12 391 181 42 42
-0.00309208 7 6 14 12 391 181 42 42
-0.00309319 7 12 14 12 391 181 42 42
-0.00309348 7 18 14 12 391 181 42 42
-0.00309106 7 24 14 12 391 181 42 42
-0.00309344 7 30 14 12 391 181 42 42
-0.00309297 14 0 14 12 391 181 42 42
-0.00309092 14 6 14 12 391 181 42 42
-0.00309069 14 12 14 12 391 181 42 42
-0.00309325 14 18 14 12 391 181 42 42
-0.00309109 14 24 14 12 391 181 42 42
-0.00309346 14 30 14 12 391 181 42 42
-0.0030928 21 0 14 12 391 181 42 42
-0.00309067 21 6 14 12 391 181 42 42
-0.00309206 21 12 14 12 391 181 42 42
-0.00308781 21 18 14 12 391 181 42 42
-0.0030932 21 24 14 12 391 181 42 42
-0.00308929 21 30 14 12 391 181 42 42
-0.00309127 28 0 14 12 391 181 42 42
-0.00309178 28 6 14 12 391 181 42 42
-0.00309189 28 12 14 12 391 181 42 42
-0.00309268 28 18 14 12 391 181 42 42
-0.00309175 28 24 14 12 391 181 42 42
-0.00309161 28 30 14 12 391 181 42 42
-0.00309297 0 0 14 12 391 181 42 42
-0.00308887 0 6 14 12 391 181 42 42
-0.00308688 0 12 14 12 391 181 42 42
-0.00308968 0 18 14 12 391 181 42 42
-0.00308915 0 24 14 12 391 181 42 42
-0.00308572 0 30 14 12 391 181 42 42
-0.00309332 7 0 14 12 391 181 42 42
-0.00309218 7 6 14 12 391 181 42 42
-0.00308792 7 12 14 12 391 181 42 42
-0.00309237 7 18 14 12 391 181 42 42
-0.00308843 7 24 14 12 391 181 42 42
-0.00309237 7 30 14 12 391 181 42 42
-0.00309325 14 0 14 12 391 181 42 42
-0.0030917 14 6 14 12 391 181 42 42
-0.0030912 14 12 14 12 391 181 42 42
-0.00309189 14 18 14 12 391 181 42 42
-0.00308754 14 24 14 12 391 181 42 42
-0.00308939 14 30 14 12 391 181 42 42
-0.0030925 21 0 14 12 391 181 42 42
-0.00308985 21 6 14 12 391 181 42 42
-0.00309282 21 12 14 12 391 181 42 42
-0.00308753 21 18 14 12 391 181 42 42
-0.00308602 21 24 14 12 391 181 42 42
-0.00307985 21 30 14 12 391 181 42 42
-0.00309115 28 0 14 12 391 181 42 42
-0.0030876 28 6 14 12 391 181 42 42
-0.00309138 28 12 14 12 391 181 42 42
-0.00308752 28 18 14 12 391 181 42 42
-0.00307863 28 24 14 12 391 181 42 42
-0.00309199 28 30 14 12 391 181 42 42
-0.00309273 0 0 14 12 391 181 42 42
-0.00309287 0 6 14 12 391 181 42 42
-0.00308998 0 12 14 12 391 181 42 42
-0.00309208 0 18 14 12 391 181 42 42
-0.00309269 0 24 14 12 391 181 42 42
-0.00309268 0 30 14 12 391 181 42 42
-0.00309275 7 0 14 12 391 181 42 42
-0.00309182 7 6 14 12 391 181 42 42
-0.0030931 7 12 14 12 391 181 42 42
-0.00309339 7 18 14 12 391 181 42 42
-0.00309148 7 24 14 12 391 181 42 42
-0.00309225 7 30 14 12 391 181 42 42
-0.00309024 14 0 14 12 391 181 42 42
-0.00308986 14 6 14 12 391 181 42 42
-0.00309315 14 12 14 12 391 181 42 42
-0.00309166 14 18 14 12 391 181 42 42
-0.00309189 14 24 14 12 391 181 42 42
-0.00308624 14 30 14 12 391 181 42 42
-0.00308987 21 0 14 12 391 181 42 42
-0.00309196 21 6 14 12 391 181 42 42
-0.00309349 21 12 14 12 391 181 42 42
-0.00309051 21 18 14 12 391 181 42 42
-0.0030905 21 24 14 12 391 181 42 42
-0.00308283 21 30 14 12 391 181 42 42
-0.00309282 28 0 14 12 391 181 42 42
-0.00309094 28 6 14 12 391 181 42 42
-0.00309203 28 12 14 12 391 181 42 42
-0.00309025 28 18 14 12 391 181 42 42
-0.00308515 28 24 14 12 391 181 42 42
-0.00309005 28 30 14 12 391 181 42 42
-0.00309139 0 0 14 12 391 181 42 42
-0.00308621 0 6 14 12 391 181 42 42
-0.00309288 0 12 14 12 391 181 42 42
-0.00308181 0 18 14 12 391 181 42 42
-0.00309155 0 24 14 12 391 181 42 42
-0.00309254 0 30 14 12 391 181 42 42
-0.00309007 7 0 14 12 391 181 42 42
-0.00309064 7 6 14 12 391 181 42 42
-0.00309293 7 12 14 12 391 181 42 42
-0.00309337 7 18 14 12 391 181 42 42
-0.00309258 7 24 14 12 391 181 42 42
-0.00309104 7 30 14 12 391 181 42 42
-0.00309201 14 0 14 12 391 181 42 42
-0.00308573 14 6 14 12 391 181 42 42
-0.00309289 14 12 14 12 391 181 42 42
-0.00308994 14 18 14 12 391 181 42 42
-0.00309348 14 24 14 12 391 181 42 42
-0.00309196 14 30 14 12 391 181 42 42
-0.00309207 21 0 14 12 391 181 42 42
-0.00309293 21 6 14 12 391 181 42 42
-0.003093 21 12 14 12 391 181 42 42
-0.00308799 21 18 14 12 391 181 42 42
-0.00309347 21 24 14 12 391 181 42 42
-0.00309262 21 30 14 12 391 181 42 42
-0.0030928 28 0 14 12 391 181 42 42
-0.00309267 28 6 14 12 391 181 42 42
-0.00309047 28 12 14 12 391 181 42 42
-0.00309274 28 18 14 12 391 181 42 42
-0.00309163 28 24 14 12 391 181 42 42
-0.00309188 28 30 14 12 391 181 42 42
-0.00227709 0 0 16 16 391 181 42 42
-0.00169347 0 8 16 16 391 181 42 42
-0.00309108 0 16 16 16 391 181 42 42
-0.00309054 0 24 16 16 391 181 42 42
-0.00308491 8 0 16 16 391 181 42 42
-0.00308787 8 8 16 16 391 181 42 42
-0.00309197 8 16 16 16 391 181 42 42
-0.00309079 8 24 16 16 391 181 42 42
-0.00308657 16 0 16 16 391 181 42 42
-0.00309026 16 8 16 16 391 181 42 42
-0.00308991 16 16 16 16 391 181 42 42
-0.00309241 16 24 16 16 391 181 42 42
-0.00308996 24 0 16 16 391 181 42 42
-0.00309177 24 8 16 16 391 181 42 42
-0.00308992 24 16 16 16 391 181 42 42
-0.00309298 24 24 16 16 391 181 42 42
-0.00308455 0 0 16 16 391 181 42 42
-0.0021778 0 8 16 16 391 181 42 42
-0.00308878 0 16 16 16 391 181 42 42
-0.00309246 0 24 16 16 391 181 42 42
-0.00308668 8 0 16 16 391 181 42 42
-0.00180702 8 8 16 16 391 181 42 42
-0.00308822 8 16 16 16 391 181 42 42
-0.00309164 8 24 16 16 391 181 42 42
-0.0017522 16 0 16 16 391 181 42 42
-0.00307988 16 8 16 16 391 181 42 42
-0.00309283 16 16 16 16 391 181 42 42
-0.00309157 16 24 16 16 391 181 42 42
-0.00153227 24 0 16 16 391 181 42 42
-0.00308767 24 8 16 16 391 181 42 42
-0.00309329 24 16 16 16 391 181 42 42
-0.00308452 24 24 16 16 391 181 42 42
-0.00308676 0 0 16 16 391 181 42 42
-0.00225232 0 8 16 16 391 181 42 42
-0.00309082 0 16 16 16 391 181 42 42
-0.0030933 0 24 16 16 391 181 42 42
-0.00308895 8 0 16 16 391 181 42 42
-0.00308668 8 8 16 16 391 181 42 42
-0.00131896 8 16 16 16 391 181 42 42
-0.00308643 8 24 16 16 391 181 42 42
-0.00307767 16 0 16 16 391 181 42 42
-0.00308351 16 8 16 16 391 181 42 42
-0.0030846 16 16 16 16 391 181 42 42
-0.00198461 16 24 16 16 391 181 42 42
-0.00208174 24 0 16 16 391 181 42 42
-0.0010515 24 8 16 16 391 181 42 42
-0.00307938 24 16 16 16 391 181 42 42
-0.00115556 24 24 16 16 391 181 42 42
-0.0030781 0 0 16 16 391 181 42 42
-0.00308961 0 8 16 16 391 181 42 42
-0.00308306 0 16 16 16 391 181 42 42
-0.00159784 0 24 16 16 391 181 42 42
-0.00308963 8 0 16 16 391 181 42 42
-0.00309105 8 8 16 16 391 181 42 42
-0.00308871 8 16 16 16 391 181 42 42
-0.00308625 8 24 16 16 391 181 42 42
-0.00308139 16 0 16 16 391 181 42 42
-0.00308961 16 8 16 16 391 181 42 42
-0.00309219 16 16 16 16 391 181 42 42
-0.00309118 16 24 16 16 391 181 42 42
-0.00128004 24 0 16 16 391 181 42 42
-0.00299132 24 8 16 16 391 181 42 42
-0.00172345 24 16 16 16 391 181 42 42
-0.00309099 24 24 16 16 391 181 42 42
-0.00309124 0 0 16 16 391 181 42 42
-0.00256288 0 8 16 16 391 181 42 42
-0.00309264 0 16 16 16 391 181 42 42
-0.00309277 0 24 16 16 391 181 42 42
-0.00308982 8 0 16 16 391 181 42 42
-0.00308145 8 8 16 16 391 181 42 42
-0.00309071 8 16 16 16 391 181 42 42
-0.00309249 8 24 16 16 391 181 42 42
-0.00309139 16 0 16 16 391 181 42 42
-0.00309247 16 8 16 16 391 181 42 42
-0.00309116 16 16 16 16 391 181 42 42
-0.00309268 16 24 16 16 391 181 42 42
-0.0030889 24 0 16 16 391 181 42 42
-0.00309302 24 8 16 16 391 181 42 42
-0.00309188 24 16 16 16 391 181 42 42
-0.00309308 24 24 16 16 391 181 42 42
-0.00308477 0 0 16 16 391 181 42 42
-0.00296987 0 8 16 16 391 181 42 42
-0.0030932 0 16 16 16 391 181 42 42
-0.00308908 0 24 16 16 391 181 42 42
-0.00309146 8 0 16 16 391 181 42 42
-0.00308698 8 8 16 16 391 181 42 42
-0.00309217 8 16 16 16 391 181 42 42
-0.00309213 8 24 16 16 391 181 42 42
-0.00308639 16 0 16 16 391 181 42 42
-0.00309068 16 8 16 16 391 181 42 42
-0.00309005 16 16 16 16 391 181 42 42
-0.00308417 16 24 16 16 391 181 42 42
-0.00309069 24 0 16 16 391 181 42 42
-0.00309323 24 8 16 16 391 181 42 42
-0.00309344 24 16 16 16 391 181 42 42
-0.00309294 24 24 16 16 391 181 42 42
-0.00309156 0 0 16 16 391 181 42 42
-0.00309307 0 8 16 16 391 181 42 42
-0.00309295 0 16 16 16 391 181 42 42
-0.00309309 0 24 16 16 391 181 42 42
-0.00309243 8 0 16 16 391 181 42 42
-0.00309306 8 8 16 16 391 181 42 42
-0.00309221 8 16 16 16 391 181 42 42
-0.00308809 8 24 16 16 391 181 42 42
-0.00309223 16 0 16 16 391 181 42 42
-0.00308896 16 8 16 16 391 181 42 42
-0.00308948 16 16 16 16 391 181 42 42
-0.00309248 16 24 16 16 391 181 42 42
-0.00309211 24 0 16 16 391 181 42 42
-0.00308336 24 8 16 16 391 181 42 42
-0.00309231 24 16 16 16 391 181 42 42
-0.00309087 24 24 16 16 391 181 42 42
-0.00309284 0 0 16 16 391 181 42 42
-0.00309015 0 8 16 16 391 181 42 42
-0.00308648 0 16 16 16 391 181 42 42
-0.00308727 0 24 16 16 391 181 42 42
-0.00309317 8 0 16 16 391 181 42 42
-0.0030922 8 8 16 16 391 181 42 42
-0.00309214 8 16 16 16 391 181 42 42
-0.00308589 8 24 16 16 391 181 42 42
-0.00309254 16 0 16 16 391 181 42 42
-0.00309195 16 8 16 16 391 181 42 42
-0.00309176 16 16 16 16 391 181 42 42
-0.00276961 16 24 16 16 391 181 42 42
-0.00309223 24 0 16 16 391 181 42 42
-0.0030916 24 8 16 16 391 181 42 42
-0.00308465 24 16 16 16 391 181 42 42
-0.00307801 24 24 16 16 391 181 42 42
-0.00309216 0 0 16 16 391 181 42 42
-0.00307763 0 8 16 16 391 181 42 42
-0.00308811 0 16 16 16 391 181 42 42
-0.00309265 0 24 16 16 391 181 42 42
-0.00308946 8 0 16 16 391 181 42 42
-0.00309299 8 8 16 16 391 181 42 42
-0.00309344 8 16 16 16 391 181 42 42
-0.00309136 8 24 16 16 391 181 42 42
-0.0030857 16 0 16 16 391 181 42 42
-0.00309282 16 8 16 16 391 181 42 42
-0.00309301 16 16 16 16 391 181 42 42
-0.00307972 16 24 16 16 391 181 42 42
-0.00309203 24 0 16 16 391 181 42 42
-0.00309261 24 8 16 16 391 181 42 42
-0.00309133 24 16 16 16 391 181 42 42
-0.00308536 24 24 16 16 391 181 42 42
-0.00308646 0 0 16 16 391 181 42 42
-0.00309138 0 8 16 16 391 181 42 42
-0.00308033 0 16 16 16 391 181 42 42
-0.00309161 0 24 16 16 391 181 42 42
-0.00308601 8 0 16 16 391 181 42 42
-0.00309163 8 8 16 16 391 181 42 42
-0.00309346 8 16 16 16 391 181 42 42
-0.00309127 8 24 16 16 391 181 42 42
-0.0030861 16 0 16 16 391 181 42 42
-0.0030926 16 8 16 16 391 181 42 42
-0.00309094 16 16 16 16 391 181 42 42
-0.00309321 16 24 16 16 391 181 42 42
-0.00309293 24 0 16 16 391 181 42 42
-0.00309207 24 8 16 16 391 181 42 42
-0.00309307 24 16 16 16 391 181 42 42
-0.00309186 24 24 16 16 391 181 42 42
-0.00308259 0 0 28 28 391 181 42 42
-0.00307691 0 14 28 28 391 181 42 42
-0.00309081 14 0 28 28 391 181 42 42
-0.00308886 14 14 28 28 391 181 42 42
-0.00190897 0 0 28 28 391 181 42 42
-0.00309042 0 14 28 28 391 181 42 42
-0.00290484 14 0 28 28 391 181 42 42
-0.00309273 14 14 28 28 391 181 42 42
-0.00178041 0 0 28 28 391 181 42 42
-0.0030833 0 14 28 28 391 181 42 42
-0.00240016 14 0 28 28 391 181 42 42
-0.00110347 14 14 28 28 391 181 42 42
-0.00309069 0 0 28 28 391 181 42 42
-0.00308406 0 14 28 28 391 181 42 42
-0.00307879 14 0 28 28 391 181 42 42
-0.00308915 14 14 28 28 391 181 42 42
-0.00308557 0 0 28 28 391 181 42 42
-0.003087 0 14 28 28 391 181 42 42
-0.00309213 14 0 28 28 391 181 42 42
-0.00309117 14 14 28 28 391 181 42 42
-0.00210664 0 0 28 28 391 181 42 42
-0.00309096 0 14 28 28 391 181 42 42
-0.00308879 14 0 28 28 391 181 42 42
-0.00308546 14 14 28 28 391 181 42 42
-0.00309177 0 0 28 28 391 181 42 42
-0.00308732 0 14 28 28 391 181 42 42
-0.0030895 14 0 28 28 391 181 42 42
-0.00309149 14 14 28 28 391 181 42 42
-0.00309294 0 0 28 28 391 181 42 42
-0.0030804 0 14 28 28 391 181 42 42
-0.003093 14 0 28 28 391 181 42 42
-0.00308899 14 14 28 28 391 181 42 42
-0.00308482 0 0 28 28 391 181 42 42
-0.00308778 0 14 28 28 391 181 42 42
-0.00309231 14 0 28 28 391 181 42 42
-0.00308968 14 14 28 28 391 181 42 42
-0.00308247 0 0 28 28 391 181 42 42
-0.00307706 0 14 28 28 391 181 42 42
-0.00309086 14 0 28 28 391 181 42 42
-0.00308965 14 14 28 28 391 181 42 42
-0.00263138 0 0 42 42 391 181 42 42
-0.00308156 0 0 42 42 391 181 42 42
-0.00149842 0 0 42 42 391 181 42 42
-0.00308629 0 0 42 42 391 181 42 42
-0.00308966 0 0 42 42 391 181 42 42
-0.00156427 0 0 42 42 391 181 42 42
-0.00309221 0 0 42 42 391 181 42 42
-0.00309301 0 0 42 42 391 181 42 42
-0.00309071 0 0 42 42 391 181 42 42
-0.00307696 0 0 42 42 391 181 42 42
