-0.00114577 0 0 29 29 292 156 87 194
-0.0011488 0 14 29 29 292 156 87 194
-0.00114901 0 28 29 29 292 156 87 194
-0.00114873 0 42 29 29 292 156 87 194
-0.00114838 0 56 29 29 292 156 87 194
-0.00114869 0 70 29 29 292 156 87 194
-0.00114904 0 84 29 29 292 156 87 194
-0.00114923 0 98 29 29 292 156 87 194
-0.00114919 0 112 29 29 292 156 87 194
-0.0011483 0 126 29 29 292 156 87 194
-0.00114911 0 140 29 29 292 156 87 194
-0.0011491 0 154 29 29 292 156 87 194
-0.00114884 14 0 29 29 292 156 87 194
-0.00114916 14 14 29 29 292 156 87 194
-0.00114918 14 28 29 29 292 156 87 194
-0.0011489 14 42 29 29 292 156 87 194
-0.00114912 14 56 29 29 292 156 87 194
-0.00114925 14 70 29 29 292 156 87 194
-0.00114923 14 84 29 29 292 156 87 194
-0.00114871 14 98 29 29 292 156 87 194
-0.000901711 14 112 29 29 292 156 87 194
-0.00114906 14 126 29 29 292 156 87 194
-0.00114923 14 140 29 29 292 156 87 194
-0.00114834 14 154 29 29 292 156 87 194
-0.00114912 28 0 29 29 292 156 87 194
-0.00114908 28 14 29 29 292 156 87 194
-0.00114581 28 28 29 29 292 156 87 194
-0.00114437 28 42 29 29 292 156 87 194
-0.0011463 28 56 29 29 292 156 87 194
-0.00114845 28 70 29 29 292 156 87 194
-0.00114901 28 84 29 29 292 156 87 194
-0.00114914 28 98 29 29 292 156 87 194
-0.000739046 28 112 29 29 292 156 87 194
-0.00114892 28 126 29 29 292 156 87 194
-0.00114921 28 140 29 29 292 156 87 194
-0.00114919 28 154 29 29 292 156 87 194
-0.00114914 42 0 29 29 292 156 87 194
-0.00114901 42 14 29 29 292 156 87 194
-0.00114757 42 28 29 29 292 156 87 194
-0.00114735 42 42 29 29 292 156 87 194
-0.00114857 42 56 29 29 292 156 87 194
-0.00114912 42 70 29 29 292 156 87 194
-0.00114888 42 84 29 29 292 156 87 194
-0.00114916 42 98 29 29 292 156 87 194
-0.0011441 42 112 29 29 292 156 87 194
-0.00114728 42 126 29 29 292 156 87 194
-0.00114707 42 140 29 29 292 156 87 194
-0.00114698 42 154 29 29 292 156 87 194
-0.00114897 56 0 29 29 292 156 87 194
-0.00114918 56 14 29 29 292 156 87 194
-0.00114911 56 28 29 29 292 156 87 194
-0.00114915 56 42 29 29 292 156 87 194
-0.00114924 56 56 29 29 292 156 87 194
-0.00114906 56 70 29 29 292 156 87 194
-0.00114923 56 84 29 29 292 156 87 194
-0.00114925 56 98 29 29 292 156 87 194
-0.00114911 56 112 29 29 292 156 87 194
-0.00103147 56 126 29 29 292 156 87 194
-0.00114367 56 140 29 29 292 156 87 194
-0.00114628 56 154 29 29 292 156 87 194
-0.00114783 0 0 29 29 292 156 87 194
-0.00114909 0 14 29 29 292 156 87 194
-0.00114923 0 28 29 29 292 156 87 194
-0.00114923 0 42 29 29 292 156 87 194
-0.00114913 0 56 29 29 292 156 87 194
-0.00114914 0 70 29 29 292 156 87 194
-0.00114922 0 84 29 29 292 156 87 194
-0.00114927 0 98 29 29 292 156 87 194
-0.0011492 0 112 29 29 292 156 87 194
-0.00114842 0 126 29 29 292 156 87 194
-0.00114914 0 140 29 29 292 156 87 194
-0.00114915 0 154 29 29 292 156 87 194
-0.00114891 14 0 29 29 292 156 87 194
-0.00114922 14 14 29 29 292 156 87 194
-0.00114917 14 28 29 29 292 156 87 194
-0.00114865 14 42 29 29 292 156 87 194
-0.00114921 14 56 29 29 292 156 87 194
-0.00114927 14 70 29 29 292 156 87 194
-0.00114908 14 84 29 29 292 156 87 194
-0.00114849 14 98 29 29 292 156 87 194
-0.00114819 14 112 29 29 292 156 87 194
-0.00114778 14 126 29 29 292 156 87 194
-0.00114927 14 140 29 29 292 156 87 194
-0.00114891 14 154 29 29 292 156 87 194
-0.00114882 28 0 29 29 292 156 87 194
-0.00114908 28 14 29 29 292 156 87 194
-0.00114706 28 28 29 29 292 156 87 194
-0.00106613 28 42 29 29 292 156 87 194
-0.00114855 28 56 29 29 292 156 87 194
-0.00114738 28 70 29 29 292 156 87 194
-0.0011483 28 84 29 29 292 156 87 194
-0.00114866 28 98 29 29 292 156 87 194
-0.00114748 28 112 29 29 292 156 87 194
-0.0011468 28 126 29 29 292 156 87 194
-0.00114914 28 140 29 29 292 156 87 194
-0.00114925 28 154 29 29 292 156 87 194
-0.00114858 42 0 29 29 292 156 87 194
-0.0011491 42 14 29 29 292 156 87 194
-0.00114916 42 28 29 29 292 156 87 194
-0.00114884 42 42 29 29 292 156 87 194
-0.00114855 42 56 29 29 292 156 87 194
-0.00114663 42 70 29 29 292 156 87 194
-0.00114342 42 84 29 29 292 156 87 194
-0.00114597 42 98 29 29 292 156 87 194
-0.0011482 42 112 29 29 292 156 87 194
-0.00114769 42 126 29 29 292 156 87 194
-0.00114626 42 140 29 29 292 156 87 194
-0.00114388 42 154 29 29 292 156 87 194
-0.00114799 56 0 29 29 292 156 87 194
-0.00114896 56 14 29 29 292 156 87 194
-0.00114919 56 28 29 29 292 156 87 194
-0.00114927 56 42 29 29 292 156 87 194
-0.00114929 56 56 29 29 292 156 87 194
-0.00114926 56 70 29 29 292 156 87 194
-0.00114916 56 84 29 29 292 156 87 194
-0.00114891 56 98 29 29 292 156 87 194
-0.00114748 56 112 29 29 292 156 87 194
-0.0011465 56 126 29 29 292 156 87 194
-0.00114509 56 140 29 29 292 156 87 194
-0.00114628 56 154 29 29 292 156 87 194
-0.00114925 0 0 29 29 292 156 87 194
-0.00114927 0 14 29 29 292 156 87 194
-0.00114924 0 28 29 29 292 156 87 194
-0.00114903 0 42 29 29 292 156 87 194
-0.00114847 0 56 29 29 292 156 87 194
-0.00114819 0 70 29 29 292 156 87 194
-0.00114856 0 84 29 29 292 156 87 194
-0.00114749 0 98 29 29 292 156 87 194
-0.000814113 0 112 29 29 292 156 87 194
-0.00113492 0 126 29 29 292 156 87 194
-0.00114671 0 140 29 29 292 156 87 194
-0.00114803 0 154 29 29 292 156 87 194
-0.00114917 14 0 29 29 292 156 87 194
-0.00114917 14 14 29 29 292 156 87 194
-0.00114907 14 28 29 29 292 156 87 194
-0.00114873 14 42 29 29 292 156 87 194
-0.00114832 14 56 29 29 292 156 87 194
-0.00114771 14 70 29 29 292 156 87 194
-0.00110921 14 84 29 29 292 156 87 194
-0.000996761 14 98 29 29 292 156 87 194
-0.000592626 14 112 29 29 292 156 87 194
-0.00082308 14 126 29 29 292 156 87 194
-0.0011478 14 140 29 29 292 156 87 194
-0.00114867 14 154 29 29 292 156 87 194
-0.00114909 28 0 29 29 292 156 87 194
-0.00114901 28 14 29 29 292 156 87 194
-0.00114922 28 28 29 29 292 156 87 194
-0.00114903 28 42 29 29 292 156 87 194
-0.0011474 28 56 29 29 292 156 87 194
-0.000961775 28 70 29 29 292 156 87 194
-0.00114489 28 84 29 29 292 156 87 194
-0.000857693 28 98 29 29 292 156 87 194
-0.00114505 28 112 29 29 292 156 87 194
-0.00114744 28 126 29 29 292 156 87 194
-0.00114876 28 140 29 29 292 156 87 194
-0.00114912 28 154 29 29 292 156 87 194
-0.00114905 42 0 29 29 292 156 87 194
-0.00114879 42 14 29 29 292 156 87 194
-0.00114925 42 28 29 29 292 156 87 194
-0.00114919 42 42 29 29 292 156 87 194
-0.00114839 42 56 29 29 292 156 87 194
-0.00114586 42 70 29 29 292 156 87 194
-0.00114744 42 84 29 29 292 156 87 194
-0.00114735 42 98 29 29 292 156 87 194
-0.00114386 42 112 29 29 292 156 87 194
-0.00114771 42 126 29 29 292 156 87 194
-0.00114871 42 140 29 29 292 156 87 194
-0.00114843 42 154 29 29 292 156 87 194
-0.00114856 56 0 29 29 292 156 87 194
-0.00114909 56 14 29 29 292 156 87 194
-0.00114925 56 28 29 29 292 156 87 194
-0.00114909 56 42 29 29 292 156 87 194
-0.00114768 56 56 29 29 292 156 87 194
-0.0011482 56 70 29 29 292 156 87 194
-0.00114906 56 84 29 29 292 156 87 194
-0.00114915 56 98 29 29 292 156 87 194
-0.00114886 56 112 29 29 292 156 87 194
-0.00114525 56 126 29 29 292 156 87 194
-0.00114693 56 140 29 29 292 156 87 194
-0.00114836 56 154 29 29 292 156 87 194
-0.00114919 0 0 29 29 292 156 87 194
-0.00114925 0 14 29 29 292 156 87 194
-0.00114924 0 28 29 29 292 156 87 194
-0.00114903 0 42 29 29 292 156 87 194
-0.00114541 0 56 29 29 292 156 87 194
-0.00114828 0 70 29 29 292 156 87 194
-0.00114895 0 84 29 29 292 156 87 194
-0.00114867 0 98 29 29 292 156 87 194
-0.00114672 0 112 29 29 292 156 87 194
-0.000910248 0 126 29 29 292 156 87 194
-0.00114732 0 140 29 29 292 156 87 194
-0.00114911 0 154 29 29 292 156 87 194
-0.00114884 14 0 29 29 292 156 87 194
-0.00114863 14 14 29 29 292 156 87 194
-0.00114854 14 28 29 29 292 156 87 194
-0.00114698 14 42 29 29 292 156 87 194
-0.000935789 14 56 29 29 292 156 87 194
-0.000718454 14 70 29 29 292 156 87 194
-0.000696905 14 84 29 29 292 156 87 194
-0.000567374 14 98 29 29 292 156 87 194
-0.00114394 14 112 29 29 292 156 87 194
-0.00114472 14 126 29 29 292 156 87 194
-0.00114775 14 140 29 29 292 156 87 194
-0.00114915 14 154 29 29 292 156 87 194
-0.00114734 28 0 29 29 292 156 87 194
-0.00114511 28 14 29 29 292 156 87 194
-0.00114635 28 28 29 29 292 156 87 194
-0.00114804 28 42 29 29 292 156 87 194
-0.00114734 28 56 29 29 292 156 87 194
-0.00114532 28 70 29 29 292 156 87 194
-0.000778239 28 84 29 29 292 156 87 194
-0.000849041 28 98 29 29 292 156 87 194
-0.000584399 28 112 29 29 292 156 87 194
-0.00114649 28 126 29 29 292 156 87 194
-0.00114838 28 140 29 29 292 156 87 194
-0.00114901 28 154 29 29 292 156 87 194
-0.00114919 42 0 29 29 292 156 87 194
-0.00114832 42 14 29 29 292 156 87 194
-0.00112634 42 28 29 29 292 156 87 194
-0.00114785 42 42 29 29 292 156 87 194
-0.00114817 42 56 29 29 292 156 87 194
-0.00114824 42 70 29 29 292 156 87 194
-0.00114693 42 84 29 29 292 156 87 194
-0.000758977 42 98 29 29 292 156 87 194
-0.00104855 42 112 29 29 292 156 87 194
-0.00111768 42 126 29 29 292 156 87 194
-0.00114859 42 140 29 29 292 156 87 194
-0.00114874 42 154 29 29 292 156 87 194
-0.0011491 56 0 29 29 292 156 87 194
-0.00114922 56 14 29 29 292 156 87 194
-0.00114923 56 28 29 29 292 156 87 194
-0.00114835 56 42 29 29 292 156 87 194
-0.00114859 56 56 29 29 292 156 87 194
-0.00114917 56 70 29 29 292 156 87 194
-0.00114921 56 84 29 29 292 156 87 194
-0.00114916 56 98 29 29 292 156 87 194
-0.00114871 56 112 29 29 292 156 87 194
-0.00114391 56 126 29 29 292 156 87 194
-0.00114618 56 140 29 29 292 156 87 194
-0.00114807 56 154 29 29 292 156 87 194
-0.00114917 0 0 29 29 292 156 87 194
-0.00114924 0 14 29 29 292 156 87 194
-0.00114924 0 28 29 29 292 156 87 194
-0.001149 0 42 29 29 292 156 87 194
-0.0011484 0 56 29 29 292 156 87 194
-0.00114702 0 70 29 29 292 156 87 194
-0.00114807 0 84 29 29 292 156 87 194
-0.00114918 0 98 29 29 292 156 87 194
-0.00114904 0 112 29 29 292 156 87 194
-0.00114704 0 126 29 29 292 156 87 194
-0.00114916 0 140 29 29 292 156 87 194
-0.00114921 0 154 29 29 292 156 87 194
-0.00114891 14 0 29 29 292 156 87 194
-0.00114926 14 14 29 29 292 156 87 194
-0.00114924 14 28 29 29 292 156 87 194
-0.00114922 14 42 29 29 292 156 87 194
-0.00114902 14 56 29 29 292 156 87 194
-0.00114921 14 70 29 29 292 156 87 194
-0.00114927 14 84 29 29 292 156 87 194
-0.0011492 14 98 29 29 292 156 87 194
-0.00114414 14 112 29 29 292 156 87 194
-0.00065256 14 126 29 29 292 156 87 194
-0.00114928 14 140 29 29 292 156 87 194
-0.00114911 14 154 29 29 292 156 87 194
-0.00114911 28 0 29 29 292 156 87 194
-0.00114924 28 14 29 29 292 156 87 194
-0.00114911 28 28 29 29 292 156 87 194
-0.00114879 28 42 29 29 292 156 87 194
-0.00114805 28 56 29 29 292 156 87 194
-0.00114706 28 70 29 29 292 156 87 194
-0.00114854 28 84 29 29 292 156 87 194
-0.00114909 28 98 29 29 292 156 87 194
-0.000599136 28 112 29 29 292 156 87 194
-0.00114374 28 126 29 29 292 156 87 194
-0.00114922 28 140 29 29 292 156 87 194
-0.00114925 28 154 29 29 292 156 87 194
-0.00114873 42 0 29 29 292 156 87 194
-0.00114846 42 14 29 29 292 156 87 194
-0.00114758 42 28 29 29 292 156 87 194
-0.00114885 42 42 29 29 292 156 87 194
-0.00114854 42 56 29 29 292 156 87 194
-0.00114852 42 70 29 29 292 156 87 194
-0.00114875 42 84 29 29 292 156 87 194
-0.00114908 42 98 29 29 292 156 87 194
-0.000866469 42 112 29 29 292 156 87 194
-0.00114535 42 126 29 29 292 156 87 194
-0.000875476 42 140 29 29 292 156 87 194
-0.000641225 42 154 29 29 292 156 87 194
-0.00114876 56 0 29 29 292 156 87 194
-0.00114902 56 14 29 29 292 156 87 194
-0.00114862 56 28 29 29 292 156 87 194
-0.00114897 56 42 29 29 292 156 87 194
-0.00114919 56 56 29 29 292 156 87 194
-0.00114881 56 70 29 29 292 156 87 194
-0.0011491 56 84 29 29 292 156 87 194
-0.00114925 56 98 29 29 292 156 87 194
-0.00114911 56 112 29 29 292 156 87 194
-0.00114514 56 126 29 29 292 156 87 194
-0.000576138 56 140 29 29 292 156 87 194
-0.000840284 56 154 29 29 292 156 87 194
-0.00114902 0 0 29 29 292 156 87 194
-0.00114766 0 14 29 29 292 156 87 194
-0.00114903 0 28 29 29 292 156 87 194
-0.00114912 0 42 29 29 292 156 87 194
-0.00114858 0 56 29 29 292 156 87 194
-0.00114775 0 70 29 29 292 156 87 194
-0.00114874 0 84 29 29 292 156 87 194
-0.00114917 0 98 29 29 292 156 87 194
-0.00114924 0 112 29 29 292 156 87 194
-0.00114901 0 126 29 29 292 156 87 194
-0.00114921 0 140 29 29 292 156 87 194
-0.00114916 0 154 29 29 292 156 87 194
-0.00114885 14 0 29 29 292 156 87 194
-0.00114905 14 14 29 29 292 156 87 194
-0.00114919 14 28 29 29 292 156 87 194
-0.00114916 14 42 29 29 292 156 87 194
-0.00114899 14 56 29 29 292 156 87 194
-0.00114919 14 70 29 29 292 156 87 194
-0.00114927 14 84 29 29 292 156 87 194
-0.00114924 14 98 29 29 292 156 87 194
-0.00114812 14 112 29 29 292 156 87 194
-0.00114857 14 126 29 29 292 156 87 194
-0.00114925 14 140 29 29 292 156 87 194
-0.00114864 14 154 29 29 292 156 87 194
-0.0011492 28 0 29 29 292 156 87 194
-0.00114922 28 14 29 29 292 156 87 194
-0.00114889 28 28 29 29 292 156 87 194
-0.00114778 28 42 29 29 292 156 87 194
-0.00114831 28 56 29 29 292 156 87 194
-0.00114772 28 70 29 29 292 156 87 194
-0.00114895 28 84 29 29 292 156 87 194
-0.00114914 28 98 29 29 292 156 87 194
-0.00114427 28 112 29 29 292 156 87 194
-0.00114885 28 126 29 29 292 156 87 194
-0.00114923 28 140 29 29 292 156 87 194
-0.00114923 28 154 29 29 292 156 87 194
-0.00114912 42 0 29 29 292 156 87 194
-0.00114897 42 14 29 29 292 156 87 194
-0.00114622 42 28 29 29 292 156 87 194
-0.00114841 42 42 29 29 292 156 87 194
-0.00114898 42 56 29 29 292 156 87 194
-0.00114886 42 70 29 29 292 156 87 194
-0.00114903 42 84 29 29 292 156 87 194
-0.00114913 42 98 29 29 292 156 87 194
-0.00114451 42 112 29 29 292 156 87 194
-0.00114753 42 126 29 29 292 156 87 194
-0.00114466 42 140 29 29 292 156 87 194
-0.00114584 42 154 29 29 292 156 87 194
-0.00114904 56 0 29 29 292 156 87 194
-0.0011492 56 14 29 29 292 156 87 194
-0.00114901 56 28 29 29 292 156 87 194
-0.0011491 56 42 29 29 292 156 87 194
-0.00114922 56 56 29 29 292 156 87 194
-0.00114902 56 70 29 29 292 156 87 194
-0.00114923 56 84 29 29 292 156 87 194
-0.00114924 56 98 29 29 292 156 87 194
-0.0011492 56 112 29 29 292 156 87 194
-0.00114469 56 126 29 29 292 156 87 194
-0.000728763 56 140 29 29 292 156 87 194
-0.00114497 56 154 29 29 292 156 87 194
-0.00114881 0 0 29 29 292 156 87 194
-0.00114895 0 14 29 29 292 156 87 194
-0.00114914 0 28 29 29 292 156 87 194
-0.00114912 0 42 29 29 292 156 87 194
-0.00114906 0 56 29 29 292 156 87 194
-0.00114918 0 70 29 29 292 156 87 194
-0.00114921 0 84 29 29 292 156 87 194
-0.00114924 0 98 29 29 292 156 87 194
-0.00114919 0 112 29 29 292 156 87 194
-0.00114892 0 126 29 29 292 156 87 194
-0.00114862 0 140 29 29 292 156 87 194
-0.00114855 0 154 29 29 292 156 87 194
-0.00114909 14 0 29 29 292 156 87 194
-0.00114915 14 14 29 29 292 156 87 194
-0.00114919 14 28 29 29 292 156 87 194
-0.00114893 14 42 29 29 292 156 87 194
-0.00114897 14 56 29 29 292 156 87 194
-0.00114918 14 70 29 29 292 156 87 194
-0.00114837 14 84 29 29 292 156 87 194
-0.00114594 14 98 29 29 292 156 87 194
-0.00114428 14 112 29 29 292 156 87 194
-0.00114915 14 126 29 29 292 156 87 194
-0.00114856 14 140 29 29 292 156 87 194
-0.00114865 14 154 29 29 292 156 87 194
-0.00114902 28 0 29 29 292 156 87 194
-0.00114873 28 14 29 29 292 156 87 194
-0.00114807 28 28 29 29 292 156 87 194
-0.00114696 28 42 29 29 292 156 87 194
-0.000884315 28 56 29 29 292 156 87 194
-0.00114652 28 70 29 29 292 156 87 194
-0.00114865 28 84 29 29 292 156 87 194
-0.00114865 28 98 29 29 292 156 87 194
-0.000978991 28 112 29 29 292 156 87 194
-0.00114902 28 126 29 29 292 156 87 194
-0.0011484 28 140 29 29 292 156 87 194
-0.0011486 28 154 29 29 292 156 87 194
-0.0011492 42 0 29 29 292 156 87 194
-0.00114913 42 14 29 29 292 156 87 194
-0.00114675 42 28 29 29 292 156 87 194
-0.00114571 42 42 29 29 292 156 87 194
-0.00114875 42 56 29 29 292 156 87 194
-0.00114883 42 70 29 29 292 156 87 194
-0.00114875 42 84 29 29 292 156 87 194
-0.00114844 42 98 29 29 292 156 87 194
-0.00052277 42 112 29 29 292 156 87 194
-0.00114591 42 126 29 29 292 156 87 194
-0.00114793 42 140 29 29 292 156 87 194
-0.00114603 42 154 29 29 292 156 87 194
-0.00114912 56 0 29 29 292 156 87 194
-0.00114923 56 14 29 29 292 156 87 194
-0.00114896 56 28 29 29 292 156 87 194
-0.00114916 56 42 29 29 292 156 87 194
-0.00114926 56 56 29 29 292 156 87 194
-0.00114918 56 70 29 29 292 156 87 194
-0.00114927 56 84 29 29 292 156 87 194
-0.00114926 56 98 29 29 292 156 87 194
-0.00114885 56 112 29 29 292 156 87 194
-0.000686308 56 126 29 29 292 156 87 194
-0.00114686 56 140 29 29 292 156 87 194
-0.00114819 56 154 29 29 292 156 87 194
-0.00114892 0 0 29 29 292 156 87 194
-0.00114913 0 14 29 29 292 156 87 194
-0.00114921 0 28 29 29 292 156 87 194
-0.00114917 0 42 29 29 292 156 87 194
-0.00114922 0 56 29 29 292 156 87 194
-0.00114927 0 70 29 29 292 156 87 194
-0.00114926 0 84 29 29 292 156 87 194
-0.00114927 0 98 29 29 292 156 87 194
-0.00114919 0 112 29 29 292 156 87 194
-0.00114919 0 126 29 29 292 156 87 194
-0.00114906 0 140 29 29 292 156 87 194
-0.00114908 0 154 29 29 292 156 87 194
-0.00114919 14 0 29 29 292 156 87 194
-0.00114919 14 14 29 29 292 156 87 194
-0.00114855 14 28 29 29 292 156 87 194
-0.00114856 14 42 29 29 292 156 87 194
-0.00114905 14 56 29 29 292 156 87 194
-0.00114835 14 70 29 29 292 156 87 194
-0.000953085 14 84 29 29 292 156 87 194
-0.00047495 14 98 29 29 292 156 87 194
-0.000831807 14 112 29 29 292 156 87 194
-0.00114925 14 126 29 29 292 156 87 194
-0.0011486 14 140 29 29 292 156 87 194
-0.00114896 14 154 29 29 292 156 87 194
-0.00114854 28 0 29 29 292 156 87 194
-0.00114465 28 14 29 29 292 156 87 194
-0.00114494 28 28 29 29 292 156 87 194
-0.00114619 28 42 29 29 292 156 87 194
-0.000663593 28 56 29 29 292 156 87 194
-0.00114747 28 70 29 29 292 156 87 194
-0.00114843 28 84 29 29 292 156 87 194
-0.00114801 28 98 29 29 292 156 87 194
-0.00101422 28 112 29 29 292 156 87 194
-0.00114902 28 126 29 29 292 156 87 194
-0.00114916 28 140 29 29 292 156 87 194
-0.00114911 28 154 29 29 292 156 87 194
-0.00114922 42 0 29 29 292 156 87 194
-0.00114911 42 14 29 29 292 156 87 194
-0.00114685 42 28 29 29 292 156 87 194
-0.00114557 42 42 29 29 292 156 87 194
-0.00114619 42 56 29 29 292 156 87 194
-0.00114861 42 70 29 29 292 156 87 194
-0.00114765 42 84 29 29 292 156 87 194
-0.00114723 42 98 29 29 292 156 87 194
-0.000787415 42 112 29 29 292 156 87 194
-0.00092721 42 126 29 29 292 156 87 194
-0.00109208 42 140 29 29 292 156 87 194
-0.00114728 42 154 29 29 292 156 87 194
-0.001149 56 0 29 29 292 156 87 194
-0.00114922 56 14 29 29 292 156 87 194
-0.0011489 56 28 29 29 292 156 87 194
-0.00114865 56 42 29 29 292 156 87 194
-0.00114922 56 56 29 29 292 156 87 194
-0.00114911 56 70 29 29 292 156 87 194
-0.00114915 56 84 29 29 292 156 87 194
-0.00114899 56 98 29 29 292 156 87 194
-0.00114748 56 112 29 29 292 156 87 194
-0.00114611 56 126 29 29 292 156 87 194
-0.00114626 56 140 29 29 292 156 87 194
-0.00114712 56 154 29 29 292 156 87 194
-0.00114869 0 0 29 29 292 156 87 194
-0.0011492 0 14 29 29 292 156 87 194
-0.00114924 0 28 29 29 292 156 87 194
-0.0011489 0 42 29 29 292 156 87 194
-0.00114921 0 56 29 29 292 156 87 194
-0.00114926 0 70 29 29 292 156 87 194
-0.00114878 0 84 29 29 292 156 87 194
-0.00114916 0 98 29 29 292 156 87 194
-0.00114909 0 112 29 29 292 156 87 194
-0.00114824 0 126 29 29 292 156 87 194
-0.00114898 0 140 29 29 292 156 87 194
-0.00114896 0 154 29 29 292 156 87 194
-0.00114904 14 0 29 29 292 156 87 194
-0.00114916 14 14 29 29 292 156 87 194
-0.00114894 14 28 29 29 292 156 87 194
-0.00114923 14 42 29 29 292 156 87 194
-0.00114927 14 56 29 29 292 156 87 194
-0.00114909 14 70 29 29 292 156 87 194
-0.00114629 14 84 29 29 292 156 87 194
-0.000541152 14 98 29 29 292 156 87 194
-0.00574342 14 112 29 29 292 156 87 194
-0.001149 14 126 29 29 292 156 87 194
-0.00114921 14 140 29 29 292 156 87 194
-0.00114818 14 154 29 29 292 156 87 194
-0.00114886 28 0 29 29 292 156 87 194
-0.0011483 28 14 29 29 292 156 87 194
-0.00114652 28 28 29 29 292 156 87 194
-0.00104001 28 42 29 29 292 156 87 194
-0.00114768 28 56 29 29 292 156 87 194
-0.00114917 28 70 29 29 292 156 87 194
-0.00114918 28 84 29 29 292 156 87 194
-0.00114921 28 98 29 29 292 156 87 194
-0.00114616 28 112 29 29 292 156 87 194
-0.001149 28 126 29 29 292 156 87 194
-0.00114919 28 140 29 29 292 156 87 194
-0.00114893 28 154 29 29 292 156 87 194
-0.00114917 42 0 29 29 292 156 87 194
-0.00114914 42 14 29 29 292 156 87 194
-0.00114887 42 28 29 29 292 156 87 194
-0.00114769 42 42 29 29 292 156 87 194
-0.00114876 42 56 29 29 292 156 87 194
-0.00114923 42 70 29 29 292 156 87 194
-0.00114882 42 84 29 29 292 156 87 194
-0.00114919 42 98 29 29 292 156 87 194
-0.00114671 42 112 29 29 292 156 87 194
-0.00114822 42 126 29 29 292 156 87 194
-0.00114902 42 140 29 29 292 156 87 194
-0.00114886 42 154 29 29 292 156 87 194
-0.00114877 56 0 29 29 292 156 87 194
-0.00114915 56 14 29 29 292 156 87 194
-0.00114918 56 28 29 29 292 156 87 194
-0.00114919 56 42 29 29 292 156 87 194
-0.00114925 56 56 29 29 292 156 87 194
-0.00114905 56 70 29 29 292 156 87 194
-0.00114926 56 84 29 29 292 156 87 194
-0.00114914 56 98 29 29 292 156 87 194
-0.00114908 56 112 29 29 292 156 87 194
-0.00114681 56 126 29 29 292 156 87 194
-0.00114716 56 140 29 29 292 156 87 194
-0.00114674 56 154 29 29 292 156 87 194
-0.0011489 0 0 29 29 292 156 87 194
-0.00114892 0 14 29 29 292 156 87 194
-0.00114914 0 28 29 29 292 156 87 194
-0.00114873 0 42 29 29 292 156 87 194
-0.00114883 0 56 29 29 292 156 87 194
-0.00114919 0 70 29 29 292 156 87 194
-0.00114788 0 84 29 29 292 156 87 194
-0.00114903 0 98 29 29 292 156 87 194
-0.00114903 0 112 29 29 292 156 87 194
-0.00114773 0 126 29 29 292 156 87 194
-0.00114876 0 140 29 29 292 156 87 194
-0.00114883 0 154 29 29 292 156 87 194
-0.00114889 14 0 29 29 292 156 87 194
-0.00114922 14 14 29 29 292 156 87 194
-0.00114905 14 28 29 29 292 156 87 194
-0.00114917 14 42 29 29 292 156 87 194
-0.00114913 14 56 29 29 292 156 87 194
-0.00114925 14 70 29 29 292 156 87 194
-0.00114849 14 84 29 29 292 156 87 194
-0.00114557 14 98 29 29 292 156 87 194
-0.000944275 14 112 29 29 292 156 87 194
-0.00114875 14 126 29 29 292 156 87 194
-0.00114923 14 140 29 29 292 156 87 194
-0.00114696 14 154 29 29 292 156 87 194
-0.00114901 28 0 29 29 292 156 87 194
-0.00114901 28 14 29 29 292 156 87 194
-0.00114785 28 28 29 29 292 156 87 194
-0.0011486 28 42 29 29 292 156 87 194
-0.0011483 28 56 29 29 292 156 87 194
-0.00114879 28 70 29 29 292 156 87 194
-0.00114902 28 84 29 29 292 156 87 194
-0.0011492 28 98 29 29 292 156 87 194
-0.00110068 28 112 29 29 292 156 87 194
-0.00114878 28 126 29 29 292 156 87 194
-0.00114921 28 140 29 29 292 156 87 194
-0.00114905 28 154 29 29 292 156 87 194
-0.00114892 42 0 29 29 292 156 87 194
-0.0011489 42 14 29 29 292 156 87 194
-0.00114901 42 28 29 29 292 156 87 194
-0.00114915 42 42 29 29 292 156 87 194
-0.00114851 42 56 29 29 292 156 87 194
-0.00114918 42 70 29 29 292 156 87 194
-0.00114886 42 84 29 29 292 156 87 194
-0.00114925 42 98 29 29 292 156 87 194
-0.00114573 42 112 29 29 292 156 87 194
-0.00114769 42 126 29 29 292 156 87 194
-0.00114657 42 140 29 29 292 156 87 194
-0.00114735 42 154 29 29 292 156 87 194
-0.00114891 56 0 29 29 292 156 87 194
-0.00114879 56 14 29 29 292 156 87 194
-0.00114901 56 28 29 29 292 156 87 194
-0.0011492 56 42 29 29 292 156 87 194
-0.0011492 56 56 29 29 292 156 87 194
-0.00114875 56 70 29 29 292 156 87 194
-0.00114916 56 84 29 29 292 156 87 194
-0.00114923 56 98 29 29 292 156 87 194
-0.00114914 56 112 29 29 292 156 87 194
-0.00114826 56 126 29 29 292 156 87 194
-0.00107482 56 140 29 29 292 156 87 194
-0.00114709 56 154 29 29 292 156 87 194
-0.00114804 0 0 34 43 292 156 87 194
-0.00114881 0 21 34 43 292 156 87 194
-0.00114854 0 42 34 43 292 156 87 194
-0.00114871 0 63 34 43 292 156 87 194
-0.00114917 0 84 34 43 292 156 87 194
-0.00114919 0 105 34 43 292 156 87 194
-0.00114895 0 126 34 43 292 156 87 194
-0.00114914 0 147 34 43 292 156 87 194
-0.00114906 17 0 34 43 292 156 87 194
-0.00114912 17 21 34 43 292 156 87 194
-0.00114894 17 42 34 43 292 156 87 194
-0.00114902 17 63 34 43 292 156 87 194
-0.00114876 17 84 34 43 292 156 87 194
-0.00114541 17 105 34 43 292 156 87 194
-0.00114916 17 126 34 43 292 156 87 194
-0.00114918 17 147 34 43 292 156 87 194
-0.0011488 34 0 34 43 292 156 87 194
-0.00114839 34 21 34 43 292 156 87 194
-0.000768741 34 42 34 43 292 156 87 194
-0.0011467 34 63 34 43 292 156 87 194
-0.00114792 34 84 34 43 292 156 87 194
-0.00114732 34 105 34 43 292 156 87 194
-0.00114885 34 126 34 43 292 156 87 194
-0.00114925 34 147 34 43 292 156 87 194
-0.00114903 51 0 34 43 292 156 87 194
-0.00114917 51 21 34 43 292 156 87 194
-0.00114916 51 42 34 43 292 156 87 194
-0.00114902 51 63 34 43 292 156 87 194
-0.00114923 51 84 34 43 292 156 87 194
-0.00114906 51 105 34 43 292 156 87 194
-0.000483923 51 126 34 43 292 156 87 194
-0.00114911 51 147 34 43 292 156 87 194
-0.00114884 0 0 34 43 292 156 87 194
-0.00114917 0 21 34 43 292 156 87 194
-0.00114918 0 42 34 43 292 156 87 194
-0.00114917 0 63 34 43 292 156 87 194
-0.00114925 0 84 34 43 292 156 87 194
-0.00114921 0 105 34 43 292 156 87 194
-0.00114882 0 126 34 43 292 156 87 194
-0.00114901 0 147 34 43 292 156 87 194
-0.00114905 17 0 34 43 292 156 87 194
-0.00114902 17 21 34 43 292 156 87 194
-0.0011485 17 42 34 43 292 156 87 194
-0.00114891 17 63 34 43 292 156 87 194
-0.00114807 17 84 34 43 292 156 87 194
-0.00100548 17 105 34 43 292 156 87 194
-0.00114914 17 126 34 43 292 156 87 194
-0.00114909 17 147 34 43 292 156 87 194
-0.00114888 34 0 34 43 292 156 87 194
-0.00114901 34 21 34 43 292 156 87 194
-0.00114769 34 42 34 43 292 156 87 194
-0.0011452 34 63 34 43 292 156 87 194
-0.000546206 34 84 34 43 292 156 87 194
-0.00114789 34 105 34 43 292 156 87 194
-0.00114569 34 126 34 43 292 156 87 194
-0.00114917 34 147 34 43 292 156 87 194
-0.00114855 51 0 34 43 292 156 87 194
-0.0011492 51 21 34 43 292 156 87 194
-0.00114925 51 42 34 43 292 156 87 194
-0.00114917 51 63 34 43 292 156 87 194
-0.00114898 51 84 34 43 292 156 87 194
-0.00114792 51 105 34 43 292 156 87 194
-0.00114478 51 126 34 43 292 156 87 194
-0.00114895 51 147 34 43 292 156 87 194
-0.001149 0 0 34 43 292 156 87 194
-0.00114922 0 21 34 43 292 156 87 194
-0.00114871 0 42 34 43 292 156 87 194
-0.00114755 0 63 34 43 292 156 87 194
-0.00114775 0 84 34 43 292 156 87 194
-0.00067518 0 105 34 43 292 156 87 194
-0.00114453 0 126 34 43 292 156 87 194
-0.045546 0 147 34 43 292 156 87 194
-0.00114851 17 0 34 43 292 156 87 194
-0.00114901 17 21 34 43 292 156 87 194
-0.00114833 17 42 34 43 292 156 87 194
-0.00114602 17 63 34 43 292 156 87 194
-0.00050566 17 84 34 43 292 156 87 194
-0.000476799 17 105 34 43 292 156 87 194
-0.00114607 17 126 34 43 292 156 87 194
-0.00114872 17 147 34 43 292 156 87 194
-0.00114878 34 0 34 43 292 156 87 194
-0.00114922 34 21 34 43 292 156 87 194
-0.00114885 34 42 34 43 292 156 87 194
-0.00114516 34 63 34 43 292 156 87 194
-0.00114359 34 84 34 43 292 156 87 194
-0.000707774 34 105 34 43 292 156 87 194
-0.00114784 34 126 34 43 292 156 87 194
-0.00114854 34 147 34 43 292 156 87 194
-0.00114883 51 0 34 43 292 156 87 194
-0.00114925 51 21 34 43 292 156 87 194
-0.00114898 51 42 34 43 292 156 87 194
-0.00114819 51 63 34 43 292 156 87 194
-0.00114893 51 84 34 43 292 156 87 194
-0.00114858 51 105 34 43 292 156 87 194
-0.0010229 51 126 34 43 292 156 87 194
-0.00114831 51 147 34 43 292 156 87 194
-0.0011489 0 0 34 43 292 156 87 194
-0.00114919 0 21 34 43 292 156 87 194
-0.00114829 0 42 34 43 292 156 87 194
-0.00114646 0 63 34 43 292 156 87 194
-0.00114835 0 84 34 43 292 156 87 194
-0.00114537 0 105 34 43 292 156 87 194
-0.000987869 0 126 34 43 292 156 87 194
-0.00114883 0 147 34 43 292 156 87 194
-0.00114691 17 0 34 43 292 156 87 194
-0.00114703 17 21 34 43 292 156 87 194
-0.00114638 17 42 34 43 292 156 87 194
-0.000749007 17 63 34 43 292 156 87 194
-0.000532165 17 84 34 43 292 156 87 194
-0.000548557 17 105 34 43 292 156 87 194
-0.00108347 17 126 34 43 292 156 87 194
-0.00114864 17 147 34 43 292 156 87 194
-0.00114844 34 0 34 43 292 156 87 194
-0.00114637 34 21 34 43 292 156 87 194
-0.00114762 34 42 34 43 292 156 87 194
-0.00114568 34 63 34 43 292 156 87 194
-0.000608264 34 84 34 43 292 156 87 194
-0.000617963 34 105 34 43 292 156 87 194
-0.00114515 34 126 34 43 292 156 87 194
-0.00114896 34 147 34 43 292 156 87 194
-0.00114919 51 0 34 43 292 156 87 194
-0.0011492 51 21 34 43 292 156 87 194
-0.00114612 51 42 34 43 292 156 87 194
-0.00114901 51 63 34 43 292 156 87 194
-0.00114915 51 84 34 43 292 156 87 194
-0.00114842 51 105 34 43 292 156 87 194
-0.000629255 51 126 34 43 292 156 87 194
-0.00114862 51 147 34 43 292 156 87 194
-0.00114885 0 0 34 43 292 156 87 194
-0.00114912 0 21 34 43 292 156 87 194
-0.00114766 0 42 34 43 292 156 87 194
-0.00114655 0 63 34 43 292 156 87 194
-0.00114873 0 84 34 43 292 156 87 194
-0.00114912 0 105 34 43 292 156 87 194
-0.00114898 0 126 34 43 292 156 87 194
-0.00114891 0 147 34 43 292 156 87 194
-0.00114891 17 0 34 43 292 156 87 194
-0.00114921 17 21 34 43 292 156 87 194
-0.00114907 17 42 34 43 292 156 87 194
-0.00114915 17 63 34 43 292 156 87 194
-0.001149 17 84 34 43 292 156 87 194
-0.00114785 17 105 34 43 292 156 87 194
-0.00114921 17 126 34 43 292 156 87 194
-0.00114915 17 147 34 43 292 156 87 194
-0.00114713 34 0 34 43 292 156 87 194
-0.00114784 34 21 34 43 292 156 87 194
-0.00114468 34 42 34 43 292 156 87 194
-0.00114734 34 63 34 43 292 156 87 194
-0.00114814 34 84 34 43 292 156 87 194
-0.00114753 34 105 34 43 292 156 87 194
-0.00114881 34 126 34 43 292 156 87 194
-0.00114919 34 147 34 43 292 156 87 194
-0.00114874 51 0 34 43 292 156 87 194
-0.00114897 51 21 34 43 292 156 87 194
-0.00114904 51 42 34 43 292 156 87 194
-0.00114857 51 63 34 43 292 156 87 194
-0.00114915 51 84 34 43 292 156 87 194
-0.00114922 51 105 34 43 292 156 87 194
-0.000796359 51 126 34 43 292 156 87 194
-0.00114357 51 147 34 43 292 156 87 194
-0.00114736 0 0 34 43 292 156 87 194
-0.0011488 0 21 34 43 292 156 87 194
-0.00114832 0 42 34 43 292 156 87 194
-0.00114752 0 63 34 43 292 156 87 194
-0.00114901 0 84 34 43 292 156 87 194
-0.00114924 0 105 34 43 292 156 87 194
-0.0011491 0 126 34 43 292 156 87 194
-0.00114884 0 147 34 43 292 156 87 194
-0.00114898 17 0 34 43 292 156 87 194
-0.00114917 17 21 34 43 292 156 87 194
-0.00114906 17 42 34 43 292 156 87 194
-0.00114908 17 63 34 43 292 156 87 194
-0.0011491 17 84 34 43 292 156 87 194
-0.00114567 17 105 34 43 292 156 87 194
-0.00114922 17 126 34 43 292 156 87 194
-0.00114907 17 147 34 43 292 156 87 194
-0.00114873 34 0 34 43 292 156 87 194
-0.00114842 34 21 34 43 292 156 87 194
-0.00114757 34 42 34 43 292 156 87 194
-0.00114481 34 63 34 43 292 156 87 194
-0.00114875 34 84 34 43 292 156 87 194
-0.00114681 34 105 34 43 292 156 87 194
-0.00114906 34 126 34 43 292 156 87 194
-0.0011492 34 147 34 43 292 156 87 194
-0.00114908 51 0 34 43 292 156 87 194
-0.00114911 51 21 34 43 292 156 87 194
-0.00114914 51 42 34 43 292 156 87 194
-0.00114887 51 63 34 43 292 156 87 194
-0.00114922 51 84 34 43 292 156 87 194
-0.00114912 51 105 34 43 292 156 87 194
-0.000514836 51 126 34 43 292 156 87 194
-0.00114751 51 147 34 43 292 156 87 194
-0.00114888 0 0 34 43 292 156 87 194
-0.00114905 0 21 34 43 292 156 87 194
-0.00114907 0 42 34 43 292 156 87 194
-0.00114913 0 63 34 43 292 156 87 194
-0.00114923 0 84 34 43 292 156 87 194
-0.00114917 0 105 34 43 292 156 87 194
-0.00114849 0 126 34 43 292 156 87 194
-0.00114854 0 147 34 43 292 156 87 194
-0.00114914 17 0 34 43 292 156 87 194
-0.0011491 17 21 34 43 292 156 87 194
-0.00114806 17 42 34 43 292 156 87 194
-0.00114722 17 63 34 43 292 156 87 194
-0.00114796 17 84 34 43 292 156 87 194
-0.00114676 17 105 34 43 292 156 87 194
-0.00114796 17 126 34 43 292 156 87 194
-0.00114658 17 147 34 43 292 156 87 194
-0.00114892 34 0 34 43 292 156 87 194
-0.00114828 34 21 34 43 292 156 87 194
-0.000970373 34 42 34 43 292 156 87 194
-0.00114418 34 63 34 43 292 156 87 194
-0.00114772 34 84 34 43 292 156 87 194
-0.00114517 34 105 34 43 292 156 87 194
-0.00114823 34 126 34 43 292 156 87 194
-0.00114882 34 147 34 43 292 156 87 194
-0.00114915 51 0 34 43 292 156 87 194
-0.00114912 51 21 34 43 292 156 87 194
-0.00114919 51 42 34 43 292 156 87 194
-0.0011492 51 63 34 43 292 156 87 194
-0.00114927 51 84 34 43 292 156 87 194
-0.00114869 51 105 34 43 292 156 87 194
-0.00114477 51 126 34 43 292 156 87 194
-0.00114894 51 147 34 43 292 156 87 194
-0.00114905 0 0 34 43 292 156 87 194
-0.00114917 0 21 34 43 292 156 87 194
-0.00114919 0 42 34 43 292 156 87 194
-0.00114926 0 63 34 43 292 156 87 194
-0.00114923 0 84 34 43 292 156 87 194
-0.00114916 0 105 34 43 292 156 87 194
-0.00114897 0 126 34 43 292 156 87 194
-0.00114925 0 147 34 43 292 156 87 194
-0.00114905 17 0 34 43 292 156 87 194
-0.0011478 17 21 34 43 292 156 87 194
-0.00114623 17 42 34 43 292 156 87 194
-0.00114749 17 63 34 43 292 156 87 194
-0.00114719 17 84 34 43 292 156 87 194
-0.00114816 17 105 34 43 292 156 87 194
-0.0011487 17 126 34 43 292 156 87 194
-0.00114924 17 147 34 43 292 156 87 194
-0.00114898 34 0 34 43 292 156 87 194
-0.00114715 34 21 34 43 292 156 87 194
-0.000557861 34 42 34 43 292 156 87 194
-0.000805397 34 63 34 43 292 156 87 194
-0.00091875 34 84 34 43 292 156 87 194
-0.00114394 34 105 34 43 292 156 87 194
-0.00114576 34 126 34 43 292 156 87 194
-0.00114926 34 147 34 43 292 156 87 194
-0.00114906 51 0 34 43 292 156 87 194
-0.00114908 51 21 34 43 292 156 87 194
-0.00114888 51 42 34 43 292 156 87 194
-0.00114907 51 63 34 43 292 156 87 194
-0.00114901 51 84 34 43 292 156 87 194
-0.00114608 51 105 34 43 292 156 87 194
-0.00114396 51 126 34 43 292 156 87 194
-0.00114927 51 147 34 43 292 156 87 194
-0.00114885 0 0 34 43 292 156 87 194
-0.00114892 0 21 34 43 292 156 87 194
-0.00114856 0 42 34 43 292 156 87 194
-0.00114928 0 63 34 43 292 156 87 194
-0.0011489 0 84 34 43 292 156 87 194
-0.00114894 0 105 34 43 292 156 87 194
-0.00114874 0 126 34 43 292 156 87 194
-0.00114915 0 147 34 43 292 156 87 194
-0.00114901 17 0 34 43 292 156 87 194
-0.00114872 17 21 34 43 292 156 87 194
-0.0011486 17 42 34 43 292 156 87 194
-0.00114901 17 63 34 43 292 156 87 194
-0.00114897 17 84 34 43 292 156 87 194
-0.00114508 17 105 34 43 292 156 87 194
-0.00114918 17 126 34 43 292 156 87 194
-0.00114909 17 147 34 43 292 156 87 194
-0.00114912 34 0 34 43 292 156 87 194
-0.00114896 34 21 34 43 292 156 87 194
-0.00114679 34 42 34 43 292 156 87 194
-0.00114809 34 63 34 43 292 156 87 194
-0.0011477 34 84 34 43 292 156 87 194
-0.00114797 34 105 34 43 292 156 87 194
-0.00114896 34 126 34 43 292 156 87 194
-0.00114909 34 147 34 43 292 156 87 194
-0.00114893 51 0 34 43 292 156 87 194
-0.0011492 51 21 34 43 292 156 87 194
-0.00114919 51 42 34 43 292 156 87 194
-0.00114884 51 63 34 43 292 156 87 194
-0.0011492 51 84 34 43 292 156 87 194
-0.00114887 51 105 34 43 292 156 87 194
-0.00114516 51 126 34 43 292 156 87 194
-0.00114905 51 147 34 43 292 156 87 194
-0.00114821 0 0 34 43 292 156 87 194
-0.00114865 0 21 34 43 292 156 87 194
-0.00114671 0 42 34 43 292 156 87 194
-0.00114914 0 63 34 43 292 156 87 194
-0.00114883 0 84 34 43 292 156 87 194
-0.00114883 0 105 34 43 292 156 87 194
-0.00114845 0 126 34 43 292 156 87 194
-0.00114817 0 147 34 43 292 156 87 194
-0.00114902 17 0 34 43 292 156 87 194
-0.00114899 17 21 34 43 292 156 87 194
-0.001149 17 42 34 43 292 156 87 194
-0.00114904 17 63 34 43 292 156 87 194
-0.00114872 17 84 34 43 292 156 87 194
-0.00114699 17 105 34 43 292 156 87 194
-0.00114915 17 126 34 43 292 156 87 194
-0.00114769 17 147 34 43 292 156 87 194
-0.00114896 34 0 34 43 292 156 87 194
-0.00114914 34 21 34 43 292 156 87 194
-0.00114885 34 42 34 43 292 156 87 194
-0.00114836 34 63 34 43 292 156 87 194
-0.00114726 34 84 34 43 292 156 87 194
-0.00114871 34 105 34 43 292 156 87 194
-0.00114887 34 126 34 43 292 156 87 194
-0.00114848 34 147 34 43 292 156 87 194
-0.00114897 51 0 34 43 292 156 87 194
-0.0011491 51 21 34 43 292 156 87 194
-0.00114911 51 42 34 43 292 156 87 194
-0.00114844 51 63 34 43 292 156 87 194
-0.00114912 51 84 34 43 292 156 87 194
-0.00114921 51 105 34 43 292 156 87 194
-0.0011459 51 126 34 43 292 156 87 194
-0.00114885 51 147 34 43 292 156 87 194
-0.00114849 0 0 58 55 292 156 87 194
-0.0011488 0 27 58 55 292 156 87 194
-0.00114848 0 54 58 55 292 156 87 194
-0.00114913 0 81 58 55 292 156 87 194
-0.00114897 0 108 58 55 292 156 87 194
-0.00114921 0 135 58 55 292 156 87 194
-0.00114884 29 0 58 55 292 156 87 194
-0.00114907 29 27 58 55 292 156 87 194
-0.0011491 29 54 58 55 292 156 87 194
-0.00114925 29 81 58 55 292 156 87 194
-0.00114814 29 108 58 55 292 156 87 194
-0.00114922 29 135 58 55 292 156 87 194
-0.00114888 0 0 58 55 292 156 87 194
-0.00114918 0 27 58 55 292 156 87 194
-0.00114918 0 54 58 55 292 156 87 194
-0.00114923 0 81 58 55 292 156 87 194
-0.00114818 0 108 58 55 292 156 87 194
-0.00114908 0 135 58 55 292 156 87 194
-0.00114865 29 0 58 55 292 156 87 194
-0.00114916 29 27 58 55 292 156 87 194
-0.00114913 29 54 58 55 292 156 87 194
-0.001149 29 81 58 55 292 156 87 194
-0.00114378 29 108 58 55 292 156 87 194
-0.00114917 29 135 58 55 292 156 87 194
-0.00114696 0 0 58 55 292 156 87 194
-0.00114901 0 27 58 55 292 156 87 194
-0.00114703 0 54 58 55 292 156 87 194
-0.00114547 0 81 58 55 292 156 87 194
-0.000484379 0 108 58 55 292 156 87 194
-0.00114679 0 135 58 55 292 156 87 194
-0.00114908 29 0 58 55 292 156 87 194
-0.00114918 29 27 58 55 292 156 87 194
-0.00114719 29 54 58 55 292 156 87 194
-0.0011478 29 81 58 55 292 156 87 194
-0.00114672 29 108 58 55 292 156 87 194
-0.00114594 29 135 58 55 292 156 87 194
-0.00114783 0 0 58 55 292 156 87 194
-0.00114842 0 27 58 55 292 156 87 194
-0.0011447 0 54 58 55 292 156 87 194
-0.00114587 0 81 58 55 292 156 87 194
-0.000494041 0 108 58 55 292 156 87 194
-0.00114783 0 135 58 55 292 156 87 194
-0.00114916 29 0 58 55 292 156 87 194
-0.00114868 29 27 58 55 292 156 87 194
-0.00114791 29 54 58 55 292 156 87 194
-0.00114863 29 81 58 55 292 156 87 194
-0.00114697 29 108 58 55 292 156 87 194
-0.00114707 29 135 58 55 292 156 87 194
-0.00114853 0 0 58 55 292 156 87 194
-0.00114821 0 27 58 55 292 156 87 194
-0.00105731 0 54 58 55 292 156 87 194
-0.0011488 0 81 58 55 292 156 87 194
-0.00114887 0 108 58 55 292 156 87 194
-0.00114901 0 135 58 55 292 156 87 194
-0.0011479 29 0 58 55 292 156 87 194
-0.00114889 29 27 58 55 292 156 87 194
-0.00114871 29 54 58 55 292 156 87 194
-0.00114917 29 81 58 55 292 156 87 194
-0.00114866 29 108 58 55 292 156 87 194
-0.00114883 29 135 58 55 292 156 87 194
-0.00114631 0 0 58 55 292 156 87 194
-0.00114854 0 27 58 55 292 156 87 194
-0.00114498 0 54 58 55 292 156 87 194
-0.00114904 0 81 58 55 292 156 87 194
-0.00114917 0 108 58 55 292 156 87 194
-0.00114885 0 135 58 55 292 156 87 194
-0.0011488 29 0 58 55 292 156 87 194
-0.00114892 29 27 58 55 292 156 87 194
-0.00114889 29 54 58 55 292 156 87 194
-0.00114922 29 81 58 55 292 156 87 194
-0.00114867 29 108 58 55 292 156 87 194
-0.001149 29 135 58 55 292 156 87 194
-0.00114901 0 0 58 55 292 156 87 194
-0.00114908 0 27 58 55 292 156 87 194
-0.0011491 0 54 58 55 292 156 87 194
-0.00114924 0 81 58 55 292 156 87 194
-0.00114884 0 108 58 55 292 156 87 194
-0.00114844 0 135 58 55 292 156 87 194
-0.00114905 29 0 58 55 292 156 87 194
-0.00114902 29 27 58 55 292 156 87 194
-0.00114921 29 54 58 55 292 156 87 194
-0.00114927 29 81 58 55 292 156 87 194
-0.00114681 29 108 58 55 292 156 87 194
-0.00114869 29 135 58 55 292 156 87 194
-0.0011491 0 0 58 55 292 156 87 194
-0.00114921 0 27 58 55 292 156 87 194
-0.00114919 0 54 58 55 292 156 87 194
-0.00114896 0 81 58 55 292 156 87 194
-0.00114903 0 108 58 55 292 156 87 194
-0.00114927 0 135 58 55 292 156 87 194
-0.00114904 29 0 58 55 292 156 87 194
-0.00114893 29 27 58 55 292 156 87 194
-0.00114909 29 54 58 55 292 156 87 194
-0.00114905 29 81 58 55 292 156 87 194
-0.00114733 29 108 58 55 292 156 87 194
-0.00114928 29 135 58 55 292 156 87 194
-0.00114847 0 0 58 55 292 156 87 194
-0.00114879 0 27 58 55 292 156 87 194
-0.00114915 0 54 58 55 292 156 87 194
-0.00114774 0 81 58 55 292 156 87 194
-0.00114867 0 108 58 55 292 156 87 194
-0.00114913 0 135 58 55 292 156 87 194
-0.00114892 29 0 58 55 292 156 87 194
-0.00114918 29 27 58 55 292 156 87 194
-0.00114912 29 54 58 55 292 156 87 194
-0.00114923 29 81 58 55 292 156 87 194
-0.00114843 29 108 58 55 292 156 87 194
-0.00114919 29 135 58 55 292 156 87 194
-0.00114609 0 0 58 55 292 156 87 194
-0.00114642 0 27 58 55 292 156 87 194
-0.00114824 0 54 58 55 292 156 87 194
-0.00114821 0 81 58 55 292 156 87 194
-0.00114864 0 108 58 55 292 156 87 194
-0.00114605 0 135 58 55 292 156 87 194
-0.00114867 29 0 58 55 292 156 87 194
-0.00114898 29 27 58 55 292 156 87 194
-0.00114886 29 54 58 55 292 156 87 194
-0.00114915 29 81 58 55 292 156 87 194
-0.00114864 29 108 58 55 292 156 87 194
-0.00114877 29 135 58 55 292 156 87 194
-0.00114802 0 0 87 97 292 156 87 194
-0.00114872 0 48 87 97 292 156 87 194
-0.00114923 0 96 87 97 292 156 87 194
-0.00114846 0 0 87 97 292 156 87 194
-0.00114895 0 48 87 97 292 156 87 194
-0.00114885 0 96 87 97 292 156 87 194
-0.00114887 0 0 87 97 292 156 87 194
-0.00114673 0 48 87 97 292 156 87 194
-0.000996757 0 96 87 97 292 156 87 194
-0.00114746 0 0 87 97 292 156 87 194
-0.00114633 0 48 87 97 292 156 87 194
-0.000893124 0 96 87 97 292 156 87 194
-0.00114734 0 0 87 97 292 156 87 194
-0.0011475 0 48 87 97 292 156 87 194
-0.00114906 0 96 87 97 292 156 87 194
-0.00114547 0 0 87 97 292 156 87 194
-0.0011482 0 48 87 97 292 156 87 194
-0.00114912 0 96 87 97 292 156 87 194
-0.00114889 0 0 87 97 292 156 87 194
-0.00114898 0 48 87 97 292 156 87 194
-0.00114869 0 96 87 97 292 156 87 194
-0.00114911 0 0 87 97 292 156 87 194
-0.0011489 0 48 87 97 292 156 87 194
-0.00114929 0 96 87 97 292 156 87 194
-0.00114861 0 0 87 97 292 156 87 194
-0.00114899 0 48 87 97 292 156 87 194
-0.00114898 0 96 87 97 292 156 87 194
-0.00114855 0 0 87 97 292 156 87 194
-0.00114893 0 48 87 97 292 156 87 194
-0.00114798 0 96 87 97 292 156 87 194
-0.0011485 0 0 87 194 292 156 87 194
-0.00114834 0 0 87 194 292 156 87 194
-0.00114779 0 0 87 194 292 156 87 194
-0.00114614 0 0 87 194 292 156 87 194
-0.00114738 0 0 87 194 292 156 87 194
-0.00114667 0 0 87 194 292 156 87 194
-0.001149 0 0 87 194 292 156 87 194
-0.00114924 0 0 87 194 292 156 87 194
-0.00114883 0 0 87 194 292 156 87 194
-0.0011488 0 0 87 194 292 156 87 194
