-0.000677546 0 0 10 10 444 175 45 49
-0.000677434 0 5 10 10 444 175 45 49
-0.000677294 0 10 10 10 444 175 45 49
-0.000677381 0 15 10 10 444 175 45 49
-0.000677331 0 20 10 10 444 175 45 49
-0.000677378 0 25 10 10 444 175 45 49
-0.000677456 0 30 10 10 444 175 45 49
-0.000677508 0 35 10 10 444 175 45 49
-0.000677416 5 0 10 10 444 175 45 49
-0.000677473 5 5 10 10 444 175 45 49
-0.000677418 5 10 10 10 444 175 45 49
-0.000677459 5 15 10 10 444 175 45 49
-0.000677437 5 20 10 10 444 175 45 49
-0.000677392 5 25 10 10 444 175 45 49
-0.000677523 5 30 10 10 444 175 45 49
-0.000677536 5 35 10 10 444 175 45 49
-0.000677411 10 0 10 10 444 175 45 49
-0.000677501 10 5 10 10 444 175 45 49
-0.000677289 10 10 10 10 444 175 45 49
-0.000677224 10 15 10 10 444 175 45 49
-0.000677113 10 20 10 10 444 175 45 49
-0.000677401 10 25 10 10 444 175 45 49
-0.000676994 10 30 10 10 444 175 45 49
-0.000677477 10 35 10 10 444 175 45 49
-0.000677373 15 0 10 10 444 175 45 49
-0.000677414 15 5 10 10 444 175 45 49
-0.000676688 15 10 10 10 444 175 45 49
-0.000675957 15 15 10 10 444 175 45 49
-0.000677207 15 20 10 10 444 175 45 49
-0.000676909 15 25 10 10 444 175 45 49
-0.00067727 15 30 10 10 444 175 45 49
-0.000677279 15 35 10 10 444 175 45 49
-0.000677159 20 0 10 10 444 175 45 49
-0.00067736 20 5 10 10 444 175 45 49
-0.000674829 20 10 10 10 444 175 45 49
-0.000676974 20 15 10 10 444 175 45 49
-0.000676422 20 20 10 10 444 175 45 49
-0.000676754 20 25 10 10 444 175 45 49
-0.000676385 20 30 10 10 444 175 45 49
-0.000677373 20 35 10 10 444 175 45 49
-0.000677112 25 0 10 10 444 175 45 49
-0.00067742 25 5 10 10 444 175 45 49
-0.000677414 25 10 10 10 444 175 45 49
-0.000677267 25 15 10 10 444 175 45 49
-0.00067679 25 20 10 10 444 175 45 49
-0.000677154 25 25 10 10 444 175 45 49
-0.00067739 25 30 10 10 444 175 45 49
-0.000677438 25 35 10 10 444 175 45 49
-0.000677453 30 0 10 10 444 175 45 49
-0.000677061 30 5 10 10 444 175 45 49
-0.000676848 30 10 10 10 444 175 45 49
-0.000676976 30 15 10 10 444 175 45 49
-0.000677127 30 20 10 10 444 175 45 49
-0.000677387 30 25 10 10 444 175 45 49
-0.000677419 30 30 10 10 444 175 45 49
-0.000677318 30 35 10 10 444 175 45 49
-0.000677441 35 0 10 10 444 175 45 49
-0.000677516 35 5 10 10 444 175 45 49
-0.000677502 35 10 10 10 444 175 45 49
-0.00067744 35 15 10 10 444 175 45 49
-0.000677129 35 20 10 10 444 175 45 49
-0.000676582 35 25 10 10 444 175 45 49
-0.00067693 35 30 10 10 444 175 45 49
-0.000677457 35 35 10 10 444 175 45 49
-0.000677555 0 0 10 10 444 175 45 49
-0.000677544 0 5 10 10 444 175 45 49
-0.000677475 0 10 10 10 444 175 45 49
-0.000677478 0 15 10 10 444 175 45 49
-0.000677471 0 20 10 10 444 175 45 49
-0.00067739 0 25 10 10 444 175 45 49
-0.000677413 0 30 10 10 444 175 45 49
-0.000677497 0 35 10 10 444 175 45 49
-0.000677554 5 0 10 10 444 175 45 49
-0.000677341 5 5 10 10 444 175 45 49
-0.000677459 5 10 10 10 444 175 45 49
-0.000677538 5 15 10 10 444 175 45 49
-0.000677509 5 20 10 10 444 175 45 49
-0.00067736 5 25 10 10 444 175 45 49
-0.000677506 5 30 10 10 444 175 45 49
-0.000677528 5 35 10 10 444 175 45 49
-0.000677548 10 0 10 10 444 175 45 49
-0.000677244 10 5 10 10 444 175 45 49
-0.000677529 10 10 10 10 444 175 45 49
-0.000677525 10 15 10 10 444 175 45 49
-0.00067711 10 20 10 10 444 175 45 49
-0.000677417 10 25 10 10 444 175 45 49
-0.000677157 10 30 10 10 444 175 45 49
-0.000677479 10 35 10 10 444 175 45 49
-0.000677554 15 0 10 10 444 175 45 49
-0.000677431 15 5 10 10 444 175 45 49
-0.000677526 15 10 10 10 444 175 45 49
-0.000677415 15 15 10 10 444 175 45 49
-0.000677384 15 20 10 10 444 175 45 49
-0.000677305 15 25 10 10 444 175 45 49
-0.00067737 15 30 10 10 444 175 45 49
-0.00067721 15 35 10 10 444 175 45 49
-0.000677551 20 0 10 10 444 175 45 49
-0.00067723 20 5 10 10 444 175 45 49
-0.000677474 20 10 10 10 444 175 45 49
-0.000677522 20 15 10 10 444 175 45 49
-0.00067747 20 20 10 10 444 175 45 49
-0.000676875 20 25 10 10 444 175 45 49
-0.000677027 20 30 10 10 444 175 45 49
-0.000676561 20 35 10 10 444 175 45 49
-0.000677551 25 0 10 10 444 175 45 49
-0.000677507 25 5 10 10 444 175 45 49
-0.000677363 25 10 10 10 444 175 45 49
-0.000677407 25 15 10 10 444 175 45 49
-0.000677428 25 20 10 10 444 175 45 49
-0.000677372 25 25 10 10 444 175 45 49
-0.000677311 25 30 10 10 444 175 45 49
-0.000677323 25 35 10 10 444 175 45 49
-0.00067752 30 0 10 10 444 175 45 49
-0.000677552 30 5 10 10 444 175 45 49
-0.000677525 30 10 10 10 444 175 45 49
-0.000677468 30 15 10 10 444 175 45 49
-0.000677154 30 20 10 10 444 175 45 49
-0.00067652 30 25 10 10 444 175 45 49
-0.000677091 30 30 10 10 444 175 45 49
-0.000677489 30 35 10 10 444 175 45 49
-0.000677062 35 0 10 10 444 175 45 49
-0.000677496 35 5 10 10 444 175 45 49
-0.000677544 35 10 10 10 444 175 45 49
-0.000677551 35 15 10 10 444 175 45 49
-0.000677549 35 20 10 10 444 175 45 49
-0.000677527 35 25 10 10 444 175 45 49
-0.00067747 35 30 10 10 444 175 45 49
-0.000677529 35 35 10 10 444 175 45 49
-0.000677514 0 0 10 10 444 175 45 49
-0.000677482 0 5 10 10 444 175 45 49
-0.000677471 0 10 10 10 444 175 45 49
-0.000677462 0 15 10 10 444 175 45 49
-0.000677469 0 20 10 10 444 175 45 49
-0.000677464 0 25 10 10 444 175 45 49
-0.000677463 0 30 10 10 444 175 45 49
-0.000677463 0 35 10 10 444 175 45 49
-0.000677494 5 0 10 10 444 175 45 49
-0.000677386 5 5 10 10 444 175 45 49
-0.00067734 5 10 10 10 444 175 45 49
-0.000677219 5 15 10 10 444 175 45 49
-0.000677258 5 20 10 10 444 175 45 49
-0.000677238 5 25 10 10 444 175 45 49
-0.000677282 5 30 10 10 444 175 45 49
-0.0006774 5 35 10 10 444 175 45 49
-0.000677467 10 0 10 10 444 175 45 49
-0.000677218 10 5 10 10 444 175 45 49
-0.000677083 10 10 10 10 444 175 45 49
-0.000676103 10 15 10 10 444 175 45 49
-0.000676971 10 20 10 10 444 175 45 49
-0.000675521 10 25 10 10 444 175 45 49
-0.000509022 10 30 10 10 444 175 45 49
-0.000676841 10 35 10 10 444 175 45 49
-0.000677496 15 0 10 10 444 175 45 49
-0.000677138 15 5 10 10 444 175 45 49
-0.000675699 15 10 10 10 444 175 45 49
-0.000291781 15 15 10 10 444 175 45 49
-0.000676972 15 20 10 10 444 175 45 49
-0.000675902 15 25 10 10 444 175 45 49
-0.00033206 15 30 10 10 444 175 45 49
-0.000634197 15 35 10 10 444 175 45 49
-0.000677523 20 0 10 10 444 175 45 49
-0.000677263 20 5 10 10 444 175 45 49
-0.000599037 20 10 10 10 444 175 45 49
-0.000675518 20 15 10 10 444 175 45 49
-0.000676279 20 20 10 10 444 175 45 49
-0.00067625 20 25 10 10 444 175 45 49
-0.000676824 20 30 10 10 444 175 45 49
-0.000677007 20 35 10 10 444 175 45 49
-0.000677527 25 0 10 10 444 175 45 49
-0.000677204 25 5 10 10 444 175 45 49
-0.000676414 25 10 10 10 444 175 45 49
-0.000676151 25 15 10 10 444 175 45 49
-0.00052752 25 20 10 10 444 175 45 49
-0.000676353 25 25 10 10 444 175 45 49
-0.00067547 25 30 10 10 444 175 45 49
-0.00067611 25 35 10 10 444 175 45 49
-0.000677547 30 0 10 10 444 175 45 49
-0.000677483 30 5 10 10 444 175 45 49
-0.000677069 30 10 10 10 444 175 45 49
-0.000675053 30 15 10 10 444 175 45 49
-0.00067573 30 20 10 10 444 175 45 49
-0.000675387 30 25 10 10 444 175 45 49
-0.00058715 30 30 10 10 444 175 45 49
-0.000676879 30 35 10 10 444 175 45 49
-0.000677531 35 0 10 10 444 175 45 49
-0.000677552 35 5 10 10 444 175 45 49
-0.000677542 35 10 10 10 444 175 45 49
-0.000677479 35 15 10 10 444 175 45 49
-0.000677236 35 20 10 10 444 175 45 49
-0.000676959 35 25 10 10 444 175 45 49
-0.000677363 35 30 10 10 444 175 45 49
-0.000677505 35 35 10 10 444 175 45 49
-0.00067755 0 0 10 10 444 175 45 49
-0.000677556 0 5 10 10 444 175 45 49
-0.000677537 0 10 10 10 444 175 45 49
-0.000677521 0 15 10 10 444 175 45 49
-0.000677521 0 20 10 10 444 175 45 49
-0.000677529 0 25 10 10 444 175 45 49
-0.000677533 0 30 10 10 444 175 45 49
-0.000677528 0 35 10 10 444 175 45 49
-0.00067756 5 0 10 10 444 175 45 49
-0.000677504 5 5 10 10 444 175 45 49
-0.000677171 5 10 10 10 444 175 45 49
-0.000677018 5 15 10 10 444 175 45 49
-0.000677087 5 20 10 10 444 175 45 49
-0.000677165 5 25 10 10 444 175 45 49
-0.000677089 5 30 10 10 444 175 45 49
-0.000676575 5 35 10 10 444 175 45 49
-0.000677559 10 0 10 10 444 175 45 49
-0.000677378 10 5 10 10 444 175 45 49
-0.000378752 10 10 10 10 444 175 45 49
-0.00028145 10 15 10 10 444 175 45 49
-0.000243526 10 20 10 10 444 175 45 49
-0.000675504 10 25 10 10 444 175 45 49
-0.000676124 10 30 10 10 444 175 45 49
-0.000227605 10 35 10 10 444 175 45 49
-0.00067756 15 0 10 10 444 175 45 49
-0.000677353 15 5 10 10 444 175 45 49
-0.000249339 15 10 10 10 444 175 45 49
-0.000265255 15 15 10 10 444 175 45 49
-0.000272586 15 20 10 10 444 175 45 49
-0.000557505 15 25 10 10 444 175 45 49
-0.000569445 15 30 10 10 444 175 45 49
-0.000391325 15 35 10 10 444 175 45 49
-0.00067756 20 0 10 10 444 175 45 49
-0.000677359 20 5 10 10 444 175 45 49
-0.000224646 20 10 10 10 444 175 45 49
-0.000359443 20 15 10 10 444 175 45 49
-0.000464369 20 20 10 10 444 175 45 49
-0.000311316 20 25 10 10 444 175 45 49
-0.000325196 20 30 10 10 444 175 45 49
-0.000616557 20 35 10 10 444 175 45 49
-0.00067756 25 0 10 10 444 175 45 49
-0.000677523 25 5 10 10 444 175 45 49
-0.000676712 25 10 10 10 444 175 45 49
-0.000521428 25 15 10 10 444 175 45 49
-0.000346192 25 20 10 10 444 175 45 49
-0.000276739 25 25 10 10 444 175 45 49
-0.000372213 25 30 10 10 444 175 45 49
-0.000676803 25 35 10 10 444 175 45 49
-0.000677545 30 0 10 10 444 175 45 49
-0.000677559 30 5 10 10 444 175 45 49
-0.000677535 30 10 10 10 444 175 45 49
-0.000677487 30 15 10 10 444 175 45 49
-0.000677312 30 20 10 10 444 175 45 49
-0.000675983 30 25 10 10 444 175 45 49
-0.000675617 30 30 10 10 444 175 45 49
-0.000677378 30 35 10 10 444 175 45 49
-0.000677366 35 0 10 10 444 175 45 49
-0.000677528 35 5 10 10 444 175 45 49
-0.000677551 35 10 10 10 444 175 45 49
-0.000677555 35 15 10 10 444 175 45 49
-0.000677554 35 20 10 10 444 175 45 49
-0.000677519 35 25 10 10 444 175 45 49
-0.000677431 35 30 10 10 444 175 45 49
-0.000677518 35 35 10 10 444 175 45 49
-0.000677553 0 0 10 10 444 175 45 49
-0.000677518 0 5 10 10 444 175 45 49
-0.000677475 0 10 10 10 444 175 45 49
-0.000677518 0 15 10 10 444 175 45 49
-0.000677504 0 20 10 10 444 175 45 49
-0.000677462 0 25 10 10 444 175 45 49
-0.000677523 0 30 10 10 444 175 45 49
-0.000677549 0 35 10 10 444 175 45 49
-0.000677515 5 0 10 10 444 175 45 49
-0.000677537 5 5 10 10 444 175 45 49
-0.000677549 5 10 10 10 444 175 45 49
-0.000677542 5 15 10 10 444 175 45 49
-0.000677545 5 20 10 10 444 175 45 49
-0.000677547 5 25 10 10 444 175 45 49
-0.00067754 5 30 10 10 444 175 45 49
-0.00067721 5 35 10 10 444 175 45 49
-0.000677147 10 0 10 10 444 175 45 49
-0.000676919 10 5 10 10 444 175 45 49
-0.000676927 10 10 10 10 444 175 45 49
-0.000677341 10 15 10 10 444 175 45 49
-0.000677495 10 20 10 10 444 175 45 49
-0.000677411 10 25 10 10 444 175 45 49
-0.000677247 10 30 10 10 444 175 45 49
-0.00067602 10 35 10 10 444 175 45 49
-0.000604902 15 0 10 10 444 175 45 49
-0.000676356 15 5 10 10 444 175 45 49
-0.000677404 15 10 10 10 444 175 45 49
-0.000677517 15 15 10 10 444 175 45 49
-0.000677421 15 20 10 10 444 175 45 49
-0.00067726 15 25 10 10 444 175 45 49
-0.000676874 15 30 10 10 444 175 45 49
-0.000674936 15 35 10 10 444 175 45 49
-0.000445222 20 0 10 10 444 175 45 49
-0.000677193 20 5 10 10 444 175 45 49
-0.000677517 20 10 10 10 444 175 45 49
-0.000677519 20 15 10 10 444 175 45 49
-0.000677507 20 20 10 10 444 175 45 49
-0.000677414 20 25 10 10 444 175 45 49
-0.000677178 20 30 10 10 444 175 45 49
-0.000675845 20 35 10 10 444 175 45 49
-0.000674842 25 0 10 10 444 175 45 49
-0.000677316 25 5 10 10 444 175 45 49
-0.000677527 25 10 10 10 444 175 45 49
-0.000677433 25 15 10 10 444 175 45 49
-0.000677451 25 20 10 10 444 175 45 49
-0.000677408 25 25 10 10 444 175 45 49
-0.000677489 25 30 10 10 444 175 45 49
-0.00067748 25 35 10 10 444 175 45 49
-0.000676242 30 0 10 10 444 175 45 49
-0.000677456 30 5 10 10 444 175 45 49
-0.000677499 30 10 10 10 444 175 45 49
-0.000677239 30 15 10 10 444 175 45 49
-0.000677507 30 20 10 10 444 175 45 49
-0.00067728 30 25 10 10 444 175 45 49
-0.000677273 30 30 10 10 444 175 45 49
-0.000677513 30 35 10 10 444 175 45 49
-0.000676566 35 0 10 10 444 175 45 49
-0.000677498 35 5 10 10 444 175 45 49
-0.000677531 35 10 10 10 444 175 45 49
-0.000677514 35 15 10 10 444 175 45 49
-0.000677528 35 20 10 10 444 175 45 49
-0.000677338 35 25 10 10 444 175 45 49
-0.000677511 35 30 10 10 444 175 45 49
-0.000677527 35 35 10 10 444 175 45 49
-0.000677512 0 0 10 10 444 175 45 49
-0.00067738 0 5 10 10 444 175 45 49
-0.000677484 0 10 10 10 444 175 45 49
-0.000677501 0 15 10 10 444 175 45 49
-0.000677479 0 20 10 10 444 175 45 49
-0.000677525 0 25 10 10 444 175 45 49
-0.000677491 0 30 10 10 444 175 45 49
-0.000677536 0 35 10 10 444 175 45 49
-0.00067748 5 0 10 10 444 175 45 49
-0.000677491 5 5 10 10 444 175 45 49
-0.000677419 5 10 10 10 444 175 45 49
-0.000677337 5 15 10 10 444 175 45 49
-0.000677472 5 20 10 10 444 175 45 49
-0.000677516 5 25 10 10 444 175 45 49
-0.000677499 5 30 10 10 444 175 45 49
-0.000677552 5 35 10 10 444 175 45 49
-0.000677544 10 0 10 10 444 175 45 49
-0.000677456 10 5 10 10 444 175 45 49
-0.000677529 10 10 10 10 444 175 45 49
-0.000677538 10 15 10 10 444 175 45 49
-0.000677473 10 20 10 10 444 175 45 49
-0.00067743 10 25 10 10 444 175 45 49
-0.00067679 10 30 10 10 444 175 45 49
-0.000675431 10 35 10 10 444 175 45 49
-0.000677547 15 0 10 10 444 175 45 49
-0.000677399 15 5 10 10 444 175 45 49
-0.00067747 15 10 10 10 444 175 45 49
-0.000676593 15 15 10 10 444 175 45 49
-0.000675874 15 20 10 10 444 175 45 49
-0.000677079 15 25 10 10 444 175 45 49
-0.000675303 15 30 10 10 444 175 45 49
-0.000674866 15 35 10 10 444 175 45 49
-0.000677478 20 0 10 10 444 175 45 49
-0.000677489 20 5 10 10 444 175 45 49
-0.000677138 20 10 10 10 444 175 45 49
-0.000677281 20 15 10 10 444 175 45 49
-0.000675485 20 20 10 10 444 175 45 49
-0.000675673 20 25 10 10 444 175 45 49
-0.000676632 20 30 10 10 444 175 45 49
-0.000677127 20 35 10 10 444 175 45 49
-0.000677119 25 0 10 10 444 175 45 49
-0.000677472 25 5 10 10 444 175 45 49
-0.000676633 25 10 10 10 444 175 45 49
-0.000677271 25 15 10 10 444 175 45 49
-0.000675386 25 20 10 10 444 175 45 49
-0.000676134 25 25 10 10 444 175 45 49
-0.000677311 25 30 10 10 444 175 45 49
-0.000677503 25 35 10 10 444 175 45 49
-0.00067502 30 0 10 10 444 175 45 49
-0.00067733 30 5 10 10 444 175 45 49
-0.000677284 30 10 10 10 444 175 45 49
-0.00067704 30 15 10 10 444 175 45 49
-0.000676586 30 20 10 10 444 175 45 49
-0.000677363 30 25 10 10 444 175 45 49
-0.000677479 30 30 10 10 444 175 45 49
-0.000677518 30 35 10 10 444 175 45 49
-0.000676138 35 0 10 10 444 175 45 49
-0.00067571 35 5 10 10 444 175 45 49
-0.000676243 35 10 10 10 444 175 45 49
-0.000676712 35 15 10 10 444 175 45 49
-0.000677402 35 20 10 10 444 175 45 49
-0.0006772 35 25 10 10 444 175 45 49
-0.000677491 35 30 10 10 444 175 45 49
-0.000677518 35 35 10 10 444 175 45 49
-0.000677521 0 0 10 10 444 175 45 49
-0.000677508 0 5 10 10 444 175 45 49
-0.00067754 0 10 10 10 444 175 45 49
-0.000677538 0 15 10 10 444 175 45 49
-0.000677548 0 20 10 10 444 175 45 49
-0.000677363 0 25 10 10 444 175 45 49
-0.000677532 0 30 10 10 444 175 45 49
-0.000677437 0 35 10 10 444 175 45 49
-0.000677447 5 0 10 10 444 175 45 49
-0.000677455 5 5 10 10 444 175 45 49
-0.000677402 5 10 10 10 444 175 45 49
-0.000677502 5 15 10 10 444 175 45 49
-0.000677544 5 20 10 10 444 175 45 49
-0.000677179 5 25 10 10 444 175 45 49
-0.000677438 5 30 10 10 444 175 45 49
-0.000677463 5 35 10 10 444 175 45 49
-0.000677533 10 0 10 10 444 175 45 49
-0.00067739 10 5 10 10 444 175 45 49
-0.000677204 10 10 10 10 444 175 45 49
-0.000677531 10 15 10 10 444 175 45 49
-0.000677502 10 20 10 10 444 175 45 49
-0.000676327 10 25 10 10 444 175 45 49
-0.000676538 10 30 10 10 444 175 45 49
-0.000676252 10 35 10 10 444 175 45 49
-0.000677474 15 0 10 10 444 175 45 49
-0.000677519 15 5 10 10 444 175 45 49
-0.000677509 15 10 10 10 444 175 45 49
-0.000677504 15 15 10 10 444 175 45 49
-0.000677062 15 20 10 10 444 175 45 49
-0.000677007 15 25 10 10 444 175 45 49
-0.000676319 15 30 10 10 444 175 45 49
-0.000676285 15 35 10 10 444 175 45 49
-0.000676592 20 0 10 10 444 175 45 49
-0.000676929 20 5 10 10 444 175 45 49
-0.000677363 20 10 10 10 444 175 45 49
-0.000677344 20 15 10 10 444 175 45 49
-0.000676757 20 20 10 10 444 175 45 49
-0.000675993 20 25 10 10 444 175 45 49
-0.00067609 20 30 10 10 444 175 45 49
-0.000676157 20 35 10 10 444 175 45 49
-0.000675698 25 0 10 10 444 175 45 49
-0.000676376 25 5 10 10 444 175 45 49
-0.000676936 25 10 10 10 444 175 45 49
-0.000677106 25 15 10 10 444 175 45 49
-0.000304823 25 20 10 10 444 175 45 49
-0.000676596 25 25 10 10 444 175 45 49
-0.00067667 25 30 10 10 444 175 45 49
-0.00067715 25 35 10 10 444 175 45 49
-0.000674861 30 0 10 10 444 175 45 49
-0.000676441 30 5 10 10 444 175 45 49
-0.00067718 30 10 10 10 444 175 45 49
-0.00067694 30 15 10 10 444 175 45 49
-0.000677192 30 20 10 10 444 175 45 49
-0.000677393 30 25 10 10 444 175 45 49
-0.000677392 30 30 10 10 444 175 45 49
-0.000677369 30 35 10 10 444 175 45 49
-0.000581287 35 0 10 10 444 175 45 49
-0.000676564 35 5 10 10 444 175 45 49
-0.000676465 35 10 10 10 444 175 45 49
-0.000490102 35 15 10 10 444 175 45 49
-0.000677355 35 20 10 10 444 175 45 49
-0.000677279 35 25 10 10 444 175 45 49
-0.000677464 35 30 10 10 444 175 45 49
-0.000677405 35 35 10 10 444 175 45 49
-0.000677492 0 0 10 10 444 175 45 49
-0.000677282 0 5 10 10 444 175 45 49
-0.000676354 0 10 10 10 444 175 45 49
-0.000676464 0 15 10 10 444 175 45 49
-0.000675215 0 20 10 10 444 175 45 49
-0.000677075 0 25 10 10 444 175 45 49
-0.000677474 0 30 10 10 444 175 45 49
-0.000677473 0 35 10 10 444 175 45 49
-0.00067754 5 0 10 10 444 175 45 49
-0.000677525 5 5 10 10 444 175 45 49
-0.000677491 5 10 10 10 444 175 45 49
-0.000677504 5 15 10 10 444 175 45 49
-0.000677302 5 20 10 10 444 175 45 49
-0.000676728 5 25 10 10 444 175 45 49
-0.000677451 5 30 10 10 444 175 45 49
-0.000677528 5 35 10 10 444 175 45 49
-0.000677528 10 0 10 10 444 175 45 49
-0.00067754 10 5 10 10 444 175 45 49
-0.000677095 10 10 10 10 444 175 45 49
-0.000677399 10 15 10 10 444 175 45 49
-0.00067744 10 20 10 10 444 175 45 49
-0.000676041 10 25 10 10 444 175 45 49
-0.000676016 10 30 10 10 444 175 45 49
-0.000676758 10 35 10 10 444 175 45 49
-0.000677519 15 0 10 10 444 175 45 49
-0.000677548 15 5 10 10 444 175 45 49
-0.000677293 15 10 10 10 444 175 45 49
-0.000677433 15 15 10 10 444 175 45 49
-0.000677045 15 20 10 10 444 175 45 49
-0.000676294 15 25 10 10 444 175 45 49
-0.000675365 15 30 10 10 444 175 45 49
-0.00067673 15 35 10 10 444 175 45 49
-0.000677466 20 0 10 10 444 175 45 49
-0.000677553 20 5 10 10 444 175 45 49
-0.000677297 20 10 10 10 444 175 45 49
-0.000676803 20 15 10 10 444 175 45 49
-0.000676926 20 20 10 10 444 175 45 49
-0.000677108 20 25 10 10 444 175 45 49
-0.000676881 20 30 10 10 444 175 45 49
-0.000677028 20 35 10 10 444 175 45 49
-0.000677528 25 0 10 10 444 175 45 49
-0.000677549 25 5 10 10 444 175 45 49
-0.000677122 25 10 10 10 444 175 45 49
-0.000286698 25 15 10 10 444 175 45 49
-0.000539584 25 20 10 10 444 175 45 49
-0.000676512 25 25 10 10 444 175 45 49
-0.000676461 25 30 10 10 444 175 45 49
-0.000677442 25 35 10 10 444 175 45 49
-0.00067751 30 0 10 10 444 175 45 49
-0.000677471 30 5 10 10 444 175 45 49
-0.000551531 30 10 10 10 444 175 45 49
-0.000675442 30 15 10 10 444 175 45 49
-0.000676782 30 20 10 10 444 175 45 49
-0.000677375 30 25 10 10 444 175 45 49
-0.000677351 30 30 10 10 444 175 45 49
-0.000677414 30 35 10 10 444 175 45 49
-0.000677205 35 0 10 10 444 175 45 49
-0.000675334 35 5 10 10 444 175 45 49
-0.000248634 35 10 10 10 444 175 45 49
-0.000674995 35 15 10 10 444 175 45 49
-0.000677065 35 20 10 10 444 175 45 49
-0.000677526 35 25 10 10 444 175 45 49
-0.00067754 35 30 10 10 444 175 45 49
-0.000677517 35 35 10 10 444 175 45 49
-0.000677179 0 0 10 10 444 175 45 49
-0.000677069 0 5 10 10 444 175 45 49
-0.000352934 0 10 10 10 444 175 45 49
-0.000676009 0 15 10 10 444 175 45 49
-0.000675457 0 20 10 10 444 175 45 49
-0.00067752 0 25 10 10 444 175 45 49
-0.00067753 0 30 10 10 444 175 45 49
-0.000677526 0 35 10 10 444 175 45 49
-0.000677487 5 0 10 10 444 175 45 49
-0.000677508 5 5 10 10 444 175 45 49
-0.000677146 5 10 10 10 444 175 45 49
-0.000676336 5 15 10 10 444 175 45 49
-0.000675424 5 20 10 10 444 175 45 49
-0.00067753 5 25 10 10 444 175 45 49
-0.000677534 5 30 10 10 444 175 45 49
-0.000677527 5 35 10 10 444 175 45 49
-0.00067738 10 0 10 10 444 175 45 49
-0.000677534 10 5 10 10 444 175 45 49
-0.000676628 10 10 10 10 444 175 45 49
-0.000675956 10 15 10 10 444 175 45 49
-0.000677368 10 20 10 10 444 175 45 49
-0.000677498 10 25 10 10 444 175 45 49
-0.000677445 10 30 10 10 444 175 45 49
-0.000677548 10 35 10 10 444 175 45 49
-0.000677386 15 0 10 10 444 175 45 49
-0.000677461 15 5 10 10 444 175 45 49
-0.000259993 15 10 10 10 444 175 45 49
-0.00064008 15 15 10 10 444 175 45 49
-0.00067734 15 20 10 10 444 175 45 49
-0.000677168 15 25 10 10 444 175 45 49
-0.000677331 15 30 10 10 444 175 45 49
-0.000677481 15 35 10 10 444 175 45 49
-0.000677462 20 0 10 10 444 175 45 49
-0.000677516 20 5 10 10 444 175 45 49
-0.000676394 20 10 10 10 444 175 45 49
-0.000675737 20 15 10 10 444 175 45 49
-0.000677198 20 20 10 10 444 175 45 49
-0.000677426 20 25 10 10 444 175 45 49
-0.000677355 20 30 10 10 444 175 45 49
-0.000677476 20 35 10 10 444 175 45 49
-0.000677359 25 0 10 10 444 175 45 49
-0.000677537 25 5 10 10 444 175 45 49
-0.00067749 25 10 10 10 444 175 45 49
-0.000677061 25 15 10 10 444 175 45 49
-0.000677401 25 20 10 10 444 175 45 49
-0.000677206 25 25 10 10 444 175 45 49
-0.000677344 25 30 10 10 444 175 45 49
-0.000677484 25 35 10 10 444 175 45 49
-0.000677514 30 0 10 10 444 175 45 49
-0.00067752 30 5 10 10 444 175 45 49
-0.000677488 30 10 10 10 444 175 45 49
-0.00067755 30 15 10 10 444 175 45 49
-0.000677529 30 20 10 10 444 175 45 49
-0.000677542 30 25 10 10 444 175 45 49
-0.000677501 30 30 10 10 444 175 45 49
-0.000677413 30 35 10 10 444 175 45 49
-0.00067748 35 0 10 10 444 175 45 49
-0.000677452 35 5 10 10 444 175 45 49
-0.000676961 35 10 10 10 444 175 45 49
-0.000677552 35 15 10 10 444 175 45 49
-0.000677273 35 20 10 10 444 175 45 49
-0.000677448 35 25 10 10 444 175 45 49
-0.00067753 35 30 10 10 444 175 45 49
-0.000677536 35 35 10 10 444 175 45 49
-0.000677528 0 0 10 10 444 175 45 49
-0.000677529 0 5 10 10 444 175 45 49
-0.000677426 0 10 10 10 444 175 45 49
-0.000677546 0 15 10 10 444 175 45 49
-0.000677408 0 20 10 10 444 175 45 49
-0.000677538 0 25 10 10 444 175 45 49
-0.000677446 0 30 10 10 444 175 45 49
-0.000677469 0 35 10 10 444 175 45 49
-0.000677529 5 0 10 10 444 175 45 49
-0.000677481 5 5 10 10 444 175 45 49
-0.000677549 5 10 10 10 444 175 45 49
-0.000677528 5 15 10 10 444 175 45 49
-0.000677289 5 20 10 10 444 175 45 49
-0.000677521 5 25 10 10 444 175 45 49
-0.000677509 5 30 10 10 444 175 45 49
-0.000677445 5 35 10 10 444 175 45 49
-0.000677485 10 0 10 10 444 175 45 49
-0.000677512 10 5 10 10 444 175 45 49
-0.000677446 10 10 10 10 444 175 45 49
-0.000677201 10 15 10 10 444 175 45 49
-0.000677548 10 20 10 10 444 175 45 49
-0.000677526 10 25 10 10 444 175 45 49
-0.000677514 10 30 10 10 444 175 45 49
-0.000677521 10 35 10 10 444 175 45 49
-0.000677425 15 0 10 10 444 175 45 49
-0.000677326 15 5 10 10 444 175 45 49
-0.000677364 15 10 10 10 444 175 45 49
-0.000677522 15 15 10 10 444 175 45 49
-0.000677515 15 20 10 10 444 175 45 49
-0.000677096 15 25 10 10 444 175 45 49
-0.000677532 15 30 10 10 444 175 45 49
-0.000677536 15 35 10 10 444 175 45 49
-0.000676443 20 0 10 10 444 175 45 49
-0.000676969 20 5 10 10 444 175 45 49
-0.000677386 20 10 10 10 444 175 45 49
-0.000677497 20 15 10 10 444 175 45 49
-0.00067733 20 20 10 10 444 175 45 49
-0.000677427 20 25 10 10 444 175 45 49
-0.000677423 20 30 10 10 444 175 45 49
-0.000677511 20 35 10 10 444 175 45 49
-0.000677542 25 0 10 10 444 175 45 49
-0.000677554 25 5 10 10 444 175 45 49
-0.000677552 25 10 10 10 444 175 45 49
-0.000677513 25 15 10 10 444 175 45 49
-0.000677407 25 20 10 10 444 175 45 49
-0.000677441 25 25 10 10 444 175 45 49
-0.000677467 25 30 10 10 444 175 45 49
-0.000677444 25 35 10 10 444 175 45 49
-0.000677552 30 0 10 10 444 175 45 49
-0.000677467 30 5 10 10 444 175 45 49
-0.000677511 30 10 10 10 444 175 45 49
-0.000677482 30 15 10 10 444 175 45 49
-0.000677393 30 20 10 10 444 175 45 49
-0.000677165 30 25 10 10 444 175 45 49
-0.000677002 30 30 10 10 444 175 45 49
-0.000677377 30 35 10 10 444 175 45 49
-0.000677556 35 0 10 10 444 175 45 49
-0.000677543 35 5 10 10 444 175 45 49
-0.000677517 35 10 10 10 444 175 45 49
-0.000677423 35 15 10 10 444 175 45 49
-0.000676879 35 20 10 10 444 175 45 49
-0.000677301 35 25 10 10 444 175 45 49
-0.000677295 35 30 10 10 444 175 45 49
-0.00067741 35 35 10 10 444 175 45 49
-0.000677429 0 0 15 14 444 175 45 49
-0.000677308 0 7 15 14 444 175 45 49
-0.000677362 0 14 15 14 444 175 45 49
-0.000676852 0 21 15 14 444 175 45 49
-0.000677443 0 28 15 14 444 175 45 49
-0.000677493 0 35 15 14 444 175 45 49
-0.000677265 7 0 15 14 444 175 45 49
-0.000677479 7 7 15 14 444 175 45 49
-0.000677087 7 14 15 14 444 175 45 49
-0.000674882 7 21 15 14 444 175 45 49
-0.000676846 7 28 15 14 444 175 45 49
-0.00067753 7 35 15 14 444 175 45 49
-0.000677224 14 0 15 14 444 175 45 49
-0.000677032 14 7 15 14 444 175 45 49
-0.000676687 14 14 15 14 444 175 45 49
-0.000676973 14 21 15 14 444 175 45 49
-0.000676823 14 28 15 14 444 175 45 49
-0.000677394 14 35 15 14 444 175 45 49
-0.000676582 21 0 15 14 444 175 45 49
-0.000677361 21 7 15 14 444 175 45 49
-0.000677295 21 14 15 14 444 175 45 49
-0.000676479 21 21 15 14 444 175 45 49
-0.000677153 21 28 15 14 444 175 45 49
-0.000677173 21 35 15 14 444 175 45 49
-0.000677317 28 0 15 14 444 175 45 49
-0.00067535 28 7 15 14 444 175 45 49
-0.00067525 28 14 15 14 444 175 45 49
-0.00067703 28 21 15 14 444 175 45 49
-0.000677292 28 28 15 14 444 175 45 49
-0.00067734 28 35 15 14 444 175 45 49
-0.000677547 0 0 15 14 444 175 45 49
-0.000677368 0 7 15 14 444 175 45 49
-0.000677502 0 14 15 14 444 175 45 49
-0.000677307 0 21 15 14 444 175 45 49
-0.000677396 0 28 15 14 444 175 45 49
-0.00067748 0 35 15 14 444 175 45 49
-0.000677515 7 0 15 14 444 175 45 49
-0.000677489 7 7 15 14 444 175 45 49
-0.000677509 7 14 15 14 444 175 45 49
-0.000675709 7 21 15 14 444 175 45 49
-0.000676613 7 28 15 14 444 175 45 49
-0.000677506 7 35 15 14 444 175 45 49
-0.000677531 14 0 15 14 444 175 45 49
-0.000677472 14 7 15 14 444 175 45 49
-0.000677453 14 14 15 14 444 175 45 49
-0.00067741 14 21 15 14 444 175 45 49
-0.000677209 14 28 15 14 444 175 45 49
-0.000676154 14 35 15 14 444 175 45 49
-0.000677548 21 0 15 14 444 175 45 49
-0.000677079 21 7 15 14 444 175 45 49
-0.000677329 21 14 15 14 444 175 45 49
-0.000677239 21 21 15 14 444 175 45 49
-0.000677129 21 28 15 14 444 175 45 49
-0.000677293 21 35 15 14 444 175 45 49
-0.000677525 28 0 15 14 444 175 45 49
-0.000677527 28 7 15 14 444 175 45 49
-0.000677429 28 14 15 14 444 175 45 49
-0.000677053 28 21 15 14 444 175 45 49
-0.000677214 28 28 15 14 444 175 45 49
-0.000677499 28 35 15 14 444 175 45 49
-0.000677493 0 0 15 14 444 175 45 49
-0.000677423 0 7 15 14 444 175 45 49
-0.000677355 0 14 15 14 444 175 45 49
-0.000677364 0 21 15 14 444 175 45 49
-0.000677374 0 28 15 14 444 175 45 49
-0.000677447 0 35 15 14 444 175 45 49
-0.000677396 7 0 15 14 444 175 45 49
-0.000677101 7 7 15 14 444 175 45 49
-0.000676236 7 14 15 14 444 175 45 49
-0.000676708 7 21 15 14 444 175 45 49
-0.000675958 7 28 15 14 444 175 45 49
-0.000677102 7 35 15 14 444 175 45 49
-0.000677412 14 0 15 14 444 175 45 49
-0.000676211 14 7 15 14 444 175 45 49
-0.000457931 14 14 15 14 444 175 45 49
-0.000651763 14 21 15 14 444 175 45 49
-0.000675053 14 28 15 14 444 175 45 49
-0.000676481 14 35 15 14 444 175 45 49
-0.000677465 21 0 15 14 444 175 45 49
-0.000676395 21 7 15 14 444 175 45 49
-0.000483753 21 14 15 14 444 175 45 49
-0.000397479 21 21 15 14 444 175 45 49
-0.000663328 21 28 15 14 444 175 45 49
-0.000675815 21 35 15 14 444 175 45 49
-0.00067753 28 0 15 14 444 175 45 49
-0.00067743 28 7 15 14 444 175 45 49
-0.000676829 28 14 15 14 444 175 45 49
-0.000657559 28 21 15 14 444 175 45 49
-0.000675622 28 28 15 14 444 175 45 49
-0.000677322 28 35 15 14 444 175 45 49
-0.000677558 0 0 15 14 444 175 45 49
-0.000677502 0 7 15 14 444 175 45 49
-0.000677445 0 14 15 14 444 175 45 49
-0.00067745 0 21 15 14 444 175 45 49
-0.000677459 0 28 15 14 444 175 45 49
-0.000677412 0 35 15 14 444 175 45 49
-0.000677551 7 0 15 14 444 175 45 49
-0.000676681 7 7 15 14 444 175 45 49
-0.000533567 7 14 15 14 444 175 45 49
-0.000674879 7 21 15 14 444 175 45 49
-0.000675617 7 28 15 14 444 175 45 49
-0.000477329 7 35 15 14 444 175 45 49
-0.00067755 14 0 15 14 444 175 45 49
-0.000669097 14 7 15 14 444 175 45 49
-0.0258868 14 14 15 14 444 175 45 49
-0.000365821 14 21 15 14 444 175 45 49
-0.000409834 14 28 15 14 444 175 45 49
-0.000675177 14 35 15 14 444 175 45 49
-0.000677558 21 0 15 14 444 175 45 49
-0.000677176 21 7 15 14 444 175 45 49
-0.000339199 21 14 15 14 444 175 45 49
-0.000238109 21 21 15 14 444 175 45 49
-0.000427643 21 28 15 14 444 175 45 49
-0.000677199 21 35 15 14 444 175 45 49
-0.000677549 28 0 15 14 444 175 45 49
-0.000677551 28 7 15 14 444 175 45 49
-0.000677511 28 14 15 14 444 175 45 49
-0.000677331 28 21 15 14 444 175 45 49
-0.000676986 28 28 15 14 444 175 45 49
-0.000677489 28 35 15 14 444 175 45 49
-0.000677534 0 0 15 14 444 175 45 49
-0.000677497 0 7 15 14 444 175 45 49
-0.000677503 0 14 15 14 444 175 45 49
-0.000677423 0 21 15 14 444 175 45 49
-0.00067752 0 28 15 14 444 175 45 49
-0.000677549 0 35 15 14 444 175 45 49
-0.000677081 7 0 15 14 444 175 45 49
-0.000677275 7 7 15 14 444 175 45 49
-0.000677411 7 14 15 14 444 175 45 49
-0.000677159 7 21 15 14 444 175 45 49
-0.000677182 7 28 15 14 444 175 45 49
-0.000675057 7 35 15 14 444 175 45 49
-0.000675654 14 0 15 14 444 175 45 49
-0.000677427 14 7 15 14 444 175 45 49
-0.000677513 14 14 15 14 444 175 45 49
-0.000677425 14 21 15 14 444 175 45 49
-0.000677123 14 28 15 14 444 175 45 49
-0.000676363 14 35 15 14 444 175 45 49
-0.000676986 21 0 15 14 444 175 45 49
-0.000677523 21 7 15 14 444 175 45 49
-0.000677475 21 14 15 14 444 175 45 49
-0.000677386 21 21 15 14 444 175 45 49
-0.000677256 21 28 15 14 444 175 45 49
-0.000677236 21 35 15 14 444 175 45 49
-0.000677243 28 0 15 14 444 175 45 49
-0.000677471 28 7 15 14 444 175 45 49
-0.00067718 28 14 15 14 444 175 45 49
-0.000677435 28 21 15 14 444 175 45 49
-0.000677103 28 28 15 14 444 175 45 49
-0.000677487 28 35 15 14 444 175 45 49
-0.00067729 0 0 15 14 444 175 45 49
-0.000677164 0 7 15 14 444 175 45 49
-0.000676498 0 14 15 14 444 175 45 49
-0.000677375 0 21 15 14 444 175 45 49
-0.000677477 0 28 15 14 444 175 45 49
-0.000677541 0 35 15 14 444 175 45 49
-0.000677509 7 0 15 14 444 175 45 49
-0.000677494 7 7 15 14 444 175 45 49
-0.000677498 7 14 15 14 444 175 45 49
-0.000677453 7 21 15 14 444 175 45 49
-0.000677229 7 28 15 14 444 175 45 49
-0.00067526 7 35 15 14 444 175 45 49
-0.000677468 14 0 15 14 444 175 45 49
-0.000677203 14 7 15 14 444 175 45 49
-0.000677004 14 14 15 14 444 175 45 49
-0.000333672 14 21 15 14 444 175 45 49
-0.000676428 14 28 15 14 444 175 45 49
-0.000675786 14 35 15 14 444 175 45 49
-0.00067744 21 0 15 14 444 175 45 49
-0.000676103 21 7 15 14 444 175 45 49
-0.000676634 21 14 15 14 444 175 45 49
-0.000676641 21 21 15 14 444 175 45 49
-0.000677369 21 28 15 14 444 175 45 49
-0.000677448 21 35 15 14 444 175 45 49
-0.000677219 28 0 15 14 444 175 45 49
-0.00067639 28 7 15 14 444 175 45 49
-0.000515278 28 14 15 14 444 175 45 49
-0.000675144 28 21 15 14 444 175 45 49
-0.000676931 28 28 15 14 444 175 45 49
-0.000677232 28 35 15 14 444 175 45 49
-0.000677291 0 0 15 14 444 175 45 49
-0.000677475 0 7 15 14 444 175 45 49
-0.000677513 0 14 15 14 444 175 45 49
-0.000677463 0 21 15 14 444 175 45 49
-0.000677292 0 28 15 14 444 175 45 49
-0.000677231 0 35 15 14 444 175 45 49
-0.000677453 7 0 15 14 444 175 45 49
-0.000677235 7 7 15 14 444 175 45 49
-0.000677515 7 14 15 14 444 175 45 49
-0.000677386 7 21 15 14 444 175 45 49
-0.000676375 7 28 15 14 444 175 45 49
-0.000676907 7 35 15 14 444 175 45 49
-0.00067749 14 0 15 14 444 175 45 49
-0.000677438 14 7 15 14 444 175 45 49
-0.000677477 14 14 15 14 444 175 45 49
-0.000674971 14 21 15 14 444 175 45 49
-0.000575375 14 28 15 14 444 175 45 49
-0.000502803 14 35 15 14 444 175 45 49
-0.000676269 21 0 15 14 444 175 45 49
-0.000676676 21 7 15 14 444 175 45 49
-0.000676901 21 14 15 14 444 175 45 49
-0.000676277 21 21 15 14 444 175 45 49
-0.000676703 21 28 15 14 444 175 45 49
-0.000677124 21 35 15 14 444 175 45 49
-0.000675502 28 0 15 14 444 175 45 49
-0.000318116 28 7 15 14 444 175 45 49
-0.000676896 28 14 15 14 444 175 45 49
-0.000677054 28 21 15 14 444 175 45 49
-0.000676614 28 28 15 14 444 175 45 49
-0.000676633 28 35 15 14 444 175 45 49
-0.000677529 0 0 15 14 444 175 45 49
-0.000677492 0 7 15 14 444 175 45 49
-0.00067745 0 14 15 14 444 175 45 49
-0.000676572 0 21 15 14 444 175 45 49
-0.000677289 0 28 15 14 444 175 45 49
-0.000677463 0 35 15 14 444 175 45 49
-0.000677534 7 0 15 14 444 175 45 49
-0.000677404 7 7 15 14 444 175 45 49
-0.000677076 7 14 15 14 444 175 45 49
-0.000676858 7 21 15 14 444 175 45 49
-0.000677057 7 28 15 14 444 175 45 49
-0.000677511 7 35 15 14 444 175 45 49
-0.000677508 14 0 15 14 444 175 45 49
-0.000677501 14 7 15 14 444 175 45 49
-0.000677289 14 14 15 14 444 175 45 49
-0.000676238 14 21 15 14 444 175 45 49
-0.000433628 14 28 15 14 444 175 45 49
-0.000676164 14 35 15 14 444 175 45 49
-0.000677517 21 0 15 14 444 175 45 49
-0.000677521 21 7 15 14 444 175 45 49
-0.000593127 21 14 15 14 444 175 45 49
-0.000675716 21 21 15 14 444 175 45 49
-0.000677087 21 28 15 14 444 175 45 49
-0.000677357 21 35 15 14 444 175 45 49
-0.000677502 28 0 15 14 444 175 45 49
-0.000677314 28 7 15 14 444 175 45 49
-0.000675854 28 14 15 14 444 175 45 49
-0.000677425 28 21 15 14 444 175 45 49
-0.000677487 28 28 15 14 444 175 45 49
-0.000677171 28 35 15 14 444 175 45 49
-0.000677407 0 0 15 14 444 175 45 49
-0.000677305 0 7 15 14 444 175 45 49
-0.000415747 0 14 15 14 444 175 45 49
-0.00067743 0 21 15 14 444 175 45 49
-0.000677536 0 28 15 14 444 175 45 49
-0.000677491 0 35 15 14 444 175 45 49
-0.00067725 7 0 15 14 444 175 45 49
-0.000677386 7 7 15 14 444 175 45 49
-0.000675581 7 14 15 14 444 175 45 49
-0.000677436 7 21 15 14 444 175 45 49
-0.000677482 7 28 15 14 444 175 45 49
-0.000677526 7 35 15 14 444 175 45 49
-0.000677311 14 0 15 14 444 175 45 49
-0.000677364 14 7 15 14 444 175 45 49
-0.000675757 14 14 15 14 444 175 45 49
-0.000676724 14 21 15 14 444 175 45 49
-0.000676797 14 28 15 14 444 175 45 49
-0.000677534 14 35 15 14 444 175 45 49
-0.000677176 21 0 15 14 444 175 45 49
-0.000677516 21 7 15 14 444 175 45 49
-0.000677194 21 14 15 14 444 175 45 49
-0.000676704 21 21 15 14 444 175 45 49
-0.000677315 21 28 15 14 444 175 45 49
-0.000677239 21 35 15 14 444 175 45 49
-0.000677392 28 0 15 14 444 175 45 49
-0.000677503 28 7 15 14 444 175 45 49
-0.000677529 28 14 15 14 444 175 45 49
-0.000677501 28 21 15 14 444 175 45 49
-0.000677529 28 28 15 14 444 175 45 49
-0.000677357 28 35 15 14 444 175 45 49
-0.000677506 0 0 15 14 444 175 45 49
-0.000677283 0 7 15 14 444 175 45 49
-0.000677524 0 14 15 14 444 175 45 49
-0.000677457 0 21 15 14 444 175 45 49
-0.000677439 0 28 15 14 444 175 45 49
-0.000677498 0 35 15 14 444 175 45 49
-0.000677366 7 0 15 14 444 175 45 49
-0.000677498 7 7 15 14 444 175 45 49
-0.000677453 7 14 15 14 444 175 45 49
-0.000677398 7 21 15 14 444 175 45 49
-0.0006767 7 28 15 14 444 175 45 49
-0.000677508 7 35 15 14 444 175 45 49
-0.000675793 14 0 15 14 444 175 45 49
-0.000676618 14 7 15 14 444 175 45 49
-0.000677516 14 14 15 14 444 175 45 49
-0.000677451 14 21 15 14 444 175 45 49
-0.000677473 14 28 15 14 444 175 45 49
-0.000677486 14 35 15 14 444 175 45 49
-0.000677547 21 0 15 14 444 175 45 49
-0.000677549 21 7 15 14 444 175 45 49
-0.000677468 21 14 15 14 444 175 45 49
-0.000622427 21 21 15 14 444 175 45 49
-0.000677418 21 28 15 14 444 175 45 49
-0.000676721 21 35 15 14 444 175 45 49
-0.000677524 28 0 15 14 444 175 45 49
-0.000676517 28 7 15 14 444 175 45 49
-0.000675915 28 14 15 14 444 175 45 49
-0.00067662 28 21 15 14 444 175 45 49
-0.000677206 28 28 15 14 444 175 45 49
-0.000677399 28 35 15 14 444 175 45 49
-0.000677181 0 0 18 19 444 175 45 49
-0.000677265 0 9 18 19 444 175 45 49
-0.000676608 0 18 18 19 444 175 45 49
-0.000677507 0 27 18 19 444 175 45 49
-0.000677306 9 0 18 19 444 175 45 49
-0.000676297 9 9 18 19 444 175 45 49
-0.00067628 9 18 18 19 444 175 45 49
-0.000677286 9 27 18 19 444 175 45 49
-0.000676546 18 0 18 19 444 175 45 49
-0.000677138 18 9 18 19 444 175 45 49
-0.000676771 18 18 18 19 444 175 45 49
-0.000677091 18 27 18 19 444 175 45 49
-0.000677161 27 0 18 19 444 175 45 49
-0.00067652 27 9 18 19 444 175 45 49
-0.000675651 27 18 18 19 444 175 45 49
-0.00067716 27 27 18 19 444 175 45 49
-0.00067747 0 0 18 19 444 175 45 49
-0.000677423 0 9 18 19 444 175 45 49
-0.000677107 0 18 18 19 444 175 45 49
-0.00067746 0 27 18 19 444 175 45 49
-0.000677363 9 0 18 19 444 175 45 49
-0.000677449 9 9 18 19 444 175 45 49
-0.000677107 9 18 18 19 444 175 45 49
-0.000676873 9 27 18 19 444 175 45 49
-0.000677521 18 0 18 19 444 175 45 49
-0.000677008 18 9 18 19 444 175 45 49
-0.000677276 18 18 18 19 444 175 45 49
-0.000677186 18 27 18 19 444 175 45 49
-0.000677522 27 0 18 19 444 175 45 49
-0.00067747 27 9 18 19 444 175 45 49
-0.00067709 27 18 18 19 444 175 45 49
-0.000677364 27 27 18 19 444 175 45 49
-0.00067745 0 0 18 19 444 175 45 49
-0.000677249 0 9 18 19 444 175 45 49
-0.000677175 0 18 18 19 444 175 45 49
-0.000677264 0 27 18 19 444 175 45 49
-0.000677304 9 0 18 19 444 175 45 49
-0.000545556 9 9 18 19 444 175 45 49
-0.000610741 9 18 18 19 444 175 45 49
-0.000676365 9 27 18 19 444 175 45 49
-0.000677326 18 0 18 19 444 175 45 49
-0.000421667 18 9 18 19 444 175 45 49
-0.000230539 18 18 18 19 444 175 45 49
-0.000496472 18 27 18 19 444 175 45 49
-0.000677516 27 0 18 19 444 175 45 49
-0.000677342 27 9 18 19 444 175 45 49
-0.000676306 27 18 18 19 444 175 45 49
-0.000676617 27 27 18 19 444 175 45 49
-0.000677547 0 0 18 19 444 175 45 49
-0.000677389 0 9 18 19 444 175 45 49
-0.000677338 0 18 18 19 444 175 45 49
-0.000677344 0 27 18 19 444 175 45 49
-0.000677519 9 0 18 19 444 175 45 49
-0.000403691 9 9 18 19 444 175 45 49
-0.00043949 9 18 18 19 444 175 45 49
-0.000470856 9 27 18 19 444 175 45 49
-0.000677541 18 0 18 19 444 175 45 49
-0.000628259 18 9 18 19 444 175 45 49
-0.000255968 18 18 18 19 444 175 45 49
-0.000675016 18 27 18 19 444 175 45 49
-0.000677548 27 0 18 19 444 175 45 49
-0.000677539 27 9 18 19 444 175 45 49
-0.000677432 27 18 18 19 444 175 45 49
-0.000677336 27 27 18 19 444 175 45 49
-0.000677473 0 0 18 19 444 175 45 49
-0.000677484 0 9 18 19 444 175 45 49
-0.00067742 0 18 18 19 444 175 45 49
-0.000677476 0 27 18 19 444 175 45 49
-0.000676032 9 0 18 19 444 175 45 49
-0.000677425 9 9 18 19 444 175 45 49
-0.000677375 9 18 18 19 444 175 45 49
-0.00067644 9 27 18 19 444 175 45 49
-0.000677455 18 0 18 19 444 175 45 49
-0.000677466 18 9 18 19 444 175 45 49
-0.00067733 18 18 18 19 444 175 45 49
-0.000676661 18 27 18 19 444 175 45 49
-0.000677451 27 0 18 19 444 175 45 49
-0.000677148 27 9 18 19 444 175 45 49
-0.000677324 27 18 18 19 444 175 45 49
-0.000677224 27 27 18 19 444 175 45 49
-0.000677065 0 0 18 19 444 175 45 49
-0.000677103 0 9 18 19 444 175 45 49
-0.000676822 0 18 18 19 444 175 45 49
-0.000677522 0 27 18 19 444 175 45 49
-0.000677532 9 0 18 19 444 175 45 49
-0.000677477 9 9 18 19 444 175 45 49
-0.000677284 9 18 18 19 444 175 45 49
-0.00067629 9 27 18 19 444 175 45 49
-0.000676899 18 0 18 19 444 175 45 49
-0.000298088 18 9 18 19 444 175 45 49
-0.000676653 18 18 18 19 444 175 45 49
-0.000677356 18 27 18 19 444 175 45 49
-0.000676345 27 0 18 19 444 175 45 49
-0.000676249 27 9 18 19 444 175 45 49
-0.000675046 27 18 18 19 444 175 45 49
-0.000676199 27 27 18 19 444 175 45 49
-0.00067722 0 0 18 19 444 175 45 49
-0.000677494 0 9 18 19 444 175 45 49
-0.000677444 0 18 18 19 444 175 45 49
-0.000676708 0 27 18 19 444 175 45 49
-0.000677496 9 0 18 19 444 175 45 49
-0.000677375 9 9 18 19 444 175 45 49
-0.000677414 9 18 18 19 444 175 45 49
-0.000385157 9 27 18 19 444 175 45 49
-0.000677123 18 0 18 19 444 175 45 49
-0.000677297 18 9 18 19 444 175 45 49
-0.000675628 18 18 18 19 444 175 45 49
-0.000677115 18 27 18 19 444 175 45 49
-0.000268255 27 0 18 19 444 175 45 49
-0.000676674 27 9 18 19 444 175 45 49
-0.00067583 27 18 18 19 444 175 45 49
-0.00067583 27 27 18 19 444 175 45 49
-0.000677507 0 0 18 19 444 175 45 49
-0.000677253 0 9 18 19 444 175 45 49
-0.00067684 0 18 18 19 444 175 45 49
-0.000677391 0 27 18 19 444 175 45 49
-0.000677504 9 0 18 19 444 175 45 49
-0.000677275 9 9 18 19 444 175 45 49
-0.00067719 9 18 18 19 444 175 45 49
-0.00067668 9 27 18 19 444 175 45 49
-0.000677516 18 0 18 19 444 175 45 49
-0.00067717 18 9 18 19 444 175 45 49
-0.000563464 18 18 18 19 444 175 45 49
-0.000677153 18 27 18 19 444 175 45 49
-0.000677477 27 0 18 19 444 175 45 49
-0.000645938 27 9 18 19 444 175 45 49
-0.000677396 27 18 18 19 444 175 45 49
-0.000677484 27 27 18 19 444 175 45 49
-0.000677141 0 0 18 19 444 175 45 49
-0.000676675 0 9 18 19 444 175 45 49
-0.000677415 0 18 18 19 444 175 45 49
-0.000677533 0 27 18 19 444 175 45 49
-0.000677279 9 0 18 19 444 175 45 49
-0.000675946 9 9 18 19 444 175 45 49
-0.000676426 9 18 18 19 444 175 45 49
-0.000677538 9 27 18 19 444 175 45 49
-0.00067706 18 0 18 19 444 175 45 49
-0.000677314 18 9 18 19 444 175 45 49
-0.000676068 18 18 18 19 444 175 45 49
-0.00067717 18 27 18 19 444 175 45 49
-0.000677247 27 0 18 19 444 175 45 49
-0.000677077 27 9 18 19 444 175 45 49
-0.00067749 27 18 18 19 444 175 45 49
-0.000677484 27 27 18 19 444 175 45 49
-0.000676989 0 0 18 19 444 175 45 49
-0.000677284 0 9 18 19 444 175 45 49
-0.000677406 0 18 18 19 444 175 45 49
-0.000677497 0 27 18 19 444 175 45 49
-0.000676744 9 0 18 19 444 175 45 49
-0.000677339 9 9 18 19 444 175 45 49
-0.000677404 9 18 18 19 444 175 45 49
-0.000677378 9 27 18 19 444 175 45 49
-0.000677539 18 0 18 19 444 175 45 49
-0.000677519 18 9 18 19 444 175 45 49
-0.000676318 18 18 18 19 444 175 45 49
-0.00067716 18 27 18 19 444 175 45 49
-0.000677305 27 0 18 19 444 175 45 49
-0.00067647 27 9 18 19 444 175 45 49
-0.000676996 27 18 18 19 444 175 45 49
-0.000677343 27 27 18 19 444 175 45 49
-0.000676751 0 0 30 32 444 175 45 49
-0.000677348 0 16 30 32 444 175 45 49
-0.00067613 15 0 30 32 444 175 45 49
-0.000675231 15 16 30 32 444 175 45 49
-0.000677311 0 0 30 32 444 175 45 49
-0.000676695 0 16 30 32 444 175 45 49
-0.000677481 15 0 30 32 444 175 45 49
-0.000676604 15 16 30 32 444 175 45 49
-0.000676919 0 0 30 32 444 175 45 49
-0.000676701 0 16 30 32 444 175 45 49
-0.000677202 15 0 30 32 444 175 45 49
-0.00067544 15 16 30 32 444 175 45 49
-0.00067746 0 0 30 32 444 175 45 49
-0.000676891 0 16 30 32 444 175 45 49
-0.000677532 15 0 30 32 444 175 45 49
-0.000677222 15 16 30 32 444 175 45 49
-0.000677 0 0 30 32 444 175 45 49
-0.000677197 0 16 30 32 444 175 45 49
-0.000676669 15 0 30 32 444 175 45 49
-0.000677065 15 16 30 32 444 175 45 49
-0.00067603 0 0 30 32 444 175 45 49
-0.000677317 0 16 30 32 444 175 45 49
-0.000675074 15 0 30 32 444 175 45 49
-0.000675118 15 16 30 32 444 175 45 49
-0.00067697 0 0 30 32 444 175 45 49
-0.000677315 0 16 30 32 444 175 45 49
-0.000676531 15 0 30 32 444 175 45 49
-0.000451643 15 16 30 32 444 175 45 49
-0.000677508 0 0 30 32 444 175 45 49
-0.000676323 0 16 30 32 444 175 45 49
-0.0006775 15 0 30 32 444 175 45 49
-0.00067668 15 16 30 32 444 175 45 49
-0.000677146 0 0 30 32 444 175 45 49
-0.000677531 0 16 30 32 444 175 45 49
-0.000676403 15 0 30 32 444 175 45 49
-0.000677436 15 16 30 32 444 175 45 49
-0.000677293 0 0 30 32 444 175 45 49
-0.000677398 0 16 30 32 444 175 45 49
-0.000677208 15 0 30 32 444 175 45 49
-0.000675459 15 16 30 32 444 175 45 49
-0.000676497 0 0 45 49 444 175 45 49
-0.000677278 0 0 45 49 444 175 45 49
-0.000676475 0 0 45 49 444 175 45 49
-0.000677403 0 0 45 49 444 175 45 49
-0.000677168 0 0 45 49 444 175 45 49
-0.000676922 0 0 45 49 444 175 45 49
-0.000675324 0 0 45 49 444 175 45 49
-0.000677391 0 0 45 49 444 175 45 49
-0.000677469 0 0 45 49 444 175 45 49
-0.000676842 0 0 45 49 444 175 45 49
