-0.00141201 0 0 30 34 62 55 75 278
-0.00141144 0 17 30 34 62 55 75 278
-0.00141141 0 34 30 34 62 55 75 278
-0.00141095 0 51 30 34 62 55 75 278
-0.0014117 0 68 30 34 62 55 75 278
-0.00141199 0 85 30 34 62 55 75 278
-0.00141214 0 102 30 34 62 55 75 278
-0.00141216 0 119 30 34 62 55 75 278
-0.00141195 0 136 30 34 62 55 75 278
-0.00141203 0 153 30 34 62 55 75 278
-0.00141207 0 170 30 34 62 55 75 278
-0.00141188 0 187 30 34 62 55 75 278
-0.00141222 0 204 30 34 62 55 75 278
-0.00141223 0 221 30 34 62 55 75 278
-0.00141221 0 238 30 34 62 55 75 278
-0.00141179 15 0 30 34 62 55 75 278
-0.00141052 15 17 30 34 62 55 75 278
-0.00140969 15 34 30 34 62 55 75 278
-0.00141087 15 51 30 34 62 55 75 278
-0.0014118 15 68 30 34 62 55 75 278
-0.00141208 15 85 30 34 62 55 75 278
-0.00141223 15 102 30 34 62 55 75 278
-0.00141224 15 119 30 34 62 55 75 278
-0.00141216 15 136 30 34 62 55 75 278
-0.00141152 15 153 30 34 62 55 75 278
-0.00141117 15 170 30 34 62 55 75 278
-0.00141195 15 187 30 34 62 55 75 278
-0.00141224 15 204 30 34 62 55 75 278
-0.00141222 15 221 30 34 62 55 75 278
-0.00141223 15 238 30 34 62 55 75 278
-0.00141218 30 0 30 34 62 55 75 278
-0.0014117 30 17 30 34 62 55 75 278
-0.00141015 30 34 30 34 62 55 75 278
-0.00141079 30 51 30 34 62 55 75 278
-0.00141121 30 68 30 34 62 55 75 278
-0.00141185 30 85 30 34 62 55 75 278
-0.00141196 30 102 30 34 62 55 75 278
-0.00141155 30 119 30 34 62 55 75 278
-0.00141052 30 136 30 34 62 55 75 278
-0.00140785 30 153 30 34 62 55 75 278
-0.00141007 30 170 30 34 62 55 75 278
-0.0014113 30 187 30 34 62 55 75 278
-0.00141182 30 204 30 34 62 55 75 278
-0.00141097 30 221 30 34 62 55 75 278
-0.00140935 30 238 30 34 62 55 75 278
-0.00141229 45 0 30 34 62 55 75 278
-0.00141226 45 17 30 34 62 55 75 278
-0.00141186 45 34 30 34 62 55 75 278
-0.00141147 45 51 30 34 62 55 75 278
-0.00141175 45 68 30 34 62 55 75 278
-0.00141172 45 85 30 34 62 55 75 278
-0.00141119 45 102 30 34 62 55 75 278
-0.00141037 45 119 30 34 62 55 75 278
-0.00141142 45 136 30 34 62 55 75 278
-0.00141129 45 153 30 34 62 55 75 278
-0.00141197 45 170 30 34 62 55 75 278
-0.00141154 45 187 30 34 62 55 75 278
-0.00141201 45 204 30 34 62 55 75 278
-0.00141215 45 221 30 34 62 55 75 278
-0.0014121 45 238 30 34 62 55 75 278
-0.00141217 0 0 30 34 62 55 75 278
-0.00141202 0 17 30 34 62 55 75 278
-0.0014122 0 34 30 34 62 55 75 278
-0.00141212 0 51 30 34 62 55 75 278
-0.00141096 0 68 30 34 62 55 75 278
-0.0014114 0 85 30 34 62 55 75 278
-0.00141171 0 102 30 34 62 55 75 278
-0.0014114 0 119 30 34 62 55 75 278
-0.00140843 0 136 30 34 62 55 75 278
-0.000500718 0 153 30 34 62 55 75 278
-0.00141069 0 170 30 34 62 55 75 278
-0.00141201 0 187 30 34 62 55 75 278
-0.00141217 0 204 30 34 62 55 75 278
-0.00141217 0 221 30 34 62 55 75 278
-0.00141209 0 238 30 34 62 55 75 278
-0.00141212 15 0 30 34 62 55 75 278
-0.0014118 15 17 30 34 62 55 75 278
-0.00141221 15 34 30 34 62 55 75 278
-0.00141215 15 51 30 34 62 55 75 278
-0.0014113 15 68 30 34 62 55 75 278
-0.000484265 15 85 30 34 62 55 75 278
-0.000615782 15 102 30 34 62 55 75 278
-0.000564686 15 119 30 34 62 55 75 278
-0.000946038 15 136 30 34 62 55 75 278
-0.000644034 15 153 30 34 62 55 75 278
-0.00141032 15 170 30 34 62 55 75 278
-0.00141209 15 187 30 34 62 55 75 278
-0.00141222 15 204 30 34 62 55 75 278
-0.00141221 15 221 30 34 62 55 75 278
-0.00141215 15 238 30 34 62 55 75 278
-0.00141226 30 0 30 34 62 55 75 278
-0.00141217 30 17 30 34 62 55 75 278
-0.0014122 30 34 30 34 62 55 75 278
-0.00141211 30 51 30 34 62 55 75 278
-0.00141154 30 68 30 34 62 55 75 278
-0.00131669 30 85 30 34 62 55 75 278
-0.000613014 30 102 30 34 62 55 75 278
-0.000385316 30 119 30 34 62 55 75 278
-0.000628511 30 136 30 34 62 55 75 278
-0.000807946 30 153 30 34 62 55 75 278
-0.0014106 30 170 30 34 62 55 75 278
-0.001412 30 187 30 34 62 55 75 278
-0.00141217 30 204 30 34 62 55 75 278
-0.00141195 30 221 30 34 62 55 75 278
-0.00140969 30 238 30 34 62 55 75 278
-0.00141227 45 0 30 34 62 55 75 278
-0.00141226 45 17 30 34 62 55 75 278
-0.00141214 45 34 30 34 62 55 75 278
-0.00141175 45 51 30 34 62 55 75 278
-0.00141107 45 68 30 34 62 55 75 278
-0.00141066 45 85 30 34 62 55 75 278
-0.00141076 45 102 30 34 62 55 75 278
-0.00141044 45 119 30 34 62 55 75 278
-0.00138174 45 136 30 34 62 55 75 278
-0.000659596 45 153 30 34 62 55 75 278
-0.00141058 45 170 30 34 62 55 75 278
-0.00141197 45 187 30 34 62 55 75 278
-0.00141216 45 204 30 34 62 55 75 278
-0.00141211 45 221 30 34 62 55 75 278
-0.00141153 45 238 30 34 62 55 75 278
-0.00141206 0 0 30 34 62 55 75 278
-0.00141168 0 17 30 34 62 55 75 278
-0.00141117 0 34 30 34 62 55 75 278
-0.00141189 0 51 30 34 62 55 75 278
-0.00141215 0 68 30 34 62 55 75 278
-0.00141115 0 85 30 34 62 55 75 278
-0.00140802 0 102 30 34 62 55 75 278
-0.00121167 0 119 30 34 62 55 75 278
-0.000891243 0 136 30 34 62 55 75 278
-0.00042904 0 153 30 34 62 55 75 278
-0.000720195 0 170 30 34 62 55 75 278
-0.00141105 0 187 30 34 62 55 75 278
-0.00141165 0 204 30 34 62 55 75 278
-0.00141203 0 221 30 34 62 55 75 278
-0.00141216 0 238 30 34 62 55 75 278
-0.00141211 15 0 30 34 62 55 75 278
-0.00141069 15 17 30 34 62 55 75 278
-0.00141103 15 34 30 34 62 55 75 278
-0.00141213 15 51 30 34 62 55 75 278
-0.0014121 15 68 30 34 62 55 75 278
-0.000467121 15 85 30 34 62 55 75 278
-0.000267155 15 102 30 34 62 55 75 278
-0.00059721 15 119 30 34 62 55 75 278
-0.00126472 15 136 30 34 62 55 75 278
-0.000904892 15 153 30 34 62 55 75 278
-0.00141123 15 170 30 34 62 55 75 278
-0.0014119 15 187 30 34 62 55 75 278
-0.0014115 15 204 30 34 62 55 75 278
-0.00141175 15 221 30 34 62 55 75 278
-0.00141194 15 238 30 34 62 55 75 278
-0.00141226 30 0 30 34 62 55 75 278
-0.00141217 30 17 30 34 62 55 75 278
-0.00141159 30 34 30 34 62 55 75 278
-0.00141203 30 51 30 34 62 55 75 278
-0.001412 30 68 30 34 62 55 75 278
-0.000765112 30 85 30 34 62 55 75 278
-0.000273105 30 102 30 34 62 55 75 278
-0.00036762 30 119 30 34 62 55 75 278
-0.000973316 30 136 30 34 62 55 75 278
-0.00118551 30 153 30 34 62 55 75 278
-0.00140855 30 170 30 34 62 55 75 278
-0.00141039 30 187 30 34 62 55 75 278
-0.00141145 30 204 30 34 62 55 75 278
-0.00141103 30 221 30 34 62 55 75 278
-0.00141172 30 238 30 34 62 55 75 278
-0.00141215 45 0 30 34 62 55 75 278
-0.00141225 45 17 30 34 62 55 75 278
-0.00141221 45 34 30 34 62 55 75 278
-0.00141162 45 51 30 34 62 55 75 278
-0.00141209 45 68 30 34 62 55 75 278
-0.00141209 45 85 30 34 62 55 75 278
-0.00141181 45 102 30 34 62 55 75 278
-0.00141173 45 119 30 34 62 55 75 278
-0.00141128 45 136 30 34 62 55 75 278
-0.00141084 45 153 30 34 62 55 75 278
-0.00140851 45 170 30 34 62 55 75 278
-0.00141088 45 187 30 34 62 55 75 278
-0.0014117 45 204 30 34 62 55 75 278
-0.00141171 45 221 30 34 62 55 75 278
-0.00141207 45 238 30 34 62 55 75 278
-0.00141208 0 0 30 34 62 55 75 278
-0.00141128 0 17 30 34 62 55 75 278
-0.00141091 0 34 30 34 62 55 75 278
-0.00141077 0 51 30 34 62 55 75 278
-0.00141187 0 68 30 34 62 55 75 278
-0.00141176 0 85 30 34 62 55 75 278
-0.00141186 0 102 30 34 62 55 75 278
-0.00141166 0 119 30 34 62 55 75 278
-0.0014107 0 136 30 34 62 55 75 278
-0.00115981 0 153 30 34 62 55 75 278
-0.00141014 0 170 30 34 62 55 75 278
-0.00141093 0 187 30 34 62 55 75 278
-0.00141094 0 204 30 34 62 55 75 278
-0.00141204 0 221 30 34 62 55 75 278
-0.00141224 0 238 30 34 62 55 75 278
-0.00141214 15 0 30 34 62 55 75 278
-0.00141053 15 17 30 34 62 55 75 278
-0.000932148 15 34 30 34 62 55 75 278
-0.000704886 15 51 30 34 62 55 75 278
-0.000779557 15 68 30 34 62 55 75 278
-0.00051628 15 85 30 34 62 55 75 278
-0.000532011 15 102 30 34 62 55 75 278
-0.0010949 15 119 30 34 62 55 75 278
-0.000735294 15 136 30 34 62 55 75 278
-0.000793779 15 153 30 34 62 55 75 278
-0.0014117 15 170 30 34 62 55 75 278
-0.00141213 15 187 30 34 62 55 75 278
-0.00141159 15 204 30 34 62 55 75 278
-0.00141188 15 221 30 34 62 55 75 278
-0.00141224 15 238 30 34 62 55 75 278
-0.00141226 30 0 30 34 62 55 75 278
-0.00141218 30 17 30 34 62 55 75 278
-0.00141193 30 34 30 34 62 55 75 278
-0.00141013 30 51 30 34 62 55 75 278
-0.00140865 30 68 30 34 62 55 75 278
-0.00140865 30 85 30 34 62 55 75 278
-0.000987056 30 102 30 34 62 55 75 278
-0.00113404 30 119 30 34 62 55 75 278
-0.00122491 30 136 30 34 62 55 75 278
-0.000877476 30 153 30 34 62 55 75 278
-0.00141159 30 170 30 34 62 55 75 278
-0.00141207 30 187 30 34 62 55 75 278
-0.00141067 30 204 30 34 62 55 75 278
-0.00141141 30 221 30 34 62 55 75 278
-0.00141221 30 238 30 34 62 55 75 278
-0.00141206 45 0 30 34 62 55 75 278
-0.00141225 45 17 30 34 62 55 75 278
-0.00141227 45 34 30 34 62 55 75 278
-0.0014121 45 51 30 34 62 55 75 278
-0.00141215 45 68 30 34 62 55 75 278
-0.00141212 45 85 30 34 62 55 75 278
-0.00141215 45 102 30 34 62 55 75 278
-0.0014121 45 119 30 34 62 55 75 278
-0.00141179 45 136 30 34 62 55 75 278
-0.00140986 45 153 30 34 62 55 75 278
-0.00141159 45 170 30 34 62 55 75 278
-0.00141219 45 187 30 34 62 55 75 278
-0.00141205 45 204 30 34 62 55 75 278
-0.00141173 45 221 30 34 62 55 75 278
-0.00141217 45 238 30 34 62 55 75 278
-0.00141218 0 0 30 34 62 55 75 278
-0.00141214 0 17 30 34 62 55 75 278
-0.00141204 0 34 30 34 62 55 75 278
-0.0014119 0 51 30 34 62 55 75 278
-0.00141179 0 68 30 34 62 55 75 278
-0.00141148 0 85 30 34 62 55 75 278
-0.00141198 0 102 30 34 62 55 75 278
-0.0014121 0 119 30 34 62 55 75 278
-0.00141214 0 136 30 34 62 55 75 278
-0.00141204 0 153 30 34 62 55 75 278
-0.00141208 0 170 30 34 62 55 75 278
-0.00141199 0 187 30 34 62 55 75 278
-0.0014122 0 204 30 34 62 55 75 278
-0.00141221 0 221 30 34 62 55 75 278
-0.00141223 0 238 30 34 62 55 75 278
-0.00141222 15 0 30 34 62 55 75 278
-0.0014121 15 17 30 34 62 55 75 278
-0.00141151 15 34 30 34 62 55 75 278
-0.00141084 15 51 30 34 62 55 75 278
-0.00141135 15 68 30 34 62 55 75 278
-0.00141129 15 85 30 34 62 55 75 278
-0.00141215 15 102 30 34 62 55 75 278
-0.00141221 15 119 30 34 62 55 75 278
-0.00141215 15 136 30 34 62 55 75 278
-0.00141185 15 153 30 34 62 55 75 278
-0.00141216 15 170 30 34 62 55 75 278
-0.00141209 15 187 30 34 62 55 75 278
-0.00141179 15 204 30 34 62 55 75 278
-0.00141221 15 221 30 34 62 55 75 278
-0.00141226 15 238 30 34 62 55 75 278
-0.00141225 30 0 30 34 62 55 75 278
-0.00141198 30 17 30 34 62 55 75 278
-0.00141185 30 34 30 34 62 55 75 278
-0.00141207 30 51 30 34 62 55 75 278
-0.00141201 30 68 30 34 62 55 75 278
-0.00141112 30 85 30 34 62 55 75 278
-0.00141003 30 102 30 34 62 55 75 278
-0.00141044 30 119 30 34 62 55 75 278
-0.00141019 30 136 30 34 62 55 75 278
-0.00141072 30 153 30 34 62 55 75 278
-0.00141211 30 170 30 34 62 55 75 278
-0.00141216 30 187 30 34 62 55 75 278
-0.00141217 30 204 30 34 62 55 75 278
-0.00141175 30 221 30 34 62 55 75 278
-0.00141165 30 238 30 34 62 55 75 278
-0.00141227 45 0 30 34 62 55 75 278
-0.00141223 45 17 30 34 62 55 75 278
-0.0014122 45 34 30 34 62 55 75 278
-0.00141215 45 51 30 34 62 55 75 278
-0.0014121 45 68 30 34 62 55 75 278
-0.00141197 45 85 30 34 62 55 75 278
-0.00141213 45 102 30 34 62 55 75 278
-0.00141199 45 119 30 34 62 55 75 278
-0.00141178 45 136 30 34 62 55 75 278
-0.00141165 45 153 30 34 62 55 75 278
-0.00141196 45 170 30 34 62 55 75 278
-0.00141198 45 187 30 34 62 55 75 278
-0.00141213 45 204 30 34 62 55 75 278
-0.0014121 45 221 30 34 62 55 75 278
-0.00141215 45 238 30 34 62 55 75 278
-0.00141204 0 0 30 34 62 55 75 278
-0.0014119 0 17 30 34 62 55 75 278
-0.00141212 0 34 30 34 62 55 75 278
-0.00141201 0 51 30 34 62 55 75 278
-0.00141201 0 68 30 34 62 55 75 278
-0.00141185 0 85 30 34 62 55 75 278
-0.00141212 0 102 30 34 62 55 75 278
-0.00141213 0 119 30 34 62 55 75 278
-0.0014119 0 136 30 34 62 55 75 278
-0.00141133 0 153 30 34 62 55 75 278
-0.00141149 0 170 30 34 62 55 75 278
-0.00141185 0 187 30 34 62 55 75 278
-0.00141193 0 204 30 34 62 55 75 278
-0.00141188 0 221 30 34 62 55 75 278
-0.00141214 0 238 30 34 62 55 75 278
-0.00141219 15 0 30 34 62 55 75 278
-0.00141076 15 17 30 34 62 55 75 278
-0.00140955 15 34 30 34 62 55 75 278
-0.00141215 15 51 30 34 62 55 75 278
-0.00141227 15 68 30 34 62 55 75 278
-0.00141224 15 85 30 34 62 55 75 278
-0.00141216 15 102 30 34 62 55 75 278
-0.00141224 15 119 30 34 62 55 75 278
-0.00141219 15 136 30 34 62 55 75 278
-0.00141169 15 153 30 34 62 55 75 278
-0.00141167 15 170 30 34 62 55 75 278
-0.00141211 15 187 30 34 62 55 75 278
-0.00141224 15 204 30 34 62 55 75 278
-0.00141215 15 221 30 34 62 55 75 278
-0.00141218 15 238 30 34 62 55 75 278
-0.00141227 30 0 30 34 62 55 75 278
-0.00141187 30 17 30 34 62 55 75 278
-0.00141174 30 34 30 34 62 55 75 278
-0.00141179 30 51 30 34 62 55 75 278
-0.00141225 30 68 30 34 62 55 75 278
-0.00141227 30 85 30 34 62 55 75 278
-0.0014122 30 102 30 34 62 55 75 278
-0.00141225 30 119 30 34 62 55 75 278
-0.00141219 30 136 30 34 62 55 75 278
-0.00141194 30 153 30 34 62 55 75 278
-0.00141203 30 170 30 34 62 55 75 278
-0.00141208 30 187 30 34 62 55 75 278
-0.00141221 30 204 30 34 62 55 75 278
-0.00141206 30 221 30 34 62 55 75 278
-0.00141211 30 238 30 34 62 55 75 278
-0.00141211 45 0 30 34 62 55 75 278
-0.00141213 45 17 30 34 62 55 75 278
-0.00141214 45 34 30 34 62 55 75 278
-0.00141214 45 51 30 34 62 55 75 278
-0.00141214 45 68 30 34 62 55 75 278
-0.00141215 45 85 30 34 62 55 75 278
-0.00141216 45 102 30 34 62 55 75 278
-0.00141197 45 119 30 34 62 55 75 278
-0.00141221 45 136 30 34 62 55 75 278
-0.00141223 45 153 30 34 62 55 75 278
-0.00141222 45 170 30 34 62 55 75 278
-0.00141208 45 187 30 34 62 55 75 278
-0.00141214 45 204 30 34 62 55 75 278
-0.00141212 45 221 30 34 62 55 75 278
-0.00141219 45 238 30 34 62 55 75 278
-0.00141194 0 0 30 34 62 55 75 278
-0.00141196 0 17 30 34 62 55 75 278
-0.0014118 0 34 30 34 62 55 75 278
-0.00141174 0 51 30 34 62 55 75 278
-0.0014121 0 68 30 34 62 55 75 278
-0.0014122 0 85 30 34 62 55 75 278
-0.00141222 0 102 30 34 62 55 75 278
-0.00141221 0 119 30 34 62 55 75 278
-0.00141225 0 136 30 34 62 55 75 278
-0.00141222 0 153 30 34 62 55 75 278
-0.0014121 0 170 30 34 62 55 75 278
-0.00141212 0 187 30 34 62 55 75 278
-0.00141224 0 204 30 34 62 55 75 278
-0.00141214 0 221 30 34 62 55 75 278
-0.00141224 0 238 30 34 62 55 75 278
-0.00141206 15 0 30 34 62 55 75 278
-0.00141216 15 17 30 34 62 55 75 278
-0.00141189 15 34 30 34 62 55 75 278
-0.00141195 15 51 30 34 62 55 75 278
-0.00141222 15 68 30 34 62 55 75 278
-0.00141225 15 85 30 34 62 55 75 278
-0.00141193 15 102 30 34 62 55 75 278
-0.00141183 15 119 30 34 62 55 75 278
-0.0014122 15 136 30 34 62 55 75 278
-0.00141223 15 153 30 34 62 55 75 278
-0.00141211 15 170 30 34 62 55 75 278
-0.00141201 15 187 30 34 62 55 75 278
-0.00141221 15 204 30 34 62 55 75 278
-0.00141221 15 221 30 34 62 55 75 278
-0.00141206 15 238 30 34 62 55 75 278
-0.00141222 30 0 30 34 62 55 75 278
-0.00141215 30 17 30 34 62 55 75 278
-0.00141213 30 34 30 34 62 55 75 278
-0.00141201 30 51 30 34 62 55 75 278
-0.00141223 30 68 30 34 62 55 75 278
-0.00141225 30 85 30 34 62 55 75 278
-0.00141221 30 102 30 34 62 55 75 278
-0.00141215 30 119 30 34 62 55 75 278
-0.00141185 30 136 30 34 62 55 75 278
-0.00141224 30 153 30 34 62 55 75 278
-0.00141218 30 170 30 34 62 55 75 278
-0.00141182 30 187 30 34 62 55 75 278
-0.00141215 30 204 30 34 62 55 75 278
-0.00141223 30 221 30 34 62 55 75 278
-0.00141201 30 238 30 34 62 55 75 278
-0.00141197 45 0 30 34 62 55 75 278
-0.00141211 45 17 30 34 62 55 75 278
-0.00141214 45 34 30 34 62 55 75 278
-0.00141222 45 51 30 34 62 55 75 278
-0.00141222 45 68 30 34 62 55 75 278
-0.00141215 45 85 30 34 62 55 75 278
-0.00141218 45 102 30 34 62 55 75 278
-0.00141221 45 119 30 34 62 55 75 278
-0.00141224 45 136 30 34 62 55 75 278
-0.00141224 45 153 30 34 62 55 75 278
-0.00141218 45 170 30 34 62 55 75 278
-0.0014119 45 187 30 34 62 55 75 278
-0.00141212 45 204 30 34 62 55 75 278
-0.00141221 45 221 30 34 62 55 75 278
-0.00141199 45 238 30 34 62 55 75 278
-0.00141205 0 0 30 34 62 55 75 278
-0.00141202 0 17 30 34 62 55 75 278
-0.00141201 0 34 30 34 62 55 75 278
-0.00141202 0 51 30 34 62 55 75 278
-0.00141221 0 68 30 34 62 55 75 278
-0.00141214 0 85 30 34 62 55 75 278
-0.00140988 0 102 30 34 62 55 75 278
-0.00141174 0 119 30 34 62 55 75 278
-0.00141193 0 136 30 34 62 55 75 278
-0.00141211 0 153 30 34 62 55 75 278
-0.0014122 0 170 30 34 62 55 75 278
-0.00141198 0 187 30 34 62 55 75 278
-0.00141218 0 204 30 34 62 55 75 278
-0.0014118 0 221 30 34 62 55 75 278
-0.00141144 0 238 30 34 62 55 75 278
-0.001412 15 0 30 34 62 55 75 278
-0.00141211 15 17 30 34 62 55 75 278
-0.00141211 15 34 30 34 62 55 75 278
-0.00141198 15 51 30 34 62 55 75 278
-0.00141218 15 68 30 34 62 55 75 278
-0.00141225 15 85 30 34 62 55 75 278
-0.00141121 15 102 30 34 62 55 75 278
-0.00140918 15 119 30 34 62 55 75 278
-0.00141183 15 136 30 34 62 55 75 278
-0.00141215 15 153 30 34 62 55 75 278
-0.00141217 15 170 30 34 62 55 75 278
-0.00141183 15 187 30 34 62 55 75 278
-0.00141206 15 204 30 34 62 55 75 278
-0.00141161 15 221 30 34 62 55 75 278
-0.00141071 15 238 30 34 62 55 75 278
-0.00141222 30 0 30 34 62 55 75 278
-0.00141218 30 17 30 34 62 55 75 278
-0.00141203 30 34 30 34 62 55 75 278
-0.00141206 30 51 30 34 62 55 75 278
-0.0014122 30 68 30 34 62 55 75 278
-0.00141225 30 85 30 34 62 55 75 278
-0.00141181 30 102 30 34 62 55 75 278
-0.00141156 30 119 30 34 62 55 75 278
-0.00141168 30 136 30 34 62 55 75 278
-0.00141211 30 153 30 34 62 55 75 278
-0.0014121 30 170 30 34 62 55 75 278
-0.00141178 30 187 30 34 62 55 75 278
-0.00141186 30 204 30 34 62 55 75 278
-0.00141129 30 221 30 34 62 55 75 278
-0.00141073 30 238 30 34 62 55 75 278
-0.00141227 45 0 30 34 62 55 75 278
-0.00141223 45 17 30 34 62 55 75 278
-0.00141214 45 34 30 34 62 55 75 278
-0.0014122 45 51 30 34 62 55 75 278
-0.00141215 45 68 30 34 62 55 75 278
-0.0014121 45 85 30 34 62 55 75 278
-0.00141219 45 102 30 34 62 55 75 278
-0.00141219 45 119 30 34 62 55 75 278
-0.00141219 45 136 30 34 62 55 75 278
-0.00141224 45 153 30 34 62 55 75 278
-0.00141223 45 170 30 34 62 55 75 278
-0.00141202 45 187 30 34 62 55 75 278
-0.00141208 45 204 30 34 62 55 75 278
-0.00141212 45 221 30 34 62 55 75 278
-0.00141199 45 238 30 34 62 55 75 278
-0.00141207 0 0 30 34 62 55 75 278
-0.00141178 0 17 30 34 62 55 75 278
-0.00141196 0 34 30 34 62 55 75 278
-0.00141177 0 51 30 34 62 55 75 278
-0.00141209 0 68 30 34 62 55 75 278
-0.00141223 0 85 30 34 62 55 75 278
-0.00141202 0 102 30 34 62 55 75 278
-0.00140956 0 119 30 34 62 55 75 278
-0.00141189 0 136 30 34 62 55 75 278
-0.00141219 0 153 30 34 62 55 75 278
-0.00141223 0 170 30 34 62 55 75 278
-0.00141205 0 187 30 34 62 55 75 278
-0.00141225 0 204 30 34 62 55 75 278
-0.00141219 0 221 30 34 62 55 75 278
-0.00141204 0 238 30 34 62 55 75 278
-0.00141199 15 0 30 34 62 55 75 278
-0.00141214 15 17 30 34 62 55 75 278
-0.00141205 15 34 30 34 62 55 75 278
-0.00141206 15 51 30 34 62 55 75 278
-0.00141203 15 68 30 34 62 55 75 278
-0.00141224 15 85 30 34 62 55 75 278
-0.0014122 15 102 30 34 62 55 75 278
-0.00141211 15 119 30 34 62 55 75 278
-0.00141202 15 136 30 34 62 55 75 278
-0.00141197 15 153 30 34 62 55 75 278
-0.0014122 15 170 30 34 62 55 75 278
-0.00141188 15 187 30 34 62 55 75 278
-0.0014122 15 204 30 34 62 55 75 278
-0.00141224 15 221 30 34 62 55 75 278
-0.00141218 15 238 30 34 62 55 75 278
-0.00141198 30 0 30 34 62 55 75 278
-0.00141176 30 17 30 34 62 55 75 278
-0.00141203 30 34 30 34 62 55 75 278
-0.00141204 30 51 30 34 62 55 75 278
-0.00141153 30 68 30 34 62 55 75 278
-0.00141217 30 85 30 34 62 55 75 278
-0.00141221 30 102 30 34 62 55 75 278
-0.00141196 30 119 30 34 62 55 75 278
-0.00141194 30 136 30 34 62 55 75 278
-0.00141199 30 153 30 34 62 55 75 278
-0.00141213 30 170 30 34 62 55 75 278
-0.001412 30 187 30 34 62 55 75 278
-0.00141213 30 204 30 34 62 55 75 278
-0.00141215 30 221 30 34 62 55 75 278
-0.00141213 30 238 30 34 62 55 75 278
-0.00141227 45 0 30 34 62 55 75 278
-0.00141221 45 17 30 34 62 55 75 278
-0.00141209 45 34 30 34 62 55 75 278
-0.00141217 45 51 30 34 62 55 75 278
-0.00141207 45 68 30 34 62 55 75 278
-0.0014116 45 85 30 34 62 55 75 278
-0.00141197 45 102 30 34 62 55 75 278
-0.00141203 45 119 30 34 62 55 75 278
-0.0014122 45 136 30 34 62 55 75 278
-0.00141221 45 153 30 34 62 55 75 278
-0.00141221 45 170 30 34 62 55 75 278
-0.00141205 45 187 30 34 62 55 75 278
-0.00141209 45 204 30 34 62 55 75 278
-0.00141224 45 221 30 34 62 55 75 278
-0.00141204 45 238 30 34 62 55 75 278
-0.00141215 0 0 30 34 62 55 75 278
-0.00141203 0 17 30 34 62 55 75 278
-0.0014117 0 34 30 34 62 55 75 278
-0.00141181 0 51 30 34 62 55 75 278
-0.00141209 0 68 30 34 62 55 75 278
-0.00141223 0 85 30 34 62 55 75 278
-0.00141224 0 102 30 34 62 55 75 278
-0.00141208 0 119 30 34 62 55 75 278
-0.00141222 0 136 30 34 62 55 75 278
-0.00141222 0 153 30 34 62 55 75 278
-0.00141212 0 170 30 34 62 55 75 278
-0.001412 0 187 30 34 62 55 75 278
-0.00141222 0 204 30 34 62 55 75 278
-0.00141224 0 221 30 34 62 55 75 278
-0.00141221 0 238 30 34 62 55 75 278
-0.00141185 15 0 30 34 62 55 75 278
-0.00141069 15 17 30 34 62 55 75 278
-0.0014112 15 34 30 34 62 55 75 278
-0.00141148 15 51 30 34 62 55 75 278
-0.0014118 15 68 30 34 62 55 75 278
-0.00141187 15 85 30 34 62 55 75 278
-0.00141218 15 102 30 34 62 55 75 278
-0.0014122 15 119 30 34 62 55 75 278
-0.00141211 15 136 30 34 62 55 75 278
-0.00141202 15 153 30 34 62 55 75 278
-0.00141199 15 170 30 34 62 55 75 278
-0.00141203 15 187 30 34 62 55 75 278
-0.00141223 15 204 30 34 62 55 75 278
-0.00141225 15 221 30 34 62 55 75 278
-0.00141226 15 238 30 34 62 55 75 278
-0.00141204 30 0 30 34 62 55 75 278
-0.00141136 30 17 30 34 62 55 75 278
-0.00141164 30 34 30 34 62 55 75 278
-0.00141177 30 51 30 34 62 55 75 278
-0.00141173 30 68 30 34 62 55 75 278
-0.00141124 30 85 30 34 62 55 75 278
-0.00141159 30 102 30 34 62 55 75 278
-0.00141028 30 119 30 34 62 55 75 278
-0.00141004 30 136 30 34 62 55 75 278
-0.00141128 30 153 30 34 62 55 75 278
-0.00141193 30 170 30 34 62 55 75 278
-0.00141206 30 187 30 34 62 55 75 278
-0.00141207 30 204 30 34 62 55 75 278
-0.00141189 30 221 30 34 62 55 75 278
-0.00141184 30 238 30 34 62 55 75 278
-0.00141225 45 0 30 34 62 55 75 278
-0.0014122 45 17 30 34 62 55 75 278
-0.00141178 45 34 30 34 62 55 75 278
-0.00141168 45 51 30 34 62 55 75 278
-0.00141175 45 68 30 34 62 55 75 278
-0.00141166 45 85 30 34 62 55 75 278
-0.00141108 45 102 30 34 62 55 75 278
-0.00141056 45 119 30 34 62 55 75 278
-0.00141114 45 136 30 34 62 55 75 278
-0.00141181 45 153 30 34 62 55 75 278
-0.00141153 45 170 30 34 62 55 75 278
-0.00141182 45 187 30 34 62 55 75 278
-0.00141215 45 204 30 34 62 55 75 278
-0.00141224 45 221 30 34 62 55 75 278
-0.00141222 45 238 30 34 62 55 75 278
-0.00141175 0 0 50 46 62 55 75 278
-0.00140907 0 23 50 46 62 55 75 278
-0.00140842 0 46 50 46 62 55 75 278
-0.00141158 0 69 50 46 62 55 75 278
-0.00141163 0 92 50 46 62 55 75 278
-0.00141097 0 115 50 46 62 55 75 278
-0.00141067 0 138 50 46 62 55 75 278
-0.00141106 0 161 50 46 62 55 75 278
-0.00141177 0 184 50 46 62 55 75 278
-0.00141221 0 207 50 46 62 55 75 278
-0.00141204 0 230 50 46 62 55 75 278
-0.00141218 25 0 50 46 62 55 75 278
-0.00141143 25 23 50 46 62 55 75 278
-0.00139464 25 46 50 46 62 55 75 278
-0.00141129 25 69 50 46 62 55 75 278
-0.00141165 25 92 50 46 62 55 75 278
-0.00141052 25 115 50 46 62 55 75 278
-0.00101424 25 138 50 46 62 55 75 278
-0.00141069 25 161 50 46 62 55 75 278
-0.00141126 25 184 50 46 62 55 75 278
-0.00141214 25 207 50 46 62 55 75 278
-0.00141172 25 230 50 46 62 55 75 278
-0.00141212 0 0 50 46 62 55 75 278
-0.00141217 0 23 50 46 62 55 75 278
-0.00141206 0 46 50 46 62 55 75 278
-0.00141014 0 69 50 46 62 55 75 278
-0.00140936 0 92 50 46 62 55 75 278
-0.00140777 0 115 50 46 62 55 75 278
-0.000298423 0 138 50 46 62 55 75 278
-0.00141011 0 161 50 46 62 55 75 278
-0.001412 0 184 50 46 62 55 75 278
-0.00141217 0 207 50 46 62 55 75 278
-0.00141142 0 230 50 46 62 55 75 278
-0.00141224 25 0 50 46 62 55 75 278
-0.00141217 25 23 50 46 62 55 75 278
-0.00141195 25 46 50 46 62 55 75 278
-0.00141055 25 69 50 46 62 55 75 278
-0.00140798 25 92 50 46 62 55 75 278
-0.00108171 25 115 50 46 62 55 75 278
-0.000252634 25 138 50 46 62 55 75 278
-0.00141018 25 161 50 46 62 55 75 278
-0.00141201 25 184 50 46 62 55 75 278
-0.00141219 25 207 50 46 62 55 75 278
-0.00141188 25 230 50 46 62 55 75 278
-0.00141207 0 0 50 46 62 55 75 278
-0.00141029 0 23 50 46 62 55 75 278
-0.00141175 0 46 50 46 62 55 75 278
-0.00141198 0 69 50 46 62 55 75 278
-0.000959735 0 92 50 46 62 55 75 278
-0.000918604 0 115 50 46 62 55 75 278
-0.000674762 0 138 50 46 62 55 75 278
-0.000346556 0 161 50 46 62 55 75 278
-0.000863684 0 184 50 46 62 55 75 278
-0.0014093 0 207 50 46 62 55 75 278
-0.00141194 0 230 50 46 62 55 75 278
-0.00141224 25 0 50 46 62 55 75 278
-0.00141195 25 23 50 46 62 55 75 278
-0.00141153 25 46 50 46 62 55 75 278
-0.00141206 25 69 50 46 62 55 75 278
-0.00141104 25 92 50 46 62 55 75 278
-0.00141037 25 115 50 46 62 55 75 278
-0.00141002 25 138 50 46 62 55 75 278
-0.00140768 25 161 50 46 62 55 75 278
-0.00104159 25 184 50 46 62 55 75 278
-0.00105506 25 207 50 46 62 55 75 278
-0.00141171 25 230 50 46 62 55 75 278
-0.00141205 0 0 50 46 62 55 75 278
-0.00140997 0 23 50 46 62 55 75 278
-0.001028 0 46 50 46 62 55 75 278
-0.00141032 0 69 50 46 62 55 75 278
-0.00141019 0 92 50 46 62 55 75 278
-0.00141053 0 115 50 46 62 55 75 278
-0.00106837 0 138 50 46 62 55 75 278
-0.00141013 0 161 50 46 62 55 75 278
-0.00141091 0 184 50 46 62 55 75 278
-0.00141103 0 207 50 46 62 55 75 278
-0.00141224 0 230 50 46 62 55 75 278
-0.00141225 25 0 50 46 62 55 75 278
-0.0014121 25 23 50 46 62 55 75 278
-0.00141115 25 46 50 46 62 55 75 278
-0.00141136 25 69 50 46 62 55 75 278
-0.00141137 25 92 50 46 62 55 75 278
-0.00141135 25 115 50 46 62 55 75 278
-0.00140909 25 138 50 46 62 55 75 278
-0.00141138 25 161 50 46 62 55 75 278
-0.00141208 25 184 50 46 62 55 75 278
-0.00141177 25 207 50 46 62 55 75 278
-0.00141221 25 230 50 46 62 55 75 278
-0.00141215 0 0 50 46 62 55 75 278
-0.0014113 0 23 50 46 62 55 75 278
-0.00141074 0 46 50 46 62 55 75 278
-0.00141122 0 69 50 46 62 55 75 278
-0.00140976 0 92 50 46 62 55 75 278
-0.00141151 0 115 50 46 62 55 75 278
-0.001412 0 138 50 46 62 55 75 278
-0.00141211 0 161 50 46 62 55 75 278
-0.00141166 0 184 50 46 62 55 75 278
-0.001412 0 207 50 46 62 55 75 278
-0.00141193 0 230 50 46 62 55 75 278
-0.00141223 25 0 50 46 62 55 75 278
-0.00141196 25 23 50 46 62 55 75 278
-0.00141014 25 46 50 46 62 55 75 278
-0.00140936 25 69 50 46 62 55 75 278
-0.00140819 25 92 50 46 62 55 75 278
-0.00140751 25 115 50 46 62 55 75 278
-0.00140939 25 138 50 46 62 55 75 278
-0.00141191 25 161 50 46 62 55 75 278
-0.00141195 25 184 50 46 62 55 75 278
-0.00141019 25 207 50 46 62 55 75 278
-0.00141116 25 230 50 46 62 55 75 278
-0.00141201 0 0 50 46 62 55 75 278
-0.00141165 0 23 50 46 62 55 75 278
-0.00141175 0 46 50 46 62 55 75 278
-0.00141208 0 69 50 46 62 55 75 278
-0.00141212 0 92 50 46 62 55 75 278
-0.00141204 0 115 50 46 62 55 75 278
-0.0014117 0 138 50 46 62 55 75 278
-0.00136878 0 161 50 46 62 55 75 278
-0.00141168 0 184 50 46 62 55 75 278
-0.00141209 0 207 50 46 62 55 75 278
-0.00141098 0 230 50 46 62 55 75 278
-0.00141221 25 0 50 46 62 55 75 278
-0.00141194 25 23 50 46 62 55 75 278
-0.00141118 25 46 50 46 62 55 75 278
-0.00141219 25 69 50 46 62 55 75 278
-0.00141221 25 92 50 46 62 55 75 278
-0.00141202 25 115 50 46 62 55 75 278
-0.00141082 25 138 50 46 62 55 75 278
-0.00141109 25 161 50 46 62 55 75 278
-0.00141208 25 184 50 46 62 55 75 278
-0.00141216 25 207 50 46 62 55 75 278
-0.00141213 25 230 50 46 62 55 75 278
-0.00141141 0 0 50 46 62 55 75 278
-0.00141092 0 23 50 46 62 55 75 278
-0.0014114 0 46 50 46 62 55 75 278
-0.00141221 0 69 50 46 62 55 75 278
-0.00141218 0 92 50 46 62 55 75 278
-0.00141207 0 115 50 46 62 55 75 278
-0.00141224 0 138 50 46 62 55 75 278
-0.00141205 0 161 50 46 62 55 75 278
-0.00141193 0 184 50 46 62 55 75 278
-0.00141223 0 207 50 46 62 55 75 278
-0.00141224 0 230 50 46 62 55 75 278
-0.00141219 25 0 50 46 62 55 75 278
-0.00141209 25 23 50 46 62 55 75 278
-0.00141206 25 46 50 46 62 55 75 278
-0.00141216 25 69 50 46 62 55 75 278
-0.00141222 25 92 50 46 62 55 75 278
-0.00141221 25 115 50 46 62 55 75 278
-0.00141224 25 138 50 46 62 55 75 278
-0.00141215 25 161 50 46 62 55 75 278
-0.00141109 25 184 50 46 62 55 75 278
-0.00141214 25 207 50 46 62 55 75 278
-0.00141214 25 230 50 46 62 55 75 278
-0.00141198 0 0 50 46 62 55 75 278
-0.00141201 0 23 50 46 62 55 75 278
-0.00141177 0 46 50 46 62 55 75 278
-0.00141221 0 69 50 46 62 55 75 278
-0.00141153 0 92 50 46 62 55 75 278
-0.0014107 0 115 50 46 62 55 75 278
-0.00141212 0 138 50 46 62 55 75 278
-0.00141219 0 161 50 46 62 55 75 278
-0.00141122 0 184 50 46 62 55 75 278
-0.00141201 0 207 50 46 62 55 75 278
-0.00141135 0 230 50 46 62 55 75 278
-0.00141219 25 0 50 46 62 55 75 278
-0.00141196 25 23 50 46 62 55 75 278
-0.00141165 25 46 50 46 62 55 75 278
-0.00141214 25 69 50 46 62 55 75 278
-0.00141221 25 92 50 46 62 55 75 278
-0.00141198 25 115 50 46 62 55 75 278
-0.0014122 25 138 50 46 62 55 75 278
-0.00141222 25 161 50 46 62 55 75 278
-0.0014113 25 184 50 46 62 55 75 278
-0.00141211 25 207 50 46 62 55 75 278
-0.00141172 25 230 50 46 62 55 75 278
-0.00141184 0 0 50 46 62 55 75 278
-0.00141201 0 23 50 46 62 55 75 278
-0.00141144 0 46 50 46 62 55 75 278
-0.00141205 0 69 50 46 62 55 75 278
-0.00141225 0 92 50 46 62 55 75 278
-0.00141181 0 115 50 46 62 55 75 278
-0.00141203 0 138 50 46 62 55 75 278
-0.0014122 0 161 50 46 62 55 75 278
-0.00141186 0 184 50 46 62 55 75 278
-0.00141225 0 207 50 46 62 55 75 278
-0.00141221 0 230 50 46 62 55 75 278
-0.00141198 25 0 50 46 62 55 75 278
-0.00141118 25 23 50 46 62 55 75 278
-0.00141122 25 46 50 46 62 55 75 278
-0.00141067 25 69 50 46 62 55 75 278
-0.00141208 25 92 50 46 62 55 75 278
-0.00141203 25 115 50 46 62 55 75 278
-0.00141202 25 138 50 46 62 55 75 278
-0.0014121 25 161 50 46 62 55 75 278
-0.0014116 25 184 50 46 62 55 75 278
-0.00141218 25 207 50 46 62 55 75 278
-0.00141224 25 230 50 46 62 55 75 278
-0.00141192 0 0 50 46 62 55 75 278
-0.00140949 0 23 50 46 62 55 75 278
-0.00119853 0 46 50 46 62 55 75 278
-0.00141087 0 69 50 46 62 55 75 278
-0.00141207 0 92 50 46 62 55 75 278
-0.00141205 0 115 50 46 62 55 75 278
-0.00141213 0 138 50 46 62 55 75 278
-0.00141204 0 161 50 46 62 55 75 278
-0.00141176 0 184 50 46 62 55 75 278
-0.00141214 0 207 50 46 62 55 75 278
-0.00141206 0 230 50 46 62 55 75 278
-0.00141212 25 0 50 46 62 55 75 278
-0.00141102 25 23 50 46 62 55 75 278
-0.00141098 25 46 50 46 62 55 75 278
-0.00141101 25 69 50 46 62 55 75 278
-0.00141142 25 92 50 46 62 55 75 278
-0.00141071 25 115 50 46 62 55 75 278
-0.00141111 25 138 50 46 62 55 75 278
-0.00141161 25 161 50 46 62 55 75 278
-0.0014119 25 184 50 46 62 55 75 278
-0.00141221 25 207 50 46 62 55 75 278
-0.00141206 25 230 50 46 62 55 75 278
-0.00141164 0 0 50 61 62 55 75 278
-0.000580686 0 30 50 61 62 55 75 278
-0.00141123 0 60 50 61 62 55 75 278
-0.00141092 0 90 50 61 62 55 75 278
-0.00141049 0 120 50 61 62 55 75 278
-0.00141042 0 150 50 61 62 55 75 278
-0.0014116 0 180 50 61 62 55 75 278
-0.00141214 0 210 50 61 62 55 75 278
-0.00141206 25 0 50 61 62 55 75 278
-0.00140995 25 30 50 61 62 55 75 278
-0.00141107 25 60 50 61 62 55 75 278
-0.00141135 25 90 50 61 62 55 75 278
-0.00140827 25 120 50 61 62 55 75 278
-0.00135582 25 150 50 61 62 55 75 278
-0.00141029 25 180 50 61 62 55 75 278
-0.0014121 25 210 50 61 62 55 75 278
-0.00141218 0 0 50 61 62 55 75 278
-0.00141203 0 30 50 61 62 55 75 278
-0.00141116 0 60 50 61 62 55 75 278
-0.0014085 0 90 50 61 62 55 75 278
-0.00075036 0 120 50 61 62 55 75 278
-0.00140984 0 150 50 61 62 55 75 278
-0.00141194 0 180 50 61 62 55 75 278
-0.00141215 0 210 50 61 62 55 75 278
-0.00141223 25 0 50 61 62 55 75 278
-0.00141202 25 30 50 61 62 55 75 278
-0.001411 25 60 50 61 62 55 75 278
-0.00134285 25 90 50 61 62 55 75 278
-0.000407876 25 120 50 61 62 55 75 278
-0.00140986 25 150 50 61 62 55 75 278
-0.00141194 25 180 50 61 62 55 75 278
-0.00141217 25 210 50 61 62 55 75 278
-0.00141198 0 0 50 61 62 55 75 278
-0.00140951 0 30 50 61 62 55 75 278
-0.00141186 0 60 50 61 62 55 75 278
-0.000821999 0 90 50 61 62 55 75 278
-0.000690027 0 120 50 61 62 55 75 278
-0.000322412 0 150 50 61 62 55 75 278
-0.000849888 0 180 50 61 62 55 75 278
-0.00141077 0 210 50 61 62 55 75 278
-0.0014122 25 0 50 61 62 55 75 278
-0.00140984 25 30 50 61 62 55 75 278
-0.001412 25 60 50 61 62 55 75 278
-0.00141036 25 90 50 61 62 55 75 278
-0.00141033 25 120 50 61 62 55 75 278
-0.0011211 25 150 50 61 62 55 75 278
-0.00110804 25 180 50 61 62 55 75 278
-0.00140965 25 210 50 61 62 55 75 278
-0.001412 0 0 50 61 62 55 75 278
-0.00044887 0 30 50 61 62 55 75 278
-0.00140755 0 60 50 61 62 55 75 278
-0.00140988 0 90 50 61 62 55 75 278
-0.00140835 0 120 50 61 62 55 75 278
-0.00140769 0 150 50 61 62 55 75 278
-0.00141095 0 180 50 61 62 55 75 278
-0.00141203 0 210 50 61 62 55 75 278
-0.00141224 25 0 50 61 62 55 75 278
-0.00141146 25 30 50 61 62 55 75 278
-0.0014111 25 60 50 61 62 55 75 278
-0.0014113 25 90 50 61 62 55 75 278
-0.00141033 25 120 50 61 62 55 75 278
-0.00141063 25 150 50 61 62 55 75 278
-0.00141194 25 180 50 61 62 55 75 278
-0.00141198 25 210 50 61 62 55 75 278
-0.00141207 0 0 50 61 62 55 75 278
-0.00141053 0 30 50 61 62 55 75 278
-0.00141043 0 60 50 61 62 55 75 278
-0.0014092 0 90 50 61 62 55 75 278
-0.00141168 0 120 50 61 62 55 75 278
-0.00141208 0 150 50 61 62 55 75 278
-0.00141177 0 180 50 61 62 55 75 278
-0.00141191 0 210 50 61 62 55 75 278
-0.00141218 25 0 50 61 62 55 75 278
-0.00141083 25 30 50 61 62 55 75 278
-0.00140955 25 60 50 61 62 55 75 278
-0.00130381 25 90 50 61 62 55 75 278
-0.0012778 25 120 50 61 62 55 75 278
-0.00141174 25 150 50 61 62 55 75 278
-0.00141088 25 180 50 61 62 55 75 278
-0.00140837 25 210 50 61 62 55 75 278
-0.00141206 0 0 50 61 62 55 75 278
-0.00141122 0 30 50 61 62 55 75 278
-0.00141204 0 60 50 61 62 55 75 278
-0.00141187 0 90 50 61 62 55 75 278
-0.00141177 0 120 50 61 62 55 75 278
-0.00140999 0 150 50 61 62 55 75 278
-0.00141131 0 180 50 61 62 55 75 278
-0.00141188 0 210 50 61 62 55 75 278
-0.0014122 25 0 50 61 62 55 75 278
-0.00141043 25 30 50 61 62 55 75 278
-0.00141213 25 60 50 61 62 55 75 278
-0.00141214 25 90 50 61 62 55 75 278
-0.00141161 25 120 50 61 62 55 75 278
-0.00141084 25 150 50 61 62 55 75 278
-0.00141195 25 180 50 61 62 55 75 278
-0.00141182 25 210 50 61 62 55 75 278
-0.00141127 0 0 50 61 62 55 75 278
-0.00141024 0 30 50 61 62 55 75 278
-0.00141218 0 60 50 61 62 55 75 278
-0.0014121 0 90 50 61 62 55 75 278
-0.00141225 0 120 50 61 62 55 75 278
-0.00141193 0 150 50 61 62 55 75 278
-0.00141165 0 180 50 61 62 55 75 278
-0.00141223 0 210 50 61 62 55 75 278
-0.00141218 25 0 50 61 62 55 75 278
-0.00141196 25 30 50 61 62 55 75 278
-0.00141211 25 60 50 61 62 55 75 278
-0.00141222 25 90 50 61 62 55 75 278
-0.00141222 25 120 50 61 62 55 75 278
-0.0014121 25 150 50 61 62 55 75 278
-0.00140818 25 180 50 61 62 55 75 278
-0.00141214 25 210 50 61 62 55 75 278
-0.00141175 0 0 50 61 62 55 75 278
-0.00141106 0 30 50 61 62 55 75 278
-0.00141217 0 60 50 61 62 55 75 278
-0.00141152 0 90 50 61 62 55 75 278
-0.00141195 0 120 50 61 62 55 75 278
-0.00141218 0 150 50 61 62 55 75 278
-0.00117271 0 180 50 61 62 55 75 278
-0.00141187 0 210 50 61 62 55 75 278
-0.00141206 25 0 50 61 62 55 75 278
-0.00141117 25 30 50 61 62 55 75 278
-0.00141207 25 60 50 61 62 55 75 278
-0.00141221 25 90 50 61 62 55 75 278
-0.00141209 25 120 50 61 62 55 75 278
-0.00141221 25 150 50 61 62 55 75 278
-0.00140812 25 180 50 61 62 55 75 278
-0.00141212 25 210 50 61 62 55 75 278
-0.00141177 0 0 50 61 62 55 75 278
-0.00141167 0 30 50 61 62 55 75 278
-0.00141191 0 60 50 61 62 55 75 278
-0.00141222 0 90 50 61 62 55 75 278
-0.00141201 0 120 50 61 62 55 75 278
-0.00141213 0 150 50 61 62 55 75 278
-0.00141139 0 180 50 61 62 55 75 278
-0.00141224 0 210 50 61 62 55 75 278
-0.00141176 25 0 50 61 62 55 75 278
-0.00141138 25 30 50 61 62 55 75 278
-0.00141157 25 60 50 61 62 55 75 278
-0.00141195 25 90 50 61 62 55 75 278
-0.00141198 25 120 50 61 62 55 75 278
-0.00141169 25 150 50 61 62 55 75 278
-0.00140772 25 180 50 61 62 55 75 278
-0.00141218 25 210 50 61 62 55 75 278
-0.00141166 0 0 50 61 62 55 75 278
-0.00140936 0 30 50 61 62 55 75 278
-0.00141116 0 60 50 61 62 55 75 278
-0.00141197 0 90 50 61 62 55 75 278
-0.0014121 0 120 50 61 62 55 75 278
-0.00141201 0 150 50 61 62 55 75 278
-0.00141191 0 180 50 61 62 55 75 278
-0.00141195 0 210 50 61 62 55 75 278
-0.00141196 25 0 50 61 62 55 75 278
-0.00141063 25 30 50 61 62 55 75 278
-0.00141081 25 60 50 61 62 55 75 278
-0.00141074 25 90 50 61 62 55 75 278
-0.00141081 25 120 50 61 62 55 75 278
-0.00141156 25 150 50 61 62 55 75 278
-0.00141194 25 180 50 61 62 55 75 278
-0.00141217 25 210 50 61 62 55 75 278
-0.00140998 0 0 75 111 62 55 75 278
-0.00140973 0 55 75 111 62 55 75 278
-0.00140831 0 110 75 111 62 55 75 278
-0.00129085 0 165 75 111 62 55 75 278
-0.00141189 0 0 75 111 62 55 75 278
-0.00140966 0 55 75 111 62 55 75 278
-0.0013298 0 110 75 111 62 55 75 278
-0.00141151 0 165 75 111 62 55 75 278
-0.00141078 0 0 75 111 62 55 75 278
-0.00141093 0 55 75 111 62 55 75 278
-0.00123828 0 110 75 111 62 55 75 278
-0.0014106 0 165 75 111 62 55 75 278
-0.00141162 0 0 75 111 62 55 75 278
-0.0010007 0 55 75 111 62 55 75 278
-0.000835932 0 110 75 111 62 55 75 278
-0.00141194 0 165 75 111 62 55 75 278
-0.00141169 0 0 75 111 62 55 75 278
-0.000547926 0 55 75 111 62 55 75 278
-0.0014105 0 110 75 111 62 55 75 278
-0.00141161 0 165 75 111 62 55 75 278
-0.00141155 0 0 75 111 62 55 75 278
-0.00141099 0 55 75 111 62 55 75 278
-0.00141011 0 110 75 111 62 55 75 278
-0.00140995 0 165 75 111 62 55 75 278
-0.00141022 0 0 75 111 62 55 75 278
-0.00141202 0 55 75 111 62 55 75 278
-0.00141112 0 110 75 111 62 55 75 278
-0.00140927 0 165 75 111 62 55 75 278
-0.00140891 0 0 75 111 62 55 75 278
-0.00141214 0 55 75 111 62 55 75 278
-0.00141208 0 110 75 111 62 55 75 278
-0.00141109 0 165 75 111 62 55 75 278
-0.00140898 0 0 75 111 62 55 75 278
-0.00141188 0 55 75 111 62 55 75 278
-0.00141177 0 110 75 111 62 55 75 278
-0.00141086 0 165 75 111 62 55 75 278
-0.00140947 0 0 75 111 62 55 75 278
-0.00141091 0 55 75 111 62 55 75 278
-0.00141128 0 110 75 111 62 55 75 278
-0.00141155 0 165 75 111 62 55 75 278
-0.00114693 0 0 75 185 62 55 75 278
-0.00140951 0 92 75 185 62 55 75 278
-0.00141039 0 0 75 185 62 55 75 278
-0.00125155 0 92 75 185 62 55 75 278
-0.00141006 0 0 75 185 62 55 75 278
-0.00140934 0 92 75 185 62 55 75 278
-0.00141111 0 0 75 185 62 55 75 278
-0.00140985 0 92 75 185 62 55 75 278
-0.00140834 0 0 75 185 62 55 75 278
-0.00140925 0 92 75 185 62 55 75 278
-0.00141031 0 0 75 185 62 55 75 278
-0.00140926 0 92 75 185 62 55 75 278
-0.00141104 0 0 75 185 62 55 75 278
-0.00140967 0 92 75 185 62 55 75 278
-0.00140901 0 0 75 185 62 55 75 278
-0.00141004 0 92 75 185 62 55 75 278
-0.00140871 0 0 75 185 62 55 75 278
-0.00141187 0 92 75 185 62 55 75 278
-0.00140861 0 0 75 185 62 55 75 278
-0.00141147 0 92 75 185 62 55 75 278
