-0.00191235 0 0 24 22 583 475 99 113
-0.00191419 0 11 24 22 583 475 99 113
-0.0019145 0 22 24 22 583 475 99 113
-0.00191403 0 33 24 22 583 475 99 113
-0.0019168 0 44 24 22 583 475 99 113
-0.00191666 0 55 24 22 583 475 99 113
-0.00191614 0 66 24 22 583 475 99 113
-0.00191605 0 77 24 22 583 475 99 113
-0.00191646 0 88 24 22 583 475 99 113
-0.00191143 12 0 24 22 583 475 99 113
-0.00191526 12 11 24 22 583 475 99 113
-0.00191072 12 22 24 22 583 475 99 113
-0.00133923 12 33 24 22 583 475 99 113
-0.00191511 12 44 24 22 583 475 99 113
-0.00191678 12 55 24 22 583 475 99 113
-0.00191677 12 66 24 22 583 475 99 113
-0.00191668 12 77 24 22 583 475 99 113
-0.00191673 12 88 24 22 583 475 99 113
-0.00191362 24 0 24 22 583 475 99 113
-0.00191611 24 11 24 22 583 475 99 113
-0.0019142 24 22 24 22 583 475 99 113
-0.00191567 24 33 24 22 583 475 99 113
-0.00191562 24 44 24 22 583 475 99 113
-0.00191404 24 55 24 22 583 475 99 113
-0.00191248 24 66 24 22 583 475 99 113
-0.0019126 24 77 24 22 583 475 99 113
-0.00191588 24 88 24 22 583 475 99 113
-0.00191164 36 0 24 22 583 475 99 113
-0.00191299 36 11 24 22 583 475 99 113
-0.00191499 36 22 24 22 583 475 99 113
-0.00191566 36 33 24 22 583 475 99 113
-0.00191492 36 44 24 22 583 475 99 113
-0.00191624 36 55 24 22 583 475 99 113
-0.00191626 36 66 24 22 583 475 99 113
-0.00191363 36 77 24 22 583 475 99 113
-0.00190724 36 88 24 22 583 475 99 113
-0.00191655 48 0 24 22 583 475 99 113
-0.00191542 48 11 24 22 583 475 99 113
-0.00191603 48 22 24 22 583 475 99 113
-0.00191188 48 33 24 22 583 475 99 113
-0.00191591 48 44 24 22 583 475 99 113
-0.00191644 48 55 24 22 583 475 99 113
-0.00191637 48 66 24 22 583 475 99 113
-0.00191662 48 77 24 22 583 475 99 113
-0.00191505 48 88 24 22 583 475 99 113
-0.00191671 60 0 24 22 583 475 99 113
-0.00191592 60 11 24 22 583 475 99 113
-0.00191582 60 22 24 22 583 475 99 113
-0.00191653 60 33 24 22 583 475 99 113
-0.00191569 60 44 24 22 583 475 99 113
-0.00191397 60 55 24 22 583 475 99 113
-0.00191536 60 66 24 22 583 475 99 113
-0.00191658 60 77 24 22 583 475 99 113
-0.00191559 60 88 24 22 583 475 99 113
-0.00191672 72 0 24 22 583 475 99 113
-0.00191509 72 11 24 22 583 475 99 113
-0.00190948 72 22 24 22 583 475 99 113
-0.00191642 72 33 24 22 583 475 99 113
-0.00191659 72 44 24 22 583 475 99 113
-0.00191672 72 55 24 22 583 475 99 113
-0.00191669 72 66 24 22 583 475 99 113
-0.00191637 72 77 24 22 583 475 99 113
-0.00191457 72 88 24 22 583 475 99 113
-0.00191477 0 0 24 22 583 475 99 113
-0.00191469 0 11 24 22 583 475 99 113
-0.00191534 0 22 24 22 583 475 99 113
-0.00191198 0 33 24 22 583 475 99 113
-0.00191469 0 44 24 22 583 475 99 113
-0.0019165 0 55 24 22 583 475 99 113
-0.0019159 0 66 24 22 583 475 99 113
-0.001916 0 77 24 22 583 475 99 113
-0.00191666 0 88 24 22 583 475 99 113
-0.00191451 12 0 24 22 583 475 99 113
-0.0019113 12 11 24 22 583 475 99 113
-0.00191176 12 22 24 22 583 475 99 113
-0.00191414 12 33 24 22 583 475 99 113
-0.00191449 12 44 24 22 583 475 99 113
-0.00191449 12 55 24 22 583 475 99 113
-0.00191609 12 66 24 22 583 475 99 113
-0.00191572 12 77 24 22 583 475 99 113
-0.00191653 12 88 24 22 583 475 99 113
-0.00191444 24 0 24 22 583 475 99 113
-0.00190699 24 11 24 22 583 475 99 113
-0.00190323 24 22 24 22 583 475 99 113
-0.00190931 24 33 24 22 583 475 99 113
-0.00191345 24 44 24 22 583 475 99 113
-0.00191479 24 55 24 22 583 475 99 113
-0.00191472 24 66 24 22 583 475 99 113
-0.0019088 24 77 24 22 583 475 99 113
-0.00191192 24 88 24 22 583 475 99 113
-0.00190943 36 0 24 22 583 475 99 113
-0.00135134 36 11 24 22 583 475 99 113
-0.00187302 36 22 24 22 583 475 99 113
-0.00184275 36 33 24 22 583 475 99 113
-0.00191213 36 44 24 22 583 475 99 113
-0.00190863 36 55 24 22 583 475 99 113
-0.00191507 36 66 24 22 583 475 99 113
-0.00191606 36 77 24 22 583 475 99 113
-0.00191059 36 88 24 22 583 475 99 113
-0.00191401 48 0 24 22 583 475 99 113
-0.00191521 48 11 24 22 583 475 99 113
-0.00191548 48 22 24 22 583 475 99 113
-0.00190615 48 33 24 22 583 475 99 113
-0.00190442 48 44 24 22 583 475 99 113
-0.00191409 48 55 24 22 583 475 99 113
-0.00191249 48 66 24 22 583 475 99 113
-0.00191623 48 77 24 22 583 475 99 113
-0.00191614 48 88 24 22 583 475 99 113
-0.00191643 60 0 24 22 583 475 99 113
-0.00191573 60 11 24 22 583 475 99 113
-0.00191639 60 22 24 22 583 475 99 113
-0.00191612 60 33 24 22 583 475 99 113
-0.00191421 60 44 24 22 583 475 99 113
-0.00191375 60 55 24 22 583 475 99 113
-0.00191537 60 66 24 22 583 475 99 113
-0.00191602 60 77 24 22 583 475 99 113
-0.00191536 60 88 24 22 583 475 99 113
-0.0019166 72 0 24 22 583 475 99 113
-0.00191334 72 11 24 22 583 475 99 113
-0.00191169 72 22 24 22 583 475 99 113
-0.00191588 72 33 24 22 583 475 99 113
-0.00191635 72 44 24 22 583 475 99 113
-0.00191658 72 55 24 22 583 475 99 113
-0.00191658 72 66 24 22 583 475 99 113
-0.00191641 72 77 24 22 583 475 99 113
-0.00191562 72 88 24 22 583 475 99 113
-0.00191519 0 0 24 22 583 475 99 113
-0.00191566 0 11 24 22 583 475 99 113
-0.00191549 0 22 24 22 583 475 99 113
-0.00191584 0 33 24 22 583 475 99 113
-0.00191617 0 44 24 22 583 475 99 113
-0.00191548 0 55 24 22 583 475 99 113
-0.0019147 0 66 24 22 583 475 99 113
-0.00191516 0 77 24 22 583 475 99 113
-0.00191415 0 88 24 22 583 475 99 113
-0.00191656 12 0 24 22 583 475 99 113
-0.0019163 12 11 24 22 583 475 99 113
-0.00191087 12 22 24 22 583 475 99 113
-0.00190454 12 33 24 22 583 475 99 113
-0.00191164 12 44 24 22 583 475 99 113
-0.00191526 12 55 24 22 583 475 99 113
-0.0019162 12 66 24 22 583 475 99 113
-0.00191618 12 77 24 22 583 475 99 113
-0.00191563 12 88 24 22 583 475 99 113
-0.00191645 24 0 24 22 583 475 99 113
-0.00191554 24 11 24 22 583 475 99 113
-0.00190949 24 22 24 22 583 475 99 113
-0.00156432 24 33 24 22 583 475 99 113
-0.00191431 24 44 24 22 583 475 99 113
-0.00191559 24 55 24 22 583 475 99 113
-0.0019142 24 66 24 22 583 475 99 113
-0.00191633 24 77 24 22 583 475 99 113
-0.00191659 24 88 24 22 583 475 99 113
-0.00191414 36 0 24 22 583 475 99 113
-0.00191245 36 11 24 22 583 475 99 113
-0.00113032 36 22 24 22 583 475 99 113
-0.00255394 36 33 24 22 583 475 99 113
-0.00191524 36 44 24 22 583 475 99 113
-0.00191581 36 55 24 22 583 475 99 113
-0.0019102 36 66 24 22 583 475 99 113
-0.00191538 36 77 24 22 583 475 99 113
-0.00191657 36 88 24 22 583 475 99 113
-0.00191629 48 0 24 22 583 475 99 113
-0.00191265 48 11 24 22 583 475 99 113
-0.00190772 48 22 24 22 583 475 99 113
-0.00191135 48 33 24 22 583 475 99 113
-0.00191517 48 44 24 22 583 475 99 113
-0.00191518 48 55 24 22 583 475 99 113
-0.00191124 48 66 24 22 583 475 99 113
-0.00191308 48 77 24 22 583 475 99 113
-0.00191646 48 88 24 22 583 475 99 113
-0.00191654 60 0 24 22 583 475 99 113
-0.00191552 60 11 24 22 583 475 99 113
-0.00191561 60 22 24 22 583 475 99 113
-0.00191545 60 33 24 22 583 475 99 113
-0.00191504 60 44 24 22 583 475 99 113
-0.001915 60 55 24 22 583 475 99 113
-0.00191514 60 66 24 22 583 475 99 113
-0.00191609 60 77 24 22 583 475 99 113
-0.00191661 60 88 24 22 583 475 99 113
-0.00191612 72 0 24 22 583 475 99 113
-0.00191472 72 11 24 22 583 475 99 113
-0.00191546 72 22 24 22 583 475 99 113
-0.00191638 72 33 24 22 583 475 99 113
-0.00191582 72 44 24 22 583 475 99 113
-0.00191502 72 55 24 22 583 475 99 113
-0.00191612 72 66 24 22 583 475 99 113
-0.00191654 72 77 24 22 583 475 99 113
-0.00191595 72 88 24 22 583 475 99 113
-0.00191413 0 0 24 22 583 475 99 113
-0.00191315 0 11 24 22 583 475 99 113
-0.00191602 0 22 24 22 583 475 99 113
-0.00191608 0 33 24 22 583 475 99 113
-0.00191524 0 44 24 22 583 475 99 113
-0.00191123 0 55 24 22 583 475 99 113
-0.0019147 0 66 24 22 583 475 99 113
-0.00191527 0 77 24 22 583 475 99 113
-0.00191522 0 88 24 22 583 475 99 113
-0.00191226 12 0 24 22 583 475 99 113
-0.00175991 12 11 24 22 583 475 99 113
-0.00191304 12 22 24 22 583 475 99 113
-0.00191427 12 33 24 22 583 475 99 113
-0.0019134 12 44 24 22 583 475 99 113
-0.00191439 12 55 24 22 583 475 99 113
-0.00191102 12 66 24 22 583 475 99 113
-0.00190673 12 77 24 22 583 475 99 113
-0.00191252 12 88 24 22 583 475 99 113
-0.00191089 24 0 24 22 583 475 99 113
-0.00191393 24 11 24 22 583 475 99 113
-0.00190883 24 22 24 22 583 475 99 113
-0.00191445 24 33 24 22 583 475 99 113
-0.00190754 24 44 24 22 583 475 99 113
-0.00152134 24 55 24 22 583 475 99 113
-0.00190995 24 66 24 22 583 475 99 113
-0.00116463 24 77 24 22 583 475 99 113
-0.00190644 24 88 24 22 583 475 99 113
-0.00159697 36 0 24 22 583 475 99 113
-0.00191052 36 11 24 22 583 475 99 113
-0.00191497 36 22 24 22 583 475 99 113
-0.00191497 36 33 24 22 583 475 99 113
-0.00191356 36 44 24 22 583 475 99 113
-0.00191597 36 55 24 22 583 475 99 113
-0.00191622 36 66 24 22 583 475 99 113
-0.00191574 36 77 24 22 583 475 99 113
-0.00191437 36 88 24 22 583 475 99 113
-0.00191308 48 0 24 22 583 475 99 113
-0.00191267 48 11 24 22 583 475 99 113
-0.0019141 48 22 24 22 583 475 99 113
-0.00190887 48 33 24 22 583 475 99 113
-0.00191541 48 44 24 22 583 475 99 113
-0.00191588 48 55 24 22 583 475 99 113
-0.00191353 48 66 24 22 583 475 99 113
-0.0019159 48 77 24 22 583 475 99 113
-0.00191143 48 88 24 22 583 475 99 113
-0.00191516 60 0 24 22 583 475 99 113
-0.00191416 60 11 24 22 583 475 99 113
-0.00191249 60 22 24 22 583 475 99 113
-0.00191529 60 33 24 22 583 475 99 113
-0.00191509 60 44 24 22 583 475 99 113
-0.00132579 60 55 24 22 583 475 99 113
-0.00190749 60 66 24 22 583 475 99 113
-0.00191407 60 77 24 22 583 475 99 113
-0.00191251 60 88 24 22 583 475 99 113
-0.00191649 72 0 24 22 583 475 99 113
-0.00191591 72 11 24 22 583 475 99 113
-0.00191468 72 22 24 22 583 475 99 113
-0.00191539 72 33 24 22 583 475 99 113
-0.00191429 72 44 24 22 583 475 99 113
-0.00190889 72 55 24 22 583 475 99 113
-0.00190552 72 66 24 22 583 475 99 113
-0.00190813 72 77 24 22 583 475 99 113
-0.00191275 72 88 24 22 583 475 99 113
-0.00170686 0 0 24 22 583 475 99 113
-0.00190789 0 11 24 22 583 475 99 113
-0.00190795 0 22 24 22 583 475 99 113
-0.0019085 0 33 24 22 583 475 99 113
-0.00191556 0 44 24 22 583 475 99 113
-0.00191684 0 55 24 22 583 475 99 113
-0.00191666 0 66 24 22 583 475 99 113
-0.00191621 0 77 24 22 583 475 99 113
-0.00191674 0 88 24 22 583 475 99 113
-0.00182239 12 0 24 22 583 475 99 113
-0.00190711 12 11 24 22 583 475 99 113
-0.00190603 12 22 24 22 583 475 99 113
-0.00167447 12 33 24 22 583 475 99 113
-0.00118985 12 44 24 22 583 475 99 113
-0.00191648 12 55 24 22 583 475 99 113
-0.00191598 12 66 24 22 583 475 99 113
-0.00191605 12 77 24 22 583 475 99 113
-0.00191559 12 88 24 22 583 475 99 113
-0.00190725 24 0 24 22 583 475 99 113
-0.00191192 24 11 24 22 583 475 99 113
-0.00191233 24 22 24 22 583 475 99 113
-0.00191368 24 33 24 22 583 475 99 113
-0.00191056 24 44 24 22 583 475 99 113
-0.00191187 24 55 24 22 583 475 99 113
-0.00191536 24 66 24 22 583 475 99 113
-0.00191438 24 77 24 22 583 475 99 113
-0.00191058 24 88 24 22 583 475 99 113
-0.00191303 36 0 24 22 583 475 99 113
-0.00190597 36 11 24 22 583 475 99 113
-0.00191303 36 22 24 22 583 475 99 113
-0.00191364 36 33 24 22 583 475 99 113
-0.00191324 36 44 24 22 583 475 99 113
-0.00191651 36 55 24 22 583 475 99 113
-0.00191652 36 66 24 22 583 475 99 113
-0.00191154 36 77 24 22 583 475 99 113
-0.00113818 36 88 24 22 583 475 99 113
-0.00191653 48 0 24 22 583 475 99 113
-0.0019135 48 11 24 22 583 475 99 113
-0.00191488 48 22 24 22 583 475 99 113
-0.00191381 48 33 24 22 583 475 99 113
-0.00191648 48 44 24 22 583 475 99 113
-0.00191648 48 55 24 22 583 475 99 113
-0.00191662 48 66 24 22 583 475 99 113
-0.00191675 48 77 24 22 583 475 99 113
-0.00191281 48 88 24 22 583 475 99 113
-0.00191671 60 0 24 22 583 475 99 113
-0.00191463 60 11 24 22 583 475 99 113
-0.00191457 60 22 24 22 583 475 99 113
-0.00191641 60 33 24 22 583 475 99 113
-0.00191645 60 44 24 22 583 475 99 113
-0.00191528 60 55 24 22 583 475 99 113
-0.00191485 60 66 24 22 583 475 99 113
-0.00191665 60 77 24 22 583 475 99 113
-0.00191656 60 88 24 22 583 475 99 113
-0.00191672 72 0 24 22 583 475 99 113
-0.0019122 72 11 24 22 583 475 99 113
-0.00190974 72 22 24 22 583 475 99 113
-0.00191652 72 33 24 22 583 475 99 113
-0.00191646 72 44 24 22 583 475 99 113
-0.00191661 72 55 24 22 583 475 99 113
-0.00191668 72 66 24 22 583 475 99 113
-0.00191614 72 77 24 22 583 475 99 113
-0.00191667 72 88 24 22 583 475 99 113
-0.00190299 0 0 24 22 583 475 99 113
-0.00191133 0 11 24 22 583 475 99 113
-0.00190586 0 22 24 22 583 475 99 113
-0.0018529 0 33 24 22 583 475 99 113
-0.00191549 0 44 24 22 583 475 99 113
-0.00191644 0 55 24 22 583 475 99 113
-0.00191579 0 66 24 22 583 475 99 113
-0.0019159 0 77 24 22 583 475 99 113
-0.00191672 0 88 24 22 583 475 99 113
-0.00165224 12 0 24 22 583 475 99 113
-0.00191065 12 11 24 22 583 475 99 113
-0.00190524 12 22 24 22 583 475 99 113
-0.00191353 12 33 24 22 583 475 99 113
-0.00191437 12 44 24 22 583 475 99 113
-0.00191355 12 55 24 22 583 475 99 113
-0.00191468 12 66 24 22 583 475 99 113
-0.00191349 12 77 24 22 583 475 99 113
-0.00191507 12 88 24 22 583 475 99 113
-0.00190743 24 0 24 22 583 475 99 113
-0.00191426 24 11 24 22 583 475 99 113
-0.00191565 24 22 24 22 583 475 99 113
-0.00191653 24 33 24 22 583 475 99 113
-0.00191572 24 44 24 22 583 475 99 113
-0.001916 24 55 24 22 583 475 99 113
-0.00190372 24 66 24 22 583 475 99 113
-0.00190926 24 77 24 22 583 475 99 113
-0.00190486 24 88 24 22 583 475 99 113
-0.00191125 36 0 24 22 583 475 99 113
-0.00190933 36 11 24 22 583 475 99 113
-0.00191244 36 22 24 22 583 475 99 113
-0.00191581 36 33 24 22 583 475 99 113
-0.00191458 36 44 24 22 583 475 99 113
-0.00191663 36 55 24 22 583 475 99 113
-0.00191662 36 66 24 22 583 475 99 113
-0.00191411 36 77 24 22 583 475 99 113
-0.00124064 36 88 24 22 583 475 99 113
-0.00191659 48 0 24 22 583 475 99 113
-0.00191398 48 11 24 22 583 475 99 113
-0.00191487 48 22 24 22 583 475 99 113
-0.00191537 48 33 24 22 583 475 99 113
-0.00191666 48 44 24 22 583 475 99 113
-0.00191652 48 55 24 22 583 475 99 113
-0.0019166 48 66 24 22 583 475 99 113
-0.00191679 48 77 24 22 583 475 99 113
-0.00191568 48 88 24 22 583 475 99 113
-0.00191672 60 0 24 22 583 475 99 113
-0.00191606 60 11 24 22 583 475 99 113
-0.0019116 60 22 24 22 583 475 99 113
-0.00191663 60 33 24 22 583 475 99 113
-0.00191651 60 44 24 22 583 475 99 113
-0.00191491 60 55 24 22 583 475 99 113
-0.00191511 60 66 24 22 583 475 99 113
-0.00191666 60 77 24 22 583 475 99 113
-0.00191644 60 88 24 22 583 475 99 113
-0.00191671 72 0 24 22 583 475 99 113
-0.00191476 72 11 24 22 583 475 99 113
-0.00161963 72 22 24 22 583 475 99 113
-0.00191649 72 33 24 22 583 475 99 113
-0.00191661 72 44 24 22 583 475 99 113
-0.00191673 72 55 24 22 583 475 99 113
-0.00191676 72 66 24 22 583 475 99 113
-0.00191671 72 77 24 22 583 475 99 113
-0.00191608 72 88 24 22 583 475 99 113
-0.00191455 0 0 24 22 583 475 99 113
-0.00191616 0 11 24 22 583 475 99 113
-0.00191329 0 22 24 22 583 475 99 113
-0.00191372 0 33 24 22 583 475 99 113
-0.00191677 0 44 24 22 583 475 99 113
-0.00191672 0 55 24 22 583 475 99 113
-0.00191654 0 66 24 22 583 475 99 113
-0.00191664 0 77 24 22 583 475 99 113
-0.00191647 0 88 24 22 583 475 99 113
-0.00191536 12 0 24 22 583 475 99 113
-0.0019166 12 11 24 22 583 475 99 113
-0.00191399 12 22 24 22 583 475 99 113
-0.00191504 12 33 24 22 583 475 99 113
-0.00191513 12 44 24 22 583 475 99 113
-0.00191614 12 55 24 22 583 475 99 113
-0.00191651 12 66 24 22 583 475 99 113
-0.00191675 12 77 24 22 583 475 99 113
-0.00191668 12 88 24 22 583 475 99 113
-0.00191475 24 0 24 22 583 475 99 113
-0.0019166 24 11 24 22 583 475 99 113
-0.00191574 24 22 24 22 583 475 99 113
-0.00191638 24 33 24 22 583 475 99 113
-0.00191661 24 44 24 22 583 475 99 113
-0.00191661 24 55 24 22 583 475 99 113
-0.00191217 24 66 24 22 583 475 99 113
-0.00191523 24 77 24 22 583 475 99 113
-0.00191582 24 88 24 22 583 475 99 113
-0.00191543 36 0 24 22 583 475 99 113
-0.00191481 36 11 24 22 583 475 99 113
-0.00191539 36 22 24 22 583 475 99 113
-0.0019149 36 33 24 22 583 475 99 113
-0.00191473 36 44 24 22 583 475 99 113
-0.00191632 36 55 24 22 583 475 99 113
-0.00191511 36 66 24 22 583 475 99 113
-0.00190778 36 77 24 22 583 475 99 113
-0.00191222 36 88 24 22 583 475 99 113
-0.00191571 48 0 24 22 583 475 99 113
-0.00191454 48 11 24 22 583 475 99 113
-0.00191568 48 22 24 22 583 475 99 113
-0.00191458 48 33 24 22 583 475 99 113
-0.00191494 48 44 24 22 583 475 99 113
-0.00191529 48 55 24 22 583 475 99 113
-0.00191528 48 66 24 22 583 475 99 113
-0.00191516 48 77 24 22 583 475 99 113
-0.00191298 48 88 24 22 583 475 99 113
-0.001916 60 0 24 22 583 475 99 113
-0.00191506 60 11 24 22 583 475 99 113
-0.00191394 60 22 24 22 583 475 99 113
-0.00191636 60 33 24 22 583 475 99 113
-0.00191392 60 44 24 22 583 475 99 113
-0.00191556 60 55 24 22 583 475 99 113
-0.00191211 60 66 24 22 583 475 99 113
-0.00191172 60 77 24 22 583 475 99 113
-0.00191148 60 88 24 22 583 475 99 113
-0.00191532 72 0 24 22 583 475 99 113
-0.0019133 72 11 24 22 583 475 99 113
-0.00141922 72 22 24 22 583 475 99 113
-0.00191543 72 33 24 22 583 475 99 113
-0.00191577 72 44 24 22 583 475 99 113
-0.00191562 72 55 24 22 583 475 99 113
-0.00191265 72 66 24 22 583 475 99 113
-0.00191236 72 77 24 22 583 475 99 113
-0.00177014 72 88 24 22 583 475 99 113
-0.00191582 0 0 24 22 583 475 99 113
-0.00191607 0 11 24 22 583 475 99 113
-0.00191545 0 22 24 22 583 475 99 113
-0.00191658 0 33 24 22 583 475 99 113
-0.00191668 0 44 24 22 583 475 99 113
-0.00191639 0 55 24 22 583 475 99 113
-0.00191645 0 66 24 22 583 475 99 113
-0.00191641 0 77 24 22 583 475 99 113
-0.00191573 0 88 24 22 583 475 99 113
-0.00191636 12 0 24 22 583 475 99 113
-0.00191654 12 11 24 22 583 475 99 113
-0.00191506 12 22 24 22 583 475 99 113
-0.00191268 12 33 24 22 583 475 99 113
-0.00191672 12 44 24 22 583 475 99 113
-0.00191675 12 55 24 22 583 475 99 113
-0.00191675 12 66 24 22 583 475 99 113
-0.00191669 12 77 24 22 583 475 99 113
-0.00191654 12 88 24 22 583 475 99 113
-0.00191603 24 0 24 22 583 475 99 113
-0.00191671 24 11 24 22 583 475 99 113
-0.00191611 24 22 24 22 583 475 99 113
-0.00191641 24 33 24 22 583 475 99 113
-0.00191657 24 44 24 22 583 475 99 113
-0.00191655 24 55 24 22 583 475 99 113
-0.00191442 24 66 24 22 583 475 99 113
-0.00191669 24 77 24 22 583 475 99 113
-0.00191666 24 88 24 22 583 475 99 113
-0.00191609 36 0 24 22 583 475 99 113
-0.00191672 36 11 24 22 583 475 99 113
-0.00191643 36 22 24 22 583 475 99 113
-0.00191652 36 33 24 22 583 475 99 113
-0.00191632 36 44 24 22 583 475 99 113
-0.00191649 36 55 24 22 583 475 99 113
-0.00191604 36 66 24 22 583 475 99 113
-0.00191612 36 77 24 22 583 475 99 113
-0.00191642 36 88 24 22 583 475 99 113
-0.0019164 48 0 24 22 583 475 99 113
-0.00191671 48 11 24 22 583 475 99 113
-0.00191671 48 22 24 22 583 475 99 113
-0.00191543 48 33 24 22 583 475 99 113
-0.0019159 48 44 24 22 583 475 99 113
-0.00191619 48 55 24 22 583 475 99 113
-0.00191607 48 66 24 22 583 475 99 113
-0.00191437 48 77 24 22 583 475 99 113
-0.00191643 48 88 24 22 583 475 99 113
-0.00191617 60 0 24 22 583 475 99 113
-0.00191639 60 11 24 22 583 475 99 113
-0.00191669 60 22 24 22 583 475 99 113
-0.00191661 60 33 24 22 583 475 99 113
-0.00191605 60 44 24 22 583 475 99 113
-0.00191657 60 55 24 22 583 475 99 113
-0.00191648 60 66 24 22 583 475 99 113
-0.00191638 60 77 24 22 583 475 99 113
-0.00191609 60 88 24 22 583 475 99 113
-0.00191585 72 0 24 22 583 475 99 113
-0.00191497 72 11 24 22 583 475 99 113
-0.00191369 72 22 24 22 583 475 99 113
-0.0019165 72 33 24 22 583 475 99 113
-0.00191672 72 44 24 22 583 475 99 113
-0.00191666 72 55 24 22 583 475 99 113
-0.00191493 72 66 24 22 583 475 99 113
-0.00191402 72 77 24 22 583 475 99 113
-0.0019103 72 88 24 22 583 475 99 113
-0.00191537 0 0 24 22 583 475 99 113
-0.00191357 0 11 24 22 583 475 99 113
-0.00191578 0 22 24 22 583 475 99 113
-0.00191382 0 33 24 22 583 475 99 113
-0.00191674 0 44 24 22 583 475 99 113
-0.00191645 0 55 24 22 583 475 99 113
-0.00191565 0 66 24 22 583 475 99 113
-0.00191627 0 77 24 22 583 475 99 113
-0.00191623 0 88 24 22 583 475 99 113
-0.00191324 12 0 24 22 583 475 99 113
-0.001915 12 11 24 22 583 475 99 113
-0.00191336 12 22 24 22 583 475 99 113
-0.00122558 12 33 24 22 583 475 99 113
-0.0019161 12 44 24 22 583 475 99 113
-0.00191675 12 55 24 22 583 475 99 113
-0.00191674 12 66 24 22 583 475 99 113
-0.00191674 12 77 24 22 583 475 99 113
-0.00191668 12 88 24 22 583 475 99 113
-0.00190942 24 0 24 22 583 475 99 113
-0.00191247 24 11 24 22 583 475 99 113
-0.00190414 24 22 24 22 583 475 99 113
-0.00191098 24 33 24 22 583 475 99 113
-0.00191149 24 44 24 22 583 475 99 113
-0.00191026 24 55 24 22 583 475 99 113
-0.00191369 24 66 24 22 583 475 99 113
-0.0019154 24 77 24 22 583 475 99 113
-0.00191612 24 88 24 22 583 475 99 113
-0.00190847 36 0 24 22 583 475 99 113
-0.0019083 36 11 24 22 583 475 99 113
-0.0019154 36 22 24 22 583 475 99 113
-0.0019158 36 33 24 22 583 475 99 113
-0.00191514 36 44 24 22 583 475 99 113
-0.00191333 36 55 24 22 583 475 99 113
-0.00191623 36 66 24 22 583 475 99 113
-0.00191547 36 77 24 22 583 475 99 113
-0.00191616 36 88 24 22 583 475 99 113
-0.00191628 48 0 24 22 583 475 99 113
-0.00191515 48 11 24 22 583 475 99 113
-0.00191597 48 22 24 22 583 475 99 113
-0.00190893 48 33 24 22 583 475 99 113
-0.00191578 48 44 24 22 583 475 99 113
-0.00191638 48 55 24 22 583 475 99 113
-0.00191611 48 66 24 22 583 475 99 113
-0.00191544 48 77 24 22 583 475 99 113
-0.00191647 48 88 24 22 583 475 99 113
-0.00191656 60 0 24 22 583 475 99 113
-0.00191623 60 11 24 22 583 475 99 113
-0.00191642 60 22 24 22 583 475 99 113
-0.00191601 60 33 24 22 583 475 99 113
-0.00191082 60 44 24 22 583 475 99 113
-0.00191274 60 55 24 22 583 475 99 113
-0.00191618 60 66 24 22 583 475 99 113
-0.00191651 60 77 24 22 583 475 99 113
-0.00191612 60 88 24 22 583 475 99 113
-0.00191675 72 0 24 22 583 475 99 113
-0.0019164 72 11 24 22 583 475 99 113
-0.00191336 72 22 24 22 583 475 99 113
-0.0019159 72 33 24 22 583 475 99 113
-0.00191639 72 44 24 22 583 475 99 113
-0.0019166 72 55 24 22 583 475 99 113
-0.00191582 72 66 24 22 583 475 99 113
-0.00191267 72 77 24 22 583 475 99 113
-0.00191127 72 88 24 22 583 475 99 113
-0.00191504 0 0 24 22 583 475 99 113
-0.00191548 0 11 24 22 583 475 99 113
-0.00191568 0 22 24 22 583 475 99 113
-0.00191499 0 33 24 22 583 475 99 113
-0.00191656 0 44 24 22 583 475 99 113
-0.00191669 0 55 24 22 583 475 99 113
-0.00191571 0 66 24 22 583 475 99 113
-0.00191662 0 77 24 22 583 475 99 113
-0.00191665 0 88 24 22 583 475 99 113
-0.00190531 12 0 24 22 583 475 99 113
-0.00191475 12 11 24 22 583 475 99 113
-0.00191368 12 22 24 22 583 475 99 113
-0.00157518 12 33 24 22 583 475 99 113
-0.00191402 12 44 24 22 583 475 99 113
-0.00191678 12 55 24 22 583 475 99 113
-0.00191673 12 66 24 22 583 475 99 113
-0.00191669 12 77 24 22 583 475 99 113
-0.00191674 12 88 24 22 583 475 99 113
-0.00191197 24 0 24 22 583 475 99 113
-0.00191161 24 11 24 22 583 475 99 113
-0.0019123 24 22 24 22 583 475 99 113
-0.00190958 24 33 24 22 583 475 99 113
-0.00190739 24 44 24 22 583 475 99 113
-0.00191302 24 55 24 22 583 475 99 113
-0.00191485 24 66 24 22 583 475 99 113
-0.00191204 24 77 24 22 583 475 99 113
-0.00191654 24 88 24 22 583 475 99 113
-0.00191437 36 0 24 22 583 475 99 113
-0.00191158 36 11 24 22 583 475 99 113
-0.00191414 36 22 24 22 583 475 99 113
-0.00191323 36 33 24 22 583 475 99 113
-0.00191191 36 44 24 22 583 475 99 113
-0.00191413 36 55 24 22 583 475 99 113
-0.00191609 36 66 24 22 583 475 99 113
-0.00191363 36 77 24 22 583 475 99 113
-0.00190996 36 88 24 22 583 475 99 113
-0.00191671 48 0 24 22 583 475 99 113
-0.00191492 48 11 24 22 583 475 99 113
-0.00191429 48 22 24 22 583 475 99 113
-0.00191205 48 33 24 22 583 475 99 113
-0.00191568 48 44 24 22 583 475 99 113
-0.0019167 48 55 24 22 583 475 99 113
-0.00191607 48 66 24 22 583 475 99 113
-0.00191659 48 77 24 22 583 475 99 113
-0.00191118 48 88 24 22 583 475 99 113
-0.00191673 60 0 24 22 583 475 99 113
-0.00191552 60 11 24 22 583 475 99 113
-0.00191562 60 22 24 22 583 475 99 113
-0.00191158 60 33 24 22 583 475 99 113
-0.00191534 60 44 24 22 583 475 99 113
-0.00191635 60 55 24 22 583 475 99 113
-0.00191568 60 66 24 22 583 475 99 113
-0.00191669 60 77 24 22 583 475 99 113
-0.00191181 60 88 24 22 583 475 99 113
-0.00191677 72 0 24 22 583 475 99 113
-0.00191547 72 11 24 22 583 475 99 113
-0.00191385 72 22 24 22 583 475 99 113
-0.00191587 72 33 24 22 583 475 99 113
-0.00191601 72 44 24 22 583 475 99 113
-0.0019167 72 55 24 22 583 475 99 113
-0.00191669 72 66 24 22 583 475 99 113
-0.00191592 72 77 24 22 583 475 99 113
-0.00190364 72 88 24 22 583 475 99 113
-0.00180188 0 0 33 32 583 475 99 113
-0.0019131 0 16 33 32 583 475 99 113
-0.00191634 0 32 33 32 583 475 99 113
-0.00191669 0 48 33 32 583 475 99 113
-0.00191642 0 64 33 32 583 475 99 113
-0.00191631 0 80 33 32 583 475 99 113
-0.0019112 16 0 33 32 583 475 99 113
-0.00191291 16 16 33 32 583 475 99 113
-0.0019118 16 32 33 32 583 475 99 113
-0.00191561 16 48 33 32 583 475 99 113
-0.00191636 16 64 33 32 583 475 99 113
-0.00191663 16 80 33 32 583 475 99 113
-0.00191129 32 0 33 32 583 475 99 113
-0.00190929 32 16 33 32 583 475 99 113
-0.00191424 32 32 33 32 583 475 99 113
-0.00191653 32 48 33 32 583 475 99 113
-0.00191648 32 64 33 32 583 475 99 113
-0.00191351 32 80 33 32 583 475 99 113
-0.00191613 48 0 33 32 583 475 99 113
-0.00191504 48 16 33 32 583 475 99 113
-0.00191508 48 32 33 32 583 475 99 113
-0.00190824 48 48 33 32 583 475 99 113
-0.00191466 48 64 33 32 583 475 99 113
-0.00191587 48 80 33 32 583 475 99 113
-0.00191659 64 0 33 32 583 475 99 113
-0.00191319 64 16 33 32 583 475 99 113
-0.00191605 64 32 33 32 583 475 99 113
-0.00191629 64 48 33 32 583 475 99 113
-0.00191652 64 64 33 32 583 475 99 113
-0.00191548 64 80 33 32 583 475 99 113
-0.00190483 0 0 33 32 583 475 99 113
-0.00191318 0 16 33 32 583 475 99 113
-0.00190934 0 32 33 32 583 475 99 113
-0.001914 0 48 33 32 583 475 99 113
-0.00191512 0 64 33 32 583 475 99 113
-0.00191628 0 80 33 32 583 475 99 113
-0.00190702 16 0 33 32 583 475 99 113
-0.00190794 16 16 33 32 583 475 99 113
-0.00191187 16 32 33 32 583 475 99 113
-0.00191124 16 48 33 32 583 475 99 113
-0.00191135 16 64 33 32 583 475 99 113
-0.00191507 16 80 33 32 583 475 99 113
-0.00144067 32 0 33 32 583 475 99 113
-0.00113751 32 16 33 32 583 475 99 113
-0.00115005 32 32 33 32 583 475 99 113
-0.00191221 32 48 33 32 583 475 99 113
-0.00191556 32 64 33 32 583 475 99 113
-0.00191362 32 80 33 32 583 475 99 113
-0.00191448 48 0 33 32 583 475 99 113
-0.00191491 48 16 33 32 583 475 99 113
-0.00191058 48 32 33 32 583 475 99 113
-0.00168526 48 48 33 32 583 475 99 113
-0.00191216 48 64 33 32 583 475 99 113
-0.00191562 48 80 33 32 583 475 99 113
-0.00191628 64 0 33 32 583 475 99 113
-0.00191493 64 16 33 32 583 475 99 113
-0.00191585 64 32 33 32 583 475 99 113
-0.00191583 64 48 33 32 583 475 99 113
-0.00191648 64 64 33 32 583 475 99 113
-0.00191567 64 80 33 32 583 475 99 113
-0.00191131 0 0 33 32 583 475 99 113
-0.00191354 0 16 33 32 583 475 99 113
-0.00191298 0 32 33 32 583 475 99 113
-0.00191472 0 48 33 32 583 475 99 113
-0.00191262 0 64 33 32 583 475 99 113
-0.0019097 0 80 33 32 583 475 99 113
-0.0019139 16 0 33 32 583 475 99 113
-0.00191276 16 16 33 32 583 475 99 113
-0.00173896 16 32 33 32 583 475 99 113
-0.001914 16 48 33 32 583 475 99 113
-0.00191439 16 64 33 32 583 475 99 113
-0.00191586 16 80 33 32 583 475 99 113
-0.00158599 32 0 33 32 583 475 99 113
-0.00146461 32 16 33 32 583 475 99 113
-0.00191124 32 32 33 32 583 475 99 113
-0.00191523 32 48 33 32 583 475 99 113
-0.0416649 32 64 33 32 583 475 99 113
-0.00191622 32 80 33 32 583 475 99 113
-0.00191584 48 0 33 32 583 475 99 113
-0.00191324 48 16 33 32 583 475 99 113
-0.00191377 48 32 33 32 583 475 99 113
-0.00191471 48 48 33 32 583 475 99 113
-0.0019111 48 64 33 32 583 475 99 113
-0.00191605 48 80 33 32 583 475 99 113
-0.00191565 64 0 33 32 583 475 99 113
-0.00191471 64 16 33 32 583 475 99 113
-0.00191555 64 32 33 32 583 475 99 113
-0.00191541 64 48 33 32 583 475 99 113
-0.0019159 64 64 33 32 583 475 99 113
-0.00191628 64 80 33 32 583 475 99 113
-0.00190941 0 0 33 32 583 475 99 113
-0.00191455 0 16 33 32 583 475 99 113
-0.00191498 0 32 33 32 583 475 99 113
-0.00190999 0 48 33 32 583 475 99 113
-0.00149937 0 64 33 32 583 475 99 113
-0.0019143 0 80 33 32 583 475 99 113
-0.00190722 16 0 33 32 583 475 99 113
-0.00127841 16 16 33 32 583 475 99 113
-0.00190701 16 32 33 32 583 475 99 113
-0.00166358 16 48 33 32 583 475 99 113
-0.0019041 16 64 33 32 583 475 99 113
-0.0019036 16 80 33 32 583 475 99 113
-0.00155558 32 0 33 32 583 475 99 113
-0.0019096 32 16 33 32 583 475 99 113
-0.00191425 32 32 33 32 583 475 99 113
-0.00191542 32 48 33 32 583 475 99 113
-0.00191515 32 64 33 32 583 475 99 113
-0.0019138 32 80 33 32 583 475 99 113
-0.00191366 48 0 33 32 583 475 99 113
-0.00191398 48 16 33 32 583 475 99 113
-0.00191418 48 32 33 32 583 475 99 113
-0.00191247 48 48 33 32 583 475 99 113
-0.00191088 48 64 33 32 583 475 99 113
-0.00191329 48 80 33 32 583 475 99 113
-0.00191602 64 0 33 32 583 475 99 113
-0.00191458 64 16 33 32 583 475 99 113
-0.00191447 64 32 33 32 583 475 99 113
-0.00189291 64 48 33 32 583 475 99 113
-0.00190418 64 64 33 32 583 475 99 113
-0.00190793 64 80 33 32 583 475 99 113
-0.00129055 0 0 33 32 583 475 99 113
-0.00190703 0 16 33 32 583 475 99 113
-0.00191163 0 32 33 32 583 475 99 113
-0.00191683 0 48 33 32 583 475 99 113
-0.00191659 0 64 33 32 583 475 99 113
-0.0019165 0 80 33 32 583 475 99 113
-0.00114047 16 0 33 32 583 475 99 113
-0.00188298 16 16 33 32 583 475 99 113
-0.00151043 16 32 33 32 583 475 99 113
-0.00191488 16 48 33 32 583 475 99 113
-0.00191514 16 64 33 32 583 475 99 113
-0.00191484 16 80 33 32 583 475 99 113
-0.00191344 32 0 33 32 583 475 99 113
-0.00191185 32 16 33 32 583 475 99 113
-0.00191439 32 32 33 32 583 475 99 113
-0.00191651 32 48 33 32 583 475 99 113
-0.00191636 32 64 33 32 583 475 99 113
-0.00190605 32 80 33 32 583 475 99 113
-0.00191614 48 0 33 32 583 475 99 113
-0.00191463 48 16 33 32 583 475 99 113
-0.00191609 48 32 33 32 583 475 99 113
-0.001914 48 48 33 32 583 475 99 113
-0.00191612 48 64 33 32 583 475 99 113
-0.00191651 48 80 33 32 583 475 99 113
-0.00191658 64 0 33 32 583 475 99 113
-0.00191286 64 16 33 32 583 475 99 113
-0.00191606 64 32 33 32 583 475 99 113
-0.0019161 64 48 33 32 583 475 99 113
-0.00191601 64 64 33 32 583 475 99 113
-0.00191611 64 80 33 32 583 475 99 113
-0.00147628 0 0 33 32 583 475 99 113
-0.0019064 0 16 33 32 583 475 99 113
-0.0019042 0 32 33 32 583 475 99 113
-0.00191562 0 48 33 32 583 475 99 113
-0.00191583 0 64 33 32 583 475 99 113
-0.00191645 0 80 33 32 583 475 99 113
-0.00190788 16 0 33 32 583 475 99 113
-0.00191431 16 16 33 32 583 475 99 113
-0.00191326 16 32 33 32 583 475 99 113
-0.00190966 16 48 33 32 583 475 99 113
-0.00190742 16 64 33 32 583 475 99 113
-0.00191227 16 80 33 32 583 475 99 113
-0.00191097 32 0 33 32 583 475 99 113
-0.00190849 32 16 33 32 583 475 99 113
-0.00191436 32 32 33 32 583 475 99 113
-0.00191674 32 48 33 32 583 475 99 113
-0.00191677 32 64 33 32 583 475 99 113
-0.00191373 32 80 33 32 583 475 99 113
-0.00191645 48 0 33 32 583 475 99 113
-0.00191451 48 16 33 32 583 475 99 113
-0.00191636 48 32 33 32 583 475 99 113
-0.00191471 48 48 33 32 583 475 99 113
-0.00191561 48 64 33 32 583 475 99 113
-0.00191665 48 80 33 32 583 475 99 113
-0.00191655 64 0 33 32 583 475 99 113
-0.00191045 64 16 33 32 583 475 99 113
-0.00191627 64 32 33 32 583 475 99 113
-0.00191637 64 48 33 32 583 475 99 113
-0.00191645 64 64 33 32 583 475 99 113
-0.0019165 64 80 33 32 583 475 99 113
-0.00191316 0 0 33 32 583 475 99 113
-0.00191596 0 16 33 32 583 475 99 113
-0.00191633 0 32 33 32 583 475 99 113
-0.00191668 0 48 33 32 583 475 99 113
-0.0019167 0 64 33 32 583 475 99 113
-0.00191649 0 80 33 32 583 475 99 113
-0.00191418 16 0 33 32 583 475 99 113
-0.00191609 16 16 33 32 583 475 99 113
-0.00191634 16 32 33 32 583 475 99 113
-0.00191528 16 48 33 32 583 475 99 113
-0.00191583 16 64 33 32 583 475 99 113
-0.00191651 16 80 33 32 583 475 99 113
-0.00191417 32 0 33 32 583 475 99 113
-0.00191029 32 16 33 32 583 475 99 113
-0.00191362 32 32 33 32 583 475 99 113
-0.00191617 32 48 33 32 583 475 99 113
-0.00191569 32 64 33 32 583 475 99 113
-0.00191489 32 80 33 32 583 475 99 113
-0.00191353 48 0 33 32 583 475 99 113
-0.00191402 48 16 33 32 583 475 99 113
-0.00191295 48 32 33 32 583 475 99 113
-0.00190559 48 48 33 32 583 475 99 113
-0.00191292 48 64 33 32 583 475 99 113
-0.00190655 48 80 33 32 583 475 99 113
-0.00191431 64 0 33 32 583 475 99 113
-0.00190638 64 16 33 32 583 475 99 113
-0.0019134 64 32 33 32 583 475 99 113
-0.00191316 64 48 33 32 583 475 99 113
-0.00191255 64 64 33 32 583 475 99 113
-0.00190414 64 80 33 32 583 475 99 113
-0.0019145 0 0 33 32 583 475 99 113
-0.00191563 0 16 33 32 583 475 99 113
-0.00191675 0 32 33 32 583 475 99 113
-0.00191652 0 48 33 32 583 475 99 113
-0.00191626 0 64 33 32 583 475 99 113
-0.00191557 0 80 33 32 583 475 99 113
-0.00191592 16 0 33 32 583 475 99 113
-0.00191659 16 16 33 32 583 475 99 113
-0.00191573 16 32 33 32 583 475 99 113
-0.00191597 16 48 33 32 583 475 99 113
-0.00191674 16 64 33 32 583 475 99 113
-0.0019167 16 80 33 32 583 475 99 113
-0.00191554 32 0 33 32 583 475 99 113
-0.00191619 32 16 33 32 583 475 99 113
-0.00191567 32 32 33 32 583 475 99 113
-0.00191655 32 48 33 32 583 475 99 113
-0.00191633 32 64 33 32 583 475 99 113
-0.00191668 32 80 33 32 583 475 99 113
-0.0019164 48 0 33 32 583 475 99 113
-0.0019164 48 16 33 32 583 475 99 113
-0.00191409 48 32 33 32 583 475 99 113
-0.00191591 48 48 33 32 583 475 99 113
-0.00191487 48 64 33 32 583 475 99 113
-0.00191603 48 80 33 32 583 475 99 113
-0.00191507 64 0 33 32 583 475 99 113
-0.00191603 64 16 33 32 583 475 99 113
-0.00191656 64 32 33 32 583 475 99 113
-0.00191654 64 48 33 32 583 475 99 113
-0.00191604 64 64 33 32 583 475 99 113
-0.00191424 64 80 33 32 583 475 99 113
-0.00191222 0 0 33 32 583 475 99 113
-0.0019135 0 16 33 32 583 475 99 113
-0.00191651 0 32 33 32 583 475 99 113
-0.00191635 0 48 33 32 583 475 99 113
-0.00191594 0 64 33 32 583 475 99 113
-0.00191608 0 80 33 32 583 475 99 113
-0.00174946 16 0 33 32 583 475 99 113
-0.00190613 16 16 33 32 583 475 99 113
-0.00190392 16 32 33 32 583 475 99 113
-0.00191657 16 48 33 32 583 475 99 113
-0.00191666 16 64 33 32 583 475 99 113
-0.00191673 16 80 33 32 583 475 99 113
-0.00191077 32 0 33 32 583 475 99 113
-0.00191219 32 16 33 32 583 475 99 113
-0.0019102 32 32 33 32 583 475 99 113
-0.00191403 32 48 33 32 583 475 99 113
-0.00191576 32 64 33 32 583 475 99 113
-0.00191474 32 80 33 32 583 475 99 113
-0.00191536 48 0 33 32 583 475 99 113
-0.00191375 48 16 33 32 583 475 99 113
-0.00190944 48 32 33 32 583 475 99 113
-0.00190839 48 48 33 32 583 475 99 113
-0.0019145 48 64 33 32 583 475 99 113
-0.00191603 48 80 33 32 583 475 99 113
-0.00191668 64 0 33 32 583 475 99 113
-0.00191521 64 16 33 32 583 475 99 113
-0.00191594 64 32 33 32 583 475 99 113
-0.00191504 64 48 33 32 583 475 99 113
-0.00191614 64 64 33 32 583 475 99 113
-0.00191586 64 80 33 32 583 475 99 113
-0.00191344 0 0 33 32 583 475 99 113
-0.00191506 0 16 33 32 583 475 99 113
-0.00191486 0 32 33 32 583 475 99 113
-0.00191669 0 48 33 32 583 475 99 113
-0.00191593 0 64 33 32 583 475 99 113
-0.00191621 0 80 33 32 583 475 99 113
-0.00378818 16 0 33 32 583 475 99 113
-0.00160818 16 16 33 32 583 475 99 113
-0.00145236 16 32 33 32 583 475 99 113
-0.00191654 16 48 33 32 583 475 99 113
-0.0019165 16 64 33 32 583 475 99 113
-0.00191668 16 80 33 32 583 475 99 113
-0.00191486 32 0 33 32 583 475 99 113
-0.00191431 32 16 33 32 583 475 99 113
-0.00191294 32 32 33 32 583 475 99 113
-0.00191617 32 48 33 32 583 475 99 113
-0.00191618 32 64 33 32 583 475 99 113
-0.00191416 32 80 33 32 583 475 99 113
-0.00191608 48 0 33 32 583 475 99 113
-0.00191253 48 16 33 32 583 475 99 113
-0.00190378 48 32 33 32 583 475 99 113
-0.00191527 48 48 33 32 583 475 99 113
-0.00191056 48 64 33 32 583 475 99 113
-0.00191581 48 80 33 32 583 475 99 113
-0.00191671 64 0 33 32 583 475 99 113
-0.00191419 64 16 33 32 583 475 99 113
-0.00191448 64 32 33 32 583 475 99 113
-0.00191633 64 48 33 32 583 475 99 113
-0.00191651 64 64 33 32 583 475 99 113
-0.00191579 64 80 33 32 583 475 99 113
-0.00155321 0 0 39 45 583 475 99 113
-0.00191605 0 22 39 45 583 475 99 113
-0.0019163 0 44 39 45 583 475 99 113
-0.00191641 0 66 39 45 583 475 99 113
-0.00190613 19 0 39 45 583 475 99 113
-0.00191261 19 22 39 45 583 475 99 113
-0.00191333 19 44 39 45 583 475 99 113
-0.00191593 19 66 39 45 583 475 99 113
-0.00191055 38 0 39 45 583 475 99 113
-0.00191446 38 22 39 45 583 475 99 113
-0.00191445 38 44 39 45 583 475 99 113
-0.00191457 38 66 39 45 583 475 99 113
-0.00191563 57 0 39 45 583 475 99 113
-0.0019155 57 22 39 45 583 475 99 113
-0.00191262 57 44 39 45 583 475 99 113
-0.00191495 57 66 39 45 583 475 99 113
-0.00190481 0 0 39 45 583 475 99 113
-0.00186298 0 22 39 45 583 475 99 113
-0.00154267 0 44 39 45 583 475 99 113
-0.00191585 0 66 39 45 583 475 99 113
-0.00190463 19 0 39 45 583 475 99 113
-0.00190894 19 22 39 45 583 475 99 113
-0.00191325 19 44 39 45 583 475 99 113
-0.00190451 19 66 39 45 583 475 99 113
-0.00131344 38 0 39 45 583 475 99 113
-0.00140798 38 22 39 45 583 475 99 113
-0.00178065 38 44 39 45 583 475 99 113
-0.00191243 38 66 39 45 583 475 99 113
-0.00191454 57 0 39 45 583 475 99 113
-0.00191541 57 22 39 45 583 475 99 113
-0.00191464 57 44 39 45 583 475 99 113
-0.00191533 57 66 39 45 583 475 99 113
-0.00191147 0 0 39 45 583 475 99 113
-0.00191225 0 22 39 45 583 475 99 113
-0.00191386 0 44 39 45 583 475 99 113
-0.00190734 0 66 39 45 583 475 99 113
-0.00190544 19 0 39 45 583 475 99 113
-0.00191168 19 22 39 45 583 475 99 113
-0.00191112 19 44 39 45 583 475 99 113
-0.00191398 19 66 39 45 583 475 99 113
-0.00191359 38 0 39 45 583 475 99 113
-0.00191251 38 22 39 45 583 475 99 113
-0.00191258 38 44 39 45 583 475 99 113
-0.00191057 38 66 39 45 583 475 99 113
-0.00191493 57 0 39 45 583 475 99 113
-0.0019143 57 22 39 45 583 475 99 113
-0.00191496 57 44 39 45 583 475 99 113
-0.00191547 57 66 39 45 583 475 99 113
-0.00190607 0 0 39 45 583 475 99 113
-0.00191299 0 22 39 45 583 475 99 113
-0.00138549 0 44 39 45 583 475 99 113
-0.0019094 0 66 39 45 583 475 99 113
-0.0012114 19 0 39 45 583 475 99 113
-0.00190721 19 22 39 45 583 475 99 113
-0.00191155 19 44 39 45 583 475 99 113
-0.00190848 19 66 39 45 583 475 99 113
-0.00191093 38 0 39 45 583 475 99 113
-0.00191473 38 22 39 45 583 475 99 113
-0.00191368 38 44 39 45 583 475 99 113
-0.00191351 38 66 39 45 583 475 99 113
-0.00191516 57 0 39 45 583 475 99 113
-0.00191447 57 22 39 45 583 475 99 113
-0.00190762 57 44 39 45 583 475 99 113
-0.001907 57 66 39 45 583 475 99 113
-0.0012843 0 0 39 45 583 475 99 113
-0.00191239 0 22 39 45 583 475 99 113
-0.00191645 0 44 39 45 583 475 99 113
-0.00191666 0 66 39 45 583 475 99 113
-0.0013967 19 0 39 45 583 475 99 113
-0.00119757 19 22 39 45 583 475 99 113
-0.00191277 19 44 39 45 583 475 99 113
-0.00191304 19 66 39 45 583 475 99 113
-0.00191272 38 0 39 45 583 475 99 113
-0.00191574 38 22 39 45 583 475 99 113
-0.00191578 38 44 39 45 583 475 99 113
-0.00191598 38 66 39 45 583 475 99 113
-0.001916 57 0 39 45 583 475 99 113
-0.00191595 57 22 39 45 583 475 99 113
-0.00191155 57 44 39 45 583 475 99 113
-0.00191494 57 66 39 45 583 475 99 113
-0.00136299 0 0 39 45 583 475 99 113
-0.00171741 0 22 39 45 583 475 99 113
-0.00191107 0 44 39 45 583 475 99 113
-0.00191628 0 66 39 45 583 475 99 113
-0.00190357 19 0 39 45 583 475 99 113
-0.00190982 19 22 39 45 583 475 99 113
-0.00191202 19 44 39 45 583 475 99 113
-0.00190503 19 66 39 45 583 475 99 113
-0.00191541 38 0 39 45 583 475 99 113
-0.00191605 38 22 39 45 583 475 99 113
-0.00191544 38 44 39 45 583 475 99 113
-0.00191636 38 66 39 45 583 475 99 113
-0.00191584 57 0 39 45 583 475 99 113
-0.00191601 57 22 39 45 583 475 99 113
-0.00191185 57 44 39 45 583 475 99 113
-0.00191588 57 66 39 45 583 475 99 113
-0.00191254 0 0 39 45 583 475 99 113
-0.00191495 0 22 39 45 583 475 99 113
-0.00191638 0 44 39 45 583 475 99 113
-0.00191657 0 66 39 45 583 475 99 113
-0.00191195 19 0 39 45 583 475 99 113
-0.0019151 19 22 39 45 583 475 99 113
-0.00191493 19 44 39 45 583 475 99 113
-0.00191441 19 66 39 45 583 475 99 113
-0.00137366 38 0 39 45 583 475 99 113
-0.00191149 38 22 39 45 583 475 99 113
-0.00191353 38 44 39 45 583 475 99 113
-0.00190966 38 66 39 45 583 475 99 113
-0.00190906 57 0 39 45 583 475 99 113
-0.0019108 57 22 39 45 583 475 99 113
-0.00172822 57 44 39 45 583 475 99 113
-0.00190393 57 66 39 45 583 475 99 113
-0.00191487 0 0 39 45 583 475 99 113
-0.00191671 0 22 39 45 583 475 99 113
-0.00191648 0 44 39 45 583 475 99 113
-0.00191593 0 66 39 45 583 475 99 113
-0.00191524 19 0 39 45 583 475 99 113
-0.00191641 19 22 39 45 583 475 99 113
-0.00191614 19 44 39 45 583 475 99 113
-0.00191665 19 66 39 45 583 475 99 113
-0.0019144 38 0 39 45 583 475 99 113
-0.0019132 38 22 39 45 583 475 99 113
-0.00191384 38 44 39 45 583 475 99 113
-0.00191602 38 66 39 45 583 475 99 113
-0.00191411 57 0 39 45 583 475 99 113
-0.00191604 57 22 39 45 583 475 99 113
-0.00191605 57 44 39 45 583 475 99 113
-0.00191515 57 66 39 45 583 475 99 113
-0.00183266 0 0 39 45 583 475 99 113
-0.00191646 0 22 39 45 583 475 99 113
-0.00191586 0 44 39 45 583 475 99 113
-0.00191585 0 66 39 45 583 475 99 113
-0.00190459 19 0 39 45 583 475 99 113
-0.00191261 19 22 39 45 583 475 99 113
-0.00191503 19 44 39 45 583 475 99 113
-0.00191649 19 66 39 45 583 475 99 113
-0.00164167 38 0 39 45 583 475 99 113
-0.00153203 38 22 39 45 583 475 99 113
-0.00190489 38 44 39 45 583 475 99 113
-0.00191363 38 66 39 45 583 475 99 113
-0.00191548 57 0 39 45 583 475 99 113
-0.0019153 57 22 39 45 583 475 99 113
-0.0019151 57 44 39 45 583 475 99 113
-0.00191526 57 66 39 45 583 475 99 113
-0.00190463 0 0 39 45 583 475 99 113
-0.00191547 0 22 39 45 583 475 99 113
-0.00191607 0 44 39 45 583 475 99 113
-0.00191638 0 66 39 45 583 475 99 113
-0.00126655 19 0 39 45 583 475 99 113
-0.00142898 19 22 39 45 583 475 99 113
-0.00191504 19 44 39 45 583 475 99 113
-0.00191654 19 66 39 45 583 475 99 113
-0.00191363 38 0 39 45 583 475 99 113
-0.00190909 38 22 39 45 583 475 99 113
-0.00190971 38 44 39 45 583 475 99 113
-0.00190719 38 66 39 45 583 475 99 113
-0.00191632 57 0 39 45 583 475 99 113
-0.00191345 57 22 39 45 583 475 99 113
-0.00190917 57 44 39 45 583 475 99 113
-0.00191228 57 66 39 45 583 475 99 113
-0.00191394 0 0 66 75 583 475 99 113
-0.00191575 0 37 66 75 583 475 99 113
-0.00190843 33 0 66 75 583 475 99 113
-0.00163081 33 37 66 75 583 475 99 113
-0.00113284 0 0 66 75 583 475 99 113
-0.00125447 0 37 66 75 583 475 99 113
-0.00169624 33 0 66 75 583 475 99 113
-0.00190855 33 37 66 75 583 475 99 113
-0.00190885 0 0 66 75 583 475 99 113
-0.0017913 0 37 66 75 583 475 99 113
-0.00191408 33 0 66 75 583 475 99 113
-0.0019065 33 37 66 75 583 475 99 113
-0.00148783 0 0 66 75 583 475 99 113
-0.00190704 0 37 66 75 583 475 99 113
-0.00191558 33 0 66 75 583 475 99 113
-0.00191361 33 37 66 75 583 475 99 113
-0.00191311 0 0 66 75 583 475 99 113
-0.00191481 0 37 66 75 583 475 99 113
-0.00191011 33 0 66 75 583 475 99 113
-0.00130178 33 37 66 75 583 475 99 113
-0.00191312 0 0 66 75 583 475 99 113
-0.00191455 0 37 66 75 583 475 99 113
-0.00190418 33 0 66 75 583 475 99 113
-0.0019036 33 37 66 75 583 475 99 113
-0.00190699 0 0 66 75 583 475 99 113
-0.00191553 0 37 66 75 583 475 99 113
-0.00181219 33 0 66 75 583 475 99 113
-0.00122795 33 37 66 75 583 475 99 113
-0.00191331 0 0 66 75 583 475 99 113
-0.0019158 0 37 66 75 583 475 99 113
-0.00191447 33 0 66 75 583 475 99 113
-0.00191544 33 37 66 75 583 475 99 113
-0.00191537 0 0 66 75 583 475 99 113
-0.0019159 0 37 66 75 583 475 99 113
-0.00191223 33 0 66 75 583 475 99 113
-0.00191184 33 37 66 75 583 475 99 113
-0.00191614 0 0 66 75 583 475 99 113
-0.00191588 0 37 66 75 583 475 99 113
-0.00191181 33 0 66 75 583 475 99 113
-0.00182797 33 37 66 75 583 475 99 113
-0.00191538 0 0 99 113 583 475 99 113
-0.00190599 0 0 99 113 583 475 99 113
-0.00118066 0 0 99 113 583 475 99 113
-0.00191157 0 0 99 113 583 475 99 113
-0.00191309 0 0 99 113 583 475 99 113
-0.0019106 0 0 99 113 583 475 99 113
-0.00191463 0 0 99 113 583 475 99 113
-0.00191601 0 0 99 113 583 475 99 113
-0.00191583 0 0 99 113 583 475 99 113
-0.00191495 0 0 99 113 583 475 99 113
