-0.00043224 0 0 29 30 160 164 134 136
-0.000432147 0 15 29 30 160 164 134 136
-0.000432249 0 30 29 30 160 164 134 136
-0.000432245 0 45 29 30 160 164 134 136
-0.000431991 0 60 29 30 160 164 134 136
-0.000432169 0 75 29 30 160 164 134 136
-0.000432012 0 90 29 30 160 164 134 136
-0.00043218 0 105 29 30 160 164 134 136
-0.000432253 14 0 29 30 160 164 134 136
-0.000432246 14 15 29 30 160 164 134 136
-0.000432253 14 30 29 30 160 164 134 136
-0.000432199 14 45 29 30 160 164 134 136
-0.000432189 14 60 29 30 160 164 134 136
-0.000432128 14 75 29 30 160 164 134 136
-0.000431694 14 90 29 30 160 164 134 136
-0.000431071 14 105 29 30 160 164 134 136
-0.000432224 28 0 29 30 160 164 134 136
-0.000432239 28 15 29 30 160 164 134 136
-0.000432186 28 30 29 30 160 164 134 136
-0.000365243 28 45 29 30 160 164 134 136
-0.000431897 28 60 29 30 160 164 134 136
-0.000432016 28 75 29 30 160 164 134 136
-0.000431778 28 90 29 30 160 164 134 136
-0.000431959 28 105 29 30 160 164 134 136
-0.000432121 42 0 29 30 160 164 134 136
-0.000432163 42 15 29 30 160 164 134 136
-0.00043136 42 30 29 30 160 164 134 136
-0.000203771 42 45 29 30 160 164 134 136
-0.000431796 42 60 29 30 160 164 134 136
-0.000431915 42 75 29 30 160 164 134 136
-0.000431891 42 90 29 30 160 164 134 136
-0.000431974 42 105 29 30 160 164 134 136
-0.000432151 56 0 29 30 160 164 134 136
-0.00043215 56 15 29 30 160 164 134 136
-0.000430713 56 30 29 30 160 164 134 136
-0.000392679 56 45 29 30 160 164 134 136
-0.000431646 56 60 29 30 160 164 134 136
-0.000432052 56 75 29 30 160 164 134 136
-0.000430895 56 90 29 30 160 164 134 136
-0.000431469 56 105 29 30 160 164 134 136
-0.00043213 70 0 29 30 160 164 134 136
-0.000432186 70 15 29 30 160 164 134 136
-0.000431937 70 30 29 30 160 164 134 136
-0.000431674 70 45 29 30 160 164 134 136
-0.000431831 70 60 29 30 160 164 134 136
-0.000432114 70 75 29 30 160 164 134 136
-0.000432119 70 90 29 30 160 164 134 136
-0.000432091 70 105 29 30 160 164 134 136
-0.000432218 84 0 29 30 160 164 134 136
-0.000432016 84 15 29 30 160 164 134 136
-0.00043211 84 30 29 30 160 164 134 136
-0.00043217 84 45 29 30 160 164 134 136
-0.000432186 84 60 29 30 160 164 134 136
-0.00043213 84 75 29 30 160 164 134 136
-0.000432088 84 90 29 30 160 164 134 136
-0.000432016 84 105 29 30 160 164 134 136
-0.000432194 98 0 29 30 160 164 134 136
-0.000432161 98 15 29 30 160 164 134 136
-0.000432155 98 30 29 30 160 164 134 136
-0.000432141 98 45 29 30 160 164 134 136
-0.000432222 98 60 29 30 160 164 134 136
-0.000432167 98 75 29 30 160 164 134 136
-0.000431552 98 90 29 30 160 164 134 136
-0.000432066 98 105 29 30 160 164 134 136
-0.000432243 0 0 29 30 160 164 134 136
-0.000432245 0 15 29 30 160 164 134 136
-0.000432228 0 30 29 30 160 164 134 136
-0.000432215 0 45 29 30 160 164 134 136
-0.000432194 0 60 29 30 160 164 134 136
-0.000432204 0 75 29 30 160 164 134 136
-0.000432169 0 90 29 30 160 164 134 136
-0.000432185 0 105 29 30 160 164 134 136
-0.000432244 14 0 29 30 160 164 134 136
-0.000432256 14 15 29 30 160 164 134 136
-0.000432186 14 30 29 30 160 164 134 136
-0.000432006 14 45 29 30 160 164 134 136
-0.000432065 14 60 29 30 160 164 134 136
-0.000432181 14 75 29 30 160 164 134 136
-0.000432232 14 90 29 30 160 164 134 136
-0.000432112 14 105 29 30 160 164 134 136
-0.000432253 28 0 29 30 160 164 134 136
-0.000432254 28 15 29 30 160 164 134 136
-0.000431858 28 30 29 30 160 164 134 136
-0.000141867 28 45 29 30 160 164 134 136
-0.000431582 28 60 29 30 160 164 134 136
-0.000432041 28 75 29 30 160 164 134 136
-0.000432205 28 90 29 30 160 164 134 136
-0.000432207 28 105 29 30 160 164 134 136
-0.000432242 42 0 29 30 160 164 134 136
-0.000432218 42 15 29 30 160 164 134 136
-0.000431178 42 30 29 30 160 164 134 136
-0.000189622 42 45 29 30 160 164 134 136
-0.000431365 42 60 29 30 160 164 134 136
-0.000431869 42 75 29 30 160 164 134 136
-0.000432144 42 90 29 30 160 164 134 136
-0.000432167 42 105 29 30 160 164 134 136
-0.00043221 56 0 29 30 160 164 134 136
-0.000432174 56 15 29 30 160 164 134 136
-0.000430595 56 30 29 30 160 164 134 136
-0.000172979 56 45 29 30 160 164 134 136
-0.000431348 56 60 29 30 160 164 134 136
-0.000431732 56 75 29 30 160 164 134 136
-0.0004321 56 90 29 30 160 164 134 136
-0.000432206 56 105 29 30 160 164 134 136
-0.000432246 70 0 29 30 160 164 134 136
-0.000432221 70 15 29 30 160 164 134 136
-0.00038108 70 30 29 30 160 164 134 136
-0.000177481 70 45 29 30 160 164 134 136
-0.000431637 70 60 29 30 160 164 134 136
-0.000431854 70 75 29 30 160 164 134 136
-0.000432064 70 90 29 30 160 164 134 136
-0.000432056 70 105 29 30 160 164 134 136
-0.000432253 84 0 29 30 160 164 134 136
-0.000432253 84 15 29 30 160 164 134 136
-0.000432162 84 30 29 30 160 164 134 136
-0.000431796 84 45 29 30 160 164 134 136
-0.000432023 84 60 29 30 160 164 134 136
-0.000432108 84 75 29 30 160 164 134 136
-0.000432164 84 90 29 30 160 164 134 136
-0.000432045 84 105 29 30 160 164 134 136
-0.000432241 98 0 29 30 160 164 134 136
-0.000432253 98 15 29 30 160 164 134 136
-0.000432241 98 30 29 30 160 164 134 136
-0.000432178 98 45 29 30 160 164 134 136
-0.00043217 98 60 29 30 160 164 134 136
-0.000432157 98 75 29 30 160 164 134 136
-0.000432044 98 90 29 30 160 164 134 136
-0.000431777 98 105 29 30 160 164 134 136
-0.000152183 0 0 29 30 160 164 134 136
-0.000431146 0 15 29 30 160 164 134 136
-0.000432139 0 30 29 30 160 164 134 136
-0.00043217 0 45 29 30 160 164 134 136
-0.00043194 0 60 29 30 160 164 134 136
-0.000432206 0 75 29 30 160 164 134 136
-0.000432245 0 90 29 30 160 164 134 136
-0.00043216 0 105 29 30 160 164 134 136
-0.000430935 14 0 29 30 160 164 134 136
-0.000432119 14 15 29 30 160 164 134 136
-0.000431188 14 30 29 30 160 164 134 136
-0.000432145 14 45 29 30 160 164 134 136
-0.000432158 14 60 29 30 160 164 134 136
-0.000432123 14 75 29 30 160 164 134 136
-0.000432218 14 90 29 30 160 164 134 136
-0.000432215 14 105 29 30 160 164 134 136
-0.000431654 28 0 29 30 160 164 134 136
-0.000432239 28 15 29 30 160 164 134 136
-0.000432008 28 30 29 30 160 164 134 136
-0.000431974 28 45 29 30 160 164 134 136
-0.00043222 28 60 29 30 160 164 134 136
-0.000432144 28 75 29 30 160 164 134 136
-0.000431612 28 90 29 30 160 164 134 136
-0.000432129 28 105 29 30 160 164 134 136
-0.000431703 42 0 29 30 160 164 134 136
-0.000432249 42 15 29 30 160 164 134 136
-0.000431794 42 30 29 30 160 164 134 136
-0.000432204 42 45 29 30 160 164 134 136
-0.000432224 42 60 29 30 160 164 134 136
-0.000432212 42 75 29 30 160 164 134 136
-0.000430844 42 90 29 30 160 164 134 136
-0.000431536 42 105 29 30 160 164 134 136
-0.000431836 56 0 29 30 160 164 134 136
-0.00043225 56 15 29 30 160 164 134 136
-0.000431777 56 30 29 30 160 164 134 136
-0.000432173 56 45 29 30 160 164 134 136
-0.000432233 56 60 29 30 160 164 134 136
-0.000432201 56 75 29 30 160 164 134 136
-0.00043105 56 90 29 30 160 164 134 136
-0.000431308 56 105 29 30 160 164 134 136
-0.000431592 70 0 29 30 160 164 134 136
-0.000432246 70 15 29 30 160 164 134 136
-0.00043219 70 30 29 30 160 164 134 136
-0.000432166 70 45 29 30 160 164 134 136
-0.000432211 70 60 29 30 160 164 134 136
-0.000432012 70 75 29 30 160 164 134 136
-0.000431423 70 90 29 30 160 164 134 136
-0.000431791 70 105 29 30 160 164 134 136
-0.000396568 84 0 29 30 160 164 134 136
-0.00043223 84 15 29 30 160 164 134 136
-0.000432239 84 30 29 30 160 164 134 136
-0.000432174 84 45 29 30 160 164 134 136
-0.000432127 84 60 29 30 160 164 134 136
-0.000432021 84 75 29 30 160 164 134 136
-0.000432174 84 90 29 30 160 164 134 136
-0.000432157 84 105 29 30 160 164 134 136
-0.000431479 98 0 29 30 160 164 134 136
-0.000432156 98 15 29 30 160 164 134 136
-0.000432228 98 30 29 30 160 164 134 136
-0.000432202 98 45 29 30 160 164 134 136
-0.00043215 98 60 29 30 160 164 134 136
-0.000432201 98 75 29 30 160 164 134 136
-0.000432231 98 90 29 30 160 164 134 136
-0.000432191 98 105 29 30 160 164 134 136
-0.000431484 0 0 29 30 160 164 134 136
-0.000432033 0 15 29 30 160 164 134 136
-0.000234496 0 30 29 30 160 164 134 136
-0.000431884 0 45 29 30 160 164 134 136
-0.000431891 0 60 29 30 160 164 134 136
-0.000432073 0 75 29 30 160 164 134 136
-0.000431967 0 90 29 30 160 164 134 136
-0.000432137 0 105 29 30 160 164 134 136
-0.00043155 14 0 29 30 160 164 134 136
-0.00043204 14 15 29 30 160 164 134 136
-0.000431019 14 30 29 30 160 164 134 136
-0.000431347 14 45 29 30 160 164 134 136
-0.000431632 14 60 29 30 160 164 134 136
-0.000432003 14 75 29 30 160 164 134 136
-0.000431984 14 90 29 30 160 164 134 136
-0.000432114 14 105 29 30 160 164 134 136
-0.000431765 28 0 29 30 160 164 134 136
-0.000431835 28 15 29 30 160 164 134 136
-0.00034495 28 30 29 30 160 164 134 136
-0.000212993 28 45 29 30 160 164 134 136
-0.000431312 28 60 29 30 160 164 134 136
-0.000431734 28 75 29 30 160 164 134 136
-0.000431305 28 90 29 30 160 164 134 136
-0.000432003 28 105 29 30 160 164 134 136
-0.000431486 42 0 29 30 160 164 134 136
-0.000431589 42 15 29 30 160 164 134 136
-0.000137435 42 30 29 30 160 164 134 136
-0.000404255 42 45 29 30 160 164 134 136
-0.00043115 42 60 29 30 160 164 134 136
-0.000431646 42 75 29 30 160 164 134 136
-0.000267532 42 90 29 30 160 164 134 136
-0.000431246 42 105 29 30 160 164 134 136
-0.000431534 56 0 29 30 160 164 134 136
-0.000431882 56 15 29 30 160 164 134 136
-0.0001966 56 30 29 30 160 164 134 136
-0.000430551 56 45 29 30 160 164 134 136
-0.000431308 56 60 29 30 160 164 134 136
-0.000431732 56 75 29 30 160 164 134 136
-0.000296036 56 90 29 30 160 164 134 136
-0.000419394 56 105 29 30 160 164 134 136
-0.000431613 70 0 29 30 160 164 134 136
-0.000431877 70 15 29 30 160 164 134 136
-0.000320454 70 30 29 30 160 164 134 136
-0.000300123 70 45 29 30 160 164 134 136
-0.000430812 70 60 29 30 160 164 134 136
-0.000431582 70 75 29 30 160 164 134 136
-0.00043125 70 90 29 30 160 164 134 136
-0.000431348 70 105 29 30 160 164 134 136
-0.00043089 84 0 29 30 160 164 134 136
-0.000431519 84 15 29 30 160 164 134 136
-0.000431659 84 30 29 30 160 164 134 136
-0.000431977 84 45 29 30 160 164 134 136
-0.000431966 84 60 29 30 160 164 134 136
-0.00043206 84 75 29 30 160 164 134 136
-0.000432121 84 90 29 30 160 164 134 136
-0.000432023 84 105 29 30 160 164 134 136
-0.000275615 98 0 29 30 160 164 134 136
-0.000430675 98 15 29 30 160 164 134 136
-0.000431178 98 30 29 30 160 164 134 136
-0.000432073 98 45 29 30 160 164 134 136
-0.000432182 98 60 29 30 160 164 134 136
-0.000432135 98 75 29 30 160 164 134 136
-0.000432113 98 90 29 30 160 164 134 136
-0.000432013 98 105 29 30 160 164 134 136
-0.0004322 0 0 29 30 160 164 134 136
-0.000432196 0 15 29 30 160 164 134 136
-0.000432226 0 30 29 30 160 164 134 136
-0.000432087 0 45 29 30 160 164 134 136
-0.000432185 0 60 29 30 160 164 134 136
-0.000432242 0 75 29 30 160 164 134 136
-0.000340825 0 90 29 30 160 164 134 136
-0.000431781 0 105 29 30 160 164 134 136
-0.000432239 14 0 29 30 160 164 134 136
-0.000432216 14 15 29 30 160 164 134 136
-0.000432232 14 30 29 30 160 164 134 136
-0.000432237 14 45 29 30 160 164 134 136
-0.000432254 14 60 29 30 160 164 134 136
-0.000432249 14 75 29 30 160 164 134 136
-0.000431308 14 90 29 30 160 164 134 136
-0.000431889 14 105 29 30 160 164 134 136
-0.000432206 28 0 29 30 160 164 134 136
-0.000432231 28 15 29 30 160 164 134 136
-0.000432134 28 30 29 30 160 164 134 136
-0.000432034 28 45 29 30 160 164 134 136
-0.000432084 28 60 29 30 160 164 134 136
-0.000431231 28 75 29 30 160 164 134 136
-0.000400421 28 90 29 30 160 164 134 136
-0.000431941 28 105 29 30 160 164 134 136
-0.000415642 42 0 29 30 160 164 134 136
-0.000431472 42 15 29 30 160 164 134 136
-0.000431357 42 30 29 30 160 164 134 136
-0.000431605 42 45 29 30 160 164 134 136
-0.000133049 42 60 29 30 160 164 134 136
-0.000207794 42 75 29 30 160 164 134 136
-0.000242582 42 90 29 30 160 164 134 136
-0.000431687 42 105 29 30 160 164 134 136
-0.000279697 56 0 29 30 160 164 134 136
-0.000150926 56 15 29 30 160 164 134 136
-0.000336725 56 30 29 30 160 164 134 136
-0.000193314 56 45 29 30 160 164 134 136
-0.000238554 56 60 29 30 160 164 134 136
-0.000146855 56 75 29 30 160 164 134 136
-0.000254939 56 90 29 30 160 164 134 136
-0.000384972 56 105 29 30 160 164 134 136
-0.000271609 70 0 29 30 160 164 134 136
-0.000316346 70 15 29 30 160 164 134 136
-0.000430838 70 30 29 30 160 164 134 136
-0.000431809 70 45 29 30 160 164 134 136
-0.000432157 70 60 29 30 160 164 134 136
-0.000431953 70 75 29 30 160 164 134 136
-0.000431737 70 90 29 30 160 164 134 136
-0.000432086 70 105 29 30 160 164 134 136
-0.000431505 84 0 29 30 160 164 134 136
-0.000431871 84 15 29 30 160 164 134 136
-0.000431711 84 30 29 30 160 164 134 136
-0.000432057 84 45 29 30 160 164 134 136
-0.0004322 84 60 29 30 160 164 134 136
-0.000432134 84 75 29 30 160 164 134 136
-0.000432001 84 90 29 30 160 164 134 136
-0.000432152 84 105 29 30 160 164 134 136
-0.000432145 98 0 29 30 160 164 134 136
-0.000431886 98 15 29 30 160 164 134 136
-0.000431731 98 30 29 30 160 164 134 136
-0.000432143 98 45 29 30 160 164 134 136
-0.000432197 98 60 29 30 160 164 134 136
-0.000432175 98 75 29 30 160 164 134 136
-0.000431931 98 90 29 30 160 164 134 136
-0.000432006 98 105 29 30 160 164 134 136
-0.000432222 0 0 29 30 160 164 134 136
-0.000432061 0 15 29 30 160 164 134 136
-0.000432241 0 30 29 30 160 164 134 136
-0.000432201 0 45 29 30 160 164 134 136
-0.000432234 0 60 29 30 160 164 134 136
-0.000432242 0 75 29 30 160 164 134 136
-0.000432159 0 90 29 30 160 164 134 136
-0.000432103 0 105 29 30 160 164 134 136
-0.000432241 14 0 29 30 160 164 134 136
-0.000432192 14 15 29 30 160 164 134 136
-0.00043225 14 30 29 30 160 164 134 136
-0.000432222 14 45 29 30 160 164 134 136
-0.000432212 14 60 29 30 160 164 134 136
-0.000432208 14 75 29 30 160 164 134 136
-0.000432017 14 90 29 30 160 164 134 136
-0.00043202 14 105 29 30 160 164 134 136
-0.000432235 28 0 29 30 160 164 134 136
-0.000432246 28 15 29 30 160 164 134 136
-0.000432244 28 30 29 30 160 164 134 136
-0.000432025 28 45 29 30 160 164 134 136
-0.000430696 28 60 29 30 160 164 134 136
-0.000373228 28 75 29 30 160 164 134 136
-0.000431793 28 90 29 30 160 164 134 136
-0.000432211 28 105 29 30 160 164 134 136
-0.000432251 42 0 29 30 160 164 134 136
-0.000432213 42 15 29 30 160 164 134 136
-0.000432073 42 30 29 30 160 164 134 136
-0.000431177 42 45 29 30 160 164 134 136
-0.000432003 42 60 29 30 160 164 134 136
-0.000432118 42 75 29 30 160 164 134 136
-0.000431468 42 90 29 30 160 164 134 136
-0.000432202 42 105 29 30 160 164 134 136
-0.000432198 56 0 29 30 160 164 134 136
-0.000431793 56 15 29 30 160 164 134 136
-0.000431444 56 30 29 30 160 164 134 136
-0.000431793 56 45 29 30 160 164 134 136
-0.000432033 56 60 29 30 160 164 134 136
-0.000432213 56 75 29 30 160 164 134 136
-0.000432015 56 90 29 30 160 164 134 136
-0.000432071 56 105 29 30 160 164 134 136
-0.000431797 70 0 29 30 160 164 134 136
-0.000432072 70 15 29 30 160 164 134 136
-0.000432158 70 30 29 30 160 164 134 136
-0.000432224 70 45 29 30 160 164 134 136
-0.000432244 70 60 29 30 160 164 134 136
-0.000432247 70 75 29 30 160 164 134 136
-0.000432254 70 90 29 30 160 164 134 136
-0.000432227 70 105 29 30 160 164 134 136
-0.000431825 84 0 29 30 160 164 134 136
-0.000432212 84 15 29 30 160 164 134 136
-0.000432223 84 30 29 30 160 164 134 136
-0.00043224 84 45 29 30 160 164 134 136
-0.000432209 84 60 29 30 160 164 134 136
-0.000432194 84 75 29 30 160 164 134 136
-0.000432213 84 90 29 30 160 164 134 136
-0.000431985 84 105 29 30 160 164 134 136
-0.000432246 98 0 29 30 160 164 134 136
-0.000432231 98 15 29 30 160 164 134 136
-0.000432175 98 30 29 30 160 164 134 136
-0.000432181 98 45 29 30 160 164 134 136
-0.000432175 98 60 29 30 160 164 134 136
-0.00043198 98 75 29 30 160 164 134 136
-0.000432187 98 90 29 30 160 164 134 136
-0.000432215 98 105 29 30 160 164 134 136
-0.000432234 0 0 29 30 160 164 134 136
-0.000432031 0 15 29 30 160 164 134 136
-0.000432249 0 30 29 30 160 164 134 136
-0.000432235 0 45 29 30 160 164 134 136
-0.000432111 0 60 29 30 160 164 134 136
-0.000432139 0 75 29 30 160 164 134 136
-0.000432249 0 90 29 30 160 164 134 136
-0.000432253 0 105 29 30 160 164 134 136
-0.000432242 14 0 29 30 160 164 134 136
-0.000432217 14 15 29 30 160 164 134 136
-0.000432252 14 30 29 30 160 164 134 136
-0.00043212 14 45 29 30 160 164 134 136
-0.0004318 14 60 29 30 160 164 134 136
-0.000432148 14 75 29 30 160 164 134 136
-0.000431678 14 90 29 30 160 164 134 136
-0.000431931 14 105 29 30 160 164 134 136
-0.000432233 28 0 29 30 160 164 134 136
-0.00043224 28 15 29 30 160 164 134 136
-0.000432253 28 30 29 30 160 164 134 136
-0.000431936 28 45 29 30 160 164 134 136
-0.00043201 28 60 29 30 160 164 134 136
-0.000432115 28 75 29 30 160 164 134 136
-0.000431943 28 90 29 30 160 164 134 136
-0.000432001 28 105 29 30 160 164 134 136
-0.000432235 42 0 29 30 160 164 134 136
-0.000432253 42 15 29 30 160 164 134 136
-0.000432192 42 30 29 30 160 164 134 136
-0.000431944 42 45 29 30 160 164 134 136
-0.000432233 42 60 29 30 160 164 134 136
-0.000432249 42 75 29 30 160 164 134 136
-0.000432066 42 90 29 30 160 164 134 136
-0.000432167 42 105 29 30 160 164 134 136
-0.00043224 56 0 29 30 160 164 134 136
-0.00043224 56 15 29 30 160 164 134 136
-0.000431303 56 30 29 30 160 164 134 136
-0.000432196 56 45 29 30 160 164 134 136
-0.00043219 56 60 29 30 160 164 134 136
-0.000432244 56 75 29 30 160 164 134 136
-0.000432227 56 90 29 30 160 164 134 136
-0.000432101 56 105 29 30 160 164 134 136
-0.000432248 70 0 29 30 160 164 134 136
-0.000432204 70 15 29 30 160 164 134 136
-0.000431159 70 30 29 30 160 164 134 136
-0.00043224 70 45 29 30 160 164 134 136
-0.000432124 70 60 29 30 160 164 134 136
-0.000432201 70 75 29 30 160 164 134 136
-0.00043225 70 90 29 30 160 164 134 136
-0.000432245 70 105 29 30 160 164 134 136
-0.00043225 84 0 29 30 160 164 134 136
-0.000432115 84 15 29 30 160 164 134 136
-0.000431589 84 30 29 30 160 164 134 136
-0.000432239 84 45 29 30 160 164 134 136
-0.000432021 84 60 29 30 160 164 134 136
-0.000432173 84 75 29 30 160 164 134 136
-0.000432213 84 90 29 30 160 164 134 136
-0.000432229 84 105 29 30 160 164 134 136
-0.000432209 98 0 29 30 160 164 134 136
-0.000432204 98 15 29 30 160 164 134 136
-0.000432099 98 30 29 30 160 164 134 136
-0.00043221 98 45 29 30 160 164 134 136
-0.000432239 98 60 29 30 160 164 134 136
-0.000432237 98 75 29 30 160 164 134 136
-0.000432245 98 90 29 30 160 164 134 136
-0.00043225 98 105 29 30 160 164 134 136
-0.000432233 0 0 29 30 160 164 134 136
-0.000432217 0 15 29 30 160 164 134 136
-0.00043225 0 30 29 30 160 164 134 136
-0.000432245 0 45 29 30 160 164 134 136
-0.000431468 0 60 29 30 160 164 134 136
-0.000431975 0 75 29 30 160 164 134 136
-0.000432142 0 90 29 30 160 164 134 136
-0.000432232 0 105 29 30 160 164 134 136
-0.000432211 14 0 29 30 160 164 134 136
-0.000432249 14 15 29 30 160 164 134 136
-0.00043223 14 30 29 30 160 164 134 136
-0.000431897 14 45 29 30 160 164 134 136
-0.00043202 14 60 29 30 160 164 134 136
-0.000432211 14 75 29 30 160 164 134 136
-0.000432139 14 90 29 30 160 164 134 136
-0.00043201 14 105 29 30 160 164 134 136
-0.000432177 28 0 29 30 160 164 134 136
-0.000432165 28 15 29 30 160 164 134 136
-0.000430707 28 30 29 30 160 164 134 136
-0.000431728 28 45 29 30 160 164 134 136
-0.000431107 28 60 29 30 160 164 134 136
-0.000432163 28 75 29 30 160 164 134 136
-0.000432213 28 90 29 30 160 164 134 136
-0.000432228 28 105 29 30 160 164 134 136
-0.000432127 42 0 29 30 160 164 134 136
-0.000432197 42 15 29 30 160 164 134 136
-0.000431426 42 30 29 30 160 164 134 136
-0.000431183 42 45 29 30 160 164 134 136
-0.000431957 42 60 29 30 160 164 134 136
-0.000432089 42 75 29 30 160 164 134 136
-0.000432204 42 90 29 30 160 164 134 136
-0.000432026 42 105 29 30 160 164 134 136
-0.000432109 56 0 29 30 160 164 134 136
-0.00043217 56 15 29 30 160 164 134 136
-0.000431096 56 30 29 30 160 164 134 136
-0.000431754 56 45 29 30 160 164 134 136
-0.000431814 56 60 29 30 160 164 134 136
-0.000431823 56 75 29 30 160 164 134 136
-0.000432051 56 90 29 30 160 164 134 136
-0.000432205 56 105 29 30 160 164 134 136
-0.000432129 70 0 29 30 160 164 134 136
-0.000432188 70 15 29 30 160 164 134 136
-0.000431318 70 30 29 30 160 164 134 136
-0.000431803 70 45 29 30 160 164 134 136
-0.000431836 70 60 29 30 160 164 134 136
-0.000432099 70 75 29 30 160 164 134 136
-0.00043222 70 90 29 30 160 164 134 136
-0.00043189 70 105 29 30 160 164 134 136
-0.000432205 84 0 29 30 160 164 134 136
-0.00043217 84 15 29 30 160 164 134 136
-0.000431484 84 30 29 30 160 164 134 136
-0.000431792 84 45 29 30 160 164 134 136
-0.00043167 84 60 29 30 160 164 134 136
-0.000432116 84 75 29 30 160 164 134 136
-0.00043221 84 90 29 30 160 164 134 136
-0.000432126 84 105 29 30 160 164 134 136
-0.000432068 98 0 29 30 160 164 134 136
-0.000432054 98 15 29 30 160 164 134 136
-0.000431981 98 30 29 30 160 164 134 136
-0.000431503 98 45 29 30 160 164 134 136
-0.000430852 98 60 29 30 160 164 134 136
-0.000431824 98 75 29 30 160 164 134 136
-0.000431982 98 90 29 30 160 164 134 136
-0.00043217 98 105 29 30 160 164 134 136
-0.000432211 0 0 29 30 160 164 134 136
-0.000432218 0 15 29 30 160 164 134 136
-0.000432234 0 30 29 30 160 164 134 136
-0.000432242 0 45 29 30 160 164 134 136
-0.000432225 0 60 29 30 160 164 134 136
-0.000432203 0 75 29 30 160 164 134 136
-0.000432238 0 90 29 30 160 164 134 136
-0.000432218 0 105 29 30 160 164 134 136
-0.000432243 14 0 29 30 160 164 134 136
-0.00043225 14 15 29 30 160 164 134 136
-0.000432234 14 30 29 30 160 164 134 136
-0.000432139 14 45 29 30 160 164 134 136
-0.000432241 14 60 29 30 160 164 134 136
-0.000432162 14 75 29 30 160 164 134 136
-0.000432226 14 90 29 30 160 164 134 136
-0.00043225 14 105 29 30 160 164 134 136
-0.000432215 28 0 29 30 160 164 134 136
-0.000432164 28 15 29 30 160 164 134 136
-0.000431975 28 30 29 30 160 164 134 136
-0.000432093 28 45 29 30 160 164 134 136
-0.000432235 28 60 29 30 160 164 134 136
-0.000432148 28 75 29 30 160 164 134 136
-0.000432156 28 90 29 30 160 164 134 136
-0.000432247 28 105 29 30 160 164 134 136
-0.000432234 42 0 29 30 160 164 134 136
-0.000432203 42 15 29 30 160 164 134 136
-0.00043082 42 30 29 30 160 164 134 136
-0.000432161 42 45 29 30 160 164 134 136
-0.000432235 42 60 29 30 160 164 134 136
-0.000432154 42 75 29 30 160 164 134 136
-0.000432233 42 90 29 30 160 164 134 136
-0.000432237 42 105 29 30 160 164 134 136
-0.00043222 56 0 29 30 160 164 134 136
-0.000432251 56 15 29 30 160 164 134 136
-0.000432203 56 30 29 30 160 164 134 136
-0.000432035 56 45 29 30 160 164 134 136
-0.000432226 56 60 29 30 160 164 134 136
-0.000432239 56 75 29 30 160 164 134 136
-0.000432241 56 90 29 30 160 164 134 136
-0.000432223 56 105 29 30 160 164 134 136
-0.000432185 70 0 29 30 160 164 134 136
-0.000432239 70 15 29 30 160 164 134 136
-0.000432251 70 30 29 30 160 164 134 136
-0.000432066 70 45 29 30 160 164 134 136
-0.000432173 70 60 29 30 160 164 134 136
-0.000432223 70 75 29 30 160 164 134 136
-0.000432086 70 90 29 30 160 164 134 136
-0.00043211 70 105 29 30 160 164 134 136
-0.000432229 84 0 29 30 160 164 134 136
-0.00043223 84 15 29 30 160 164 134 136
-0.000432249 84 30 29 30 160 164 134 136
-0.000432251 84 45 29 30 160 164 134 136
-0.000432255 84 60 29 30 160 164 134 136
-0.000432185 84 75 29 30 160 164 134 136
-0.000431945 84 90 29 30 160 164 134 136
-0.00043206 84 105 29 30 160 164 134 136
-0.000432251 98 0 29 30 160 164 134 136
-0.000432236 98 15 29 30 160 164 134 136
-0.000432236 98 30 29 30 160 164 134 136
-0.000432162 98 45 29 30 160 164 134 136
-0.000432251 98 60 29 30 160 164 134 136
-0.000432233 98 75 29 30 160 164 134 136
-0.000432025 98 90 29 30 160 164 134 136
-0.000431769 98 105 29 30 160 164 134 136
-0.000432196 0 0 29 30 160 164 134 136
-0.000432215 0 15 29 30 160 164 134 136
-0.000432206 0 30 29 30 160 164 134 136
-0.000432096 0 45 29 30 160 164 134 136
-0.000431857 0 60 29 30 160 164 134 136
-0.000432109 0 75 29 30 160 164 134 136
-0.000432241 0 90 29 30 160 164 134 136
-0.000432107 0 105 29 30 160 164 134 136
-0.000432244 14 0 29 30 160 164 134 136
-0.000432242 14 15 29 30 160 164 134 136
-0.000432243 14 30 29 30 160 164 134 136
-0.000432251 14 45 29 30 160 164 134 136
-0.000432249 14 60 29 30 160 164 134 136
-0.000432245 14 75 29 30 160 164 134 136
-0.000432238 14 90 29 30 160 164 134 136
-0.000431934 14 105 29 30 160 164 134 136
-0.000432247 28 0 29 30 160 164 134 136
-0.000432251 28 15 29 30 160 164 134 136
-0.000432203 28 30 29 30 160 164 134 136
-0.000432187 28 45 29 30 160 164 134 136
-0.000432236 28 60 29 30 160 164 134 136
-0.000432256 28 75 29 30 160 164 134 136
-0.000432225 28 90 29 30 160 164 134 136
-0.000431737 28 105 29 30 160 164 134 136
-0.000430741 42 0 29 30 160 164 134 136
-0.000431673 42 15 29 30 160 164 134 136
-0.000431878 42 30 29 30 160 164 134 136
-0.000431525 42 45 29 30 160 164 134 136
-0.000181779 42 60 29 30 160 164 134 136
-0.000353118 42 75 29 30 160 164 134 136
-0.000431431 42 90 29 30 160 164 134 136
-0.000431451 42 105 29 30 160 164 134 136
-0.00043216 56 0 29 30 160 164 134 136
-0.00043214 56 15 29 30 160 164 134 136
-0.000432161 56 30 29 30 160 164 134 136
-0.000432037 56 45 29 30 160 164 134 136
-0.000430993 56 60 29 30 160 164 134 136
-0.000287878 56 75 29 30 160 164 134 136
-0.000411859 56 90 29 30 160 164 134 136
-0.000431532 56 105 29 30 160 164 134 136
-0.000432218 70 0 29 30 160 164 134 136
-0.000432218 70 15 29 30 160 164 134 136
-0.00043222 70 30 29 30 160 164 134 136
-0.000432109 70 45 29 30 160 164 134 136
-0.000328626 70 60 29 30 160 164 134 136
-0.00043162 70 75 29 30 160 164 134 136
-0.00036925 70 90 29 30 160 164 134 136
-0.000432058 70 105 29 30 160 164 134 136
-0.000432249 84 0 29 30 160 164 134 136
-0.000432218 84 15 29 30 160 164 134 136
-0.000432243 84 30 29 30 160 164 134 136
-0.000432248 84 45 29 30 160 164 134 136
-0.00043225 84 60 29 30 160 164 134 136
-0.000431603 84 75 29 30 160 164 134 136
-0.000430891 84 90 29 30 160 164 134 136
-0.000432038 84 105 29 30 160 164 134 136
-0.000432251 98 0 29 30 160 164 134 136
-0.000432106 98 15 29 30 160 164 134 136
-0.000432194 98 30 29 30 160 164 134 136
-0.000432232 98 45 29 30 160 164 134 136
-0.000432254 98 60 29 30 160 164 134 136
-0.00043216 98 75 29 30 160 164 134 136
-0.000431953 98 90 29 30 160 164 134 136
-0.000431908 98 105 29 30 160 164 134 136
-0.000432222 0 0 44 38 160 164 134 136
-0.000432242 0 19 44 38 160 164 134 136
-0.000432241 0 38 44 38 160 164 134 136
-0.000432032 0 57 44 38 160 164 134 136
-0.000432084 0 76 44 38 160 164 134 136
-0.000431821 0 95 44 38 160 164 134 136
-0.000432239 22 0 44 38 160 164 134 136
-0.000432238 22 19 44 38 160 164 134 136
-0.000431996 22 38 44 38 160 164 134 136
-0.000432032 22 57 44 38 160 164 134 136
-0.00043202 22 76 44 38 160 164 134 136
-0.000431098 22 95 44 38 160 164 134 136
-0.000432095 44 0 44 38 160 164 134 136
-0.000432096 44 19 44 38 160 164 134 136
-0.000324541 44 38 44 38 160 164 134 136
-0.000430845 44 57 44 38 160 164 134 136
-0.000431502 44 76 44 38 160 164 134 136
-0.000431548 44 95 44 38 160 164 134 136
-0.000431484 66 0 44 38 160 164 134 136
-0.000432126 66 19 44 38 160 164 134 136
-0.000432046 66 38 44 38 160 164 134 136
-0.000432102 66 57 44 38 160 164 134 136
-0.000432019 66 76 44 38 160 164 134 136
-0.000431847 66 95 44 38 160 164 134 136
-0.000432159 88 0 44 38 160 164 134 136
-0.000432211 88 19 44 38 160 164 134 136
-0.000432166 88 38 44 38 160 164 134 136
-0.000432167 88 57 44 38 160 164 134 136
-0.000432123 88 76 44 38 160 164 134 136
-0.00043194 88 95 44 38 160 164 134 136
-0.000432247 0 0 44 38 160 164 134 136
-0.000432241 0 19 44 38 160 164 134 136
-0.000432106 0 38 44 38 160 164 134 136
-0.000432111 0 57 44 38 160 164 134 136
-0.000432184 0 76 44 38 160 164 134 136
-0.000432073 0 95 44 38 160 164 134 136
-0.000432253 22 0 44 38 160 164 134 136
-0.00043222 22 19 44 38 160 164 134 136
-0.000199982 22 38 44 38 160 164 134 136
-0.000431627 22 57 44 38 160 164 134 136
-0.000432125 22 76 44 38 160 164 134 136
-0.000432202 22 95 44 38 160 164 134 136
-0.000432218 44 0 44 38 160 164 134 136
-0.000432076 44 19 44 38 160 164 134 136
-0.000323944 44 38 44 38 160 164 134 136
-0.000431271 44 57 44 38 160 164 134 136
-0.000431957 44 76 44 38 160 164 134 136
-0.000432126 44 95 44 38 160 164 134 136
-0.000432247 66 0 44 38 160 164 134 136
-0.000432184 66 19 44 38 160 164 134 136
-0.000426857 66 38 44 38 160 164 134 136
-0.000431755 66 57 44 38 160 164 134 136
-0.000432052 66 76 44 38 160 164 134 136
-0.000432075 66 95 44 38 160 164 134 136
-0.000432249 88 0 44 38 160 164 134 136
-0.000432244 88 19 44 38 160 164 134 136
-0.00043212 88 38 44 38 160 164 134 136
-0.000432101 88 57 44 38 160 164 134 136
-0.000432072 88 76 44 38 160 164 134 136
-0.000430877 88 95 44 38 160 164 134 136
-0.000208476 0 0 44 38 160 164 134 136
-0.000431758 0 19 44 38 160 164 134 136
-0.000432119 0 38 44 38 160 164 134 136
-0.000431848 0 57 44 38 160 164 134 136
-0.000432133 0 76 44 38 160 164 134 136
-0.000432196 0 95 44 38 160 164 134 136
-0.000431652 22 0 44 38 160 164 134 136
-0.000432182 22 19 44 38 160 164 134 136
-0.000431619 22 38 44 38 160 164 134 136
-0.000432188 22 57 44 38 160 164 134 136
-0.00043199 22 76 44 38 160 164 134 136
-0.000432032 22 95 44 38 160 164 134 136
-0.000431921 44 0 44 38 160 164 134 136
-0.000432237 44 19 44 38 160 164 134 136
-0.000431919 44 38 44 38 160 164 134 136
-0.0004322 44 57 44 38 160 164 134 136
-0.0004321 44 76 44 38 160 164 134 136
-0.00043064 44 95 44 38 160 164 134 136
-0.000431701 66 0 44 38 160 164 134 136
-0.000432245 66 19 44 38 160 164 134 136
-0.000432119 66 38 44 38 160 164 134 136
-0.000432153 66 57 44 38 160 164 134 136
-0.000431704 66 76 44 38 160 164 134 136
-0.000431922 66 95 44 38 160 164 134 136
-0.000430895 88 0 44 38 160 164 134 136
-0.000432209 88 19 44 38 160 164 134 136
-0.000432193 88 38 44 38 160 164 134 136
-0.000432094 88 57 44 38 160 164 134 136
-0.000432163 88 76 44 38 160 164 134 136
-0.000432198 88 95 44 38 160 164 134 136
-0.000430996 0 0 44 38 160 164 134 136
-0.000431467 0 19 44 38 160 164 134 136
-0.000430713 0 38 44 38 160 164 134 136
-0.000431536 0 57 44 38 160 164 134 136
-0.000430694 0 76 44 38 160 164 134 136
-0.000431709 0 95 44 38 160 164 134 136
-0.000431402 22 0 44 38 160 164 134 136
-0.000431582 22 19 44 38 160 164 134 136
-0.000155577 22 38 44 38 160 164 134 136
-0.000431446 22 57 44 38 160 164 134 136
-0.000430722 22 76 44 38 160 164 134 136
-0.000431755 22 95 44 38 160 164 134 136
-0.000431133 44 0 44 38 160 164 134 136
-0.000431353 44 19 44 38 160 164 134 136
-0.00023028 44 38 44 38 160 164 134 136
-0.000431575 44 57 44 38 160 164 134 136
-0.000430857 44 76 44 38 160 164 134 136
-0.000221652 44 95 44 38 160 164 134 136
-0.000431115 66 0 44 38 160 164 134 136
-0.000431494 66 19 44 38 160 164 134 136
-0.000431012 66 38 44 38 160 164 134 136
-0.000431641 66 57 44 38 160 164 134 136
-0.000431693 66 76 44 38 160 164 134 136
-0.000431794 66 95 44 38 160 164 134 136
-0.000283798 88 0 44 38 160 164 134 136
-0.000168867 88 19 44 38 160 164 134 136
-0.000431493 88 38 44 38 160 164 134 136
-0.000432071 88 57 44 38 160 164 134 136
-0.000431969 88 76 44 38 160 164 134 136
-0.000431844 88 95 44 38 160 164 134 136
-0.000432239 0 0 44 38 160 164 134 136
-0.000432237 0 19 44 38 160 164 134 136
-0.000432145 0 38 44 38 160 164 134 136
-0.000432139 0 57 44 38 160 164 134 136
-0.000432163 0 76 44 38 160 164 134 136
-0.000431816 0 95 44 38 160 164 134 136
-0.000432223 22 0 44 38 160 164 134 136
-0.000432221 22 19 44 38 160 164 134 136
-0.000432192 22 38 44 38 160 164 134 136
-0.000432236 22 57 44 38 160 164 134 136
-0.000431981 22 76 44 38 160 164 134 136
-0.00043173 22 95 44 38 160 164 134 136
-0.000160088 44 0 44 38 160 164 134 136
-0.000308134 44 19 44 38 160 164 134 136
-0.000430828 44 38 44 38 160 164 134 136
-0.000164868 44 57 44 38 160 164 134 136
-0.000135586 44 76 44 38 160 164 134 136
-0.000431453 44 95 44 38 160 164 134 136
-0.000431045 66 0 44 38 160 164 134 136
-0.000431575 66 19 44 38 160 164 134 136
-0.000431874 66 38 44 38 160 164 134 136
-0.000432156 66 57 44 38 160 164 134 136
-0.000431941 66 76 44 38 160 164 134 136
-0.000432016 66 95 44 38 160 164 134 136
-0.000431963 88 0 44 38 160 164 134 136
-0.000431795 88 19 44 38 160 164 134 136
-0.000431923 88 38 44 38 160 164 134 136
-0.00043216 88 57 44 38 160 164 134 136
-0.000432119 88 76 44 38 160 164 134 136
-0.000432013 88 95 44 38 160 164 134 136
-0.000432146 0 0 44 38 160 164 134 136
-0.000432213 0 19 44 38 160 164 134 136
-0.000432234 0 38 44 38 160 164 134 136
-0.00043222 0 57 44 38 160 164 134 136
-0.000432138 0 76 44 38 160 164 134 136
-0.00043201 0 95 44 38 160 164 134 136
-0.000432226 22 0 44 38 160 164 134 136
-0.000432246 22 19 44 38 160 164 134 136
-0.000432209 22 38 44 38 160 164 134 136
-0.00043195 22 57 44 38 160 164 134 136
-0.000431457 22 76 44 38 160 164 134 136
-0.000432164 22 95 44 38 160 164 134 136
-0.000432218 44 0 44 38 160 164 134 136
-0.000431877 44 19 44 38 160 164 134 136
-0.000259191 44 38 44 38 160 164 134 136
-0.000431237 44 57 44 38 160 164 134 136
-0.000432099 44 76 44 38 160 164 134 136
-0.000432156 44 95 44 38 160 164 134 136
-0.000431573 66 0 44 38 160 164 134 136
-0.000432093 66 19 44 38 160 164 134 136
-0.00043223 66 38 44 38 160 164 134 136
-0.000432242 66 57 44 38 160 164 134 136
-0.000432242 66 76 44 38 160 164 134 136
-0.000432202 66 95 44 38 160 164 134 136
-0.000432233 88 0 44 38 160 164 134 136
-0.000432195 88 19 44 38 160 164 134 136
-0.000432036 88 38 44 38 160 164 134 136
-0.000432174 88 57 44 38 160 164 134 136
-0.000432092 88 76 44 38 160 164 134 136
-0.000432137 88 95 44 38 160 164 134 136
-0.000432138 0 0 44 38 160 164 134 136
-0.000432223 0 19 44 38 160 164 134 136
-0.000432252 0 38 44 38 160 164 134 136
-0.000432178 0 57 44 38 160 164 134 136
-0.000432206 0 76 44 38 160 164 134 136
-0.000432233 0 95 44 38 160 164 134 136
-0.000432179 22 0 44 38 160 164 134 136
-0.000432252 22 19 44 38 160 164 134 136
-0.000432168 22 38 44 38 160 164 134 136
-0.000431501 22 57 44 38 160 164 134 136
-0.000432143 22 76 44 38 160 164 134 136
-0.000431862 22 95 44 38 160 164 134 136
-0.000432239 44 0 44 38 160 164 134 136
-0.000432236 44 19 44 38 160 164 134 136
-0.000432119 44 38 44 38 160 164 134 136
-0.000432162 44 57 44 38 160 164 134 136
-0.00043225 44 76 44 38 160 164 134 136
-0.000432083 44 95 44 38 160 164 134 136
-0.000432233 66 0 44 38 160 164 134 136
-0.000432024 66 19 44 38 160 164 134 136
-0.000432234 66 38 44 38 160 164 134 136
-0.000432004 66 57 44 38 160 164 134 136
-0.000432211 66 76 44 38 160 164 134 136
-0.000432132 66 95 44 38 160 164 134 136
-0.000432221 88 0 44 38 160 164 134 136
-0.000432214 88 19 44 38 160 164 134 136
-0.000432199 88 38 44 38 160 164 134 136
-0.00043208 88 57 44 38 160 164 134 136
-0.000432197 88 76 44 38 160 164 134 136
-0.000432153 88 95 44 38 160 164 134 136
-0.000432159 0 0 44 38 160 164 134 136
-0.000432241 0 19 44 38 160 164 134 136
-0.000432211 0 38 44 38 160 164 134 136
-0.000431911 0 57 44 38 160 164 134 136
-0.000432081 0 76 44 38 160 164 134 136
-0.000432059 0 95 44 38 160 164 134 136
-0.000431993 22 0 44 38 160 164 134 136
-0.00043213 22 19 44 38 160 164 134 136
-0.000431691 22 38 44 38 160 164 134 136
-0.000431655 22 57 44 38 160 164 134 136
-0.000432123 22 76 44 38 160 164 134 136
-0.000432133 22 95 44 38 160 164 134 136
-0.000431956 44 0 44 38 160 164 134 136
-0.000432088 44 19 44 38 160 164 134 136
-0.000431082 44 38 44 38 160 164 134 136
-0.000431961 44 57 44 38 160 164 134 136
-0.000431893 44 76 44 38 160 164 134 136
-0.000431716 44 95 44 38 160 164 134 136
-0.000432054 66 0 44 38 160 164 134 136
-0.000432061 66 19 44 38 160 164 134 136
-0.000431461 66 38 44 38 160 164 134 136
-0.000431918 66 57 44 38 160 164 134 136
-0.000432113 66 76 44 38 160 164 134 136
-0.000432142 66 95 44 38 160 164 134 136
-0.000431837 88 0 44 38 160 164 134 136
-0.000432131 88 19 44 38 160 164 134 136
-0.000431752 88 38 44 38 160 164 134 136
-0.000431281 88 57 44 38 160 164 134 136
-0.000431857 88 76 44 38 160 164 134 136
-0.000432008 88 95 44 38 160 164 134 136
-0.00043223 0 0 44 38 160 164 134 136
-0.000432235 0 19 44 38 160 164 134 136
-0.000432238 0 38 44 38 160 164 134 136
-0.000432184 0 57 44 38 160 164 134 136
-0.000432117 0 76 44 38 160 164 134 136
-0.000432195 0 95 44 38 160 164 134 136
-0.000432211 22 0 44 38 160 164 134 136
-0.000432172 22 19 44 38 160 164 134 136
-0.000432093 22 38 44 38 160 164 134 136
-0.000432207 22 57 44 38 160 164 134 136
-0.000432161 22 76 44 38 160 164 134 136
-0.000432224 22 95 44 38 160 164 134 136
-0.000432238 44 0 44 38 160 164 134 136
-0.000432244 44 19 44 38 160 164 134 136
-0.000432029 44 38 44 38 160 164 134 136
-0.000432152 44 57 44 38 160 164 134 136
-0.000432231 44 76 44 38 160 164 134 136
-0.000432245 44 95 44 38 160 164 134 136
-0.000431982 66 0 44 38 160 164 134 136
-0.000432247 66 19 44 38 160 164 134 136
-0.00043225 66 38 44 38 160 164 134 136
-0.000432247 66 57 44 38 160 164 134 136
-0.00043221 66 76 44 38 160 164 134 136
-0.000432075 66 95 44 38 160 164 134 136
-0.000432226 88 0 44 38 160 164 134 136
-0.000432226 88 19 44 38 160 164 134 136
-0.00043217 88 38 44 38 160 164 134 136
-0.00043225 88 57 44 38 160 164 134 136
-0.000432198 88 76 44 38 160 164 134 136
-0.000432121 88 95 44 38 160 164 134 136
-0.000432194 0 0 44 38 160 164 134 136
-0.000432221 0 19 44 38 160 164 134 136
-0.000432168 0 38 44 38 160 164 134 136
-0.000431943 0 57 44 38 160 164 134 136
-0.000432169 0 76 44 38 160 164 134 136
-0.00043211 0 95 44 38 160 164 134 136
-0.000432251 22 0 44 38 160 164 134 136
-0.000432243 22 19 44 38 160 164 134 136
-0.000432228 22 38 44 38 160 164 134 136
-0.000432256 22 57 44 38 160 164 134 136
-0.000432253 22 76 44 38 160 164 134 136
-0.000431879 22 95 44 38 160 164 134 136
-0.000431916 44 0 44 38 160 164 134 136
-0.000431278 44 19 44 38 160 164 134 136
-0.000431915 44 38 44 38 160 164 134 136
-0.000226044 44 57 44 38 160 164 134 136
-0.000217348 44 76 44 38 160 164 134 136
-0.000431617 44 95 44 38 160 164 134 136
-0.000432236 66 0 44 38 160 164 134 136
-0.000432241 66 19 44 38 160 164 134 136
-0.000432242 66 38 44 38 160 164 134 136
-0.000432193 66 57 44 38 160 164 134 136
-0.00030416 66 76 44 38 160 164 134 136
-0.000431806 66 95 44 38 160 164 134 136
-0.000432237 88 0 44 38 160 164 134 136
-0.000432196 88 19 44 38 160 164 134 136
-0.000432221 88 38 44 38 160 164 134 136
-0.00043225 88 57 44 38 160 164 134 136
-0.000432104 88 76 44 38 160 164 134 136
-0.000432071 88 95 44 38 160 164 134 136
-0.000432224 0 0 53 54 160 164 134 136
-0.000432245 0 27 53 54 160 164 134 136
-0.000432078 0 54 53 54 160 164 134 136
-0.000431707 0 81 53 54 160 164 134 136
-0.000432071 26 0 53 54 160 164 134 136
-0.000432007 26 27 53 54 160 164 134 136
-0.000431546 26 54 53 54 160 164 134 136
-0.000349045 26 81 53 54 160 164 134 136
-0.000431459 52 0 53 54 160 164 134 136
-0.000431897 52 27 53 54 160 164 134 136
-0.000432 52 54 53 54 160 164 134 136
-0.000431117 52 81 53 54 160 164 134 136
-0.000432121 78 0 53 54 160 164 134 136
-0.000432181 78 27 53 54 160 164 134 136
-0.000432131 78 54 53 54 160 164 134 136
-0.000431808 78 81 53 54 160 164 134 136
-0.000432249 0 0 53 54 160 164 134 136
-0.000432033 0 27 53 54 160 164 134 136
-0.000432086 0 54 53 54 160 164 134 136
-0.00043214 0 81 53 54 160 164 134 136
-0.000432238 26 0 53 54 160 164 134 136
-0.0036772 26 27 53 54 160 164 134 136
-0.000431624 26 54 53 54 160 164 134 136
-0.000432134 26 81 53 54 160 164 134 136
-0.000432213 52 0 53 54 160 164 134 136
-0.000312246 52 27 53 54 160 164 134 136
-0.000431622 52 54 53 54 160 164 134 136
-0.000432016 52 81 53 54 160 164 134 136
-0.00043225 78 0 53 54 160 164 134 136
-0.000432074 78 27 53 54 160 164 134 136
-0.000432046 78 54 53 54 160 164 134 136
-0.00043178 78 81 53 54 160 164 134 136
-0.000332686 0 0 53 54 160 164 134 136
-0.000432101 0 27 53 54 160 164 134 136
-0.000430874 0 54 53 54 160 164 134 136
-0.00043205 0 81 53 54 160 164 134 136
-0.000431719 26 0 53 54 160 164 134 136
-0.000432004 26 27 53 54 160 164 134 136
-0.000432065 26 54 53 54 160 164 134 136
-0.000431419 26 81 53 54 160 164 134 136
-0.000431864 52 0 53 54 160 164 134 136
-0.000432182 52 27 53 54 160 164 134 136
-0.000432007 52 54 53 54 160 164 134 136
-0.000430606 52 81 53 54 160 164 134 136
-0.00043096 78 0 53 54 160 164 134 136
-0.000432225 78 27 53 54 160 164 134 136
-0.000431982 78 54 53 54 160 164 134 136
-0.000432095 78 81 53 54 160 164 134 136
-0.000377169 0 0 53 54 160 164 134 136
-0.000185804 0 27 53 54 160 164 134 136
-0.000423135 0 54 53 54 160 164 134 136
-0.000291904 0 81 53 54 160 164 134 136
-0.000431282 26 0 53 54 160 164 134 136
-0.000263408 26 27 53 54 160 164 134 136
-0.000431106 26 54 53 54 160 164 134 136
-0.000357144 26 81 53 54 160 164 134 136
-0.000430763 52 0 53 54 160 164 134 136
-0.000388817 52 27 53 54 160 164 134 136
-0.000431339 52 54 53 54 160 164 134 136
-0.000361201 52 81 53 54 160 164 134 136
-0.000246634 78 0 53 54 160 164 134 136
-0.000430764 78 27 53 54 160 164 134 136
-0.000431951 78 54 53 54 160 164 134 136
-0.000431808 78 81 53 54 160 164 134 136
-0.000432228 0 0 53 54 160 164 134 136
-0.000432223 0 27 53 54 160 164 134 136
-0.00043207 0 54 53 54 160 164 134 136
-0.000431388 0 81 53 54 160 164 134 136
-0.000432104 26 0 53 54 160 164 134 136
-0.000432146 26 27 53 54 160 164 134 136
-0.000432002 26 54 53 54 160 164 134 136
-0.000431479 26 81 53 54 160 164 134 136
-0.000250825 52 0 53 54 160 164 134 136
-0.000431098 52 27 53 54 160 164 134 136
-0.000432036 52 54 53 54 160 164 134 136
-0.000431957 52 81 53 54 160 164 134 136
-0.000431583 78 0 53 54 160 164 134 136
-0.000431904 78 27 53 54 160 164 134 136
-0.000432143 78 54 53 54 160 164 134 136
-0.000432022 78 81 53 54 160 164 134 136
-0.00043214 0 0 53 54 160 164 134 136
-0.00043224 0 27 53 54 160 164 134 136
-0.000432183 0 54 53 54 160 164 134 136
-0.000432092 0 81 53 54 160 164 134 136
-0.000432225 26 0 53 54 160 164 134 136
-0.000432194 26 27 53 54 160 164 134 136
-0.000431321 26 54 53 54 160 164 134 136
-0.000432099 26 81 53 54 160 164 134 136
-0.000431994 52 0 53 54 160 164 134 136
-0.000432155 52 27 53 54 160 164 134 136
-0.000432251 52 54 53 54 160 164 134 136
-0.00043224 52 81 53 54 160 164 134 136
-0.000432186 78 0 53 54 160 164 134 136
-0.000431709 78 27 53 54 160 164 134 136
-0.000432023 78 54 53 54 160 164 134 136
-0.000432162 78 81 53 54 160 164 134 136
-0.000431887 0 0 53 54 160 164 134 136
-0.000432252 0 27 53 54 160 164 134 136
-0.000432053 0 54 53 54 160 164 134 136
-0.000432206 0 81 53 54 160 164 134 136
-0.0004322 26 0 53 54 160 164 134 136
-0.00043223 26 27 53 54 160 164 134 136
-0.000431903 26 54 53 54 160 164 134 136
-0.000432095 26 81 53 54 160 164 134 136
-0.000432181 52 0 53 54 160 164 134 136
-0.000432113 52 27 53 54 160 164 134 136
-0.000432192 52 54 53 54 160 164 134 136
-0.000432248 52 81 53 54 160 164 134 136
-0.000432183 78 0 53 54 160 164 134 136
-0.000432126 78 27 53 54 160 164 134 136
-0.000432145 78 54 53 54 160 164 134 136
-0.000432231 78 81 53 54 160 164 134 136
-0.000432216 0 0 53 54 160 164 134 136
-0.000432198 0 27 53 54 160 164 134 136
-0.000432025 0 54 53 54 160 164 134 136
-0.000432134 0 81 53 54 160 164 134 136
-0.000431853 26 0 53 54 160 164 134 136
-0.000430977 26 27 53 54 160 164 134 136
-0.000431888 26 54 53 54 160 164 134 136
-0.000432211 26 81 53 54 160 164 134 136
-0.000432144 52 0 53 54 160 164 134 136
-0.00043136 52 27 53 54 160 164 134 136
-0.000431997 52 54 53 54 160 164 134 136
-0.000432204 52 81 53 54 160 164 134 136
-0.000432002 78 0 53 54 160 164 134 136
-0.000431794 78 27 53 54 160 164 134 136
-0.000431294 78 54 53 54 160 164 134 136
-0.000431829 78 81 53 54 160 164 134 136
-0.000432158 0 0 53 54 160 164 134 136
-0.000432207 0 27 53 54 160 164 134 136
-0.000432177 0 54 53 54 160 164 134 136
-0.000432154 0 81 53 54 160 164 134 136
-0.000432168 26 0 53 54 160 164 134 136
-0.000431997 26 27 53 54 160 164 134 136
-0.000432226 26 54 53 54 160 164 134 136
-0.000432236 26 81 53 54 160 164 134 136
-0.000432145 52 0 53 54 160 164 134 136
-0.000432239 52 27 53 54 160 164 134 136
-0.000432169 52 54 53 54 160 164 134 136
-0.000432242 52 81 53 54 160 164 134 136
-0.000432171 78 0 53 54 160 164 134 136
-0.000432228 78 27 53 54 160 164 134 136
-0.000432248 78 54 53 54 160 164 134 136
-0.000431932 78 81 53 54 160 164 134 136
-0.000432187 0 0 53 54 160 164 134 136
-0.000432194 0 27 53 54 160 164 134 136
-0.000432063 0 54 53 54 160 164 134 136
-0.000432158 0 81 53 54 160 164 134 136
-0.000432181 26 0 53 54 160 164 134 136
-0.000432123 26 27 53 54 160 164 134 136
-0.000432224 26 54 53 54 160 164 134 136
-0.000432101 26 81 53 54 160 164 134 136
-0.000432202 52 0 53 54 160 164 134 136
-0.000432206 52 27 53 54 160 164 134 136
-0.000431777 52 54 53 54 160 164 134 136
-0.000431702 52 81 53 54 160 164 134 136
-0.000432156 78 0 53 54 160 164 134 136
-0.000432216 78 27 53 54 160 164 134 136
-0.000432246 78 54 53 54 160 164 134 136
-0.000432043 78 81 53 54 160 164 134 136
-0.000432135 0 0 89 90 160 164 134 136
-0.000431965 0 45 89 90 160 164 134 136
-0.000431918 44 0 89 90 160 164 134 136
-0.000431592 44 45 89 90 160 164 134 136
-0.000431948 0 0 89 90 160 164 134 136
-0.00043189 0 45 89 90 160 164 134 136
-0.000432002 44 0 89 90 160 164 134 136
-0.000431694 44 45 89 90 160 164 134 136
-0.000432089 0 0 89 90 160 164 134 136
-0.000431005 0 45 89 90 160 164 134 136
-0.000432095 44 0 89 90 160 164 134 136
-0.000431242 44 45 89 90 160 164 134 136
-0.000431412 0 0 89 90 160 164 134 136
-0.000910263 0 45 89 90 160 164 134 136
-0.000430911 44 0 89 90 160 164 134 136
-0.000430883 44 45 89 90 160 164 134 136
-0.000432154 0 0 89 90 160 164 134 136
-0.000408053 0 45 89 90 160 164 134 136
-0.000431219 44 0 89 90 160 164 134 136
-0.000431802 44 45 89 90 160 164 134 136
-0.000432189 0 0 89 90 160 164 134 136
-0.000431993 0 45 89 90 160 164 134 136
-0.000431994 44 0 89 90 160 164 134 136
-0.000432188 44 45 89 90 160 164 134 136
-0.000432058 0 0 89 90 160 164 134 136
-0.000432126 0 45 89 90 160 164 134 136
-0.000432048 44 0 89 90 160 164 134 136
-0.00043197 44 45 89 90 160 164 134 136
-0.000431586 0 0 89 90 160 164 134 136
-0.000432097 0 45 89 90 160 164 134 136
-0.000431196 44 0 89 90 160 164 134 136
-0.000431607 44 45 89 90 160 164 134 136
-0.000431887 0 0 89 90 160 164 134 136
-0.000432166 0 45 89 90 160 164 134 136
-0.000432133 44 0 89 90 160 164 134 136
-0.000432097 44 45 89 90 160 164 134 136
-0.000431971 0 0 89 90 160 164 134 136
-0.000432073 0 45 89 90 160 164 134 136
-0.00043211 44 0 89 90 160 164 134 136
-0.000432107 44 45 89 90 160 164 134 136
-0.000431899 0 0 134 136 160 164 134 136
-0.000431667 0 0 134 136 160 164 134 136
-0.000431795 0 0 134 136 160 164 134 136
-0.000430938 0 0 134 136 160 164 134 136
-0.000431577 0 0 134 136 160 164 134 136
-0.000432144 0 0 134 136 160 164 134 136
-0.000432123 0 0 134 136 160 164 134 136
-0.000431296 0 0 134 136 160 164 134 136
-0.000432007 0 0 134 136 160 164 134 136
-0.000431942 0 0 134 136 160 164 134 136
