-0.00201488 0 0 17 16 28 57 69 84
-0.00201454 0 8 17 16 28 57 69 84
-0.00201535 0 16 17 16 28 57 69 84
-0.00201497 0 24 17 16 28 57 69 84
-0.00201476 0 32 17 16 28 57 69 84
-0.00201532 0 40 17 16 28 57 69 84
-0.00201474 0 48 17 16 28 57 69 84
-0.00201163 0 56 17 16 28 57 69 84
-0.00201303 0 64 17 16 28 57 69 84
-0.00201517 8 0 17 16 28 57 69 84
-0.0020147 8 8 17 16 28 57 69 84
-0.00201536 8 16 17 16 28 57 69 84
-0.00201497 8 24 17 16 28 57 69 84
-0.00201536 8 32 17 16 28 57 69 84
-0.00201506 8 40 17 16 28 57 69 84
-0.0020137 8 48 17 16 28 57 69 84
-0.00201476 8 56 17 16 28 57 69 84
-0.00201384 8 64 17 16 28 57 69 84
-0.00201531 16 0 17 16 28 57 69 84
-0.00201538 16 8 17 16 28 57 69 84
-0.00201528 16 16 17 16 28 57 69 84
-0.0020151 16 24 17 16 28 57 69 84
-0.00201538 16 32 17 16 28 57 69 84
-0.00201443 16 40 17 16 28 57 69 84
-0.00129327 16 48 17 16 28 57 69 84
-0.00201481 16 56 17 16 28 57 69 84
-0.00201529 16 64 17 16 28 57 69 84
-0.00201521 24 0 17 16 28 57 69 84
-0.00201497 24 8 17 16 28 57 69 84
-0.00201342 24 16 17 16 28 57 69 84
-0.0020141 24 24 17 16 28 57 69 84
-0.00201499 24 32 17 16 28 57 69 84
-0.00201532 24 40 17 16 28 57 69 84
-0.00201535 24 48 17 16 28 57 69 84
-0.00201529 24 56 17 16 28 57 69 84
-0.00201537 24 64 17 16 28 57 69 84
-0.00201432 32 0 17 16 28 57 69 84
-0.00201395 32 8 17 16 28 57 69 84
-0.00201231 32 16 17 16 28 57 69 84
-0.00201446 32 24 17 16 28 57 69 84
-0.00201448 32 32 17 16 28 57 69 84
-0.00201461 32 40 17 16 28 57 69 84
-0.00201531 32 48 17 16 28 57 69 84
-0.00201536 32 56 17 16 28 57 69 84
-0.00201508 32 64 17 16 28 57 69 84
-0.0020138 40 0 17 16 28 57 69 84
-0.00200737 40 8 17 16 28 57 69 84
-0.002013 40 16 17 16 28 57 69 84
-0.00201491 40 24 17 16 28 57 69 84
-0.002015 40 32 17 16 28 57 69 84
-0.00201311 40 40 17 16 28 57 69 84
-0.00201505 40 48 17 16 28 57 69 84
-0.00201514 40 56 17 16 28 57 69 84
-0.00201423 40 64 17 16 28 57 69 84
-0.00201481 48 0 17 16 28 57 69 84
-0.00201059 48 8 17 16 28 57 69 84
-0.00201358 48 16 17 16 28 57 69 84
-0.00201218 48 24 17 16 28 57 69 84
-0.00201405 48 32 17 16 28 57 69 84
-0.00201282 48 40 17 16 28 57 69 84
-0.00201512 48 48 17 16 28 57 69 84
-0.00201523 48 56 17 16 28 57 69 84
-0.002015 48 64 17 16 28 57 69 84
-0.00200931 0 0 17 16 28 57 69 84
-0.00201235 0 8 17 16 28 57 69 84
-0.00201366 0 16 17 16 28 57 69 84
-0.00201517 0 24 17 16 28 57 69 84
-0.00201536 0 32 17 16 28 57 69 84
-0.00201504 0 40 17 16 28 57 69 84
-0.00201513 0 48 17 16 28 57 69 84
-0.00201531 0 56 17 16 28 57 69 84
-0.00201453 0 64 17 16 28 57 69 84
-0.00201262 8 0 17 16 28 57 69 84
-0.0020137 8 8 17 16 28 57 69 84
-0.00201475 8 16 17 16 28 57 69 84
-0.00201523 8 24 17 16 28 57 69 84
-0.00201471 8 32 17 16 28 57 69 84
-0.00201105 8 40 17 16 28 57 69 84
-0.00201371 8 48 17 16 28 57 69 84
-0.00201533 8 56 17 16 28 57 69 84
-0.00201527 8 64 17 16 28 57 69 84
-0.00201315 16 0 17 16 28 57 69 84
-0.00201472 16 8 17 16 28 57 69 84
-0.0020151 16 16 17 16 28 57 69 84
-0.00201449 16 24 17 16 28 57 69 84
-0.00200883 16 32 17 16 28 57 69 84
-0.00163542 16 40 17 16 28 57 69 84
-0.00201141 16 48 17 16 28 57 69 84
-0.00201467 16 56 17 16 28 57 69 84
-0.00201539 16 64 17 16 28 57 69 84
-0.00201476 24 0 17 16 28 57 69 84
-0.00201505 24 8 17 16 28 57 69 84
-0.00201372 24 16 17 16 28 57 69 84
-0.00201132 24 24 17 16 28 57 69 84
-0.00201459 24 32 17 16 28 57 69 84
-0.00201423 24 40 17 16 28 57 69 84
-0.00200657 24 48 17 16 28 57 69 84
-0.00201251 24 56 17 16 28 57 69 84
-0.00201507 24 64 17 16 28 57 69 84
-0.00201528 32 0 17 16 28 57 69 84
-0.00201513 32 8 17 16 28 57 69 84
-0.00201215 32 16 17 16 28 57 69 84
-0.00201493 32 24 17 16 28 57 69 84
-0.00201523 32 32 17 16 28 57 69 84
-0.00201536 32 40 17 16 28 57 69 84
-0.00201496 32 48 17 16 28 57 69 84
-0.00201415 32 56 17 16 28 57 69 84
-0.00201476 32 64 17 16 28 57 69 84
-0.00201526 40 0 17 16 28 57 69 84
-0.00201537 40 8 17 16 28 57 69 84
-0.00201526 40 16 17 16 28 57 69 84
-0.00201376 40 24 17 16 28 57 69 84
-0.00201522 40 32 17 16 28 57 69 84
-0.00201488 40 40 17 16 28 57 69 84
-0.00201521 40 48 17 16 28 57 69 84
-0.00201434 40 56 17 16 28 57 69 84
-0.00201437 40 64 17 16 28 57 69 84
-0.00201473 48 0 17 16 28 57 69 84
-0.00201515 48 8 17 16 28 57 69 84
-0.00201531 48 16 17 16 28 57 69 84
-0.00201525 48 24 17 16 28 57 69 84
-0.00201442 48 32 17 16 28 57 69 84
-0.00201514 48 40 17 16 28 57 69 84
-0.00201467 48 48 17 16 28 57 69 84
-0.0020131 48 56 17 16 28 57 69 84
-0.00201456 48 64 17 16 28 57 69 84
-0.00201228 0 0 17 16 28 57 69 84
-0.00141332 0 8 17 16 28 57 69 84
-0.00200694 0 16 17 16 28 57 69 84
-0.00201133 0 24 17 16 28 57 69 84
-0.00201454 0 32 17 16 28 57 69 84
-0.00201495 0 40 17 16 28 57 69 84
-0.00201496 0 48 17 16 28 57 69 84
-0.00201489 0 56 17 16 28 57 69 84
-0.00201345 0 64 17 16 28 57 69 84
-0.00201237 8 0 17 16 28 57 69 84
-0.000779154 8 8 17 16 28 57 69 84
-0.00200946 8 16 17 16 28 57 69 84
-0.00201469 8 24 17 16 28 57 69 84
-0.00201517 8 32 17 16 28 57 69 84
-0.002015 8 40 17 16 28 57 69 84
-0.0020148 8 48 17 16 28 57 69 84
-0.00201514 8 56 17 16 28 57 69 84
-0.00201486 8 64 17 16 28 57 69 84
-0.00200975 16 0 17 16 28 57 69 84
-0.00200789 16 8 17 16 28 57 69 84
-0.00201414 16 16 17 16 28 57 69 84
-0.00201505 16 24 17 16 28 57 69 84
-0.00201523 16 32 17 16 28 57 69 84
-0.00201163 16 40 17 16 28 57 69 84
-0.00201385 16 48 17 16 28 57 69 84
-0.00201503 16 56 17 16 28 57 69 84
-0.00201509 16 64 17 16 28 57 69 84
-0.00200803 24 0 17 16 28 57 69 84
-0.00201363 24 8 17 16 28 57 69 84
-0.00201374 24 16 17 16 28 57 69 84
-0.00201424 24 24 17 16 28 57 69 84
-0.00201506 24 32 17 16 28 57 69 84
-0.00201517 24 40 17 16 28 57 69 84
-0.00201158 24 48 17 16 28 57 69 84
-0.00201414 24 56 17 16 28 57 69 84
-0.00201493 24 64 17 16 28 57 69 84
-0.00201024 32 0 17 16 28 57 69 84
-0.00201386 32 8 17 16 28 57 69 84
-0.00201141 32 16 17 16 28 57 69 84
-0.00201344 32 24 17 16 28 57 69 84
-0.00201445 32 32 17 16 28 57 69 84
-0.00201509 32 40 17 16 28 57 69 84
-0.00201507 32 48 17 16 28 57 69 84
-0.0020151 32 56 17 16 28 57 69 84
-0.00201405 32 64 17 16 28 57 69 84
-0.00201433 40 0 17 16 28 57 69 84
-0.00201187 40 8 17 16 28 57 69 84
-0.00201232 40 16 17 16 28 57 69 84
-0.00201248 40 24 17 16 28 57 69 84
-0.00201088 40 32 17 16 28 57 69 84
-0.00201492 40 40 17 16 28 57 69 84
-0.00201518 40 48 17 16 28 57 69 84
-0.00201515 40 56 17 16 28 57 69 84
-0.00200998 40 64 17 16 28 57 69 84
-0.00201502 48 0 17 16 28 57 69 84
-0.00201446 48 8 17 16 28 57 69 84
-0.00201467 48 16 17 16 28 57 69 84
-0.00201488 48 24 17 16 28 57 69 84
-0.00201416 48 32 17 16 28 57 69 84
-0.00201487 48 40 17 16 28 57 69 84
-0.00201521 48 48 17 16 28 57 69 84
-0.00201519 48 56 17 16 28 57 69 84
-0.00201493 48 64 17 16 28 57 69 84
-0.00201405 0 0 17 16 28 57 69 84
-0.00200873 0 8 17 16 28 57 69 84
-0.00200932 0 16 17 16 28 57 69 84
-0.00201314 0 24 17 16 28 57 69 84
-0.00201489 0 32 17 16 28 57 69 84
-0.00201434 0 40 17 16 28 57 69 84
-0.00201396 0 48 17 16 28 57 69 84
-0.00201478 0 56 17 16 28 57 69 84
-0.00201453 0 64 17 16 28 57 69 84
-0.00201397 8 0 17 16 28 57 69 84
-0.00175894 8 8 17 16 28 57 69 84
-0.00201077 8 16 17 16 28 57 69 84
-0.00201491 8 24 17 16 28 57 69 84
-0.00201517 8 32 17 16 28 57 69 84
-0.00201086 8 40 17 16 28 57 69 84
-0.00201039 8 48 17 16 28 57 69 84
-0.00201423 8 56 17 16 28 57 69 84
-0.00201481 8 64 17 16 28 57 69 84
-0.00201134 16 0 17 16 28 57 69 84
-0.00200572 16 8 17 16 28 57 69 84
-0.00201437 16 16 17 16 28 57 69 84
-0.00201506 16 24 17 16 28 57 69 84
-0.00201417 16 32 17 16 28 57 69 84
-0.00101287 16 40 17 16 28 57 69 84
-0.00157275 16 48 17 16 28 57 69 84
-0.00200968 16 56 17 16 28 57 69 84
-0.00201402 16 64 17 16 28 57 69 84
-0.00200704 24 0 17 16 28 57 69 84
-0.00201333 24 8 17 16 28 57 69 84
-0.00201354 24 16 17 16 28 57 69 84
-0.00201409 24 24 17 16 28 57 69 84
-0.00201487 24 32 17 16 28 57 69 84
-0.00201382 24 40 17 16 28 57 69 84
-0.000757319 24 48 17 16 28 57 69 84
-0.000958404 24 56 17 16 28 57 69 84
-0.00201206 24 64 17 16 28 57 69 84
-0.00201008 32 0 17 16 28 57 69 84
-0.00201238 32 8 17 16 28 57 69 84
-0.00201103 32 16 17 16 28 57 69 84
-0.00201349 32 24 17 16 28 57 69 84
-0.00201457 32 32 17 16 28 57 69 84
-0.00201496 32 40 17 16 28 57 69 84
-0.00191961 32 48 17 16 28 57 69 84
-0.00137991 32 56 17 16 28 57 69 84
-0.00190557 32 64 17 16 28 57 69 84
-0.00201361 40 0 17 16 28 57 69 84
-0.00201045 40 8 17 16 28 57 69 84
-0.0020136 40 16 17 16 28 57 69 84
-0.00201354 40 24 17 16 28 57 69 84
-0.00201231 40 32 17 16 28 57 69 84
-0.00201496 40 40 17 16 28 57 69 84
-0.00201269 40 48 17 16 28 57 69 84
-0.0017436 40 56 17 16 28 57 69 84
-0.000740234 40 64 17 16 28 57 69 84
-0.00201246 48 0 17 16 28 57 69 84
-0.00201377 48 8 17 16 28 57 69 84
-0.00201506 48 16 17 16 28 57 69 84
-0.00201524 48 24 17 16 28 57 69 84
-0.00201458 48 32 17 16 28 57 69 84
-0.00201471 48 40 17 16 28 57 69 84
-0.00201285 48 48 17 16 28 57 69 84
-0.00123939 48 56 17 16 28 57 69 84
-0.00151137 48 64 17 16 28 57 69 84
-0.00201514 0 0 17 16 28 57 69 84
-0.00201526 0 8 17 16 28 57 69 84
-0.00201515 0 16 17 16 28 57 69 84
-0.00201401 0 24 17 16 28 57 69 84
-0.00201364 0 32 17 16 28 57 69 84
-0.00201435 0 40 17 16 28 57 69 84
-0.00201503 0 48 17 16 28 57 69 84
-0.00201362 0 56 17 16 28 57 69 84
-0.00201148 0 64 17 16 28 57 69 84
-0.00201337 8 0 17 16 28 57 69 84
-0.0020147 8 8 17 16 28 57 69 84
-0.00201331 8 16 17 16 28 57 69 84
-0.00201043 8 24 17 16 28 57 69 84
-0.00201125 8 32 17 16 28 57 69 84
-0.0020121 8 40 17 16 28 57 69 84
-0.00201256 8 48 17 16 28 57 69 84
-0.00169721 8 56 17 16 28 57 69 84
-0.00114521 8 64 17 16 28 57 69 84
-0.0020141 16 0 17 16 28 57 69 84
-0.00201371 16 8 17 16 28 57 69 84
-0.00201524 16 16 17 16 28 57 69 84
-0.00201537 16 24 17 16 28 57 69 84
-0.00201536 16 32 17 16 28 57 69 84
-0.00201537 16 40 17 16 28 57 69 84
-0.00201341 16 48 17 16 28 57 69 84
-0.00165077 16 56 17 16 28 57 69 84
-0.00107583 16 64 17 16 28 57 69 84
-0.00201332 24 0 17 16 28 57 69 84
-0.00201506 24 8 17 16 28 57 69 84
-0.00201533 24 16 17 16 28 57 69 84
-0.00201477 24 24 17 16 28 57 69 84
-0.00201457 24 32 17 16 28 57 69 84
-0.00201537 24 40 17 16 28 57 69 84
-0.00201327 24 48 17 16 28 57 69 84
-0.000802031 24 56 17 16 28 57 69 84
-0.00201489 24 64 17 16 28 57 69 84
-0.00201429 32 0 17 16 28 57 69 84
-0.00201525 32 8 17 16 28 57 69 84
-0.00201531 32 16 17 16 28 57 69 84
-0.00201501 32 24 17 16 28 57 69 84
-0.00201514 32 32 17 16 28 57 69 84
-0.00201538 32 40 17 16 28 57 69 84
-0.00201047 32 48 17 16 28 57 69 84
-0.00200992 32 56 17 16 28 57 69 84
-0.00201529 32 64 17 16 28 57 69 84
-0.00201506 40 0 17 16 28 57 69 84
-0.00201504 40 8 17 16 28 57 69 84
-0.00201424 40 16 17 16 28 57 69 84
-0.00201531 40 24 17 16 28 57 69 84
-0.00201526 40 32 17 16 28 57 69 84
-0.00201216 40 40 17 16 28 57 69 84
-0.00078279 40 48 17 16 28 57 69 84
-0.00200802 40 56 17 16 28 57 69 84
-0.00201527 40 64 17 16 28 57 69 84
-0.00201486 48 0 17 16 28 57 69 84
-0.0020152 48 8 17 16 28 57 69 84
-0.00201434 48 16 17 16 28 57 69 84
-0.0020146 48 24 17 16 28 57 69 84
-0.00201525 48 32 17 16 28 57 69 84
-0.00201534 48 40 17 16 28 57 69 84
-0.00201495 48 48 17 16 28 57 69 84
-0.0020088 48 56 17 16 28 57 69 84
-0.00197606 48 64 17 16 28 57 69 84
-0.00201456 0 0 17 16 28 57 69 84
-0.0020151 0 8 17 16 28 57 69 84
-0.00201522 0 16 17 16 28 57 69 84
-0.00201516 0 24 17 16 28 57 69 84
-0.00201344 0 32 17 16 28 57 69 84
-0.00201502 0 40 17 16 28 57 69 84
-0.00201535 0 48 17 16 28 57 69 84
-0.00201415 0 56 17 16 28 57 69 84
-0.0020079 0 64 17 16 28 57 69 84
-0.00201406 8 0 17 16 28 57 69 84
-0.00201515 8 8 17 16 28 57 69 84
-0.00201531 8 16 17 16 28 57 69 84
-0.00201496 8 24 17 16 28 57 69 84
-0.00201493 8 32 17 16 28 57 69 84
-0.00201533 8 40 17 16 28 57 69 84
-0.00201515 8 48 17 16 28 57 69 84
-0.00201164 8 56 17 16 28 57 69 84
-0.00172819 8 64 17 16 28 57 69 84
-0.0020148 16 0 17 16 28 57 69 84
-0.00201454 16 8 17 16 28 57 69 84
-0.00201509 16 16 17 16 28 57 69 84
-0.00201435 16 24 17 16 28 57 69 84
-0.00201519 16 32 17 16 28 57 69 84
-0.00201536 16 40 17 16 28 57 69 84
-0.00201294 16 48 17 16 28 57 69 84
-0.0020103 16 56 17 16 28 57 69 84
-0.00201145 16 64 17 16 28 57 69 84
-0.00201476 24 0 17 16 28 57 69 84
-0.00201531 24 8 17 16 28 57 69 84
-0.00201501 24 16 17 16 28 57 69 84
-0.00201212 24 24 17 16 28 57 69 84
-0.00201511 24 32 17 16 28 57 69 84
-0.00201538 24 40 17 16 28 57 69 84
-0.0020141 24 48 17 16 28 57 69 84
-0.00201375 24 56 17 16 28 57 69 84
-0.00201539 24 64 17 16 28 57 69 84
-0.00201523 32 0 17 16 28 57 69 84
-0.00201526 32 8 17 16 28 57 69 84
-0.00201481 32 16 17 16 28 57 69 84
-0.00201377 32 24 17 16 28 57 69 84
-0.0020152 32 32 17 16 28 57 69 84
-0.00201538 32 40 17 16 28 57 69 84
-0.00201442 32 48 17 16 28 57 69 84
-0.00201535 32 56 17 16 28 57 69 84
-0.0020153 32 64 17 16 28 57 69 84
-0.00201489 40 0 17 16 28 57 69 84
-0.00201451 40 8 17 16 28 57 69 84
-0.00201514 40 16 17 16 28 57 69 84
-0.00201532 40 24 17 16 28 57 69 84
-0.00201538 40 32 17 16 28 57 69 84
-0.00201533 40 40 17 16 28 57 69 84
-0.00201533 40 48 17 16 28 57 69 84
-0.00201526 40 56 17 16 28 57 69 84
-0.00201527 40 64 17 16 28 57 69 84
-0.00201537 48 0 17 16 28 57 69 84
-0.00201535 48 8 17 16 28 57 69 84
-0.00201529 48 16 17 16 28 57 69 84
-0.00201511 48 24 17 16 28 57 69 84
-0.00201523 48 32 17 16 28 57 69 84
-0.00201461 48 40 17 16 28 57 69 84
-0.00201516 48 48 17 16 28 57 69 84
-0.00201528 48 56 17 16 28 57 69 84
-0.00201458 48 64 17 16 28 57 69 84
-0.00201506 0 0 17 16 28 57 69 84
-0.00201513 0 8 17 16 28 57 69 84
-0.00201538 0 16 17 16 28 57 69 84
-0.0020152 0 24 17 16 28 57 69 84
-0.00201472 0 32 17 16 28 57 69 84
-0.00201527 0 40 17 16 28 57 69 84
-0.00201536 0 48 17 16 28 57 69 84
-0.0020137 0 56 17 16 28 57 69 84
-0.00201532 0 64 17 16 28 57 69 84
-0.00201487 8 0 17 16 28 57 69 84
-0.00201536 8 8 17 16 28 57 69 84
-0.00201522 8 16 17 16 28 57 69 84
-0.00201427 8 24 17 16 28 57 69 84
-0.00201505 8 32 17 16 28 57 69 84
-0.00201533 8 40 17 16 28 57 69 84
-0.00201465 8 48 17 16 28 57 69 84
-0.00201158 8 56 17 16 28 57 69 84
-0.00201507 8 64 17 16 28 57 69 84
-0.00201506 16 0 17 16 28 57 69 84
-0.00201523 16 8 17 16 28 57 69 84
-0.00201489 16 16 17 16 28 57 69 84
-0.00201426 16 24 17 16 28 57 69 84
-0.0020152 16 32 17 16 28 57 69 84
-0.00201507 16 40 17 16 28 57 69 84
-0.00110773 16 48 17 16 28 57 69 84
-0.00201394 16 56 17 16 28 57 69 84
-0.00201534 16 64 17 16 28 57 69 84
-0.00201488 24 0 17 16 28 57 69 84
-0.00201478 24 8 17 16 28 57 69 84
-0.00201423 24 16 17 16 28 57 69 84
-0.00201509 24 24 17 16 28 57 69 84
-0.00201533 24 32 17 16 28 57 69 84
-0.00201463 24 40 17 16 28 57 69 84
-0.0020134 24 48 17 16 28 57 69 84
-0.00201533 24 56 17 16 28 57 69 84
-0.00201523 24 64 17 16 28 57 69 84
-0.00201486 32 0 17 16 28 57 69 84
-0.00201466 32 8 17 16 28 57 69 84
-0.00201482 32 16 17 16 28 57 69 84
-0.00201527 32 24 17 16 28 57 69 84
-0.00201525 32 32 17 16 28 57 69 84
-0.00201521 32 40 17 16 28 57 69 84
-0.00201536 32 48 17 16 28 57 69 84
-0.00201524 32 56 17 16 28 57 69 84
-0.00201361 32 64 17 16 28 57 69 84
-0.00201485 40 0 17 16 28 57 69 84
-0.0020139 40 8 17 16 28 57 69 84
-0.00201515 40 16 17 16 28 57 69 84
-0.00201534 40 24 17 16 28 57 69 84
-0.00201534 40 32 17 16 28 57 69 84
-0.00201521 40 40 17 16 28 57 69 84
-0.0020152 40 48 17 16 28 57 69 84
-0.00201501 40 56 17 16 28 57 69 84
-0.00201353 40 64 17 16 28 57 69 84
-0.00201478 48 0 17 16 28 57 69 84
-0.00201501 48 8 17 16 28 57 69 84
-0.00201536 48 16 17 16 28 57 69 84
-0.00201519 48 24 17 16 28 57 69 84
-0.00201528 48 32 17 16 28 57 69 84
-0.00201471 48 40 17 16 28 57 69 84
-0.00201456 48 48 17 16 28 57 69 84
-0.00201508 48 56 17 16 28 57 69 84
-0.00201455 48 64 17 16 28 57 69 84
-0.00201368 0 0 17 16 28 57 69 84
-0.00201032 0 8 17 16 28 57 69 84
-0.00200811 0 16 17 16 28 57 69 84
-0.00200954 0 24 17 16 28 57 69 84
-0.00201196 0 32 17 16 28 57 69 84
-0.00201232 0 40 17 16 28 57 69 84
-0.00201091 0 48 17 16 28 57 69 84
-0.00200444 0 56 17 16 28 57 69 84
-0.00201488 0 64 17 16 28 57 69 84
-0.00201242 8 0 17 16 28 57 69 84
-0.00154225 8 8 17 16 28 57 69 84
-0.00177405 8 16 17 16 28 57 69 84
-0.00200632 8 24 17 16 28 57 69 84
-0.00201083 8 32 17 16 28 57 69 84
-0.00201039 8 40 17 16 28 57 69 84
-0.00200958 8 48 17 16 28 57 69 84
-0.00187727 8 56 17 16 28 57 69 84
-0.00201292 8 64 17 16 28 57 69 84
-0.00201494 16 0 17 16 28 57 69 84
-0.00201496 16 8 17 16 28 57 69 84
-0.00201485 16 16 17 16 28 57 69 84
-0.00201316 16 24 17 16 28 57 69 84
-0.00201147 16 32 17 16 28 57 69 84
-0.00104239 16 40 17 16 28 57 69 84
-0.000826701 16 48 17 16 28 57 69 84
-0.00201446 16 56 17 16 28 57 69 84
-0.00201527 16 64 17 16 28 57 69 84
-0.00201505 24 0 17 16 28 57 69 84
-0.00201518 24 8 17 16 28 57 69 84
-0.00201529 24 16 17 16 28 57 69 84
-0.00201533 24 24 17 16 28 57 69 84
-0.00201322 24 32 17 16 28 57 69 84
-0.00201231 24 40 17 16 28 57 69 84
-0.00171277 24 48 17 16 28 57 69 84
-0.00201535 24 56 17 16 28 57 69 84
-0.00201523 24 64 17 16 28 57 69 84
-0.00201502 32 0 17 16 28 57 69 84
-0.00201491 32 8 17 16 28 57 69 84
-0.00201485 32 16 17 16 28 57 69 84
-0.00201535 32 24 17 16 28 57 69 84
-0.00201527 32 32 17 16 28 57 69 84
-0.00201537 32 40 17 16 28 57 69 84
-0.00201527 32 48 17 16 28 57 69 84
-0.00201537 32 56 17 16 28 57 69 84
-0.00201504 32 64 17 16 28 57 69 84
-0.00201517 40 0 17 16 28 57 69 84
-0.00201489 40 8 17 16 28 57 69 84
-0.00201511 40 16 17 16 28 57 69 84
-0.00201523 40 24 17 16 28 57 69 84
-0.00201517 40 32 17 16 28 57 69 84
-0.00201368 40 40 17 16 28 57 69 84
-0.00201518 40 48 17 16 28 57 69 84
-0.00201531 40 56 17 16 28 57 69 84
-0.00201436 40 64 17 16 28 57 69 84
-0.00201505 48 0 17 16 28 57 69 84
-0.00201503 48 8 17 16 28 57 69 84
-0.00201531 48 16 17 16 28 57 69 84
-0.00201517 48 24 17 16 28 57 69 84
-0.00201538 48 32 17 16 28 57 69 84
-0.00201521 48 40 17 16 28 57 69 84
-0.00201525 48 48 17 16 28 57 69 84
-0.00201537 48 56 17 16 28 57 69 84
-0.00201527 48 64 17 16 28 57 69 84
-0.00201515 0 0 17 16 28 57 69 84
-0.00201147 0 8 17 16 28 57 69 84
-0.00201521 0 16 17 16 28 57 69 84
-0.00201516 0 24 17 16 28 57 69 84
-0.00201527 0 32 17 16 28 57 69 84
-0.0020111 0 40 17 16 28 57 69 84
-0.00201471 0 48 17 16 28 57 69 84
-0.00201341 0 56 17 16 28 57 69 84
-0.00201436 0 64 17 16 28 57 69 84
-0.00201536 8 0 17 16 28 57 69 84
-0.00201284 8 8 17 16 28 57 69 84
-0.002013 8 16 17 16 28 57 69 84
-0.00201445 8 24 17 16 28 57 69 84
-0.00201347 8 32 17 16 28 57 69 84
-0.00201231 8 40 17 16 28 57 69 84
-0.00201477 8 48 17 16 28 57 69 84
-0.00201529 8 56 17 16 28 57 69 84
-0.00201497 8 64 17 16 28 57 69 84
-0.00201537 16 0 17 16 28 57 69 84
-0.00201522 16 8 17 16 28 57 69 84
-0.00201517 16 16 17 16 28 57 69 84
-0.00201448 16 24 17 16 28 57 69 84
-0.00201148 16 32 17 16 28 57 69 84
-0.00201446 16 40 17 16 28 57 69 84
-0.00201256 16 48 17 16 28 57 69 84
-0.00201524 16 56 17 16 28 57 69 84
-0.00201523 16 64 17 16 28 57 69 84
-0.00201513 24 0 17 16 28 57 69 84
-0.00201501 24 8 17 16 28 57 69 84
-0.00201523 24 16 17 16 28 57 69 84
-0.00201531 24 24 17 16 28 57 69 84
-0.00201534 24 32 17 16 28 57 69 84
-0.00201524 24 40 17 16 28 57 69 84
-0.00201535 24 48 17 16 28 57 69 84
-0.00201488 24 56 17 16 28 57 69 84
-0.00201519 24 64 17 16 28 57 69 84
-0.00201417 32 0 17 16 28 57 69 84
-0.00201176 32 8 17 16 28 57 69 84
-0.00201462 32 16 17 16 28 57 69 84
-0.00201528 32 24 17 16 28 57 69 84
-0.00201516 32 32 17 16 28 57 69 84
-0.0020141 32 40 17 16 28 57 69 84
-0.00201519 32 48 17 16 28 57 69 84
-0.00201528 32 56 17 16 28 57 69 84
-0.00201334 32 64 17 16 28 57 69 84
-0.0020131 40 0 17 16 28 57 69 84
-0.00201347 40 8 17 16 28 57 69 84
-0.00201341 40 16 17 16 28 57 69 84
-0.0020142 40 24 17 16 28 57 69 84
-0.00201508 40 32 17 16 28 57 69 84
-0.00201457 40 40 17 16 28 57 69 84
-0.00201511 40 48 17 16 28 57 69 84
-0.00201509 40 56 17 16 28 57 69 84
-0.00201455 40 64 17 16 28 57 69 84
-0.00201468 48 0 17 16 28 57 69 84
-0.00201304 48 8 17 16 28 57 69 84
-0.0020144 48 16 17 16 28 57 69 84
-0.00201265 48 24 17 16 28 57 69 84
-0.00201368 48 32 17 16 28 57 69 84
-0.00201525 48 40 17 16 28 57 69 84
-0.00201533 48 48 17 16 28 57 69 84
-0.00201505 48 56 17 16 28 57 69 84
-0.00201499 48 64 17 16 28 57 69 84
-0.00201382 0 0 17 16 28 57 69 84
-0.00201468 0 8 17 16 28 57 69 84
-0.00201535 0 16 17 16 28 57 69 84
-0.00201515 0 24 17 16 28 57 69 84
-0.00201536 0 32 17 16 28 57 69 84
-0.00201389 0 40 17 16 28 57 69 84
-0.00201492 0 48 17 16 28 57 69 84
-0.00201402 0 56 17 16 28 57 69 84
-0.00201503 0 64 17 16 28 57 69 84
-0.0020145 8 0 17 16 28 57 69 84
-0.00201472 8 8 17 16 28 57 69 84
-0.00201527 8 16 17 16 28 57 69 84
-0.00201532 8 24 17 16 28 57 69 84
-0.00201383 8 32 17 16 28 57 69 84
-0.0020117 8 40 17 16 28 57 69 84
-0.00201422 8 48 17 16 28 57 69 84
-0.00201468 8 56 17 16 28 57 69 84
-0.00201428 8 64 17 16 28 57 69 84
-0.00201525 16 0 17 16 28 57 69 84
-0.00201517 16 8 17 16 28 57 69 84
-0.00201518 16 16 17 16 28 57 69 84
-0.00201527 16 24 17 16 28 57 69 84
-0.00201497 16 32 17 16 28 57 69 84
-0.0020136 16 40 17 16 28 57 69 84
-0.0020097 16 48 17 16 28 57 69 84
-0.00201422 16 56 17 16 28 57 69 84
-0.00201484 16 64 17 16 28 57 69 84
-0.00201531 24 0 17 16 28 57 69 84
-0.00201524 24 8 17 16 28 57 69 84
-0.00201279 24 16 17 16 28 57 69 84
-0.00201522 24 24 17 16 28 57 69 84
-0.00201511 24 32 17 16 28 57 69 84
-0.00201495 24 40 17 16 28 57 69 84
-0.00201533 24 48 17 16 28 57 69 84
-0.00201237 24 56 17 16 28 57 69 84
-0.00201161 24 64 17 16 28 57 69 84
-0.00201524 32 0 17 16 28 57 69 84
-0.00201518 32 8 17 16 28 57 69 84
-0.00201506 32 16 17 16 28 57 69 84
-0.00201487 32 24 17 16 28 57 69 84
-0.00201506 32 32 17 16 28 57 69 84
-0.00201382 32 40 17 16 28 57 69 84
-0.00201533 32 48 17 16 28 57 69 84
-0.00201405 32 56 17 16 28 57 69 84
-0.00201364 32 64 17 16 28 57 69 84
-0.00201473 40 0 17 16 28 57 69 84
-0.00201461 40 8 17 16 28 57 69 84
-0.00201491 40 16 17 16 28 57 69 84
-0.00201525 40 24 17 16 28 57 69 84
-0.00201512 40 32 17 16 28 57 69 84
-0.0020151 40 40 17 16 28 57 69 84
-0.00201528 40 48 17 16 28 57 69 84
-0.00201438 40 56 17 16 28 57 69 84
-0.00200959 40 64 17 16 28 57 69 84
-0.0020152 48 0 17 16 28 57 69 84
-0.00201503 48 8 17 16 28 57 69 84
-0.00201422 48 16 17 16 28 57 69 84
-0.00201374 48 24 17 16 28 57 69 84
-0.00201514 48 32 17 16 28 57 69 84
-0.00201532 48 40 17 16 28 57 69 84
-0.00201528 48 48 17 16 28 57 69 84
-0.00201036 48 56 17 16 28 57 69 84
-0.00200892 48 64 17 16 28 57 69 84
-0.00201306 0 0 23 24 28 57 69 84
-0.00201532 0 12 23 24 28 57 69 84
-0.00201397 0 24 23 24 28 57 69 84
-0.00201534 0 36 23 24 28 57 69 84
-0.00201341 0 48 23 24 28 57 69 84
-0.00201372 0 60 23 24 28 57 69 84
-0.00201526 11 0 23 24 28 57 69 84
-0.00201514 11 12 23 24 28 57 69 84
-0.00201526 11 24 23 24 28 57 69 84
-0.00201508 11 36 23 24 28 57 69 84
-0.00201381 11 48 23 24 28 57 69 84
-0.00201512 11 60 23 24 28 57 69 84
-0.00201458 22 0 23 24 28 57 69 84
-0.00201006 22 12 23 24 28 57 69 84
-0.00201256 22 24 23 24 28 57 69 84
-0.00201519 22 36 23 24 28 57 69 84
-0.00201535 22 48 23 24 28 57 69 84
-0.00201527 22 60 23 24 28 57 69 84
-0.0020104 33 0 23 24 28 57 69 84
-0.00200846 33 12 23 24 28 57 69 84
-0.00200851 33 24 23 24 28 57 69 84
-0.00201108 33 36 23 24 28 57 69 84
-0.00201446 33 48 23 24 28 57 69 84
-0.00201351 33 60 23 24 28 57 69 84
-0.00201095 44 0 23 24 28 57 69 84
-0.00201138 44 12 23 24 28 57 69 84
-0.00201241 44 24 23 24 28 57 69 84
-0.00200809 44 36 23 24 28 57 69 84
-0.002012 44 48 23 24 28 57 69 84
-0.00201464 44 60 23 24 28 57 69 84
-0.00200943 0 0 23 24 28 57 69 84
-0.00201459 0 12 23 24 28 57 69 84
-0.00201527 0 24 23 24 28 57 69 84
-0.00201486 0 36 23 24 28 57 69 84
-0.00201531 0 48 23 24 28 57 69 84
-0.00201475 0 60 23 24 28 57 69 84
-0.0020143 11 0 23 24 28 57 69 84
-0.00201502 11 12 23 24 28 57 69 84
-0.00201346 11 24 23 24 28 57 69 84
-0.00152686 11 36 23 24 28 57 69 84
-0.00201446 11 48 23 24 28 57 69 84
-0.00201535 11 60 23 24 28 57 69 84
-0.00201506 22 0 23 24 28 57 69 84
-0.00201357 22 12 23 24 28 57 69 84
-0.00201201 22 24 23 24 28 57 69 84
-0.00201289 22 36 23 24 28 57 69 84
-0.00200759 22 48 23 24 28 57 69 84
-0.00201505 22 60 23 24 28 57 69 84
-0.00201537 33 0 23 24 28 57 69 84
-0.00201505 33 12 23 24 28 57 69 84
-0.00201508 33 24 23 24 28 57 69 84
-0.00201512 33 36 23 24 28 57 69 84
-0.00201167 33 48 23 24 28 57 69 84
-0.00201435 33 60 23 24 28 57 69 84
-0.00201505 44 0 23 24 28 57 69 84
-0.00201521 44 12 23 24 28 57 69 84
-0.00201441 44 24 23 24 28 57 69 84
-0.00201469 44 36 23 24 28 57 69 84
-0.00200534 44 48 23 24 28 57 69 84
-0.00201447 44 60 23 24 28 57 69 84
-0.0020058 0 0 23 24 28 57 69 84
-0.00200686 0 12 23 24 28 57 69 84
-0.00201399 0 24 23 24 28 57 69 84
-0.00201478 0 36 23 24 28 57 69 84
-0.00201487 0 48 23 24 28 57 69 84
-0.0020129 0 60 23 24 28 57 69 84
-0.00146326 11 0 23 24 28 57 69 84
-0.0020135 11 12 23 24 28 57 69 84
-0.0020149 11 24 23 24 28 57 69 84
-0.00201452 11 36 23 24 28 57 69 84
-0.00201504 11 48 23 24 28 57 69 84
-0.00201471 11 60 23 24 28 57 69 84
-0.00200708 22 0 23 24 28 57 69 84
-0.00201205 22 12 23 24 28 57 69 84
-0.00201394 22 24 23 24 28 57 69 84
-0.00201494 22 36 23 24 28 57 69 84
-0.00201225 22 48 23 24 28 57 69 84
-0.00201448 22 60 23 24 28 57 69 84
-0.00200919 33 0 23 24 28 57 69 84
-0.00105882 33 12 23 24 28 57 69 84
-0.00200846 33 24 23 24 28 57 69 84
-0.00201473 33 36 23 24 28 57 69 84
-0.00201319 33 48 23 24 28 57 69 84
-0.00189148 33 60 23 24 28 57 69 84
-0.0020142 44 0 23 24 28 57 69 84
-0.00201431 44 12 23 24 28 57 69 84
-0.00201406 44 24 23 24 28 57 69 84
-0.00201448 44 36 23 24 28 57 69 84
-0.00201317 44 48 23 24 28 57 69 84
-0.00201225 44 60 23 24 28 57 69 84
-0.00201189 0 0 23 24 28 57 69 84
-0.0020084 0 12 23 24 28 57 69 84
-0.00201449 0 24 23 24 28 57 69 84
-0.00201399 0 36 23 24 28 57 69 84
-0.00201409 0 48 23 24 28 57 69 84
-0.00201472 0 60 23 24 28 57 69 84
-0.00168168 11 0 23 24 28 57 69 84
-0.00201335 11 12 23 24 28 57 69 84
-0.00201476 11 24 23 24 28 57 69 84
-0.00178906 11 36 23 24 28 57 69 84
-0.00201117 11 48 23 24 28 57 69 84
-0.0020144 11 60 23 24 28 57 69 84
-0.00200677 22 0 23 24 28 57 69 84
-0.00200999 22 12 23 24 28 57 69 84
-0.00201342 22 24 23 24 28 57 69 84
-0.00201407 22 36 23 24 28 57 69 84
-0.000871581 22 48 23 24 28 57 69 84
-0.00201299 22 60 23 24 28 57 69 84
-0.00200725 33 0 23 24 28 57 69 84
-0.00183356 33 12 23 24 28 57 69 84
-0.00200692 33 24 23 24 28 57 69 84
-0.0020145 33 36 23 24 28 57 69 84
-0.00142982 33 48 23 24 28 57 69 84
-0.00194766 33 60 23 24 28 57 69 84
-0.00201203 44 0 23 24 28 57 69 84
-0.00201471 44 12 23 24 28 57 69 84
-0.00201462 44 24 23 24 28 57 69 84
-0.00201366 44 36 23 24 28 57 69 84
-0.00200625 44 48 23 24 28 57 69 84
-0.000768997 44 60 23 24 28 57 69 84
-0.00201514 0 0 23 24 28 57 69 84
-0.00201498 0 12 23 24 28 57 69 84
-0.00201364 0 24 23 24 28 57 69 84
-0.00201359 0 36 23 24 28 57 69 84
-0.00201474 0 48 23 24 28 57 69 84
-0.00200802 0 60 23 24 28 57 69 84
-0.00201454 11 0 23 24 28 57 69 84
-0.00201539 11 12 23 24 28 57 69 84
-0.00201536 11 24 23 24 28 57 69 84
-0.00201539 11 36 23 24 28 57 69 84
-0.00201177 11 48 23 24 28 57 69 84
-0.000977928 11 60 23 24 28 57 69 84
-0.00201297 22 0 23 24 28 57 69 84
-0.00201527 22 12 23 24 28 57 69 84
-0.00200951 22 24 23 24 28 57 69 84
-0.00201532 22 36 23 24 28 57 69 84
-0.00201075 22 48 23 24 28 57 69 84
-0.00201514 22 60 23 24 28 57 69 84
-0.00201495 33 0 23 24 28 57 69 84
-0.00201486 33 12 23 24 28 57 69 84
-0.00201497 33 24 23 24 28 57 69 84
-0.00201536 33 36 23 24 28 57 69 84
-0.00181888 33 48 23 24 28 57 69 84
-0.00201504 33 60 23 24 28 57 69 84
-0.00201479 44 0 23 24 28 57 69 84
-0.00200835 44 12 23 24 28 57 69 84
-0.00201483 44 24 23 24 28 57 69 84
-0.00201529 44 36 23 24 28 57 69 84
-0.0020151 44 48 23 24 28 57 69 84
-0.00201313 44 60 23 24 28 57 69 84
-0.00201442 0 0 23 24 28 57 69 84
-0.00201507 0 12 23 24 28 57 69 84
-0.00201289 0 24 23 24 28 57 69 84
-0.00201489 0 36 23 24 28 57 69 84
-0.00201539 0 48 23 24 28 57 69 84
-0.00200786 0 60 23 24 28 57 69 84
-0.00201257 11 0 23 24 28 57 69 84
-0.00201496 11 12 23 24 28 57 69 84
-0.00201385 11 24 23 24 28 57 69 84
-0.00201537 11 36 23 24 28 57 69 84
-0.00201145 11 48 23 24 28 57 69 84
-0.00201043 11 60 23 24 28 57 69 84
-0.00201494 22 0 23 24 28 57 69 84
-0.00201302 22 12 23 24 28 57 69 84
-0.00201404 22 24 23 24 28 57 69 84
-0.00201537 22 36 23 24 28 57 69 84
-0.00201405 22 48 23 24 28 57 69 84
-0.00201539 22 60 23 24 28 57 69 84
-0.00201447 33 0 23 24 28 57 69 84
-0.00201365 33 12 23 24 28 57 69 84
-0.00201472 33 24 23 24 28 57 69 84
-0.0020153 33 36 23 24 28 57 69 84
-0.00201539 33 48 23 24 28 57 69 84
-0.00201524 33 60 23 24 28 57 69 84
-0.00201524 44 0 23 24 28 57 69 84
-0.00201432 44 12 23 24 28 57 69 84
-0.00201514 44 24 23 24 28 57 69 84
-0.00201382 44 36 23 24 28 57 69 84
-0.00201506 44 48 23 24 28 57 69 84
-0.00201473 44 60 23 24 28 57 69 84
-0.00201336 0 0 23 24 28 57 69 84
-0.00201522 0 12 23 24 28 57 69 84
-0.00201415 0 24 23 24 28 57 69 84
-0.00201525 0 36 23 24 28 57 69 84
-0.00201497 0 48 23 24 28 57 69 84
-0.00201534 0 60 23 24 28 57 69 84
-0.00201517 11 0 23 24 28 57 69 84
-0.00201186 11 12 23 24 28 57 69 84
-0.00201402 11 24 23 24 28 57 69 84
-0.00201533 11 36 23 24 28 57 69 84
-0.00201091 11 48 23 24 28 57 69 84
-0.00201535 11 60 23 24 28 57 69 84
-0.0020146 22 0 23 24 28 57 69 84
-0.00201193 22 12 23 24 28 57 69 84
-0.0020151 22 24 23 24 28 57 69 84
-0.00201489 22 36 23 24 28 57 69 84
-0.00201535 22 48 23 24 28 57 69 84
-0.00201507 22 60 23 24 28 57 69 84
-0.00201208 33 0 23 24 28 57 69 84
-0.00201455 33 12 23 24 28 57 69 84
-0.00201525 33 24 23 24 28 57 69 84
-0.00201529 33 36 23 24 28 57 69 84
-0.00201516 33 48 23 24 28 57 69 84
-0.0020126 33 60 23 24 28 57 69 84
-0.00201451 44 0 23 24 28 57 69 84
-0.00201524 44 12 23 24 28 57 69 84
-0.00201533 44 24 23 24 28 57 69 84
-0.00201186 44 36 23 24 28 57 69 84
-0.00201295 44 48 23 24 28 57 69 84
-0.00201406 44 60 23 24 28 57 69 84
-0.00201041 0 0 23 24 28 57 69 84
-0.00144657 0 12 23 24 28 57 69 84
-0.0013628 0 24 23 24 28 57 69 84
-0.00201139 0 36 23 24 28 57 69 84
-0.000917529 0 48 23 24 28 57 69 84
-0.00201467 0 60 23 24 28 57 69 84
-0.00201455 11 0 23 24 28 57 69 84
-0.00201443 11 12 23 24 28 57 69 84
-0.0020091 11 24 23 24 28 57 69 84
-0.00116387 11 36 23 24 28 57 69 84
-0.0020131 11 48 23 24 28 57 69 84
-0.00201517 11 60 23 24 28 57 69 84
-0.00201493 22 0 23 24 28 57 69 84
-0.00201507 22 12 23 24 28 57 69 84
-0.00201532 22 24 23 24 28 57 69 84
-0.00201428 22 36 23 24 28 57 69 84
-0.00201531 22 48 23 24 28 57 69 84
-0.00201506 22 60 23 24 28 57 69 84
-0.00201409 33 0 23 24 28 57 69 84
-0.0020145 33 12 23 24 28 57 69 84
-0.0020139 33 24 23 24 28 57 69 84
-0.00201437 33 36 23 24 28 57 69 84
-0.00201527 33 48 23 24 28 57 69 84
-0.00200595 33 60 23 24 28 57 69 84
-0.00201319 44 0 23 24 28 57 69 84
-0.00201519 44 12 23 24 28 57 69 84
-0.00201519 44 24 23 24 28 57 69 84
-0.00201437 44 36 23 24 28 57 69 84
-0.00201507 44 48 23 24 28 57 69 84
-0.00201453 44 60 23 24 28 57 69 84
-0.00201464 0 0 23 24 28 57 69 84
-0.00201417 0 12 23 24 28 57 69 84
-0.0020146 0 24 23 24 28 57 69 84
-0.00201266 0 36 23 24 28 57 69 84
-0.00201448 0 48 23 24 28 57 69 84
-0.00201453 0 60 23 24 28 57 69 84
-0.00201532 11 0 23 24 28 57 69 84
-0.00201471 11 12 23 24 28 57 69 84
-0.00201356 11 24 23 24 28 57 69 84
-0.00201406 11 36 23 24 28 57 69 84
-0.00201519 11 48 23 24 28 57 69 84
-0.00201421 11 60 23 24 28 57 69 84
-0.0020144 22 0 23 24 28 57 69 84
-0.00201507 22 12 23 24 28 57 69 84
-0.00201522 22 24 23 24 28 57 69 84
-0.00201503 22 36 23 24 28 57 69 84
-0.00201531 22 48 23 24 28 57 69 84
-0.00201441 22 60 23 24 28 57 69 84
-0.00200853 33 0 23 24 28 57 69 84
-0.00201312 33 12 23 24 28 57 69 84
-0.00201486 33 24 23 24 28 57 69 84
-0.00155747 33 36 23 24 28 57 69 84
-0.00201507 33 48 23 24 28 57 69 84
-0.00201185 33 60 23 24 28 57 69 84
-0.00201342 44 0 23 24 28 57 69 84
-0.00201025 44 12 23 24 28 57 69 84
-0.00201473 44 24 23 24 28 57 69 84
-0.00201491 44 36 23 24 28 57 69 84
-0.00201506 44 48 23 24 28 57 69 84
-0.0020129 44 60 23 24 28 57 69 84
-0.0020133 0 0 23 24 28 57 69 84
-0.00201519 0 12 23 24 28 57 69 84
-0.00201521 0 24 23 24 28 57 69 84
-0.00201429 0 36 23 24 28 57 69 84
-0.00201361 0 48 23 24 28 57 69 84
-0.00201442 0 60 23 24 28 57 69 84
-0.00201463 11 0 23 24 28 57 69 84
-0.00201273 11 12 23 24 28 57 69 84
-0.00201476 11 24 23 24 28 57 69 84
-0.00201362 11 36 23 24 28 57 69 84
-0.00201226 11 48 23 24 28 57 69 84
-0.00201289 11 60 23 24 28 57 69 84
-0.00201435 22 0 23 24 28 57 69 84
-0.00201137 22 12 23 24 28 57 69 84
-0.0020122 22 24 23 24 28 57 69 84
-0.00196191 22 36 23 24 28 57 69 84
-0.00201525 22 48 23 24 28 57 69 84
-0.00201307 22 60 23 24 28 57 69 84
-0.00201438 33 0 23 24 28 57 69 84
-0.00201469 33 12 23 24 28 57 69 84
-0.00201456 33 24 23 24 28 57 69 84
-0.0020127 33 36 23 24 28 57 69 84
-0.00201534 33 48 23 24 28 57 69 84
-0.00201329 33 60 23 24 28 57 69 84
-0.00201491 44 0 23 24 28 57 69 84
-0.00201284 44 12 23 24 28 57 69 84
-0.00201382 44 24 23 24 28 57 69 84
-0.00201518 44 36 23 24 28 57 69 84
-0.0020153 44 48 23 24 28 57 69 84
-0.00201021 44 60 23 24 28 57 69 84
-0.002015 0 0 27 33 28 57 69 84
-0.00201409 0 16 27 33 28 57 69 84
-0.00201532 0 32 27 33 28 57 69 84
-0.00201197 0 48 27 33 28 57 69 84
-0.00201447 13 0 27 33 28 57 69 84
-0.00201466 13 16 27 33 28 57 69 84
-0.00201534 13 32 27 33 28 57 69 84
-0.00201509 13 48 27 33 28 57 69 84
-0.0020108 26 0 27 33 28 57 69 84
-0.00200814 26 16 27 33 28 57 69 84
-0.00201445 26 32 27 33 28 57 69 84
-0.00201478 26 48 27 33 28 57 69 84
-0.00160431 39 0 27 33 28 57 69 84
-0.00200915 39 16 27 33 28 57 69 84
-0.00199029 39 32 27 33 28 57 69 84
-0.00201409 39 48 27 33 28 57 69 84
-0.00201371 0 0 27 33 28 57 69 84
-0.00201518 0 16 27 33 28 57 69 84
-0.00201491 0 32 27 33 28 57 69 84
-0.00201532 0 48 27 33 28 57 69 84
-0.00201458 13 0 27 33 28 57 69 84
-0.00201237 13 16 27 33 28 57 69 84
-0.000996346 13 32 27 33 28 57 69 84
-0.00201483 13 48 27 33 28 57 69 84
-0.00201515 26 0 27 33 28 57 69 84
-0.0020123 26 16 27 33 28 57 69 84
-0.00201293 26 32 27 33 28 57 69 84
-0.00201008 26 48 27 33 28 57 69 84
-0.00201518 39 0 27 33 28 57 69 84
-0.00201445 39 16 27 33 28 57 69 84
-0.0020131 39 32 27 33 28 57 69 84
-0.00109158 39 48 27 33 28 57 69 84
-0.000895139 0 0 27 33 28 57 69 84
-0.00201303 0 16 27 33 28 57 69 84
-0.00201451 0 32 27 33 28 57 69 84
-0.00201432 0 48 27 33 28 57 69 84
-0.00184817 13 0 27 33 28 57 69 84
-0.00201395 13 16 27 33 28 57 69 84
-0.00201458 13 32 27 33 28 57 69 84
-0.00201488 13 48 27 33 28 57 69 84
-0.00149564 26 0 27 33 28 57 69 84
-0.00201155 26 16 27 33 28 57 69 84
-0.00201418 26 32 27 33 28 57 69 84
-0.00201064 26 48 27 33 28 57 69 84
-0.00201361 39 0 27 33 28 57 69 84
-0.00201058 39 16 27 33 28 57 69 84
-0.00201288 39 32 27 33 28 57 69 84
-0.0020143 39 48 27 33 28 57 69 84
-0.00118268 0 0 27 33 28 57 69 84
-0.00201338 0 16 27 33 28 57 69 84
-0.00201386 0 32 27 33 28 57 69 84
-0.0020143 0 48 27 33 28 57 69 84
-0.00122057 13 0 27 33 28 57 69 84
-0.00201361 13 16 27 33 28 57 69 84
-0.00201124 13 32 27 33 28 57 69 84
-0.00201306 13 48 27 33 28 57 69 84
-0.00127551 26 0 27 33 28 57 69 84
-0.00201044 26 16 27 33 28 57 69 84
-0.00201317 26 32 27 33 28 57 69 84
-0.00131123 26 48 27 33 28 57 69 84
-0.00201316 39 0 27 33 28 57 69 84
-0.00201214 39 16 27 33 28 57 69 84
-0.00201105 39 32 27 33 28 57 69 84
-0.00161999 39 48 27 33 28 57 69 84
-0.00201488 0 0 27 33 28 57 69 84
-0.00201288 0 16 27 33 28 57 69 84
-0.00201316 0 32 27 33 28 57 69 84
-0.00201444 0 48 27 33 28 57 69 84
-0.00201534 13 0 27 33 28 57 69 84
-0.0020138 13 16 27 33 28 57 69 84
-0.00201514 13 32 27 33 28 57 69 84
-0.00201168 13 48 27 33 28 57 69 84
-0.00201522 26 0 27 33 28 57 69 84
-0.00200637 26 16 27 33 28 57 69 84
-0.00201496 26 32 27 33 28 57 69 84
-0.0020141 26 48 27 33 28 57 69 84
-0.00201416 39 0 27 33 28 57 69 84
-0.00201372 39 16 27 33 28 57 69 84
-0.00201491 39 32 27 33 28 57 69 84
-0.00201418 39 48 27 33 28 57 69 84
-0.00201467 0 0 27 33 28 57 69 84
-0.00201186 0 16 27 33 28 57 69 84
-0.00201446 0 32 27 33 28 57 69 84
-0.00201532 0 48 27 33 28 57 69 84
-0.00201476 13 0 27 33 28 57 69 84
-0.00200635 13 16 27 33 28 57 69 84
-0.00201532 13 32 27 33 28 57 69 84
-0.00201394 13 48 27 33 28 57 69 84
-0.00201309 26 0 27 33 28 57 69 84
-0.00201068 26 16 27 33 28 57 69 84
-0.00201533 26 32 27 33 28 57 69 84
-0.00201539 26 48 27 33 28 57 69 84
-0.0020152 39 0 27 33 28 57 69 84
-0.00201495 39 16 27 33 28 57 69 84
-0.00201347 39 32 27 33 28 57 69 84
-0.00201455 39 48 27 33 28 57 69 84
-0.00201528 0 0 27 33 28 57 69 84
-0.00201342 0 16 27 33 28 57 69 84
-0.00201519 0 32 27 33 28 57 69 84
-0.00201488 0 48 27 33 28 57 69 84
-0.00201371 13 0 27 33 28 57 69 84
-0.00201197 13 16 27 33 28 57 69 84
-0.00201532 13 32 27 33 28 57 69 84
-0.00201534 13 48 27 33 28 57 69 84
-0.00201267 26 0 27 33 28 57 69 84
-0.00201478 26 16 27 33 28 57 69 84
-0.00201537 26 32 27 33 28 57 69 84
-0.00201502 26 48 27 33 28 57 69 84
-0.00201392 39 0 27 33 28 57 69 84
-0.00201488 39 16 27 33 28 57 69 84
-0.00201418 39 32 27 33 28 57 69 84
-0.00200935 39 48 27 33 28 57 69 84
-0.00200848 0 0 27 33 28 57 69 84
-0.000743801 0 16 27 33 28 57 69 84
-0.00200569 0 32 27 33 28 57 69 84
-0.00201191 0 48 27 33 28 57 69 84
-0.00201508 13 0 27 33 28 57 69 84
-0.00201486 13 16 27 33 28 57 69 84
-0.00147959 13 32 27 33 28 57 69 84
-0.00201506 13 48 27 33 28 57 69 84
-0.0020138 26 0 27 33 28 57 69 84
-0.00201425 26 16 27 33 28 57 69 84
-0.0020152 26 32 27 33 28 57 69 84
-0.00201498 26 48 27 33 28 57 69 84
-0.00201266 39 0 27 33 28 57 69 84
-0.00201478 39 16 27 33 28 57 69 84
-0.00201428 39 32 27 33 28 57 69 84
-0.00201382 39 48 27 33 28 57 69 84
-0.00201344 0 0 27 33 28 57 69 84
-0.00201273 0 16 27 33 28 57 69 84
-0.0020131 0 32 27 33 28 57 69 84
-0.00201445 0 48 27 33 28 57 69 84
-0.00201528 13 0 27 33 28 57 69 84
-0.00201533 13 16 27 33 28 57 69 84
-0.00201535 13 32 27 33 28 57 69 84
-0.0020146 13 48 27 33 28 57 69 84
-0.00201412 26 0 27 33 28 57 69 84
-0.00201459 26 16 27 33 28 57 69 84
-0.00201102 26 32 27 33 28 57 69 84
-0.00201517 26 48 27 33 28 57 69 84
-0.00200993 39 0 27 33 28 57 69 84
-0.00201419 39 16 27 33 28 57 69 84
-0.00201264 39 32 27 33 28 57 69 84
-0.00201521 39 48 27 33 28 57 69 84
-0.00201481 0 0 27 33 28 57 69 84
-0.00201433 0 16 27 33 28 57 69 84
-0.00201445 0 32 27 33 28 57 69 84
-0.00201042 0 48 27 33 28 57 69 84
-0.00201375 13 0 27 33 28 57 69 84
-0.00201461 13 16 27 33 28 57 69 84
-0.00201269 13 32 27 33 28 57 69 84
-0.00201351 13 48 27 33 28 57 69 84
-0.00201493 26 0 27 33 28 57 69 84
-0.00201434 26 16 27 33 28 57 69 84
-0.0020102 26 32 27 33 28 57 69 84
-0.00201508 26 48 27 33 28 57 69 84
-0.00201338 39 0 27 33 28 57 69 84
-0.0020059 39 16 27 33 28 57 69 84
-0.00201473 39 32 27 33 28 57 69 84
-0.00201497 39 48 27 33 28 57 69 84
-0.00201384 0 0 46 56 28 57 69 84
-0.00201449 0 28 46 56 28 57 69 84
-0.00134598 23 0 46 56 28 57 69 84
-0.00200526 23 28 46 56 28 57 69 84
-0.00201452 0 0 46 56 28 57 69 84
-0.00201419 0 28 46 56 28 57 69 84
-0.00201529 23 0 46 56 28 57 69 84
-0.00200908 23 28 46 56 28 57 69 84
-0.00186281 0 0 46 56 28 57 69 84
-0.00200648 0 28 46 56 28 57 69 84
-0.0020095 23 0 46 56 28 57 69 84
-0.00200534 23 28 46 56 28 57 69 84
-0.00132865 0 0 46 56 28 57 69 84
-0.0020081 0 28 46 56 28 57 69 84
-0.00200782 23 0 46 56 28 57 69 84
-0.00112589 23 28 46 56 28 57 69 84
-0.00201405 0 0 46 56 28 57 69 84
-0.00201231 0 28 46 56 28 57 69 84
-0.00201341 23 0 46 56 28 57 69 84
-0.0020148 23 28 46 56 28 57 69 84
-0.00200907 0 0 46 56 28 57 69 84
-0.00201313 0 28 46 56 28 57 69 84
-0.00166625 23 0 46 56 28 57 69 84
-0.00201256 23 28 46 56 28 57 69 84
-0.00201056 0 0 46 56 28 57 69 84
-0.00201389 0 28 46 56 28 57 69 84
-0.00201017 23 0 46 56 28 57 69 84
-0.00120142 23 28 46 56 28 57 69 84
-0.00201405 0 0 46 56 28 57 69 84
-0.00201449 0 28 46 56 28 57 69 84
-0.00201354 23 0 46 56 28 57 69 84
-0.0020114 23 28 46 56 28 57 69 84
-0.00201507 0 0 46 56 28 57 69 84
-0.00201447 0 28 46 56 28 57 69 84
-0.000939349 23 0 46 56 28 57 69 84
-0.00158834 23 28 46 56 28 57 69 84
-0.00201228 0 0 46 56 28 57 69 84
-0.00201402 0 28 46 56 28 57 69 84
-0.00200447 23 0 46 56 28 57 69 84
-0.00201425 23 28 46 56 28 57 69 84
-0.000742778 0 0 69 84 28 57 69 84
-0.00201455 0 0 69 84 28 57 69 84
-0.00180398 0 0 69 84 28 57 69 84
-0.00193362 0 0 69 84 28 57 69 84
-0.00201195 0 0 69 84 28 57 69 84
-0.00139653 0 0 69 84 28 57 69 84
-0.000850842 0 0 69 84 28 57 69 84
-0.00201224 0 0 69 84 28 57 69 84
-0.00102807 0 0 69 84 28 57 69 84
-0.00125757 0 0 69 84 28 57 69 84
