-0.00363568 0 0 10 10 662 137 31 67
-0.00363704 0 5 10 10 662 137 31 67
-0.00363641 0 10 10 10 662 137 31 67
-0.00363734 0 15 10 10 662 137 31 67
-0.00363785 0 20 10 10 662 137 31 67
-0.00363584 0 25 10 10 662 137 31 67
-0.00363364 0 30 10 10 662 137 31 67
-0.0036264 0 35 10 10 662 137 31 67
-0.00362371 0 40 10 10 662 137 31 67
-0.0036278 0 45 10 10 662 137 31 67
-0.00363651 0 50 10 10 662 137 31 67
-0.00363859 0 55 10 10 662 137 31 67
-0.0036352 5 0 10 10 662 137 31 67
-0.00363868 5 5 10 10 662 137 31 67
-0.00363966 5 10 10 10 662 137 31 67
-0.00363961 5 15 10 10 662 137 31 67
-0.003637 5 20 10 10 662 137 31 67
-0.00363853 5 25 10 10 662 137 31 67
-0.00363906 5 30 10 10 662 137 31 67
-0.00363702 5 35 10 10 662 137 31 67
-0.00363574 5 40 10 10 662 137 31 67
-0.00363473 5 45 10 10 662 137 31 67
-0.0036376 5 50 10 10 662 137 31 67
-0.00363954 5 55 10 10 662 137 31 67
-0.00363928 10 0 10 10 662 137 31 67
-0.00363974 10 5 10 10 662 137 31 67
-0.00363977 10 10 10 10 662 137 31 67
-0.0036364 10 15 10 10 662 137 31 67
-0.00297756 10 20 10 10 662 137 31 67
-0.00363411 10 25 10 10 662 137 31 67
-0.00363959 10 30 10 10 662 137 31 67
-0.00363947 10 35 10 10 662 137 31 67
-0.00363809 10 40 10 10 662 137 31 67
-0.00363143 10 45 10 10 662 137 31 67
-0.00363608 10 50 10 10 662 137 31 67
-0.00363955 10 55 10 10 662 137 31 67
-0.00363921 15 0 10 10 662 137 31 67
-0.00363983 15 5 10 10 662 137 31 67
-0.00363975 15 10 10 10 662 137 31 67
-0.00363301 15 15 10 10 662 137 31 67
-0.00362576 15 20 10 10 662 137 31 67
-0.00363627 15 25 10 10 662 137 31 67
-0.00363954 15 30 10 10 662 137 31 67
-0.00363956 15 35 10 10 662 137 31 67
-0.00363806 15 40 10 10 662 137 31 67
-0.00363236 15 45 10 10 662 137 31 67
-0.00363825 15 50 10 10 662 137 31 67
-0.00363948 15 55 10 10 662 137 31 67
-0.0036383 20 0 10 10 662 137 31 67
-0.00363898 20 5 10 10 662 137 31 67
-0.00363967 20 10 10 10 662 137 31 67
-0.00363943 20 15 10 10 662 137 31 67
-0.00363901 20 20 10 10 662 137 31 67
-0.00363757 20 25 10 10 662 137 31 67
-0.00363778 20 30 10 10 662 137 31 67
-0.00363702 20 35 10 10 662 137 31 67
-0.00363497 20 40 10 10 662 137 31 67
-0.0036355 20 45 10 10 662 137 31 67
-0.00363514 20 50 10 10 662 137 31 67
-0.00363697 20 55 10 10 662 137 31 67
-0.00363883 0 0 10 10 662 137 31 67
-0.00363825 0 5 10 10 662 137 31 67
-0.00363989 0 10 10 10 662 137 31 67
-0.00363999 0 15 10 10 662 137 31 67
-0.00363812 0 20 10 10 662 137 31 67
-0.00363918 0 25 10 10 662 137 31 67
-0.00364003 0 30 10 10 662 137 31 67
-0.00363911 0 35 10 10 662 137 31 67
-0.00363959 0 40 10 10 662 137 31 67
-0.00364002 0 45 10 10 662 137 31 67
-0.00363979 0 50 10 10 662 137 31 67
-0.00363739 0 55 10 10 662 137 31 67
-0.0036397 5 0 10 10 662 137 31 67
-0.00363976 5 5 10 10 662 137 31 67
-0.00363905 5 10 10 10 662 137 31 67
-0.00363881 5 15 10 10 662 137 31 67
-0.00363519 5 20 10 10 662 137 31 67
-0.00363033 5 25 10 10 662 137 31 67
-0.00363905 5 30 10 10 662 137 31 67
-0.00363953 5 35 10 10 662 137 31 67
-0.0036393 5 40 10 10 662 137 31 67
-0.00363768 5 45 10 10 662 137 31 67
-0.00363171 5 50 10 10 662 137 31 67
-0.00291741 5 55 10 10 662 137 31 67
-0.00363865 10 0 10 10 662 137 31 67
-0.00363785 10 5 10 10 662 137 31 67
-0.00363926 10 10 10 10 662 137 31 67
-0.00362639 10 15 10 10 662 137 31 67
-0.00363171 10 20 10 10 662 137 31 67
-0.00363319 10 25 10 10 662 137 31 67
-0.00362807 10 30 10 10 662 137 31 67
-0.00362815 10 35 10 10 662 137 31 67
-0.00363113 10 40 10 10 662 137 31 67
-0.00363513 10 45 10 10 662 137 31 67
-0.00363636 10 50 10 10 662 137 31 67
-0.00350832 10 55 10 10 662 137 31 67
-0.00363841 15 0 10 10 662 137 31 67
-0.00363671 15 5 10 10 662 137 31 67
-0.00363786 15 10 10 10 662 137 31 67
-0.00362626 15 15 10 10 662 137 31 67
-0.00363256 15 20 10 10 662 137 31 67
-0.00363373 15 25 10 10 662 137 31 67
-0.00362954 15 30 10 10 662 137 31 67
-0.00356594 15 35 10 10 662 137 31 67
-0.00363913 15 40 10 10 662 137 31 67
-0.0036398 15 45 10 10 662 137 31 67
-0.00363974 15 50 10 10 662 137 31 67
-0.00363778 15 55 10 10 662 137 31 67
-0.00363722 20 0 10 10 662 137 31 67
-0.00363732 20 5 10 10 662 137 31 67
-0.00363724 20 10 10 10 662 137 31 67
-0.00363757 20 15 10 10 662 137 31 67
-0.00363542 20 20 10 10 662 137 31 67
-0.00363139 20 25 10 10 662 137 31 67
-0.00363786 20 30 10 10 662 137 31 67
-0.00363907 20 35 10 10 662 137 31 67
-0.00363987 20 40 10 10 662 137 31 67
-0.00363991 20 45 10 10 662 137 31 67
-0.00363998 20 50 10 10 662 137 31 67
-0.00363903 20 55 10 10 662 137 31 67
-0.00363195 0 0 10 10 662 137 31 67
-0.00264015 0 5 10 10 662 137 31 67
-0.00363744 0 10 10 10 662 137 31 67
-0.00363905 0 15 10 10 662 137 31 67
-0.00363572 0 20 10 10 662 137 31 67
-0.00363968 0 25 10 10 662 137 31 67
-0.00363976 0 30 10 10 662 137 31 67
-0.00363267 0 35 10 10 662 137 31 67
-0.003636 0 40 10 10 662 137 31 67
-0.00363785 0 45 10 10 662 137 31 67
-0.00363499 0 50 10 10 662 137 31 67
-0.00362426 0 55 10 10 662 137 31 67
-0.00363214 5 0 10 10 662 137 31 67
-0.00363741 5 5 10 10 662 137 31 67
-0.0036352 5 10 10 10 662 137 31 67
-0.00363692 5 15 10 10 662 137 31 67
-0.00363952 5 20 10 10 662 137 31 67
-0.00363951 5 25 10 10 662 137 31 67
-0.00363859 5 30 10 10 662 137 31 67
-0.00363382 5 35 10 10 662 137 31 67
-0.00363714 5 40 10 10 662 137 31 67
-0.0036395 5 45 10 10 662 137 31 67
-0.00363985 5 50 10 10 662 137 31 67
-0.00363095 5 55 10 10 662 137 31 67
-0.00363732 10 0 10 10 662 137 31 67
-0.0036379 10 5 10 10 662 137 31 67
-0.00363604 10 10 10 10 662 137 31 67
-0.00363929 10 15 10 10 662 137 31 67
-0.00363729 10 20 10 10 662 137 31 67
-0.00362744 10 25 10 10 662 137 31 67
-0.00363988 10 30 10 10 662 137 31 67
-0.00363991 10 35 10 10 662 137 31 67
-0.00363977 10 40 10 10 662 137 31 67
-0.00363995 10 45 10 10 662 137 31 67
-0.00363975 10 50 10 10 662 137 31 67
-0.00363294 10 55 10 10 662 137 31 67
-0.00363878 15 0 10 10 662 137 31 67
-0.00363918 15 5 10 10 662 137 31 67
-0.00363959 15 10 10 10 662 137 31 67
-0.00363762 15 15 10 10 662 137 31 67
-0.0036291 15 20 10 10 662 137 31 67
-0.00363627 15 25 10 10 662 137 31 67
-0.00363997 15 30 10 10 662 137 31 67
-0.00363937 15 35 10 10 662 137 31 67
-0.00363731 15 40 10 10 662 137 31 67
-0.00363934 15 45 10 10 662 137 31 67
-0.00363985 15 50 10 10 662 137 31 67
-0.00363463 15 55 10 10 662 137 31 67
-0.00363846 20 0 10 10 662 137 31 67
-0.00363972 20 5 10 10 662 137 31 67
-0.00363998 20 10 10 10 662 137 31 67
-0.00364 20 15 10 10 662 137 31 67
-0.00363954 20 20 10 10 662 137 31 67
-0.00363825 20 25 10 10 662 137 31 67
-0.00364004 20 30 10 10 662 137 31 67
-0.00363959 20 35 10 10 662 137 31 67
-0.00363895 20 40 10 10 662 137 31 67
-0.00363941 20 45 10 10 662 137 31 67
-0.00363988 20 50 10 10 662 137 31 67
-0.00363751 20 55 10 10 662 137 31 67
-0.00165349 0 0 10 10 662 137 31 67
-0.00207198 0 5 10 10 662 137 31 67
-0.00363665 0 10 10 10 662 137 31 67
-0.00363711 0 15 10 10 662 137 31 67
-0.00363494 0 20 10 10 662 137 31 67
-0.00363188 0 25 10 10 662 137 31 67
-0.00196953 0 30 10 10 662 137 31 67
-0.00169145 0 35 10 10 662 137 31 67
-0.00363005 0 40 10 10 662 137 31 67
-0.00363171 0 45 10 10 662 137 31 67
-0.00362782 0 50 10 10 662 137 31 67
-0.00161475 0 55 10 10 662 137 31 67
-0.00235364 5 0 10 10 662 137 31 67
-0.00136999 5 5 10 10 662 137 31 67
-0.0036301 5 10 10 10 662 137 31 67
-0.00363173 5 15 10 10 662 137 31 67
-0.00245173 5 20 10 10 662 137 31 67
-0.00363459 5 25 10 10 662 137 31 67
-0.00363557 5 30 10 10 662 137 31 67
-0.00363377 5 35 10 10 662 137 31 67
-0.00363168 5 40 10 10 662 137 31 67
-0.0036319 5 45 10 10 662 137 31 67
-0.00362748 5 50 10 10 662 137 31 67
-0.00135589 5 55 10 10 662 137 31 67
-0.00363526 10 0 10 10 662 137 31 67
-0.00303778 10 5 10 10 662 137 31 67
-0.00362648 10 10 10 10 662 137 31 67
-0.00363488 10 15 10 10 662 137 31 67
-0.00363819 10 20 10 10 662 137 31 67
-0.00363829 10 25 10 10 662 137 31 67
-0.00363882 10 30 10 10 662 137 31 67
-0.00364001 10 35 10 10 662 137 31 67
-0.0036393 10 40 10 10 662 137 31 67
-0.00363688 10 45 10 10 662 137 31 67
-0.00285735 10 50 10 10 662 137 31 67
-0.00150101 10 55 10 10 662 137 31 67
-0.00363768 15 0 10 10 662 137 31 67
-0.00363315 15 5 10 10 662 137 31 67
-0.00363324 15 10 10 10 662 137 31 67
-0.00363674 15 15 10 10 662 137 31 67
-0.00363652 15 20 10 10 662 137 31 67
-0.00363106 15 25 10 10 662 137 31 67
-0.00363807 15 30 10 10 662 137 31 67
-0.00364004 15 35 10 10 662 137 31 67
-0.00363936 15 40 10 10 662 137 31 67
-0.00363863 15 45 10 10 662 137 31 67
-0.00363685 15 50 10 10 662 137 31 67
-0.00136365 15 55 10 10 662 137 31 67
-0.00363412 20 0 10 10 662 137 31 67
-0.00327581 20 5 10 10 662 137 31 67
-0.00363223 20 10 10 10 662 137 31 67
-0.00363021 20 15 10 10 662 137 31 67
-0.00213555 20 20 10 10 662 137 31 67
-0.00203814 20 25 10 10 662 137 31 67
-0.00363802 20 30 10 10 662 137 31 67
-0.00364006 20 35 10 10 662 137 31 67
-0.00363965 20 40 10 10 662 137 31 67
-0.00363798 20 45 10 10 662 137 31 67
-0.00363105 20 50 10 10 662 137 31 67
-0.00200464 20 55 10 10 662 137 31 67
-0.0036399 0 0 10 10 662 137 31 67
-0.00363971 0 5 10 10 662 137 31 67
-0.00363828 0 10 10 10 662 137 31 67
-0.00363606 0 15 10 10 662 137 31 67
-0.0036379 0 20 10 10 662 137 31 67
-0.00363887 0 25 10 10 662 137 31 67
-0.0036384 0 30 10 10 662 137 31 67
-0.0036399 0 35 10 10 662 137 31 67
-0.00363943 0 40 10 10 662 137 31 67
-0.00363719 0 45 10 10 662 137 31 67
-0.00363928 0 50 10 10 662 137 31 67
-0.00363993 0 55 10 10 662 137 31 67
-0.00363888 5 0 10 10 662 137 31 67
-0.00363871 5 5 10 10 662 137 31 67
-0.00363983 5 10 10 10 662 137 31 67
-0.00363974 5 15 10 10 662 137 31 67
-0.00363809 5 20 10 10 662 137 31 67
-0.00363598 5 25 10 10 662 137 31 67
-0.00363572 5 30 10 10 662 137 31 67
-0.00363996 5 35 10 10 662 137 31 67
-0.00363945 5 40 10 10 662 137 31 67
-0.00363793 5 45 10 10 662 137 31 67
-0.00363814 5 50 10 10 662 137 31 67
-0.00363943 5 55 10 10 662 137 31 67
-0.00363881 10 0 10 10 662 137 31 67
-0.00363973 10 5 10 10 662 137 31 67
-0.00364003 10 10 10 10 662 137 31 67
-0.00363682 10 15 10 10 662 137 31 67
-0.00363588 10 20 10 10 662 137 31 67
-0.00363336 10 25 10 10 662 137 31 67
-0.00363485 10 30 10 10 662 137 31 67
-0.00363997 10 35 10 10 662 137 31 67
-0.00363953 10 40 10 10 662 137 31 67
-0.00363835 10 45 10 10 662 137 31 67
-0.00363455 10 50 10 10 662 137 31 67
-0.00363912 10 55 10 10 662 137 31 67
-0.00363854 15 0 10 10 662 137 31 67
-0.00363982 15 5 10 10 662 137 31 67
-0.00364002 15 10 10 10 662 137 31 67
-0.00254693 15 15 10 10 662 137 31 67
-0.00363353 15 20 10 10 662 137 31 67
-0.00363953 15 25 10 10 662 137 31 67
-0.00363999 15 30 10 10 662 137 31 67
-0.00363993 15 35 10 10 662 137 31 67
-0.00363974 15 40 10 10 662 137 31 67
-0.00363964 15 45 10 10 662 137 31 67
-0.00363955 15 50 10 10 662 137 31 67
-0.00363932 15 55 10 10 662 137 31 67
-0.00363643 20 0 10 10 662 137 31 67
-0.00363912 20 5 10 10 662 137 31 67
-0.00363999 20 10 10 10 662 137 31 67
-0.00363816 20 15 10 10 662 137 31 67
-0.00363796 20 20 10 10 662 137 31 67
-0.00363901 20 25 10 10 662 137 31 67
-0.00363692 20 30 10 10 662 137 31 67
-0.00363504 20 35 10 10 662 137 31 67
-0.00363835 20 40 10 10 662 137 31 67
-0.00363836 20 45 10 10 662 137 31 67
-0.00363505 20 50 10 10 662 137 31 67
-0.00363694 20 55 10 10 662 137 31 67
-0.00363882 0 0 10 10 662 137 31 67
-0.00363908 0 5 10 10 662 137 31 67
-0.0036367 0 10 10 10 662 137 31 67
-0.00363571 0 15 10 10 662 137 31 67
-0.0036388 0 20 10 10 662 137 31 67
-0.00363941 0 25 10 10 662 137 31 67
-0.00363964 0 30 10 10 662 137 31 67
-0.00363965 0 35 10 10 662 137 31 67
-0.00363877 0 40 10 10 662 137 31 67
-0.00363809 0 45 10 10 662 137 31 67
-0.00363845 0 50 10 10 662 137 31 67
-0.00363979 0 55 10 10 662 137 31 67
-0.00363893 5 0 10 10 662 137 31 67
-0.00363699 5 5 10 10 662 137 31 67
-0.00363948 5 10 10 10 662 137 31 67
-0.00363966 5 15 10 10 662 137 31 67
-0.00363755 5 20 10 10 662 137 31 67
-0.00363642 5 25 10 10 662 137 31 67
-0.00363859 5 30 10 10 662 137 31 67
-0.00363972 5 35 10 10 662 137 31 67
-0.00363913 5 40 10 10 662 137 31 67
-0.00363639 5 45 10 10 662 137 31 67
-0.00363898 5 50 10 10 662 137 31 67
-0.0036398 5 55 10 10 662 137 31 67
-0.00363927 10 0 10 10 662 137 31 67
-0.00363972 10 5 10 10 662 137 31 67
-0.00363957 10 10 10 10 662 137 31 67
-0.00363503 10 15 10 10 662 137 31 67
-0.00363689 10 20 10 10 662 137 31 67
-0.0036349 10 25 10 10 662 137 31 67
-0.00363942 10 30 10 10 662 137 31 67
-0.00363929 10 35 10 10 662 137 31 67
-0.00363701 10 40 10 10 662 137 31 67
-0.00363744 10 45 10 10 662 137 31 67
-0.00363876 10 50 10 10 662 137 31 67
-0.00363836 10 55 10 10 662 137 31 67
-0.00363947 15 0 10 10 662 137 31 67
-0.00363992 15 5 10 10 662 137 31 67
-0.00363927 15 10 10 10 662 137 31 67
-0.00363265 15 15 10 10 662 137 31 67
-0.00363127 15 20 10 10 662 137 31 67
-0.00363164 15 25 10 10 662 137 31 67
-0.00363939 15 30 10 10 662 137 31 67
-0.00363948 15 35 10 10 662 137 31 67
-0.00363914 15 40 10 10 662 137 31 67
-0.00363921 15 45 10 10 662 137 31 67
-0.00363798 15 50 10 10 662 137 31 67
-0.00363737 15 55 10 10 662 137 31 67
-0.00363912 20 0 10 10 662 137 31 67
-0.00363899 20 5 10 10 662 137 31 67
-0.0036395 20 10 10 10 662 137 31 67
-0.00363635 20 15 10 10 662 137 31 67
-0.00363895 20 20 10 10 662 137 31 67
-0.00363887 20 25 10 10 662 137 31 67
-0.00363796 20 30 10 10 662 137 31 67
-0.00363768 20 35 10 10 662 137 31 67
-0.00363825 20 40 10 10 662 137 31 67
-0.00363871 20 45 10 10 662 137 31 67
-0.00363781 20 50 10 10 662 137 31 67
-0.00363837 20 55 10 10 662 137 31 67
-0.00363827 0 0 10 10 662 137 31 67
-0.00363801 0 5 10 10 662 137 31 67
-0.00363893 0 10 10 10 662 137 31 67
-0.00363757 0 15 10 10 662 137 31 67
-0.00363965 0 20 10 10 662 137 31 67
-0.0036394 0 25 10 10 662 137 31 67
-0.00363968 0 30 10 10 662 137 31 67
-0.00363821 0 35 10 10 662 137 31 67
-0.00363973 0 40 10 10 662 137 31 67
-0.00363911 0 45 10 10 662 137 31 67
-0.00363837 0 50 10 10 662 137 31 67
-0.00363871 0 55 10 10 662 137 31 67
-0.00363733 5 0 10 10 662 137 31 67
-0.00363869 5 5 10 10 662 137 31 67
-0.00363857 5 10 10 10 662 137 31 67
-0.00363894 5 15 10 10 662 137 31 67
-0.00363938 5 20 10 10 662 137 31 67
-0.00363649 5 25 10 10 662 137 31 67
-0.00363985 5 30 10 10 662 137 31 67
-0.00363832 5 35 10 10 662 137 31 67
-0.00363892 5 40 10 10 662 137 31 67
-0.00363881 5 45 10 10 662 137 31 67
-0.00363745 5 50 10 10 662 137 31 67
-0.00363782 5 55 10 10 662 137 31 67
-0.00363942 10 0 10 10 662 137 31 67
-0.00363951 10 5 10 10 662 137 31 67
-0.00363913 10 10 10 10 662 137 31 67
-0.00363639 10 15 10 10 662 137 31 67
-0.00339225 10 20 10 10 662 137 31 67
-0.00363869 10 25 10 10 662 137 31 67
-0.0036398 10 30 10 10 662 137 31 67
-0.00363742 10 35 10 10 662 137 31 67
-0.00363555 10 40 10 10 662 137 31 67
-0.00363867 10 45 10 10 662 137 31 67
-0.00363892 10 50 10 10 662 137 31 67
-0.00363592 10 55 10 10 662 137 31 67
-0.00363888 15 0 10 10 662 137 31 67
-0.00363958 15 5 10 10 662 137 31 67
-0.00363974 15 10 10 10 662 137 31 67
-0.00363833 15 15 10 10 662 137 31 67
-0.00288761 15 20 10 10 662 137 31 67
-0.00363857 15 25 10 10 662 137 31 67
-0.00363975 15 30 10 10 662 137 31 67
-0.0036389 15 35 10 10 662 137 31 67
-0.00363398 15 40 10 10 662 137 31 67
-0.00363827 15 45 10 10 662 137 31 67
-0.00363945 15 50 10 10 662 137 31 67
-0.0036392 15 55 10 10 662 137 31 67
-0.00363951 20 0 10 10 662 137 31 67
-0.00363967 20 5 10 10 662 137 31 67
-0.00363831 20 10 10 10 662 137 31 67
-0.0036392 20 15 10 10 662 137 31 67
-0.00363937 20 20 10 10 662 137 31 67
-0.00363936 20 25 10 10 662 137 31 67
-0.00363744 20 30 10 10 662 137 31 67
-0.00363961 20 35 10 10 662 137 31 67
-0.00363923 20 40 10 10 662 137 31 67
-0.00363675 20 45 10 10 662 137 31 67
-0.00363246 20 50 10 10 662 137 31 67
-0.00363515 20 55 10 10 662 137 31 67
-0.0036348 0 0 10 10 662 137 31 67
-0.00363908 0 5 10 10 662 137 31 67
-0.00363982 0 10 10 10 662 137 31 67
-0.00363887 0 15 10 10 662 137 31 67
-0.00363412 0 20 10 10 662 137 31 67
-0.00363816 0 25 10 10 662 137 31 67
-0.00363754 0 30 10 10 662 137 31 67
-0.0036352 0 35 10 10 662 137 31 67
-0.00363838 0 40 10 10 662 137 31 67
-0.00363364 0 45 10 10 662 137 31 67
-0.00363704 0 50 10 10 662 137 31 67
-0.0036318 0 55 10 10 662 137 31 67
-0.00363958 5 0 10 10 662 137 31 67
-0.00363966 5 5 10 10 662 137 31 67
-0.00363964 5 10 10 10 662 137 31 67
-0.00363898 5 15 10 10 662 137 31 67
-0.00362907 5 20 10 10 662 137 31 67
-0.00363471 5 25 10 10 662 137 31 67
-0.00363918 5 30 10 10 662 137 31 67
-0.00363792 5 35 10 10 662 137 31 67
-0.00363611 5 40 10 10 662 137 31 67
-0.00362648 5 45 10 10 662 137 31 67
-0.00363393 5 50 10 10 662 137 31 67
-0.00363203 5 55 10 10 662 137 31 67
-0.00363989 10 0 10 10 662 137 31 67
-0.0036359 10 5 10 10 662 137 31 67
-0.00363404 10 10 10 10 662 137 31 67
-0.00363072 10 15 10 10 662 137 31 67
-0.00139648 10 20 10 10 662 137 31 67
-0.00363227 10 25 10 10 662 137 31 67
-0.00363848 10 30 10 10 662 137 31 67
-0.00363905 10 35 10 10 662 137 31 67
-0.00363958 10 40 10 10 662 137 31 67
-0.00363971 10 45 10 10 662 137 31 67
-0.00363955 10 50 10 10 662 137 31 67
-0.00363738 10 55 10 10 662 137 31 67
-0.00362997 15 0 10 10 662 137 31 67
-0.00363239 15 5 10 10 662 137 31 67
-0.00363788 15 10 10 10 662 137 31 67
-0.00363662 15 15 10 10 662 137 31 67
-0.0017622 15 20 10 10 662 137 31 67
-0.00363732 15 25 10 10 662 137 31 67
-0.00363928 15 30 10 10 662 137 31 67
-0.00363959 15 35 10 10 662 137 31 67
-0.00363892 15 40 10 10 662 137 31 67
-0.00363743 15 45 10 10 662 137 31 67
-0.0036395 15 50 10 10 662 137 31 67
-0.00363991 15 55 10 10 662 137 31 67
-0.00363563 20 0 10 10 662 137 31 67
-0.00363069 20 5 10 10 662 137 31 67
-0.00363526 20 10 10 10 662 137 31 67
-0.00363816 20 15 10 10 662 137 31 67
-0.0036325 20 20 10 10 662 137 31 67
-0.00363356 20 25 10 10 662 137 31 67
-0.00363844 20 30 10 10 662 137 31 67
-0.00363983 20 35 10 10 662 137 31 67
-0.00363967 20 40 10 10 662 137 31 67
-0.00363937 20 45 10 10 662 137 31 67
-0.00363951 20 50 10 10 662 137 31 67
-0.00363956 20 55 10 10 662 137 31 67
-0.00363867 0 0 10 10 662 137 31 67
-0.00363899 0 5 10 10 662 137 31 67
-0.00363548 0 10 10 10 662 137 31 67
-0.00363915 0 15 10 10 662 137 31 67
-0.00363947 0 20 10 10 662 137 31 67
-0.0036389 0 25 10 10 662 137 31 67
-0.00363621 0 30 10 10 662 137 31 67
-0.00363832 0 35 10 10 662 137 31 67
-0.0036383 0 40 10 10 662 137 31 67
-0.00363817 0 45 10 10 662 137 31 67
-0.00363534 0 50 10 10 662 137 31 67
-0.00363411 0 55 10 10 662 137 31 67
-0.00363902 5 0 10 10 662 137 31 67
-0.00363889 5 5 10 10 662 137 31 67
-0.00363921 5 10 10 10 662 137 31 67
-0.0036398 5 15 10 10 662 137 31 67
-0.00363886 5 20 10 10 662 137 31 67
-0.00364003 5 25 10 10 662 137 31 67
-0.00363948 5 30 10 10 662 137 31 67
-0.00363343 5 35 10 10 662 137 31 67
-0.00363469 5 40 10 10 662 137 31 67
-0.00363647 5 45 10 10 662 137 31 67
-0.00363608 5 50 10 10 662 137 31 67
-0.00363467 5 55 10 10 662 137 31 67
-0.00363969 10 0 10 10 662 137 31 67
-0.00363984 10 5 10 10 662 137 31 67
-0.00363815 10 10 10 10 662 137 31 67
-0.00363635 10 15 10 10 662 137 31 67
-0.00157265 10 20 10 10 662 137 31 67
-0.0036375 10 25 10 10 662 137 31 67
-0.00363987 10 30 10 10 662 137 31 67
-0.00363969 10 35 10 10 662 137 31 67
-0.00363782 10 40 10 10 662 137 31 67
-0.00363738 10 45 10 10 662 137 31 67
-0.00363878 10 50 10 10 662 137 31 67
-0.00363435 10 55 10 10 662 137 31 67
-0.00363962 15 0 10 10 662 137 31 67
-0.00363954 15 5 10 10 662 137 31 67
-0.00363469 15 10 10 10 662 137 31 67
-0.00363652 15 15 10 10 662 137 31 67
-0.00363347 15 20 10 10 662 137 31 67
-0.00362599 15 25 10 10 662 137 31 67
-0.00363854 15 30 10 10 662 137 31 67
-0.00363989 15 35 10 10 662 137 31 67
-0.00363841 15 40 10 10 662 137 31 67
-0.00363724 15 45 10 10 662 137 31 67
-0.00363911 15 50 10 10 662 137 31 67
-0.00363898 15 55 10 10 662 137 31 67
-0.00363899 20 0 10 10 662 137 31 67
-0.00363796 20 5 10 10 662 137 31 67
-0.0036395 20 10 10 10 662 137 31 67
-0.00363962 20 15 10 10 662 137 31 67
-0.00363975 20 20 10 10 662 137 31 67
-0.00363481 20 25 10 10 662 137 31 67
-0.00363704 20 30 10 10 662 137 31 67
-0.00363887 20 35 10 10 662 137 31 67
-0.0036391 20 40 10 10 662 137 31 67
-0.00363863 20 45 10 10 662 137 31 67
-0.00363662 20 50 10 10 662 137 31 67
-0.00363913 20 55 10 10 662 137 31 67
-0.00363979 0 0 10 10 662 137 31 67
-0.00363984 0 5 10 10 662 137 31 67
-0.00363899 0 10 10 10 662 137 31 67
-0.00363611 0 15 10 10 662 137 31 67
-0.00363215 0 20 10 10 662 137 31 67
-0.00363869 0 25 10 10 662 137 31 67
-0.00363755 0 30 10 10 662 137 31 67
-0.00363721 0 35 10 10 662 137 31 67
-0.00363369 0 40 10 10 662 137 31 67
-0.00363816 0 45 10 10 662 137 31 67
-0.00363965 0 50 10 10 662 137 31 67
-0.0036396 0 55 10 10 662 137 31 67
-0.00363662 5 0 10 10 662 137 31 67
-0.00363893 5 5 10 10 662 137 31 67
-0.00363969 5 10 10 10 662 137 31 67
-0.00363808 5 15 10 10 662 137 31 67
-0.00363864 5 20 10 10 662 137 31 67
-0.00363977 5 25 10 10 662 137 31 67
-0.0036385 5 30 10 10 662 137 31 67
-0.0036272 5 35 10 10 662 137 31 67
-0.0036371 5 40 10 10 662 137 31 67
-0.0036367 5 45 10 10 662 137 31 67
-0.00363862 5 50 10 10 662 137 31 67
-0.00363916 5 55 10 10 662 137 31 67
-0.003639 10 0 10 10 662 137 31 67
-0.0036397 10 5 10 10 662 137 31 67
-0.00363996 10 10 10 10 662 137 31 67
-0.00363792 10 15 10 10 662 137 31 67
-0.00363443 10 20 10 10 662 137 31 67
-0.00363719 10 25 10 10 662 137 31 67
-0.0036399 10 30 10 10 662 137 31 67
-0.00363994 10 35 10 10 662 137 31 67
-0.00363973 10 40 10 10 662 137 31 67
-0.00363888 10 45 10 10 662 137 31 67
-0.00363549 10 50 10 10 662 137 31 67
-0.00363899 10 55 10 10 662 137 31 67
-0.00363961 15 0 10 10 662 137 31 67
-0.00363987 15 5 10 10 662 137 31 67
-0.00363969 15 10 10 10 662 137 31 67
-0.00363034 15 15 10 10 662 137 31 67
-0.00363428 15 20 10 10 662 137 31 67
-0.00363168 15 25 10 10 662 137 31 67
-0.00363768 15 30 10 10 662 137 31 67
-0.00363982 15 35 10 10 662 137 31 67
-0.0036398 15 40 10 10 662 137 31 67
-0.00363936 15 45 10 10 662 137 31 67
-0.00363895 15 50 10 10 662 137 31 67
-0.00363934 15 55 10 10 662 137 31 67
-0.00363812 20 0 10 10 662 137 31 67
-0.00363932 20 5 10 10 662 137 31 67
-0.00363982 20 10 10 10 662 137 31 67
-0.00363966 20 15 10 10 662 137 31 67
-0.00363975 20 20 10 10 662 137 31 67
-0.00363957 20 25 10 10 662 137 31 67
-0.00363989 20 30 10 10 662 137 31 67
-0.00363893 20 35 10 10 662 137 31 67
-0.00363813 20 40 10 10 662 137 31 67
-0.00363691 20 45 10 10 662 137 31 67
-0.00362998 20 50 10 10 662 137 31 67
-0.00363398 20 55 10 10 662 137 31 67
-0.00362631 0 0 12 14 662 137 31 67
-0.00363763 0 7 12 14 662 137 31 67
-0.00363777 0 14 12 14 662 137 31 67
-0.00363651 0 21 12 14 662 137 31 67
-0.00363509 0 28 12 14 662 137 31 67
-0.00362876 0 35 12 14 662 137 31 67
-0.00362465 0 42 12 14 662 137 31 67
-0.00363758 0 49 12 14 662 137 31 67
-0.00363832 6 0 12 14 662 137 31 67
-0.00363965 6 7 12 14 662 137 31 67
-0.00363905 6 14 12 14 662 137 31 67
-0.00363713 6 21 12 14 662 137 31 67
-0.00363909 6 28 12 14 662 137 31 67
-0.00363827 6 35 12 14 662 137 31 67
-0.00362682 6 42 12 14 662 137 31 67
-0.00363649 6 49 12 14 662 137 31 67
-0.0036396 12 0 12 14 662 137 31 67
-0.00363972 12 7 12 14 662 137 31 67
-0.00363227 12 14 12 14 662 137 31 67
-0.00363036 12 21 12 14 662 137 31 67
-0.00363943 12 28 12 14 662 137 31 67
-0.00363904 12 35 12 14 662 137 31 67
-0.0036298 12 42 12 14 662 137 31 67
-0.00363693 12 49 12 14 662 137 31 67
-0.00363923 18 0 12 14 662 137 31 67
-0.00363959 18 7 12 14 662 137 31 67
-0.00363916 18 14 12 14 662 137 31 67
-0.0036375 18 21 12 14 662 137 31 67
-0.00363786 18 28 12 14 662 137 31 67
-0.00363711 18 35 12 14 662 137 31 67
-0.00363336 18 42 12 14 662 137 31 67
-0.00363632 18 49 12 14 662 137 31 67
-0.00363953 0 0 12 14 662 137 31 67
-0.0036398 0 7 12 14 662 137 31 67
-0.00363977 0 14 12 14 662 137 31 67
-0.00363476 0 21 12 14 662 137 31 67
-0.00363994 0 28 12 14 662 137 31 67
-0.00363993 0 35 12 14 662 137 31 67
-0.00363995 0 42 12 14 662 137 31 67
-0.00363805 0 49 12 14 662 137 31 67
-0.00363797 6 0 12 14 662 137 31 67
-0.00363774 6 7 12 14 662 137 31 67
-0.00363526 6 14 12 14 662 137 31 67
-0.00347935 6 21 12 14 662 137 31 67
-0.00363225 6 28 12 14 662 137 31 67
-0.00363543 6 35 12 14 662 137 31 67
-0.00362721 6 42 12 14 662 137 31 67
-0.00225865 6 49 12 14 662 137 31 67
-0.00363038 12 0 12 14 662 137 31 67
-0.00363627 12 7 12 14 662 137 31 67
-0.00362361 12 14 12 14 662 137 31 67
-0.00363358 12 21 12 14 662 137 31 67
-0.00362891 12 28 12 14 662 137 31 67
-0.0036304 12 35 12 14 662 137 31 67
-0.00363652 12 42 12 14 662 137 31 67
-0.00363756 12 49 12 14 662 137 31 67
-0.00362897 18 0 12 14 662 137 31 67
-0.00363241 18 7 12 14 662 137 31 67
-0.00363265 18 14 12 14 662 137 31 67
-0.00232217 18 21 12 14 662 137 31 67
-0.00363462 18 28 12 14 662 137 31 67
-0.00363924 18 35 12 14 662 137 31 67
-0.00363946 18 42 12 14 662 137 31 67
-0.00363964 18 49 12 14 662 137 31 67
-0.00362693 0 0 12 14 662 137 31 67
-0.00363652 0 7 12 14 662 137 31 67
-0.00363707 0 14 12 14 662 137 31 67
-0.00363913 0 21 12 14 662 137 31 67
-0.00363935 0 28 12 14 662 137 31 67
-0.00363349 0 35 12 14 662 137 31 67
-0.00363761 0 42 12 14 662 137 31 67
-0.00362955 0 49 12 14 662 137 31 67
-0.00363074 6 0 12 14 662 137 31 67
-0.00363553 6 7 12 14 662 137 31 67
-0.00363792 6 14 12 14 662 137 31 67
-0.00363858 6 21 12 14 662 137 31 67
-0.00363758 6 28 12 14 662 137 31 67
-0.00363995 6 35 12 14 662 137 31 67
-0.00363998 6 42 12 14 662 137 31 67
-0.00363926 6 49 12 14 662 137 31 67
-0.00363838 12 0 12 14 662 137 31 67
-0.00363838 12 7 12 14 662 137 31 67
-0.00363722 12 14 12 14 662 137 31 67
-0.00312752 12 21 12 14 662 137 31 67
-0.00363998 12 28 12 14 662 137 31 67
-0.00363808 12 35 12 14 662 137 31 67
-0.00363906 12 42 12 14 662 137 31 67
-0.00364002 12 49 12 14 662 137 31 67
-0.00363917 18 0 12 14 662 137 31 67
-0.00363996 18 7 12 14 662 137 31 67
-0.00363992 18 14 12 14 662 137 31 67
-0.00363825 18 21 12 14 662 137 31 67
-0.00363994 18 28 12 14 662 137 31 67
-0.0036382 18 35 12 14 662 137 31 67
-0.00363844 18 42 12 14 662 137 31 67
-0.00363985 18 49 12 14 662 137 31 67
-0.00226443 0 0 12 14 662 137 31 67
-0.0036297 0 7 12 14 662 137 31 67
-0.00362625 0 14 12 14 662 137 31 67
-0.00362466 0 21 12 14 662 137 31 67
-0.00140701 0 28 12 14 662 137 31 67
-0.00257828 0 35 12 14 662 137 31 67
-0.00362456 0 42 12 14 662 137 31 67
-0.00216673 0 49 12 14 662 137 31 67
-0.00219767 6 0 12 14 662 137 31 67
-0.00309752 6 7 12 14 662 137 31 67
-0.00363133 6 14 12 14 662 137 31 67
-0.00363604 6 21 12 14 662 137 31 67
-0.00363739 6 28 12 14 662 137 31 67
-0.00363836 6 35 12 14 662 137 31 67
-0.00363585 6 42 12 14 662 137 31 67
-0.0030676 6 49 12 14 662 137 31 67
-0.00363447 12 0 12 14 662 137 31 67
-0.00362977 12 7 12 14 662 137 31 67
-0.00363702 12 14 12 14 662 137 31 67
-0.00363674 12 21 12 14 662 137 31 67
-0.00363874 12 28 12 14 662 137 31 67
-0.00363999 12 35 12 14 662 137 31 67
-0.00363385 12 42 12 14 662 137 31 67
-0.00363004 12 49 12 14 662 137 31 67
-0.00363142 18 0 12 14 662 137 31 67
-0.00363171 18 7 12 14 662 137 31 67
-0.00362983 18 14 12 14 662 137 31 67
-0.00189677 18 21 12 14 662 137 31 67
-0.00363881 18 28 12 14 662 137 31 67
-0.00364001 18 35 12 14 662 137 31 67
-0.00363414 18 42 12 14 662 137 31 67
-0.00362884 18 49 12 14 662 137 31 67
-0.00363798 0 0 12 14 662 137 31 67
-0.00363642 0 7 12 14 662 137 31 67
-0.00363676 0 14 12 14 662 137 31 67
-0.00363866 0 21 12 14 662 137 31 67
-0.00363855 0 28 12 14 662 137 31 67
-0.00363958 0 35 12 14 662 137 31 67
-0.00363609 0 42 12 14 662 137 31 67
-0.00363906 0 49 12 14 662 137 31 67
-0.00363687 6 0 12 14 662 137 31 67
-0.00363971 6 7 12 14 662 137 31 67
-0.00363801 6 14 12 14 662 137 31 67
-0.0036297 6 21 12 14 662 137 31 67
-0.00363877 6 28 12 14 662 137 31 67
-0.00363966 6 35 12 14 662 137 31 67
-0.00363766 6 42 12 14 662 137 31 67
-0.00363592 6 49 12 14 662 137 31 67
-0.00363929 12 0 12 14 662 137 31 67
-0.00363986 12 7 12 14 662 137 31 67
-0.00186051 12 14 12 14 662 137 31 67
-0.00363534 12 21 12 14 662 137 31 67
-0.00363948 12 28 12 14 662 137 31 67
-0.0036398 12 35 12 14 662 137 31 67
-0.00363903 12 42 12 14 662 137 31 67
-0.00363632 12 49 12 14 662 137 31 67
-0.00363782 18 0 12 14 662 137 31 67
-0.00363984 18 7 12 14 662 137 31 67
-0.00363827 18 14 12 14 662 137 31 67
-0.00363905 18 21 12 14 662 137 31 67
-0.00363304 18 28 12 14 662 137 31 67
-0.00363459 18 35 12 14 662 137 31 67
-0.00363629 18 42 12 14 662 137 31 67
-0.00363691 18 49 12 14 662 137 31 67
-0.0036383 0 0 12 14 662 137 31 67
-0.00362987 0 7 12 14 662 137 31 67
-0.00363585 0 14 12 14 662 137 31 67
-0.00363862 0 21 12 14 662 137 31 67
-0.0036388 0 28 12 14 662 137 31 67
-0.00363857 0 35 12 14 662 137 31 67
-0.00363617 0 42 12 14 662 137 31 67
-0.00363915 0 49 12 14 662 137 31 67
-0.00363821 6 0 12 14 662 137 31 67
-0.00363907 6 7 12 14 662 137 31 67
-0.00363873 6 14 12 14 662 137 31 67
-0.00363294 6 21 12 14 662 137 31 67
-0.00363846 6 28 12 14 662 137 31 67
-0.00363818 6 35 12 14 662 137 31 67
-0.00362365 6 42 12 14 662 137 31 67
-0.00363893 6 49 12 14 662 137 31 67
-0.00363965 12 0 12 14 662 137 31 67
-0.00363946 12 7 12 14 662 137 31 67
-0.00276537 12 14 12 14 662 137 31 67
-0.00362755 12 21 12 14 662 137 31 67
-0.00363922 12 28 12 14 662 137 31 67
-0.00363757 12 35 12 14 662 137 31 67
-0.00363523 12 42 12 14 662 137 31 67
-0.00363791 12 49 12 14 662 137 31 67
-0.0036395 18 0 12 14 662 137 31 67
-0.00363911 18 7 12 14 662 137 31 67
-0.00363846 18 14 12 14 662 137 31 67
-0.00363816 18 21 12 14 662 137 31 67
-0.00363619 18 28 12 14 662 137 31 67
-0.00363543 18 35 12 14 662 137 31 67
-0.00363613 18 42 12 14 662 137 31 67
-0.0036367 18 49 12 14 662 137 31 67
-0.00363458 0 0 12 14 662 137 31 67
-0.0036383 0 7 12 14 662 137 31 67
-0.0036387 0 14 12 14 662 137 31 67
-0.00363829 0 21 12 14 662 137 31 67
-0.0036391 0 28 12 14 662 137 31 67
-0.00363272 0 35 12 14 662 137 31 67
-0.00363854 0 42 12 14 662 137 31 67
-0.00363356 0 49 12 14 662 137 31 67
-0.00363843 6 0 12 14 662 137 31 67
-0.00363924 6 7 12 14 662 137 31 67
-0.00363925 6 14 12 14 662 137 31 67
-0.00363572 6 21 12 14 662 137 31 67
-0.00363957 6 28 12 14 662 137 31 67
-0.00362935 6 35 12 14 662 137 31 67
-0.00363917 6 42 12 14 662 137 31 67
-0.00363744 6 49 12 14 662 137 31 67
-0.0036393 12 0 12 14 662 137 31 67
-0.00363971 12 7 12 14 662 137 31 67
-0.00363829 12 14 12 14 662 137 31 67
-0.0036373 12 21 12 14 662 137 31 67
-0.00363956 12 28 12 14 662 137 31 67
-0.00363577 12 35 12 14 662 137 31 67
-0.00363711 12 42 12 14 662 137 31 67
-0.00363938 12 49 12 14 662 137 31 67
-0.0036395 18 0 12 14 662 137 31 67
-0.00363918 18 7 12 14 662 137 31 67
-0.00363899 18 14 12 14 662 137 31 67
-0.00363883 18 21 12 14 662 137 31 67
-0.00363759 18 28 12 14 662 137 31 67
-0.0036389 18 35 12 14 662 137 31 67
-0.00363404 18 42 12 14 662 137 31 67
-0.00363514 18 49 12 14 662 137 31 67
-0.00363756 0 0 12 14 662 137 31 67
-0.00363969 0 7 12 14 662 137 31 67
-0.00363845 0 14 12 14 662 137 31 67
-0.00363538 0 21 12 14 662 137 31 67
-0.00363637 0 28 12 14 662 137 31 67
-0.00363147 0 35 12 14 662 137 31 67
-0.00294727 0 42 12 14 662 137 31 67
-0.00363342 0 49 12 14 662 137 31 67
-0.00363983 6 0 12 14 662 137 31 67
-0.00363968 6 7 12 14 662 137 31 67
-0.0036385 6 14 12 14 662 137 31 67
-0.00222799 6 21 12 14 662 137 31 67
-0.00363721 6 28 12 14 662 137 31 67
-0.00363275 6 35 12 14 662 137 31 67
-0.00363553 6 42 12 14 662 137 31 67
-0.00362771 6 49 12 14 662 137 31 67
-0.00363814 12 0 12 14 662 137 31 67
-0.00363661 12 7 12 14 662 137 31 67
-0.00363468 12 14 12 14 662 137 31 67
-0.00363438 12 21 12 14 662 137 31 67
-0.0036389 12 28 12 14 662 137 31 67
-0.0036392 12 35 12 14 662 137 31 67
-0.00363546 12 42 12 14 662 137 31 67
-0.00363948 12 49 12 14 662 137 31 67
-0.00363327 18 0 12 14 662 137 31 67
-0.00363411 18 7 12 14 662 137 31 67
-0.00363591 18 14 12 14 662 137 31 67
-0.00363193 18 21 12 14 662 137 31 67
-0.00363826 18 28 12 14 662 137 31 67
-0.00363948 18 35 12 14 662 137 31 67
-0.0036369 18 42 12 14 662 137 31 67
-0.00363915 18 49 12 14 662 137 31 67
-0.00363862 0 0 12 14 662 137 31 67
-0.00363842 0 7 12 14 662 137 31 67
-0.0036382 0 14 12 14 662 137 31 67
-0.0036388 0 21 12 14 662 137 31 67
-0.0036351 0 28 12 14 662 137 31 67
-0.00363375 0 35 12 14 662 137 31 67
-0.00363478 0 42 12 14 662 137 31 67
-0.0036288 0 49 12 14 662 137 31 67
-0.00363921 6 0 12 14 662 137 31 67
-0.00363951 6 7 12 14 662 137 31 67
-0.00363932 6 14 12 14 662 137 31 67
-0.00363935 6 21 12 14 662 137 31 67
-0.00363941 6 28 12 14 662 137 31 67
-0.00363835 6 35 12 14 662 137 31 67
-0.00363818 6 42 12 14 662 137 31 67
-0.0036362 6 49 12 14 662 137 31 67
-0.00363968 12 0 12 14 662 137 31 67
-0.00363931 12 7 12 14 662 137 31 67
-0.00363368 12 14 12 14 662 137 31 67
-0.00359481 12 21 12 14 662 137 31 67
-0.00363944 12 28 12 14 662 137 31 67
-0.00363926 12 35 12 14 662 137 31 67
-0.00362741 12 42 12 14 662 137 31 67
-0.00363856 12 49 12 14 662 137 31 67
-0.00363805 18 0 12 14 662 137 31 67
-0.00363897 18 7 12 14 662 137 31 67
-0.00363942 18 14 12 14 662 137 31 67
-0.00363849 18 21 12 14 662 137 31 67
-0.00363863 18 28 12 14 662 137 31 67
-0.00363924 18 35 12 14 662 137 31 67
-0.00363885 18 42 12 14 662 137 31 67
-0.00363566 18 49 12 14 662 137 31 67
-0.00363755 0 0 12 14 662 137 31 67
-0.00363755 0 7 12 14 662 137 31 67
-0.00363604 0 14 12 14 662 137 31 67
-0.00363758 0 21 12 14 662 137 31 67
-0.00363391 0 28 12 14 662 137 31 67
-0.00362943 0 35 12 14 662 137 31 67
-0.00362874 0 42 12 14 662 137 31 67
-0.00363911 0 49 12 14 662 137 31 67
-0.00363701 6 0 12 14 662 137 31 67
-0.00363952 6 7 12 14 662 137 31 67
-0.00363782 6 14 12 14 662 137 31 67
-0.00363969 6 21 12 14 662 137 31 67
-0.00363848 6 28 12 14 662 137 31 67
-0.00363749 6 35 12 14 662 137 31 67
-0.00363569 6 42 12 14 662 137 31 67
-0.00363386 6 49 12 14 662 137 31 67
-0.00363963 12 0 12 14 662 137 31 67
-0.00363967 12 7 12 14 662 137 31 67
-0.00362932 12 14 12 14 662 137 31 67
-0.0023858 12 21 12 14 662 137 31 67
-0.00363519 12 28 12 14 662 137 31 67
-0.00363983 12 35 12 14 662 137 31 67
-0.00363905 12 42 12 14 662 137 31 67
-0.00363072 12 49 12 14 662 137 31 67
-0.00363927 18 0 12 14 662 137 31 67
-0.00363968 18 7 12 14 662 137 31 67
-0.00363957 18 14 12 14 662 137 31 67
-0.00363913 18 21 12 14 662 137 31 67
-0.00363945 18 28 12 14 662 137 31 67
-0.00363672 18 35 12 14 662 137 31 67
-0.00363752 18 42 12 14 662 137 31 67
-0.0036383 18 49 12 14 662 137 31 67
-0.0036375 0 0 20 19 662 137 31 67
-0.00363879 0 9 20 19 662 137 31 67
-0.00363472 0 18 20 19 662 137 31 67
-0.00363787 0 27 20 19 662 137 31 67
-0.00363194 0 36 20 19 662 137 31 67
-0.00363026 0 45 20 19 662 137 31 67
-0.0036395 10 0 20 19 662 137 31 67
-0.00363911 10 9 20 19 662 137 31 67
-0.00363529 10 18 20 19 662 137 31 67
-0.00363879 10 27 20 19 662 137 31 67
-0.00363412 10 36 20 19 662 137 31 67
-0.00362803 10 45 20 19 662 137 31 67
-0.00363772 0 0 20 19 662 137 31 67
-0.00363609 0 9 20 19 662 137 31 67
-0.00362445 0 18 20 19 662 137 31 67
-0.00363478 0 27 20 19 662 137 31 67
-0.00363591 0 36 20 19 662 137 31 67
-0.00333426 0 45 20 19 662 137 31 67
-0.00248387 10 0 20 19 662 137 31 67
-0.0036291 10 9 20 19 662 137 31 67
-0.00324617 10 18 20 19 662 137 31 67
-0.00241908 10 27 20 19 662 137 31 67
-0.00363443 10 36 20 19 662 137 31 67
-0.00363013 10 45 20 19 662 137 31 67
-0.0032167 0 0 20 19 662 137 31 67
-0.00251539 0 9 20 19 662 137 31 67
-0.0036368 0 18 20 19 662 137 31 67
-0.00363944 0 27 20 19 662 137 31 67
-0.00364005 0 36 20 19 662 137 31 67
-0.00363998 0 45 20 19 662 137 31 67
-0.00363946 10 0 20 19 662 137 31 67
-0.00363975 10 9 20 19 662 137 31 67
-0.00363656 10 18 20 19 662 137 31 67
-0.00363979 10 27 20 19 662 137 31 67
-0.00330516 10 36 20 19 662 137 31 67
-0.00363975 10 45 20 19 662 137 31 67
-0.00179552 0 0 20 19 662 137 31 67
-0.00362995 0 9 20 19 662 137 31 67
-0.00363332 0 18 20 19 662 137 31 67
-0.00363582 0 27 20 19 662 137 31 67
-0.00363773 0 36 20 19 662 137 31 67
-0.00353707 0 45 20 19 662 137 31 67
-0.00362648 10 0 20 19 662 137 31 67
-0.00363439 10 9 20 19 662 137 31 67
-0.00362844 10 18 20 19 662 137 31 67
-0.00363905 10 27 20 19 662 137 31 67
-0.00363914 10 36 20 19 662 137 31 67
-0.00193321 10 45 20 19 662 137 31 67
-0.00362654 0 0 20 19 662 137 31 67
-0.00363787 0 9 20 19 662 137 31 67
-0.00363785 0 18 20 19 662 137 31 67
-0.00363958 0 27 20 19 662 137 31 67
-0.0036384 0 36 20 19 662 137 31 67
-0.00315727 0 45 20 19 662 137 31 67
-0.00363865 10 0 20 19 662 137 31 67
-0.00363982 10 9 20 19 662 137 31 67
-0.00363692 10 18 20 19 662 137 31 67
-0.00363779 10 27 20 19 662 137 31 67
-0.00363709 10 36 20 19 662 137 31 67
-0.00273433 10 45 20 19 662 137 31 67
-0.00362968 0 0 20 19 662 137 31 67
-0.0036321 0 9 20 19 662 137 31 67
-0.00363723 0 18 20 19 662 137 31 67
-0.00363784 0 27 20 19 662 137 31 67
-0.00362833 0 36 20 19 662 137 31 67
-0.00363657 0 45 20 19 662 137 31 67
-0.00363951 10 0 20 19 662 137 31 67
-0.00363763 10 9 20 19 662 137 31 67
-0.00363279 10 18 20 19 662 137 31 67
-0.00363742 10 27 20 19 662 137 31 67
-0.00210407 10 36 20 19 662 137 31 67
-0.0036361 10 45 20 19 662 137 31 67
-0.00363637 0 0 20 19 662 137 31 67
-0.00363928 0 9 20 19 662 137 31 67
-0.00363739 0 18 20 19 662 137 31 67
-0.00363388 0 27 20 19 662 137 31 67
-0.00362784 0 36 20 19 662 137 31 67
-0.00363724 0 45 20 19 662 137 31 67
-0.00363934 10 0 20 19 662 137 31 67
-0.00363811 10 9 20 19 662 137 31 67
-0.00363731 10 18 20 19 662 137 31 67
-0.00363775 10 27 20 19 662 137 31 67
-0.00362631 10 36 20 19 662 137 31 67
-0.00362826 10 45 20 19 662 137 31 67
-0.00363907 0 0 20 19 662 137 31 67
-0.00363914 0 9 20 19 662 137 31 67
-0.0036323 0 18 20 19 662 137 31 67
-0.0036353 0 27 20 19 662 137 31 67
-0.00363792 0 36 20 19 662 137 31 67
-0.00363514 0 45 20 19 662 137 31 67
-0.0036388 10 0 20 19 662 137 31 67
-0.00362791 10 9 20 19 662 137 31 67
-0.00362655 10 18 20 19 662 137 31 67
-0.00363908 10 27 20 19 662 137 31 67
-0.00363501 10 36 20 19 662 137 31 67
-0.00363444 10 45 20 19 662 137 31 67
-0.00363922 0 0 20 19 662 137 31 67
-0.00363604 0 9 20 19 662 137 31 67
-0.00363535 0 18 20 19 662 137 31 67
-0.00363843 0 27 20 19 662 137 31 67
-0.00345045 0 36 20 19 662 137 31 67
-0.00363395 0 45 20 19 662 137 31 67
-0.00363913 10 0 20 19 662 137 31 67
-0.00363744 10 9 20 19 662 137 31 67
-0.00363559 10 18 20 19 662 137 31 67
-0.00363935 10 27 20 19 662 137 31 67
-0.00363293 10 36 20 19 662 137 31 67
-0.00363376 10 45 20 19 662 137 31 67
-0.00363743 0 0 20 19 662 137 31 67
-0.00363826 0 9 20 19 662 137 31 67
-0.00363719 0 18 20 19 662 137 31 67
-0.00363823 0 27 20 19 662 137 31 67
-0.00363141 0 36 20 19 662 137 31 67
-0.003625 0 45 20 19 662 137 31 67
-0.00363915 10 0 20 19 662 137 31 67
-0.00363956 10 9 20 19 662 137 31 67
-0.00363751 10 18 20 19 662 137 31 67
-0.00363715 10 27 20 19 662 137 31 67
-0.00363721 10 36 20 19 662 137 31 67
-0.00260897 10 45 20 19 662 137 31 67
-0.00363755 0 0 31 33 662 137 31 67
-0.00363238 0 16 31 33 662 137 31 67
-0.00136568 0 32 31 33 662 137 31 67
-0.00363119 0 0 31 33 662 137 31 67
-0.00300754 0 16 31 33 662 137 31 67
-0.00143287 0 32 31 33 662 137 31 67
-0.00363754 0 0 31 33 662 137 31 67
-0.00363169 0 16 31 33 662 137 31 67
-0.00279609 0 32 31 33 662 137 31 67
-0.00270302 0 0 31 33 662 137 31 67
-0.00362556 0 16 31 33 662 137 31 67
-0.00363658 0 32 31 33 662 137 31 67
-0.00363272 0 0 31 33 662 137 31 67
-0.00363746 0 16 31 33 662 137 31 67
-0.0570418 0 32 31 33 662 137 31 67
-0.00363574 0 0 31 33 662 137 31 67
-0.00362617 0 16 31 33 662 137 31 67
-0.00137606 0 32 31 33 662 137 31 67
-0.00363694 0 0 31 33 662 137 31 67
-0.00229012 0 16 31 33 662 137 31 67
-0.00172748 0 32 31 33 662 137 31 67
-0.00363855 0 0 31 33 662 137 31 67
-0.00363193 0 16 31 33 662 137 31 67
-0.00182781 0 32 31 33 662 137 31 67
-0.00363816 0 0 31 33 662 137 31 67
-0.00336326 0 16 31 33 662 137 31 67
-0.00153261 0 32 31 33 662 137 31 67
-0.00363722 0 0 31 33 662 137 31 67
-0.00363291 0 16 31 33 662 137 31 67
-0.0015704 0 32 31 33 662 137 31 67
-0.00342137 0 0 31 67 662 137 31 67
-0.00267181 0 0 31 67 662 137 31 67
-0.00363378 0 0 31 67 662 137 31 67
-0.00318693 0 0 31 67 662 137 31 67
-0.00146658 0 0 31 67 662 137 31 67
-0.00362567 0 0 31 67 662 137 31 67
-0.00362399 0 0 31 67 662 137 31 67
-0.0036322 0 0 31 67 662 137 31 67
-0.00362957 0 0 31 67 662 137 31 67
-0.00282692 0 0 31 67 662 137 31 67
