-0.000955777 0 0 6 5 327 306 21 31
-0.000955915 0 2 6 5 327 306 21 31
-0.000955964 0 4 6 5 327 306 21 31
-0.000955972 0 6 6 5 327 306 21 31
-0.000955957 0 8 6 5 327 306 21 31
-0.000955907 0 10 6 5 327 306 21 31
-0.000955781 0 12 6 5 327 306 21 31
-0.000955936 0 14 6 5 327 306 21 31
-0.000955966 0 16 6 5 327 306 21 31
-0.000955917 0 18 6 5 327 306 21 31
-0.000955882 3 0 6 5 327 306 21 31
-0.000955967 3 2 6 5 327 306 21 31
-0.000955981 3 4 6 5 327 306 21 31
-0.000955878 3 6 6 5 327 306 21 31
-0.000954696 3 8 6 5 327 306 21 31
-0.000953827 3 10 6 5 327 306 21 31
-0.000953056 3 12 6 5 327 306 21 31
-0.000955448 3 14 6 5 327 306 21 31
-0.000955905 3 16 6 5 327 306 21 31
-0.000955956 3 18 6 5 327 306 21 31
-0.000955879 6 0 6 5 327 306 21 31
-0.000955966 6 2 6 5 327 306 21 31
-0.000955991 6 4 6 5 327 306 21 31
-0.000955954 6 6 6 5 327 306 21 31
-0.000954517 6 8 6 5 327 306 21 31
-0.000952934 6 10 6 5 327 306 21 31
-0.000953487 6 12 6 5 327 306 21 31
-0.00095442 6 14 6 5 327 306 21 31
-0.000954819 6 16 6 5 327 306 21 31
-0.000955775 6 18 6 5 327 306 21 31
-0.000955882 9 0 6 5 327 306 21 31
-0.000955957 9 2 6 5 327 306 21 31
-0.000955991 9 4 6 5 327 306 21 31
-0.00095598 9 6 6 5 327 306 21 31
-0.000955424 9 8 6 5 327 306 21 31
-0.000954485 9 10 6 5 327 306 21 31
-0.000951799 9 12 6 5 327 306 21 31
-0.00094963 9 14 6 5 327 306 21 31
-0.000900246 9 16 6 5 327 306 21 31
-0.000954916 9 18 6 5 327 306 21 31
-0.000955873 12 0 6 5 327 306 21 31
-0.000955949 12 2 6 5 327 306 21 31
-0.000955989 12 4 6 5 327 306 21 31
-0.000955985 12 6 6 5 327 306 21 31
-0.000955675 12 8 6 5 327 306 21 31
-0.000955452 12 10 6 5 327 306 21 31
-0.000953789 12 12 6 5 327 306 21 31
-0.000954952 12 14 6 5 327 306 21 31
-0.000955644 12 16 6 5 327 306 21 31
-0.000955777 12 18 6 5 327 306 21 31
-0.000955668 15 0 6 5 327 306 21 31
-0.000955877 15 2 6 5 327 306 21 31
-0.000955951 15 4 6 5 327 306 21 31
-0.000955962 15 6 6 5 327 306 21 31
-0.000955881 15 8 6 5 327 306 21 31
-0.000955801 15 10 6 5 327 306 21 31
-0.000955887 15 12 6 5 327 306 21 31
-0.000955954 15 14 6 5 327 306 21 31
-0.00095596 15 16 6 5 327 306 21 31
-0.00095595 15 18 6 5 327 306 21 31
-0.000955917 0 0 6 5 327 306 21 31
-0.00095556 0 2 6 5 327 306 21 31
-0.000952618 0 4 6 5 327 306 21 31
-0.000613318 0 6 6 5 327 306 21 31
-0.000949389 0 8 6 5 327 306 21 31
-0.000950839 0 10 6 5 327 306 21 31
-0.000649643 0 12 6 5 327 306 21 31
-0.000940108 0 14 6 5 327 306 21 31
-0.000954301 0 16 6 5 327 306 21 31
-0.000955471 0 18 6 5 327 306 21 31
-0.000955822 3 0 6 5 327 306 21 31
-0.000953897 3 2 6 5 327 306 21 31
-0.000951586 3 4 6 5 327 306 21 31
-0.000948717 3 6 6 5 327 306 21 31
-0.00092472 3 8 6 5 327 306 21 31
-0.000842416 3 10 6 5 327 306 21 31
-0.000591381 3 12 6 5 327 306 21 31
-0.000860912 3 14 6 5 327 306 21 31
-0.000953941 3 16 6 5 327 306 21 31
-0.00095437 3 18 6 5 327 306 21 31
-0.000955739 6 0 6 5 327 306 21 31
-0.000953356 6 2 6 5 327 306 21 31
-0.000952596 6 4 6 5 327 306 21 31
-0.000949272 6 6 6 5 327 306 21 31
-0.000948475 6 8 6 5 327 306 21 31
-0.000932437 6 10 6 5 327 306 21 31
-0.000715753 6 12 6 5 327 306 21 31
-0.000950701 6 14 6 5 327 306 21 31
-0.000953439 6 16 6 5 327 306 21 31
-0.000954113 6 18 6 5 327 306 21 31
-0.000954901 9 0 6 5 327 306 21 31
-0.000952765 9 2 6 5 327 306 21 31
-0.00095341 9 4 6 5 327 306 21 31
-0.000904482 9 6 6 5 327 306 21 31
-0.00094407 9 8 6 5 327 306 21 31
-0.000950727 9 10 6 5 327 306 21 31
-0.000950188 9 12 6 5 327 306 21 31
-0.000951792 9 14 6 5 327 306 21 31
-0.000952511 9 16 6 5 327 306 21 31
-0.000954026 9 18 6 5 327 306 21 31
-0.000955011 12 0 6 5 327 306 21 31
-0.000953566 12 2 6 5 327 306 21 31
-0.000954034 12 4 6 5 327 306 21 31
-0.000887269 12 6 6 5 327 306 21 31
-0.000822453 12 8 6 5 327 306 21 31
-0.000951857 12 10 6 5 327 306 21 31
-0.000952319 12 12 6 5 327 306 21 31
-0.000952496 12 14 6 5 327 306 21 31
-0.000951511 12 16 6 5 327 306 21 31
-0.000952646 12 18 6 5 327 306 21 31
-0.000955925 15 0 6 5 327 306 21 31
-0.000955723 15 2 6 5 327 306 21 31
-0.000955446 15 4 6 5 327 306 21 31
-0.000955089 15 6 6 5 327 306 21 31
-0.000954628 15 8 6 5 327 306 21 31
-0.000954599 15 10 6 5 327 306 21 31
-0.00095456 15 12 6 5 327 306 21 31
-0.000953658 15 14 6 5 327 306 21 31
-0.000954564 15 16 6 5 327 306 21 31
-0.000955495 15 18 6 5 327 306 21 31
-0.000955303 0 0 6 5 327 306 21 31
-0.000954975 0 2 6 5 327 306 21 31
-0.000953902 0 4 6 5 327 306 21 31
-0.000952532 0 6 6 5 327 306 21 31
-0.000953849 0 8 6 5 327 306 21 31
-0.000954473 0 10 6 5 327 306 21 31
-0.000953665 0 12 6 5 327 306 21 31
-0.000817195 0 14 6 5 327 306 21 31
-0.000950088 0 16 6 5 327 306 21 31
-0.000953833 0 18 6 5 327 306 21 31
-0.000955076 3 0 6 5 327 306 21 31
-0.000951168 3 2 6 5 327 306 21 31
-0.000916684 3 4 6 5 327 306 21 31
-0.000948909 3 6 6 5 327 306 21 31
-0.000949244 3 8 6 5 327 306 21 31
-0.000686998 3 10 6 5 327 306 21 31
-0.000606023 3 12 6 5 327 306 21 31
-0.000752198 3 14 6 5 327 306 21 31
-0.000671224 3 16 6 5 327 306 21 31
-0.000637658 3 18 6 5 327 306 21 31
-0.000954853 6 0 6 5 327 306 21 31
-0.000951253 6 2 6 5 327 306 21 31
-0.000827688 6 4 6 5 327 306 21 31
-0.000583499 6 6 6 5 327 306 21 31
-0.000656938 6 8 6 5 327 306 21 31
-0.000952334 6 10 6 5 327 306 21 31
-0.000954582 6 12 6 5 327 306 21 31
-0.000955048 6 14 6 5 327 306 21 31
-0.000954888 6 16 6 5 327 306 21 31
-0.000954751 6 18 6 5 327 306 21 31
-0.000951907 9 0 6 5 327 306 21 31
-0.000948696 9 2 6 5 327 306 21 31
-0.000801358 9 4 6 5 327 306 21 31
-0.000587952 9 6 6 5 327 306 21 31
-0.000954495 9 8 6 5 327 306 21 31
-0.000955678 9 10 6 5 327 306 21 31
-0.000955804 9 12 6 5 327 306 21 31
-0.00095581 9 14 6 5 327 306 21 31
-0.000955808 9 16 6 5 327 306 21 31
-0.000955744 9 18 6 5 327 306 21 31
-0.00139919 12 0 6 5 327 306 21 31
-0.000643724 12 2 6 5 327 306 21 31
-0.00060589 12 4 6 5 327 306 21 31
-0.000740723 12 6 6 5 327 306 21 31
-0.000955577 12 8 6 5 327 306 21 31
-0.000955936 12 10 6 5 327 306 21 31
-0.000955943 12 12 6 5 327 306 21 31
-0.00095582 12 14 6 5 327 306 21 31
-0.000955784 12 16 6 5 327 306 21 31
-0.000955843 12 18 6 5 327 306 21 31
-0.000947905 15 0 6 5 327 306 21 31
-0.000883019 15 2 6 5 327 306 21 31
-0.000865334 15 4 6 5 327 306 21 31
-0.000950339 15 6 6 5 327 306 21 31
-0.000955736 15 8 6 5 327 306 21 31
-0.000955973 15 10 6 5 327 306 21 31
-0.000955961 15 12 6 5 327 306 21 31
-0.000955701 15 14 6 5 327 306 21 31
-0.00095443 15 16 6 5 327 306 21 31
-0.000954771 15 18 6 5 327 306 21 31
-0.000955952 0 0 6 5 327 306 21 31
-0.000955644 0 2 6 5 327 306 21 31
-0.000952982 0 4 6 5 327 306 21 31
-0.000952992 0 6 6 5 327 306 21 31
-0.000955096 0 8 6 5 327 306 21 31
-0.000955502 0 10 6 5 327 306 21 31
-0.000955343 0 12 6 5 327 306 21 31
-0.00095475 0 14 6 5 327 306 21 31
-0.000953154 0 16 6 5 327 306 21 31
-0.000955668 0 18 6 5 327 306 21 31
-0.000955936 3 0 6 5 327 306 21 31
-0.000955349 3 2 6 5 327 306 21 31
-0.000631792 3 4 6 5 327 306 21 31
-0.000948052 3 6 6 5 327 306 21 31
-0.000953587 3 8 6 5 327 306 21 31
-0.0009542 3 10 6 5 327 306 21 31
-0.000952212 3 12 6 5 327 306 21 31
-0.000679231 3 14 6 5 327 306 21 31
-0.000953491 3 16 6 5 327 306 21 31
-0.00095551 3 18 6 5 327 306 21 31
-0.000955915 6 0 6 5 327 306 21 31
-0.000955218 6 2 6 5 327 306 21 31
-0.00077909 6 4 6 5 327 306 21 31
-0.000581068 6 6 6 5 327 306 21 31
-0.000951817 6 8 6 5 327 306 21 31
-0.000953909 6 10 6 5 327 306 21 31
-0.000952825 6 12 6 5 327 306 21 31
-0.000832772 6 14 6 5 327 306 21 31
-0.000952178 6 16 6 5 327 306 21 31
-0.00095531 6 18 6 5 327 306 21 31
-0.000955757 9 0 6 5 327 306 21 31
-0.000954626 9 2 6 5 327 306 21 31
-0.000790324 9 4 6 5 327 306 21 31
-0.0817558 9 6 6 5 327 306 21 31
-0.00095088 9 8 6 5 327 306 21 31
-0.000954564 9 10 6 5 327 306 21 31
-0.000954424 9 12 6 5 327 306 21 31
-0.000950386 9 14 6 5 327 306 21 31
-0.000949956 9 16 6 5 327 306 21 31
-0.000955175 9 18 6 5 327 306 21 31
-0.000955809 12 0 6 5 327 306 21 31
-0.000954758 12 2 6 5 327 306 21 31
-0.000856284 12 4 6 5 327 306 21 31
-0.000600552 12 6 6 5 327 306 21 31
-0.000951292 12 8 6 5 327 306 21 31
-0.000954733 12 10 6 5 327 306 21 31
-0.000954621 12 12 6 5 327 306 21 31
-0.000951351 12 14 6 5 327 306 21 31
-0.000949836 12 16 6 5 327 306 21 31
-0.000954933 12 18 6 5 327 306 21 31
-0.000955979 15 0 6 5 327 306 21 31
-0.000955857 15 2 6 5 327 306 21 31
-0.000955113 15 4 6 5 327 306 21 31
-0.000952682 15 6 6 5 327 306 21 31
-0.000951342 15 8 6 5 327 306 21 31
-0.000954029 15 10 6 5 327 306 21 31
-0.000953697 15 12 6 5 327 306 21 31
-0.000949608 15 14 6 5 327 306 21 31
-0.000952575 15 16 6 5 327 306 21 31
-0.000955351 15 18 6 5 327 306 21 31
-0.000955921 0 0 6 5 327 306 21 31
-0.000955815 0 2 6 5 327 306 21 31
-0.000955835 0 4 6 5 327 306 21 31
-0.000955588 0 6 6 5 327 306 21 31
-0.000954746 0 8 6 5 327 306 21 31
-0.000954995 0 10 6 5 327 306 21 31
-0.000954423 0 12 6 5 327 306 21 31
-0.000954506 0 14 6 5 327 306 21 31
-0.000954971 0 16 6 5 327 306 21 31
-0.000954944 0 18 6 5 327 306 21 31
-0.000955717 3 0 6 5 327 306 21 31
-0.000955842 3 2 6 5 327 306 21 31
-0.000955783 3 4 6 5 327 306 21 31
-0.000955047 3 6 6 5 327 306 21 31
-0.000952367 3 8 6 5 327 306 21 31
-0.000952296 3 10 6 5 327 306 21 31
-0.000952171 3 12 6 5 327 306 21 31
-0.000954371 3 14 6 5 327 306 21 31
-0.000955752 3 16 6 5 327 306 21 31
-0.000955833 3 18 6 5 327 306 21 31
-0.000956024 6 0 6 5 327 306 21 31
-0.0009556 6 2 6 5 327 306 21 31
-0.000806667 6 4 6 5 327 306 21 31
-0.00093632 6 6 6 5 327 306 21 31
-0.000951692 6 8 6 5 327 306 21 31
-0.000955197 6 10 6 5 327 306 21 31
-0.000955286 6 12 6 5 327 306 21 31
-0.000954855 6 14 6 5 327 306 21 31
-0.000954945 6 16 6 5 327 306 21 31
-0.000955443 6 18 6 5 327 306 21 31
-0.000955991 9 0 6 5 327 306 21 31
-0.000956033 9 2 6 5 327 306 21 31
-0.000952673 9 4 6 5 327 306 21 31
-0.000951542 9 6 6 5 327 306 21 31
-0.000952831 9 8 6 5 327 306 21 31
-0.000955132 9 10 6 5 327 306 21 31
-0.000955098 9 12 6 5 327 306 21 31
-0.00095473 9 14 6 5 327 306 21 31
-0.000954984 9 16 6 5 327 306 21 31
-0.000954629 9 18 6 5 327 306 21 31
-0.000955981 12 0 6 5 327 306 21 31
-0.000956006 12 2 6 5 327 306 21 31
-0.000955992 12 4 6 5 327 306 21 31
-0.000955902 12 6 6 5 327 306 21 31
-0.000955747 12 8 6 5 327 306 21 31
-0.00095527 12 10 6 5 327 306 21 31
-0.000954348 12 12 6 5 327 306 21 31
-0.00095509 12 14 6 5 327 306 21 31
-0.000955782 12 16 6 5 327 306 21 31
-0.000955793 12 18 6 5 327 306 21 31
-0.000955901 15 0 6 5 327 306 21 31
-0.000955872 15 2 6 5 327 306 21 31
-0.000955918 15 4 6 5 327 306 21 31
-0.000955935 15 6 6 5 327 306 21 31
-0.000955923 15 8 6 5 327 306 21 31
-0.00095586 15 10 6 5 327 306 21 31
-0.000955723 15 12 6 5 327 306 21 31
-0.000955474 15 14 6 5 327 306 21 31
-0.000955275 15 16 6 5 327 306 21 31
-0.00095537 15 18 6 5 327 306 21 31
-0.000955963 0 0 6 5 327 306 21 31
-0.000955966 0 2 6 5 327 306 21 31
-0.00095598 0 4 6 5 327 306 21 31
-0.000955942 0 6 6 5 327 306 21 31
-0.000955928 0 8 6 5 327 306 21 31
-0.000955962 0 10 6 5 327 306 21 31
-0.000955971 0 12 6 5 327 306 21 31
-0.000955968 0 14 6 5 327 306 21 31
-0.000955982 0 16 6 5 327 306 21 31
-0.000955926 0 18 6 5 327 306 21 31
-0.000955981 3 0 6 5 327 306 21 31
-0.000955977 3 2 6 5 327 306 21 31
-0.000955845 3 4 6 5 327 306 21 31
-0.000955793 3 6 6 5 327 306 21 31
-0.000955787 3 8 6 5 327 306 21 31
-0.000955729 3 10 6 5 327 306 21 31
-0.000955611 3 12 6 5 327 306 21 31
-0.000955774 3 14 6 5 327 306 21 31
-0.000955976 3 16 6 5 327 306 21 31
-0.000955991 3 18 6 5 327 306 21 31
-0.000955997 6 0 6 5 327 306 21 31
-0.000955953 6 2 6 5 327 306 21 31
-0.000951904 6 4 6 5 327 306 21 31
-0.000851742 6 6 6 5 327 306 21 31
-0.000954751 6 8 6 5 327 306 21 31
-0.000955626 6 10 6 5 327 306 21 31
-0.00095514 6 12 6 5 327 306 21 31
-0.000955174 6 14 6 5 327 306 21 31
-0.000955489 6 16 6 5 327 306 21 31
-0.000955227 6 18 6 5 327 306 21 31
-0.000955976 9 0 6 5 327 306 21 31
-0.000955998 9 2 6 5 327 306 21 31
-0.000955372 9 4 6 5 327 306 21 31
-0.00064331 9 6 6 5 327 306 21 31
-0.000952112 9 8 6 5 327 306 21 31
-0.00095516 9 10 6 5 327 306 21 31
-0.000954904 9 12 6 5 327 306 21 31
-0.000954735 9 14 6 5 327 306 21 31
-0.000954383 9 16 6 5 327 306 21 31
-0.000954201 9 18 6 5 327 306 21 31
-0.000955986 12 0 6 5 327 306 21 31
-0.000955994 12 2 6 5 327 306 21 31
-0.000955835 12 4 6 5 327 306 21 31
-0.000955318 12 6 6 5 327 306 21 31
-0.000952763 12 8 6 5 327 306 21 31
-0.000951318 12 10 6 5 327 306 21 31
-0.000953322 12 12 6 5 327 306 21 31
-0.000955733 12 14 6 5 327 306 21 31
-0.000955875 12 16 6 5 327 306 21 31
-0.000955826 12 18 6 5 327 306 21 31
-0.000955762 15 0 6 5 327 306 21 31
-0.000955256 15 2 6 5 327 306 21 31
-0.000955493 15 4 6 5 327 306 21 31
-0.000955484 15 6 6 5 327 306 21 31
-0.000955721 15 8 6 5 327 306 21 31
-0.000955924 15 10 6 5 327 306 21 31
-0.000955981 15 12 6 5 327 306 21 31
-0.000955988 15 14 6 5 327 306 21 31
-0.000955939 15 16 6 5 327 306 21 31
-0.00095596 15 18 6 5 327 306 21 31
-0.00095591 0 0 6 5 327 306 21 31
-0.000955963 0 2 6 5 327 306 21 31
-0.000955966 0 4 6 5 327 306 21 31
-0.000955766 0 6 6 5 327 306 21 31
-0.000955682 0 8 6 5 327 306 21 31
-0.000955939 0 10 6 5 327 306 21 31
-0.00095594 0 12 6 5 327 306 21 31
-0.000955847 0 14 6 5 327 306 21 31
-0.000955992 0 16 6 5 327 306 21 31
-0.00095597 0 18 6 5 327 306 21 31
-0.000955923 3 0 6 5 327 306 21 31
-0.000955958 3 2 6 5 327 306 21 31
-0.000955939 3 4 6 5 327 306 21 31
-0.000955405 3 6 6 5 327 306 21 31
-0.00095557 3 8 6 5 327 306 21 31
-0.000955913 3 10 6 5 327 306 21 31
-0.000955833 3 12 6 5 327 306 21 31
-0.000955868 3 14 6 5 327 306 21 31
-0.000955909 3 16 6 5 327 306 21 31
-0.000955917 3 18 6 5 327 306 21 31
-0.00095591 6 0 6 5 327 306 21 31
-0.000955959 6 2 6 5 327 306 21 31
-0.000955882 6 4 6 5 327 306 21 31
-0.000955686 6 6 6 5 327 306 21 31
-0.000955776 6 8 6 5 327 306 21 31
-0.000955604 6 10 6 5 327 306 21 31
-0.000955679 6 12 6 5 327 306 21 31
-0.000955767 6 14 6 5 327 306 21 31
-0.000954873 6 16 6 5 327 306 21 31
-0.000955671 6 18 6 5 327 306 21 31
-0.000955939 9 0 6 5 327 306 21 31
-0.000955977 9 2 6 5 327 306 21 31
-0.000955946 9 4 6 5 327 306 21 31
-0.000955699 9 6 6 5 327 306 21 31
-0.000955286 9 8 6 5 327 306 21 31
-0.000955237 9 10 6 5 327 306 21 31
-0.000955678 9 12 6 5 327 306 21 31
-0.000955626 9 14 6 5 327 306 21 31
-0.000955344 9 16 6 5 327 306 21 31
-0.000955754 9 18 6 5 327 306 21 31
-0.000955981 12 0 6 5 327 306 21 31
-0.00095594 12 2 6 5 327 306 21 31
-0.000955799 12 4 6 5 327 306 21 31
-0.000954957 12 6 6 5 327 306 21 31
-0.000952235 12 8 6 5 327 306 21 31
-0.000953712 12 10 6 5 327 306 21 31
-0.000955652 12 12 6 5 327 306 21 31
-0.000955845 12 14 6 5 327 306 21 31
-0.000955607 12 16 6 5 327 306 21 31
-0.000955458 12 18 6 5 327 306 21 31
-0.000955775 15 0 6 5 327 306 21 31
-0.000955412 15 2 6 5 327 306 21 31
-0.000955736 15 4 6 5 327 306 21 31
-0.000955303 15 6 6 5 327 306 21 31
-0.000954971 15 8 6 5 327 306 21 31
-0.000955548 15 10 6 5 327 306 21 31
-0.000955953 15 12 6 5 327 306 21 31
-0.000955979 15 14 6 5 327 306 21 31
-0.000955973 15 16 6 5 327 306 21 31
-0.000955985 15 18 6 5 327 306 21 31
-0.000955908 0 0 6 5 327 306 21 31
-0.000955932 0 2 6 5 327 306 21 31
-0.000955951 0 4 6 5 327 306 21 31
-0.000955987 0 6 6 5 327 306 21 31
-0.000955983 0 8 6 5 327 306 21 31
-0.000955513 0 10 6 5 327 306 21 31
-0.000955948 0 12 6 5 327 306 21 31
-0.000955997 0 14 6 5 327 306 21 31
-0.000955989 0 16 6 5 327 306 21 31
-0.000955948 0 18 6 5 327 306 21 31
-0.00095583 3 0 6 5 327 306 21 31
-0.000955912 3 2 6 5 327 306 21 31
-0.000955949 3 4 6 5 327 306 21 31
-0.000955981 3 6 6 5 327 306 21 31
-0.000955942 3 8 6 5 327 306 21 31
-0.000955907 3 10 6 5 327 306 21 31
-0.000955429 3 12 6 5 327 306 21 31
-0.000955797 3 14 6 5 327 306 21 31
-0.000955976 3 16 6 5 327 306 21 31
-0.000955951 3 18 6 5 327 306 21 31
-0.000955799 6 0 6 5 327 306 21 31
-0.0009559 6 2 6 5 327 306 21 31
-0.00095594 6 4 6 5 327 306 21 31
-0.000955969 6 6 6 5 327 306 21 31
-0.000955804 6 8 6 5 327 306 21 31
-0.000955952 6 10 6 5 327 306 21 31
-0.000955916 6 12 6 5 327 306 21 31
-0.000955733 6 14 6 5 327 306 21 31
-0.000955696 6 16 6 5 327 306 21 31
-0.000955887 6 18 6 5 327 306 21 31
-0.00095577 9 0 6 5 327 306 21 31
-0.000955811 9 2 6 5 327 306 21 31
-0.000955933 9 4 6 5 327 306 21 31
-0.000955972 9 6 6 5 327 306 21 31
-0.000955872 9 8 6 5 327 306 21 31
-0.000955814 9 10 6 5 327 306 21 31
-0.00095592 9 12 6 5 327 306 21 31
-0.000955626 9 14 6 5 327 306 21 31
-0.000954877 9 16 6 5 327 306 21 31
-0.00095591 9 18 6 5 327 306 21 31
-0.000955835 12 0 6 5 327 306 21 31
-0.00095571 12 2 6 5 327 306 21 31
-0.000955932 12 4 6 5 327 306 21 31
-0.000955974 12 6 6 5 327 306 21 31
-0.000955961 12 8 6 5 327 306 21 31
-0.000955783 12 10 6 5 327 306 21 31
-0.000955912 12 12 6 5 327 306 21 31
-0.000955954 12 14 6 5 327 306 21 31
-0.000955772 12 16 6 5 327 306 21 31
-0.000955985 12 18 6 5 327 306 21 31
-0.000955843 15 0 6 5 327 306 21 31
-0.000955899 15 2 6 5 327 306 21 31
-0.000955959 15 4 6 5 327 306 21 31
-0.000955989 15 6 6 5 327 306 21 31
-0.000955977 15 8 6 5 327 306 21 31
-0.000955921 15 10 6 5 327 306 21 31
-0.000955909 15 12 6 5 327 306 21 31
-0.00095597 15 14 6 5 327 306 21 31
-0.000955988 15 16 6 5 327 306 21 31
-0.000955984 15 18 6 5 327 306 21 31
-0.000955729 0 0 6 5 327 306 21 31
-0.000955988 0 2 6 5 327 306 21 31
-0.000956007 0 4 6 5 327 306 21 31
-0.000956012 0 6 6 5 327 306 21 31
-0.000956012 0 8 6 5 327 306 21 31
-0.000955943 0 10 6 5 327 306 21 31
-0.000955976 0 12 6 5 327 306 21 31
-0.000955973 0 14 6 5 327 306 21 31
-0.000955932 0 16 6 5 327 306 21 31
-0.000955845 0 18 6 5 327 306 21 31
-0.000955281 3 0 6 5 327 306 21 31
-0.000954707 3 2 6 5 327 306 21 31
-0.000955624 3 4 6 5 327 306 21 31
-0.000955528 3 6 6 5 327 306 21 31
-0.000952988 3 8 6 5 327 306 21 31
-0.000951185 3 10 6 5 327 306 21 31
-0.00095377 3 12 6 5 327 306 21 31
-0.000955185 3 14 6 5 327 306 21 31
-0.000955693 3 16 6 5 327 306 21 31
-0.000955917 3 18 6 5 327 306 21 31
-0.000954686 6 0 6 5 327 306 21 31
-0.000955516 6 2 6 5 327 306 21 31
-0.00095566 6 4 6 5 327 306 21 31
-0.000954417 6 6 6 5 327 306 21 31
-0.000908509 6 8 6 5 327 306 21 31
-0.000795945 6 10 6 5 327 306 21 31
-0.00087431 6 12 6 5 327 306 21 31
-0.000953236 6 14 6 5 327 306 21 31
-0.000955835 6 16 6 5 327 306 21 31
-0.000955923 6 18 6 5 327 306 21 31
-0.000955945 9 0 6 5 327 306 21 31
-0.000955948 9 2 6 5 327 306 21 31
-0.00095588 9 4 6 5 327 306 21 31
-0.000954942 9 6 6 5 327 306 21 31
-0.000955249 9 8 6 5 327 306 21 31
-0.000955517 9 10 6 5 327 306 21 31
-0.00095539 9 12 6 5 327 306 21 31
-0.000955264 9 14 6 5 327 306 21 31
-0.00095585 9 16 6 5 327 306 21 31
-0.000955935 9 18 6 5 327 306 21 31
-0.000955958 12 0 6 5 327 306 21 31
-0.00095599 12 2 6 5 327 306 21 31
-0.000955974 12 4 6 5 327 306 21 31
-0.00095559 12 6 6 5 327 306 21 31
-0.000955662 12 8 6 5 327 306 21 31
-0.000955687 12 10 6 5 327 306 21 31
-0.000955522 12 12 6 5 327 306 21 31
-0.000955636 12 14 6 5 327 306 21 31
-0.000955502 12 16 6 5 327 306 21 31
-0.000955899 12 18 6 5 327 306 21 31
-0.000955958 15 0 6 5 327 306 21 31
-0.000955991 15 2 6 5 327 306 21 31
-0.000955962 15 4 6 5 327 306 21 31
-0.000954682 15 6 6 5 327 306 21 31
-0.000955347 15 8 6 5 327 306 21 31
-0.000955834 15 10 6 5 327 306 21 31
-0.000955985 15 12 6 5 327 306 21 31
-0.000955995 15 14 6 5 327 306 21 31
-0.000955995 15 16 6 5 327 306 21 31
-0.000955978 15 18 6 5 327 306 21 31
-0.000955501 0 0 6 5 327 306 21 31
-0.000955986 0 2 6 5 327 306 21 31
-0.000956013 0 4 6 5 327 306 21 31
-0.000956009 0 6 6 5 327 306 21 31
-0.00095601 0 8 6 5 327 306 21 31
-0.000955994 0 10 6 5 327 306 21 31
-0.000955821 0 12 6 5 327 306 21 31
-0.000955929 0 14 6 5 327 306 21 31
-0.000955869 0 16 6 5 327 306 21 31
-0.000955922 0 18 6 5 327 306 21 31
-0.000954347 3 0 6 5 327 306 21 31
-0.000954895 3 2 6 5 327 306 21 31
-0.000955379 3 4 6 5 327 306 21 31
-0.000954825 3 6 6 5 327 306 21 31
-0.000955141 3 8 6 5 327 306 21 31
-0.000955344 3 10 6 5 327 306 21 31
-0.000954492 3 12 6 5 327 306 21 31
-0.000955655 3 14 6 5 327 306 21 31
-0.000955802 3 16 6 5 327 306 21 31
-0.000955596 3 18 6 5 327 306 21 31
-0.000579873 6 0 6 5 327 306 21 31
-0.000950081 6 2 6 5 327 306 21 31
-0.000950022 6 4 6 5 327 306 21 31
-0.000952772 6 6 6 5 327 306 21 31
-0.000952105 6 8 6 5 327 306 21 31
-0.00095397 6 10 6 5 327 306 21 31
-0.000953286 6 12 6 5 327 306 21 31
-0.000951081 6 14 6 5 327 306 21 31
-0.000954132 6 16 6 5 327 306 21 31
-0.000955365 6 18 6 5 327 306 21 31
-0.000955995 9 0 6 5 327 306 21 31
-0.000955947 9 2 6 5 327 306 21 31
-0.000928607 9 4 6 5 327 306 21 31
-0.000953863 9 6 6 5 327 306 21 31
-0.000953965 9 8 6 5 327 306 21 31
-0.000954005 9 10 6 5 327 306 21 31
-0.000952893 9 12 6 5 327 306 21 31
-0.000948622 9 14 6 5 327 306 21 31
-0.000773868 9 16 6 5 327 306 21 31
-0.000954827 9 18 6 5 327 306 21 31
-0.000955988 12 0 6 5 327 306 21 31
-0.000955994 12 2 6 5 327 306 21 31
-0.000955632 12 4 6 5 327 306 21 31
-0.000954076 12 6 6 5 327 306 21 31
-0.00095472 12 8 6 5 327 306 21 31
-0.000955498 12 10 6 5 327 306 21 31
-0.000955662 12 12 6 5 327 306 21 31
-0.000955571 12 14 6 5 327 306 21 31
-0.000955831 12 16 6 5 327 306 21 31
-0.000955922 12 18 6 5 327 306 21 31
-0.000955912 15 0 6 5 327 306 21 31
-0.000955969 15 2 6 5 327 306 21 31
-0.000955987 15 4 6 5 327 306 21 31
-0.000955955 15 6 6 5 327 306 21 31
-0.00095584 15 8 6 5 327 306 21 31
-0.000955935 15 10 6 5 327 306 21 31
-0.000955939 15 12 6 5 327 306 21 31
-0.00095597 15 14 6 5 327 306 21 31
-0.000955989 15 16 6 5 327 306 21 31
-0.000955949 15 18 6 5 327 306 21 31
-0.000955834 0 0 8 7 327 306 21 31
-0.000955959 0 3 8 7 327 306 21 31
-0.000955965 0 6 8 7 327 306 21 31
-0.000955895 0 9 8 7 327 306 21 31
-0.000955877 0 12 8 7 327 306 21 31
-0.000955951 0 15 8 7 327 306 21 31
-0.000955872 0 18 8 7 327 306 21 31
-0.00095592 4 0 8 7 327 306 21 31
-0.000955988 4 3 8 7 327 306 21 31
-0.000955868 4 6 8 7 327 306 21 31
-0.000694832 4 9 8 7 327 306 21 31
-0.000951901 4 12 8 7 327 306 21 31
-0.000955728 4 15 8 7 327 306 21 31
-0.000955901 4 18 8 7 327 306 21 31
-0.000955924 8 0 8 7 327 306 21 31
-0.000955984 8 3 8 7 327 306 21 31
-0.000955915 8 6 8 7 327 306 21 31
-0.000952138 8 9 8 7 327 306 21 31
-0.000951675 8 12 8 7 327 306 21 31
-0.000954389 8 15 8 7 327 306 21 31
-0.0009557 8 18 8 7 327 306 21 31
-0.000955874 12 0 8 7 327 306 21 31
-0.000955969 12 3 8 7 327 306 21 31
-0.00095597 12 6 8 7 327 306 21 31
-0.000955889 12 9 8 7 327 306 21 31
-0.000955929 12 12 8 7 327 306 21 31
-0.000955963 12 15 8 7 327 306 21 31
-0.000955945 12 18 8 7 327 306 21 31
-0.000955725 0 0 8 7 327 306 21 31
-0.000951567 0 3 8 7 327 306 21 31
-0.000664007 0 6 8 7 327 306 21 31
-0.000895884 0 9 8 7 327 306 21 31
-0.000584042 0 12 8 7 327 306 21 31
-0.000953503 0 15 8 7 327 306 21 31
-0.000955434 0 18 8 7 327 306 21 31
-0.000955242 4 0 8 7 327 306 21 31
-0.000950677 4 3 8 7 327 306 21 31
-0.000948868 4 6 8 7 327 306 21 31
-0.000811975 4 9 8 7 327 306 21 31
-0.000948516 4 12 8 7 327 306 21 31
-0.000952991 4 15 8 7 327 306 21 31
-0.00095516 4 18 8 7 327 306 21 31
-0.000952084 8 0 8 7 327 306 21 31
-0.000952459 8 3 8 7 327 306 21 31
-0.000949012 8 6 8 7 327 306 21 31
-0.000949328 8 9 8 7 327 306 21 31
-0.000951704 8 12 8 7 327 306 21 31
-0.000952461 8 15 8 7 327 306 21 31
-0.000955419 8 18 8 7 327 306 21 31
-0.000955183 12 0 8 7 327 306 21 31
-0.000953952 12 3 8 7 327 306 21 31
-0.000951839 12 6 8 7 327 306 21 31
-0.000951682 12 9 8 7 327 306 21 31
-0.00095173 12 12 8 7 327 306 21 31
-0.000952398 12 15 8 7 327 306 21 31
-0.000955569 12 18 8 7 327 306 21 31
-0.000954886 0 0 8 7 327 306 21 31
-0.000953455 0 3 8 7 327 306 21 31
-0.000952515 0 6 8 7 327 306 21 31
-0.000951502 0 9 8 7 327 306 21 31
-0.000582454 0 12 8 7 327 306 21 31
-0.000722512 0 15 8 7 327 306 21 31
-0.00095323 0 18 8 7 327 306 21 31
-0.000953525 4 0 8 7 327 306 21 31
-0.000869802 4 3 8 7 327 306 21 31
-0.000891559 4 6 8 7 327 306 21 31
-0.0009509 4 9 8 7 327 306 21 31
-0.000952858 4 12 8 7 327 306 21 31
-0.000953249 4 15 8 7 327 306 21 31
-0.000953881 4 18 8 7 327 306 21 31
-0.000950305 8 0 8 7 327 306 21 31
-0.000784484 8 3 8 7 327 306 21 31
-0.000953427 8 6 8 7 327 306 21 31
-0.000955544 8 9 8 7 327 306 21 31
-0.000955774 8 12 8 7 327 306 21 31
-0.000955809 8 15 8 7 327 306 21 31
-0.000955692 8 18 8 7 327 306 21 31
-0.00076332 12 0 8 7 327 306 21 31
-0.000708935 12 3 8 7 327 306 21 31
-0.00095526 12 6 8 7 327 306 21 31
-0.00095591 12 9 8 7 327 306 21 31
-0.000955882 12 12 8 7 327 306 21 31
-0.00095557 12 15 8 7 327 306 21 31
-0.000955724 12 18 8 7 327 306 21 31
-0.000955862 0 0 8 7 327 306 21 31
-0.000952708 0 3 8 7 327 306 21 31
-0.000953855 0 6 8 7 327 306 21 31
-0.000955043 0 9 8 7 327 306 21 31
-0.000954086 0 12 8 7 327 306 21 31
-0.000953036 0 15 8 7 327 306 21 31
-0.000955876 0 18 8 7 327 306 21 31
-0.000955804 4 0 8 7 327 306 21 31
-0.000948596 4 3 8 7 327 306 21 31
-0.00094897 4 6 8 7 327 306 21 31
-0.000953236 4 9 8 7 327 306 21 31
-0.000951263 4 12 8 7 327 306 21 31
-0.000953626 4 15 8 7 327 306 21 31
-0.000955779 4 18 8 7 327 306 21 31
-0.000955586 8 0 8 7 327 306 21 31
-0.000948547 8 3 8 7 327 306 21 31
-0.000728995 8 6 8 7 327 306 21 31
-0.000953631 8 9 8 7 327 306 21 31
-0.000953464 8 12 8 7 327 306 21 31
-0.000952737 8 15 8 7 327 306 21 31
-0.000955717 8 18 8 7 327 306 21 31
-0.000955836 12 0 8 7 327 306 21 31
-0.000953633 12 3 8 7 327 306 21 31
-0.00076844 12 6 8 7 327 306 21 31
-0.000953569 12 9 8 7 327 306 21 31
-0.000953506 12 12 8 7 327 306 21 31
-0.000952877 12 15 8 7 327 306 21 31
-0.000955708 12 18 8 7 327 306 21 31
-0.000955688 0 0 8 7 327 306 21 31
-0.000955676 0 3 8 7 327 306 21 31
-0.000955201 0 6 8 7 327 306 21 31
-0.000954443 0 9 8 7 327 306 21 31
-0.000954428 0 12 8 7 327 306 21 31
-0.000953535 0 15 8 7 327 306 21 31
-0.00095367 0 18 8 7 327 306 21 31
-0.00095595 4 0 8 7 327 306 21 31
-0.000954285 4 3 8 7 327 306 21 31
-0.000621063 4 6 8 7 327 306 21 31
-0.000953389 4 9 8 7 327 306 21 31
-0.000951459 4 12 8 7 327 306 21 31
-0.000955309 4 15 8 7 327 306 21 31
-0.000955262 4 18 8 7 327 306 21 31
-0.000956005 8 0 8 7 327 306 21 31
-0.000955733 8 3 8 7 327 306 21 31
-0.000601592 8 6 8 7 327 306 21 31
-0.00095316 8 9 8 7 327 306 21 31
-0.000626802 8 12 8 7 327 306 21 31
-0.000952362 8 15 8 7 327 306 21 31
-0.000954273 8 18 8 7 327 306 21 31
-0.000955969 12 0 8 7 327 306 21 31
-0.000955983 12 3 8 7 327 306 21 31
-0.000955986 12 6 8 7 327 306 21 31
-0.00095595 12 9 8 7 327 306 21 31
-0.000955802 12 12 8 7 327 306 21 31
-0.000955738 12 15 8 7 327 306 21 31
-0.000955514 12 18 8 7 327 306 21 31
-0.000955961 0 0 8 7 327 306 21 31
-0.000955973 0 3 8 7 327 306 21 31
-0.000955917 0 6 8 7 327 306 21 31
-0.00095594 0 9 8 7 327 306 21 31
-0.000955941 0 12 8 7 327 306 21 31
-0.00095596 0 15 8 7 327 306 21 31
-0.000955821 0 18 8 7 327 306 21 31
-0.000955985 4 0 8 7 327 306 21 31
-0.000955303 4 3 8 7 327 306 21 31
-0.000955231 4 6 8 7 327 306 21 31
-0.000955596 4 9 8 7 327 306 21 31
-0.000955535 4 12 8 7 327 306 21 31
-0.000955903 4 15 8 7 327 306 21 31
-0.000955956 4 18 8 7 327 306 21 31
-0.000955992 8 0 8 7 327 306 21 31
-0.000955838 8 3 8 7 327 306 21 31
-0.00095031 8 6 8 7 327 306 21 31
-0.000954394 8 9 8 7 327 306 21 31
-0.000954393 8 12 8 7 327 306 21 31
-0.000954116 8 15 8 7 327 306 21 31
-0.000953791 8 18 8 7 327 306 21 31
-0.000955988 12 0 8 7 327 306 21 31
-0.000955883 12 3 8 7 327 306 21 31
-0.000955401 12 6 8 7 327 306 21 31
-0.00095567 12 9 8 7 327 306 21 31
-0.000955976 12 12 8 7 327 306 21 31
-0.000955966 12 15 8 7 327 306 21 31
-0.000955956 12 18 8 7 327 306 21 31
-0.000955911 0 0 8 7 327 306 21 31
-0.000955952 0 3 8 7 327 306 21 31
-0.000955345 0 6 8 7 327 306 21 31
-0.000955733 0 9 8 7 327 306 21 31
-0.000955645 0 12 8 7 327 306 21 31
-0.000955985 0 15 8 7 327 306 21 31
-0.000955929 0 18 8 7 327 306 21 31
-0.000955912 4 0 8 7 327 306 21 31
-0.000955937 4 3 8 7 327 306 21 31
-0.00095556 4 6 8 7 327 306 21 31
-0.000955241 4 9 8 7 327 306 21 31
-0.000955154 4 12 8 7 327 306 21 31
-0.000955655 4 15 8 7 327 306 21 31
-0.0009559 4 18 8 7 327 306 21 31
-0.000955927 8 0 8 7 327 306 21 31
-0.000955952 8 3 8 7 327 306 21 31
-0.000955513 8 6 8 7 327 306 21 31
-0.000954995 8 9 8 7 327 306 21 31
-0.000955707 8 12 8 7 327 306 21 31
-0.000954644 8 15 8 7 327 306 21 31
-0.000955661 8 18 8 7 327 306 21 31
-0.000955962 12 0 8 7 327 306 21 31
-0.000955824 12 3 8 7 327 306 21 31
-0.000954924 12 6 8 7 327 306 21 31
-0.000954872 12 9 8 7 327 306 21 31
-0.000955817 12 12 8 7 327 306 21 31
-0.000955773 12 15 8 7 327 306 21 31
-0.000955887 12 18 8 7 327 306 21 31
-0.000955876 0 0 8 7 327 306 21 31
-0.000955943 0 3 8 7 327 306 21 31
-0.000955985 0 6 8 7 327 306 21 31
-0.000955592 0 9 8 7 327 306 21 31
-0.000955976 0 12 8 7 327 306 21 31
-0.000955984 0 15 8 7 327 306 21 31
-0.000955954 0 18 8 7 327 306 21 31
-0.000955834 4 0 8 7 327 306 21 31
-0.000955933 4 3 8 7 327 306 21 31
-0.000955974 4 6 8 7 327 306 21 31
-0.000955822 4 9 8 7 327 306 21 31
-0.000955619 4 12 8 7 327 306 21 31
-0.000955923 4 15 8 7 327 306 21 31
-0.000955961 4 18 8 7 327 306 21 31
-0.000955706 8 0 8 7 327 306 21 31
-0.000955896 8 3 8 7 327 306 21 31
-0.000955957 8 6 8 7 327 306 21 31
-0.000955081 8 9 8 7 327 306 21 31
-0.000955813 8 12 8 7 327 306 21 31
-0.000955751 8 15 8 7 327 306 21 31
-0.000955971 8 18 8 7 327 306 21 31
-0.000955735 12 0 8 7 327 306 21 31
-0.000955886 12 3 8 7 327 306 21 31
-0.000955961 12 6 8 7 327 306 21 31
-0.000955467 12 9 8 7 327 306 21 31
-0.000955899 12 12 8 7 327 306 21 31
-0.000955972 12 15 8 7 327 306 21 31
-0.000955974 12 18 8 7 327 306 21 31
-0.000955909 0 0 8 7 327 306 21 31
-0.000956005 0 3 8 7 327 306 21 31
-0.000956013 0 6 8 7 327 306 21 31
-0.000955943 0 9 8 7 327 306 21 31
-0.000955909 0 12 8 7 327 306 21 31
-0.000955842 0 15 8 7 327 306 21 31
-0.000955447 0 18 8 7 327 306 21 31
-0.000949308 4 0 8 7 327 306 21 31
-0.000955162 4 3 8 7 327 306 21 31
-0.000954018 4 6 8 7 327 306 21 31
-0.000590995 4 9 8 7 327 306 21 31
-0.000952933 4 12 8 7 327 306 21 31
-0.000955904 4 15 8 7 327 306 21 31
-0.000955785 4 18 8 7 327 306 21 31
-0.000955938 8 0 8 7 327 306 21 31
-0.000955921 8 3 8 7 327 306 21 31
-0.000954565 8 6 8 7 327 306 21 31
-0.000955319 8 9 8 7 327 306 21 31
-0.000955177 8 12 8 7 327 306 21 31
-0.000955869 8 15 8 7 327 306 21 31
-0.000955522 8 18 8 7 327 306 21 31
-0.000955954 12 0 8 7 327 306 21 31
-0.000955997 12 3 8 7 327 306 21 31
-0.000953717 12 6 8 7 327 306 21 31
-0.000955627 12 9 8 7 327 306 21 31
-0.000955857 12 12 8 7 327 306 21 31
-0.000955982 12 15 8 7 327 306 21 31
-0.000955908 12 18 8 7 327 306 21 31
-0.000955882 0 0 8 7 327 306 21 31
-0.000956015 0 3 8 7 327 306 21 31
-0.000956015 0 6 8 7 327 306 21 31
-0.000955992 0 9 8 7 327 306 21 31
-0.000955869 0 12 8 7 327 306 21 31
-0.000955648 0 15 8 7 327 306 21 31
-0.000955694 0 18 8 7 327 306 21 31
-0.000950032 4 0 8 7 327 306 21 31
-0.000948991 4 3 8 7 327 306 21 31
-0.000837662 4 6 8 7 327 306 21 31
-0.000953885 4 9 8 7 327 306 21 31
-0.00095347 4 12 8 7 327 306 21 31
-0.000953552 4 15 8 7 327 306 21 31
-0.000953453 4 18 8 7 327 306 21 31
-0.00095596 8 0 8 7 327 306 21 31
-0.000955728 8 3 8 7 327 306 21 31
-0.000734889 8 6 8 7 327 306 21 31
-0.000952027 8 9 8 7 327 306 21 31
-0.000951914 8 12 8 7 327 306 21 31
-0.000952659 8 15 8 7 327 306 21 31
-0.000953929 8 18 8 7 327 306 21 31
-0.000955973 12 0 8 7 327 306 21 31
-0.000955996 12 3 8 7 327 306 21 31
-0.000955849 12 6 8 7 327 306 21 31
-0.00095587 12 9 8 7 327 306 21 31
-0.000955937 12 12 8 7 327 306 21 31
-0.000955995 12 15 8 7 327 306 21 31
-0.000955975 12 18 8 7 327 306 21 31
-0.000955864 0 0 10 10 327 306 21 31
-0.000955959 0 5 10 10 327 306 21 31
-0.000955889 0 10 10 10 327 306 21 31
-0.000955917 0 15 10 10 327 306 21 31
-0.000955708 0 20 10 10 327 306 21 31
-0.000955935 5 0 10 10 327 306 21 31
-0.000955915 5 5 10 10 327 306 21 31
-0.000951053 5 10 10 10 327 306 21 31
-0.000955829 5 15 10 10 327 306 21 31
-0.000955757 5 20 10 10 327 306 21 31
-0.000955913 10 0 10 10 327 306 21 31
-0.000955967 10 5 10 10 327 306 21 31
-0.000955929 10 10 10 10 327 306 21 31
-0.000955936 10 15 10 10 327 306 21 31
-0.000955571 10 20 10 10 327 306 21 31
-0.000955153 0 0 10 10 327 306 21 31
-0.000757816 0 5 10 10 327 306 21 31
-0.000701943 0 10 10 10 327 306 21 31
-0.000954683 0 15 10 10 327 306 21 31
-0.000955851 0 20 10 10 327 306 21 31
-0.000951356 5 0 10 10 327 306 21 31
-0.000950497 5 5 10 10 327 306 21 31
-0.000950833 5 10 10 10 327 306 21 31
-0.000954736 5 15 10 10 327 306 21 31
-0.000955748 5 20 10 10 327 306 21 31
-0.00095402 10 0 10 10 327 306 21 31
-0.00095237 10 5 10 10 327 306 21 31
-0.000950791 10 10 10 10 327 306 21 31
-0.000955095 10 15 10 10 327 306 21 31
-0.000955901 10 20 10 10 327 306 21 31
-0.00095416 0 0 10 10 327 306 21 31
-0.000951987 0 5 10 10 327 306 21 31
-0.00094934 0 10 10 10 327 306 21 31
-0.000951908 0 15 10 10 327 306 21 31
-0.000955398 0 20 10 10 327 306 21 31
-0.000949268 5 0 10 10 327 306 21 31
-0.000952514 5 5 10 10 327 306 21 31
-0.000954828 5 10 10 10 327 306 21 31
-0.000955255 5 15 10 10 327 306 21 31
-0.000955031 5 20 10 10 327 306 21 31
-0.000920766 10 0 10 10 327 306 21 31
-0.00095553 10 5 10 10 327 306 21 31
-0.000955798 10 10 10 10 327 306 21 31
-0.000955684 10 15 10 10 327 306 21 31
-0.000955774 10 20 10 10 327 306 21 31
-0.000955563 0 0 10 10 327 306 21 31
-0.000953119 0 5 10 10 327 306 21 31
-0.000953506 0 10 10 10 327 306 21 31
-0.00095566 0 15 10 10 327 306 21 31
-0.000955833 0 20 10 10 327 306 21 31
-0.00095523 5 0 10 10 327 306 21 31
-0.000912636 5 5 10 10 327 306 21 31
-0.000952787 5 10 10 10 327 306 21 31
-0.000955494 5 15 10 10 327 306 21 31
-0.000955729 5 20 10 10 327 306 21 31
-0.000955578 10 0 10 10 327 306 21 31
-0.000746434 10 5 10 10 327 306 21 31
-0.000952964 10 10 10 10 327 306 21 31
-0.000955473 10 15 10 10 327 306 21 31
-0.000955651 10 20 10 10 327 306 21 31
-0.000955316 0 0 10 10 327 306 21 31
-0.000955289 0 5 10 10 327 306 21 31
-0.000954485 0 10 10 10 327 306 21 31
-0.00095078 0 15 10 10 327 306 21 31
-0.00095581 0 20 10 10 327 306 21 31
-0.000956027 5 0 10 10 327 306 21 31
-0.000952903 5 5 10 10 327 306 21 31
-0.000950342 5 10 10 10 327 306 21 31
-0.000953557 5 15 10 10 327 306 21 31
-0.000955208 5 20 10 10 327 306 21 31
-0.00095598 10 0 10 10 327 306 21 31
-0.000955984 10 5 10 10 327 306 21 31
-0.000955866 10 10 10 10 327 306 21 31
-0.000955404 10 15 10 10 327 306 21 31
-0.000954732 10 20 10 10 327 306 21 31
-0.000955961 0 0 10 10 327 306 21 31
-0.000955956 0 5 10 10 327 306 21 31
-0.000955957 0 10 10 10 327 306 21 31
-0.000955845 0 15 10 10 327 306 21 31
-0.000955938 0 20 10 10 327 306 21 31
-0.000955994 5 0 10 10 327 306 21 31
-0.000954661 5 5 10 10 327 306 21 31
-0.000954824 5 10 10 10 327 306 21 31
-0.000955106 5 15 10 10 327 306 21 31
-0.000954658 5 20 10 10 327 306 21 31
-0.000955986 10 0 10 10 327 306 21 31
-0.000955111 10 5 10 10 327 306 21 31
-0.00095594 10 10 10 10 327 306 21 31
-0.000955887 10 15 10 10 327 306 21 31
-0.000955577 10 20 10 10 327 306 21 31
-0.000955809 0 0 10 10 327 306 21 31
-0.000955733 0 5 10 10 327 306 21 31
-0.000955535 0 10 10 10 327 306 21 31
-0.000955952 0 15 10 10 327 306 21 31
-0.000955763 0 20 10 10 327 306 21 31
-0.000955914 5 0 10 10 327 306 21 31
-0.000955704 5 5 10 10 327 306 21 31
-0.000955137 5 10 10 10 327 306 21 31
-0.000955887 5 15 10 10 327 306 21 31
-0.000955811 5 20 10 10 327 306 21 31
-0.000955924 10 0 10 10 327 306 21 31
-0.000955445 10 5 10 10 327 306 21 31
-0.000955375 10 10 10 10 327 306 21 31
-0.000955781 10 15 10 10 327 306 21 31
-0.000955581 10 20 10 10 327 306 21 31
-0.000955863 0 0 10 10 327 306 21 31
-0.00095597 0 5 10 10 327 306 21 31
-0.000955849 0 10 10 10 327 306 21 31
-0.000955966 0 15 10 10 327 306 21 31
-0.000955431 0 20 10 10 327 306 21 31
-0.000955765 5 0 10 10 327 306 21 31
-0.000955955 5 5 10 10 327 306 21 31
-0.000955508 5 10 10 10 327 306 21 31
-0.000955973 5 15 10 10 327 306 21 31
-0.000955586 5 20 10 10 327 306 21 31
-0.000955728 10 0 10 10 327 306 21 31
-0.000955942 10 5 10 10 327 306 21 31
-0.000955287 10 10 10 10 327 306 21 31
-0.00095597 10 15 10 10 327 306 21 31
-0.000955044 10 20 10 10 327 306 21 31
-0.000955949 0 0 10 10 327 306 21 31
-0.000955996 0 5 10 10 327 306 21 31
-0.000955884 0 10 10 10 327 306 21 31
-0.000955659 0 15 10 10 327 306 21 31
-0.000955143 0 20 10 10 327 306 21 31
-0.00095566 5 0 10 10 327 306 21 31
-0.000954964 5 5 10 10 327 306 21 31
-0.000955476 5 10 10 10 327 306 21 31
-0.000955586 5 15 10 10 327 306 21 31
-0.000955852 5 20 10 10 327 306 21 31
-0.00095595 10 0 10 10 327 306 21 31
-0.000954294 10 5 10 10 327 306 21 31
-0.000955809 10 10 10 10 327 306 21 31
-0.000955901 10 15 10 10 327 306 21 31
-0.00095579 10 20 10 10 327 306 21 31
-0.000955987 0 0 10 10 327 306 21 31
-0.000956013 0 5 10 10 327 306 21 31
-0.000955917 0 10 10 10 327 306 21 31
-0.000955147 0 15 10 10 327 306 21 31
-0.000955381 0 20 10 10 327 306 21 31
-0.00095591 5 0 10 10 327 306 21 31
-0.000949641 5 5 10 10 327 306 21 31
-0.000949835 5 10 10 10 327 306 21 31
-0.000847012 5 15 10 10 327 306 21 31
-0.000598842 5 20 10 10 327 306 21 31
-0.000955977 10 0 10 10 327 306 21 31
-0.000955888 10 5 10 10 327 306 21 31
-0.000955955 10 10 10 10 327 306 21 31
-0.000955945 10 15 10 10 327 306 21 31
-0.000955865 10 20 10 10 327 306 21 31
-0.000955865 0 0 14 20 327 306 21 31
-0.000955854 0 10 14 20 327 306 21 31
-0.000955816 7 0 14 20 327 306 21 31
-0.000955756 7 10 14 20 327 306 21 31
-0.00087865 0 0 14 20 327 306 21 31
-0.000954897 0 10 14 20 327 306 21 31
-0.0009518 7 0 14 20 327 306 21 31
-0.000955319 7 10 14 20 327 306 21 31
-0.000953588 0 0 14 20 327 306 21 31
-0.000954759 0 10 14 20 327 306 21 31
-0.000955118 7 0 14 20 327 306 21 31
-0.000955588 7 10 14 20 327 306 21 31
-0.000953444 0 0 14 20 327 306 21 31
-0.000955812 0 10 14 20 327 306 21 31
-0.00095343 7 0 14 20 327 306 21 31
-0.000955614 7 10 14 20 327 306 21 31
-0.000955241 0 0 14 20 327 306 21 31
-0.000955405 0 10 14 20 327 306 21 31
-0.000955887 7 0 14 20 327 306 21 31
-0.000955072 7 10 14 20 327 306 21 31
-0.000955952 0 0 14 20 327 306 21 31
-0.000955949 0 10 14 20 327 306 21 31
-0.000955815 7 0 14 20 327 306 21 31
-0.000955519 7 10 14 20 327 306 21 31
-0.000955814 0 0 14 20 327 306 21 31
-0.000955712 0 10 14 20 327 306 21 31
-0.000955435 7 0 14 20 327 306 21 31
-0.000955262 7 10 14 20 327 306 21 31
-0.000955799 0 0 14 20 327 306 21 31
-0.00095515 0 10 14 20 327 306 21 31
-0.000955688 7 0 14 20 327 306 21 31
-0.0009548 7 10 14 20 327 306 21 31
-0.00095576 0 0 14 20 327 306 21 31
-0.000955551 0 10 14 20 327 306 21 31
-0.000955856 7 0 14 20 327 306 21 31
-0.000955873 7 10 14 20 327 306 21 31
-0.00095593 0 0 14 20 327 306 21 31
-0.00095564 0 10 14 20 327 306 21 31
-0.000955929 7 0 14 20 327 306 21 31
-0.00095585 7 10 14 20 327 306 21 31
-0.0009557 0 0 21 31 327 306 21 31
-0.000951854 0 0 21 31 327 306 21 31
-0.000955056 0 0 21 31 327 306 21 31
-0.000955069 0 0 21 31 327 306 21 31
-0.000955447 0 0 21 31 327 306 21 31
-0.000955951 0 0 21 31 327 306 21 31
-0.000955532 0 0 21 31 327 306 21 31
-0.000955332 0 0 21 31 327 306 21 31
-0.000955427 0 0 21 31 327 306 21 31
-0.000955825 0 0 21 31 327 306 21 31
