-0.00283774 0 0 11 11 282 248 51 50
-0.00354708 0 5 11 11 282 248 51 50
-0.00288427 0 10 11 11 282 248 51 50
-0.00355657 0 15 11 11 282 248 51 50
-0.00356052 0 20 11 11 282 248 51 50
-0.00356135 0 25 11 11 282 248 51 50
-0.0035632 0 30 11 11 282 248 51 50
-0.00356477 0 35 11 11 282 248 51 50
-0.00355474 5 0 11 11 282 248 51 50
-0.00356009 5 5 11 11 282 248 51 50
-0.00356198 5 10 11 11 282 248 51 50
-0.00356279 5 15 11 11 282 248 51 50
-0.00356171 5 20 11 11 282 248 51 50
-0.00355851 5 25 11 11 282 248 51 50
-0.00356208 5 30 11 11 282 248 51 50
-0.00356437 5 35 11 11 282 248 51 50
-0.00355963 10 0 11 11 282 248 51 50
-0.00356375 10 5 11 11 282 248 51 50
-0.00356483 10 10 11 11 282 248 51 50
-0.00356483 10 15 11 11 282 248 51 50
-0.00356451 10 20 11 11 282 248 51 50
-0.00356396 10 25 11 11 282 248 51 50
-0.00356396 10 30 11 11 282 248 51 50
-0.00356394 10 35 11 11 282 248 51 50
-0.00356283 15 0 11 11 282 248 51 50
-0.0035644 15 5 11 11 282 248 51 50
-0.00356432 15 10 11 11 282 248 51 50
-0.00355724 15 15 11 11 282 248 51 50
-0.00356393 15 20 11 11 282 248 51 50
-0.00356387 15 25 11 11 282 248 51 50
-0.00356355 15 30 11 11 282 248 51 50
-0.00356247 15 35 11 11 282 248 51 50
-0.00356214 20 0 11 11 282 248 51 50
-0.00356393 20 5 11 11 282 248 51 50
-0.00356 20 10 11 11 282 248 51 50
-0.00354611 20 15 11 11 282 248 51 50
-0.00356287 20 20 11 11 282 248 51 50
-0.0035642 20 25 11 11 282 248 51 50
-0.00356412 20 30 11 11 282 248 51 50
-0.00356313 20 35 11 11 282 248 51 50
-0.0035622 25 0 11 11 282 248 51 50
-0.00356075 25 5 11 11 282 248 51 50
-0.00356299 25 10 11 11 282 248 51 50
-0.00356483 25 15 11 11 282 248 51 50
-0.00356484 25 20 11 11 282 248 51 50
-0.00356083 25 25 11 11 282 248 51 50
-0.00355835 25 30 11 11 282 248 51 50
-0.00355442 25 35 11 11 282 248 51 50
-0.00355235 30 0 11 11 282 248 51 50
-0.0035631 30 5 11 11 282 248 51 50
-0.00356475 30 10 11 11 282 248 51 50
-0.0035647 30 15 11 11 282 248 51 50
-0.00356488 30 20 11 11 282 248 51 50
-0.0035651 30 25 11 11 282 248 51 50
-0.00356382 30 30 11 11 282 248 51 50
-0.00355316 30 35 11 11 282 248 51 50
-0.00356389 35 0 11 11 282 248 51 50
-0.00356405 35 5 11 11 282 248 51 50
-0.00356418 35 10 11 11 282 248 51 50
-0.00356132 35 15 11 11 282 248 51 50
-0.00356297 35 20 11 11 282 248 51 50
-0.0035648 35 25 11 11 282 248 51 50
-0.00356464 35 30 11 11 282 248 51 50
-0.00355811 35 35 11 11 282 248 51 50
-0.00356031 0 0 11 11 282 248 51 50
-0.00356331 0 5 11 11 282 248 51 50
-0.00356363 0 10 11 11 282 248 51 50
-0.0035619 0 15 11 11 282 248 51 50
-0.00354791 0 20 11 11 282 248 51 50
-0.00239128 0 25 11 11 282 248 51 50
-0.00355759 0 30 11 11 282 248 51 50
-0.00355944 0 35 11 11 282 248 51 50
-0.00356202 5 0 11 11 282 248 51 50
-0.00356428 5 5 11 11 282 248 51 50
-0.00356488 5 10 11 11 282 248 51 50
-0.00356458 5 15 11 11 282 248 51 50
-0.00356191 5 20 11 11 282 248 51 50
-0.00328278 5 25 11 11 282 248 51 50
-0.00355702 5 30 11 11 282 248 51 50
-0.00356181 5 35 11 11 282 248 51 50
-0.00356314 10 0 11 11 282 248 51 50
-0.00356482 10 5 11 11 282 248 51 50
-0.00356442 10 10 11 11 282 248 51 50
-0.00356379 10 15 11 11 282 248 51 50
-0.00356359 10 20 11 11 282 248 51 50
-0.00355628 10 25 11 11 282 248 51 50
-0.00355452 10 30 11 11 282 248 51 50
-0.00356286 10 35 11 11 282 248 51 50
-0.00356262 15 0 11 11 282 248 51 50
-0.00356398 15 5 11 11 282 248 51 50
-0.00355591 15 10 11 11 282 248 51 50
-0.00356033 15 15 11 11 282 248 51 50
-0.0035606 15 20 11 11 282 248 51 50
-0.00336375 15 25 11 11 282 248 51 50
-0.00354989 15 30 11 11 282 248 51 50
-0.00356442 15 35 11 11 282 248 51 50
-0.00356233 20 0 11 11 282 248 51 50
-0.00356298 20 5 11 11 282 248 51 50
-0.00355282 20 10 11 11 282 248 51 50
-0.00356009 20 15 11 11 282 248 51 50
-0.00355071 20 20 11 11 282 248 51 50
-0.00355428 20 25 11 11 282 248 51 50
-0.00356005 20 30 11 11 282 248 51 50
-0.00356487 20 35 11 11 282 248 51 50
-0.00355999 25 0 11 11 282 248 51 50
-0.00355898 25 5 11 11 282 248 51 50
-0.0035597 25 10 11 11 282 248 51 50
-0.00356243 25 15 11 11 282 248 51 50
-0.00214706 25 20 11 11 282 248 51 50
-0.00261565 25 25 11 11 282 248 51 50
-0.00355683 25 30 11 11 282 248 51 50
-0.00356449 25 35 11 11 282 248 51 50
-0.0026682 30 0 11 11 282 248 51 50
-0.00355526 30 5 11 11 282 248 51 50
-0.00356365 30 10 11 11 282 248 51 50
-0.00356352 30 15 11 11 282 248 51 50
-0.0035593 30 20 11 11 282 248 51 50
-0.00355178 30 25 11 11 282 248 51 50
-0.0035593 30 30 11 11 282 248 51 50
-0.00356429 30 35 11 11 282 248 51 50
-0.00355505 35 0 11 11 282 248 51 50
-0.00354509 35 5 11 11 282 248 51 50
-0.00356258 35 10 11 11 282 248 51 50
-0.00355567 35 15 11 11 282 248 51 50
-0.00355451 35 20 11 11 282 248 51 50
-0.00356074 35 25 11 11 282 248 51 50
-0.00356222 35 30 11 11 282 248 51 50
-0.00356376 35 35 11 11 282 248 51 50
-0.00356447 0 0 11 11 282 248 51 50
-0.00356353 0 5 11 11 282 248 51 50
-0.00356395 0 10 11 11 282 248 51 50
-0.00356398 0 15 11 11 282 248 51 50
-0.00356418 0 20 11 11 282 248 51 50
-0.00356296 0 25 11 11 282 248 51 50
-0.00356292 0 30 11 11 282 248 51 50
-0.00356443 0 35 11 11 282 248 51 50
-0.00356096 5 0 11 11 282 248 51 50
-0.00356261 5 5 11 11 282 248 51 50
-0.00356383 5 10 11 11 282 248 51 50
-0.00356325 5 15 11 11 282 248 51 50
-0.00356369 5 20 11 11 282 248 51 50
-0.00356229 5 25 11 11 282 248 51 50
-0.00356139 5 30 11 11 282 248 51 50
-0.00356404 5 35 11 11 282 248 51 50
-0.00356463 10 0 11 11 282 248 51 50
-0.00356477 10 5 11 11 282 248 51 50
-0.00356405 10 10 11 11 282 248 51 50
-0.00356207 10 15 11 11 282 248 51 50
-0.00356457 10 20 11 11 282 248 51 50
-0.00356464 10 25 11 11 282 248 51 50
-0.00356459 10 30 11 11 282 248 51 50
-0.00356459 10 35 11 11 282 248 51 50
-0.00356489 15 0 11 11 282 248 51 50
-0.00356453 15 5 11 11 282 248 51 50
-0.00356387 15 10 11 11 282 248 51 50
-0.00355758 15 15 11 11 282 248 51 50
-0.00355725 15 20 11 11 282 248 51 50
-0.00356463 15 25 11 11 282 248 51 50
-0.00356495 15 30 11 11 282 248 51 50
-0.00356456 15 35 11 11 282 248 51 50
-0.0035639 20 0 11 11 282 248 51 50
-0.00355217 20 5 11 11 282 248 51 50
-0.00356245 20 10 11 11 282 248 51 50
-0.00356105 20 15 11 11 282 248 51 50
-0.00356083 20 20 11 11 282 248 51 50
-0.00355963 20 25 11 11 282 248 51 50
-0.00355651 20 30 11 11 282 248 51 50
-0.00356096 20 35 11 11 282 248 51 50
-0.00355007 25 0 11 11 282 248 51 50
-0.0018731 25 5 11 11 282 248 51 50
-0.00356303 25 10 11 11 282 248 51 50
-0.00356485 25 15 11 11 282 248 51 50
-0.00356482 25 20 11 11 282 248 51 50
-0.00356211 25 25 11 11 282 248 51 50
-0.00300347 25 30 11 11 282 248 51 50
-0.0035477 25 35 11 11 282 248 51 50
-0.00355904 30 0 11 11 282 248 51 50
-0.00356323 30 5 11 11 282 248 51 50
-0.0035652 30 10 11 11 282 248 51 50
-0.00356484 30 15 11 11 282 248 51 50
-0.00356474 30 20 11 11 282 248 51 50
-0.00356497 30 25 11 11 282 248 51 50
-0.00356296 30 30 11 11 282 248 51 50
-0.00356079 30 35 11 11 282 248 51 50
-0.00355786 35 0 11 11 282 248 51 50
-0.00356512 35 5 11 11 282 248 51 50
-0.00356458 35 10 11 11 282 248 51 50
-0.00356266 35 15 11 11 282 248 51 50
-0.0035624 35 20 11 11 282 248 51 50
-0.00356456 35 25 11 11 282 248 51 50
-0.00356475 35 30 11 11 282 248 51 50
-0.00355689 35 35 11 11 282 248 51 50
-0.00355552 0 0 11 11 282 248 51 50
-0.00355887 0 5 11 11 282 248 51 50
-0.00354721 0 10 11 11 282 248 51 50
-0.0035516 0 15 11 11 282 248 51 50
-0.00355699 0 20 11 11 282 248 51 50
-0.00355944 0 25 11 11 282 248 51 50
-0.00355875 0 30 11 11 282 248 51 50
-0.00356423 0 35 11 11 282 248 51 50
-0.00355955 5 0 11 11 282 248 51 50
-0.00356168 5 5 11 11 282 248 51 50
-0.00356284 5 10 11 11 282 248 51 50
-0.00356288 5 15 11 11 282 248 51 50
-0.00356222 5 20 11 11 282 248 51 50
-0.00356286 5 25 11 11 282 248 51 50
-0.00356429 5 30 11 11 282 248 51 50
-0.00356535 5 35 11 11 282 248 51 50
-0.00355738 10 0 11 11 282 248 51 50
-0.00356465 10 5 11 11 282 248 51 50
-0.00356514 10 10 11 11 282 248 51 50
-0.0035651 10 15 11 11 282 248 51 50
-0.0035641 10 20 11 11 282 248 51 50
-0.00356185 10 25 11 11 282 248 51 50
-0.00356384 10 30 11 11 282 248 51 50
-0.0035631 10 35 11 11 282 248 51 50
-0.00356142 15 0 11 11 282 248 51 50
-0.0035649 15 5 11 11 282 248 51 50
-0.00356255 15 10 11 11 282 248 51 50
-0.00356304 15 15 11 11 282 248 51 50
-0.00356418 15 20 11 11 282 248 51 50
-0.00356144 15 25 11 11 282 248 51 50
-0.00356169 15 30 11 11 282 248 51 50
-0.00356021 15 35 11 11 282 248 51 50
-0.00355816 20 0 11 11 282 248 51 50
-0.00356347 20 5 11 11 282 248 51 50
-0.00356094 20 10 11 11 282 248 51 50
-0.00355793 20 15 11 11 282 248 51 50
-0.00356228 20 20 11 11 282 248 51 50
-0.00355315 20 25 11 11 282 248 51 50
-0.00356025 20 30 11 11 282 248 51 50
-0.00356089 20 35 11 11 282 248 51 50
-0.0035622 25 0 11 11 282 248 51 50
-0.00355565 25 5 11 11 282 248 51 50
-0.00356217 25 10 11 11 282 248 51 50
-0.00356163 25 15 11 11 282 248 51 50
-0.00356212 25 20 11 11 282 248 51 50
-0.00354209 25 25 11 11 282 248 51 50
-0.00355954 25 30 11 11 282 248 51 50
-0.00355766 25 35 11 11 282 248 51 50
-0.00356265 30 0 11 11 282 248 51 50
-0.00356411 30 5 11 11 282 248 51 50
-0.00356435 30 10 11 11 282 248 51 50
-0.00356291 30 15 11 11 282 248 51 50
-0.00354974 30 20 11 11 282 248 51 50
-0.00355841 30 25 11 11 282 248 51 50
-0.00356183 30 30 11 11 282 248 51 50
-0.00355467 30 35 11 11 282 248 51 50
-0.00356363 35 0 11 11 282 248 51 50
-0.00356506 35 5 11 11 282 248 51 50
-0.00356359 35 10 11 11 282 248 51 50
-0.00356477 35 15 11 11 282 248 51 50
-0.0035647 35 20 11 11 282 248 51 50
-0.0035647 35 25 11 11 282 248 51 50
-0.00356395 35 30 11 11 282 248 51 50
-0.00201517 35 35 11 11 282 248 51 50
-0.00356397 0 0 11 11 282 248 51 50
-0.00356331 0 5 11 11 282 248 51 50
-0.00356371 0 10 11 11 282 248 51 50
-0.00356425 0 15 11 11 282 248 51 50
-0.00356386 0 20 11 11 282 248 51 50
-0.00356258 0 25 11 11 282 248 51 50
-0.00356422 0 30 11 11 282 248 51 50
-0.00356525 0 35 11 11 282 248 51 50
-0.00356259 5 0 11 11 282 248 51 50
-0.00356408 5 5 11 11 282 248 51 50
-0.00356406 5 10 11 11 282 248 51 50
-0.00356065 5 15 11 11 282 248 51 50
-0.00356341 5 20 11 11 282 248 51 50
-0.00356108 5 25 11 11 282 248 51 50
-0.00356408 5 30 11 11 282 248 51 50
-0.00356522 5 35 11 11 282 248 51 50
-0.00355931 10 0 11 11 282 248 51 50
-0.0035647 10 5 11 11 282 248 51 50
-0.00356519 10 10 11 11 282 248 51 50
-0.00356519 10 15 11 11 282 248 51 50
-0.00356492 10 20 11 11 282 248 51 50
-0.00356423 10 25 11 11 282 248 51 50
-0.00356452 10 30 11 11 282 248 51 50
-0.00356516 10 35 11 11 282 248 51 50
-0.00356364 15 0 11 11 282 248 51 50
-0.00356463 15 5 11 11 282 248 51 50
-0.00356518 15 10 11 11 282 248 51 50
-0.00355857 15 15 11 11 282 248 51 50
-0.00356529 15 20 11 11 282 248 51 50
-0.00356526 15 25 11 11 282 248 51 50
-0.00356528 15 30 11 11 282 248 51 50
-0.0035649 15 35 11 11 282 248 51 50
-0.00356394 20 0 11 11 282 248 51 50
-0.00356441 20 5 11 11 282 248 51 50
-0.00356492 20 10 11 11 282 248 51 50
-0.00355889 20 15 11 11 282 248 51 50
-0.00355419 20 20 11 11 282 248 51 50
-0.00354213 20 25 11 11 282 248 51 50
-0.00356238 20 30 11 11 282 248 51 50
-0.00356172 20 35 11 11 282 248 51 50
-0.00356525 25 0 11 11 282 248 51 50
-0.00356497 25 5 11 11 282 248 51 50
-0.00356501 25 10 11 11 282 248 51 50
-0.00356536 25 15 11 11 282 248 51 50
-0.00356533 25 20 11 11 282 248 51 50
-0.00356327 25 25 11 11 282 248 51 50
-0.00356145 25 30 11 11 282 248 51 50
-0.00354132 25 35 11 11 282 248 51 50
-0.00356354 30 0 11 11 282 248 51 50
-0.00356397 30 5 11 11 282 248 51 50
-0.00356505 30 10 11 11 282 248 51 50
-0.00356447 30 15 11 11 282 248 51 50
-0.0035647 30 20 11 11 282 248 51 50
-0.00356533 30 25 11 11 282 248 51 50
-0.00355683 30 30 11 11 282 248 51 50
-0.00326238 30 35 11 11 282 248 51 50
-0.00356425 35 0 11 11 282 248 51 50
-0.00356445 35 5 11 11 282 248 51 50
-0.00356482 35 10 11 11 282 248 51 50
-0.0035634 35 15 11 11 282 248 51 50
-0.00356416 35 20 11 11 282 248 51 50
-0.0035652 35 25 11 11 282 248 51 50
-0.00355951 35 30 11 11 282 248 51 50
-0.00356322 35 35 11 11 282 248 51 50
-0.00355584 0 0 11 11 282 248 51 50
-0.00356261 0 5 11 11 282 248 51 50
-0.00356403 0 10 11 11 282 248 51 50
-0.00356257 0 15 11 11 282 248 51 50
-0.00355339 0 20 11 11 282 248 51 50
-0.00355361 0 25 11 11 282 248 51 50
-0.00356424 0 30 11 11 282 248 51 50
-0.00356455 0 35 11 11 282 248 51 50
-0.00356091 5 0 11 11 282 248 51 50
-0.00356226 5 5 11 11 282 248 51 50
-0.00356407 5 10 11 11 282 248 51 50
-0.00356378 5 15 11 11 282 248 51 50
-0.00356411 5 20 11 11 282 248 51 50
-0.00356266 5 25 11 11 282 248 51 50
-0.00356078 5 30 11 11 282 248 51 50
-0.0035638 5 35 11 11 282 248 51 50
-0.0035629 10 0 11 11 282 248 51 50
-0.00356245 10 5 11 11 282 248 51 50
-0.003565 10 10 11 11 282 248 51 50
-0.00356506 10 15 11 11 282 248 51 50
-0.00356514 10 20 11 11 282 248 51 50
-0.00356479 10 25 11 11 282 248 51 50
-0.00356447 10 30 11 11 282 248 51 50
-0.00356397 10 35 11 11 282 248 51 50
-0.00356171 15 0 11 11 282 248 51 50
-0.00356438 15 5 11 11 282 248 51 50
-0.00356514 15 10 11 11 282 248 51 50
-0.00355402 15 15 11 11 282 248 51 50
-0.00355676 15 20 11 11 282 248 51 50
-0.00356144 15 25 11 11 282 248 51 50
-0.00356056 15 30 11 11 282 248 51 50
-0.00356215 15 35 11 11 282 248 51 50
-0.00356371 20 0 11 11 282 248 51 50
-0.00356476 20 5 11 11 282 248 51 50
-0.00356429 20 10 11 11 282 248 51 50
-0.00355885 20 15 11 11 282 248 51 50
-0.00355615 20 20 11 11 282 248 51 50
-0.0035632 20 25 11 11 282 248 51 50
-0.00356082 20 30 11 11 282 248 51 50
-0.00356469 20 35 11 11 282 248 51 50
-0.00356527 25 0 11 11 282 248 51 50
-0.00356505 25 5 11 11 282 248 51 50
-0.00356507 25 10 11 11 282 248 51 50
-0.00356528 25 15 11 11 282 248 51 50
-0.00356451 25 20 11 11 282 248 51 50
-0.00356263 25 25 11 11 282 248 51 50
-0.00356459 25 30 11 11 282 248 51 50
-0.00356443 25 35 11 11 282 248 51 50
-0.00315856 30 0 11 11 282 248 51 50
-0.00356504 30 5 11 11 282 248 51 50
-0.00356496 30 10 11 11 282 248 51 50
-0.00356456 30 15 11 11 282 248 51 50
-0.00356519 30 20 11 11 282 248 51 50
-0.00356489 30 25 11 11 282 248 51 50
-0.00355852 30 30 11 11 282 248 51 50
-0.00355534 30 35 11 11 282 248 51 50
-0.00356323 35 0 11 11 282 248 51 50
-0.00356495 35 5 11 11 282 248 51 50
-0.00356449 35 10 11 11 282 248 51 50
-0.00356036 35 15 11 11 282 248 51 50
-0.00356439 35 20 11 11 282 248 51 50
-0.00356516 35 25 11 11 282 248 51 50
-0.0035646 35 30 11 11 282 248 51 50
-0.00356005 35 35 11 11 282 248 51 50
-0.0035641 0 0 11 11 282 248 51 50
-0.00356383 0 5 11 11 282 248 51 50
-0.00356407 0 10 11 11 282 248 51 50
-0.00356377 0 15 11 11 282 248 51 50
-0.00355543 0 20 11 11 282 248 51 50
-0.00356315 0 25 11 11 282 248 51 50
-0.00356441 0 30 11 11 282 248 51 50
-0.00356427 0 35 11 11 282 248 51 50
-0.00356446 5 0 11 11 282 248 51 50
-0.00355249 5 5 11 11 282 248 51 50
-0.00356437 5 10 11 11 282 248 51 50
-0.00356426 5 15 11 11 282 248 51 50
-0.00356153 5 20 11 11 282 248 51 50
-0.00356164 5 25 11 11 282 248 51 50
-0.00355113 5 30 11 11 282 248 51 50
-0.00354926 5 35 11 11 282 248 51 50
-0.003565 10 0 11 11 282 248 51 50
-0.00356453 10 5 11 11 282 248 51 50
-0.00356477 10 10 11 11 282 248 51 50
-0.00356317 10 15 11 11 282 248 51 50
-0.00355847 10 20 11 11 282 248 51 50
-0.00356185 10 25 11 11 282 248 51 50
-0.00356265 10 30 11 11 282 248 51 50
-0.0035612 10 35 11 11 282 248 51 50
-0.00356466 15 0 11 11 282 248 51 50
-0.00356502 15 5 11 11 282 248 51 50
-0.0035649 15 10 11 11 282 248 51 50
-0.00356333 15 15 11 11 282 248 51 50
-0.00356048 15 20 11 11 282 248 51 50
-0.00356048 15 25 11 11 282 248 51 50
-0.00355834 15 30 11 11 282 248 51 50
-0.00356121 15 35 11 11 282 248 51 50
-0.00355316 20 0 11 11 282 248 51 50
-0.00356317 20 5 11 11 282 248 51 50
-0.00355749 20 10 11 11 282 248 51 50
-0.0035642 20 15 11 11 282 248 51 50
-0.0035651 20 20 11 11 282 248 51 50
-0.00356491 20 25 11 11 282 248 51 50
-0.00356425 20 30 11 11 282 248 51 50
-0.00356341 20 35 11 11 282 248 51 50
-0.00355896 25 0 11 11 282 248 51 50
-0.00356225 25 5 11 11 282 248 51 50
-0.00356222 25 10 11 11 282 248 51 50
-0.0035612 25 15 11 11 282 248 51 50
-0.00356348 25 20 11 11 282 248 51 50
-0.00355221 25 25 11 11 282 248 51 50
-0.00356369 25 30 11 11 282 248 51 50
-0.00356397 25 35 11 11 282 248 51 50
-0.00356301 30 0 11 11 282 248 51 50
-0.0035646 30 5 11 11 282 248 51 50
-0.00356483 30 10 11 11 282 248 51 50
-0.00356485 30 15 11 11 282 248 51 50
-0.00356525 30 20 11 11 282 248 51 50
-0.00356529 30 25 11 11 282 248 51 50
-0.00356471 30 30 11 11 282 248 51 50
-0.00356402 30 35 11 11 282 248 51 50
-0.00338362 35 0 11 11 282 248 51 50
-0.0035649 35 5 11 11 282 248 51 50
-0.0035644 35 10 11 11 282 248 51 50
-0.003561 35 15 11 11 282 248 51 50
-0.00356284 35 20 11 11 282 248 51 50
-0.0035631 35 25 11 11 282 248 51 50
-0.00356128 35 30 11 11 282 248 51 50
-0.00356197 35 35 11 11 282 248 51 50
-0.00356413 0 0 11 11 282 248 51 50
-0.0035638 0 5 11 11 282 248 51 50
-0.00356224 0 10 11 11 282 248 51 50
-0.00356432 0 15 11 11 282 248 51 50
-0.00356343 0 20 11 11 282 248 51 50
-0.00356425 0 25 11 11 282 248 51 50
-0.00356473 0 30 11 11 282 248 51 50
-0.00356518 0 35 11 11 282 248 51 50
-0.00356445 5 0 11 11 282 248 51 50
-0.00356395 5 5 11 11 282 248 51 50
-0.00356434 5 10 11 11 282 248 51 50
-0.0035647 5 15 11 11 282 248 51 50
-0.00356051 5 20 11 11 282 248 51 50
-0.0035617 5 25 11 11 282 248 51 50
-0.00356344 5 30 11 11 282 248 51 50
-0.00356472 5 35 11 11 282 248 51 50
-0.00356519 10 0 11 11 282 248 51 50
-0.00356525 10 5 11 11 282 248 51 50
-0.00356524 10 10 11 11 282 248 51 50
-0.00356503 10 15 11 11 282 248 51 50
-0.00356425 10 20 11 11 282 248 51 50
-0.00356485 10 25 11 11 282 248 51 50
-0.00356514 10 30 11 11 282 248 51 50
-0.00356518 10 35 11 11 282 248 51 50
-0.00356149 15 0 11 11 282 248 51 50
-0.00356097 15 5 11 11 282 248 51 50
-0.00356302 15 10 11 11 282 248 51 50
-0.003565 15 15 11 11 282 248 51 50
-0.00356439 15 20 11 11 282 248 51 50
-0.00356322 15 25 11 11 282 248 51 50
-0.00356242 15 30 11 11 282 248 51 50
-0.00356332 15 35 11 11 282 248 51 50
-0.00356377 20 0 11 11 282 248 51 50
-0.00356417 20 5 11 11 282 248 51 50
-0.00356519 20 10 11 11 282 248 51 50
-0.00356471 20 15 11 11 282 248 51 50
-0.00356491 20 20 11 11 282 248 51 50
-0.00356492 20 25 11 11 282 248 51 50
-0.00356428 20 30 11 11 282 248 51 50
-0.00356408 20 35 11 11 282 248 51 50
-0.0035602 25 0 11 11 282 248 51 50
-0.00356414 25 5 11 11 282 248 51 50
-0.00356356 25 10 11 11 282 248 51 50
-0.00356241 25 15 11 11 282 248 51 50
-0.0035654 25 20 11 11 282 248 51 50
-0.00356447 25 25 11 11 282 248 51 50
-0.00356487 25 30 11 11 282 248 51 50
-0.00355873 25 35 11 11 282 248 51 50
-0.00356455 30 0 11 11 282 248 51 50
-0.00356487 30 5 11 11 282 248 51 50
-0.00356358 30 10 11 11 282 248 51 50
-0.00356462 30 15 11 11 282 248 51 50
-0.00356524 30 20 11 11 282 248 51 50
-0.00356528 30 25 11 11 282 248 51 50
-0.00356421 30 30 11 11 282 248 51 50
-0.00355989 30 35 11 11 282 248 51 50
-0.00355892 35 0 11 11 282 248 51 50
-0.00356465 35 5 11 11 282 248 51 50
-0.00356491 35 10 11 11 282 248 51 50
-0.00356431 35 15 11 11 282 248 51 50
-0.00356201 35 20 11 11 282 248 51 50
-0.00356269 35 25 11 11 282 248 51 50
-0.0035643 35 30 11 11 282 248 51 50
-0.00356455 35 35 11 11 282 248 51 50
-0.00356406 0 0 11 11 282 248 51 50
-0.00356324 0 5 11 11 282 248 51 50
-0.00356422 0 10 11 11 282 248 51 50
-0.00356413 0 15 11 11 282 248 51 50
-0.00356338 0 20 11 11 282 248 51 50
-0.00356381 0 25 11 11 282 248 51 50
-0.00356315 0 30 11 11 282 248 51 50
-0.00356476 0 35 11 11 282 248 51 50
-0.00356476 5 0 11 11 282 248 51 50
-0.00356473 5 5 11 11 282 248 51 50
-0.0035647 5 10 11 11 282 248 51 50
-0.00356452 5 15 11 11 282 248 51 50
-0.00355781 5 20 11 11 282 248 51 50
-0.00355433 5 25 11 11 282 248 51 50
-0.00356202 5 30 11 11 282 248 51 50
-0.00356468 5 35 11 11 282 248 51 50
-0.00356521 10 0 11 11 282 248 51 50
-0.00356473 10 5 11 11 282 248 51 50
-0.00356476 10 10 11 11 282 248 51 50
-0.00356503 10 15 11 11 282 248 51 50
-0.00356436 10 20 11 11 282 248 51 50
-0.0035643 10 25 11 11 282 248 51 50
-0.00356434 10 30 11 11 282 248 51 50
-0.00356494 10 35 11 11 282 248 51 50
-0.00356482 15 0 11 11 282 248 51 50
-0.00355224 15 5 11 11 282 248 51 50
-0.00356191 15 10 11 11 282 248 51 50
-0.00356205 15 15 11 11 282 248 51 50
-0.00356383 15 20 11 11 282 248 51 50
-0.00356147 15 25 11 11 282 248 51 50
-0.0035621 15 30 11 11 282 248 51 50
-0.00356512 15 35 11 11 282 248 51 50
-0.0035642 20 0 11 11 282 248 51 50
-0.00355925 20 5 11 11 282 248 51 50
-0.00356139 20 10 11 11 282 248 51 50
-0.00356011 20 15 11 11 282 248 51 50
-0.00356435 20 20 11 11 282 248 51 50
-0.00356508 20 25 11 11 282 248 51 50
-0.00356529 20 30 11 11 282 248 51 50
-0.0035652 20 35 11 11 282 248 51 50
-0.00356388 25 0 11 11 282 248 51 50
-0.00356407 25 5 11 11 282 248 51 50
-0.00356129 25 10 11 11 282 248 51 50
-0.00356176 25 15 11 11 282 248 51 50
-0.00356389 25 20 11 11 282 248 51 50
-0.00356408 25 25 11 11 282 248 51 50
-0.00356296 25 30 11 11 282 248 51 50
-0.00355685 25 35 11 11 282 248 51 50
-0.00355927 30 0 11 11 282 248 51 50
-0.00356465 30 5 11 11 282 248 51 50
-0.00356525 30 10 11 11 282 248 51 50
-0.0035652 30 15 11 11 282 248 51 50
-0.00356508 30 20 11 11 282 248 51 50
-0.00356517 30 25 11 11 282 248 51 50
-0.00356554 30 30 11 11 282 248 51 50
-0.00355308 30 35 11 11 282 248 51 50
-0.00356435 35 0 11 11 282 248 51 50
-0.00356395 35 5 11 11 282 248 51 50
-0.0035627 35 10 11 11 282 248 51 50
-0.00355977 35 15 11 11 282 248 51 50
-0.00355885 35 20 11 11 282 248 51 50
-0.00356427 35 25 11 11 282 248 51 50
-0.00356544 35 30 11 11 282 248 51 50
-0.00355903 35 35 11 11 282 248 51 50
-0.00356076 0 0 11 11 282 248 51 50
-0.00355698 0 5 11 11 282 248 51 50
-0.00356319 0 10 11 11 282 248 51 50
-0.00356282 0 15 11 11 282 248 51 50
-0.00356279 0 20 11 11 282 248 51 50
-0.00356265 0 25 11 11 282 248 51 50
-0.00356075 0 30 11 11 282 248 51 50
-0.00356487 0 35 11 11 282 248 51 50
-0.00356414 5 0 11 11 282 248 51 50
-0.0035644 5 5 11 11 282 248 51 50
-0.0035634 5 10 11 11 282 248 51 50
-0.00356297 5 15 11 11 282 248 51 50
-0.00356208 5 20 11 11 282 248 51 50
-0.00356099 5 25 11 11 282 248 51 50
-0.00356292 5 30 11 11 282 248 51 50
-0.00356486 5 35 11 11 282 248 51 50
-0.00356374 10 0 11 11 282 248 51 50
-0.00356468 10 5 11 11 282 248 51 50
-0.0035648 10 10 11 11 282 248 51 50
-0.00356506 10 15 11 11 282 248 51 50
-0.00356479 10 20 11 11 282 248 51 50
-0.00356384 10 25 11 11 282 248 51 50
-0.00356386 10 30 11 11 282 248 51 50
-0.00356503 10 35 11 11 282 248 51 50
-0.0035633 15 0 11 11 282 248 51 50
-0.00356378 15 5 11 11 282 248 51 50
-0.00356428 15 10 11 11 282 248 51 50
-0.00356173 15 15 11 11 282 248 51 50
-0.00356492 15 20 11 11 282 248 51 50
-0.00356425 15 25 11 11 282 248 51 50
-0.00356435 15 30 11 11 282 248 51 50
-0.00356528 15 35 11 11 282 248 51 50
-0.0035649 20 0 11 11 282 248 51 50
-0.0035651 20 5 11 11 282 248 51 50
-0.00356482 20 10 11 11 282 248 51 50
-0.00355986 20 15 11 11 282 248 51 50
-0.00356399 20 20 11 11 282 248 51 50
-0.00356313 20 25 11 11 282 248 51 50
-0.00356504 20 30 11 11 282 248 51 50
-0.00356476 20 35 11 11 282 248 51 50
-0.00356479 25 0 11 11 282 248 51 50
-0.00356519 25 5 11 11 282 248 51 50
-0.00356456 25 10 11 11 282 248 51 50
-0.00356513 25 15 11 11 282 248 51 50
-0.00356524 25 20 11 11 282 248 51 50
-0.00356483 25 25 11 11 282 248 51 50
-0.00356492 25 30 11 11 282 248 51 50
-0.00355096 25 35 11 11 282 248 51 50
-0.00356309 30 0 11 11 282 248 51 50
-0.00356406 30 5 11 11 282 248 51 50
-0.00356503 30 10 11 11 282 248 51 50
-0.00356499 30 15 11 11 282 248 51 50
-0.00356436 30 20 11 11 282 248 51 50
-0.00356503 30 25 11 11 282 248 51 50
-0.00356549 30 30 11 11 282 248 51 50
-0.00151749 30 35 11 11 282 248 51 50
-0.00356423 35 0 11 11 282 248 51 50
-0.00356035 35 5 11 11 282 248 51 50
-0.0035641 35 10 11 11 282 248 51 50
-0.00356307 35 15 11 11 282 248 51 50
-0.00356299 35 20 11 11 282 248 51 50
-0.00356495 35 25 11 11 282 248 51 50
-0.0035654 35 30 11 11 282 248 51 50
-0.00355904 35 35 11 11 282 248 51 50
-0.00354933 0 0 17 14 282 248 51 50
-0.00355529 0 7 17 14 282 248 51 50
-0.00355442 0 14 17 14 282 248 51 50
-0.00208079 0 21 17 14 282 248 51 50
-0.0035566 0 28 17 14 282 248 51 50
-0.00356438 0 35 17 14 282 248 51 50
-0.00355987 8 0 17 14 282 248 51 50
-0.00356375 8 7 17 14 282 248 51 50
-0.00356437 8 14 17 14 282 248 51 50
-0.00356369 8 21 17 14 282 248 51 50
-0.00356314 8 28 17 14 282 248 51 50
-0.00356402 8 35 17 14 282 248 51 50
-0.00356311 16 0 17 14 282 248 51 50
-0.0035634 16 7 17 14 282 248 51 50
-0.00354705 16 14 17 14 282 248 51 50
-0.00356279 16 21 17 14 282 248 51 50
-0.00356274 16 28 17 14 282 248 51 50
-0.0035626 16 35 17 14 282 248 51 50
-0.0035541 24 0 17 14 282 248 51 50
-0.00356363 24 7 17 14 282 248 51 50
-0.00356464 24 14 17 14 282 248 51 50
-0.00356483 24 21 17 14 282 248 51 50
-0.00356248 24 28 17 14 282 248 51 50
-0.00354603 24 35 17 14 282 248 51 50
-0.00356277 32 0 17 14 282 248 51 50
-0.00356369 32 7 17 14 282 248 51 50
-0.00354622 32 14 17 14 282 248 51 50
-0.00356315 32 21 17 14 282 248 51 50
-0.00356475 32 28 17 14 282 248 51 50
-0.0035531 32 35 17 14 282 248 51 50
-0.00356276 0 0 17 14 282 248 51 50
-0.00356415 0 7 17 14 282 248 51 50
-0.0035622 0 14 17 14 282 248 51 50
-0.00295652 0 21 17 14 282 248 51 50
-0.00302612 0 28 17 14 282 248 51 50
-0.00356156 0 35 17 14 282 248 51 50
-0.0035633 8 0 17 14 282 248 51 50
-0.00356437 8 7 17 14 282 248 51 50
-0.00356305 8 14 17 14 282 248 51 50
-0.00356006 8 21 17 14 282 248 51 50
-0.00355388 8 28 17 14 282 248 51 50
-0.00356441 8 35 17 14 282 248 51 50
-0.00356238 16 0 17 14 282 248 51 50
-0.00354887 16 7 17 14 282 248 51 50
-0.00355871 16 14 17 14 282 248 51 50
-0.00354379 16 21 17 14 282 248 51 50
-0.00355326 16 28 17 14 282 248 51 50
-0.00356478 16 35 17 14 282 248 51 50
-0.00355093 24 0 17 14 282 248 51 50
-0.00355366 24 7 17 14 282 248 51 50
-0.00355964 24 14 17 14 282 248 51 50
-0.00317921 24 21 17 14 282 248 51 50
-0.00355902 24 28 17 14 282 248 51 50
-0.003564 24 35 17 14 282 248 51 50
-0.00211272 32 0 17 14 282 248 51 50
-0.00355877 32 7 17 14 282 248 51 50
-0.00354851 32 14 17 14 282 248 51 50
-0.0035518 32 21 17 14 282 248 51 50
-0.00355972 32 28 17 14 282 248 51 50
-0.00356154 32 35 17 14 282 248 51 50
-0.00354787 0 0 17 14 282 248 51 50
-0.0035617 0 7 17 14 282 248 51 50
-0.0035624 0 14 17 14 282 248 51 50
-0.00356085 0 21 17 14 282 248 51 50
-0.00355235 0 28 17 14 282 248 51 50
-0.003564 0 35 17 14 282 248 51 50
-0.00356398 8 0 17 14 282 248 51 50
-0.00356418 8 7 17 14 282 248 51 50
-0.00356323 8 14 17 14 282 248 51 50
-0.00356422 8 21 17 14 282 248 51 50
-0.00356415 8 28 17 14 282 248 51 50
-0.00356421 8 35 17 14 282 248 51 50
-0.00356268 16 0 17 14 282 248 51 50
-0.00356141 16 7 17 14 282 248 51 50
-0.00355415 16 14 17 14 282 248 51 50
-0.00355555 16 21 17 14 282 248 51 50
-0.00356215 16 28 17 14 282 248 51 50
-0.00356262 16 35 17 14 282 248 51 50
-0.00354769 24 0 17 14 282 248 51 50
-0.00356509 24 7 17 14 282 248 51 50
-0.00356484 24 14 17 14 282 248 51 50
-0.00356471 24 21 17 14 282 248 51 50
-0.00356408 24 28 17 14 282 248 51 50
-0.00355304 24 35 17 14 282 248 51 50
-0.00356052 32 0 17 14 282 248 51 50
-0.00356439 32 7 17 14 282 248 51 50
-0.00355668 32 14 17 14 282 248 51 50
-0.00356167 32 21 17 14 282 248 51 50
-0.00356478 32 28 17 14 282 248 51 50
-0.00356099 32 35 17 14 282 248 51 50
-0.00355018 0 0 17 14 282 248 51 50
-0.00356173 0 7 17 14 282 248 51 50
-0.00356165 0 14 17 14 282 248 51 50
-0.00355967 0 21 17 14 282 248 51 50
-0.00356178 0 28 17 14 282 248 51 50
-0.00356444 0 35 17 14 282 248 51 50
-0.00356124 8 0 17 14 282 248 51 50
-0.003564 8 7 17 14 282 248 51 50
-0.00356411 8 14 17 14 282 248 51 50
-0.00356362 8 21 17 14 282 248 51 50
-0.00356419 8 28 17 14 282 248 51 50
-0.00356228 8 35 17 14 282 248 51 50
-0.00356287 16 0 17 14 282 248 51 50
-0.00356294 16 7 17 14 282 248 51 50
-0.00355758 16 14 17 14 282 248 51 50
-0.00356198 16 21 17 14 282 248 51 50
-0.00355865 16 28 17 14 282 248 51 50
-0.00355043 16 35 17 14 282 248 51 50
-0.00355197 24 0 17 14 282 248 51 50
-0.00356075 24 7 17 14 282 248 51 50
-0.00355901 24 14 17 14 282 248 51 50
-0.00324148 24 21 17 14 282 248 51 50
-0.00356148 24 28 17 14 282 248 51 50
-0.0035412 24 35 17 14 282 248 51 50
-0.00356479 32 0 17 14 282 248 51 50
-0.00356161 32 7 17 14 282 248 51 50
-0.00356272 32 14 17 14 282 248 51 50
-0.00356245 32 21 17 14 282 248 51 50
-0.00356442 32 28 17 14 282 248 51 50
-0.00162282 32 35 17 14 282 248 51 50
-0.00355834 0 0 17 14 282 248 51 50
-0.00356069 0 7 17 14 282 248 51 50
-0.0035624 0 14 17 14 282 248 51 50
-0.00354721 0 21 17 14 282 248 51 50
-0.00355809 0 28 17 14 282 248 51 50
-0.00356525 0 35 17 14 282 248 51 50
-0.00354666 8 0 17 14 282 248 51 50
-0.00356418 8 7 17 14 282 248 51 50
-0.00356477 8 14 17 14 282 248 51 50
-0.0035637 8 21 17 14 282 248 51 50
-0.00356336 8 28 17 14 282 248 51 50
-0.00356523 8 35 17 14 282 248 51 50
-0.00356447 16 0 17 14 282 248 51 50
-0.00356512 16 7 17 14 282 248 51 50
-0.00355913 16 14 17 14 282 248 51 50
-0.0035651 16 21 17 14 282 248 51 50
-0.00356534 16 28 17 14 282 248 51 50
-0.00356425 16 35 17 14 282 248 51 50
-0.00356501 24 0 17 14 282 248 51 50
-0.00356482 24 7 17 14 282 248 51 50
-0.00356416 24 14 17 14 282 248 51 50
-0.00356496 24 21 17 14 282 248 51 50
-0.00356423 24 28 17 14 282 248 51 50
-0.00236217 24 35 17 14 282 248 51 50
-0.00356485 32 0 17 14 282 248 51 50
-0.00356475 32 7 17 14 282 248 51 50
-0.00355895 32 14 17 14 282 248 51 50
-0.00356448 32 21 17 14 282 248 51 50
-0.00356522 32 28 17 14 282 248 51 50
-0.0035491 32 35 17 14 282 248 51 50
-0.00355951 0 0 17 14 282 248 51 50
-0.00356322 0 7 17 14 282 248 51 50
-0.00356286 0 14 17 14 282 248 51 50
-0.00354321 0 21 17 14 282 248 51 50
-0.00355949 0 28 17 14 282 248 51 50
-0.00356206 0 35 17 14 282 248 51 50
-0.00352108 8 0 17 14 282 248 51 50
-0.00356415 8 7 17 14 282 248 51 50
-0.00356481 8 14 17 14 282 248 51 50
-0.00356459 8 21 17 14 282 248 51 50
-0.00356214 8 28 17 14 282 248 51 50
-0.00356308 8 35 17 14 282 248 51 50
-0.00356383 16 0 17 14 282 248 51 50
-0.00356495 16 7 17 14 282 248 51 50
-0.0035568 16 14 17 14 282 248 51 50
-0.00356119 16 21 17 14 282 248 51 50
-0.0035621 16 28 17 14 282 248 51 50
-0.00356309 16 35 17 14 282 248 51 50
-0.0035646 24 0 17 14 282 248 51 50
-0.00356454 24 7 17 14 282 248 51 50
-0.00356449 24 14 17 14 282 248 51 50
-0.00356525 24 21 17 14 282 248 51 50
-0.00356123 24 28 17 14 282 248 51 50
-0.0035627 24 35 17 14 282 248 51 50
-0.00356248 32 0 17 14 282 248 51 50
-0.00356448 32 7 17 14 282 248 51 50
-0.0035505 32 14 17 14 282 248 51 50
-0.00356399 32 21 17 14 282 248 51 50
-0.00356495 32 28 17 14 282 248 51 50
-0.00355293 32 35 17 14 282 248 51 50
-0.00355638 0 0 17 14 282 248 51 50
-0.00355762 0 7 17 14 282 248 51 50
-0.00356269 0 14 17 14 282 248 51 50
-0.00342319 0 21 17 14 282 248 51 50
-0.00355522 0 28 17 14 282 248 51 50
-0.00355679 0 35 17 14 282 248 51 50
-0.00356391 8 0 17 14 282 248 51 50
-0.00356345 8 7 17 14 282 248 51 50
-0.00356442 8 14 17 14 282 248 51 50
-0.00356318 8 21 17 14 282 248 51 50
-0.00356044 8 28 17 14 282 248 51 50
-0.00355247 8 35 17 14 282 248 51 50
-0.00356124 16 0 17 14 282 248 51 50
-0.00356199 16 7 17 14 282 248 51 50
-0.00355797 16 14 17 14 282 248 51 50
-0.00356145 16 21 17 14 282 248 51 50
-0.00356018 16 28 17 14 282 248 51 50
-0.00356035 16 35 17 14 282 248 51 50
-0.00354935 24 0 17 14 282 248 51 50
-0.00356367 24 7 17 14 282 248 51 50
-0.00356489 24 14 17 14 282 248 51 50
-0.00356519 24 21 17 14 282 248 51 50
-0.00356394 24 28 17 14 282 248 51 50
-0.00354543 24 35 17 14 282 248 51 50
-0.00355409 32 0 17 14 282 248 51 50
-0.00356395 32 7 17 14 282 248 51 50
-0.00355836 32 14 17 14 282 248 51 50
-0.00354675 32 21 17 14 282 248 51 50
-0.0035581 32 28 17 14 282 248 51 50
-0.00355766 32 35 17 14 282 248 51 50
-0.00356362 0 0 17 14 282 248 51 50
-0.00356137 0 7 17 14 282 248 51 50
-0.00356179 0 14 17 14 282 248 51 50
-0.00355691 0 21 17 14 282 248 51 50
-0.00356391 0 28 17 14 282 248 51 50
-0.00356381 0 35 17 14 282 248 51 50
-0.00356504 8 0 17 14 282 248 51 50
-0.00356516 8 7 17 14 282 248 51 50
-0.00356486 8 14 17 14 282 248 51 50
-0.00356452 8 21 17 14 282 248 51 50
-0.00356494 8 28 17 14 282 248 51 50
-0.00356426 8 35 17 14 282 248 51 50
-0.00355471 16 0 17 14 282 248 51 50
-0.00356219 16 7 17 14 282 248 51 50
-0.00355493 16 14 17 14 282 248 51 50
-0.00356296 16 21 17 14 282 248 51 50
-0.00356274 16 28 17 14 282 248 51 50
-0.00356298 16 35 17 14 282 248 51 50
-0.00355639 24 0 17 14 282 248 51 50
-0.00356371 24 7 17 14 282 248 51 50
-0.00356496 24 14 17 14 282 248 51 50
-0.00356533 24 21 17 14 282 248 51 50
-0.00356493 24 28 17 14 282 248 51 50
-0.00355602 24 35 17 14 282 248 51 50
-0.00355985 32 0 17 14 282 248 51 50
-0.00356477 32 7 17 14 282 248 51 50
-0.0035638 32 14 17 14 282 248 51 50
-0.00354749 32 21 17 14 282 248 51 50
-0.00356159 32 28 17 14 282 248 51 50
-0.00356389 32 35 17 14 282 248 51 50
-0.00356465 0 0 17 14 282 248 51 50
-0.00356314 0 7 17 14 282 248 51 50
-0.00356253 0 14 17 14 282 248 51 50
-0.00354783 0 21 17 14 282 248 51 50
-0.00356186 0 28 17 14 282 248 51 50
-0.00356462 0 35 17 14 282 248 51 50
-0.00356514 8 0 17 14 282 248 51 50
-0.00356449 8 7 17 14 282 248 51 50
-0.00356458 8 14 17 14 282 248 51 50
-0.00356375 8 21 17 14 282 248 51 50
-0.0035644 8 28 17 14 282 248 51 50
-0.00356506 8 35 17 14 282 248 51 50
-0.00356357 16 0 17 14 282 248 51 50
-0.00281475 16 7 17 14 282 248 51 50
-0.00356041 16 14 17 14 282 248 51 50
-0.00356128 16 21 17 14 282 248 51 50
-0.00356242 16 28 17 14 282 248 51 50
-0.00356455 16 35 17 14 282 248 51 50
-0.00356229 24 0 17 14 282 248 51 50
-0.00356494 24 7 17 14 282 248 51 50
-0.00356509 24 14 17 14 282 248 51 50
-0.00356496 24 21 17 14 282 248 51 50
-0.00356535 24 28 17 14 282 248 51 50
-0.00344286 24 35 17 14 282 248 51 50
-0.00356206 32 0 17 14 282 248 51 50
-0.00354586 32 7 17 14 282 248 51 50
-0.00322076 32 14 17 14 282 248 51 50
-0.00356154 32 21 17 14 282 248 51 50
-0.00356525 32 28 17 14 282 248 51 50
-0.00274373 32 35 17 14 282 248 51 50
-0.00356209 0 0 17 14 282 248 51 50
-0.00229975 0 7 17 14 282 248 51 50
-0.00355713 0 14 17 14 282 248 51 50
-0.00355451 0 21 17 14 282 248 51 50
-0.00354849 0 28 17 14 282 248 51 50
-0.00356498 0 35 17 14 282 248 51 50
-0.00356362 8 0 17 14 282 248 51 50
-0.00356452 8 7 17 14 282 248 51 50
-0.00356446 8 14 17 14 282 248 51 50
-0.00356325 8 21 17 14 282 248 51 50
-0.00356329 8 28 17 14 282 248 51 50
-0.00356513 8 35 17 14 282 248 51 50
-0.00356402 16 0 17 14 282 248 51 50
-0.00356336 16 7 17 14 282 248 51 50
-0.00354848 16 14 17 14 282 248 51 50
-0.00356381 16 21 17 14 282 248 51 50
-0.00356447 16 28 17 14 282 248 51 50
-0.00356472 16 35 17 14 282 248 51 50
-0.00356013 24 0 17 14 282 248 51 50
-0.00356454 24 7 17 14 282 248 51 50
-0.00356482 24 14 17 14 282 248 51 50
-0.00356381 24 21 17 14 282 248 51 50
-0.00356539 24 28 17 14 282 248 51 50
-0.00290876 24 35 17 14 282 248 51 50
-0.00356094 32 0 17 14 282 248 51 50
-0.00356173 32 7 17 14 282 248 51 50
-0.00354908 32 14 17 14 282 248 51 50
-0.00356369 32 21 17 14 282 248 51 50
-0.0035654 32 28 17 14 282 248 51 50
-0.00220991 32 35 17 14 282 248 51 50
-0.00354559 0 0 20 20 282 248 51 50
-0.00330305 0 10 20 20 282 248 51 50
-0.00157266 0 20 20 20 282 248 51 50
-0.0035611 0 30 20 20 282 248 51 50
-0.00356268 10 0 20 20 282 248 51 50
-0.00356451 10 10 20 20 282 248 51 50
-0.00356422 10 20 20 20 282 248 51 50
-0.0035639 10 30 20 20 282 248 51 50
-0.00354854 20 0 20 20 282 248 51 50
-0.00356434 20 10 20 20 282 248 51 50
-0.0035638 20 20 20 20 282 248 51 50
-0.00355945 20 30 20 20 282 248 51 50
-0.00356389 30 0 20 20 282 248 51 50
-0.00276798 30 10 20 20 282 248 51 50
-0.00356159 30 20 20 20 282 248 51 50
-0.00356349 30 30 20 20 282 248 51 50
-0.00356301 0 0 20 20 282 248 51 50
-0.00356239 0 10 20 20 282 248 51 50
-0.00226736 0 20 20 20 282 248 51 50
-0.00356058 0 30 20 20 282 248 51 50
-0.00356312 10 0 20 20 282 248 51 50
-0.00356049 10 10 20 20 282 248 51 50
-0.00355616 10 20 20 20 282 248 51 50
-0.00356355 10 30 20 20 282 248 51 50
-0.00134547 20 0 20 20 282 248 51 50
-0.00354717 20 10 20 20 282 248 51 50
-0.00178198 20 20 20 20 282 248 51 50
-0.00356309 20 30 20 20 282 248 51 50
-0.00354933 30 0 20 20 282 248 51 50
-0.00311529 30 10 20 20 282 248 51 50
-0.00355195 30 20 20 20 282 248 51 50
-0.0035593 30 30 20 20 282 248 51 50
-0.00264231 0 0 20 20 282 248 51 50
-0.00340341 0 10 20 20 282 248 51 50
-0.033017 0 20 20 20 282 248 51 50
-0.00355823 0 30 20 20 282 248 51 50
-0.00356449 10 0 20 20 282 248 51 50
-0.00356403 10 10 20 20 282 248 51 50
-0.00356461 10 20 20 20 282 248 51 50
-0.00356451 10 30 20 20 282 248 51 50
-0.00355857 20 0 20 20 282 248 51 50
-0.00356475 20 10 20 20 282 248 51 50
-0.00356449 20 20 20 20 282 248 51 50
-0.00350168 20 30 20 20 282 248 51 50
-0.00356448 30 0 20 20 282 248 51 50
-0.00354932 30 10 20 20 282 248 51 50
-0.00355916 30 20 20 20 282 248 51 50
-0.00356411 30 30 20 20 282 248 51 50
-0.00355988 0 0 20 20 282 248 51 50
-0.00356197 0 10 20 20 282 248 51 50
-0.00355977 0 20 20 20 282 248 51 50
-0.00356303 0 30 20 20 282 248 51 50
-0.00356131 10 0 20 20 282 248 51 50
-0.00356324 10 10 20 20 282 248 51 50
-0.00356256 10 20 20 20 282 248 51 50
-0.00355638 10 30 20 20 282 248 51 50
-0.00354675 20 0 20 20 282 248 51 50
-0.00356092 20 10 20 20 282 248 51 50
-0.00354163 20 20 20 20 282 248 51 50
-0.00355625 20 30 20 20 282 248 51 50
-0.00355502 30 0 20 20 282 248 51 50
-0.00355959 30 10 20 20 282 248 51 50
-0.00356071 30 20 20 20 282 248 51 50
-0.00355929 30 30 20 20 282 248 51 50
-0.0035532 0 0 20 20 282 248 51 50
-0.00356246 0 10 20 20 282 248 51 50
-0.00355154 0 20 20 20 282 248 51 50
-0.00356395 0 30 20 20 282 248 51 50
-0.00356167 10 0 20 20 282 248 51 50
-0.00356506 10 10 20 20 282 248 51 50
-0.00356462 10 20 20 20 282 248 51 50
-0.00356486 10 30 20 20 282 248 51 50
-0.00356134 20 0 20 20 282 248 51 50
-0.00356453 20 10 20 20 282 248 51 50
-0.00356504 20 20 20 20 282 248 51 50
-0.00355721 20 30 20 20 282 248 51 50
-0.00356501 30 0 20 20 282 248 51 50
-0.00355667 30 10 20 20 282 248 51 50
-0.00356371 30 20 20 20 282 248 51 50
-0.00355765 30 30 20 20 282 248 51 50
-0.00356015 0 0 20 20 282 248 51 50
-0.0035628 0 10 20 20 282 248 51 50
-0.00354791 0 20 20 20 282 248 51 50
-0.00356134 0 30 20 20 282 248 51 50
-0.0035573 10 0 20 20 282 248 51 50
-0.00356496 10 10 20 20 282 248 51 50
-0.00356469 10 20 20 20 282 248 51 50
-0.00356386 10 30 20 20 282 248 51 50
-0.00356204 20 0 20 20 282 248 51 50
-0.00356458 20 10 20 20 282 248 51 50
-0.00356493 20 20 20 20 282 248 51 50
-0.00355533 20 30 20 20 282 248 51 50
-0.00356475 30 0 20 20 282 248 51 50
-0.00354088 30 10 20 20 282 248 51 50
-0.00356328 30 20 20 20 282 248 51 50
-0.00356114 30 30 20 20 282 248 51 50
-0.00354235 0 0 20 20 282 248 51 50
-0.00356195 0 10 20 20 282 248 51 50
-0.00309317 0 20 20 20 282 248 51 50
-0.00355273 0 30 20 20 282 248 51 50
-0.00356451 10 0 20 20 282 248 51 50
-0.00356452 10 10 20 20 282 248 51 50
-0.00356246 10 20 20 20 282 248 51 50
-0.00355953 10 30 20 20 282 248 51 50
-0.00356116 20 0 20 20 282 248 51 50
-0.0035628 20 10 20 20 282 248 51 50
-0.00356307 20 20 20 20 282 248 51 50
-0.00298028 20 30 20 20 282 248 51 50
-0.0035638 30 0 20 20 282 248 51 50
-0.00355194 30 10 20 20 282 248 51 50
-0.0034823 30 20 20 20 282 248 51 50
-0.00355434 30 30 20 20 282 248 51 50
-0.00356391 0 0 20 20 282 248 51 50
-0.00355235 0 10 20 20 282 248 51 50
-0.00355145 0 20 20 20 282 248 51 50
-0.00356181 0 30 20 20 282 248 51 50
-0.00356325 10 0 20 20 282 248 51 50
-0.0035643 10 10 20 20 282 248 51 50
-0.0035647 10 20 20 20 282 248 51 50
-0.00356413 10 30 20 20 282 248 51 50
-0.00356351 20 0 20 20 282 248 51 50
-0.00356489 20 10 20 20 282 248 51 50
-0.00356487 20 20 20 20 282 248 51 50
-0.0035475 20 30 20 20 282 248 51 50
-0.00356476 30 0 20 20 282 248 51 50
-0.00356197 30 10 20 20 282 248 51 50
-0.0028602 30 20 20 20 282 248 51 50
-0.00356321 30 30 20 20 282 248 51 50
-0.00356358 0 0 20 20 282 248 51 50
-0.00355387 0 10 20 20 282 248 51 50
-0.00346265 0 20 20 20 282 248 51 50
-0.0035614 0 30 20 20 282 248 51 50
-0.00356433 10 0 20 20 282 248 51 50
-0.0035645 10 10 20 20 282 248 51 50
-0.00356447 10 20 20 20 282 248 51 50
-0.00356473 10 30 20 20 282 248 51 50
-0.00356289 20 0 20 20 282 248 51 50
-0.00356494 20 10 20 20 282 248 51 50
-0.00356249 20 20 20 20 282 248 51 50
-0.00356466 20 30 20 20 282 248 51 50
-0.00355125 30 0 20 20 282 248 51 50
-0.00204775 30 10 20 20 282 248 51 50
-0.00356131 30 20 20 20 282 248 51 50
-0.00356487 30 30 20 20 282 248 51 50
-0.00354601 0 0 20 20 282 248 51 50
-0.00355246 0 10 20 20 282 248 51 50
-0.00233104 0 20 20 20 282 248 51 50
-0.00356068 0 30 20 20 282 248 51 50
-0.003564 10 0 20 20 282 248 51 50
-0.00356477 10 10 20 20 282 248 51 50
-0.00356397 10 20 20 20 282 248 51 50
-0.00356449 10 30 20 20 282 248 51 50
-0.00356289 20 0 20 20 282 248 51 50
-0.00356445 20 10 20 20 282 248 51 50
-0.0035637 20 20 20 20 282 248 51 50
-0.00356489 20 30 20 20 282 248 51 50
-0.00356224 30 0 20 20 282 248 51 50
-0.0035408 30 10 20 20 282 248 51 50
-0.00356301 30 20 20 20 282 248 51 50
-0.00356503 30 30 20 20 282 248 51 50
-0.00269331 0 0 34 33 282 248 51 50
-0.0021803 0 16 34 33 282 248 51 50
-0.00216859 17 0 34 33 282 248 51 50
-0.0033234 17 16 34 33 282 248 51 50
-0.00355927 0 0 34 33 282 248 51 50
-0.00355009 0 16 34 33 282 248 51 50
-0.00247843 17 0 34 33 282 248 51 50
-0.00354431 17 16 34 33 282 248 51 50
-0.00334341 0 0 34 33 282 248 51 50
-0.00198197 0 16 34 33 282 248 51 50
-0.00223841 17 0 34 33 282 248 51 50
-0.00354145 17 16 34 33 282 248 51 50
-0.00355796 0 0 34 33 282 248 51 50
-0.00356163 0 16 34 33 282 248 51 50
-0.0014334 17 0 34 33 282 248 51 50
-0.00355341 17 16 34 33 282 248 51 50
-0.00355601 0 0 34 33 282 248 51 50
-0.00304836 0 16 34 33 282 248 51 50
-0.00244899 17 0 34 33 282 248 51 50
-0.00355422 17 16 34 33 282 248 51 50
-0.00355923 0 0 34 33 282 248 51 50
-0.00355723 0 16 34 33 282 248 51 50
-0.00182837 17 0 34 33 282 248 51 50
-0.00256099 17 16 34 33 282 248 51 50
-0.00320014 0 0 34 33 282 248 51 50
-0.0025886 0 16 34 33 282 248 51 50
-0.0035495 17 0 34 33 282 248 51 50
-0.00293275 17 16 34 33 282 248 51 50
-0.00354336 0 0 34 33 282 248 51 50
-0.0035429 0 16 34 33 282 248 51 50
-0.00355457 17 0 34 33 282 248 51 50
-0.00354622 17 16 34 33 282 248 51 50
-0.00271911 0 0 34 33 282 248 51 50
-0.00250648 0 16 34 33 282 248 51 50
-0.00138427 17 0 34 33 282 248 51 50
-0.00355505 17 16 34 33 282 248 51 50
-0.0019442 0 0 34 33 282 248 51 50
-0.00313704 0 16 34 33 282 248 51 50
-0.00190869 17 0 34 33 282 248 51 50
-0.00355321 17 16 34 33 282 248 51 50
-0.00173448 0 0 51 50 282 248 51 50
-0.00355622 0 0 51 50 282 248 51 50
-0.00241963 0 0 51 50 282 248 51 50
-0.00354999 0 0 51 50 282 248 51 50
-0.00149627 0 0 51 50 282 248 51 50
-0.00354571 0 0 51 50 282 248 51 50
-0.00167923 0 0 51 50 282 248 51 50
-0.00253413 0 0 51 50 282 248 51 50
-0.00307071 0 0 51 50 282 248 51 50
-0.00279177 0 0 51 50 282 248 51 50
