974 
1102 
964 
1134 
1114 
1144 
631 
942 
759 
1146 
1140 
966 
1122 
169 
1138 
1136 
1109 
255 
1081 
643 
694 
108 
1101 
939 
1110 
958 
911 
1086 
783 
69 
1142 
1118 
1106 
1133 
1147 
1123 
1125 
109 
972 
112 
1100 
1132 
909 
953 
1149 
893 
0 
1066 
2 
933 
1127 
673 
1047 
174 
674 
1117 
1148 
1038 
969 
1137 
368 
691 
1124 
906 
751 
311 
77 
941 
1103 
1108 
93 
440 
973 
823 
903 
1070 
1050 
983 
796 
1097 
