303.933 833.168 
304.245 780.573 
307.621 551.1 
312.914 249.135 
313.928 337.759 
315.476 265.103 
315.838 256.594 
313.632 761.272 
302.49 939.671 
304.513 748.956 
308.381 475.619 
313.488 208.41 
314.939 236.448 
316.116 206.013 
316.562 195.554 
314.705 431.537 
300.034 1132.85 
303.551 842.478 
308.366 493.544 
313.555 231.443 
315.566 180.856 
315.974 194.347 
316.417 161.975 
316.102 186.119 
300.392 1148.07 
304.929 684.482 
310.737 387.154 
314.033 197.994 
314.808 176.91 
315.644 174.11 
316.298 153.631 
317.059 147.82 
302.687 972.584 
307.74 530.116 
312.954 263.363 
314.731 125.692 
315.035 154.339 
316.36 173.677 
316.569 179.953 
316.864 164.931 
302.807 858.994 
308.161 439.752 
313.464 166.779 
316.644 78.5574 
316.95 106.096 
317.356 136.215 
317.118 117.45 
316.59 117.428 
300.829 1093.58 
304.557 747.609 
311.396 291.002 
316.641 79.5023 
317.477 94.124 
318.245 94.6834 
318.445 88.5821 
316.96 100.049 
302.039 1000.44 
303.959 902.538 
309.014 469.662 
314.727 223.884 
316.476 175.356 
317.58 137.818 
318.383 124.318 
317.671 98.151 
303.14 837.861 
305.09 829.174 
308.917 564.057 
314.545 279.802 
316.829 152.908 
318.019 75.6556 
318.819 54.6151 
318.324 73.8284 
68.0031 26.492 
67.3644 30.3467 
66.7226 33.9887 
65.9895 36.2451 
65.3623 34.8107 
64.8884 33.0802 
64.327 33.3002 
63.7707 35.1534 
67.9834 27.2245 
67.2392 32.5736 
66.5656 35.9905 
65.8619 37.5367 
65.2531 35.5667 
64.7884 34.1289 
64.2723 33.5537 
63.6984 34.9432 
67.9868 27.2798 
67.1858 33.6835 
66.4102 38.5973 
65.6994 39.4802 
65.1466 36.6999 
64.7232 35.0275 
64.2141 33.9098 
63.643 34.9353 
67.9971 27.0835 
67.2698 31.5847 
66.4532 36.6425 
65.6578 39.8801 
65.0606 38.1989 
64.6683 35.6046 
64.1344 34.4118 
63.5998 35.133 
67.9941 26.8492 
67.3237 29.9825 
66.5567 33.7538 
65.7615 36.9627 
65.0943 36.8161 
64.6537 34.9946 
64.0798 34.524 
63.5537 34.7528 
68.0046 25.8907 
67.3253 29.3492 
66.5331 33.7847 
65.7632 35.4632 
65.0967 34.5843 
64.5874 33.7002 
64.0136 34.3893 
63.5185 34.4122 
67.9852 25.017 
67.323 28.1708 
66.4872 33.4244 
65.6549 36.0955 
64.9858 35.456 
64.4479 34.4705 
63.8834 35.054 
63.4087 34.4723 
67.9166 24.711 
67.2743 27.9566 
66.5019 32.2079 
65.6844 34.1547 
64.9672 35.5813 
64.3586 36.055 
63.7536 35.2646 
63.2658 34.1617 
67.8742 24.6498 
67.2551 27.9647 
66.5363 32.3746 
65.7618 32.8247 
65.0068 34.7118 
64.3269 37.193 
63.6888 35.546 
63.1955 34.4107 
122.187 0.0419914 
122.172 0.0515095 
122.146 0.0874607 
122.124 0.132679 
122.131 0.112691 
122.157 0.0741353 
122.169 0.0704389 
122.134 0.108045 
122.177 0.0492012 
122.176 0.0612178 
122.169 0.0669401 
122.155 0.103819 
122.152 0.10252 
122.163 0.0720232 
122.166 0.0626371 
122.129 0.107046 
122.185 0.0426199 
122.176 0.0710317 
122.179 0.0663449 
122.178 0.0701428 
122.179 0.0712296 
122.182 0.0708579 
122.175 0.0837084 
122.138 0.117183 
122.209 0.0181959 
122.189 0.0647369 
122.183 0.085639 
122.182 0.0639407 
122.182 0.0609963 
122.187 0.0616658 
122.191 0.0763658 
122.17 0.0858454 
122.217 0.0149363 
122.202 0.0373374 
122.197 0.0692025 
122.194 0.0588389 
122.191 0.0605676 
122.191 0.0542577 
122.195 0.055505 
122.183 0.0603391 
122.211 0.0336678 
122.201 0.0379685 
122.207 0.0411279 
122.212 0.0380493 
122.212 0.035587 
122.205 0.0465159 
122.195 0.0614677 
122.169 0.0830864 
122.215 0.0212121 
122.205 0.0411903 
122.215 0.0255793 
122.229 0.0179456 
122.23 0.0148012 
122.223 0.0315664 
122.208 0.059456 
122.172 0.0881932 
122.225 0.0122947 
122.221 0.0266129 
122.227 0.0179305 
122.238 0.0119546 
122.238 0.0100407 
122.228 0.0224075 
122.208 0.0512376 
122.171 0.0762663 
122.228 0.0141047 
122.236 0.00781121 
122.24 0.00569282 
122.245 0.0042474 
122.244 0.00548465 
122.23 0.0257753 
122.201 0.0740065 
122.159 0.101162 
128.761 0.0282152 
128.789 0.0362643 
128.814 0.0475099 
128.837 0.058893 
128.849 0.0563486 
128.85 0.0454175 
128.858 0.0415616 
128.889 0.0532955 
128.769 0.0332896 
128.792 0.0402353 
128.807 0.0430678 
128.827 0.051144 
128.842 0.0507973 
128.85 0.0444416 
128.86 0.0401835 
128.893 0.0524618 
128.771 0.0356025 
128.791 0.0413165 
128.807 0.043934 
128.823 0.0465204 
128.835 0.0446193 
128.843 0.0421183 
128.857 0.0408471 
128.889 0.050218 
128.764 0.0284982 
128.784 0.0388943 
128.803 0.0465167 
128.823 0.0460693 
128.838 0.0456897 
128.843 0.0417617 
128.854 0.0396332 
128.879 0.0442416 
128.757 0.0207468 
128.78 0.0301065 
128.796 0.0391425 
128.814 0.0406816 
128.833 0.0429801 
128.842 0.0396804 
128.854 0.0371991 
128.872 0.0385102 
128.753 0.0210846 
128.776 0.0266683 
128.791 0.0328324 
128.806 0.0349654 
128.823 0.0343069 
128.837 0.0347373 
128.855 0.0365649 
128.877 0.0402935 
128.752 0.0231534 
128.773 0.0305616 
128.789 0.0320492 
128.804 0.0321302 
128.819 0.0302123 
128.834 0.0309389 
128.853 0.0349787 
128.878 0.0391792 
128.75 0.0194348 
128.77 0.0281424 
128.786 0.0306016 
128.798 0.0281156 
128.816 0.0284472 
128.835 0.0304834 
128.856 0.0345134 
128.883 0.0380046 
128.747 0.019104 
128.762 0.0215235 
128.78 0.0260512 
128.792 0.0233625 
128.811 0.0247636 
128.835 0.0308832 
128.862 0.0398578 
128.894 0.0468311 
19.2212 139.27 
19.5584 120.829 
18.2809 107.661 
17.3575 97.6229 
17.5927 125.284 
16.1743 120.38 
15.1869 99.9152 
14.3177 69.9308 
19.1968 157.938 
19.4417 135.991 
19.2282 133.46 
18.5523 141.677 
17.8001 105.727 
16.1572 112.027 
15.2883 95.5498 
14.4541 77.249 
19.6617 184.071 
19.1565 143.306 
19.4868 155.023 
19.3686 169.47 
18.4284 121.173 
17.4254 118.514 
16.4222 85.0422 
15.5941 85.7576 
21.9694 234.256 
19.8457 140.036 
19.4741 136.536 
19.9385 143.124 
18.9237 133.019 
18.0272 126.801 
17.1572 102.703 
16.5773 102.419 
23.5677 221.23 
22.4275 202.614 
20.9726 177.715 
20.7601 147.189 
19.752 121.995 
18.583 131.125 
18.0124 132.19 
18.4249 96.4181 
22.1296 190.366 
22.4875 221.422 
21.1645 162.244 
21.3939 169.713 
21.1884 151.012 
19.5042 121.361 
17.7411 109.925 
17.9885 85.4861 
21.8298 193.864 
20.7204 182.144 
20.1368 108.027 
21.1329 160.403 
21.6029 176.245 
20.1981 149.077 
18.2989 106.686 
18.339 91.9377 
22.1145 207.931 
21.004 216.639 
19.4468 133.475 
19.1613 117.931 
19.8321 122.344 
18.6721 144.339 
18.084 107.869 
18.4944 94.6571 
21.9287 255.332 
20.6502 237.978 
18.5086 155.362 
17.5786 113.317 
17.0278 106.645 
15.8695 94.3267 
16.6177 80.0101 
17.3783 81.6452 
23.1126 101.16 
23.9222 106.79 
25.237 114.126 
25.8315 130.368 
24.3997 117.448 
22.6341 98.4637 
22.371 86.9151 
22.6791 104.929 
22.4739 86.842 
23.457 100.741 
24.5419 115.742 
25.5301 130.441 
24.6315 95.8653 
22.7468 98.9971 
23.4989 95.5021 
24.0543 115.944 
23.766 85.529 
24.4654 109.458 
24.9164 145.706 
25.9748 150.324 
25.5657 114.557 
24.0065 129.605 
24.6737 109.187 
25.693 131.93 
24.9158 118.436 
25.0565 132.02 
25.5159 139.988 
26.3998 134.659 
26.6622 149.291 
25.554 164.182 
24.7904 106.864 
26.1961 106.628 
26.0713 108.642 
26.1346 110.431 
26.5996 130.767 
26.8966 140.297 
27.016 151.574 
26.2503 137.28 
24.9218 116.369 
26.9352 109.98 
25.508 93.3964 
25.9724 94.8759 
27.1689 138.59 
28.5002 183.519 
27.9913 163.721 
26.2414 116.748 
24.6746 139.04 
26.3342 119.297 
24.4128 113.283 
25.8571 124.978 
27.7427 138.63 
29.2368 169.37 
29.1371 173 
27.3813 164.237 
25.8028 125.663 
25.6948 93.6488 
25.3747 145.015 
25.5596 162.126 
25.3197 120.231 
26.7468 136.275 
27.397 167.154 
26.0347 167.475 
25.613 151.961 
26.1886 137.475 
25.7 108.236 
25.5944 106.009 
24.1618 110.182 
24.466 121.684 
24.6703 109.609 
23.6253 109.557 
24.8838 127.07 
26.2872 147.816 
65.922 543.476 
69.5717 500.362 
74.3656 541.849 
78.8905 544.811 
79.229 556.988 
81.8206 676.199 
84.6041 620.719 
84.5958 628.962 
63.8451 594.473 
67.7058 552.618 
71.9253 598.901 
76.464 487.814 
78.4404 410.254 
82.7106 470.124 
86.6075 523.022 
85.7174 626.556 
65.8233 643.171 
67.7025 528.625 
70.5504 556.126 
75.1019 538.866 
77.3067 413.869 
79.6447 407.104 
83.7936 384.914 
84.8941 515.131 
65.0922 620.889 
68.8754 485.151 
71.8525 557.734 
74.8976 562.363 
77.7836 547.078 
79.2395 481.763 
81.9213 398.093 
85.408 515.371 
64.375 594.631 
68.4908 556.594 
72.2026 515.765 
75.2923 484.558 
77.707 494.555 
80.9386 450.52 
82.832 535.929 
85.2463 577.084 
65.7032 564.246 
70.4052 589.367 
74.1982 502.303 
77.1102 434.596 
78.2336 416.748 
79.6648 379.854 
81.6815 502.8 
83.7853 597.461 
65.4038 634.742 
70.0041 639.705 
75.5149 524.658 
77.7374 430.384 
78.6218 346.3 
80.5007 442.48 
81.7569 480.34 
81.7711 543.196 
65.8863 692.458 
69.1182 657.831 
73.0415 595.513 
76.2205 500.516 
79.4296 451.528 
81.5826 476.813 
80.8915 501.522 
80.4014 498.195 
67.6125 520.893 
71.194 632.757 
73.1186 645.813 
76.0203 463.339 
80.5889 493.674 
82.4883 534.957 
81.9008 559.161 
82.0907 566.728 
140.172 1175.14 
136.412 1073.11 
136.837 1163.58 
139.228 1231.55 
142.327 1459.95 
148.01 1104.41 
148.583 983.07 
148.172 938.968 
140.822 1399.63 
138.283 1123.88 
138.834 1068.04 
139.921 1069.73 
141.679 1032.11 
146.589 1052.28 
144.745 1007.58 
145.382 1103.13 
136.163 1318.29 
138.708 1310.69 
139.711 1156.45 
139.962 1271.08 
142.328 1110.32 
146.179 1068.61 
144.169 890.6 
143.93 1019.76 
131.527 1174.74 
136.985 1173.57 
138.031 1113.39 
137.82 1329.4 
140.309 1238.8 
144.52 1170.34 
144.329 870.46 
141.355 815.059 
130.215 1112.33 
134.451 1067.18 
135.979 1194.02 
134.639 1193.47 
136.692 1156.42 
140.386 1124.56 
142.224 1116.34 
137.98 974.039 
134.241 1164.45 
134.499 1013.22 
135.942 1180.42 
133.674 1234.16 
134.179 1187.1 
138.914 1011.7 
143.401 1180.51 
139.8 939.682 
136.622 1162.34 
134.984 1076.07 
136.003 1085.33 
134.519 1222.92 
133.784 1176.62 
138.301 1063.77 
143.387 945.424 
141.45 710.244 
136.469 1259.57 
136.483 1279.17 
139.595 1021.09 
139.59 1119.21 
136.819 1230.5 
140.855 1119.37 
143.613 1174.33 
141.652 975.19 
136.149 1306.52 
136.802 1314.59 
141.541 1074.41 
143.822 1092.13 
141.588 1024.09 
144.227 1011.3 
143.658 1138.5 
141.117 1035.02 
35.9333 145.699 
35.7948 152.201 
35.501 151.136 
34.7141 134.001 
34.0126 147.486 
32.2042 122.316 
30.7536 111.454 
30.1987 111.27 
36.7941 176.302 
36.6201 176.949 
36.1627 140.958 
35.3687 140.877 
35.1034 134.934 
32.636 129.673 
31.3727 136.186 
30.9117 120.094 
35.8467 170.276 
35.1852 161.814 
35.6146 154.84 
35.2852 149.736 
34.7998 139.769 
32.9883 135.849 
32.2261 120.787 
31.6121 104.571 
37.3616 200.815 
35.7301 167.075 
36.8958 159.622 
36.7096 162.104 
34.6946 145.599 
32.5531 127.804 
32.6115 103.425 
32.7084 130.954 
38.0427 224.803 
37.0189 174.916 
37.8971 172.934 
37.6928 173.622 
35.782 111.493 
33.3072 122.063 
32.5632 108.681 
32.722 136.049 
36.0712 195.725 
35.6693 149.04 
35.8711 142.833 
36.3021 138.336 
36.6815 129.29 
35.3649 129.551 
33.4338 109.125 
33.1314 147.049 
34.2652 177.419 
34.9195 162.519 
34.3815 153.045 
35.7033 155.62 
36.6876 122.888 
35.0347 135.007 
33.2896 145.178 
33.7513 163.721 
34.2136 169.514 
34.3162 194.086 
34.6916 144.995 
35.6863 122.801 
35.7431 151.08 
34.4396 144.922 
34.2214 137.814 
34.2996 156.988 
34.7611 141.094 
33.6268 134.626 
34.6048 125.433 
36.1719 117.407 
36.3562 168.891 
35.5334 161.234 
35.4463 149.335 
35.0323 130.971 
19.5719 126.523 
18.9867 109.634 
17.3995 74.5522 
16.8922 84.7464 
16.3662 105.177 
14.6329 67.6173 
14.3398 62.3927 
13.6695 60.9186 
19.3574 107.054 
19.0058 111.976 
17.6889 101.236 
17.651 105.252 
17.2847 98.0132 
15.2763 75.3689 
15.0495 80.6152 
14.1852 54.0151 
18.7733 104.287 
18.3334 94.9256 
18.0868 77.4921 
17.8626 94.8709 
17.1366 89.8702 
15.7301 80.4008 
15.1322 62.79 
14.3794 60.0734 
19.5263 108.894 
18.4359 112.535 
18.9676 107.101 
18.2675 78.4108 
16.4342 70.6477 
15.75 70.2714 
15.4881 58.4954 
14.8138 72.6246 
20.4152 121.106 
19.2174 110.478 
19.3038 108.581 
19.4507 102.263 
18.0867 77.7951 
16.8951 68.4513 
16.0151 70.1757 
15.5554 69.214 
19.1549 109.759 
19.1281 82.6467 
19.1193 91.9896 
19.6639 92.3796 
18.6759 92.8202 
17.6665 71.572 
16.1853 67.2426 
15.551 58.745 
18.2959 79.3759 
18.0718 66.7211 
17.6169 75.0342 
18.3118 78.0718 
17.6436 78.1469 
16.8284 70.6368 
15.9104 63.8283 
15.9547 55.555 
17.9802 108.945 
17.4778 70.8787 
16.919 67.9415 
17.3221 84.6836 
17.2551 86.0515 
15.9966 57.7837 
15.9607 66.6998 
16.6353 63.2402 
16.9887 69.6601 
17.2226 59.2202 
16.9813 60.6568 
16.4859 70.3713 
16.5974 80.603 
16.2756 60.3804 
16.3116 68.2506 
16.4184 62.3338 
