322.512 1.25993 
323.154 0.139407 
322.802 0.242896 
322.368 0.249975 
322.403 0.266689 
322.794 0.116656 
322.876 0.114244 
323.02 0.105915 
321.775 0.727755 
323.003 0.179577 
322.917 0.118343 
322.839 0.105776 
322.695 0.220469 
321.104 0.352846 
321.264 0.397474 
323.001 0.120275 
321.965 0.215615 
322.764 0.149786 
318.687 3.44186 
318.602 2.87242 
322.21 2.14193 
320.894 0.121643 
320.972 0.144033 
322.809 0.222065 
322.127 0.225303 
320.985 1.3857 
314.84 2.07427 
315.195 1.38912 
322.015 3.85997 
322.428 0.481441 
322.436 0.424579 
322.666 0.656787 
321.899 1.49337 
320.903 1.50377 
317.491 3.13533 
317.926 4.10937 
322.422 1.43454 
322.993 0.171336 
323.044 0.106555 
322.884 0.280908 
321.555 5.69385 
322.305 0.729466 
321.842 0.852328 
321.983 0.864149 
322.937 0.225185 
322.998 0.142002 
323.025 0.104201 
323.036 0.0844042 
318.253 10.252 
321.711 1.2589 
322.925 0.113194 
322.929 0.0995285 
322.92 0.0972864 
322.973 0.0917221 
322.943 0.0901501 
322.99 0.0858422 
318.857 4.63705 
321.324 1.47882 
322.532 0.352599 
322.598 0.213004 
321.919 0.126902 
322.166 0.194375 
322.945 0.096314 
323.041 0.0916514 
322.066 0.976309 
321.85 0.451532 
321.531 0.382763 
322.124 0.38963 
321.852 0.131611 
322.148 0.178984 
322.991 0.100649 
323.104 0.0877433 
69.0207 0.0377575 
68.2387 0.0491776 
67.9113 0.092719 
67.6137 0.330106 
66.4114 0.0579617 
65.8535 0.0316307 
65.0589 0.0838724 
62.5115 0.231551 
69.076 0.0637341 
68.2508 0.0266713 
67.786 0.0414381 
67.6673 0.206806 
66.8965 0.0190132 
66.1009 0.0476945 
64.4948 0.36667 
61.6903 0.159357 
69.2 0.086259 
68.3956 0.0104295 
67.9781 0.0226652 
67.6639 0.169051 
66.9486 0.01392 
65.9066 0.125013 
63.8278 0.610424 
61.4826 0.16265 
69.2617 0.0817703 
68.5138 0.0088947 
68.1539 0.0154853 
67.4329 0.190041 
66.6475 0.0248067 
65.1136 0.1757 
62.9403 0.716947 
61.4111 0.236263 
69.2751 0.0472545 
68.5941 0.0107653 
68.1799 0.00520764 
66.9994 0.15721 
66.3445 0.0622177 
64.5245 0.0930849 
62.3947 0.844172 
61.5038 0.17105 
69.268 0.029958 
68.535 0.0226507 
67.8991 0.0234085 
66.3577 0.0925462 
65.852 0.225798 
64.2604 0.042281 
62.0854 0.770663 
61.9956 0.0683334 
69.2051 0.0235149 
68.392 0.0254423 
67.6142 0.0355192 
66.09 0.0556076 
65.4258 0.700954 
63.9906 0.0585783 
61.383 0.555646 
62.0831 0.0540046 
69.1255 0.0161188 
68.3234 0.0229437 
67.691 0.0361541 
66.3198 0.0445707 
65.3243 1.09944 
64.1355 0.0832251 
61.0306 0.397376 
61.8397 0.116142 
69.061 0.0174214 
68.211 0.0336507 
67.7883 0.0434564 
66.3793 0.0383415 
64.875 0.959283 
64.4227 0.106628 
61.5466 0.298643 
61.7881 0.256106 
122.247 2.87388e-007 
122.249 3.8101e-007 
122.25 7.31882e-007 
122.251 2.82992e-006 
122.254 5.03227e-007 
122.256 2.66712e-007 
122.258 8.09086e-007 
122.266 2.31817e-006 
122.247 4.92562e-007 
122.249 2.09703e-007 
122.25 3.26262e-007 
122.251 1.71413e-006 
122.253 1.68618e-007 
122.255 4.37325e-007 
122.26 3.59352e-006 
122.269 1.53571e-006 
122.246 9.42253e-005 
122.248 1.48802e-005 
122.25 1.83178e-007 
122.251 1.4202e-006 
122.253 1.17113e-007 
122.256 1.23093e-006 
122.262 5.87731e-006 
122.269 1.60682e-006 
121.98 0.0138389 
122.159 0.00173758 
122.246 4.87102e-005 
122.251 1.66499e-006 
122.254 2.07306e-007 
122.258 1.74175e-006 
122.265 6.76935e-006 
122.27 2.36303e-006 
121.478 0.0220878 
121.929 0.0087833 
122.17 0.00128039 
122.251 2.56303e-005 
122.255 7.5422e-007 
122.26 8.98503e-007 
122.267 8.1888e-006 
122.269 1.71753e-006 
121.165 0.0129227 
121.722 0.0128911 
122.062 0.00376667 
122.249 0.000226635 
122.256 9.7719e-006 
122.261 5.55588e-007 
122.268 8.04272e-006 
122.268 6.39856e-007 
121.296 0.00815533 
121.674 0.0101383 
122.017 0.00510514 
122.247 0.000582297 
122.257 4.26965e-005 
122.262 1.8019e-006 
122.27 6.10904e-006 
122.268 5.2348e-007 
121.62 0.0160632 
121.75 0.00680519 
122.019 0.00476771 
122.245 0.000669248 
122.257 7.25993e-005 
122.262 3.63134e-006 
122.272 4.27845e-006 
122.269 1.08866e-006 
122.019 0.00556535 
121.991 0.00455703 
122.099 0.00287108 
122.247 0.000531834 
122.258 7.18198e-005 
122.261 3.87772e-006 
122.27 3.20318e-006 
122.269 2.53786e-006 
128.7 1.59083e-005 
128.717 2.13307e-005 
128.724 4.23328e-005 
128.731 0.000173605 
128.758 3.10922e-005 
128.769 1.62473e-005 
128.788 5.43678e-005 
128.854 0.000159121 
128.699 2.77676e-005 
128.717 1.2013e-005 
128.726 1.87098e-005 
128.729 0.000102569 
128.746 1.06105e-005 
128.763 2.83157e-005 
128.803 0.000243992 
128.875 0.000102293 
128.698 4.52982e-005 
128.713 6.9706e-006 
128.721 1.07301e-005 
128.729 8.58122e-005 
128.745 7.08171e-006 
128.768 8.38788e-005 
128.82 0.000393358 
128.879 0.000108712 
128.808 0.00177106 
128.754 0.000346887 
128.719 1.72737e-005 
128.735 0.000101945 
128.752 1.25967e-005 
128.789 0.000119012 
128.843 0.000446787 
128.88 0.000161784 
129.001 0.00275535 
128.862 0.00156014 
128.756 0.00033148 
128.745 7.43299e-005 
128.759 3.28934e-005 
128.804 6.0195e-005 
128.857 0.000550799 
128.879 0.000117625 
129.119 0.000781984 
128.962 0.0017266 
128.817 0.000857819 
128.761 4.40073e-005 
128.771 0.000128615 
128.811 2.52672e-005 
128.867 0.000568329 
128.87 4.18292e-005 
129.098 0.00039347 
128.992 0.00139621 
128.846 0.00102463 
128.769 7.11187e-005 
128.782 0.000443215 
128.82 3.58868e-005 
128.889 0.000445848 
128.871 3.53211e-005 
129.003 0.00135777 
128.967 0.00101503 
128.843 0.000968557 
128.764 9.67881e-005 
128.786 0.000722013 
128.818 4.89713e-005 
128.9 0.000306903 
128.877 7.15475e-005 
128.847 0.00128514 
128.863 0.00101307 
128.802 0.000575281 
128.762 7.79188e-005 
128.797 0.000604014 
128.809 6.24848e-005 
128.885 0.000228593 
128.877 0.000173258 
12.5733 5.87987 
14.0311 3.88552 
10.7129 8.07116 
9.98652 1.67323 
10.895 5.34336 
12.2818 3.32174 
9.34354 4.40367 
7.89493 0.766817 
10.5534 2.02413 
10.0054 1.87017 
9.55871 4.25151 
10.3103 3.07648 
9.78747 6.32225 
13.354 3.8886 
10.5739 4.71069 
6.17369 1.36111 
13.4509 5.54672 
12.6503 6.84644 
14.5395 4.80492 
12.7254 5.06863 
9.65376 7.99189 
13.9876 1.93201 
15.0164 2.48316 
9.86658 1.97758 
14.9166 3.27622 
18.9325 19.4445 
24.6272 2.77572 
16.8623 19.2389 
12.2168 5.55355 
11.1726 1.66452 
10.9504 3.27527 
11.4668 1.64114 
12.811 2.2881 
16.4587 6.45842 
20.6879 2.88401 
15.7909 6.19122 
21.3368 6.24289 
17.7341 4.87329 
6.63459 8.07872 
7.98778 1.4343 
9.65773 3.73467 
11.6922 2.75488 
13.8082 2.54649 
11.6181 1.92044 
18.0516 5.84507 
17.2405 5.14736 
8.47167 7.19151 
7.9847 1.38108 
8.45406 1.7688 
10.0457 1.74426 
10.3621 3.31413 
8.75251 3.79363 
8.30494 4.51733 
10.1184 10.4624 
10.6628 1.86079 
12.9541 2.45485 
12.4248 3.41175 
5.90521 2.43298 
3.3535 2.5439 
5.08039 0.652514 
7.27056 0.732668 
8.2191 3.06412 
7.50686 0.842661 
12.2337 1.62808 
12.8145 4.76178 
7.32833 2.55347 
6.67203 4.42446 
7.55865 1.89506 
8.22381 0.366746 
6.85293 0.89587 
3.80102 0.702334 
7.20581 2.94274 
16.1323 16.9503 
19.8214 7.06147 
20.6463 13.2449 
20.0848 3.55159 
18.0985 4.27387 
17.1573 3.0506 
14.3491 3.24643 
11.3518 1.48872 
11.6145 6.0685 
13.1795 6.90618 
17.1357 4.78978 
17.0545 7.09786 
15.0576 8.49526 
20.8656 7.29917 
15.5032 4.05265 
7.19039 2.89149 
15.1898 9.40111 
12.9801 16.1982 
21.7882 2.94718 
21.2842 10.4752 
15.0725 4.9092 
21.3044 4.01119 
16.8919 3.13558 
10.1303 4.0184 
20.8243 22.4172 
18.1278 17.4736 
26.6491 6.74776 
22.7078 7.76608 
15.3285 3.89926 
17.341 8.68983 
13.2796 2.79524 
13.2318 8.13171 
22.3503 8.76218 
20.6316 6.06183 
24.763 5.70341 
21.8689 8.89179 
17.3956 2.17815 
17.8138 5.13182 
11.988 3.48103 
11.5317 4.82572 
16.5321 4.92728 
16.1995 3.56455 
23.1311 5.98532 
23.3264 6.89713 
15.0384 2.24543 
13.0423 4.52833 
10.6358 7.74347 
11.9353 5.61995 
13.7281 4.9423 
15.1983 2.98317 
13.6219 10.7962 
13.8654 14.7565 
12.5763 4.74528 
14.9176 13.6122 
17.3046 0.992376 
23.8161 10.1408 
19.4525 7.22998 
15.1447 3.80563 
6.60736 3.81258 
7.15215 3.22859 
13.1562 4.8649 
18.1516 13.8432 
18.0719 3.86916 
25.8076 7.9703 
20.9629 6.9438 
14.8973 2.60886 
11.747 4.65145 
9.72884 6.10231 
11.924 4.78761 
15.479 2.49449 
10.4332 2.54722 
12.4317 10.376 
61.6904 7.63531 
72.6639 48.2432 
81.5405 22.6939 
92.3638 25.9416 
92.5925 13.1999 
73.1126 28.6339 
78.1872 36.4625 
107.139 41.0861 
72.8183 10.4382 
80.9985 37.6866 
79.3998 12.5589 
82.0829 18.5001 
84.4723 20.2553 
76.0426 26.702 
79.7 32.732 
100.448 13.1381 
70.0311 12.4223 
77.97 8.29607 
70.0873 12.4052 
66.5132 37.6548 
80.5132 27.9143 
91.3479 30.504 
92.6549 32.5897 
99.9082 27.1813 
65.5948 24.1755 
78.3932 9.95654 
75.4898 40.2904 
66.7105 31.5468 
78.3695 19.0111 
105.67 25.7546 
109.359 11.2211 
93.4482 58.1654 
71.1319 20.5838 
80.6683 16.43 
79.68 10.6792 
75.7626 27.7105 
76.7607 32.6071 
108.18 82.2193 
118.851 16.5358 
90.6252 84.7951 
66.2742 19.4449 
78.4327 8.08883 
80.8704 26.4008 
87.2063 24.2228 
85.9556 55.0707 
104.298 45.6508 
113.862 12.0475 
95.6786 44.7422 
59.4566 25.7581 
75.244 8.91605 
68.6647 16.6101 
68.9652 24.9581 
71.8685 97.1041 
92.7393 33.0831 
101.99 32.216 
84.7898 29.0832 
59.7673 45.3532 
75.075 9.24278 
66.7227 27.0264 
54.1345 13.6211 
58.2098 26.1825 
80.0404 24.2742 
81.2931 53.1625 
71.4578 42.6419 
70.4887 14.5722 
73.204 4.39506 
69.3929 24.999 
58.9545 28.5738 
68.9813 74.811 
85.6444 10.0229 
71.0086 57.4913 
66.4409 33.4136 
172.293 106.953 
165.082 42.5233 
156.69 38.0008 
155.323 25.8895 
167.469 23.3393 
174.52 19.478 
176.827 20.4452 
170.982 34.2697 
169.375 37.2754 
172.6 78.1758 
160.966 25.6443 
160.707 48.7305 
168.87 68.1487 
149.991 135.356 
166.568 60.4104 
184.054 27.8035 
171.341 82.4999 
172.801 128.364 
152.433 32.3896 
165.256 81.0025 
174.007 96.8717 
143.871 37.2718 
153.507 19.1659 
167.647 43.5391 
167.408 59.3652 
157.463 222.173 
125.664 50.6309 
155.438 152.313 
177.397 24.7258 
153.647 37.3571 
154.642 25.6903 
154.726 21.2773 
156.302 75.6833 
152.614 87.4319 
126.706 36.6723 
146.407 119.622 
163.608 45.3723 
145.47 127.225 
154.127 27.5256 
159.268 16.3134 
167.118 53.6731 
159.826 18.0722 
150.871 71.7269 
155.853 71.0107 
160.174 20.7895 
146.131 139.117 
149.142 27.0696 
156.072 18.8134 
160.404 20.9274 
164.564 34.1685 
184.712 90.7916 
194.365 182.213 
191.617 169.044 
166.055 268.261 
152.491 39.9383 
153.432 34.0163 
134.751 102.702 
166.595 155.356 
203.866 122.184 
217.376 45.4046 
206.143 75.5782 
184.414 120.68 
183.077 79.3109 
170.857 53.0578 
136.887 32.0735 
166.135 93.347 
183.701 128.734 
202.313 114.848 
194.66 127.61 
180.831 34.3128 
207.782 72.5404 
200.421 102.131 
44.0815 7.57302 
34.1629 21.8505 
37.6539 6.42753 
34.8798 8.67749 
25.6658 6.53176 
35.2773 11.9802 
33.832 10.1651 
18.2264 13.6397 
42.9366 3.52673 
33.0917 15.8259 
42.2768 6.80869 
42.3279 6.72005 
34.9749 12.3887 
45.6649 16.4641 
36.2783 15.6085 
19.8014 5.59196 
38.293 9.18693 
34.0573 8.61582 
42.6149 5.59827 
39.0373 4.11685 
32.7283 6.88392 
36.6599 13.1022 
29.84 6.20121 
25.1249 18.8874 
40.3543 20.8944 
33.05 4.91693 
37.1959 8.20905 
33.9037 13.4306 
29.2879 3.35708 
26.9888 2.69984 
24.7504 4.01036 
34.1061 16.2989 
46.5786 42.1441 
36.697 10.2172 
40.3709 11.0911 
37.3808 15.0773 
31.7563 9.99183 
24.6781 3.82378 
23.819 9.9519 
39.5266 22.0829 
48.6223 13.4842 
44.3543 5.83792 
39.0886 3.04336 
32.1015 11.0545 
31.9262 9.39436 
28.9311 7.61702 
29.4994 3.17873 
38.7935 14.8377 
53.2257 14.8596 
43.0492 15.0292 
35.7556 9.07515 
29.1997 9.62162 
29.9597 4.11135 
26.4929 12.5905 
26.8973 7.39492 
34.1449 10.1028 
66.1627 15.2134 
46.819 47.6348 
33.9591 12.0875 
26.9585 5.49239 
25.0384 2.24262 
22.7688 5.21602 
24.3106 4.30904 
31.611 5.09045 
61.3222 34.2945 
48.3223 38.107 
39.2875 12.7512 
29.1731 3.75752 
23.8721 1.38009 
26.5614 5.52644 
25.8504 5.2413 
28.265 3.96688 
15.7417 8.75765 
17.3924 6.44811 
15.5579 12.6273 
9.73033 1.24724 
7.68285 2.1079 
10.4447 6.57974 
10.3378 4.22479 
7.42596 1.68282 
14.4773 4.45485 
13.1278 2.86339 
13.58 5.50341 
10.3561 1.69614 
9.53318 2.27818 
15.1855 3.41458 
12.6402 2.9355 
5.33259 4.16684 
13.6592 5.79344 
12.306 8.61603 
17.2241 17.1326 
13.7863 10.4676 
10.2352 3.41548 
13.7233 5.08468 
13.0617 2.8333 
10.1319 7.26038 
13.029 4.91579 
15.0186 17.4338 
25.2133 2.62907 
19.5735 19.5947 
9.41616 2.43452 
7.60922 1.02587 
9.45457 10.4797 
15.6876 4.73674 
12.725 2.23139 
13.8336 11.6832 
25.2835 12.8692 
20.7158 22.2857 
11.5642 3.08429 
9.11702 1.4753 
7.62435 2.04784 
13.9451 6.75108 
13.3503 9.81138 
11.7999 1.21386 
14.0726 1.01806 
11.8773 4.32171 
11.7916 2.60551 
13.3553 7.34875 
11.4146 2.85923 
12.5726 4.9097 
22.9841 3.97291 
13.6097 3.5279 
9.80898 1.73002 
7.78133 7.30096 
8.59381 1.35379 
12.6504 14.2367 
13.5969 1.00872 
13.8532 6.84022 
26.2988 8.41765 
11.7851 8.49925 
8.0237 1.89919 
11.8962 1.24411 
12.1007 1.47239 
8.57245 3.98078 
8.68489 2.35301 
11.0737 3.27268 
19.5911 4.95075 
11.9625 7.00924 
10.7307 2.09306 
14.3952 2.63996 
14.191 1.18803 
6.77859 1.61891 
4.11595 0.998072 
8.34004 1.81079 
