298.838 1679.37 
304.085 820.511 
304.551 686.812 
303.586 754.624 
304.74 743.649 
310.809 514.151 
313.755 316.067 
313.987 331.626 
297.832 1427.9 
302.212 770.106 
304.971 632.104 
304.497 767.215 
306.387 621.006 
311.865 369.722 
313.591 321.226 
314.477 324.244 
299.099 1152.51 
301.106 800.774 
303.343 901.002 
303.751 969.258 
305.816 618.95 
311.291 325.612 
313.947 280.262 
315.782 232.095 
301.485 1135.23 
300.91 961.255 
301.014 900.645 
302.787 865.078 
306.673 559.562 
311.393 333.929 
315.008 180.865 
316.181 181.464 
299.737 1729.82 
299.814 1288.34 
299.073 1231.49 
302.149 978.138 
308.628 471.647 
312.599 253.846 
315.602 137.082 
315.669 187.261 
298.189 1779.21 
300.551 1419.79 
300.68 1247.56 
304.828 787.409 
311.534 399.672 
314.202 179.157 
315.805 93.2705 
315.393 154.639 
295.232 1827.84 
297.503 1690.24 
301.195 1157.16 
306.653 550.152 
312.983 212.742 
315.478 101.648 
316.29 106.118 
316.338 206.708 
292.968 2022.36 
294.483 1743.73 
299.357 1099.7 
304.358 639.155 
311.057 271.817 
315.657 90.9675 
316.95 77.5869 
317.704 110.105 
294.006 1866.91 
296.034 1552.84 
299.299 1233.63 
302.337 965.88 
308.23 529.523 
314.815 161.265 
316.602 132.872 
317.618 162.701 
69.1944 20.7849 
68.7405 22.8421 
68.1644 26.3111 
67.6009 29.9821 
67.0383 32.5657 
66.385 33.7241 
65.7785 32.7381 
65.2217 31.6113 
69.165 21.1125 
68.7367 22.7067 
68.1646 25.5014 
67.5699 29.0408 
66.9397 33.0629 
66.2263 35.5333 
65.6113 34.6634 
65.1022 32.4415 
69.0951 21.6436 
68.7077 22.8926 
68.1582 25.5821 
67.4952 29.717 
66.8317 34.13 
66.1074 36.6039 
65.4593 36.0127 
64.9653 33.8615 
69.0386 21.9031 
68.6882 23.2262 
68.1672 25.9758 
67.3984 31.827 
66.6807 37.1611 
65.9593 38.5093 
65.3013 37.0838 
64.8414 35.1176 
69.0159 22.0929 
68.6765 23.7546 
68.1789 26.1 
67.4157 31.2358 
66.6489 36.9381 
65.853 40.2606 
65.1979 38.6931 
64.771 36.3031 
69.0293 22.1377 
68.663 24.0006 
68.1553 26.5989 
67.4672 29.8312 
66.7407 33.6237 
65.9191 38.1793 
65.2303 37.9217 
64.758 35.7848 
69.0541 22.195 
68.6759 23.5161 
68.1791 25.5995 
67.5001 28.7354 
66.7684 32.1978 
65.9864 35.7406 
65.299 35.1123 
64.7596 33.9625 
69.0228 22.5072 
68.6447 23.3929 
68.1961 24.4708 
67.5349 27.5037 
66.75 32.0845 
65.9036 36.2616 
65.2225 34.9723 
64.6661 33.6895 
68.9597 22.695 
68.5941 23.0398 
68.142 23.9434 
67.4998 26.7849 
66.7373 31.1826 
65.8519 35.347 
65.1327 35.8154 
64.5499 35.4175 
122.234 0.00712385 
122.228 0.0143298 
122.204 0.0326287 
122.158 0.0755905 
122.126 0.104957 
122.109 0.108902 
122.119 0.0978118 
122.152 0.0744437 
122.237 0.00381777 
122.222 0.0110431 
122.199 0.0312465 
122.171 0.0588621 
122.143 0.0879503 
122.116 0.133862 
122.116 0.125594 
122.149 0.0771452 
122.225 0.0164891 
122.198 0.0421585 
122.182 0.0427143 
122.178 0.0496779 
122.166 0.0618068 
122.146 0.105184 
122.137 0.122472 
122.152 0.0809145 
122.223 0.0130141 
122.197 0.046365 
122.18 0.049411 
122.177 0.0590643 
122.178 0.0638526 
122.175 0.0713598 
122.171 0.0868189 
122.174 0.0693592 
122.229 0.0104821 
122.222 0.0156823 
122.205 0.0222707 
122.186 0.0578245 
122.18 0.0810302 
122.182 0.0647339 
122.183 0.061232 
122.186 0.0576901 
122.238 0.00376173 
122.236 0.00376041 
122.223 0.00906162 
122.204 0.0354173 
122.193 0.0804137 
122.188 0.0698518 
122.182 0.0693934 
122.185 0.0628672 
122.243 0.000970725 
122.233 0.0129875 
122.217 0.0287195 
122.206 0.0269964 
122.203 0.0496038 
122.205 0.0494337 
122.202 0.0493499 
122.199 0.0507885 
122.244 0.000635131 
122.232 0.00843533 
122.214 0.0266703 
122.2 0.0448483 
122.203 0.0421544 
122.219 0.0262384 
122.225 0.0207959 
122.22 0.0327631 
122.243 0.00190122 
122.233 0.0131321 
122.224 0.0135589 
122.215 0.0244999 
122.217 0.0249199 
122.231 0.013566 
122.235 0.0123859 
122.229 0.0176799 
128.713 0.0142786 
128.728 0.0183222 
128.75 0.0229003 
128.782 0.0374632 
128.811 0.0513945 
128.835 0.0578881 
128.845 0.0557938 
128.845 0.0455708 
128.714 0.0123713 
128.73 0.0166395 
128.75 0.0230298 
128.78 0.0353923 
128.811 0.0488686 
128.836 0.0600458 
128.849 0.0605255 
128.848 0.0469602 
128.717 0.0136106 
128.736 0.0207068 
128.758 0.0283 
128.784 0.0362455 
128.805 0.0428055 
128.825 0.0513383 
128.843 0.0561912 
128.85 0.0474756 
128.719 0.0149341 
128.741 0.0268674 
128.765 0.0338554 
128.787 0.0381234 
128.802 0.0419083 
128.818 0.0449226 
128.834 0.047585 
128.844 0.0433688 
128.721 0.014194 
128.74 0.0225276 
128.762 0.0312524 
128.783 0.0384247 
128.799 0.0449439 
128.818 0.0463247 
128.834 0.0457047 
128.842 0.0422621 
128.72 0.0149685 
128.734 0.0159679 
128.753 0.022402 
128.776 0.0322543 
128.794 0.0425096 
128.813 0.04372 
128.833 0.0462239 
128.842 0.0432963 
128.715 0.0126405 
128.727 0.0139201 
128.747 0.0187046 
128.773 0.0247277 
128.79 0.033148 
128.803 0.036975 
128.821 0.0377727 
128.835 0.0370402 
128.712 0.0105673 
128.726 0.0138038 
128.747 0.0211008 
128.769 0.0269985 
128.786 0.0305011 
128.8 0.0339036 
128.815 0.0310136 
128.829 0.0310765 
128.713 0.0107274 
128.728 0.0139226 
128.744 0.018752 
128.765 0.027682 
128.784 0.0320966 
128.799 0.0319232 
128.814 0.0301085 
128.83 0.0299737 
20.9639 332.372 
20.3287 270.971 
18.8926 189.816 
19.5345 143.571 
19.9472 141.345 
19.0618 157.565 
18.1957 146.47 
16.9722 110.94 
19.7906 204.7 
20.1263 203.183 
18.7233 127.729 
18.9085 115.577 
18.9835 121.919 
18.4825 108.895 
18.0308 160.307 
16.404 121.336 
19.0639 185.177 
19.6808 156.054 
18.7547 112.861 
19.7452 140.014 
19.3114 122.974 
18.0832 94.4869 
17.1744 115.431 
16.2041 103.002 
19.622 236.358 
19.5226 120.823 
19.3127 129.208 
20.0799 170.341 
19.7375 145.598 
18.701 143.896 
17.9967 128.262 
17.6635 120.53 
20.1141 281.28 
21.1624 188.658 
21.1622 193.869 
19.3686 141 
19.5393 148.606 
19.5327 175.536 
19.0982 147.433 
18.683 143.563 
20.7812 240.265 
22.7627 257.489 
23.5754 263.309 
21.0388 174.277 
20.0784 148.054 
19.8978 157.85 
19.2058 132.422 
18.9057 142.706 
20.6632 213.896 
21.3289 217.573 
23.2702 257.329 
23.0379 263.435 
21.4462 195.409 
20.9862 168.947 
20.4185 133.246 
19.4812 133.314 
20.5136 234.094 
20.9075 214.305 
22.2609 195.561 
22.2405 204.597 
20.8831 157.645 
20.8956 176.474 
21.6119 174.523 
20.9096 143.614 
21.4021 423.365 
22.4428 332.606 
22.0115 229.639 
20.9431 190.254 
19.112 124.83 
19.5879 136.566 
20.9168 146.886 
20.0854 141.899 
23.3562 128.487 
23.4999 122.755 
22.8894 101.346 
24.4904 126.754 
25.8775 159.393 
26.6299 142.917 
25.031 131.051 
24.0445 136.744 
22.6838 123.993 
23.6312 129.936 
23.073 111.602 
23.7294 94.772 
25.7325 111.631 
26.7916 125.509 
24.688 124.652 
23.1682 122.742 
22.2349 101.546 
23.2102 85.2765 
23.0587 88.4586 
23.7838 108.757 
24.8593 112.761 
25.1832 114.757 
23.712 103.544 
22.6147 97.0886 
23.4253 132.919 
23.7181 96.9035 
23.5928 82.9491 
23.6456 88.1994 
24.0385 121.02 
25.4587 156.514 
25.1122 115.216 
23.681 103.035 
23.1327 164.027 
23.4086 112.905 
24.3687 106.485 
24.3572 103.924 
24.6977 136.249 
26.2112 155.171 
26.802 131.129 
25.0291 149.788 
22.2534 139.374 
24.1145 121.402 
25.361 139.03 
25.2531 111.504 
25.4665 134.044 
25.6511 137.575 
27.1222 147.018 
26.2193 169.112 
22.097 112.492 
23.5232 104.867 
25.4238 115.315 
26.4234 104.073 
26.9134 122.039 
27.4436 170.429 
28.0327 169.988 
26.6453 134.195 
21.4535 97.4464 
22.021 103.463 
24.3025 111.572 
26.3629 122.868 
27.3993 138.76 
28.5685 175.161 
29.1967 181.819 
27.5393 143.222 
20.9242 113.614 
22.1761 123.349 
24.0588 131.681 
25.647 159.022 
25.7275 133.227 
27.4157 151.119 
28.606 174.735 
27.2678 165.624 
64.7059 774.872 
66.0211 603.476 
65.1945 606.44 
66.9149 525.04 
70.1062 448.98 
74.3911 555.361 
75.9889 510.125 
77.5435 608.818 
63.1151 753.972 
64.8788 628.868 
66.5982 587.889 
69.5964 539.2 
73.6224 493.542 
78.7855 528.457 
79.1689 594.47 
80.5912 676.63 
63.1464 737.604 
63.7482 683.98 
65.9434 636.161 
67.5865 538.762 
71.226 575.174 
77.06 553.74 
79.2786 499.407 
81.9878 575.088 
64.5551 741.118 
64.9034 662.488 
65.3421 651.312 
65.6824 507.576 
69.0314 571.14 
74.0935 567.391 
76.2035 379.862 
78.6582 378.515 
63.8257 680.691 
63.7731 619.867 
65.1647 629.468 
67.3435 504.483 
70.6236 518.212 
74.3365 587.817 
77.1098 504.702 
78.2147 420.015 
62.1556 679.624 
62.7309 594.076 
64.5508 616.204 
69.2546 557.16 
72.4131 535.358 
73.8326 529.832 
77.7504 523.341 
79.7686 496.593 
63.2862 730.828 
62.8486 565.775 
62.8308 565.515 
68.4446 614.385 
72.9524 528.893 
75.1418 465.623 
77.3459 424.001 
79.9576 416.653 
62.9621 790.586 
62.1649 742.439 
63.0899 564.919 
68.0026 583.172 
73.0664 546.123 
76.867 465.856 
77.9335 371.375 
78.9545 394.713 
61.0777 686.687 
61.6837 801.184 
64.9878 696.03 
68.6769 656.274 
72.5975 577.201 
76.7637 527.289 
79.3192 381.792 
80.0582 461.405 
133.147 1584.73 
136.759 1451.7 
140.06 1365.38 
136.526 1495.02 
132.762 1517.15 
135.887 1515.75 
142.545 1358.14 
146.231 1268.04 
137.058 1523.45 
137.195 1243.59 
139.628 1175.94 
136.309 1177.45 
133.447 1190.15 
135.14 1235.59 
141.342 1616.59 
146.845 1379.09 
140.204 1216.74 
138.794 1191.47 
140.274 1076.25 
138.017 1187.48 
137.264 1057.44 
138.521 1085.25 
143.347 1277.77 
146.869 1046.57 
138.999 1070.19 
137.235 1134.96 
138.202 1103.03 
139.015 1325.37 
140.135 1094.52 
140.117 1117.5 
143.606 1116.08 
145.779 1069.62 
136.053 1094.8 
133.525 1103.98 
131.686 1248.21 
135.807 1169.6 
138.855 1092.31 
138.01 1217.31 
140.663 1256.13 
144.012 1212.01 
133.982 1227.1 
130.862 1289.52 
128.373 1226.24 
132.861 1025.03 
136.727 1180.94 
136.523 1279.94 
138.336 1188.54 
141.509 1195.69 
134.568 1226.18 
133.404 1252.47 
132.494 1356.11 
133.979 995.597 
136.206 1197.79 
134.433 1341.91 
135.114 1159.87 
139.129 1120.26 
138.614 1138.85 
137.668 1167.79 
135.76 1242.47 
134.806 1037.99 
137.209 1229.14 
135.804 1278.44 
134.192 1187.91 
137.131 1045.47 
142.607 1332.26 
139.177 1264.71 
135.466 1305.53 
133.979 1245.17 
138.832 1055.13 
138.538 1101.66 
134.455 1230.67 
138.011 1209.44 
36.4772 268.577 
37.4128 235.293 
37.4429 197.691 
36.165 172.366 
36.4524 152.012 
36.2183 180.653 
35.0987 159.276 
33.3406 107.603 
35.8365 219.824 
36.3034 195.167 
36.891 165.181 
36.6319 153.44 
36.379 139.903 
35.7226 156.045 
34.3935 143.292 
32.5738 123.947 
34.9793 224.294 
35.4875 189.838 
35.8484 165.268 
35.6166 174.205 
35.1548 171.529 
35.0798 143.597 
33.7808 129.599 
32.6109 134.18 
35.2253 210.942 
35.6364 186.92 
35.6419 151.009 
35.5449 150.985 
35.3939 168.793 
35.248 166.551 
34.8321 141.165 
33.841 146.106 
36.996 231.78 
37.503 221.75 
37.1333 181.544 
36.7349 176.863 
36.5545 150.273 
36.2812 148.86 
34.9038 149.114 
33.1507 120.237 
38.4828 243 
39.1808 211.955 
38.0183 203.348 
37.1757 195.064 
37.7868 172.113 
38.8484 169.303 
35.9997 134.685 
32.6381 105.068 
35.4754 247.047 
36.9922 215.653 
36.9421 213.575 
35.6818 159.657 
36.2548 160.419 
37.7496 170.275 
36.7589 127.138 
33.8669 127.67 
32.5826 204.636 
33.9487 185.038 
34.7692 204.393 
34.3848 146.693 
34.2939 140.9 
34.8042 129.524 
35.7636 110.937 
35.5879 121.768 
32.1415 220.145 
33.5309 200.714 
34.2493 169.893 
34.529 170.781 
34.745 163.425 
35.1169 134.4 
35.4718 131.253 
35.3957 141.737 
20.1887 144.979 
20.0629 155.758 
20.0714 148.808 
19.9549 130.402 
19.5939 100.858 
18.6201 122.747 
16.8956 102.879 
15.8546 91.0546 
19.3485 131.876 
20.0779 136.806 
20.0581 129.536 
19.3216 116.384 
18.2226 90.1927 
16.9437 74.8573 
15.968 93.947 
14.8948 82.3047 
19.4707 155.752 
20.1852 125.779 
19.4643 109.499 
19.0025 111.815 
18.0005 105.737 
17.3639 90.9467 
16.6539 97.2779 
15.4954 73.1314 
19.6579 125.61 
19.8944 114.561 
18.9225 92.1004 
18.8191 95.6274 
18.3361 98.3555 
17.7743 99.1102 
17.2576 94.9712 
16.5584 86.6009 
19.616 107.212 
20.4419 106.395 
19.5583 100.002 
18.5377 103.148 
18.3576 81.8981 
18.2267 79.1401 
17.0254 71.5872 
16.58 84.3414 
20.534 104.999 
20.8996 82.9653 
20.8011 112.838 
19.2444 119.969 
19.0627 117.604 
19.4492 106.297 
17.3908 70.7256 
16.3525 71.2444 
19.142 99.6535 
19.4061 91.358 
20.2341 127.886 
19.0866 94.7276 
19.2106 110.48 
19.7243 116.241 
18.6204 89.7737 
17.2578 68.9831 
16.8416 76.1535 
17.7726 89.5127 
19.1747 104.007 
18.561 69.1859 
18.2047 84.5857 
18.7177 78.5346 
18.2523 80.8255 
17.5818 84.4461 
15.8538 71.9505 
17.0229 82.2341 
18.5254 101.681 
18.5625 85.6028 
17.2162 66.2197 
17.3929 62.4177 
17.8328 82.2421 
16.8001 84.7486 
