317.51 2.85149 
317.304 3.32603 
322.611 1.17613 
322.566 0.276615 
322.411 0.349016 
321.879 0.20288 
321.736 0.227263 
322.226 0.244058 
312.172 4.26789 
311.549 3.28522 
321.939 2.13712 
323.17 0.0975491 
323.039 0.137397 
322.043 0.0951871 
322.031 0.104755 
322.895 0.103133 
315.181 1.82485 
313.927 1.71986 
321.369 1.30803 
323.01 0.165844 
323.04 0.0900989 
322.87 0.121857 
322.824 0.118651 
322.188 0.524926 
321.409 0.903739 
320.75 1.23617 
321.987 0.127886 
322.826 0.151088 
321.971 1.86487 
321.343 2.1574 
322.006 1.61035 
320.976 0.257666 
314.714 48.8247 
316.799 26.0441 
322.172 1.1015 
322.457 0.364366 
318.012 8.59122 
315.867 1.25754 
319.637 8.08762 
321.45 0.4361 
291.825 3.22423 
301.813 40.2631 
321.74 2.26897 
321.651 0.460858 
316.271 6.27274 
314.511 1.46607 
320.091 7.37911 
323.022 0.11436 
293.096 12.1664 
300.688 32.3431 
320.325 6.75668 
321.861 0.630495 
320.189 1.20384 
320.271 1.25049 
322.857 0.290068 
323.053 0.08654 
308.297 30.6799 
303.256 2.18698 
314.22 29.5316 
321.512 0.726424 
322.86 0.204415 
322.877 0.176597 
323.012 0.083644 
323.007 0.0842654 
309.541 24.3204 
305.068 12.1604 
313.827 25.432 
321.074 0.457769 
322.93 0.12006 
322.829 0.0870078 
322.439 0.283816 
322.514 0.267034 
70.8565 0.0477313 
70.6535 0.0458365 
69.3891 0.0346518 
68.5877 0.0738626 
68.5445 0.0338832 
67.8925 0.0331913 
66.3152 0.101371 
66.1484 0.0866872 
71.1132 0.0523788 
70.7169 0.0970525 
69.1987 0.0323247 
68.2497 0.0543602 
68.3781 0.0766877 
67.8803 0.0854709 
66.1325 0.046549 
65.9275 0.072336 
71.163 0.0311268 
70.6289 0.101423 
69.2344 0.02735 
68.1527 0.0361948 
68.1046 0.0855388 
67.9858 0.109664 
66.6659 0.0321732 
66.2461 0.0747778 
71.0686 0.0114351 
70.5499 0.0763939 
69.4239 0.030171 
68.3312 0.0183829 
68.0064 0.0412963 
68.0703 0.105611 
67.0334 0.00825002 
66.3518 0.0754183 
70.9177 0.00966455 
70.5554 0.0701144 
69.5337 0.0461073 
68.5169 0.0118428 
68.1195 0.0139195 
68.0638 0.175641 
66.8966 0.0155089 
65.8689 0.181047 
70.7724 0.0191627 
70.5674 0.0683194 
69.5637 0.0560703 
68.6499 0.0142543 
68.2086 0.00890622 
67.7627 0.252631 
66.6255 0.0153024 
65.1284 0.251376 
70.6245 0.0297001 
70.446 0.0512115 
69.521 0.0488612 
68.7344 0.0245691 
68.1087 0.0155733 
67.0783 0.265937 
66.2682 0.0173284 
64.4601 0.151479 
70.4593 0.0226953 
70.2377 0.0342207 
69.445 0.0367482 
68.6429 0.0362551 
67.8154 0.0272861 
66.4971 0.179279 
65.997 0.0859399 
64.0239 0.0959457 
70.3887 0.0115406 
70.0672 0.0275954 
69.3194 0.0217321 
68.5329 0.0323125 
67.7097 0.0205605 
66.4707 0.127595 
66.0699 0.329181 
63.8712 0.108362 
122.242 3.44789e-007 
122.243 3.2723e-007 
122.246 2.49109e-007 
122.248 5.70773e-007 
122.248 2.60876e-007 
122.25 2.64573e-007 
122.255 8.43199e-007 
122.255 7.0614e-007 
122.241 3.78678e-007 
122.242 6.99079e-007 
122.246 2.25908e-007 
122.249 4.28734e-007 
122.249 6.0539e-007 
122.25 7.1879e-007 
122.255 3.93439e-007 
122.256 5.67742e-007 
122.241 2.47225e-007 
122.243 8.57971e-007 
122.246 2.41696e-007 
122.249 2.87041e-007 
122.25 6.70175e-007 
122.25 9.13786e-007 
122.254 2.79904e-007 
122.255 5.97605e-007 
122.266 0.000301981 
122.264 0.000231912 
122.251 3.52512e-005 
122.249 1.47471e-006 
122.25 4.86088e-007 
122.25 8.65465e-007 
122.253 6.97897e-008 
122.254 6.43327e-007 
122.061 0.0141022 
122.047 0.0182064 
122.128 0.00896389 
122.2 0.00179886 
122.243 0.000110822 
122.25 2.32738e-006 
122.253 1.33608e-007 
122.256 1.67491e-006 
121.493 0.0316884 
121.305 0.0355514 
121.582 0.0245571 
121.954 0.0115985 
122.186 0.00198293 
122.246 8.35182e-005 
122.254 4.92858e-007 
122.258 2.38783e-006 
121.133 0.0296251 
120.735 0.00426194 
121.09 0.0149299 
121.647 0.0197257 
122.048 0.00430683 
122.235 0.000655854 
122.255 3.03022e-006 
122.26 1.46305e-006 
121.386 0.0343819 
120.907 0.0153248 
121.111 0.0107758 
121.547 0.015123 
121.946 0.00471419 
122.226 0.00155098 
122.255 7.5341e-006 
122.262 9.6013e-007 
121.802 0.0168012 
121.392 0.0164797 
121.387 0.00904126 
121.608 0.00798863 
121.942 0.00450996 
122.225 0.00158017 
122.255 1.04085e-005 
122.262 1.04894e-006 
128.664 1.84092e-005 
128.668 1.71674e-005 
128.692 1.31376e-005 
128.709 3.23632e-005 
128.71 1.46899e-005 
128.724 1.53389e-005 
128.76 5.06837e-005 
128.763 4.17224e-005 
128.66 2.00727e-005 
128.667 3.72126e-005 
128.697 1.17526e-005 
128.716 2.46106e-005 
128.714 3.49121e-005 
128.724 4.34935e-005 
128.764 2.39093e-005 
128.769 3.27905e-005 
128.658 1.16909e-005 
128.669 3.88732e-005 
128.696 1.01953e-005 
128.719 1.66892e-005 
128.72 3.8376e-005 
128.722 5.477e-005 
128.752 1.73718e-005 
128.76 3.48402e-005 
128.666 3.15384e-005 
128.675 4.60276e-005 
128.693 9.56689e-006 
128.715 8.59264e-006 
128.721 1.81504e-005 
128.72 5.11958e-005 
128.743 4.11807e-006 
128.757 3.98514e-005 
128.761 0.00194936 
128.772 0.00247133 
128.747 0.00145912 
128.733 0.000331695 
128.721 1.67735e-005 
128.72 9.24492e-005 
128.746 8.28252e-006 
128.77 0.000109442 
128.955 0.00321553 
129.021 0.003342 
128.948 0.002952 
128.838 0.00173246 
128.747 0.000425858 
128.729 0.000127966 
128.753 7.15373e-006 
128.788 0.000158737 
129.065 0.00318816 
129.203 0.000394694 
129.129 0.0010941 
128.976 0.00219456 
128.819 0.000990866 
128.751 0.000101997 
128.761 8.52717e-006 
128.805 9.81767e-005 
128.995 0.00384931 
129.166 0.00127234 
129.138 0.000460056 
129.033 0.0015403 
128.877 0.00101599 
128.769 0.000141066 
128.767 5.1147e-005 
128.817 6.3309e-005 
128.861 0.00236433 
129.031 0.00195324 
129.068 0.000724563 
129.019 0.00102762 
128.881 0.00098694 
128.77 0.000168939 
128.766 0.000212443 
128.823 6.42226e-005 
18.2841 4.29393 
18.4871 18.9106 
16.9479 11.7572 
17.776 7.92204 
13.3377 1.05885 
10.8028 0.494726 
7.8648 5.75888 
14.0286 1.96426 
6.24852 13.3321 
5.7385 4.62803 
10.5024 5.29332 
15.3845 1.16208 
13.6427 2.42906 
9.91489 0.600058 
8.77989 3.66356 
14.0667 1.30756 
8.86145 4.68856 
10.3251 4.33617 
10.5865 2.07344 
10.969 1.76622 
10.179 2.9538 
7.93446 1.85019 
8.60126 2.33247 
13.3106 1.76853 
15.4271 21.0696 
20.8948 6.46143 
16.1523 6.6374 
10.81 4.20955 
13.4901 2.42467 
12.8881 1.86167 
9.25452 2.66909 
15.2342 1.59018 
27.7227 18.7299 
29.2796 10.507 
16.4743 6.94236 
13.5082 9.62786 
21.4314 10.7872 
19.8238 11.9074 
10.4087 4.3808 
12.0533 2.78866 
26.9125 10.1971 
24.243 19.6139 
13.2305 3.25445 
15.2549 5.69747 
21.4101 6.40653 
18.7632 8.73698 
16.1601 15.2896 
13.7482 4.54804 
20.6013 22.6731 
15.8484 15.113 
10.3747 1.60736 
12.7183 2.65524 
15.9316 6.57956 
15.0204 9.66756 
19.5585 16.219 
18.5313 1.82892 
18.9585 2.7151 
15.2271 4.58253 
8.84252 2.0255 
9.54553 1.01438 
11.6009 1.07148 
10.9975 1.10063 
12.1511 7.26252 
11.4531 5.20558 
11.7884 5.29074 
12.6635 3.88495 
10.4267 4.20551 
8.45509 1.36085 
7.31513 4.57539 
5.82667 1.74333 
6.32467 0.934473 
6.22716 2.15496 
11.1063 1.86435 
18.1658 35.3304 
28.1256 16.3826 
31.8101 12.5686 
21.1592 9.5082 
20.9141 6.76054 
19.3429 6.1446 
19.5437 3.05521 
9.58912 3.26841 
10.1439 12.0548 
15.5399 13.7236 
22.0024 6.41578 
21.4225 5.59486 
20.5868 2.59034 
19.1617 4.23947 
17.4232 1.46843 
12.8139 5.95818 
10.5419 2.99807 
9.87526 9.52499 
13.5025 8.78762 
20.1865 14.8059 
16.6692 5.90521 
13.2478 6.67188 
18.8606 2.49714 
22.846 23.7506 
26.5022 33.0861 
17.9554 9.18862 
11.6095 6.6499 
21.0524 6.21178 
22.4447 7.42085 
15.6633 4.44907 
22.411 3.49565 
37.1698 51.2155 
43.6105 22.1448 
25.7978 41.7559 
13.4177 9.29229 
21.4621 5.4395 
22.4133 3.34265 
16.8508 2.62632 
20.2461 6.81534 
38.3457 19.0929 
42.1614 17.3088 
26.2292 20.8723 
16.724 10.1772 
25.4244 9.56288 
23.9919 13.6514 
16.0141 3.17857 
14.6272 6.47006 
47.3877 6.66028 
38.595 58.2998 
21.5201 16.1805 
16.2096 6.86501 
24.9925 3.92257 
26.8217 2.14116 
16.9702 4.87641 
12.9656 3.47815 
46.6939 27.1657 
34.3882 59.7869 
17.0691 6.2611 
15.9338 1.6908 
18.2891 3.4952 
18.9349 5.68929 
15.2422 3.37652 
14.7409 5.43748 
25.8803 16.1407 
19.9216 16.4363 
14.6376 5.79982 
14.9066 2.24013 
10.0045 5.39283 
8.05487 3.13459 
11.4971 2.41957 
13.2294 7.03252 
48.0791 58.706 
57.1486 42.2992 
74.2113 30.5938 
80.3574 27.4625 
85.9257 23.9225 
94.5359 20.0509 
85.5355 25.0553 
72.3051 7.67606 
38.1654 28.664 
41.8487 34.6045 
61.5718 15.3547 
70.9652 33.5565 
75.9599 6.76454 
89.4464 34.5763 
88.6465 20.8329 
75.3344 22.5696 
61.1638 79.104 
59.5745 47.605 
66.9417 17.228 
72.1627 42.1674 
80.8877 11.1921 
86.5593 29.1149 
84.3888 29.4046 
72.4165 39.3684 
70.2759 7.65772 
67.4935 4.77719 
73.3456 7.13298 
77.0708 12.6862 
76.1867 19.8062 
78.8488 46.2006 
83.2904 43.413 
82.7572 15.6197 
57.7801 65.0948 
53.3914 60.5316 
62.5529 17.2951 
75.547 6.72248 
71.1693 15.79 
59.7038 7.9948 
72.9907 30.0858 
97.221 62.8847 
51.2418 28.9766 
55.7524 55.2715 
64.6671 21.7154 
78.4959 16.596 
82.8617 9.75642 
70.0522 7.92769 
71.1829 14.3829 
97.5308 56.6232 
63.8624 20.2111 
67.1555 14.359 
70.2785 7.40195 
81.0331 14.7031 
84.9241 9.98379 
87.3969 23.999 
79.9458 19.6571 
95.2347 45.1635 
61.5324 29.6476 
54.2296 58.0764 
58.8271 10.6397 
74.4798 13.4338 
73.9183 20.2914 
74.8641 19.1934 
76.2769 51.2883 
97.7999 22.5507 
59.7018 6.70578 
43.499 61.4299 
50.1455 33.9928 
71.6902 15.5911 
70.7568 16.375 
61.5383 17.6135 
60.7521 22.5558 
81.5338 32.2219 
188.028 120.712 
167.892 378.064 
149.716 154.169 
139.208 35.9798 
148.21 13.126 
152.469 32.0002 
174.362 34.2753 
174.271 44.9455 
225.795 78.9009 
212.727 275.501 
180.917 134.647 
156.48 32.1365 
152.422 24.9255 
157.107 33.0686 
174.668 43.8063 
178.138 34.9555 
187.516 158.378 
181.536 207.407 
178.858 85.7967 
174.724 27.2473 
155.473 46.1709 
162.126 33.2834 
175.409 35.2119 
162.961 56.973 
138.085 161.266 
127.831 134.925 
156.359 40.089 
177.33 55.5943 
155.401 12.1436 
154.687 22.6115 
167.623 64.4589 
141.447 48.6009 
119.92 164.879 
110.631 146.881 
158.952 101.71 
176.779 92.9588 
139.436 60.1808 
150.11 86.6372 
178.367 26.3837 
152.182 87.8506 
127.827 25.8159 
122.472 124.819 
161.752 35.6002 
165.836 77.2532 
125.892 44.3225 
139.437 142.489 
173.629 44.3515 
163.826 82.5273 
130.177 35.6694 
130.998 158.422 
152.879 58.1186 
158.682 26.2586 
142.372 45.0749 
140.862 90.337 
159.853 17.1209 
156.26 47.2195 
122.081 227.385 
130.173 247.196 
160.36 57.6839 
164.921 10.8537 
168.724 58.4466 
170.911 117.159 
176.535 106.245 
162.29 98.5166 
140.905 143.444 
138.451 151.932 
152.858 90.5365 
156.797 37.4517 
185.072 75.4219 
206.273 45.6709 
206.414 32.4095 
188.779 67.6405 
35.0881 10.267 
36.8013 9.94769 
36.2176 6.71549 
35.456 3.52166 
35.863 6.19131 
31.1492 5.57456 
28.4749 15.9097 
31.8574 13.9482 
24.5292 7.71629 
32.1262 39.4348 
38.8961 7.28963 
37.2348 18.3129 
38.7812 5.72993 
34.042 2.81449 
24.759 8.25823 
30.182 13.1178 
32.5539 9.54689 
38.4149 17.607 
41.0623 6.51404 
36.0259 30.8972 
40.0966 8.57908 
39.7579 7.42944 
32.6549 16.3104 
40.379 19.4053 
54.0996 13.8189 
52.227 13.9306 
41.5101 6.31318 
35.7105 7.39991 
41.901 7.28394 
40.5787 3.01213 
35.8097 9.75391 
43.4897 23.5217 
46.9398 8.49672 
51.439 6.79034 
41.4904 5.39713 
31.7958 4.70319 
40.7038 6.73245 
40.8982 12.1666 
30.671 8.0692 
30.6409 12.6024 
29.0364 16.0242 
38.635 15.156 
43.3013 14.8338 
33.5881 8.95693 
36.6211 9.43872 
38.3512 18.9078 
31.7443 5.99397 
25.3176 2.19846 
16.7974 12.8714 
33.4321 14.3786 
52.4984 13.2963 
41.4861 12.5304 
36.6343 6.94738 
35.4541 18.7939 
34.1921 5.93256 
28.7777 6.38522 
33.9957 41.7454 
42.8254 69.9043 
47.5487 24.441 
42.4228 6.15665 
38.3599 4.62619 
35.2111 9.33084 
32.5412 9.82328 
26.3811 3.94003 
49.5508 22.7438 
62.4842 27.251 
60.5498 18.5519 
53.7896 23.4309 
40.1925 10.8932 
30.9461 7.81563 
27.2597 6.1024 
23.6121 6.29271 
16.9243 4.12218 
18.8086 16.0113 
17.3928 5.6307 
17.9593 6.98195 
17.9147 3.24836 
12.0076 1.1976 
6.15557 6.11364 
10.2204 5.29807 
7.84438 6.1526 
8.96534 9.02784 
14.512 7.59222 
21.103 4.46596 
20.8101 6.62817 
10.946 1.76187 
6.01595 3.25219 
7.7507 0.869931 
12.2721 3.4801 
13.5346 9.36077 
14.0457 5.9703 
15.626 2.14715 
16.2171 4.06809 
9.82268 1.18811 
8.52219 2.2179 
14.2603 5.59267 
20.6755 11.9212 
25.8011 7.33753 
16.6648 5.90797 
10.295 1.64838 
13.9398 2.1159 
11.895 1.86791 
10.3653 1.21141 
15.6364 1.88767 
25.1812 7.73101 
28.4475 7.73828 
16.9053 6.649 
11.4092 6.47476 
23.8092 4.36626 
22.9181 8.93767 
10.3492 4.06278 
9.10672 7.07814 
18.4624 8.04685 
18.5488 12.9782 
12.5599 1.56767 
11.7523 5.46596 
24.0614 5.35039 
23.9158 11.5904 
11.3604 4.10735 
7.97246 0.642355 
14.2703 2.73323 
14.6597 3.88105 
12.774 2.03861 
11.7327 0.897936 
15.3343 11.22 
14.715 19.6431 
12.337 2.58464 
11.2836 2.22415 
25.0358 8.11481 
26.4121 21.5701 
21.5723 11.3773 
14.2092 5.99351 
11.9677 2.10172 
11.9576 3.64734 
10.2655 2.46456 
10.3424 4.03528 
21.7148 10.0822 
28.0485 5.39204 
25.209 3.85321 
15.4357 7.99142 
9.58901 0.901318 
10.1898 3.67164 
10.1919 2.12226 
9.13228 3.4463 
