3571.43 8.73629e+006 
3858.09 8.8079e+006 
3968.11 7.08027e+006 
4029.83 8.70267e+006 
4063.26 9.03708e+006 
4048.68 8.11855e+006 
4148.38 8.89397e+006 
4503.56 9.21496e+006 
3553.24 9.03785e+006 
3842.4 9.10121e+006 
3941.64 7.41263e+006 
4061.74 8.96126e+006 
4133.58 9.49111e+006 
4187.23 8.20284e+006 
4358.64 8.93391e+006 
4704.05 9.16976e+006 
3625.49 9.83116e+006 
3867.12 9.33155e+006 
3925.67 7.50227e+006 
4033.12 7.75262e+006 
4114.37 8.4254e+006 
4289.12 8.47784e+006 
4581.69 9.76655e+006 
4954.48 9.71523e+006 
3760.43 1.03707e+007 
3930.76 9.3835e+006 
3974.56 7.75811e+006 
4110.77 6.65692e+006 
4223.43 7.85434e+006 
4384.09 8.64182e+006 
4696.92 1.04168e+007 
5111.74 1.00485e+007 
3889.77 1.01586e+007 
4008.95 8.93884e+006 
4009.3 7.73564e+006 
4102.59 6.01941e+006 
4337.6 8.6514e+006 
4575.32 9.94091e+006 
4828.25 1.02513e+007 
5223.11 9.75165e+006 
3982.58 1.0482e+007 
4050.1 8.60933e+006 
3969.1 7.54831e+006 
3926.82 5.61763e+006 
4266.25 8.26201e+006 
4745.57 1.12656e+007 
5041.84 1.10287e+007 
5361.31 9.37888e+006 
3983.74 1.07088e+007 
4086.61 8.59553e+006 
3941.57 7.45898e+006 
3782.38 5.91128e+006 
4083.96 6.59018e+006 
4682 8.61574e+006 
5046.18 9.47502e+006 
5355.08 8.99983e+006 
4080.79 1.15458e+007 
4135.63 8.92046e+006 
3882.41 6.71908e+006 
3686.58 5.76456e+006 
4009.63 5.9084e+006 
4602.85 7.25766e+006 
4903.65 7.0381e+006 
5185.28 7.31927e+006 
4346.43 1.29916e+007 
4235.31 9.52189e+006 
3911.81 6.79319e+006 
3739.84 5.44444e+006 
4010.9 5.58339e+006 
4559.26 7.87453e+006 
4962.02 7.51507e+006 
5248.25 7.55527e+006 
69.7469 18.032 
69.293 19.9195 
68.848 21.8328 
68.3349 24.976 
67.8326 28.1819 
67.3093 30.3854 
66.7329 31.3686 
66.1197 31.2476 
69.764 18.5843 
69.3105 20.2636 
68.8529 22.2509 
68.3111 25.5352 
67.7586 29.2726 
67.2077 31.7673 
66.6149 32.8142 
65.9924 32.4022 
69.7491 19.3964 
69.2996 20.6266 
68.8496 22.2407 
68.3032 24.951 
67.7232 28.448 
67.1034 32.2905 
66.4523 34.553 
65.8217 34.3513 
69.7201 20.0875 
69.248 21.1478 
68.8214 22.4158 
68.2937 24.8549 
67.6781 28.4505 
67.0192 32.6653 
66.3332 35.5357 
65.6685 35.8684 
69.678 20.4899 
69.1868 21.6131 
68.7934 22.7829 
68.2991 25.1323 
67.6196 29.8876 
66.897 35.2001 
66.1943 37.3554 
65.5107 36.9904 
69.6251 20.7013 
69.132 21.9455 
68.7695 23.2312 
68.3072 25.3203 
67.6129 30.003 
66.8272 36.3715 
66.0482 39.8639 
65.3615 38.9168 
69.5911 20.7621 
69.1195 22.0174 
68.7517 23.6089 
68.2846 26.0115 
67.6413 29.1675 
66.8984 33.5362 
66.0734 38.4857 
65.3463 39.0712 
69.5685 21.2151 
69.1465 22.0071 
68.77 23.265 
68.2979 25.5177 
67.662 28.4488 
66.9503 31.5714 
66.1764 35.3438 
65.4557 35.974 
69.5187 22.0028 
69.1325 22.323 
68.7606 23.1099 
68.3226 24.4208 
67.6964 27.2593 
66.9443 31.2365 
66.1383 35.2236 
65.424 34.9074 
122.236 0.00283847 
122.219 0.0208175 
122.209 0.0383896 
122.197 0.0420069 
122.153 0.0708371 
122.104 0.135343 
122.077 0.158216 
122.083 0.143219 
122.241 0.00110004 
122.233 0.00873751 
122.225 0.0189982 
122.209 0.0309777 
122.17 0.0598448 
122.131 0.0942393 
122.108 0.109263 
122.112 0.106724 
122.244 0.000188071 
122.239 0.00177462 
122.229 0.00700671 
122.21 0.0233387 
122.178 0.0529893 
122.145 0.0849391 
122.119 0.120727 
122.116 0.114919 
122.244 0.000343131 
122.233 0.00785517 
122.21 0.0260678 
122.191 0.03428 
122.18 0.04619 
122.164 0.0606104 
122.141 0.1041 
122.13 0.127236 
122.24 0.00193448 
122.228 0.00919893 
122.2 0.0424629 
122.179 0.0523533 
122.177 0.0531455 
122.177 0.0600137 
122.169 0.0744265 
122.162 0.0968967 
122.234 0.0124599 
122.229 0.0101262 
122.216 0.0219505 
122.198 0.0328863 
122.183 0.0575049 
122.178 0.0747067 
122.181 0.0636561 
122.182 0.0642662 
122.235 0.011723 
122.235 0.00837518 
122.235 0.0048216 
122.224 0.00831595 
122.203 0.0364504 
122.189 0.081594 
122.185 0.0747797 
122.182 0.0651842 
122.241 0.00181394 
122.242 0.00167399 
122.237 0.00647119 
122.224 0.016542 
122.21 0.0215255 
122.202 0.0501864 
122.199 0.058771 
122.195 0.0569327 
122.245 0.000312626 
122.245 0.000337262 
122.235 0.00707593 
122.217 0.0274887 
122.204 0.0376993 
122.203 0.0392274 
122.212 0.0344454 
122.217 0.0299124 
128.697 0.00839094 
128.714 0.0135354 
128.731 0.0182477 
128.75 0.0224693 
128.778 0.0347203 
128.808 0.0526678 
128.835 0.0624598 
128.85 0.0622063 
128.694 0.00818896 
128.709 0.0134069 
128.725 0.0180753 
128.745 0.0219602 
128.774 0.0332587 
128.804 0.0475062 
128.829 0.0561975 
128.843 0.0572785 
128.693 0.00834072 
128.709 0.0114516 
128.725 0.0155052 
128.743 0.0208288 
128.772 0.0325352 
128.804 0.0468823 
128.83 0.0575658 
128.845 0.0591507 
128.694 0.00875806 
128.711 0.0116836 
128.73 0.017544 
128.75 0.0245892 
128.777 0.0332508 
128.801 0.0416441 
128.823 0.0512082 
128.842 0.0579018 
128.696 0.00966216 
128.713 0.0130483 
128.735 0.0233572 
128.759 0.0308666 
128.781 0.0359086 
128.798 0.0409986 
128.814 0.0448794 
128.833 0.0495628 
128.7 0.0117531 
128.716 0.0134381 
128.736 0.0225488 
128.758 0.032117 
128.779 0.0373909 
128.797 0.0429084 
128.814 0.0451129 
128.83 0.0454877 
128.702 0.0135434 
128.716 0.0145724 
128.732 0.0171004 
128.751 0.0238847 
128.773 0.0327889 
128.792 0.0430244 
128.812 0.045686 
128.831 0.0467577 
128.701 0.012067 
128.713 0.0130992 
128.726 0.0136279 
128.744 0.0176561 
128.769 0.0243088 
128.787 0.0333502 
128.802 0.0384278 
128.821 0.0404113 
128.7 0.0103783 
128.71 0.011 
128.722 0.0131742 
128.741 0.0190622 
128.764 0.0243846 
128.783 0.0289873 
128.797 0.0336882 
128.812 0.0328392 
117.546 22349.8 
114.179 22185.8 
106.097 16711.2 
100.326 11058.4 
111.805 15282.6 
114.745 14043.6 
101.57 8458.95 
92.979 6320.18 
106.278 11617.3 
102.948 10302.6 
98.6437 9828.34 
95.6764 12382.1 
107.876 16863 
111.634 11706 
112.318 13686 
110.861 17238 
90.9662 8502.52 
89.8914 5384.87 
93.8647 8061.92 
93.4317 8852.23 
101.006 13676.6 
107.263 13759.5 
116.987 18863.4 
120.444 20559.5 
84.781 7682.58 
85.1222 4000.35 
88.3837 3440.41 
90.3745 4232.04 
105.657 9124.43 
118.85 19476 
120.783 23412.2 
118.444 23801.5 
88.1684 6316.63 
88.1636 4111.33 
88.6279 3525.37 
96.3552 8292.86 
114.441 16668.6 
129.878 25970.3 
135.547 35365.8 
137.811 34990.6 
95.0484 7462.03 
95.0145 4865.33 
102.083 6359.19 
114.307 15475.5 
124.806 24551 
139.673 41834.5 
150.271 49268.7 
155.431 48057.6 
99.4792 6924.98 
99.0027 8185.24 
107.838 11708.2 
122.233 18994 
130.842 26077.7 
139.471 39752.2 
147.158 44124 
147.466 39467.7 
97.4398 5335.4 
97.498 7995.18 
99.5713 8520.78 
115.805 13428.2 
126.057 14588 
132.944 21865.2 
142.766 29633.5 
144.517 31119.8 
96.1479 7297.14 
101.065 6217.06 
100.877 6213.65 
108.585 8254.46 
115.395 10504.3 
118.547 15433.5 
130.704 18390.5 
149.806 28684.7 
147 10060.8 
163.798 7879.94 
171.061 6169.61 
180.402 12137.7 
196.529 20265.2 
203.677 21356.3 
209.401 21944.2 
220.052 24219.2 
147.377 8087.19 
163.327 8750.63 
170.88 8013 
177.661 16481.3 
201.757 34045.5 
216.519 33017.9 
221.448 27527.5 
235.746 62515.1 
144.371 8113.4 
156.209 9115.75 
170.208 9660.36 
181.202 15700.5 
197.224 34774 
222.005 37790.1 
240.941 39325.2 
248.611 79313.7 
134.405 6065.5 
149.591 6911.56 
165.795 7240.2 
177.652 10583.9 
195.261 21091.9 
223.74 38484.5 
247.192 54795.2 
249.113 70698.2 
139.419 6662.18 
155.697 6943.68 
167.373 6993.77 
181.779 14025.2 
199.14 27491.1 
230.764 55309.4 
265.576 79497.6 
272.484 102464 
151.519 7407.63 
160.64 7857.64 
172.153 9509.55 
192.81 18383.2 
209.373 32535.4 
247.705 86915 
292.215 117362 
306.092 158174 
154.992 9887.16 
162.631 11960.4 
185.054 15383.4 
204.811 27268.8 
220.441 34184.8 
252.532 78470.9 
282.616 105742 
305.679 115713 
156.949 10380.1 
164.329 11429.4 
183.387 17640.7 
205.174 38610.2 
224.392 34315.6 
245.212 39422.8 
269.233 53602.8 
297.226 80351.6 
156.504 8725.94 
165.258 9276.79 
177.3 13527.4 
194.186 22563.8 
213.028 20199.1 
234.24 27277.1 
263.951 40759.1 
314.702 139280 
701.297 600003 
775.11 610811 
777.135 471634 
750.482 460655 
751.082 451191 
781.423 415348 
811.435 505589 
906.603 584256 
693.651 590326 
755.107 599122 
741.64 437710 
737.486 471427 
789.258 577311 
851.206 555735 
891.679 617926 
946.047 566710 
671.788 575521 
733.883 568199 
742.835 450256 
751.505 436811 
797.675 517226 
903.682 737732 
1008.12 833720 
1056.57 728949 
662.289 559978 
721.878 529910 
740.322 481828 
766.388 487810 
787.329 454879 
901.527 693130 
1038.1 949388 
1111.43 893638 
711.072 573968 
728.967 523664 
726.399 458926 
758.888 514093 
808.713 609791 
912.682 688325 
1028.03 749749 
1074.08 746470 
744.06 578143 
758.715 520924 
741.502 474734 
743.331 421679 
812.946 617851 
927.638 765822 
1035.95 787927 
1062.6 687582 
723.367 621206 
776.409 595142 
756.077 552325 
699.713 378898 
777.609 466287 
921.566 643316 
1055.3 925798 
1128.42 893010 
742.726 836297 
778.737 678079 
722.966 505069 
669.604 389878 
747.875 436958 
901.707 576062 
1034.6 763535 
1113.67 800491 
820.157 922286 
781.777 655524 
704.382 486655 
662.192 331892 
768.357 457606 
937.739 738060 
1035.14 685474 
1106.86 700139 
2300.74 5.2717e+006 
2495.29 5.65227e+006 
2589.85 4.9244e+006 
2650.68 5.97799e+006 
2639.92 6.28449e+006 
2583.99 6.06686e+006 
2662.89 6.94805e+006 
2932.65 7.06632e+006 
2297.2 5.50507e+006 
2505.18 5.84986e+006 
2607.51 5.26815e+006 
2710.67 6.09767e+006 
2678.25 6.06461e+006 
2637.61 5.72489e+006 
2750.21 6.49902e+006 
3034.15 6.41488e+006 
2420.43 6.14597e+006 
2573.75 6.17971e+006 
2591.84 5.43677e+006 
2675.01 5.59937e+006 
2671.08 5.67307e+006 
2682.83 5.32429e+006 
2830.69 6.20427e+006 
3152.25 6.42652e+006 
2585.82 6.56607e+006 
2661.08 6.311e+006 
2651.57 5.54352e+006 
2738.35 4.51834e+006 
2767.81 5.27385e+006 
2740.09 5.00874e+006 
2887.33 5.57976e+006 
3243.61 6.00716e+006 
2643.53 6.34259e+006 
2710.36 5.72697e+006 
2684.55 5.2139e+006 
2708.37 3.71799e+006 
2814.93 4.73379e+006 
2861.48 4.68733e+006 
2937.09 4.6288e+006 
3273.69 5.01474e+006 
2650.3 6.57197e+006 
2676.81 5.22242e+006 
2582.35 4.60362e+006 
2497.3 3.22427e+006 
2705.87 4.08889e+006 
2961.83 4.5419e+006 
3053.45 4.47116e+006 
3330.97 4.67223e+006 
2635.7 6.5591e+006 
2671.03 5.07389e+006 
2505.46 4.11054e+006 
2359.03 3.21787e+006 
2546.04 3.3993e+006 
2897.13 3.83178e+006 
3042.76 3.80429e+006 
3279.17 4.42897e+006 
2712.24 6.60275e+006 
2726.96 5.09216e+006 
2502.46 3.79672e+006 
2306.68 3.17205e+006 
2513.59 3.14465e+006 
2874.55 3.80239e+006 
2965.93 3.39617e+006 
3147.19 3.6436e+006 
2932.3 7.26613e+006 
2849.75 5.27157e+006 
2589.23 3.87107e+006 
2422.95 3.28867e+006 
2547.71 3.06205e+006 
2873.94 3.90223e+006 
3094.28 3.82133e+006 
3206.47 3.63215e+006 
235.496 21930.5 
238.654 16285.6 
253.718 16453.1 
271.68 21513.8 
280.166 33342.6 
279.587 30810.2 
276.65 24268.7 
266.879 18631.6 
237.138 17458.4 
244.086 16726.8 
252.531 16042.2 
264.492 22497.7 
274.229 30020.1 
284.041 29260.7 
293.381 42481.5 
291.653 39980.7 
228.964 17460.5 
242.087 18252.2 
254.582 17372.2 
259.711 19198.5 
269.579 30532.4 
287.692 35377.8 
296.784 50543.1 
292.957 49568.3 
228.365 21386 
240.007 19966.4 
253.39 16286.9 
263.58 19257 
284.201 40678.4 
309.228 57592.9 
308.964 58416.1 
297.85 58981.1 
243.025 22978.1 
253.204 21941.5 
265.193 22540.8 
276.543 25846.5 
307.394 46785.7 
339.368 69940.5 
354.94 101780 
355.691 111095 
266.504 25148.1 
278.916 26256.8 
286.065 28382.2 
293.828 33723.9 
322.285 62592.2 
358.57 114679 
384.288 133889 
379.931 127644 
288.297 30680 
292.617 26170.4 
299.023 30072 
306.558 33098 
319.803 50404.8 
360.033 124395 
390.505 123700 
372.038 100040 
290.584 30828.5 
285.717 25234.7 
292.109 27191.2 
298.708 36803.6 
305.873 39058.1 
342.919 74869 
372.322 89669.4 
366.756 76526.9 
266.29 27321.9 
261.72 26134.5 
264.761 25320.2 
269.917 38947.4 
280.308 35629.5 
301.5 39418.1 
329.309 49475.9 
354.318 66109.2 
69.3491 2512.67 
71.056 2296.41 
70.244 2217.87 
76.2561 2206.95 
83.7514 4631.2 
85.2595 5937.23 
86.4324 5551.46 
84.4004 4071.41 
71.5957 2216.38 
71.7426 1825.72 
70.4342 1863.56 
75.7503 3353.78 
82.2132 5545.82 
86.2199 5020.22 
89.5984 7702.33 
85.6004 5892.37 
68.9682 2042.45 
71.292 1980.43 
72.3423 1825.82 
72.2607 2733.8 
77.8023 6298.4 
85.6446 7381.17 
88.1727 9556.23 
83.6456 8103.94 
64.7706 2119.84 
73.0801 2539.31 
75.1061 1563.52 
74.4258 2072.12 
83.1695 5810.04 
90.651 8749.18 
94.5578 10490.5 
91.2932 13056.3 
64.5512 3025.98 
72.5597 3118.43 
77.1557 2635.11 
80.6529 3741.81 
92.9854 7880.61 
101.148 10830.8 
107.067 15048.1 
109.349 20812.1 
75.146 3085.41 
79.9989 3378.49 
84.9442 3501.35 
85.2389 4134.69 
90.9645 8092.76 
110.154 19134.2 
125.662 26437.1 
126.281 30407.2 
81.9012 3022.39 
84.9194 3404.2 
88.115 4478.45 
90.0355 6920.46 
89.2217 6910.78 
111.262 21777 
127.84 29173.8 
122.315 27631.7 
80.8444 3416.87 
82.3944 3114.75 
81.9229 3831.21 
90.6132 9321.16 
91.8436 8546.79 
105.519 14206.5 
118.803 18444.2 
115.908 18579.9 
75.0286 2810.93 
75.7413 3982.1 
75.2605 5054.02 
82.0077 6472.31 
86.1076 6151.42 
93.2987 8282.97 
108.636 10453.9 
116.098 14399.8 
