4596.11 52579.3 
3920.92 38907.9 
3423.12 34808.9 
3689 170147 
4574.13 107496 
3263.01 172036 
4145.11 142890 
5700.22 499646 
4611.04 120648 
3024.28 226540 
5093.64 297349 
7121.95 141965 
4614.56 79394.3 
5132.96 1.48275e+006 
9005.57 3.54446e+006 
8476.44 814641 
5102.66 171612 
9040.7 1.26458e+006 
14125.8 331227 
10147 750537 
5609.32 254598 
9220.67 782182 
10830.3 5.35718e+006 
7312.59 2.64982e+006 
7188.71 521088 
6999.16 450074 
3497.65 1.59812e+006 
2436.77 524374 
7578.67 283222 
5722.26 615294 
1920.89 155054 
1465.26 9571.23 
5045.1 1.22695e+006 
4137.84 819285 
2367.84 54920 
1871.92 39130.8 
51.9106 0.0533039 
51.98 0.0428655 
52.2469 0.026051 
51.9484 0.0201053 
52.0726 0.0447618 
52.3245 0.0286133 
52.6327 0.0519679 
52.3231 0.0787656 
52.1128 0.0339277 
52.3807 0.0231139 
53.2127 0.0687613 
52.9166 0.0787871 
52.0276 0.0430713 
52.5917 0.0947509 
53.8551 0.0493579 
53.0821 0.112369 
52.0614 0.0609425 
53.5851 0.141228 
54.3892 0.0274305 
52.5567 0.205423 
52.3808 0.0407602 
53.6418 0.10901 
53.7063 0.0752359 
52.0397 0.128601 
51.9016 0.126374 
52.2673 0.169079 
52.5135 0.0733885 
51.929 0.0277207 
51.1982 0.0300731 
51.548 0.0523941 
52.1093 0.00583685 
51.7495 0.0156972 
51.4198 0.0423177 
51.735 0.0608633 
51.8913 0.0110625 
51.6157 0.0115581 
90.0437 9.28218e-005 
90.0465 9.66049e-005 
90.0725 2.80781e-006 
90.0737 1.40959e-007 
90.0407 6.61209e-005 
90.0434 6.9682e-005 
90.0715 2.62971e-006 
90.0728 5.37668e-007 
90.0657 7.72888e-005 
90.0659 6.37191e-005 
90.0705 4.57754e-007 
90.0712 5.39739e-007 
90.0735 2.88899e-007 
90.0721 5.70269e-007 
90.0689 2.77279e-007 
90.0709 7.7067e-007 
90.0737 8.23968e-007 
90.0764 4.77941e-005 
90.0685 0.000273657 
90.0661 0.000302363 
90.0695 4.82281e-005 
89.9984 0.00416841 
89.8295 0.0181855 
89.8054 0.0208507 
90.0626 0.000338551 
89.8206 0.00478053 
89.3989 0.0164182 
89.2817 0.0192005 
90.0643 0.000374365 
89.8163 0.00741609 
89.3326 0.0188329 
89.0708 0.00860071 
90.0719 3.3838e-005 
89.995 0.00206017 
89.6726 0.0113275 
89.4183 0.0162095 
94.9804 0.00335456 
94.9619 0.00258641 
94.8072 7.31485e-005 
94.8102 7.26747e-006 
94.9914 0.00266081 
94.9678 0.00201181 
94.8 7.73939e-005 
94.8035 2.68235e-005 
94.8497 0.00251167 
94.8392 0.00183623 
94.787 2.22906e-005 
94.7928 2.67345e-005 
94.8087 1.4636e-005 
94.7988 2.54716e-005 
94.7768 1.16805e-005 
94.7907 3.92618e-005 
94.8083 2.0609e-005 
94.7847 3.52087e-005 
94.7748 0.000131867 
94.805 0.000161716 
94.8041 2.29625e-005 
94.8192 0.000782479 
94.8821 0.00274539 
94.9105 0.00253799 
94.818 0.000118799 
94.9089 0.00095998 
95.0544 0.00248497 
95.0952 0.0025158 
94.8324 6.65897e-005 
94.9236 0.000941731 
95.0867 0.00216117 
95.1799 0.000738221 
94.8235 3.29131e-005 
94.8531 0.000390159 
94.9811 0.00146062 
95.0816 0.00166043 
70.3491 87.6174 
79.0028 107.027 
110.18 430.036 
240.987 1665.71 
81.3311 1222.05 
75.2452 350.123 
126.307 399.281 
208.679 1193.91 
62.0617 1175.18 
48.1216 149.926 
113.092 614.893 
173.823 1025.6 
56.567 1279.24 
70.9626 838.368 
318.923 5608.72 
412.455 7533.56 
84.8027 1197.28 
685.959 72970.1 
1249.27 113309 
836.471 36401.1 
277.895 8878.42 
1117.35 30544.7 
1479.38 6898.75 
717.114 27669.3 
437.074 4315.79 
803.792 86532.5 
689.445 148705 
251.72 24669.6 
469.58 9948.43 
328.848 13838.2 
119.12 1225.66 
98.6246 274.952 
299.035 1764.51 
154.014 3614.54 
71.305 220.408 
91.6442 187.834 
196.526 589.285 
178.743 453.292 
114.589 476.988 
241.467 1652.21 
182.502 2560.07 
128.172 677.013 
328.083 9314.32 
542.95 5924.44 
130.915 3352.1 
82.5034 360.737 
512.601 12802.2 
697.444 6240.3 
119.074 5102.55 
262.348 28528.4 
771.278 15336.3 
738.032 11493.9 
350.109 26872.7 
1097.53 137771 
1441.34 105511 
884.143 21446.1 
771.329 46290.4 
1780.65 30257.2 
1603.92 28574.5 
760.514 12289.6 
837.221 23029.9 
1286.74 84617.3 
873.125 121248 
376.346 19104.7 
628.255 19116.1 
534.3 24474.2 
232.564 1555.58 
141.743 1256.19 
384.491 6541.02 
319.58 8781.15 
179.695 333.472 
121.697 654.225 
1113.28 12986.9 
1246.4 18910.5 
927.935 7059.18 
712.954 7960.2 
870.919 6860.94 
821.508 16729.1 
1272.47 84733.5 
1709.24 183072 
836.703 10140.5 
741.413 43914.1 
2248.98 147494 
2786.95 63014.4 
874.871 18695.1 
2200.32 640358 
3879.26 314229 
2683.28 177608 
1536.72 102844 
4110.7 199726 
4474.39 70804.1 
1886.01 136171 
2008.33 85139.5 
3568.61 470260 
2738.88 696646 
1227.8 86664.4 
2532.12 98342 
2017.05 67851.9 
816.471 76483.1 
660.263 29926.7 
2477.12 37525.8 
1683.21 114973 
503.768 25904.3 
352.309 5628.73 
1471.33 228937 
1182.19 102449 
483.189 3801.85 
303.042 3014.44 
2595 52283.9 
1873.71 31502.4 
1816.8 21590.6 
1716.58 52512.7 
2789.35 42897.6 
1679.38 89764.2 
1883.47 16559.1 
2424.57 88677.5 
3092.11 57721.1 
1647.83 126976 
1699.64 35019.2 
2683.8 56354.1 
3182.15 18991.4 
2155.16 172441 
2961.71 862608 
3316.52 370846 
2705.79 63032.3 
2191.49 152355 
4569.89 62381.1 
4295.44 97551.6 
1892.54 84051.9 
1550.86 192751 
2966.44 948511 
2970.76 737507 
2445.88 131990 
1884.17 127404 
543.044 63577 
782.263 34253.7 
2915.16 40716 
2361 92593 
737.705 57531.4 
584.624 9072.07 
2208.57 240009 
2029.24 166052 
1196.43 26179.1 
862.898 13143.9 
496.16 2321.17 
401.479 1039.96 
355.243 3656.29 
579.865 15581.3 
520.937 956.872 
409.461 1102.85 
409.674 2956.99 
629.491 6250.11 
420.521 3016.51 
404.068 892.857 
396.262 3348.64 
596.708 3159.83 
333.77 1149.46 
373.41 10581.3 
733.11 91021.3 
847.292 97773.1 
346.74 2352.61 
495.358 19696.4 
1478.48 13142.1 
1474.37 18876.6 
452.13 6367.09 
580.658 17996.5 
1184.38 94130 
1091.49 84842 
597.367 4921.35 
577.81 1588.91 
268.759 5945.29 
212.86 6182.77 
694.732 11180.7 
547.9 9830.08 
255.759 4021.82 
189.626 3690.03 
426.947 4932.3 
325.614 8078.13 
385.268 1293.59 
360.568 1865.1 
124.801 608.044 
141.583 660.815 
98.3682 301.051 
197.145 1487.05 
129.093 242.288 
149.24 378.166 
125.1 495.287 
185.285 325.467 
68.7279 1104.92 
100.345 724.742 
123.063 379.002 
183.222 225.01 
48.1244 515.138 
70.7489 642.999 
341.297 9802.1 
478.862 15326.3 
78.4942 771.789 
459.663 20455 
912.443 25783.7 
770.543 11258.2 
207.089 3538.11 
622.54 15477.1 
857.303 18516.7 
544.915 24922.3 
339.047 1844.03 
429.594 24628.4 
306.802 38132.4 
153.317 7638.82 
393.826 4499.97 
267.001 5887.65 
71.972 579.748 
98.3282 511.918 
254.722 1941.83 
127.202 3531.96 
51.9535 200.171 
132.066 288.275 
