4398.71 4635.41 4549.5 4408.27 4314.74 4611.76 4568.35 4506.11 4514.73  
4008.63 3960.84 3718.39 3935.79 3868.95 3752.28 4022.72 4004.33 3538.9  
3194.59 3429.84 3308.53 3291.37 3241.72 3577.81 3373.71 3312.01 3563.8  
3318.42 3980.48 3680.81 3464.3 3466.39 4298.43 3928.09 3573.33 4572.15  
4509.67 4202.71 4117.16 4356.73 4472.72 4187.14 4293.79 4259.37 4229.24  
3471.39 2759.09 2594.94 3299.34 3359.47 2675.7 2865.56 2985.73 2583.28  
3682.55 4330.7 4454.81 3889.09 3942.41 4778.85 3773.82 4139.97 4677.48  
4835.34 6276.28 6158.15 5256.36 5101.18 6686.94 6110.54 5869.59 6820.51  
4237.35 4379.52 4144.3 4224.19 4195.96 4243.18 4392.55 4304.23 4328.81  
2588.23 2539.57 2222.68 2581.4 2514.94 2804.16 2482.45 2477.66 3140.2  
4686.45 5180.04 5529.45 4956.18 5359.66 5997.52 4380.49 4972.79 6035.26  
6833.58 7300.41 7567.42 7197.16 7463.41 7570.45 7109.82 7198.21 7364.61  
4326.42 4413.18 4533.83 4353.71 4335.6 4536.08 4329 4433.38 4633.48  
3188.37 5594.19 4742.95 4141.53 3962.44 6757.53 4774.08 4337.13 7105.41  
6127.81 10169.7 8483.63 8078.74 7661.14 11530.9 9372.29 8074.5 12468.8  
7352.82 8524.77 7807.95 8202.47 7993.07 8798.77 8814.08 7994.44 9462.18  
4786.78 5340.13 5311.63 4959.85 5079.46 5771.85 5154.94 5150.67 5739.51  
7720.51 10045.4 10242.1 8364.55 8867.38 10761.2 9017.4 9154.66 10370.8  
13210.2 14718.3 14237.6 14330.4 13866.2 14429 14699.4 14362.3 14013.5  
9772.99 9845.77 9429.35 10223 9578.26 9322.57 10515.1 10028.6 9345.07  
5750.52 5682.74 5747.8 5609.31 6018.53 6519.1 5430.17 5588.73 6635.18  
10390.7 9019.69 10382.7 9351.89 10410.5 8565.36 8572.68 9680.12 8099.72  
14040.4 9782.76 11631.3 12105.7 12661.1 7198.08 10051.1 11946.7 6370.52  
9362.99 6564.74 7685.14 8104.99 8411.38 5111.8 6862.24 7998.54 4485.87  
6892.82 8214.98 7788.49 7219.54 7128.2 8259.16 7741.69 7347.35 8479.31  
7765.9 6322.63 6305.45 7356.81 7333.68 5816.26 7193.88 7033.62 5796.79  
5337.77 2088.99 2699.64 3596.38 4171.65 1613.37 2785.11 3549.15 1633.53  
3814.9 1926.48 2394.65 2677.23 3224.3 1870.02 2079.34 2642.07 1668.84  
8433.99 7912.96 8175.28 7717.47 7865.34 7058.43 7858.06 8005.55 6785.13  
5585.97 4995.7 4434.95 5758.01 5083.28 4437.1 5820.21 5160.61 4316.28  
1524.31 1607.3 1405.84 1550.47 1423.18 1725.44 1741.65 1530.11 1920.68  
1539.34 1493.85 1461.65 1491.5 1527.05 1547.92 1482.18 1471.91 1635.1  
6798.14 4335.75 5401.35 5064.48 5491.52 3314.25 4395.53 5312.38 2949.92  
4324.56 3209.56 3300.84 3778.29 3765.69 2687.19 3362.75 3684.52 2498.63  
1924.37 2388.57 2116.98 2287.4 2104.71 2440.39 2437.36 2214.72 2566.72  
1638.23 2018.64 1791.03 1935.96 1776.43 2136.94 2088.87 1870.89 2245.17  
51.6177 51.7155 51.5878 51.6675 51.5896 51.7003 51.746 51.6679 51.7935  
51.8179 52.2083 52.2429 51.8163 51.9437 52.3089 51.9842 52.0477 52.4011  
52.263 52.4446 52.3725 52.3272 52.2833 52.4562 52.468 52.3787 52.5497  
51.9256 51.8663 51.6944 51.8996 51.776 51.7104 52.044 51.8617 51.9538  
51.8051 51.8916 51.7935 51.8359 51.7965 51.9032 51.9013 51.849 51.9229  
52.4115 52.5085 52.6418 52.2913 52.477 52.5821 52.2944 52.4659 52.5439  
52.5614 52.886 52.8276 52.6076 52.5826 52.9893 52.8284 52.7344 53.0997  
51.9845 52.3757 52.0005 52.0542 51.777 52.1315 52.5836 52.2346 52.5709  
51.9229 51.9031 51.8833 51.9741 51.959 51.9424 51.9325 51.9276 51.8815  
52.5439 52.4598 52.6664 52.4031 52.6082 52.5447 52.2619 52.5066 52.4302  
53.0997 53.4545 53.3707 53.229 53.2415 53.6217 53.376 53.2953 53.7532  
52.5709 52.9634 52.5339 52.7169 52.3886 52.7546 53.1601 52.7917 53.1864  
51.8763 51.7763 51.7578 51.96 51.9086 51.7698 51.848 51.8541 51.6855  
52.4164 52.6901 52.8294 52.4235 52.6663 53.2176 52.3251 52.5209 53.1295  
53.8167 54.0153 53.9828 53.878 53.9205 54.0857 53.9891 53.9273 54.2598  
53.2316 52.9667 52.7738 53.1491 52.8234 52.2728 53.3586 53.1745 52.6553  
51.6753 51.8387 51.7181 51.8319 51.7634 52.007 51.8157 51.731 52.012  
53.3009 53.8484 54.2429 53.4197 53.8118 54.2056 53.3325 53.6941 53.9166  
54.3915 54.4117 54.4183 54.5228 54.4078 54.1769 54.5724 54.5278 54.0753  
52.6119 52.2882 51.8822 52.5213 52.0068 51.6576 52.8394 52.452 51.9907  
52.012 52.207 52.1802 52.2378 52.1932 52.2862 52.203 52.145 52.1447  
53.9166 53.6843 54.2243 53.6706 54.1208 53.4561 53.3583 53.8427 53.1127  
54.0753 53.6208 53.6124 53.7482 53.7049 53.2487 53.753 53.7482 53.2142  
51.9907 51.8071 51.3737 51.7749 51.3782 51.6024 52.189 51.7749 51.9012  
52.0718 51.4188 51.7211 51.9202 52.0605 51.3762 51.575 51.8402 51.2213  
52.8597 51.8941 52.4334 52.2158 52.6679 51.8606 51.7635 52.3782 51.7611  
53.015 52.3043 52.41 52.6052 52.702 52.2419 52.4151 52.6052 52.2587  
51.9115 51.7716 51.6956 51.8343 51.7211 51.6614 51.9136 51.8343 51.7316  
51.1715 51.0055 51.0854 51.1648 51.1973 51.1409 50.9874 51.0645 51.0719  
51.7258 51.6454 51.962 51.4288 51.7155 51.7405 51.3528 51.6576 51.7545  
52.2434 52.1299 52.1113 52.1714 52.1473 52.006 52.198 52.1714 52.0389  
51.711 51.6229 51.5792 51.6514 51.5955 51.5298 51.6953 51.6514 51.5947  
51.0719 51.5435 51.3726 51.4078 51.3524 51.7486 51.4961 51.3269 51.7496  
51.7545 52.0419 52.1266 51.7419 51.9014 52.0724 51.9013 51.9298 52.0823  
52.0389 51.8443 51.8653 51.9039 51.8821 51.6693 51.9256 51.9284 51.7038  
51.5947 51.5211 51.4933 51.5495 51.4987 51.4117 51.5611 51.5611 51.4589  
90.051 90.0275 90.0336 90.0433 90.0487 90.033 90.0332 90.0334 90.0272  
90.0535 90.0322 90.0424 90.0429 90.0511 90.0368 90.0267 90.0377 90.0317  
90.0729 90.0724 90.0726 90.0727 90.0728 90.0724 90.0669 90.0726 90.0722  
90.0738 90.074 90.0744 90.0739 90.0742 90.0744 90.0735 90.074 90.0737  
90.0298 90.0296 90.0298 90.0327 90.0328 90.0325 90.0351 90.0297 90.0463  
90.034 90.0337 90.039 90.0315 90.0364 90.0361 90.0285 90.0338 90.0482  
90.0721 90.0713 90.0714 90.072 90.0721 90.071 90.0663 90.0717 90.0707  
90.0737 90.0726 90.0736 90.0735 90.0742 90.0733 90.0721 90.073 90.0721  
90.0463 90.0738 90.063 90.0583 90.0532 90.0737 90.0738 90.0629 90.0739  
90.0482 90.0724 90.0637 90.0572 90.0542 90.0722 90.0729 90.0627 90.0725  
90.0707 90.0698 90.07 90.0704 90.0704 90.0694 90.07 90.0702 90.0691  
90.0721 90.0711 90.0723 90.0718 90.0726 90.0717 90.0706 90.0716 90.0706  
90.0739 90.0742 90.0742 90.0737 90.0738 90.0742 90.074 90.074 90.0744  
90.0725 90.0718 90.0715 90.0725 90.0719 90.0706 90.0728 90.0723 90.0708  
90.0689 90.0685 90.0685 90.0688 90.0687 90.0684 90.0686 90.0687 90.068  
90.0705 90.0712 90.0717 90.0707 90.0715 90.073 90.0702 90.0706 90.0721  
90.0744 90.074 90.0752 90.0741 90.0742 90.0761 90.0741 90.0743 90.0736  
90.0704 90.0883 90.0751 90.0701 90.0691 90.0887 90.0868 90.0756 90.0751  
90.0677 90.0883 90.0735 90.0674 90.0677 90.0728 90.0879 90.074 90.0214  
90.0722 90.0756 90.0741 90.0724 90.0737 90.061 90.0769 90.0735 90.013  
90.0736 90.0731 90.0655 90.073 90.0703 90.0485 90.0731 90.0732 90.0733  
90.0751 89.9526 90.0087 90.0209 90.0476 89.8767 89.9699 90.017 89.8574  
90.0214 89.7395 89.8559 89.8693 89.9207 89.5964 89.7688 89.8693 89.5456  
90.013 89.7428 89.8784 89.875 89.9445 89.6127 89.74 89.875 89.544  
90.0735 90.0754 90.031 90.074 90.0363 90.0273 90.0749 90.0742 90.0759  
89.8257 89.7319 89.7254 89.8017 89.7754 89.6884 89.7977 89.7818 89.6999  
89.481 89.2265 89.3087 89.3725 89.4021 89.1494 89.3423 89.3726 89.1423  
89.4778 89.1553 89.2805 89.348 89.4132 89.081 89.226 89.348 89.0406  
90.076 90.0765 90.0249 90.076 90.0263 90.0455 90.0765 90.0763 90.0763  
89.6872 89.7784 89.6607 89.7381 89.6753 89.8271 89.8217 89.7134 89.8748  
89.1097 89.2782 89.1467 89.1724 89.1141 89.3512 89.3466 89.1724 89.4364  
88.9905 89.0692 88.9595 88.9862 88.9513 89.1192 89.0994 88.9862 89.194  
90.0763 90.0749 90.0609 90.0753 90.0586 90.0679 90.075 90.0755 90.0743  
89.8748 89.9965 89.9558 89.9836 89.9373 90.0214 90.008 89.9711 90.0349  
89.4364 89.6589 89.5559 89.6083 89.5213 89.6947 89.706 89.5948 89.7551  
89.194 89.439 89.304 89.3653 89.2816 89.5291 89.4697 89.34 89.5876  
94.9493 95.0781 95.0481 94.9905 94.9631 95.0471 95.0447 95.0466 95.0766  
94.9281 95.0344 94.976 94.9877 94.9373 95.0054 95.073 95.0092 95.0308  
94.8041 94.8008 94.8022 94.803 94.8038 94.8006 94.831 94.802 94.7989  
94.8105 94.8117 94.815 94.811 94.8133 94.8147 94.8083 94.8118 94.8101  
95.0617 95.06 95.0618 95.0445 95.0453 95.0432 95.0288 95.0608 94.9652  
95.0178 95.0159 94.9817 95.0359 95.0022 95.0001 95.0524 95.0167 94.9333  
94.7986 94.7928 94.7938 94.7978 94.7983 94.7909 94.8227 94.7955 94.7889  
94.8096 94.8025 94.8096 94.8083 94.8136 94.8072 94.7985 94.805 94.799  
94.9652 94.811 94.8727 94.8957 94.925 94.8102 94.8104 94.8718 94.8113  
94.9333 94.8004 94.8421 94.8876 94.8978 94.7989 94.8041 94.8529 94.801  
94.7889 94.7826 94.7841 94.7866 94.7864 94.7797 94.784 94.7854 94.7773  
94.799 94.7919 94.8 94.7964 94.8027 94.7961 94.7882 94.795 94.788  
94.8114 94.8133 94.8137 94.8099 94.8108 94.8135 94.812 94.8119 94.8151  
94.8012 94.7971 94.7943 94.8014 94.797 94.7886 94.8034 94.7996 94.7903  
94.7762 94.7743 94.7739 94.7757 94.7746 94.7741 94.7747 94.7748 94.7716  
94.7872 94.7931 94.796 94.7891 94.7949 94.806 94.786 94.7887 94.7996  
94.8153 94.8124 94.8148 94.8124 94.8137 94.8099 94.8128 94.8144 94.8092  
94.7875 94.7821 94.7731 94.7855 94.779 94.7765 94.7901 94.782 94.7874  
94.7697 94.774 94.7707 94.7675 94.7696 94.7845 94.771 94.7689 94.8093  
94.8006 94.8071 94.8133 94.8023 94.8111 94.8242 94.7982 94.8038 94.839  
94.8092 94.8055 94.8111 94.8049 94.809 94.8152 94.8055 94.8067 94.8074  
94.7873 94.8381 94.8115 94.8135 94.7985 94.8702 94.8353 94.8128 94.8822  
94.8093 94.9198 94.8783 94.8727 94.854 94.9743 94.9065 94.8727 94.9938  
94.839 94.9372 94.8956 94.8919 94.8723 94.9836 94.9335 94.8919 95.0041  
94.8091 94.8236 94.8353 94.8128 94.825 94.8432 94.8203 94.8144 94.8274  
94.898 94.9505 94.9475 94.9201 94.9204 94.9654 94.93 94.9247 94.9644  
95.0196 95.1224 95.0929 95.0669 95.0512 95.1472 95.0809 95.0669 95.1512  
95.027 95.1427 95.098 95.074 95.0509 95.1688 95.1177 95.074 95.1818  
94.8283 94.8314 94.8501 94.8282 94.8473 94.8413 94.8318 94.8303 94.8298  
94.9714 94.9371 94.9733 94.9555 94.9748 94.9189 94.9267 94.9597 94.9007  
95.1632 95.1095 95.1509 95.1421 95.1613 95.0895 95.0831 95.1421 95.0612  
95.198 95.1862 95.2168 95.2075 95.2155 95.1773 95.1751 95.2075 95.1538  
94.8298 94.8187 94.8302 94.822 94.8312 94.8172 94.8195 94.8237 94.8138  
94.9007 94.847 94.8658 94.8608 94.8753 94.8336 94.8446 94.8625 94.8266  
95.0612 94.992 95.0287 95.0089 95.0387 94.9852 94.9708 95.0132 94.9604  
95.1538 95.0806 95.125 95.1024 95.1309 95.0556 95.0684 95.1109 95.0352  
62.0246 84.6332 80.8683 67.223 68.974 82.1151 83.7097 74.2689 68.5164  
71.7165 78.4256 101.491 73.9946 88.443 95.5804 79.7417 75.6139 74.9792  
97.8054 105.098 147.568 97.4847 139.615 144.357 107.689 101.863 115.568  
229.022 281.992 253.696 228.457 230.157 276.867 258.543 245.359 216.476  
64.834 54.3329 74.4118 66.3433 67.8641 52.394 51.4037 71.2201 40.6935  
75.42 66.6756 104.795 76.7896 96.3912 78.8031 62.3357 78.8744 45.7951  
113.529 131.486 153.271 111.933 142.848 140.639 133.871 133.855 102.318  
213.508 169.718 178.303 210.778 221.191 155.783 167.297 190.772 158.496  
40.7715 21.2753 30.5093 27.8903 36.0116 18.5174 21.2346 29.2808 21.5348  
45.883 43.2051 47.4669 41.1629 43.8824 44.4366 43.1225 44.2505 47.1481  
102.514 113.098 105.249 100.126 105.82 121.823 112.882 97.4893 147.559  
158.8 164.384 167.576 166.219 159.167 150.428 164.069 170.172 185.315  
20.611 50.5674 28.7377 29.4496 19.5364 45.4405 34.618 29.2903 50.7161  
41.6264 105.382 65.7296 42.9807 60.217 115.716 65.0774 39.2281 110.005  
148.707 374.96 380.577 329.652 349.218 380.789 345.335 337.258 432.594  
196.592 478.827 420.093 415.333 377.638 447.218 495.952 421.204 543.369  
50.8134 70.6359 67.1038 48.1975 47.965 83.2296 53.6123 59.4755 134.09  
279.793 995.216 913.464 520.866 584.764 1186.25 789.039 690.63 1034.27  
649.362 1603.39 1283.78 1105.04 1005.1 1654.41 1577.39 1245.66 1648.43  
627.184 921.909 639.012 847.586 636.475 673.964 1125.95 856.203 937.79  
134.347 389.58 264.422 236.632 232.877 413.236 388.834 250.205 428.175  
1036.26 1302.5 1397.25 1122.46 1298.4 1468.69 1096.02 1170.61 1321.05  
1651.59 1479.35 1519.58 1519.19 1595.51 1496.3 1462.12 1499.24 1443.65  
939.588 672.164 493.965 722.718 581.596 410.851 870.227 713.225 602.618  
436.129 462.582 452.157 417.45 430.417 489.972 444.221 441.394 616.516  
1320.46 559.631 917.686 935.306 1320.39 426.993 739.969 979.352 481.312  
1364.01 333.705 712.447 868.682 1175.77 202.466 542.502 857.273 201.642  
514.169 125.688 166.525 281.193 205.854 96.8262 197.532 277.5 94.0953  
661.884 439.831 537.881 531.465 548.398 318.802 445.661 552.937 332.847  
462.98 231.667 314.929 464.238 380.282 109.032 346.056 363.676 113.362  
163.995 91.7296 138.057 129.305 171.555 92.1677 73.2832 127.606 85.424  
84.0572 79.9183 109.434 102.509 128.957 87.2365 78.3163 101.162 76.6519  
333.485 320.989 307.444 291.908 289.299 257.121 324.941 316.786 232.138  
113.579 90.9633 65.8023 197.33 93.4683 95.5988 211.972 93.0514 100.483  
85.5878 58.9309 73.666 64.2437 81.7271 74.1039 42.7316 66.9221 66.7774  
76.7989 87.7457 100.715 85.5616 97.5478 95.8912 77.1071 88.8994 87.37  
210.223 247.974 213.498 201.951 200.655 225.155 237.506 215.744 208.758  
173.22 194.075 174.125 208.131 171.946 181.986 235.232 180.453 162.459  
88.0524 93.0716 129.969 84.8951 122.178 127.365 113.726 90.2612 136.021  
245.673 262.003 242.539 238.896 239.446 256.637 245.943 240.833 319.355  
200.178 128.822 187.055 202.037 192.237 123.597 115.158 188.812 108.436  
155.088 102.843 147.658 158 154.883 105.6 100.154 138.364 85.4542  
215.443 414.527 429.99 286.757 285.083 509.236 323.49 352.787 511.577  
454.228 601.815 561.394 538.191 459.775 605.529 602.346 561.69 718.564  
108.644 60.9646 90.7792 100.464 102.662 33.6534 59.2745 87.1773 29.4065  
85.6181 60.3628 73.071 66.1389 81.8887 89.3691 62.1299 60.6642 68.0611  
512.558 561.057 633.056 521.252 633.443 722.46 458.684 519.404 750.548  
719.942 750.313 711.158 728.789 721.962 739.155 748.877 721.246 918.73  
29.2315 55.1866 52.6544 57.255 34.5503 188.233 45.8318 45.1007 161.352  
72.2029 371.109 267.662 153.343 151.578 557.702 224.491 159.776 635.63  
746.969 875.19 902.821 846.653 975.01 877.731 849.058 800.032 1033.96  
892.745 698.326 725.852 863.776 910.649 616.761 896.5 807.354 730.511  
210.657 363.271 421.568 226.831 340.627 706.258 195.978 267.33 653.517  
699.064 1455.42 1222.84 871.212 875.277 1687.24 1288.67 1089.38 1816.33  
1071.6 1816.07 1446.96 1379.9 1112.16 1716.27 1877.9 1530.47 1864.14  
758.576 936.948 767.671 890.11 677.489 809.974 1097.88 905.555 901.845  
654.77 894.308 1117.14 751.56 1030.01 1244.63 658.66 786.369 1003.6  
1819.82 1961.21 2100.3 1975.59 1978.44 1889.89 1955.53 2050.3 1833.38  
1867.71 1625.45 1520.8 1784.35 1581.31 1303.45 1754.71 1760.91 1425.32  
903.575 703.655 646.556 735.446 701.466 570.306 754.37 725.787 613.324  
978.822 910.623 1130.63 899.332 1081.69 1041.3 778.691 933.793 927.737  
1730.43 1157.21 1315.3 1626.6 1630.26 1036.91 1379.39 1632.39 910.13  
1308.41 600.861 779.149 1156.42 1096.92 378.116 867.89 1141.23 374.777  
548.839 267.465 291.751 396.62 436.902 222.898 299.669 391.41 214.247  
839.249 648.497 753.202 694.6 761.757 463.692 640.387 721.543 400.204  
748.251 485.822 276.73 688.061 634.484 361.583 635.359 562.073 314.766  
300.118 206.379 230.623 256.174 284.669 184.17 212.868 252.81 202.61  
166.811 102 131.265 150.911 167.203 76.6792 102.6 148.929 89.1219  
400.971 376.206 389.019 338.97 358.93 310.491 369.883 364.477 210.921  
315.37 252.771 154.714 347.316 270.614 226.751 369.089 265.135 155.195  
202.998 191.409 158.996 201.133 172.847 177.689 192.784 181.929 200.442  
89.2928 126.339 84.2212 121.161 82.8968 110.928 126.892 99.4296 134.92  
1167.11 1244.5 1260.74 1155.31 1187.47 1233.5 1218.63 1230.78 930.475  
1415.62 1394.07 1270.13 1404.05 1331.3 1256.41 1416.62 1388.73 1043.98  
1037.07 880.939 866.584 1012.88 962.415 829.608 859.912 915.359 795.148  
699.692 645.746 686.344 679.38 736.87 664.182 659.387 640.922 951.614  
922.507 751.842 781.161 861.699 966.271 800.336 809.489 791.444 814.772  
994.892 707.326 699.575 873.752 948.348 682.203 727.853 780.896 615.359  
889.118 1450.36 1378.53 983.736 967.081 1674.3 1139.65 1259.59 1873.86  
1124.55 2011.47 1760.68 1321.92 1191.26 2098.59 1979.92 1702.43 2508.6  
816.335 711.768 691.69 813.692 811.718 668.562 777.123 748.615 772.215  
616.539 608.878 591.126 598.316 596.547 891.841 517.441 540.364 1172.82  
1877.45 2414.79 2506.96 2131.52 2308.25 2904.74 1972.51 2218.97 3102.86  
2513.42 2941.87 2796.94 2789.37 2690.52 2879.76 3023.22 2848.11 3053.34  
779.715 851.881 784.287 793.618 735.395 959.809 819.79 772.955 1065.64  
1234.19 2873.38 2230.74 1780.84 1648.51 3526.28 2289.8 1917.09 3882.91  
3167.53 4320.69 3977.39 3781.23 3699.36 4812.17 3987.63 3785.48 4809.85  
2960.37 2273.65 2578.05 2899.52 2846.54 2041.4 2808 2817.69 1914.09  
1186.46 1855.65 1739.65 1433.97 1391.45 2050.86 1732.78 1643.52 2174.07  
4087.24 4757.43 4756.56 4157.15 4267.98 4668.82 4359.17 4526.92 4751.98  
4720.16 4446.04 4471.44 4693.62 4616.64 4237.03 4519.49 4580.29 3908.65  
1752.76 1561.18 1511.75 1701.95 1555.96 1527.71 1919.42 1635.5 1426.28  
2178.24 2145.2 2301.32 2121.04 2249.65 2511.18 1969.17 2158.6 2618.54  
4761.09 3527.65 4156.51 3994.19 4180 2621.04 3560.87 4184.44 2357.71  
3916.14 2261.89 2829.75 3023.42 3199.86 1301.47 2437.04 2983.71 1058.44  
1429.01 1010.22 1130.68 1155.92 1289.96 1023.78 996.731 1140.74 947.026  
2677.42 3029.04 2925.71 2635.17 2633.88 2895.1 2868.63 2706.29 2925.05  
2125.65 1868.4 1532.9 2087.84 1805.87 1729.7 2313.64 1763.24 1691.85  
937.937 480.404 521.895 713.927 794.414 412.029 655.676 704.55 394.773  
971.331 579.63 684.399 804.044 976.941 550.168 583.87 793.483 509.826  
2805.45 2649.62 2659.48 2507.33 2549.96 2350.02 2619.07 2621.68 2207.02  
1574.37 1347.93 1087.84 1715.39 1375.66 1265.91 1768.04 1371.87 1243.66  
403.611 385.033 355.994 394.566 380.712 373.578 439.608 389.384 389.975  
496.789 349.605 385.361 411.423 460.677 256.847 347.547 406.019 257.814  
2211.26 1163.09 1640.05 1589.38 1664.43 654.374 1185.2 1658.45 551.739  
1246.04 998.619 1055.97 1172.41 1116.59 592.398 996.921 1183.31 512.711  
390.723 538.518 410.921 494.021 418.003 486.389 571.855 437.775 548.905  
258.308 356.939 229.636 314.643 239.645 322.966 374.157 270.823 364.435  
2445.5 2367.21 2384.78 2439.44 2334.03 2399.62 2375.26 2364.24 2616.64  
1893.05 1716.76 1581.92 1768.1 1803.92 1645.61 1717.45 1800.63 1712.53  
1575.34 1871.85 1750.46 1710.15 1627.54 1972.57 1846.08 1788.35 1988.05  
1489.92 1793.67 1730.42 1608.53 1606.9 2078.07 1810.66 1675.04 2193.78  
2657.47 2659.09 2428.04 2574.62 2609.4 2626.07 2720.72 2532.88 2691.99  
1692.75 1363.08 1073.78 1623.39 1613.73 1310.21 1445.79 1417.9 1271.19  
1937.78 1858.04 1891.89 1961.98 2001.58 1925.47 1719.17 1843.89 1730.41  
2182.79 2720.72 2769.64 2307.04 2332.13 3007.36 2629.72 2560.86 2675.24  
2697.16 3166.31 2806.59 2767.78 2700.05 3130.37 3136.7 2941.52 3169.94  
1273.63 1346.5 981.788 1297.06 1242.37 1326.93 1379.49 1289.57 1409.82  
1733.73 1501.15 1727.68 1718.22 1804.39 1573.41 1339.85 1638.6 1470.81  
2680.37 2589.46 3028.66 2715.51 3047.93 2979.02 2344.1 2657.66 2457.6  
3166.53 3078.04 3281.51 3132.78 3236.33 2978.65 3050.03 3222.66 2987.07  
1415.46 1861.69 1727.96 1752.89 1701 1991.19 1770.5 1821.03 1963.49  
1507.05 3271.55 2233.61 2225.57 1839.35 4010.82 3024.02 2237.56 4431.42  
2544.07 3407.16 2968.91 2885.99 2932.5 4210.13 3038.88 2802.53 4287.88  
2972.45 2697.95 2717.1 2900.34 2943.79 2543.61 2812.58 2820.49 2310.86  
1964.99 1824.81 2131.52 1883.18 2122.29 1932.81 1798.88 1897.78 1635.77  
4686.08 4350.95 4440.67 4696.18 4706.75 4238.48 4348.71 4525.77 4079.97  
4466.27 4232.25 4399.36 4440.61 4615.55 4421.8 3970.12 4304.1 3971.77  
2315.29 1648.45 1445.18 1912.51 1969.86 1514.69 1802.18 1796.24 1722.87  
1638.91 965.162 1299.74 1066.59 1569.3 1093.7 989.959 1065.67 1063.81  
4087.79 2603.37 3373.56 3418.64 3714.02 1510.57 2633.96 3373.74 941.6  
3979.38 2864.74 3716.9 3549.91 3962.87 2094.48 2660.06 3503.28 1387.37  
1931.77 2877.96 2376.73 2421.26 2087 2755.97 2778 2389.42 2864.86  
1202.5 1803.82 1591.87 1693.85 1346.51 1747.5 1925.66 1598.42 1864.18  
596.148 267.021 226.972 223.504 303.846 317.813 296.699 220.569 348.557  
1106.72 717.748 963.945 801.049 1142.06 760.748 645.386 790.527 613.828  
2875.06 3067.35 2981.81 2854.36 2774.56 3064.04 3074.12 2925.94 3114.14  
1927.2 2160.77 1964.27 2070.33 1886.27 2220.15 2312.88 2019.21 2257.23  
382.114 593.75 444.388 473.213 364.587 739.442 667.578 466.998 859.604  
581.42 619.894 553.856 563.426 482.188 689.973 608.201 556.026 790.48  
3120.11 1814.89 2374.43 2228.5 2499.89 1539.85 1864.88 2304.38 1486.12  
2261.55 1558.25 1693.62 1731.62 1926.83 1508.51 1479.11 1810.99 1484.56  
861.253 1161.25 1047.73 1093.39 1012.58 1258.59 1208.38 1090.87 1317.81  
791.996 912.717 830.588 891.258 824.946 1016.97 992.497 888.345 1097.5  
438.632 538.362 467.618 440.96 428.508 522.811 513.271 493.239 548.401  
349.803 400.834 415.502 348.306 348.797 400.318 406.491 398.759 370.272  
303.446 369.088 311.347 293.355 293.942 393.71 329.957 319.406 419.938  
467.992 734.752 561.097 512.01 469.639 773.063 716.594 563.86 709.383  
528.333 497.97 514.087 519.77 503.474 475.671 498.35 544.709 468.545  
377.57 365.212 389.41 397.719 375.608 353.568 378.319 394.175 412.031  
415.69 343.682 430.561 433.084 424.023 371.645 337.374 405.6 340.764  
688.469 592.563 688.534 683.801 715.553 637.629 563.229 654.448 587.385  
469.443 394.866 462.75 440.843 451.723 371.571 373.93 440.681 317.972  
412.821 395.99 412.713 449.564 410.676 373.618 399.196 426.514 365.835  
341.418 462.597 407.811 357.849 362.324 511.893 392.518 373.059 430.229  
588.511 653.843 674.734 615.845 661.135 629.154 626.235 613.032 559.231  
313.664 310.137 362.713 316.793 290.109 304.331 321.862 340.555 305.198  
358.071 325.435 398.437 352.007 334.46 494.998 342.008 351.652 394.733  
431.349 908.594 550.922 501.009 491.224 1032.23 800.056 507.673 1287.04  
563.534 1075.83 590.899 626.478 573.66 955.902 1004.71 642.405 1396.11  
304.054 290.701 302.135 292.878 297.994 308.245 304.823 298.9 345.156  
423.002 390.412 596.285 421.212 622.047 611.758 386.775 396.944 475.448  
1429.26 1416.05 1566.72 1519.81 1594.17 1431.57 1358.42 1485.65 1412.45  
1509.38 1435.33 1405.97 1596.81 1395.03 1188.9 1412.93 1558.49 1343.56  
345.818 366.011 422.315 405.832 373.969 537.508 372.59 405.175 551.863  
476.36 504.029 685.365 526.483 684.726 652.587 464.684 526.914 697.079  
1415.16 1038.11 1410.45 1411.01 1443.55 802.62 1009.55 1392.48 727.004  
1346.14 952.973 1167.15 1336.35 1187.75 736.225 985.282 1318.8 602.63  
556.682 584.027 571.1 539.241 586.588 702.065 520.217 551.748 729.289  
610.621 616.031 532.334 534.076 571.999 595.478 544.482 553.589 589.182  
423.863 259.746 185.78 222.196 256.751 207.425 253.028 219.278 231.04  
365.161 149.396 180.943 215.686 289.979 188.053 188.703 212.853 175.633  
768.217 726.162 826.844 717.64 806.579 581.915 700.645 751.441 467.667  
576.138 538.371 541.879 546.5 541.565 355.773 538.834 563.425 291.628  
205.032 274.658 165.896 234.33 148.41 272.815 289.566 231.253 330.681  
162.462 234.597 166.999 152.558 161.893 314.534 224.56 150.554 308.33  
468.563 419.294 452.112 382.564 443.717 348.266 412.97 413.803 286.053  
292.188 238.236 271.602 247.156 280.105 201.635 230.441 251.962 179.526  
331.315 405.774 371.656 395.385 361.164 402.315 389.511 396.365 403.191  
308.921 391.039 385.705 384.442 376.27 429.968 387.227 381.5 413.055  
75.2183 152.729 142.001 103.389 95.1004 148.563 139.979 127.841 141.938  
105.225 176.678 175.221 133.211 124.546 172.364 167.179 160.137 174.685  
92.876 109.793 102.599 92.607 96.0328 110.196 116.338 96.7666 109.082  
186.125 262.321 206.717 197.03 183.37 249.611 236.964 207.318 181.545  
136.35 110.648 132.401 132.26 133.478 109.081 98.6708 130.302 104.802  
175.67 153.95 179.723 169.691 170.513 145.32 151.113 175.518 153.45  
110.997 132.603 170.564 111.599 121.798 157.56 120.275 144.244 118.555  
171.788 180.001 199.603 194.625 181.27 182.048 168.029 199.384 172.217  
105.003 24.3371 61.9765 73.5216 93.7945 20.5018 24.2905 56.9572 17.7405  
153.744 84.6316 116.517 129.163 139.569 77.9617 81.0758 116.294 76.5091  
118.783 127.344 148.692 127.214 145.433 163.188 104.045 125.266 133.249  
172.548 200.539 188.354 181.433 182.699 192.934 203.322 187.994 190.4  
16.6599 67.3648 23.9347 23.8122 19.6779 59.6147 56.8731 22.82 63.5005  
66.81 57.1936 52.4212 59.4789 66.6689 71.6514 82.2066 48.3506 118.633  
126.209 418.746 438.304 394.622 306.975 417.142 366.187 406.5 473.908  
195.513 590.982 524.148 511.364 352.084 527.357 570.024 503.254 590.233  
62.3428 61.9217 64.0692 57.6404 57.6404 79.6559 55.1758 60.9465 121.816  
266.422 622.116 621.448 510.925 395.019 674.277 394.869 553.006 656.983  
653.729 1085.75 1028.01 935.894 831.373 1151.21 1017.49 994.45 1099.86  
658.823 758.156 705.6 745.944 697.755 700.227 988.809 768.747 763.822  
122.05 239.191 197.428 181.726 162.161 297.86 238.733 192.149 310.13  
658.243 759.15 743.581 666.582 699.594 839.456 505.62 682.188 826.692  
1101.97 774.586 977.13 949.061 1126.86 783.666 753.692 936.596 774.503  
765.286 360.989 529.884 604.647 687.736 276.167 595.57 596.705 332.907  
312.004 350.755 332.163 307.089 308.627 374.754 351.936 324.702 415.862  
776.233 317.538 415.358 479.142 658.649 279.687 290.738 506.624 260.137  
707.407 147.248 273.4 411.657 543.939 95.5193 169.313 406.251 82.743  
308.684 86.5478 107.083 178.644 172.563 51.3276 164.175 176.297 61.2142  
484.135 381.501 416.06 412.079 424.083 279.964 378.183 432.011 263.25  
297.029 231.14 249.303 273.493 265.019 124.653 219.043 280.355 95.6405  
69.4352 55.7561 70.881 62.8858 73.2449 63.2653 58.7499 62.0599 52.3906  
47.8034 107.836 114.737 110.672 126.131 122.649 120.951 109.219 112.698  
263.755 241.281 238.286 233.161 235.25 204.147 237.656 254.491 182.953  
95.8239 70.7208 59.1312 82.4552 78.0792 62.2975 75.2192 80.0635 66.1541  
52.4911 32.6935 54.0047 39.2268 58.3938 41.3043 32.0907 40.8622 29.5899  
112.914 143.865 160.162 138.898 155.129 160.215 130.993 141.889 147.898  
