28662 2.5918e+008 
28671.6 2.61724e+008 
29333 2.72455e+008 
30569.6 3.1581e+008 
31340.3 3.57052e+008 
31878.9 3.9055e+008 
33107.9 4.34967e+008 
34500.6 4.73455e+008 
35643.9 4.87573e+008 
32020.9 2.60851e+008 
32157.8 2.65529e+008 
33020.7 2.81594e+008 
34293.1 3.22627e+008 
34969.2 3.56975e+008 
35240.4 3.65202e+008 
36183.9 4.05085e+008 
37285.3 4.47755e+008 
38395.2 4.58544e+008 
34444.6 2.44709e+008 
34721.5 2.30252e+008 
35439.1 2.50544e+008 
36504.3 2.91437e+008 
37296.8 3.40764e+008 
37512.9 3.61092e+008 
38482.6 3.82801e+008 
39837.7 4.08797e+008 
40937.3 4.22635e+008 
36088.8 2.14559e+008 
36186.4 2.19354e+008 
36792.1 2.37259e+008 
37698.9 2.73667e+008 
38309.4 3.18257e+008 
38570.8 3.57998e+008 
39550.9 3.72736e+008 
41121.6 3.91798e+008 
42273.9 4.04445e+008 
82.2517 640.736 
85.7101 552.249 
88.5549 454.249 
90.4834 359.459 
92.1186 287.988 
92.6933 239.536 
92.5365 212.494 
92.4848 183.722 
92.6381 158.699 
82.7852 553.093 
85.986 482.429 
88.7345 390.492 
90.8775 303.912 
92.6459 235.36 
93.2375 192.508 
92.8969 182.247 
92.291 161.858 
91.9773 146.806 
83.486 489.703 
86.4857 429.719 
89.0922 355.168 
91.1967 274.439 
92.9094 207.898 
93.6402 167.481 
93.4421 157.676 
92.7475 138.757 
91.8974 130.734 
83.8734 454.339 
86.6605 401.502 
89.1085 340.907 
91.1463 269.948 
92.8155 216.728 
93.5445 171.486 
93.4847 153.36 
93.2218 123.638 
92.6155 111.589 
167.195 119.564 
168.308 108.711 
169.506 98.3725 
170.503 95.1955 
170.885 96.9294 
170.821 92.3199 
170.756 99.2926 
170.924 104.044 
170.769 98.5171 
167.907 118.971 
169.1 106.377 
170.468 97.8454 
171.361 88.862 
171.378 81.722 
171.162 77.5302 
170.996 84.4569 
171.056 88.7058 
171.004 94.6303 
168.189 118.011 
169.408 101.174 
170.796 93.503 
171.606 81.5581 
171.623 74.7018 
171.515 70.1045 
171.355 71.992 
171.361 75.5035 
171.438 87.7141 
168.324 108.037 
169.659 98.5106 
170.894 90.1982 
171.538 73.8349 
171.712 70.9602 
171.886 66.7473 
171.998 67.465 
172.082 68.272 
172.038 73.972 
187.956 84.0245 
188.76 77.9261 
189.234 70.9142 
189.33 70.0809 
189.232 72.2327 
189.13 72.7106 
189.088 73.374 
189.005 77.7488 
188.821 79.0006 
186.28 86.4468 
187.211 80.9063 
187.678 75.9208 
187.651 80.388 
187.456 84.9314 
187.182 89.3119 
186.987 91.3917 
186.941 92.14 
187.009 88.4988 
184.653 89.8447 
185.627 86.8766 
186.126 84.3299 
186.1 87.0897 
185.936 92.1554 
185.656 94.0346 
185.451 93.8052 
185.419 93.5612 
185.62 86.4483 
183.908 86.933 
184.842 84.4066 
185.348 83.539 
185.403 86.0531 
185.337 90.5009 
185.225 91.5294 
185.101 88.8934 
185.055 88.4827 
185.17 83.7014 
4667.88 3.62937e+007 
4595.02 3.21091e+007 
4685.75 3.29397e+007 
4931.64 3.67996e+007 
5091.72 3.81789e+007 
5184.26 3.99534e+007 
5346.87 4.03478e+007 
5349.07 4.13793e+007 
5156.23 3.65665e+007 
6055.87 4.49817e+007 
6034.33 4.82843e+007 
6192.51 4.99373e+007 
6274.98 4.88977e+007 
6391.4 4.93677e+007 
6376.85 4.64547e+007 
6160.44 4.17444e+007 
5995 4.12637e+007 
5680.8 3.79032e+007 
6792.3 4.93504e+007 
6759.4 4.75039e+007 
6811.41 4.60588e+007 
6911.72 4.66064e+007 
7002.88 4.87598e+007 
6812.17 4.61922e+007 
6567.11 4.2629e+007 
6311.49 4.20571e+007 
5991.31 4.18218e+007 
7123.15 4.41893e+007 
7038.87 4.75504e+007 
6906.7 4.75904e+007 
6853.07 4.69093e+007 
6866.19 4.66695e+007 
6774.96 4.99424e+007 
6678.53 5.11545e+007 
6449.09 5.35993e+007 
6208.09 4.79984e+007 
3697.74 1.47814e+007 
3611.06 1.36637e+007 
3688.38 1.4339e+007 
3816.25 1.49244e+007 
3956.97 1.57255e+007 
4010.91 1.59545e+007 
4041.85 1.51076e+007 
4103.52 1.61475e+007 
4086.25 1.62327e+007 
4696.13 1.90296e+007 
4606.05 1.7815e+007 
4710.85 1.85572e+007 
4737.85 1.90968e+007 
4716.93 1.8766e+007 
4677.46 1.84355e+007 
4631.18 1.86793e+007 
4614.18 1.85466e+007 
4576.59 1.91111e+007 
5248.94 2.01291e+007 
5246.18 1.8909e+007 
5305.98 1.86476e+007 
5253.97 1.83755e+007 
5156.43 1.94059e+007 
5022.5 1.92224e+007 
4975.9 1.85018e+007 
5014.47 1.99274e+007 
4949.23 1.99987e+007 
5513.18 1.99688e+007 
5551.86 2.0938e+007 
5483.67 2.12871e+007 
5373.95 1.87691e+007 
5271.42 1.86694e+007 
5123.98 1.85964e+007 
5099.01 1.88917e+007 
5138.52 2.02232e+007 
5142.53 1.96012e+007 
4966.31 1.38065e+007 
5002.99 1.36386e+007 
5112.47 1.4511e+007 
5337.78 1.57702e+007 
5583.44 1.87971e+007 
5552.3 1.83143e+007 
5517.21 1.86061e+007 
5596.66 1.95327e+007 
5625.05 1.93517e+007 
5278.54 1.40717e+007 
5449.33 1.50386e+007 
5583.26 1.56935e+007 
5807.8 1.72648e+007 
5956.12 1.90731e+007 
5925.2 1.87701e+007 
6056.63 1.98063e+007 
6020.76 1.91191e+007 
6006.95 1.81652e+007 
5497.64 1.27299e+007 
5732.37 1.43604e+007 
5974.49 1.60505e+007 
6142.05 1.70218e+007 
6213.72 1.86156e+007 
6171.66 1.89673e+007 
6272.64 1.79582e+007 
6375.31 1.7784e+007 
6410.29 1.60922e+007 
5680.9 1.28985e+007 
5753.33 1.2999e+007 
5966.64 1.42781e+007 
6243.53 1.56832e+007 
6291.14 1.58726e+007 
6216.68 1.5098e+007 
6336.78 1.45815e+007 
6560.27 1.53143e+007 
6621.44 1.4057e+007 
8009.2 5.02596e+007 
8076.48 4.96333e+007 
8307.67 5.63924e+007 
8717.25 6.76607e+007 
8741.63 7.41561e+007 
8725.37 7.19108e+007 
9068.84 8.07091e+007 
9789.89 9.75672e+007 
10600.8 1.14014e+008 
7428.01 4.11736e+007 
7514.79 3.83806e+007 
7857.52 4.74046e+007 
8449.68 6.05238e+007 
8612.09 6.85129e+007 
8822.24 7.4705e+007 
9323.73 8.94182e+007 
10060.8 1.01387e+008 
11072.8 1.20194e+008 
7141.52 3.06755e+007 
7289.19 3.17058e+007 
7742.6 4.30459e+007 
8332.83 5.53627e+007 
8740.82 6.90442e+007 
9297.82 8.73264e+007 
9979.55 1.05335e+008 
10949.5 1.22308e+008 
11991.9 1.40693e+008 
7202.71 2.84051e+007 
7400.15 3.07394e+007 
8033.02 4.46186e+007 
8742.33 6.22339e+007 
9282.04 7.91346e+007 
9918.79 9.98761e+007 
10613.1 1.1345e+008 
11770.7 1.33466e+008 
12715.9 1.52966e+008 
3828.39 7.63917e+006 
3813.7 7.39922e+006 
3836.38 7.73323e+006 
3888.66 7.74372e+006 
3918.24 9.08874e+006 
4071.83 1.18461e+007 
4499.95 1.74062e+007 
4878.61 1.95479e+007 
5224.23 2.14251e+007 
4313.31 1.11365e+007 
4285.84 1.0399e+007 
4281.25 9.94033e+006 
4410.54 9.97867e+006 
4461.15 1.00248e+007 
4499.96 1.11488e+007 
4863.05 1.50249e+007 
5308.97 1.98515e+007 
5809.12 2.5708e+007 
4929.3 1.46454e+007 
4888.26 1.55562e+007 
4807.8 1.23471e+007 
4882.17 1.21941e+007 
4922.04 1.10942e+007 
4870.51 1.07806e+007 
5203.34 1.36856e+007 
5666.74 1.90659e+007 
6165.42 2.52273e+007 
5445.9 1.79412e+007 
5359.24 1.8758e+007 
5374.68 1.6627e+007 
5366.34 1.42491e+007 
5342.87 1.47267e+007 
5240.09 1.2488e+007 
5382.99 1.38094e+007 
5774.75 1.7766e+007 
6191.77 2.10253e+007 
3492.52 1.15443e+007 
3572.32 1.19862e+007 
3702.32 1.26318e+007 
3877.98 1.36175e+007 
4048.34 1.39912e+007 
4334.23 1.59566e+007 
4633.2 1.71258e+007 
4782.8 1.72628e+007 
4951.3 1.80696e+007 
4249.02 1.38611e+007 
4267.45 1.41308e+007 
4395.31 1.46346e+007 
4612.3 1.55732e+007 
4831.52 1.62375e+007 
4938.71 1.54953e+007 
5148.85 1.55727e+007 
5285.61 1.65566e+007 
5248.97 1.5659e+007 
4834.87 1.42087e+007 
4806.07 1.38034e+007 
4796.77 1.37726e+007 
4981.61 1.40569e+007 
5260.96 1.56804e+007 
5338.26 1.64005e+007 
5484.07 1.53972e+007 
5520.16 1.5368e+007 
5429.12 1.42992e+007 
5122.94 1.34686e+007 
5082.95 1.43468e+007 
5027.42 1.43471e+007 
5119.7 1.41985e+007 
5255.79 1.55012e+007 
5296.29 1.5652e+007 
5440.5 1.50897e+007 
5428.34 1.60337e+007 
5394.15 1.40702e+007 
