35780.9 1.61396e+007 
45052.8 4.34501e+006 
48016.1 4.13843e+006 
49357.5 3.09868e+006 
40978 4.56504e+006 
49220.4 3.48644e+006 
50248.1 5.66395e+006 
30784.6 1.61078e+007 
23909.6 5.20124e+006 
40444.6 6.55376e+006 
38361.6 3.72794e+006 
34073.9 5.19588e+006 
43252.4 3.67018e+006 
42567.3 1.43573e+007 
53849.1 3.52048e+006 
53900.1 1.83124e+007 
24477 1.54115e+007 
18674.6 1.80159e+007 
46803.8 1.65307e+006 
37747.9 6.68455e+006 
33027.7 4.05307e+006 
46342.6 4.03381e+006 
47774.8 3.76988e+006 
52686.9 4.28657e+006 
51101.7 5.7487e+006 
30045 8.37963e+006 
22973.2 1.37827e+007 
39919.1 5.88491e+006 
40989.2 1.8287e+006 
48512.4 8.54914e+006 
63344.2 4.11348e+006 
62068.4 1.60846e+007 
53302.5 1.08714e+007 
48316.7 1.04369e+006 
43104.8 3.94239e+006 
46415.4 2.28825e+006 
101.566 3.00698 
89.7059 9.33284 
77.0038 5.06163 
79.0008 2.63459 
76.8371 0.954247 
78.3737 1.38809 
77.4033 2.50335 
81.6689 7.43658 
97.5168 2.71239 
93.7982 9.8788 
80.7267 5.91558 
71.3965 0.214703 
74.4427 0.445097 
74.7339 2.23121 
80.3002 0.898415 
80.5398 0.958239 
84.2081 9.97522 
99.1845 1.65979 
87.3139 7.89659 
79.4599 0.380244 
77.4207 0.392062 
77.5432 2.14276 
76.5875 3.05253 
79.1032 1.54336 
77.7372 1.10023 
83.4899 12.7838 
97.9882 4.70445 
95.4699 5.74033 
90.3173 5.70262 
86.0661 4.67668 
85.5838 3.69132 
87.5828 3.60467 
86.0467 6.50241 
78.1801 0.794229 
79.8732 6.034 
86.1217 0.44978 
169.346 0.032639 
167.923 0.414662 
165.652 1.70672 
163.087 2.22993 
156.745 1.99749 
160.286 11.9127 
184.706 5.89063 
187.451 4.60763 
172.26 1.24379 
169.793 0.266158 
163.473 3.37619 
154.599 4.06239 
150.058 2.66916 
146.184 1.58254 
158.034 28.1269 
185.124 6.76686 
186.075 7.95514 
171.889 1.19238 
168.208 0.867521 
160.113 4.27828 
151.121 1.6353 
147.895 0.640663 
145.155 0.548068 
156.378 27.4516 
180.03 7.928 
182.294 8.57278 
171.534 1.24155 
165.653 0.626387 
159.854 1.94831 
155.612 0.915982 
156.714 1.63733 
156.288 3.33287 
164.26 25.4643 
181.934 6.58759 
182.91 8.77257 
175.308 0.503294 
195.328 0.422578 
194.102 1.47694 
192.004 1.91602 
187.217 0.623931 
188.799 0.345502 
190.358 0.42509 
190.65 0.305716 
192.985 0.115622 
192.765 0.318513 
194.944 0.77416 
188.877 2.8087 
185.877 1.28798 
185.585 0.379651 
189.544 0.237565 
189.236 0.105593 
189.014 0.391192 
193.302 0.289788 
193.562 0.465699 
194.761 1.09665 
186.174 3.77053 
182.425 0.957521 
187.734 1.48139 
193.157 0.120313 
192.024 0.112018 
190.515 0.118283 
193.096 0.357676 
193.148 0.50292 
194.371 0.266376 
190.301 2.00417 
190.301 2.91584 
195.982 1.4225 
198.224 0.511997 
194.007 0.63724 
190.557 0.100365 
193.997 0.490288 
197.179 0.260714 
2634.65 1.373e+006 
9094.79 4.44298e+006 
16431.3 929406 
12618.4 2.98979e+006 
4494.93 1.89714e+006 
3842.91 2.4618e+006 
2424.7 998581 
871.584 122427 
1401.51 164561 
5119.33 75451 
5263.38 312235 
7885.11 646454 
7109.56 1.01248e+006 
2364.42 352041 
3403.09 311317 
2649.16 499792 
346.63 45415.2 
497.904 39340.4 
10348.2 161956 
7467.57 2.81608e+006 
6183.94 292112 
10992.6 1.34726e+006 
14194.4 6.90219e+006 
11741.5 7.56406e+006 
4895.32 2.54837e+006 
4307.4 2.03347e+006 
7022.2 1.00036e+007 
6406.07 253132 
9954.82 780104 
16745.4 2.30421e+006 
25580.6 2.46043e+006 
29438.2 1.4205e+006 
17587.1 1.03376e+007 
5384.67 1.00492e+006 
13105.7 7.09506e+006 
24959.6 2.74665e+006 
3731.74 2.78141e+006 
12005.8 1.47678e+006 
16695.7 1.59148e+006 
10823.5 1.09472e+006 
6237.16 1.39181e+006 
8489.42 1.22715e+006 
5633.76 1.93868e+006 
1478.76 476963 
1805.61 168084 
6593.68 357810 
7163.6 629741 
6998.33 2.14735e+006 
5390.17 1.36732e+006 
3597.5 654121 
5146.04 830352 
3437.1 1.34003e+006 
555.583 87697.3 
546.565 33083.3 
8334.37 66840.7 
7147.78 152608 
6106.33 157222 
5947.16 251090 
3705.74 309331 
3082.63 121197 
2612.95 267700 
1601.85 132573 
1414.51 55933.7 
3751.77 155824 
6346.67 225310 
8031.45 228257 
6152.13 302709 
3989.3 270166 
3389.21 137388 
3686.21 101350 
2857.02 77264.9 
2215.86 148144 
9326.77 1.75216e+006 
8972.78 761466 
4987.47 887233 
6760.98 874291 
9790.94 3.62195e+006 
15825.6 938200 
14795.5 3.2234e+006 
7281.71 793334 
4360.69 858894 
11569 1.31085e+006 
10234 303892 
5052.98 1.16859e+006 
5919.23 339983 
8805.83 3.86472e+006 
13025.7 1.19997e+006 
12610.1 3.30774e+006 
5739.86 811120 
2999.43 148434 
8873.02 406623 
7382.04 194224 
5915.11 154045 
6625.33 134533 
5432.02 737335 
6856.29 429792 
9231.17 128621 
4618.81 976826 
1894.64 104112 
5605.77 241767 
4825.3 129787 
4936.68 217064 
3739.1 244015 
2544.51 394810 
7913.13 1.25389e+006 
11660.5 420184 
5567.76 1.22698e+006 
1073.81 298533 
12690.6 2.47102e+006 
7385.94 3.7257e+006 
2215.47 318934 
5709.31 1.10419e+006 
7388.21 1.19353e+006 
9990.39 3.51012e+006 
18648.4 7.7519e+006 
16657.4 4.52696e+006 
10014.2 2.53121e+006 
10598.5 990177 
7354.54 1.15352e+006 
3822.53 346745 
10407.7 3.40707e+006 
13299.3 620525 
13546.6 1.98958e+006 
20787.6 2.45869e+006 
15335 4.84022e+006 
9120.13 2.56238e+006 
6375.2 847135 
3746.21 229252 
4269.74 152482 
8533.26 1.64814e+006 
9444.54 1.81979e+006 
12363.5 2.07794e+006 
17468.1 1.41677e+006 
9639.78 4.51189e+006 
3666.95 1.54498e+006 
8474.66 377957 
3206.33 492975 
2747.73 99708.5 
1983.58 163180 
1758.59 106556 
12721.2 3.00966e+006 
16773.8 723942 
5757.74 2.37512e+006 
1128.68 348697 
4802.51 229229 
3584.3 272948 
3201.74 475451 
7448.95 1.12066e+006 
7715.95 2.2298e+006 
7294.86 2.4167e+006 
6472.12 1.03599e+006 
3348.46 675113 
4623.1 1.97316e+006 
3954.32 195305 
4307.17 79584.1 
4710.45 330180 
8283.84 1.15719e+006 
9549.39 1.45193e+006 
11962.8 273175 
9455.58 1.71254e+006 
2053.7 519399 
4609.47 8.32443e+006 
5310.88 104380 
4421.47 196926 
5037.03 364140 
5968.21 116949 
6481.53 1.29076e+006 
10468.1 1.63454e+006 
10117 1.56229e+006 
3856.28 543742 
3391.93 3.95076e+006 
7272.4 464606 
6269.83 270341 
5283.39 139306 
5183.39 196166 
4336.43 920072 
4484.63 206765 
5961 299837 
4298.34 297846 
1984.08 267060 
2594.6 792913 
4009.16 612492 
4484.49 334196 
5996.39 43001 
5350.77 393245 
3777.21 322839 
2273.6 227976 
1146.71 114241 
1704.41 76610.6 
2609.75 81486.2 
4038.97 80309.2 
5604.48 202074 
6141.89 173037 
4950.87 148595 
6764.91 118482 
4960.52 991349 
446.256 87881.3 
901.093 57331.2 
7562.21 632704 
7582.86 1.30944e+006 
5515.55 458289 
8276 809546 
8516.58 963218 
8174.83 533297 
6777.21 299690 
6020.84 754576 
5583.01 1.61492e+006 
8408.41 1.63653e+006 
10386.3 249065 
10767.7 556733 
20705.4 1.16161e+006 
20001.4 4.46159e+006 
7207.2 2.71226e+006 
4850.55 2.18547e+006 
11518.2 2.1705e+006 
15053.4 2.78148e+006 
