29847.6 34872.8 42855.9 31786.1 33855.5 40082.5 31963.9 35753.5 41179.9  
43400.2 41756.6 47845.3 47632 46443.3 45257.6 46997.5 43136.7 46694.7  
47694.4 45374.6 48171.3 52091.1 48836.5 47411.5 51067.5 47016.8 48267.4  
45753.4 48065.3 47679.7 49504.6 49734.1 48146.2 48801.9 49404.8 48913.3  
36381.4 38272.2 40306.6 41562.8 40434.6 41742 38493.3 38252.1 39968  
49385.5 50690.9 47385.6 49436.7 50027.6 48449.1 45580.1 48442.5 49649.1  
51773.6 54317.6 47694.7 50865 51229.8 46877.6 47785.5 52703 48656.1  
32853.9 26550.5 28722.7 35872.4 28918.4 27673.6 37356.9 29630.8 28160.4  
23223.4 20674.9 25433.7 26320.1 23837.7 26068.5 25928.2 20967.1 23892.2  
38697.8 41680.1 43663.4 35080.8 38626.9 42341.9 37580.3 41259.2 43357.4  
39078.1 36886 37564.4 42093.2 39695.6 36933.4 40528 37028.4 37264.2  
33139.5 31954.4 34609.6 39678.5 35360.7 34474.7 36605.2 32997.4 34480  
39113.6 42532.4 43084.7 41893.6 44640.7 43141.9 41749.5 43911.3 44269.9  
36933.1 40449.8 47671.2 37795.4 40362.1 46101.9 37142.5 40509.6 45634  
53028.4 52550.9 53935.3 55791.4 54603.3 53534.5 53530.6 53967.1 56505.6  
56630.1 54606.6 47555.5 59945.1 54944.8 45980.8 58368.9 55557.1 50024.3  
26548.4 21522.4 20941.3 26912.9 21260.8 20477.6 29939.1 22378 20440.3  
15322.9 15875.4 25489.4 16028.2 19190.9 27314.7 14642.9 14412.3 20004.6  
47156 48480 47432.2 45322.5 46844.6 48270.5 46361.4 47913.1 48042.9  
41141.9 38639.9 33241.3 41498.6 40248.7 36399.3 39600.4 37503.6 34317.4  
32814.2 33885.9 34065.8 31073.3 32132.3 34660.6 30567.9 32446.1 33014.8  
45302.4 48315.6 46443.8 42922.7 46981.8 48076.9 42767 47237.8 46598.5  
48790.7 49352 47575.1 45075.1 49157.6 50247.6 44700.2 48593.4 47343.5  
54404.7 54058.9 49740.9 52789.6 54701.2 52019.1 50843.7 54255.3 51952.1  
52917.6 51881.3 47128.5 53722.2 51500.2 46819.3 53009.3 52161.8 48274.7  
32950.5 29576.2 25504.1 30289.8 28396.9 28450.8 32971.9 29236 25187  
25665 24602.7 21436.8 16692.8 21694.7 26512 17599.4 19832.7 17666.9  
37096.4 39115.3 43098.9 37090.9 38103.7 42093.8 39364.2 40786 44318.4  
39458.9 39844.3 42092.4 41780.7 40937.8 41228.9 42337.9 42280.1 42690.2  
44439.4 46703.7 53841.8 46252.7 46694.8 51075.9 47495.5 49789.7 53061.8  
59449.4 62175.9 65984.1 62382.2 62859.1 65371.1 62621.6 65610.9 65416  
67303.1 65691.9 56528.1 66501 65855.1 59715.8 65543.8 65269.4 57724.9  
59348.3 56983 48521 56073.1 56082.4 50287.1 54511.7 55442.4 51648.9  
49128 49330.1 48983.7 48118.5 48980.4 49754.5 47043.3 48597.4 48713.8  
41930.2 42516.8 45937.6 42172 42740.4 47366.4 42657.4 42438.6 43935.5  
47871.1 47875.4 45091.8 45653.9 47648.1 48546.2 45728.5 46937.6 43364.8  
104.11 102.759 99.2473 102.845 103.043 100.403 103.52 102.68 100.367  
92.6624 89.2801 85.4352 93.9694 92.1068 87.9268 93.1196 90.0369 87.048  
75.1734 74.1181 77.7568 80.5282 77.5585 77.1542 78.6124 75.9196 77.5999  
76.9181 77.3846 79.3418 81.4343 79.8867 78.6718 80.5424 79.0129 79.7956  
75.7649 75.4224 76.4197 78.5691 76.8442 76.9951 77.6504 76.0011 76.4386  
78.5253 78.5471 76.5117 77.6138 77.5531 76.9155 76.5729 78.1776 77.6482  
76.4834 77.7395 78.1361 74.4588 77.1268 78.9807 74.504 76.7506 77.5367  
79.4496 81.7115 86.1663 78.8438 81.5404 86.9976 78.9908 80.5556 83.0674  
98.012 98.7377 98.3027 97.4313 97.8157 98.7016 96.4972 98.5179 97.7903  
95.5007 92.4188 90.6734 99.5807 96.361 91.8213 98.2784 93.9061 92.3408  
81.76 79.801 77.5913 85.8128 82.5632 79.3999 83.7647 80.4374 78.8436  
71.8678 71.5855 71.375 72.3273 71.5463 71.7081 71.4653 71.3358 71.2272  
74.9218 74.7221 73.5649 75.0708 75.3419 73.796 75.2441 75.0865 74.0612  
73.0095 73.8625 77.0998 73.4433 73.8466 76.6604 73.4547 73.9711 75.8803  
79.8261 79.4627 79.6197 80.1631 79.7236 79.1995 80.0955 80.5635 80.8152  
78.7052 80.238 81.1608 79.3398 81.0851 81.6941 79.1034 80.4246 81.2363  
81.1999 84.1308 89.593 81.3532 84.4208 90.3235 80.8529 82.8323 86.1887  
99.6761 99.9884 99.0514 99.8003 99.5541 99.2085 99.086 100.134 99.5234  
90.4747 87.4883 83.0207 92.3176 89.5796 85.4372 90.4338 87.3471 84.4335  
79.7506 79.4808 78.192 80.0105 79.7565 79.1825 79.4475 79.1884 78.4644  
77.6163 77.6494 76.4348 76.9412 77.3516 77.2935 76.8466 77.4313 76.6803  
79.2862 78.5784 74.7072 77.6667 78.0332 76.2116 77.5305 77.6717 75.242  
77.3234 77.8409 76.5908 73.802 75.8471 77.5281 73.8292 75.9592 75.75  
80.6372 79.6266 76.8828 78.9131 78.8559 77.1268 78.6498 79.671 78.1898  
76.2708 77.2573 79.2011 77.1584 78.1692 79.4142 76.4677 77.4923 78.7919  
79.4732 82.4747 90.5712 81.9129 84.2596 90.3534 81.2215 82.4764 87.1057  
96.8814 98.2248 100.08 99.8973 99.9739 99.7908 98.978 99.4993 100.641  
99.1993 98.2918 91.988 96.9624 97.3431 95.3755 95.4807 95.8344 91.9663  
93.5528 92.948 87.4233 89.8048 91.381 90.3651 87.9056 89.6337 86.5104  
88.5882 87.4521 83.5513 85.5987 86.3613 85.279 83.6724 84.3957 82.1239  
87.6198 87.2681 83.6833 84.4742 85.8266 85.4622 82.9376 84.0999 82.3987  
87.9881 89.0326 87.4111 84.5947 87.0107 88.7349 84.177 86.7538 86.5489  
88.9104 86.4594 80.9699 86.7192 85.696 81.5154 87.1409 86.7828 83.3474  
79.0934 78.635 76.9129 78.3596 78.4769 77.5528 77.6 77.8981 76.8731  
77.8228 80.2123 83.9222 77.9144 80.2991 84.2766 76.8423 78.4714 80.8247  
86.7177 86.123 86.1592 86.2254 85.8602 86.0338 85.9436 85.4149 85.6132  
169.389 169.469 169.224 169.225 169.324 169.338 169.309 169.42 169.317  
167.784 167.261 168.031 168.898 168.149 167.643 168.513 167.754 168.118  
165.001 164.12 165.819 167.571 165.948 164.972 167.164 165.353 166.013  
162.356 161.661 162.855 165.436 163.575 162.106 165.103 163.092 163.479  
155.892 154.949 156.126 159.432 157.021 156.037 158.604 156.192 156.495  
156.508 159.178 166.389 157.685 159.561 166.601 156.61 157.832 161.691  
183.137 185.92 187.884 183.034 185.045 187.217 182.644 185.735 187.179  
190.063 188.654 184.201 189.55 188.165 183.383 189.516 188.94 187.02  
172.202 171.562 171.88 171.748 171.873 171.875 172.603 171.522 171.895  
170.225 169.977 169.11 170.167 170.084 169.466 170.232 170.063 169.578  
164.507 162.582 161.231 166.822 164.826 162.352 165.548 163.194 162.125  
154.662 152.891 152.828 158.476 155.653 153.285 156.644 153.817 153.468  
149.182 148.552 149.166 153.063 150.762 149.05 151.603 149.564 149.772  
144.289 144.271 147.396 147.587 145.986 146.756 146.479 145.221 146.934  
152.768 157.525 167.895 153.682 157.722 167.472 152.217 155.713 162.117  
182.869 185.485 188.856 183.584 185.384 187.829 183.872 186.051 188.114  
188.56 186.078 181.287 188.764 186.167 180.546 189.214 187.37 184.74  
171.504 171.272 171.843 171.328 171.501 171.854 171.768 171.215 171.565  
168.832 168.253 167.234 169.445 168.813 167.577 169.378 168.574 167.915  
161.932 159.967 157.158 163.894 161.672 158.719 162.509 160.17 158.244  
152.498 151.277 148.957 153.107 151.693 149.785 152.356 151.03 149.535  
148.954 148.505 146.326 148.081 148.058 147.03 147.964 147.916 146.723  
145.841 145.549 144.689 144.467 144.865 145.174 144.257 144.738 144.377  
152.246 156.903 165.382 151.42 156.464 165.438 149.912 154.282 160.176  
176.944 179.684 183.783 177.505 179.656 182.982 177.681 179.964 182.687  
184.526 182.027 176.671 183.974 181.454 176.297 184.505 182.877 179.738  
171.48 171.078 170.881 170.713 170.649 170.876 170.919 170.728 170.595  
166.304 165.761 164.437 166.836 166.132 165.02 166.57 165.687 164.862  
161.571 160.443 157.491 161.924 160.988 159.162 160.611 159.576 157.715  
156.637 156.523 154.872 155.341 155.817 155.772 154.48 155.085 154.158  
158.019 158.196 155.915 155.714 156.937 157.124 155.142 156.405 155.188  
158.942 158.561 154.328 155.529 156.83 156.153 154.673 156.003 153.672  
162.564 167.082 171.451 159.286 165.386 173.111 156.639 162.358 166.012  
181.456 183.357 184.962 179.242 182.263 185.138 178.479 181.71 183.137  
186.082 182.95 177.553 184.889 182.427 177.438 185.365 183.736 180.343  
174.964 175.203 175.16 175.073 175.196 175.047 175.099 175.302 175.455  
194.986 194.8 195.708 196.633 195.574 195.543 195.723 195.141 195.693  
194.178 194.22 195.767 196.034 195.096 195.042 195.419 194.739 195.647  
193.613 192.549 191.533 194.7 193.523 191.849 194.32 192.898 192.064  
187.844 186.663 186.542 188.993 187.551 186.985 188.311 186.843 186.633  
187.878 188.685 189.724 188.151 188.82 189.415 188.061 188.812 189.553  
189.585 190.088 191.364 190.682 190.883 191.153 190.822 190.495 191.18  
190.44 190.302 191.2 191.573 190.989 191.302 191.45 190.693 191.066  
193.27 193.52 192.848 192.959 193.222 192.921 192.7 193.312 193.007  
192.438 193.127 193.474 192.296 193.312 193.585 192.081 192.619 193.332  
195.53 194.81 194.206 196.418 195.526 194.572 195.794 195.075 194.638  
188.739 187.39 188.753 192.68 190.423 188.774 190.978 188.681 189.115  
184.696 184.522 186.632 188.171 186.444 186.059 187.359 185.653 186.559  
185.164 185.258 186.242 185.636 185.187 186.19 185.323 185.145 185.753  
189.895 190.323 189.139 188.786 189.728 189.424 189.069 189.975 189.441  
189.302 189.776 189.202 188.97 189.611 189.417 189.033 189.37 189.265  
188.991 189.014 190.224 189.047 189.206 190.439 188.879 188.945 189.66  
193.336 193.568 193.932 193.652 193.716 193.777 193.263 193.729 193.758  
192.91 193.464 194.818 193.377 194.022 194.878 193.086 193.266 194.127  
195.756 195.13 193.231 196.226 195.436 193.938 195.929 195.18 194.007  
188.299 186.251 183.138 189.719 187.656 184.815 187.837 186.002 183.982  
181.989 182.504 183.584 181.27 181.625 183.031 181.304 181.887 182.757  
187.109 188.138 189.309 185.849 187.12 189.135 186.149 187.479 188.55  
193.046 193.425 193.022 192.609 193.244 193.275 192.838 193.376 193.227  
191.928 191.96 191.518 191.773 191.938 191.609 192.112 191.88 191.812  
190.792 190.65 190.791 190.683 190.817 191.089 190.698 190.606 190.67  
193.685 193.966 193.136 193.006 193.389 193.332 192.611 193.411 192.974  
193.481 193.362 193.357 192.478 192.722 193.47 192.422 192.656 192.629  
195.113 194.85 193.554 194.696 194.643 193.996 194.48 194.273 193.592  
192.439 191.519 188.152 191.751 191.344 189.977 190.48 190.129 188.163  
190.793 191.967 191.776 187.779 190.011 192.1 187.758 190.328 190.684  
196.218 197.107 197.04 194.269 196.012 197.253 194.552 196.498 196.519  
199.455 199.034 197.402 198.499 198.808 198.016 198.103 198.395 197.144  
195.128 194.367 192.604 194.303 193.844 192.869 194.215 193.717 192.785  
190.733 190.307 190.562 190.532 190.458 190.751 190.679 190.206 190.637  
193.641 194.407 195.165 193.776 194.327 195.014 193.574 194.325 194.928  
197.099 197.526 197.318 197.357 197.475 197.362 197.144 197.601 197.409  
1499.6 1943.3 5187.12 2363.26 2777.43 4146.67 2485.49 2718.2 4488.57  
6235.04 7999.82 13251.9 7718.57 8668.9 11338 8655.06 9236.78 12302.9  
15252.6 15245.7 16057.5 16278 16230.9 15413.8 17060.5 16090 15969.4  
13253.3 11572.2 10297.8 14186.3 12827.6 10471.9 14562.3 12798.2 11066.6  
3087.17 2691.29 4161.57 5663.99 4696.01 4644.69 5032.96 3816.36 4844.37  
2057.14 2057.14 3278.35 5039.1 3355.74 3135.48 3568.34 2475.34 3560.96  
1832.42 1777.73 1546.53 3350.41 1911.46 1423.44 2339.9 1850.75 1627.85  
612.334 733.131 912.844 668.477 695.549 917.926 662.971 675.035 781.464  
1045.31 1422.33 1629.79 1251.4 1517 1546.67 1086.48 1223.48 1661.87  
5463.35 5393.34 5411.29 4898.51 4993.08 4910.96 5306.62 5240.35 5238.38  
6105.35 5314.36 4481.47 5856.71 5858.81 5150.4 6102.78 5240.38 4847.95  
6949.83 7282.9 8500.25 7593.72 7968.78 8165.47 7846.66 7813.2 8474.83  
7060.89 6634.29 6600 8495.3 7388.2 6368.6 8190.56 7204.18 6789.61  
2342.58 1926.35 2300.38 2893.96 1849.96 2447.28 2416.72 1746.31 1854.05  
3087.18 3079.93 2714.2 2818.69 2736.06 2634.93 2931.5 2958.45 2899.12  
2778.95 2728.62 1620.58 2466.12 2372.12 1596.48 2547.33 2543.45 2267.71  
531.875 532.744 162.304 152.462 242.667 267.089 158.578 256.734 154.245  
588.479 747.172 408.144 296.093 480.984 570.947 274.569 402.113 391.805  
10476.3 10855.4 10200 10097.9 10281.9 10271.5 10346.5 10661.9 10193  
9427.54 7819.01 4462.35 10007 8993.86 6850.28 8976.49 7543.99 5405  
6223.49 6016.73 7239.83 5414.06 5939.5 6342.61 5597.03 5749.29 6236.92  
10399.6 11610.5 11264.2 9347.37 11194.3 12706.6 9616.47 11330 10861.6  
14698.5 16258.8 12312.1 10712.8 14532.5 17153.6 10768.2 14881.8 12206.9  
15210.7 13619.9 6850.49 9877.56 12237.3 9692.31 10219.7 12636.3 7625.5  
6973.32 5624.6 2243.04 4514.39 5396.96 2988.29 4467.75 5209.62 3237.69  
4050.46 5427.55 2834.09 2536.75 4622.8 5566.52 2322.28 4237.76 2786.29  
9868.18 10407.9 2080.39 2966.46 6043.64 5557.09 3176.75 6235.51 2321.56  
5747.44 6326.33 6760.18 5621.02 5923.59 6218.59 6084.88 6640.22 6615.63  
9012.92 10367.8 11181.3 8907.06 9455.41 11386 8826.9 10650.1 10777  
15683.7 16819.2 19827.8 14796.9 16111.5 18661 15396.3 17299.5 18579.7  
24677.9 26389.9 27911.1 24071.8 26307.1 27874 23794.6 27106.2 26160.1  
30574.7 30812.1 29548.1 29949.1 30383.1 30476.7 29403 31862 29715.8  
21218.5 17574.5 12866.9 21237.7 17696.3 13044.2 22479.2 19275.5 15737.9  
6421.8 4932.25 4079.07 6276.67 5513.85 4779.51 6625.39 5053.15 4652.61  
9722.1 13265.6 16658.6 11124 13939.3 17490.2 9583.77 13166.5 15469.6  
23537.6 26601.8 24359.7 23795.4 26785.1 26913.5 22251.7 25632.3 24398.9  
1828.03 3093.57 7098.91 2427.6 2977.85 5407.07 2654.14 3325.6 5834.59  
10665.1 11517.7 14435.7 11684.2 12089.7 13169.3 12324.9 11983.9 14115.5  
16811.2 16161.6 15645.2 18729.6 17768.8 15984.8 18613.9 16985.1 16540  
10507.8 9836.73 10630.4 12272.4 10866.9 10099.4 12108.5 10677.9 10780.2  
4532.7 4321.4 7501.44 7082.92 5959.07 7179.5 6249.12 5012.37 6728.35  
7299.18 6833.02 7505.44 9483.15 7904.95 7205.77 8974.3 7645.14 8023.36  
5772.97 5403.3 3660.24 6015.51 5066.19 3395.17 6094.52 5417.45 4590.86  
1010.91 1206.76 1706.94 1331.19 1403.17 1631.09 1242.46 1303.9 1573.6  
1515.31 1748.57 1868.55 2034.31 1894.43 1758.95 1767.45 1969.88 2025.72  
6673.74 6900.97 7714.73 5645.45 6577.2 7197.68 6317.61 6724.33 7508.34  
6329.6 6515.02 8168.86 8647.17 7129.56 7438.96 7184.51 6481.16 7933.19  
5449.35 5115.87 7129.48 9907.74 7588.55 7098.39 8254.87 5932.77 7350.79  
4637.63 3716.99 5114.86 7673.18 6337.37 5287.29 6905.93 4689.52 5429.36  
2388.09 2561.47 4221.55 3877.13 3336.18 4388.39 3222.36 2861.91 3580.18  
3652.86 3663.43 4667.46 5685.1 4766.3 4533.55 5072.03 4236.85 4930.63  
2994.09 2703.13 1975.38 4326.42 3351.51 1844.95 3899.07 2907.99 2805.24  
682.671 621.722 322.669 398.861 365.667 345.502 537.171 424.6 313.197  
487.298 533.554 442.889 455.904 430.937 700.223 317.083 364.632 426.091  
8522.2 8761.98 8495.77 8136.62 8554.54 8491.65 8321.56 8754.99 8493.44  
6776.42 7092.08 6851.95 8102.47 6783.68 6842.44 6835.09 6969.34 6886.18  
6378.25 5933.56 6164.53 5972.7 5924.34 6436.42 5933.14 5555.1 6222.15  
6819.62 5991.68 5118.18 6245.08 6137.18 5375.56 6228.61 5744.72 5227.1  
3768.15 3733.02 2573.19 4000.32 3748.09 2875.17 3711.41 3743.54 2667.28  
2944.97 2957.74 2680.78 2578.47 2935.55 3242.6 2631.49 2974.2 2798.88  
3019.5 2955.48 1840.49 2123.16 2664.8 2445.25 2078.44 2719.84 1933.62  
1922.68 1949.73 1169.08 1305.27 1769.89 1412.01 1274.97 1694.53 1175.19  
1383.75 1302.34 1179.46 1230.38 1231.9 1593.53 1302.43 1230.77 1216.34  
3354.88 3512.92 4044.93 3913.44 3406.52 3580.6 4049.81 3795.41 3981.7  
5660.12 6255.72 6778.07 5797.06 5770.56 6496.08 5884.66 6522.93 6744.7  
7802.72 7756.19 8676.44 7700.14 8030.5 8649.41 8203.58 7983.67 9087.85  
6309.18 5754.21 5556.7 7173.9 6030.22 5426.87 7093.81 6051.78 6043.96  
3720.56 3505.16 3272.5 4517.17 3706.21 3012.72 4339.6 3896.95 3425.01  
2751.45 2781.49 3469 3079.51 2911.98 3435.67 3136.64 3093.78 3603.42  
3792.54 3815.16 3249.79 3685.31 3636.73 3323.71 3837.92 3765.32 3557.96  
3033.57 3137.71 2455.73 2828.62 3057.76 2566.07 2962.29 2909.97 2521.58  
1998.81 1988.02 2407.83 1854.16 2037.65 3043.74 1770.32 1895.31 1899.86  
8743.33 10568.7 10172.3 6582.16 8212.57 10159.9 7502.64 9733.78 10252.7  
10367.1 9147.31 7912.59 9011.62 9017.95 7624.38 9004.5 8351.45 7403.08  
5811.58 4559.89 4482.65 7054.55 5474.65 4623.77 6031.13 4705.52 4551.02  
5540.47 6900.61 8046.57 7053.43 7529.25 8121.34 6462.26 7146.06 8487.4  
7571.45 9346.84 13338.4 8369.65 9736.54 12480.5 8041.42 9581.21 12475  
17002.6 16858.3 16361.6 16580 16388.8 15874.2 16738.5 17218.3 16928.3  
17714.2 17038.1 13321.4 16850.2 15907 12708.6 17079.1 16600.2 13890.7  
7916.53 6654.63 6618.31 8486.7 6907.7 6451.67 8930.81 7048.75 6576.21  
4841.38 3622.49 3439.86 5541.26 3806.28 3257.85 5756.36 4128.17 3731.11  
10735.4 11907.4 12852.3 9355.3 10982.6 12827.7 10749.9 12285.7 13110.7  
9841.72 9429.26 10993.3 10566.1 10386.7 10063.3 10605.3 9982.1 10503.1  
5086.05 4242.78 4426.91 7857.48 5625.91 4553.79 6227.15 4845.86 4303.22  
5452.2 5854.55 6259.73 6424.19 7047.25 6941.87 6093.07 6447.66 6604.2  
6457.13 8252.02 12196.6 7305.19 8999.77 11696.7 6835.12 8471.18 11574.3  
11964.5 12230.9 14300.8 14550.9 13962.2 13918.5 13414.8 13327.1 14876.7  
14015.9 12826.1 10867.7 16255 14002.5 10476.5 15668.9 13423.2 11556.2  
6326.4 5146.93 4957.38 6691.5 5254.15 5035.79 7404.02 5214.83 4940.14  
3001.35 2510.86 2796.85 3314.57 2782.1 2811.99 3441.29 2691.8 2872.84  
8921.01 8898.83 9746.03 8850.17 9206.59 9686.04 9360.87 9247.4 9912.64  
6964.65 7162.25 8210.9 7581.2 7595.04 7596.76 7598.14 7494.16 7916  
5743.87 6275.63 6106.65 5849.57 5825.99 6398.27 5280.61 6257.06 5915.94  
6916.92 7135.14 6510.95 6969.19 7308.41 6699.53 6785.85 7217.82 6589.92  
6421.24 5511.09 5024.79 6845.82 6276.25 4587.54 6962.41 5780.5 5316.95  
6790.95 7395.68 7602.74 6800.96 7184.21 7428.96 6218.44 6743.86 7656.37  
9194.42 9728.58 9192.24 9047.29 9144.81 9115.68 8951.35 9405.24 9165.65  
5321.78 3749 3648.41 5531.85 3953.98 3603.34 6157.79 4454.79 3848.18  
1903.43 1482.9 1779.21 1911.28 1617.82 1943.97 2041.56 1664.35 1741.47  
5750.38 5485.21 5882.56 6382.17 5616.01 5744.09 6271.85 5248.34 6254.24  
4586.33 4687.81 4615.92 5367.89 5048.07 4587.99 5374.79 5061.34 4663.82  
4206.97 4685.63 5368.37 4480.78 4695.48 5287.78 4683.94 5366.3 5704.62  
3345.47 3006.43 3607.39 4376.25 3680.89 3228.34 4487.19 3871.33 3951.24  
2130.82 1793.56 2118.87 3424.44 2760.95 1754.26 3552.09 2358.73 1807.61  
6887.29 8409.88 8875.96 7274.58 8582.48 9069.4 6042.63 8410.73 8503.21  
12563.6 12429.6 11339.6 11477.8 11763.7 11402.5 11559.8 12096.9 11568  
6950.28 5279.63 4126.67 6117.98 4833.43 4164.57 7205.78 5166.36 4522.31  
696.168 554.771 1333.97 912.119 629.227 1334.36 898.546 562.713 836.527  
11703.7 12477.8 11113.5 11368.3 11501.9 11447.6 10827.2 12218 11222.4  
9065.07 6243.73 4145.43 8950.37 8235.63 4792.93 8201.03 5986.34 4460.24  
2473.55 1680.98 2459.7 3245.89 1970.07 2395.75 2379.89 1501.04 2359.21  
4212.02 6674.95 6186.9 4992.57 5687.75 6349.81 3947.1 5614.25 6022.99  
8185.44 8798 6101.76 7354.24 7452.11 6747.44 6398.56 7604.05 6188.72  
10149 11996.6 11455.3 7902.85 11345.2 11889.1 7211.77 10334.7 11447.4  
15828.1 20832.8 21646.8 17239.4 20428.4 21143.7 14845.5 20853.8 21144.5  
19064.7 14827.4 15346.7 19625.2 15742.7 14742.4 20462.7 16337.8 15167.7  
11696.3 8042.17 9962.45 11496.3 9116.65 10319.4 12275.1 7863.01 9203.31  
9060.57 10087.4 10661.4 9484.43 10001.3 10557.2 9627.28 10471.5 10689.2  
7551.34 6492.64 5871.68 8780.84 7765.5 5883.52 8023.34 6579.88 5934.14  
4649.07 4128.78 3513.38 4884.35 3780.62 3779.5 4145.29 3830.09 3556.74  
7839.44 11557.4 11614.3 6843.37 10637.2 11340 7340.63 11538.2 11741.6  
12865.9 13999.6 13866 11642.9 13289.4 13014.9 12458.4 14076.2 13910.3  
14995.1 14185.3 14100.9 14274.9 14654.3 14364.7 12940.7 14012.1 14654.9  
19325 20891.5 21675.3 21111.3 21154.8 21022.7 19402.9 21623.7 21339.5  
15693.5 12986.4 14011.6 16863.7 13411.7 13325.6 18681.4 14064.1 13435.6  
8201.83 7365.79 11242.6 8632.17 9102.92 11493.8 8305.27 7476.78 9661.84  
5757.35 5718.35 6781.68 6680.83 5896.33 6271.66 6721.07 6081.37 6991.7  
3113.77 2924.26 4051.32 4303.28 3815.92 3288.31 4328.97 3411.99 3830.21  
3779.39 4633.08 4622.59 4224 4331.81 4845.5 4056.69 4803.76 4692.73  
6662.2 8521.2 9586.38 7072.85 8784.28 9120.73 6859.51 9062.97 9904.51  
8437.5 8323.59 10922.7 10087.8 9615.58 8934.38 10173.9 9357.39 10951.1  
11091.2 11598.2 13817.2 14209 12613.1 12594 12500.8 12000.2 14204.1  
15817.5 16226.2 17981.3 18868.8 16596.3 16267.1 18308 17114.1 17892.4  
9801.82 7316.12 8939.31 11274.5 7928.64 7747.95 13128.5 8631.65 8744.18  
2884.03 2108.97 5616.43 3340.63 3293.1 5146.86 3664.62 2388.71 4227.42  
8505.1 8488.7 7987.44 8210.78 8377.95 8909.68 8196.53 8728.71 8590.48  
2851.86 2416.05 2719.06 4354.75 3261.08 2439.02 3467.52 2851.85 2818.88  
2079.34 2628.11 2638.48 2656.37 2734.78 2585.75 2813.9 3225.94 2881.28  
1555.71 1411.27 1922.59 2503.41 1758.79 1723.41 2346.8 1922.39 2217.76  
1725.21 1657.73 1504.85 2175.56 1937.14 1616.58 1982.36 1355.23 1206.84  
12704.2 14537.3 13319.4 11144.7 14050.5 14400.2 9905.62 12963.2 12963.4  
17778.8 17395.8 16459.3 16359.2 16615.4 16251.1 15650.6 16604.3 15530.5  
6332.28 4406.66 4503.09 6679.59 4417.85 4087.42 6883.12 5104.98 3975.37  
540.834 414.059 1565.3 742.254 727.561 1595.69 871.843 550.691 1033.64  
4585.14 5168.42 5554.62 5090.73 5174.64 5403.62 5063.53 5300.12 5619.04  
3893.27 3518.35 2988.63 5052.7 3842.71 3393.19 3989.54 3594.17 3452.6  
3153.06 3275.41 4126.41 2760.84 3089.51 4055.59 2790.58 3218.56 3914.44  
6199.42 7155.28 6785.11 5326.14 6930.05 6980.27 5619.73 7011.67 6516.26  
7633.92 7973.5 4754.52 6957.62 7046.95 5942.03 6936.85 6937.05 4888.86  
9358.57 9490.04 5755.74 5760.17 7477.44 7362.5 5620.71 7369.38 6222.02  
8380.39 7215.63 5734.81 5014.16 6096.06 6474.58 5327.18 6161.53 5505.7  
3392.31 2263.02 2987.07 4433.04 3109.04 2800 4630.38 3254.81 2988.89  
2791.79 4202.51 6555.27 4095.47 5592.34 7254.39 3451.24 4163.17 5295.94  
3848.9 4442.76 4477.05 3381.81 3694.72 4288.1 3302.04 4023.18 4329.41  
4643.27 4602.42 4158.18 4423.54 4424.46 4253.12 4507.09 4596.49 4209.45  
5393.45 5387.37 4721.97 4473.7 4773.66 4928.56 4734.35 4904.79 4742.27  
7437.57 8338.68 7487.26 6137.01 7198.5 7291.14 6519.85 7631.48 7506.24  
7982.23 9044.18 9559.03 7322.34 8455.83 9109.29 7416.76 8792.35 9518.71  
12538.7 12511.7 11823.6 12091.4 11999.6 11928.8 12343.3 12476.5 12393.5  
11620.5 9958.35 7889.09 10477 9073.84 7683.18 11119.1 9662.84 7970.18  
2817.28 1761.88 1302.81 2490.79 1688.17 1249 2810.08 2035.64 1400.9  
2038.74 3611.71 9645.53 2776.96 5530.3 10665.1 1747.97 2796.34 5867.43  
5682.48 5551.63 5099.72 5159.33 5315.79 5445.18 5186.73 5431.29 5405.23  
5048.81 4806.34 3883.1 4085.31 4535.6 4252.73 4273.68 4480.32 3995.69  
4486.17 5531.95 4893.67 4380.63 4868.34 5839.11 4452.43 5243.5 5004.47  
5612.07 5595.08 5721.04 5684.58 5840.88 6204.06 5493.39 5950.61 5775.62  
5633.53 5838.32 7820.68 5729.62 7188.96 7507.29 5469.08 6843.14 7688.68  
8841.24 9715.92 11937.4 11372.9 11396.8 11238.6 11112.3 11396.8 12431.7  
10547.6 9881.08 9703.86 12616.5 10204.2 8715.93 12710.2 10532.9 9809.35  
4831.26 3817.07 3418.73 4497.85 3518.41 3291.8 5028.04 3785.99 3364.3  
1909.45 2099.93 7225.34 2336.55 3749.27 7755.38 2149.87 1924.71 4299.31  
6956.8 7147.18 8158.57 6675.13 7060.7 8143.94 7418.29 7608.82 8679.67  
6643.45 6055.79 6042.86 6871.55 6698.61 5891.31 7502.97 6514.15 6551.58  
4556.86 5045.74 5434.01 5537.93 5321.31 5251.94 5465.4 5647.19 5772.65  
4318.04 4475.71 5245.79 5184.07 4517.33 5046.77 5072.83 4851.78 5297.38  
5428.02 4818.23 2892.56 5255.19 5052.2 3593.33 4986.17 3998.55 2866.15  
5056.2 4967.65 4691.96 4509.56 5014.99 4712.85 4005.9 4351.01 4848.65  
5177.43 6102 6654.46 6174 6084.9 6136.44 5857.95 6291.2 6773.62  
4614.32 4487.2 4147.06 4637.01 4326.69 4243.19 5149.79 4327.36 4140.23  
3049.84 1613.34 2183.53 2063.2 1612.43 1937.76 2877.23 1611.93 1667.58  
1487.87 1621.04 3729.56 3954.07 3211.11 3517.7 3430.9 2457.78 3762.58  
3174.67 3329.69 5111.07 5214.56 4588.47 4939.76 4822.51 3984.03 4960.41  
4192.36 4451.1 5399.91 4022.1 4302.52 4937.73 4191.5 4516.59 4933.41  
6040.41 5925.52 5732.9 5673.7 5892.55 6123.46 6101.96 6156.76 6039.85  
5370.7 5141.15 4448.94 6134.37 5543.92 4747.86 5834.42 5301.11 4842.72  
3519.01 3455.83 3029.27 4671.47 3555.51 2982.06 3466.48 3399.64 3467.05  
2245.45 2050.03 1784.94 2395.35 1820.76 1732.08 2099.24 1819.32 1896.44  
857.158 865.575 1150.77 1327.78 1060.28 1130.5 1427.6 1010.57 1072.5  
1333.27 1636.79 1977.8 1901.36 1910.96 1931.22 1591.56 1619.43 1974.22  
2915.82 2948.26 2546.62 2315.34 2378.06 2560.19 2276.8 2514.2 2481.43  
4606.88 4532.35 3890.87 3818.86 4130.63 4144.15 4104.94 4148.39 3836.38  
5611.73 5796.71 6317.58 4961.49 5623.2 5949.02 5396.85 5670.67 6052.17  
6685.9 6430.45 6008.48 6320.56 6032.18 5913 6699.42 6400.25 6198.94  
4897.17 4666.13 5527.68 4753.82 4430.98 5445.44 4793.13 4561.63 5196.42  
6790.11 6879.66 6328.39 6370.44 6484.85 6153.97 6828.21 6956.2 6750.69  
5895.71 5498.88 3527.47 5309.29 4989.99 3357.04 5731.64 5395.88 4085.45  
496.7 472.681 184.57 315.587 298.4 254.591 347.855 382.068 196.173  
1005.17 1106.33 953.405 552.495 863.653 1072.7 556.739 680.638 784.554  
7796.61 8693.79 7108.94 6397.62 7589.5 8104.5 6424.59 7736.19 7046.88  
9810.68 8835.98 5781.64 7419.37 8524.57 7568.81 7588.03 7603.76 6284.36  
6202.98 5494.99 5038.49 5232.36 5242.32 4798.7 5247.97 4837.4 4942.61  
8892.01 9461.94 8243.05 7603.6 7716.72 7970.35 7783.18 7931.62 8239.8  
9831.85 9687.18 8921.67 7698.73 7796.19 9189.67 7615.29 7986.95 8512.68  
9525.76 8771.42 6852.25 7950.71 8334.24 7822.59 8160.92 8504.05 7235.6  
7365.2 7465.42 6167.54 6551.93 7493.15 7287.1 6493.55 7180.12 6235.92  
7022.5 7316.77 5494.51 5143.62 6603.2 6829.16 5060.4 6431.31 5268.82  
7716.15 7200.66 3555.95 4907.51 5758.96 4515.22 5264.22 6388.63 3860.8  
6781.78 8154.92 10265.2 6288.39 7718.92 9496.92 7342.9 8764.52 10196.6  
10704.2 10061.1 10755.2 10482.4 10704.1 10428.5 11281.1 10679.8 11134.3  
10109.8 9768.83 11896.7 11080.6 9801.25 10640 10932.3 10267.1 11035.7  
19243.1 21138.4 21740.6 19072.8 20564.7 22071.7 19826.3 21807.4 21745.5  
23723.9 23105.1 17191.2 21179.5 22015.5 19262.2 21280.5 21798 18703.5  
10730.6 8712.14 5297.79 8827.05 7826.1 5624.87 8941.73 7348.29 5992.32  
3393.76 4655.36 7201.47 4145.45 5365.9 7861.21 3511.59 4786.59 6631.1  
11277.6 11940 14046.5 10784.8 12165.4 14814.9 10872.7 11763.5 13306.4  
18047.8 16703.3 13241.5 16286.8 15856.1 13721.1 17058.9 16684.6 13528.2  
