2600.08 3.05522e+006 
2721.04 3.27404e+006 
2889.24 3.86448e+006 
3275.27 4.54066e+006 
2662.46 3.07532e+006 
2796.88 3.59361e+006 
2992.26 4.09912e+006 
3427.38 4.82654e+006 
2708.15 3.24655e+006 
2882.76 3.94056e+006 
3132.68 4.40909e+006 
3625.93 5.46113e+006 
2790.67 3.60398e+006 
2992.38 4.29167e+006 
3292.27 5.11958e+006 
3832.5 6.23035e+006 
2902.24 4.01269e+006 
3126.75 4.99565e+006 
3473.79 6.13755e+006 
4049.67 7.00817e+006 
2978.07 4.35888e+006 
3258.68 5.66403e+006 
3650.29 7.0485e+006 
4256.81 7.89437e+006 
2999.41 4.65731e+006 
3348.96 5.99374e+006 
3768.48 7.32313e+006 
4378.97 8.29257e+006 
3009.22 5.13802e+006 
3386.19 6.10076e+006 
3856.77 7.30523e+006 
4437.81 8.23653e+006 
3023.81 5.44601e+006 
3397.63 6.33124e+006 
3925.73 7.71302e+006 
4491.85 8.43642e+006 
52.5786 5.81633 
52.3193 6.45401 
52.0173 7.10806 
51.6275 7.54501 
52.5747 5.95466 
52.3113 6.59238 
51.9947 7.28125 
51.5832 7.77574 
52.5665 6.0488 
52.2947 6.71704 
51.961 7.45428 
51.524 8.0689 
52.5378 6.12081 
52.2531 6.83837 
51.9025 7.62996 
51.4507 8.33483 
52.4927 6.21816 
52.1955 6.93195 
51.8287 7.77237 
51.3642 8.53164 
52.4412 6.26864 
52.1261 7.02443 
51.7434 7.91226 
51.2714 8.67202 
52.3772 6.29675 
52.0482 7.11655 
51.6491 8.04998 
51.1783 8.73243 
52.3025 6.32114 
51.97 7.15363 
51.5553 8.1724 
51.0969 8.7434 
52.223 6.33682 
51.8917 7.1761 
51.4698 8.25213 
51.0185 8.79246 
90.0505 0.0125501 
90.0587 0.00724462 
90.0656 0.00362278 
90.0709 0.00121818 
90.0474 0.0120245 
90.0574 0.00644932 
90.0656 0.00299842 
90.0714 0.0010489 
90.0429 0.0149063 
90.0553 0.00699049 
90.0652 0.00251466 
90.0718 0.000776266 
90.0384 0.0183249 
90.0523 0.0093237 
90.0638 0.00339381 
90.0717 0.000828414 
90.036 0.0176219 
90.0516 0.00919466 
90.0638 0.00359294 
90.0716 0.000971952 
90.0362 0.0164137 
90.0527 0.00804285 
90.0648 0.00326553 
90.0718 0.00107242 
90.0385 0.0154367 
90.0543 0.00693455 
90.0656 0.00248334 
90.0723 0.000875204 
90.0415 0.0145091 
90.0554 0.0072366 
90.0663 0.00249932 
90.0732 0.000710181 
90.0441 0.0135864 
90.0565 0.00703522 
90.0671 0.00238698 
90.074 0.00067879 
94.8143 0.00496398 
94.8162 0.00423137 
94.8179 0.00371209 
94.8233 0.00341107 
94.8153 0.00517356 
94.8168 0.00428369 
94.8185 0.00373832 
94.8241 0.00349192 
94.8166 0.00566471 
94.8171 0.0044845 
94.8194 0.00376627 
94.8255 0.00366454 
94.8204 0.00658828 
94.8194 0.00508038 
94.8209 0.00409201 
94.8278 0.00385974 
94.8226 0.00672074 
94.8207 0.0051253 
94.8224 0.00426423 
94.8299 0.00405696 
94.8223 0.00651985 
94.8213 0.00503601 
94.8244 0.00431772 
94.8324 0.00432665 
94.8221 0.00643727 
94.8227 0.00505759 
94.8269 0.00443261 
94.8348 0.00443987 
94.8221 0.00613468 
94.8237 0.00509257 
94.8282 0.00445666 
94.8352 0.00425653 
94.822 0.00579812 
94.8242 0.00490024 
94.8288 0.00431369 
94.8356 0.00418698 
63.4392 2255.51 
63.0904 2133.05 
64.5932 2135.31 
63.7504 1905.42 
62.8386 1923.13 
61.3665 1722.82 
61.2679 1910.18 
61.1717 1955.45 
62.244 1681.38 
62.4465 1927.18 
61.6362 2004.54 
61.5015 1986.08 
59.2394 1529.66 
60.1014 1932.87 
61.4664 1858.91 
62.5197 2091.43 
57.7994 1504.09 
57.1969 1501.76 
59.885 1835.06 
61.0413 2199.98 
60.8591 1830.56 
58.4582 1696.6 
59.4817 2062.78 
59.59 2201.55 
62.3503 1768.44 
59.5188 1887.37 
60.235 2220.36 
59.7657 2093.91 
61.8251 1663.5 
61.6178 1909.31 
62.7522 2197.38 
60.8401 2110.25 
60.9499 1713.69 
61.5612 1845.33 
63.3494 2291.44 
63.4641 2255.18 
103.229 3360.1 
104.813 3909.64 
107.941 4348.32 
110.768 4763.81 
103.552 3329.04 
102.363 3390.66 
104.373 4426.95 
109.024 5369.65 
103.741 3462.52 
100.933 3258.41 
104.026 3981.51 
110.809 5315.83 
99.5769 3183.01 
97.8293 3194.59 
102.722 3903.68 
110.245 4671.74 
95.6117 2774.66 
97.1541 2989.32 
102.687 3776.46 
109.475 4385.51 
93.5839 2649.44 
95.6749 2723.24 
102.537 4045.16 
108.52 4849.74 
91.6313 2737.2 
93.8533 2674.43 
100.445 4077.83 
103.363 4512.88 
89.5407 2512.37 
95.4497 2877.96 
103.021 3580.71 
104.83 4184.33 
89.1732 2464.74 
93.9922 3165.89 
101.668 3775.6 
108.827 4425.31 
614.334 257128 
652.352 268055 
697.551 369295 
786.245 455346 
627.048 264375 
671.608 317889 
720.769 405334 
821.991 495698 
633.883 281432 
680.095 353735 
743.314 412363 
870.213 551381 
650.174 314095 
698.241 380511 
776.419 478526 
916.225 607259 
669.164 345986 
732.359 440403 
833.37 587330 
977.394 681453 
677.651 357748 
762.769 499550 
870.31 637429 
1025.89 759611 
670.913 364745 
785.411 536051 
896.672 658578 
1038.97 782445 
671.936 398248 
789.083 507075 
922.462 659248 
1050.78 756113 
669.47 408551 
775.036 506511 
927.252 670831 
1065.41 744896 
1530.02 1.53095e+006 
1617.82 1.66982e+006 
1724.8 1.91985e+006 
2000.65 2.28765e+006 
1575.47 1.53202e+006 
1669.72 1.80656e+006 
1809.37 2.03642e+006 
2120.19 2.43023e+006 
1616.98 1.61622e+006 
1740.89 1.94982e+006 
1922.15 2.21802e+006 
2264.47 2.73788e+006 
1690.22 1.80067e+006 
1840.79 2.14511e+006 
2052.41 2.58812e+006 
2424.34 3.14569e+006 
1792.69 2.03404e+006 
1950.58 2.516e+006 
2180.61 3.05078e+006 
2585.36 3.56652e+006 
1862.97 2.24194e+006 
2054.79 2.8353e+006 
2321.62 3.56877e+006 
2747.76 4.01757e+006 
1890.9 2.39001e+006 
2124.74 3.00864e+006 
2414.03 3.74281e+006 
2852.11 4.22123e+006 
1908.73 2.62807e+006 
2154.21 3.13151e+006 
2463.59 3.70009e+006 
2888.51 4.1746e+006 
1931.23 2.83943e+006 
2177.74 3.31197e+006 
2519.98 3.99362e+006 
2913.37 4.40649e+006 
220.312 13097.3 
219.055 13044.4 
230.414 14167.1 
249.584 16312.9 
224.846 12774.6 
225.228 12577.3 
233.187 14049.2 
253.532 17358 
225.312 12596.5 
230.655 12692.7 
236.57 14563.7 
256.12 16832.5 
227.861 13941 
232.153 14664.2 
235.06 14195.4 
253.827 16566.2 
226.09 13139.3 
231.054 13975.5 
235.409 14751.2 
251.787 15966.5 
223.607 13994.6 
228.533 13907 
236.173 15178.9 
254.858 17055.3 
225.194 14691.9 
226.109 12980.3 
237.102 13452.9 
265.701 18650.5 
220.93 14526.9 
227.924 14165.8 
243.615 14552.5 
270.932 17222.6 
216.664 14090.2 
231.768 15634 
251.371 16711.4 
275.8 17641.4 
68.7421 1556.62 
63.9151 1351.24 
63.9409 1264.27 
64.2761 1314.42 
68.7071 1479.59 
66.5933 1311.91 
63.2944 1305.15 
61.4734 1377.85 
65.9858 1366.27 
67.7453 1477.2 
64.9814 1570.51 
62.8119 1401.51 
63.5921 1310.3 
63.2655 1393.68 
64.1963 1451.84 
65.3441 1464.61 
60.8902 1208.58 
58.4108 1219.1 
61.8257 1363.31 
64.6172 1501.06 
59.4021 1171.51 
58.4543 1193.58 
60.1707 1423.2 
60.1936 1423.15 
58.4134 1097.16 
59.3224 1207.1 
60.0008 1332.87 
59.0622 1236.43 
56.2518 1063.33 
57.9101 1166.98 
61.3246 1297.43 
61.9169 1229.29 
56.3203 1161.35 
57.529 1249.57 
62.1165 1459.88 
64.9759 1428.36 
