14088.1 415491 
12690 2.07569e+006 
4222.37 881242 
3331.25 125775 
4629.06 6336.22 
5307.82 93677 
5397.87 72150 
6547.29 326835 
10740 493622 
8996.52 1.95444e+006 
3807.28 305546 
3436.39 104637 
4526.63 12598.4 
5991.72 148457 
6095.42 29737.6 
7945.04 580144 
12415.6 1.71289e+006 
7322.43 2.79149e+006 
3798.71 141449 
4751.7 220588 
5249.12 78140.7 
6445.12 182298 
6722.2 78271.9 
8824.2 1.2175e+006 
16455.3 680176 
7517.14 7.33506e+006 
3731.39 121978 
5433.24 392047 
6261.09 296328 
8486.9 379066 
8373.65 204583 
8835.7 1.02863e+006 
13715.5 2.85638e+006 
6287.42 4.12151e+006 
3093.09 82728.1 
4622.18 588567 
6343.19 773946 
9162.83 445741 
8342.31 289507 
7553.8 557567 
8860.7 1.74849e+006 
5121.91 609203 
2615.4 36894.3 
3780.53 280040 
5492.19 564152 
6708.08 988820 
5524.11 802323 
6070.83 414980 
7578.88 1.1908e+006 
5005.75 622975 
2520.28 64002.7 
3446.58 100369 
4652.87 155267 
4049.15 323465 
2999.1 231436 
6643.97 1.19507e+006 
5884.7 1.04206e+006 
4076.33 592254 
2201.15 137209 
2759.97 109023 
4115.61 148353 
3798.38 72774 
3181.36 233461 
7319.42 918164 
4250.56 274696 
3321.7 232190 
1871.18 185320 
1868.45 48972.6 
3407.6 208512 
4326.98 22556.4 
5120.79 843551 
8358.74 477047 
71.4377 0.237005 
70.1129 0.18104 
70.5882 0.0507267 
70.4714 0.0226435 
69.595 0.0063769 
68.6511 0.100337 
68.2172 0.0711523 
67.6651 0.0385645 
72.6792 0.0742642 
70.98 0.126794 
70.7876 0.0113575 
70.3001 0.0704335 
69.3666 0.0108498 
68.4587 0.0266663 
68.2499 0.0569994 
67.7917 0.121736 
72.7163 0.100814 
70.7327 0.0648252 
71.0105 0.00808781 
70.0701 0.1426 
69.0917 0.0236857 
68.3918 0.0210696 
68.0701 0.0800436 
67.4259 0.385364 
73.2912 0.19137 
70.643 0.0896401 
71.1379 0.0103976 
69.9776 0.172247 
68.9182 0.0596501 
68.3304 0.0408348 
67.7843 0.0603161 
67.2615 0.416117 
73.2123 0.376021 
70.8771 0.0715635 
71.0355 0.0140789 
69.9272 0.132112 
68.8988 0.102947 
68.2892 0.0180671 
67.7143 0.0321276 
67.388 0.212154 
72.0444 0.510294 
70.8228 0.0176917 
70.9108 0.00689983 
70.0064 0.0707764 
69.0086 0.108496 
68.3609 0.00337341 
67.9749 0.042584 
67.445 0.119508 
71.1004 0.270444 
70.4594 0.0235448 
70.8977 0.00108508 
70.1043 0.0425586 
69.0789 0.0822057 
68.4542 0.00604771 
68.1879 0.0282183 
67.2263 0.115672 
70.2617 0.0284497 
70.1954 0.0216116 
70.8666 0.00428193 
70.0974 0.0348292 
69.1381 0.0338452 
68.5211 0.00754058 
68.1826 0.00635042 
66.8421 0.0823024 
70.0127 0.00267922 
70.0984 0.0109926 
70.7118 0.00832302 
70.0278 0.0242195 
69.1661 0.0156906 
68.4359 0.0198756 
67.8382 0.0580339 
66.2559 0.0401599 
122.241 1.79376e-006 
122.244 1.3444e-006 
122.243 4.04107e-007 
122.243 1.6314e-007 
122.245 4.70405e-008 
122.248 7.58844e-007 
122.249 5.55679e-007 
122.251 3.06472e-007 
122.237 5.12978e-007 
122.242 8.21395e-007 
122.242 8.53644e-008 
122.243 5.01217e-007 
122.246 8.12765e-008 
122.248 2.07234e-007 
122.249 4.46363e-007 
122.25 1.05161e-006 
122.237 6.35762e-007 
122.242 4.11504e-007 
122.242 5.68438e-008 
122.244 1.02902e-006 
122.247 1.7974e-007 
122.249 1.62778e-007 
122.25 6.29201e-007 
122.251 3.35778e-006 
122.236 1.22377e-006 
122.243 5.51361e-007 
122.241 7.1596e-008 
122.244 1.25346e-006 
122.247 4.69321e-007 
122.249 3.17385e-007 
122.25 4.76387e-007 
122.252 3.5723e-006 
122.236 2.32439e-006 
122.242 1.30491e-006 
122.242 2.80046e-006 
122.245 1.67532e-006 
122.247 8.18842e-007 
122.249 1.44232e-007 
122.251 2.58622e-007 
122.252 1.77224e-006 
122.24 1.38798e-005 
122.256 0.000299414 
122.266 0.000951713 
122.258 0.000328046 
122.248 1.30522e-005 
122.249 1.52172e-006 
122.25 3.46593e-007 
122.251 1.00093e-006 
122.228 0.000568325 
122.021 0.0085027 
121.804 0.0252006 
121.867 0.0247197 
122.048 0.0099401 
122.187 0.000909423 
122.249 3.12576e-006 
122.252 9.94402e-007 
122.209 0.00377018 
121.675 0.0229795 
121.086 0.0326837 
121.136 0.0278101 
121.569 0.0191694 
121.997 0.00553606 
122.196 0.000704171 
122.253 7.016e-007 
122.21 0.0036834 
121.658 0.0224299 
120.91 0.019867 
120.774 0.0051729 
121.24 0.0124285 
121.811 0.00685734 
122.112 0.00260937 
122.255 3.37588e-007 
128.659 9.95344e-005 
128.683 7.38655e-005 
128.669 2.34742e-005 
128.671 8.59156e-006 
128.688 2.42834e-006 
128.707 4.1886e-005 
128.716 3.17328e-005 
128.728 1.77364e-005 
128.633 2.61244e-005 
128.663 3.93074e-005 
128.665 4.64444e-006 
128.675 2.65025e-005 
128.693 4.40638e-006 
128.711 1.16343e-005 
128.716 2.55066e-005 
128.726 6.50987e-005 
128.634 2.98193e-005 
128.668 1.9367e-005 
128.661 2.87732e-006 
128.68 5.48788e-005 
128.698 9.91356e-006 
128.713 9.06344e-006 
128.72 3.62427e-005 
128.735 0.000208909 
128.626 5.79031e-005 
128.67 2.50707e-005 
128.659 3.57353e-006 
128.682 6.73549e-005 
128.702 2.69119e-005 
128.715 1.78691e-005 
128.727 2.75052e-005 
128.739 0.000219865 
128.626 0.00010671 
128.665 2.08709e-005 
128.661 5.02126e-006 
128.682 5.15595e-005 
128.703 4.74425e-005 
128.716 8.22546e-006 
128.728 1.50392e-005 
128.735 0.000106993 
128.644 0.000170853 
128.676 0.000115419 
128.682 0.000269837 
128.691 9.35744e-005 
128.701 4.41129e-005 
128.714 1.82133e-006 
128.722 2.03633e-005 
128.734 6.04795e-005 
128.667 0.000313853 
128.772 0.00129804 
128.858 0.00311616 
128.842 0.00298545 
128.786 0.00136162 
128.742 0.00018779 
128.717 1.3806e-005 
128.739 6.13232e-005 
128.689 0.000547646 
128.885 0.00260699 
129.084 0.00322949 
129.084 0.00288424 
128.971 0.00248981 
128.834 0.00117115 
128.743 0.000194149 
128.748 4.30036e-005 
128.693 0.000486257 
128.895 0.00261558 
129.144 0.00213064 
129.204 0.000225749 
129.099 0.000835179 
128.928 0.00120616 
128.793 0.000532132 
128.761 2.04254e-005 
220.799 779.839 
171.632 1988.13 
80.8775 444.247 
106.511 312.27 
70.1508 107.713 
24.9425 431.989 
33.1477 31.1595 
36.6088 14.7911 
144.403 2858.64 
115.727 2530.25 
94.8195 187.881 
114.577 128.766 
87.8769 299.389 
50.2613 582.009 
57.4987 303.973 
44.8008 25.8697 
353.482 398.633 
270.258 8698.57 
61.7054 272.321 
78.029 759.506 
91.832 811.589 
83.5233 210.503 
75.008 291.713 
57.5245 31.9608 
1152.85 92659.7 
297.634 27530.4 
21.8861 63.82 
31.1843 80.3841 
66.45 297.015 
84.7845 181.768 
66.739 405.491 
60.7253 31.9448 
1110.47 3764.47 
117.948 21066.4 
52.1578 111.645 
60.709 183.993 
83.0395 40.5297 
90.0297 59.4383 
59.1905 136.354 
59.0992 61.9812 
458.421 132502 
90.4321 6096.05 
99.7501 397.592 
113.619 113.964 
111.931 142.601 
86.6018 120.906 
56.0325 72.105 
43.8637 102.267 
144.743 4621.34 
148.342 979.233 
182.497 463.22 
136.671 1039.59 
96.657 254.331 
84.7588 136.479 
87.0566 111.475 
46.1003 181.449 
178.16 7713.5 
157.402 720.905 
137.321 473.266 
96.9556 701.406 
83.8601 222.852 
79.3554 39.514 
88.281 79.1246 
62.7097 129.89 
89.549 2368.4 
74.7371 156.299 
51.9906 175.371 
51.7164 124.974 
66.8971 260.393 
75.3426 99.7765 
93.5412 166.623 
82.9643 111.576 
346.138 403.745 
229.881 3531.69 
134.786 1825.91 
195.909 1016.31 
196.363 1577.42 
180.604 1599.06 
93.8287 395.607 
96.281 303.583 
359.312 17706.9 
158.311 11605.9 
84.167 617.994 
231.02 2051 
290.529 285.898 
225.493 2508.92 
167.105 647.599 
167.346 305.582 
836.288 5030.69 
361.397 32945.6 
48.5211 227.83 
169.634 3220.17 
234.271 3784.93 
212.306 3023.59 
216.797 442.031 
232.837 288.431 
1096.62 15229.2 
427.19 48517.9 
53.125 174.834 
73.2312 203.971 
109.183 284.123 
154.532 324.801 
155.936 309.727 
217.123 843.217 
608.809 12101.3 
217.241 7557.7 
90.3355 271.095 
71.1836 462.588 
64.8072 224.531 
116.27 496.531 
130.184 171.231 
149.125 1968.58 
228.338 20462.5 
160.419 2784.85 
208.716 1615.2 
186.589 1233.89 
75.6283 252.36 
81.3791 497.213 
128.614 123.211 
160.944 759.155 
175.889 20312.5 
149.233 1683.69 
344.767 279.659 
311.777 484.22 
109.835 415.543 
101.558 285.456 
123.583 91.3965 
157.405 742.942 
269.104 50640 
223.812 2080.99 
321.791 436.023 
241.571 1277.97 
138.591 336.054 
135.812 459.767 
126.297 916.563 
137.465 1294.85 
154.586 12805.4 
233.043 1096.7 
256.272 370.56 
131.699 734.741 
110.608 79.503 
144.763 1042.38 
198.728 180.663 
193.36 892.673 
1869.28 33589.2 
1740.54 71473.7 
819.366 13084.7 
625.917 3428.8 
654.469 1025.44 
1032.55 70424.3 
1614.55 49279.1 
1656.92 22855.6 
2020.61 93293.7 
1473.66 106404 
657.481 8084.1 
622.641 3118.4 
751.587 2418.78 
1253.86 25732.3 
1735.97 3663.37 
1623.07 15204.9 
2427.47 72269.3 
815.605 143573 
344.322 8574.06 
486.776 6121.83 
627.97 6293.27 
1075.77 31498.3 
1547.49 65330.7 
1674.91 33587.4 
3023.54 171460 
892.927 128989 
414.836 7956.48 
524.525 5860.67 
540.346 1635.98 
945.241 30559.6 
1319.58 48462.8 
1878.67 45999.6 
2126.04 222002 
792.826 28251.8 
662.448 825.757 
758.448 9643.49 
820.365 7958.36 
1248.71 7662.96 
1272.42 14984 
1360.58 7364.62 
1301.76 68131.9 
592.835 13767.1 
547.037 4696.81 
640.618 15859.1 
870.626 5627.34 
1171.36 18363.1 
924.525 19829.6 
784.316 38527.7 
942.074 125659 
442.374 2363.45 
303.197 3439.61 
417.179 4650.82 
741.099 9527.04 
837.867 4481.97 
644.885 9537.32 
767.987 18813.5 
860.686 310580 
312.307 3056.06 
261.259 2594.66 
467.661 1712.45 
783.678 14834.5 
870.674 3058.39 
813.549 19657.4 
1166.63 83579.5 
431.454 74566.4 
212.354 676.598 
222.284 173.49 
358.787 2553.42 
607.547 14403 
798.557 5098.42 
942.759 50612.7 
1616.58 5792.43 
9456.31 251555 
8630.21 870678 
2863.91 705313 
1987.04 131462 
3340.93 8273.14 
3735.88 49992.2 
3100.3 8718.83 
4108.29 278491 
7479.56 455930 
6679.71 751312 
2625.75 305686 
2101.85 92061.1 
3015.57 10376.9 
4046.67 81669.8 
3636.25 63019.9 
5563.15 815057 
6631.34 479866 
5069.11 383556 
3075.57 166509 
3688.99 261373 
3878.25 149221 
4616.12 278064 
4469.27 215495 
6503.04 1.45187e+006 
7556.25 288868 
4546.12 1.57681e+006 
3068.15 166417 
4469.97 327176 
5079.92 272411 
6859.1 352507 
6385.66 180024 
6234.99 1.01866e+006 
7613.03 659656 
4104.98 1.53759e+006 
1991.76 125592 
3376.57 540735 
4952.68 709622 
7300.77 538834 
6435.92 308935 
5504.71 542010 
6356.8 839915 
3728.82 421290 
1245.46 38455.7 
2408.29 247044 
4096.87 517520 
5006.56 776936 
4024.19 577609 
4712.59 422184 
5865.06 394535 
3894.52 696877 
1234.35 69478.3 
2097.25 105672 
3361.45 141519 
2742.88 304366 
1795.45 241483 
5324.04 923997 
4133.97 146309 
3192.82 631637 
1279.8 180330 
1585.18 83522 
2736.25 126460 
2399.98 63335.9 
1717.12 138613 
5577.79 716449 
3283.86 56800.6 
2611.14 242886 
1164.55 217187 
1032.84 23468.2 
2205.55 121971 
2905.42 25447.9 
3423.03 640748 
6111.91 524237 
1920.49 83136.7 
1717.92 119253 
252.643 2100.95 
299.628 1102.09 
278.672 1435.02 
282.253 2579.29 
493.545 9812.11 
552.726 1968.88 
606.001 200109 
494.695 167916 
253.097 414.832 
247.419 485.735 
275.379 522.977 
333.484 1942.06 
416.698 7660.15 
464.015 11137.6 
1845.71 385708 
688.081 365461 
208.227 1574.96 
248.77 435.386 
296.045 1456.4 
328.507 1181.68 
300.009 1581.55 
300.15 1734.67 
3029.25 22102.8 
1202.91 611705 
143.282 579.118 
281.692 226.335 
370.12 1168.64 
322.814 1948.03 
340.07 2183.28 
378.721 3231.61 
1825.85 522841 
947.632 291099 
238.277 4258.18 
279.645 445.314 
354.754 1053.53 
323.031 1814.39 
375.457 2238.69 
434.987 6198.86 
402.32 28616.3 
469.873 20776 
393.204 392.503 
315.244 2006.1 
281.493 871.83 
292.395 2099.46 
329.06 2278.64 
331.681 3262.03 
339.809 3396.62 
305.604 2119.25 
344.576 3312.04 
378.157 537.233 
285.368 2116.03 
216.315 514.302 
258.327 898.325 
283.836 2089.03 
325.215 5854.81 
148.506 746.193 
157.403 3417.49 
302.169 1481.4 
310.081 2182.18 
255.031 544.897 
324.831 1103.61 
292.083 1049.26 
223.149 6704.2 
112.732 1090.67 
98.6664 1591.3 
238.462 2975.2 
358.83 481.609 
349.57 512.331 
379.698 1647.68 
294.314 2826.17 
275.096 1616.59 
199.849 4825.55 
70.7906 233.382 
116.246 123.635 
88.4767 86.0574 
51.5882 218.56 
62.4989 248.76 
96.4641 30.4673 
130.091 542.021 
74.4163 778.483 
91.9644 97.9588 
118.883 65.5128 
105.69 668.067 
81.9499 819.205 
81.8962 454.187 
82.6575 225.272 
321.307 7025.42 
117.976 2884.43 
60.3588 326.59 
79.504 330.257 
120.746 749.71 
128.898 172.759 
113.625 904.371 
55.7457 101.222 
596.797 2698.7 
150.361 5160.08 
30.1148 105.26 
52.6454 75.6199 
95.0754 1024.14 
120.43 538.627 
105.668 904.14 
65.4695 55.1017 
431.27 12848.8 
106.803 2536.67 
58.1199 174.354 
75.6219 142.352 
67.5448 167.793 
84.0217 76.849 
69.1434 170.388 
45.3028 71.6423 
113.058 6466.07 
79.5309 444.481 
121.233 200.345 
116.176 202.063 
55.6416 221.663 
69.7869 75.9235 
61.6914 122.794 
37.4366 155.242 
111.297 2944.59 
65.6781 162.552 
110.897 202.286 
105.555 424.773 
58.4544 92.1596 
65.7691 132.595 
89.7954 53.1166 
64.5951 114.497 
117.568 4119.01 
41.4882 163.319 
43.5684 234.359 
66.4313 103.039 
63.1508 10.1265 
57.5218 154.142 
111.284 116.664 
82.7404 202.896 
67.9633 2600.55 
77.6956 95.387 
77.4169 241.206 
54.9404 552.482 
58.1709 382.622 
53.3266 28.3721 
83.0329 89.6718 
59.6204 94.8029 
