3552.31 3246.07 3209.2 3505.46 3260.55 3255.65 3167.38 3300.22 3472.21  
2913.1 2630.72 2655.05 2950.02 2803.49 2617.5 2949.6 2694.7 2914.25  
3133.49 2956.71 3206.74 3101.24 2964.89 3034.62 2914.54 3028.78 2979.42  
2966.91 3113.34 3170 3002 3110.75 3145.6 3068.27 3115.81 3230.23  
3709.28 4766.63 4614.6 3746.29 4495.81 4647.36 4163.3 4060.22 4798.81  
3056.48 4568.74 3979.38 3391.15 5003.77 4330.68 4403.54 3679.49 5269.44  
2918.06 3522.51 3136.48 3190.67 4077 3470.22 3829.62 3335.29 4153.24  
3252.94 3339.82 3634.85 3319.49 3196.74 3580.14 3311.24 3289.62 2898.06  
5396.44 6951.12 6838.33 5107.2 6497.38 6659.83 5422.46 5434.2 6983.07  
5552.29 8166.51 6890.57 6125.88 9038.48 7591.65 7231.5 6505.98 9550.88  
3699.67 4469.74 3157.68 4482.15 5884.51 4238.77 5741.85 4615.47 6175.48  
3087.64 2883.42 3131.54 2908.36 2852.9 3115.2 2949.7 2593.88 2535.74  
7853.77 9744.29 10209.5 7758.11 9486.79 9659.06 7489.63 7977.25 9885.82  
10152.2 14213 12535.7 11755.1 15304.6 14007.5 12959.4 11853.7 15523.3  
5614.73 7678.54 5213.38 7443.86 9336.19 7617.59 9765.28 7474.81 9395.72  
2753.15 2408.97 2661.41 2681.6 2408.83 2547.66 2860.11 2429.66 2285.68  
10768.2 10540.9 12419 9758.28 9167.46 10605.5 8222.75 10136.7 9377.15  
16200.5 16299.1 16542 16726.5 15593.9 16260.5 16436.5 16891.7 15360.6  
8680.55 8808.18 7158.41 10253.9 9455.25 8705.41 11972.6 10333.1 9328.91  
2303.63 2037.69 2231.24 2276.53 1981.13 2136.34 2370.15 2182.26 1957.73  
9924.17 8099.64 9942.85 8345.73 6607.35 8195.98 6443.42 8631.33 6921.74  
14755.5 10754.3 12031.9 13802.8 9677.4 10882.2 11892.6 13613.2 9544.5  
7791.15 5265.75 5211.05 8146.39 4995.6 5328.38 8144.1 8034.52 4926.99  
1927.21 1835.11 1843.5 1854.06 1693.32 1882.45 1921.59 1831.25 1659.02  
7134.16 6286.18 6727.18 6165.97 5629.61 6360.95 5568.24 6457.78 5902.75  
8543.76 6480.61 6305.15 7760.23 6571.63 6557.69 7101.53 7653.65 6481.38  
3577.79 2025.13 2087.24 3213 2352.87 2049.22 3304.92 3168.88 2320.56  
1624.93 1253.84 1386.97 1452.69 1173.35 1289.55 1417.6 1425.37 1160.97  
5624.4 4255.21 4947.38 4809.27 3711.32 4195.05 4309.6 5222.34 3904.79  
5971.25 4898.18 4929.88 5741.94 4892.82 4887.51 5404.58 5837.01 4810.72  
2071.7 2126.83 1938.66 2267.53 2427.74 2171.54 2560.28 2241.42 2331.99  
1138.13 939.315 1095.35 1072.67 887.336 971.631 1167.83 1053.87 819.55  
3663.24 2820.29 3572.21 3106.64 2452.93 2844.72 2521.7 3271.16 2577.56  
4479.77 3783.42 3936.89 4488.04 3907.64 3818.53 4138.49 4407.1 3908.23  
2267.04 2435.84 1944.25 2612.97 2820.57 2473.39 2882.22 2543.17 2781.83  
871.321 945.169 915.231 913.256 1182.68 988.579 1121.53 873.097 1083.61  
52.0639 52.0968 51.7622 52.3397 52.4087 52.0735 52.492 52.1694 52.2665  
51.301 51.3418 51.3432 51.206 51.3408 51.3092 51.2205 51.1962 51.4013  
51.8661 52.0458 52.1029 51.7449 51.9592 51.9974 51.7255 51.779 52.0229  
51.9711 52.0868 51.9815 52.0001 52.1009 52.0038 52.2278 52.0993 52.1863  
52.1756 52.2937 52.028 52.4855 52.5666 52.2776 52.6996 52.3432 52.404  
51.4597 51.93 51.7147 51.4914 52.0159 51.8093 51.7471 51.5716 52.1305  
52.1939 52.7422 52.5534 52.1276 52.7767 52.6026 52.3306 52.2234 52.9171  
52.1174 52.2247 52.103 52.1291 52.3126 52.1524 52.4316 52.2387 52.4848  
52.3426 52.3956 52.2675 52.575 52.5465 52.3658 52.6642 52.3812 52.4044  
52.2876 52.8853 52.6754 52.3766 52.9551 52.7797 52.6985 52.5029 53.0157  
53.1619 53.6667 53.4999 53.1816 53.6747 53.6048 53.3913 53.3064 53.6877  
52.437 52.5059 52.4557 52.5098 52.548 52.5006 52.8015 52.6287 52.6193  
52.5143 53.1478 52.9907 52.6374 53.1444 53.1019 52.6203 52.4873 53.1121  
53.0722 53.792 53.4421 53.231 54.2004 53.7552 53.5976 53.2942 54.2624  
53.6431 53.4361 53.3026 53.6935 53.8849 53.477 53.9026 53.7362 53.8716  
52.4987 52.4366 52.4395 52.5287 52.4134 52.433 52.6191 52.587 52.4355  
53.7112 54.4067 54.537 53.5354 54.1564 54.3081 53.5252 53.6055 54.2919  
54.4128 54.5832 54.5425 54.5703 54.5869 54.5329 54.7598 54.6476 54.6576  
53.4232 53.0004 52.8135 53.8178 53.2725 53.056 54.0168 53.8063 53.2655  
52.3773 52.3745 52.3163 52.3759 52.3602 52.3299 52.4038 52.398 52.3885  
54.6432 54.5397 54.8134 54.4611 54.3159 54.5397 54.3036 54.5506 54.416  
54.5898 54.179 54.3203 54.6689 53.879 54.179 54.5664 54.6689 53.879  
52.8221 52.6352 52.5429 53.0741 52.4776 52.6352 53.1664 53.0741 52.4776  
52.3639 52.3473 52.2872 52.3258 52.3425 52.2934 52.381 52.3645 52.3884  
54.17 53.493 53.6336 54.0047 53.3226 53.493 53.858 54.0937 53.3736  
53.4856 52.7742 52.8375 53.2148 52.6273 52.7742 53.0458 53.2148 52.6273  
52.3171 52.1045 52.2277 52.0616 52.0192 52.1045 51.9946 52.0616 52.0192  
52.3624 52.314 52.2875 52.3428 52.3021 52.2712 52.4057 52.3895 52.3478  
53.0432 52.3865 52.4942 52.8412 52.2487 52.3444 52.7815 52.9216 52.2827  
52.4688 52.0188 52.167 52.2231 51.7795 51.9898 52.102 52.2723 51.8139  
52.1423 52.202 52.3043 52.0367 52.0793 52.1998 51.9644 52.0376 52.0761  
52.2846 52.2203 52.1878 52.2791 52.1872 52.1618 52.3627 52.331 52.2355  
52.021 51.589 51.5831 51.9364 51.7122 51.5848 51.9415 51.9211 51.6482  
51.7539 51.4598 51.5964 51.5373 51.401 51.4657 51.4192 51.5515 51.3972  
52.2184 52.2447 52.3288 52.0968 52.1158 52.2496 51.9455 52.0918 52.1145  
52.1542 52.0335 52.0254 52.123 52.0061 51.9998 52.1714 52.1643 52.0375  
90.0734 90.0734 90.0742 90.0727 90.0725 90.0734 90.0723 90.0732 90.0729  
90.0754 90.0753 90.0753 90.0757 90.0753 90.0754 90.0757 90.0757 90.0752  
90.0739 90.0735 90.0733 90.0743 90.0737 90.0736 90.0743 90.0742 90.0735  
90.0737 90.0734 90.0736 90.0736 90.0733 90.0736 90.073 90.0733 90.0731  
90.0732 90.0729 90.0735 90.0723 90.0721 90.0729 90.0718 90.0727 90.0726  
90.075 90.0738 90.0744 90.0749 90.0736 90.0741 90.0743 90.0747 90.0733  
90.0731 90.0717 90.0721 90.0733 90.0716 90.072 90.0727 90.073 90.0712  
90.0733 90.073 90.0733 90.0733 90.0728 90.0732 90.0725 90.073 90.0723  
90.0727 90.0726 90.0729 90.0721 90.0722 90.0727 90.0719 90.0726 90.0726  
90.0729 90.0714 90.0719 90.0727 90.0712 90.0716 90.0718 90.0723 90.071  
90.0706 90.0693 90.0697 90.0705 90.0693 90.0694 90.07 90.0702 90.0692  
90.0724 90.0723 90.0724 90.0723 90.0722 90.0723 90.0715 90.072 90.072  
90.0723 90.0708 90.0711 90.072 90.0707 90.0709 90.072 90.0724 90.0708  
90.0709 90.0692 90.07 90.0705 90.0682 90.0693 90.0696 90.0704 90.068  
90.0694 90.0699 90.0702 90.0693 90.0689 90.0698 90.0688 90.0692 90.0689  
90.0723 90.0724 90.0724 90.0722 90.0725 90.0724 90.072 90.0721 90.0724  
90.0694 90.0676 90.0673 90.0697 90.0681 90.0678 90.0697 90.0696 90.0678  
90.0676 90.0672 90.0673 90.0672 90.0672 90.0673 90.0667 90.0671 90.067  
90.07 90.0711 90.0715 90.0691 90.0704 90.0709 90.0686 90.0691 90.0705  
90.0726 90.0726 90.0727 90.0726 90.0726 90.0727 90.0725 90.0725 90.0726  
90.0669 90.0671 90.0665 90.0673 90.0676 90.0671 90.0677 90.0671 90.0674  
90.0672 90.0504 90.062 90.0669 90.0501 90.0504 90.0672 90.067 90.0501  
90.0715 89.9931 90.0528 90.0709 89.9241 89.9931 90.0436 90.0709 89.9241  
90.0726 89.9493 90.0475 90.0727 89.8115 89.9577 90.0182 90.0726 89.8117  
90.068 90.0697 90.0694 90.0684 90.0702 90.0697 90.0688 90.0682 90.07  
90.0207 89.9638 89.9451 90.0342 90.0063 89.9638 90.0709 90.0342 90.0063  
89.8539 89.5942 89.6598 89.7837 89.5481 89.5942 89.7378 89.7837 89.5481  
89.7364 89.3614 89.5334 89.585 89.2075 89.3807 89.4282 89.5841 89.2047  
90.0709 90.0726 90.0723 90.0714 90.073 90.0727 90.0716 90.0712 90.0729  
89.9314 89.8914 89.8177 89.9926 89.9863 89.8923 90.0734 89.9926 89.983  
89.446 89.2593 89.2356 89.4292 89.368 89.2625 89.4562 89.4306 89.3422  
89.1424 88.8505 88.9556 88.9947 88.8665 88.8612 88.8803 88.9978 88.8429  
90.0736 90.0747 90.0747 90.0738 90.0744 90.0747 90.0738 90.0738 90.0746  
89.898 89.9382 89.8456 89.9972 90.0181 89.9422 90.0751 89.9946 90.0148  
89.2815 89.4388 89.2916 89.4497 89.6134 89.4546 89.5651 89.4286 89.5864  
88.8664 88.9829 88.9194 88.9324 89.0856 88.9797 88.9846 88.9177 89.0537  
94.8082 94.8075 94.8138 94.8029 94.8017 94.8079 94.8001 94.8061 94.8043  
94.8225 94.8216 94.8216 94.8242 94.8216 94.8222 94.8239 94.8244 94.8204  
94.8116 94.8082 94.8071 94.814 94.8099 94.8091 94.8144 94.8133 94.8087  
94.8095 94.8075 94.8094 94.809 94.8072 94.809 94.8047 94.8072 94.8056  
94.8061 94.804 94.8089 94.8004 94.799 94.8043 94.7964 94.803 94.802  
94.8194 94.8107 94.8146 94.8188 94.8092 94.8129 94.8141 94.8173 94.8071  
94.8055 94.7954 94.7987 94.8067 94.7948 94.7979 94.8031 94.805 94.7923  
94.807 94.8051 94.8073 94.8067 94.8034 94.8064 94.8011 94.8047 94.8001  
94.8032 94.8023 94.8046 94.7989 94.7996 94.8028 94.7973 94.8025 94.8022  
94.8043 94.7937 94.7974 94.8027 94.7925 94.7956 94.7971 94.8004 94.7915  
94.7878 94.7787 94.7816 94.7874 94.7787 94.7798 94.7839 94.7852 94.7786  
94.801 94.7997 94.8007 94.7997 94.7989 94.7998 94.7942 94.7975 94.7976  
94.8003 94.79 94.7925 94.798 94.7896 94.7908 94.7981 94.8008 94.7903  
94.7906 94.7793 94.7848 94.7882 94.7728 94.7799 94.7824 94.7871 94.7718  
94.7794 94.7836 94.7855 94.7789 94.7768 94.7828 94.7762 94.7782 94.7772  
94.7998 94.8008 94.8008 94.7992 94.8012 94.8009 94.7975 94.7981 94.8008  
94.7806 94.768 94.7663 94.7826 94.7713 94.7697 94.7819 94.7815 94.769  
94.7693 94.7661 94.767 94.7663 94.7658 94.7669 94.763 94.7651 94.7647  
94.7843 94.7918 94.7946 94.7782 94.7879 94.7908 94.7756 94.7785 94.7881  
94.8019 94.8019 94.8029 94.8018 94.8021 94.8027 94.8013 94.8015 94.8016  
94.7636 94.7644 94.7607 94.7658 94.7676 94.7644 94.7678 94.7643 94.7659  
94.7659 94.7793 94.7731 94.7642 94.7836 94.7793 94.7654 94.7642 94.7836  
94.795 94.831 94.8091 94.7913 94.8575 94.831 94.8034 94.7913 94.8575  
94.802 94.8538 94.8161 94.8027 94.9023 94.8514 94.8289 94.802 94.9013  
94.7701 94.7821 94.7797 94.7728 94.7851 94.7821 94.7754 94.7713 94.7842  
94.8002 94.8276 94.8335 94.7991 94.8171 94.8276 94.7905 94.7991 94.8171  
94.8808 94.9528 94.9371 94.9003 94.9608 94.9528 94.9109 94.9003 94.9609  
94.9248 95.0402 94.989 94.9705 95.0851 95.0351 95.0126 94.9692 95.083  
94.7902 94.8022 94.8004 94.7938 94.8047 94.803 94.7948 94.7924 94.804  
94.8424 94.8639 94.884 94.8299 94.8403 94.8646 94.8076 94.8287 94.8402  
94.9948 95.054 95.066 95.0041 95.0226 95.055 94.9963 95.0018 95.0275  
95.1108 95.2065 95.1799 95.1615 95.2025 95.2035 95.188 95.156 95.2042  
94.809 94.8173 94.8174 94.8106 94.815 94.8174 94.8104 94.8109 94.8162  
94.8673 94.8678 94.8924 94.8433 94.8425 94.8668 94.8205 94.8435 94.8439  
95.0482 95.0272 95.0633 95.0089 94.9817 95.0237 94.983 95.0131 94.992  
95.2039 95.1915 95.2005 95.1932 95.1688 95.1907 95.1812 95.1936 95.1788  
23.5387 62.033 61.6616 16.9473 62.3222 50.0857 54.1604 40.614 74.4244  
28.9713 102.36 58.8597 22.7037 116.769 92.6464 89.3916 60.7706 122.363  
83.6423 143.391 207.665 31.6864 91.3867 133.154 71.5927 50.7472 92.1641  
392.209 380.13 381.371 358.436 361.546 360.305 391.419 399.033 392.579  
85.4816 101.454 115.103 86.4983 106.473 102.661 110.114 93.7283 110.14  
109.294 377.729 353.079 214.615 365.677 382.221 332.031 297.139 360.655  
147.175 395.912 486.163 210.598 376.417 423.884 371.697 311.583 374.272  
374.058 331.346 364.457 378.704 288.76 347.755 415.382 404.58 246.111  
105.019 67.3187 79.7735 134.054 83.8071 78.2256 113.295 105.439 61.7603  
375.196 342.716 348.164 362.596 382.37 326.368 284.495 350.971 408.77  
391.256 378.814 371.153 381.556 457.216 362.397 354.913 375.062 481.31  
166.273 54.458 33.5179 92.7789 85.9135 48.9866 101.761 94.0437 89.0618  
100.945 185.729 141.426 140.465 202.474 182.628 183.079 127.759 201.544  
478.702 263.419 333.9 486.126 286.544 268.419 295.381 416.13 299.232  
487.276 194.95 263.237 492.601 224.759 202.984 236.935 398.43 232.716  
51.0725 31.9668 28.7728 81.8401 57.6849 29.4052 45.7895 66.3407 61.7797  
449.378 630.939 828.749 412.839 402.301 604.14 338.677 442.659 445.543  
560.437 981.353 968.396 933.355 936.693 939.507 1017.46 974.686 893.699  
324.179 557.707 343.198 721.902 707.023 534.638 860.383 753.87 653.347  
69.9937 68.5645 70.2714 71.9997 57.3116 64.2238 80.0669 79.792 58.0884  
631.229 499.265 722.707 368.291 325.137 505.204 268.499 384.285 321.044  
829.425 749.161 749.161 788.628 750.203 758.072 798.959 777.797 739.9  
410.878 454.822 212.262 602.833 632.571 460.232 708.896 594.554 623.883  
64.3837 125.05 70.9549 65.4926 120.887 118.101 90.2477 69.2069 127.743  
455.418 82.24 43.3291 87.2761 123.479 83.2182 98.0048 59.6594 100.786  
736.634 70.206 60.7267 183.454 74.5461 71.041 75.5207 180.934 73.5224  
459.911 97.3279 124 221.768 81.6915 98.4855 94.7658 218.723 80.5696  
117.166 93.3346 93.1363 92.5664 94.9663 90.0372 90.0132 97.8162 100.352  
117.077 118.225 109.539 135.957 133.452 112.985 140.946 125.649 122.568  
90.5715 105.482 93.6082 95.2716 108.868 101.971 95.5777 98.9794 109.478  
97.6286 83.3208 106.391 91.0614 97.7563 80.7928 75.5257 91.1274 86.8465  
99.2771 78.2996 99.2677 103.551 96.9603 71.8528 105.631 109.194 89.0372  
121.042 91.7004 107.25 101.418 63.2298 88.5917 105.359 113.506 69.2485  
124.199 106.669 126.914 102.585 60.4001 101.941 106.038 107.128 62.5637  
94.071 87.1649 93.028 84.5142 87.5895 83.3015 87.6912 88.2566 90.4462  
79.6419 72.5218 69.3383 82.2354 107.054 65.5789 92.0111 91.7556 106.303  
53.7495 55.3011 72.454 67.5979 58.7863 56.8343 56.1135 50.8142 58.1291  
63.5107 202.451 195.574 66.549 186.486 205.402 172.318 94.8669 195.303  
214.21 312.326 340.185 125.292 252.456 322.431 214.024 160.722 266.424  
504.41 474.279 463.621 476.919 465.461 461.537 463.409 493.92 473.065  
64.8632 67.6535 74.3738 55.6864 62.7118 69.1737 65.1852 59.1463 92.6027  
228.461 319.413 320.593 242.423 303.908 310.726 273.451 262.065 307.914  
345.943 412.798 417.723 338.891 366.98 410.625 323.681 341.248 381.618  
465.458 277.793 401.178 475.47 181.343 359.805 390.168 455.366 123.995  
189.318 290.893 237.254 312.242 338.087 299.673 375.266 286.803 310.481  
342.98 454.29 359.056 321.077 515.791 312.046 263.197 313.496 527.833  
394.289 526.908 358.308 399.449 618.317 383.237 375.811 405.361 622.462  
114.763 104.973 64.3304 138.987 145.625 95.9438 164.153 142.054 152.58  
302.92 549.599 495.231 518.354 601.559 528.919 560.412 525.974 617.364  
579.037 684.285 683.539 678.435 769.513 670.384 647.45 677.172 803.589  
613.124 494.861 488.796 552.915 594.337 489.355 567.358 534.583 604.926  
114.8 114.371 86.4978 131.134 117.421 102.015 140.777 127.73 102.35  
759.356 871.341 978.043 670.873 534.958 850.145 424.382 619.868 601.143  
972.955 1281.82 1286.37 1264.01 1105.97 1283.01 1361.5 1319.98 1060.07  
573.915 578.648 556.522 886.703 698.863 611.685 1125.59 925.968 634.495  
85.3309 83.4403 83.1661 92.4458 73.3856 81.961 93.6006 89.43 57.1552  
854.669 626.11 710.451 465.011 327.123 633.557 236.819 492.196 345.741  
998.36 786.289 790.26 941.463 819.411 795.64 820.02 928.534 808.158  
328.903 408.392 315.012 651.683 716.672 413.25 756.104 642.733 706.83  
74.0707 237.95 112.341 86.9971 242.535 228.369 160.85 82.5836 256.29  
506.272 193.904 145.441 219.964 204.907 196.21 191.648 227.364 206.072  
648.244 175.51 183.416 347.861 178.373 177.597 215.92 343.084 175.923  
374.937 176.136 240.961 326.477 165.996 178.231 181.581 321.993 163.717  
251.312 225.543 233.773 243.641 227.261 216.652 223.64 251.827 234.518  
230.968 230.361 219.176 220.318 272.917 220.151 240.863 225.237 262.641  
177.914 215.427 209.766 195.701 249.398 207.736 227.064 194.769 234.058  
171.471 202.332 211.651 191.156 165.095 202.655 181.186 174.046 166.443  
235.834 231.016 242.281 269.052 181.571 215.393 277.639 265.625 190.335  
290.092 184.218 241.908 245.672 180.862 181.459 228.884 266.71 186.466  
252.009 174.15 245.387 238.241 147.581 171.837 200.593 247.38 150.164  
159.501 139.492 153.423 137.295 128.526 133.309 120.703 141.964 130.265  
172.973 165.56 146.79 157.667 187.584 148.304 177.115 174.434 190.436  
531.56 335.134 360.553 474.956 336.308 349.771 350.082 364.917 255.74  
416.669 420.619 432.685 387.91 384.387 413.675 361.136 382.424 369.9  
612.598 663.923 627.983 633.805 693.618 645.148 621.37 657.601 695.023  
694.921 715.356 685.838 686.174 714.874 732.462 708.763 704.814 755.148  
281.285 626.341 568.062 303.485 617.078 558.225 495.602 338.492 690.591  
405.743 873.757 699.81 401.621 938.885 782.483 756.584 497.677 1041.34  
661.925 795.732 599.347 665.501 874.268 784.594 846.549 701.503 889.729  
744.54 595.502 668.494 724.446 553.403 671.328 567.534 694.762 464.456  
865.846 1960.29 1740.28 856.507 1660.17 1743.46 1102.7 1022.41 1892.91  
1206.33 2660.68 1959.18 1391.78 2989 2377.61 2288.15 1608.7 3229.02  
887.647 1403.88 822.773 1180.04 1991.28 1354.32 2029.52 1319.64 2112.64  
475.326 474.022 461.731 497.983 506.843 506.837 597.781 484.184 513.255  
2579.32 3769.67 3822.54 2724.05 3439.6 3715.3 2528.82 3007.66 3733.01  
3490.47 4488.03 4429.63 4094.29 4536.44 4423.78 4429.14 4223.59 4672.21  
1613.37 1572.73 1375.4 2058.81 1943.07 1569.34 2924.38 2120.93 1983.16  
523.39 583.095 531.911 522.084 586.847 602.97 643.141 505.504 571.986  
3906.78 3409.87 3921.11 3486.19 2975.62 3546.45 2788.53 3759.78 3103.54  
4828.97 4226.28 4708.73 4954.45 3793.23 4456.68 4575.82 4972.74 3636.68  
1717.07 1362.1 1622.76 2149.52 1332.38 1473.44 2606.45 2066.81 1210.99  
563.05 489.286 560.574 523.665 459.343 522.043 534.953 508.164 440.689  
2927.12 1612.54 2194.87 2504.99 1300.39 1631.72 1533.65 2576.2 1363.2  
3435.21 2279.95 2497.45 3136.58 2253.67 2307.07 2320.64 3093.51 2222.72  
1026.42 1031.7 993.059 1134.57 1216.69 1043.97 1405.79 1118.98 1199.98  
406.775 296.341 370.059 371.251 230.926 297.473 394.096 363.723 244.023  
1305.78 1227.49 1416.59 1195.26 1128.77 1242.09 911.074 1251.11 1184.43  
2046.31 1505.97 1668.15 1794.52 1507.02 1523.88 1469.13 1769.88 1486.33  
996.601 510.581 538.328 875.16 662.984 516.654 906.777 863.141 653.879  
215.31 179.188 174.569 215.96 169.862 173.995 270.716 228.021 179.309  
1278.12 932.295 982.885 949.811 881.718 907.917 782.306 1021.55 905.458  
1499.42 1207.52 1177.37 1266.22 1205.69 1198.77 1182.4 1254.69 1161.32  
509.618 556.867 499.422 631.811 564.673 569.34 750.365 606.979 561.013  
137.342 103.117 100.679 151.759 86.3353 103.078 209.438 160.245 94.9996  
913.671 512.638 798.439 790.284 486.243 508.193 543.646 864.877 505.602  
1134.81 669.686 862.831 1048.35 660.608 652.736 784.153 1078.03 682.138  
499.014 382.088 353.24 468.189 396.006 368.814 436.554 485.595 405.792  
88.5003 140.232 125.158 117.725 186.454 136.098 174.92 112.168 175.512  
2524.64 2176.61 2195.72 2530.17 2217.05 2211.75 2164.78 2375.8 2353.15  
2008.28 1423.3 1590.38 2049.31 1525.49 1472.9 1765.34 1718.01 1585.79  
1719.16 1367.92 1515.65 1860.5 1473.8 1469.52 1620.24 1695.46 1457.59  
751.196 828.179 836.203 814.394 866.952 857.585 793.273 741.703 845.428  
2466.1 3094.75 3013.46 2550.72 2852.87 3032.41 2722.5 2751.67 2994.43  
1671.14 2137.15 1877.69 1844.11 2452.27 1995.91 2130.48 1871.96 2606  
1262.78 1189.57 952.397 1465.05 1709.69 1137.24 1584.17 1418.06 1772.16  
937.409 1368.49 1435.03 1005.1 1419.94 1475.21 1149.37 978.376 1284.98  
3330.55 3902.57 4012.47 2949.74 3566.57 3780.56 3063.36 3167.4 3867.04  
2761.57 3961.25 3534.7 3141.55 4330.13 3803.51 3609.28 3357.97 4550.82  
1378.92 1632.74 1116.67 1961.38 2261.34 1625.81 2421.35 1996.83 2353.82  
1685.9 1936.55 2264.88 1702.98 1816.72 2164.38 1746.23 1505.16 1492.58  
4081.82 4204.9 4429.5 3571.6 4282.22 4216.59 3403.05 3512.02 4362.07  
4799.01 6432.76 5519.36 5200.02 6891.06 6336.05 5614.22 5219.57 6827.29  
2251.27 3548.56 2253.6 3229.23 4105.24 3505.95 4268.87 3298.05 4016.05  
1766.12 1393.43 1739.98 1638.43 1351.07 1523.71 1678.86 1418.09 1237.74  
4276.08 4250.3 4637.19 4110.37 4181.7 4281.91 3746.28 4199.82 4189  
6796.97 6348.5 6213.31 6427.66 6413.49 6269.9 6030.98 6365.71 6368.53  
3798.55 3570.87 2691.7 3834.88 3810.04 3444.53 4221.36 3809.24 3839.3  
1242.63 964.016 1112.87 1201.29 993.408 1032.52 1168.93 1094.26 989.63  
4216.09 4379.98 4847.94 4105.44 3481.81 4432.08 3661.45 4239.39 3670.7  
6140.55 4827.98 5158.4 5762.32 4354.5 4885.4 5383.39 5683.19 4294.7  
3377.98 1703.75 1829.15 3010.64 1620.22 1724.02 2999.56 2969.29 1597.97  
982.275 772.745 880.401 932.795 712.135 811.915 894.994 918.567 679.031  
3770.04 3543.63 3879.78 3612.71 2989.31 3585.78 3073.95 3825.29 3172.34  
3775.37 3615.07 3399.94 4127.75 3652.18 3658.07 4029.31 4071.07 3602.02  
965.82 918.995 749.522 1115.73 1144.46 929.925 1676.14 1100.4 1128.74  
675.493 593.844 591.644 615.951 518.494 599.587 639.412 594.237 518.314  
2866.9 1965.07 2583.04 2529.4 1547.39 1956.87 2086.16 2766.65 1667.93  
3155.2 2495.7 2727.13 3171.68 2432.92 2517.91 2899.88 3230.64 2419.46  
1036.3 1181.13 1006.2 1133.41 1391.56 1210.38 1382.72 1139.43 1362.46  
510.794 467.256 489.908 414.297 390.962 490.434 518.641 418.716 380.727  
1554.42 1623.54 1843.26 1349.44 1305.58 1650.68 1254.08 1370.81 1386.95  
2180.57 2243.99 2063.31 2347.56 2373.13 2274 2509.72 2252.13 2362.33  
1298.22 1423.96 1034.97 1581.95 1643.83 1473.2 1790.72 1522.74 1631.76  
408.315 362.944 406.353 378.97 316.827 431.051 427.409 348.251 301.465  
352.117 465.832 390.088 348.308 439.278 446.337 406.748 376.662 544.74  
323.104 335.57 286.675 341.247 409.99 297.298 393.607 332.589 454.132  
361.258 303.597 299.397 355.479 341.976 294.49 291.765 354.261 354.781  
348.557 320.244 390.645 331.958 331.501 349.478 321.598 356.384 354.697  
640.84 700.876 651.77 581.889 658.113 707.241 596.488 632.399 717.507  
476.214 557.92 478.505 475.861 618.028 552.968 612.591 478.939 632.989  
322.253 416.334 317.743 361.969 488.371 398.006 456.036 353.096 471.902  
340.04 396.485 389.358 357.616 396.318 370.793 414.452 376.126 401.28  
731.117 628.976 620.235 676.975 722.885 639.046 616.544 685.889 713.602  
564.869 534.434 488.276 606.282 588.339 536.544 574.266 587.244 582.879  
335.322 306.49 264.27 318.53 302.845 291.995 347.496 294.003 343.049  
328.916 253.119 262.108 287.308 235.284 249.08 260.489 264.579 219.765  
633.824 685.946 980.889 618.538 680.879 681.522 618.486 620.713 674.04  
537.842 2007.31 1225.89 857.822 2400.86 1980 1639.55 886.261 2482.17  
379.862 1719.15 665.079 696.633 2156.66 1702.75 1470.7 721.611 2232.93  
239.211 235.415 237.855 247.371 241.812 244.34 278.707 249.909 253.385  
819.645 821.589 1274.14 692.402 708.823 788.83 640.366 692.52 647.772  
2522.28 2570.28 2530.69 2417.68 2469.12 2460.02 2555.22 2503.59 2522.64  
2106.58 2222.98 1704.82 2161.43 2253.55 2139.6 2377.36 2256.44 2347.58  
274.805 363.628 333.768 313.783 335.802 357.822 389.491 331.234 348.86  
783.018 693.7 956.327 602.795 844.379 701.95 550.87 628.386 884.504  
2509.94 1462 2179.03 2443.95 853.581 1479.39 1884.87 2410.39 841.858  
2187.17 1192.91 1618.69 2210.48 358.963 1207.09 1667.87 2180.12 354.033  
338.184 321.457 339.494 334.248 304.057 343.634 314.597 333.123 276.534  
860.929 1016.63 1038.4 914.312 943.383 1028.72 1060.13 962.361 997.379  
747.904 879.702 698.574 914.843 945.096 890.165 1057.85 902.279 932.116  
333.765 232.061 255.973 322.339 236.381 234.821 320.572 317.912 233.134  
286.627 117.734 231.665 224.96 119.288 153.401 150.151 202.555 94.5927  
908.639 806.033 854.321 767.934 663.997 796.872 833.386 859.752 714.175  
840.051 704.037 557.031 826.43 698.593 688.248 811.412 863.027 685.194  
197.256 89.2586 84.7843 179.508 128.845 90.7241 139.892 187.458 111.835  
113.321 44.9951 125.578 99.5543 47.4652 70.0661 34.2293 72.8992 16.9689  
601.681 345.57 429.547 467.836 359.304 347.912 301.024 484.316 366.48  
601.705 495.931 447.957 583.876 593.889 520.498 420.816 547.586 575.813  
126.158 297.57 200.344 248.875 433.838 313.271 343.483 209.801 406.238  
45.4925 124.507 100.06 93.7153 233.018 133.811 156.74 55.8029 177.716  
66.7068 151.163 128.715 67.4858 146.813 140.878 135.5 91.4188 186.031  
72.5568 146.425 90.869 82.3031 180.368 135.577 167.811 106.045 186.76  
142.614 165.551 215.863 94.4752 111.652 169.875 95.5469 109.988 113.441  
275.616 395.157 412.326 334.119 370.418 384.231 389.812 419.954 409.315  
170.712 175.557 191.839 168.016 198.557 177.645 173.407 184.785 193.543  
165.633 302.772 249.696 212.521 325.006 306.374 298.407 271.711 320.543  
177.988 312.159 363.104 148.661 261.276 315.872 247.494 209.804 263.565  
391.432 370.202 376.337 378.155 356.972 355.242 374.338 380.41 377.232  
174.588 101.079 148.324 177.676 125.869 118.865 151.3 166.259 137.284  
301.343 213.148 201.189 302.593 232.857 235.566 212.112 287.592 251.556  
312.234 220.912 224.498 241.201 253.518 221.013 212.75 224.566 262.196  
316.465 60.295 44.9703 188.315 62.5067 49.9719 79.2882 103.854 68.5018  
154.944 348.445 339.905 185.105 280.056 334.095 195.775 183.121 297.795  
267.096 337.239 343.394 438.421 420.145 328.877 333.611 430.964 438.75  
269.828 148.294 167.262 413.666 312.121 147.213 297.045 401.207 325.943  
58.5583 50.693 36.3908 60.748 54.0008 45.2164 72.829 62.0875 58.444  
556.96 556.846 779.805 385.603 364.062 534.022 284.51 422.011 390.152  
518.85 890.866 834.505 729.387 875.422 851.38 895.548 755.033 879.007  
160.255 515.877 239.411 499.417 653.404 501.519 781.489 520.827 643.204  
67.8203 68.7575 70.5914 73.3431 61.883 77.7696 103.106 79.3799 63.311  
512.039 288.044 510.556 299.193 328.509 291.47 192.131 310.874 336.54  
842.031 648.94 657.585 729.824 646.035 656.658 684.679 719.801 637.163  
459.803 474.177 242.875 536.194 450.474 479.816 605.875 528.831 444.287  
61.5178 81.5626 70.2539 63.2779 82.7762 82.956 66.8017 64.044 75.4016  
235.72 222.293 203.634 136.444 239.756 224.937 233.434 132.004 241.736  
589.304 234.145 294.345 391.791 214.416 236.93 253.796 386.41 211.471  
446.756 90.033 178.451 351.532 61.3612 91.1038 125.087 346.704 60.5185  
79.0275 44.1951 62.1865 59.6071 43.4824 55.8789 43.6637 50.9186 33.8793  
222.696 203.222 198.417 205.854 211.842 200.258 225.944 223.501 232.022  
208.085 170.007 164.974 186.64 197.346 172.868 188.251 194.905 201.212  
59.4246 13.9151 30.2099 40.5813 79.8031 17.6511 30.5861 42.3783 43.394  
41.5656 14.6302 37.6356 34.4602 84.0418 20.8074 22.2534 27.1931 47.4822  
182.333 62.6193 151.798 151.993 57.7088 67.8798 88.7146 170.933 62.8114  
186.482 92.9932 190.492 167.435 72.0315 97.51 117.17 174.849 75.2213  
90.0762 105.565 109.242 92.1462 130.782 101.489 103.068 94.8153 117.329  
76.398 79.4044 67.5312 82.9431 151.745 73.7359 93.3316 90.6859 132.178  
