0 0 17 14
0 7 17 14
0 14 17 14
0 21 17 14
8 0 17 14
8 7 17 14
8 14 17 14
8 21 17 14
16 0 17 14
16 7 17 14
16 14 17 14
16 21 17 14
24 0 17 14
24 7 17 14
24 14 17 14
24 21 17 14
32 0 17 14
32 7 17 14
32 14 17 14
32 21 17 14
40 0 17 14
40 7 17 14
40 14 17 14
40 21 17 14
48 0 17 14
48 7 17 14
48 14 17 14
48 21 17 14
56 0 17 14
56 7 17 14
56 14 17 14
56 21 17 14
64 0 17 14
64 7 17 14
64 14 17 14
64 21 17 14
0 0 17 14
0 7 17 14
0 14 17 14
0 21 17 14
8 0 17 14
8 7 17 14
8 14 17 14
8 21 17 14
16 0 17 14
16 7 17 14
16 14 17 14
16 21 17 14
24 0 17 14
24 7 17 14
24 14 17 14
24 21 17 14
32 0 17 14
32 7 17 14
32 14 17 14
32 21 17 14
40 0 17 14
40 7 17 14
40 14 17 14
40 21 17 14
48 0 17 14
48 7 17 14
48 14 17 14
48 21 17 14
56 0 17 14
56 7 17 14
56 14 17 14
56 21 17 14
64 0 17 14
64 7 17 14
64 14 17 14
64 21 17 14
0 0 17 14
0 7 17 14
0 14 17 14
0 21 17 14
8 0 17 14
8 7 17 14
8 14 17 14
8 21 17 14
16 0 17 14
16 7 17 14
16 14 17 14
16 21 17 14
24 0 17 14
24 7 17 14
24 14 17 14
24 21 17 14
32 0 17 14
32 7 17 14
32 14 17 14
32 21 17 14
40 0 17 14
40 7 17 14
40 14 17 14
40 21 17 14
48 0 17 14
48 7 17 14
48 14 17 14
48 21 17 14
56 0 17 14
56 7 17 14
56 14 17 14
56 21 17 14
64 0 17 14
64 7 17 14
64 14 17 14
64 21 17 14
0 0 17 14
0 7 17 14
0 14 17 14
0 21 17 14
8 0 17 14
8 7 17 14
8 14 17 14
8 21 17 14
16 0 17 14
16 7 17 14
16 14 17 14
16 21 17 14
24 0 17 14
24 7 17 14
24 14 17 14
24 21 17 14
32 0 17 14
32 7 17 14
32 14 17 14
32 21 17 14
40 0 17 14
40 7 17 14
40 14 17 14
40 21 17 14
48 0 17 14
48 7 17 14
48 14 17 14
48 21 17 14
56 0 17 14
56 7 17 14
56 14 17 14
56 21 17 14
64 0 17 14
64 7 17 14
64 14 17 14
64 21 17 14
0 0 17 14
0 7 17 14
0 14 17 14
0 21 17 14
8 0 17 14
8 7 17 14
8 14 17 14
8 21 17 14
16 0 17 14
16 7 17 14
16 14 17 14
16 21 17 14
24 0 17 14
24 7 17 14
24 14 17 14
24 21 17 14
32 0 17 14
32 7 17 14
32 14 17 14
32 21 17 14
40 0 17 14
40 7 17 14
40 14 17 14
40 21 17 14
48 0 17 14
48 7 17 14
48 14 17 14
48 21 17 14
56 0 17 14
56 7 17 14
56 14 17 14
56 21 17 14
64 0 17 14
64 7 17 14
64 14 17 14
64 21 17 14
0 0 17 14
0 7 17 14
0 14 17 14
0 21 17 14
8 0 17 14
8 7 17 14
8 14 17 14
8 21 17 14
16 0 17 14
16 7 17 14
16 14 17 14
16 21 17 14
24 0 17 14
24 7 17 14
24 14 17 14
24 21 17 14
32 0 17 14
32 7 17 14
32 14 17 14
32 21 17 14
40 0 17 14
40 7 17 14
40 14 17 14
40 21 17 14
48 0 17 14
48 7 17 14
48 14 17 14
48 21 17 14
56 0 17 14
56 7 17 14
56 14 17 14
56 21 17 14
64 0 17 14
64 7 17 14
64 14 17 14
64 21 17 14
0 0 17 14
0 7 17 14
0 14 17 14
0 21 17 14
8 0 17 14
8 7 17 14
8 14 17 14
8 21 17 14
16 0 17 14
16 7 17 14
16 14 17 14
16 21 17 14
24 0 17 14
24 7 17 14
24 14 17 14
24 21 17 14
32 0 17 14
32 7 17 14
32 14 17 14
32 21 17 14
40 0 17 14
40 7 17 14
40 14 17 14
40 21 17 14
48 0 17 14
48 7 17 14
48 14 17 14
48 21 17 14
56 0 17 14
56 7 17 14
56 14 17 14
56 21 17 14
64 0 17 14
64 7 17 14
64 14 17 14
64 21 17 14
0 0 17 14
0 7 17 14
0 14 17 14
0 21 17 14
8 0 17 14
8 7 17 14
8 14 17 14
8 21 17 14
16 0 17 14
16 7 17 14
16 14 17 14
16 21 17 14
24 0 17 14
24 7 17 14
24 14 17 14
24 21 17 14
32 0 17 14
32 7 17 14
32 14 17 14
32 21 17 14
40 0 17 14
40 7 17 14
40 14 17 14
40 21 17 14
48 0 17 14
48 7 17 14
48 14 17 14
48 21 17 14
56 0 17 14
56 7 17 14
56 14 17 14
56 21 17 14
64 0 17 14
64 7 17 14
64 14 17 14
64 21 17 14
0 0 17 14
0 7 17 14
0 14 17 14
0 21 17 14
8 0 17 14
8 7 17 14
8 14 17 14
8 21 17 14
16 0 17 14
16 7 17 14
16 14 17 14
16 21 17 14
24 0 17 14
24 7 17 14
24 14 17 14
24 21 17 14
32 0 17 14
32 7 17 14
32 14 17 14
32 21 17 14
40 0 17 14
40 7 17 14
40 14 17 14
40 21 17 14
48 0 17 14
48 7 17 14
48 14 17 14
48 21 17 14
56 0 17 14
56 7 17 14
56 14 17 14
56 21 17 14
64 0 17 14
64 7 17 14
64 14 17 14
64 21 17 14
0 0 17 14
0 7 17 14
0 14 17 14
0 21 17 14
8 0 17 14
8 7 17 14
8 14 17 14
8 21 17 14
16 0 17 14
16 7 17 14
16 14 17 14
16 21 17 14
24 0 17 14
24 7 17 14
24 14 17 14
24 21 17 14
32 0 17 14
32 7 17 14
32 14 17 14
32 21 17 14
40 0 17 14
40 7 17 14
40 14 17 14
40 21 17 14
48 0 17 14
48 7 17 14
48 14 17 14
48 21 17 14
56 0 17 14
56 7 17 14
56 14 17 14
56 21 17 14
64 0 17 14
64 7 17 14
64 14 17 14
64 21 17 14
