30484.7 2.14299e+008 
30408 2.297e+008 
30447.8 2.46065e+008 
31563.1 2.72807e+008 
33455.1 3.07321e+008 
34263.9 3.52828e+008 
34509 3.51802e+008 
35983.4 4.06822e+008 
37578 4.68043e+008 
33089.9 2.09385e+008 
33027.5 2.24172e+008 
33152.7 2.25174e+008 
34730.3 2.48547e+008 
36500.7 2.84391e+008 
37148.6 3.22746e+008 
38008.8 3.28944e+008 
39327 3.81037e+008 
40871.1 4.2709e+008 
35117.1 1.873e+008 
35660.4 1.9489e+008 
36552.2 1.85674e+008 
38335.5 2.09667e+008 
39807.1 2.26833e+008 
40527 2.49778e+008 
41640.2 2.65998e+008 
42363.5 3.29967e+008 
43078.1 3.6137e+008 
36381.1 1.5818e+008 
37352.7 1.56582e+008 
38568.9 1.63483e+008 
40135.5 2.04664e+008 
41880.7 2.04886e+008 
42810.4 2.22382e+008 
43914.6 2.52346e+008 
44653.3 3.07794e+008 
44691.8 3.3254e+008 
76.7721 657.848 
79.5846 645.681 
82.5155 603.699 
85.7246 514.436 
88.2688 401.014 
90.5731 334.338 
92.7295 260.267 
93.7455 200.759 
94.632 142.023 
76.4601 606.286 
78.8958 597.082 
81.5973 551.621 
84.7668 458.472 
87.3487 351.426 
89.5126 298.98 
91.2364 227.126 
92.0838 176.369 
92.7283 131.583 
77.1494 560.687 
79.4611 539.812 
81.782 483.691 
84.6592 391.959 
87.1209 293.823 
88.8429 244.77 
90.1014 188.113 
90.797 154.237 
91.4445 125.484 
78.024 537.649 
80.2985 489.347 
82.5689 427.048 
85.0624 357.997 
87.085 269.819 
88.746 211.721 
89.8215 158.503 
90.286 148.336 
90.9177 125.312 
166.081 79.0049 
167.13 85.1453 
168.18 97.188 
169.073 82.434 
170.385 71.7307 
171.16 65.1569 
171.455 51.959 
171.961 53.1888 
172.208 47.7425 
166.173 77.2114 
167.272 84.7579 
168.273 90.4062 
169.003 75.1207 
170.083 67.3592 
170.757 61.3344 
171.059 51.2378 
171.33 49.7483 
171.567 45.7073 
166.07 69.9657 
167.059 76.6968 
167.978 81.8233 
168.616 70.3678 
169.473 65.1365 
170.041 62.5571 
170.297 59.7076 
170.434 59.1545 
170.621 54.0606 
166.142 61.7221 
167.035 68.4431 
167.924 75.7645 
168.559 68.0637 
169.161 63.444 
169.383 60.1177 
169.513 60.41 
169.616 59.2136 
169.878 54.8015 
185.598 76.0574 
186.488 72.2902 
187.292 67.0972 
187.97 63.3044 
188.428 69.0725 
188.684 70.5632 
189.02 69.5311 
189.192 70.7686 
189.108 79.8267 
184.3 74.1451 
185.136 71.1902 
185.939 65.013 
186.765 61.6013 
187.274 65.7967 
187.368 70.1542 
187.501 70.9234 
187.532 72.325 
187.467 82.3859 
183.153 74.7423 
183.849 69.6316 
184.58 63.3245 
185.44 66.1345 
185.858 70.7989 
185.83 75.3543 
185.805 75.5734 
185.79 77.8936 
185.823 84.3479 
182.811 70.777 
183.408 67.4561 
183.97 63.0012 
184.627 62.5669 
184.799 66.5831 
184.687 70.7934 
184.773 73.4081 
184.87 77.6532 
185.028 81.4957 
4460.88 1.93396e+007 
4550.02 2.21794e+007 
4591.21 2.33336e+007 
4550.14 2.2881e+007 
4642.43 2.59491e+007 
4741.87 2.89877e+007 
4731.98 3.06589e+007 
4716.03 2.76233e+007 
4818.58 3.35503e+007 
5476.63 2.578e+007 
5587.51 2.7149e+007 
5567.79 2.57839e+007 
5533.23 2.48132e+007 
5686.02 2.83939e+007 
5846.98 2.91017e+007 
5976 3.1868e+007 
5942.15 3.05153e+007 
5958.54 3.50309e+007 
5919.71 2.36458e+007 
6106.44 2.60361e+007 
6379.96 2.65404e+007 
6570.97 2.65123e+007 
6637.06 2.5556e+007 
6704.74 2.50284e+007 
6743.41 2.69235e+007 
6692.05 2.81961e+007 
6707.86 3.13255e+007 
5698.89 1.88856e+007 
5855.01 1.98597e+007 
6240.39 2.31747e+007 
6653.33 2.62589e+007 
6793.42 2.57346e+007 
6851.26 2.46531e+007 
7031.92 2.68794e+007 
7108.31 2.64912e+007 
6932.76 2.80127e+007 
3822.54 8.38284e+006 
3674.41 8.07158e+006 
3632.71 7.88254e+006 
3671.38 7.75187e+006 
3724.65 8.43835e+006 
3695.21 9.26137e+006 
3733.94 1.00568e+007 
3796.86 1.05374e+007 
3850.67 1.25588e+007 
4428.39 8.87852e+006 
4331.14 8.36596e+006 
4319.9 8.65109e+006 
4384.5 8.76849e+006 
4496.71 9.30701e+006 
4615.59 9.77139e+006 
4685.82 1.06548e+007 
4672.8 1.16907e+007 
4797.7 1.39479e+007 
4824.62 8.16099e+006 
4968.66 8.48543e+006 
5085.27 9.3021e+006 
5135.39 8.73981e+006 
5316.45 8.84474e+006 
5550.5 9.97467e+006 
5610.06 1.09657e+007 
5496.2 1.11304e+007 
5482.95 1.33485e+007 
4983.29 7.8177e+006 
5340.69 9.2021e+006 
5515.53 1.05354e+007 
5596.9 1.07925e+007 
5856.23 1.1361e+007 
5965.25 1.15568e+007 
6145.34 1.18429e+007 
6316.9 1.37739e+007 
6156.09 1.42313e+007 
5397.06 1.06834e+007 
5299.64 1.00728e+007 
5281.39 1.13821e+007 
5520.73 1.24382e+007 
5906.49 1.29956e+007 
5943.95 1.39949e+007 
5835.93 1.36851e+007 
5781.49 1.64548e+007 
5655.13 1.47139e+007 
5657.05 1.09971e+007 
5561.93 1.04812e+007 
5489.43 1.05659e+007 
5840.74 1.17214e+007 
6148.27 1.17219e+007 
6161.63 1.22799e+007 
6248.74 1.23932e+007 
6188.1 1.45286e+007 
6089.26 1.30697e+007 
5871.61 1.03461e+007 
6006.97 1.09285e+007 
6110.19 1.23279e+007 
6325.56 1.18148e+007 
6489.87 1.1398e+007 
6647.14 1.25338e+007 
6818.98 1.21831e+007 
6714.21 1.18155e+007 
6634.2 1.23223e+007 
6270.01 9.90611e+006 
6568.37 1.13836e+007 
6667.36 1.27345e+007 
6729.36 1.29106e+007 
6921.44 1.31274e+007 
7127.85 1.43991e+007 
7420.33 1.3879e+007 
7363.13 1.35273e+007 
7252.48 1.34644e+007 
8148.21 4.03732e+007 
8230.25 4.23483e+007 
8427.33 4.83488e+007 
9040.19 5.95664e+007 
10090.4 7.3307e+007 
10514.5 8.1896e+007 
10556.9 8.57441e+007 
10814.6 1.05543e+008 
11076.4 1.08891e+008 
7859.21 3.38951e+007 
7808.91 3.49235e+007 
8047.04 4.05e+007 
8841.71 5.89843e+007 
9710.41 7.31063e+007 
10044.4 8.09455e+007 
10431.4 8.61032e+007 
10903.9 1.15772e+008 
11157 1.1402e+008 
7827 2.90281e+007 
7740.52 3.17938e+007 
8001.49 3.91254e+007 
8850.85 6.23586e+007 
9446.13 7.25509e+007 
9700.1 8.29137e+007 
10441.7 8.69971e+007 
10991.9 1.16708e+008 
11189.2 1.08189e+008 
8131.96 2.75284e+007 
8102.62 3.03005e+007 
8285.66 3.9283e+007 
8883.68 5.93148e+007 
9296.99 6.44564e+007 
9686.12 7.64251e+007 
10423 8.38431e+007 
10783 1.04686e+008 
11102 1.00502e+008 
4589.21 8.0792e+006 
4519.78 8.76277e+006 
4401.85 8.85335e+006 
4612.16 9.03027e+006 
4792.32 9.61704e+006 
4941.33 1.14583e+007 
5136.23 1.49924e+007 
5888.86 2.21243e+007 
6623.75 3.15983e+007 
5020.39 9.69135e+006 
4972.93 1.07309e+007 
4920.17 1.02329e+007 
5221.35 1.17598e+007 
5330.11 1.09206e+007 
5260.27 1.13452e+007 
5418.61 1.26539e+007 
6033.25 1.60337e+007 
6852.11 2.61834e+007 
5590.33 1.09298e+007 
5529.9 1.33079e+007 
5526.21 1.2368e+007 
5856.08 1.40609e+007 
5992.88 1.25138e+007 
5929.7 1.16147e+007 
6086.32 1.19868e+007 
6367.17 1.4748e+007 
6850.31 1.6992e+007 
6037.53 1.34578e+007 
6037.48 1.4498e+007 
6156.41 1.4981e+007 
6299.8 1.45637e+007 
6632.63 1.53328e+007 
6698.12 1.39163e+007 
6583.9 1.40185e+007 
6637.51 1.33604e+007 
6828.96 1.44967e+007 
4066.78 1.19538e+007 
4133.92 1.3683e+007 
4113.29 1.44064e+007 
4168.46 1.43439e+007 
4298.86 1.42364e+007 
4427.05 1.5525e+007 
4513.97 1.61819e+007 
4985.54 1.89013e+007 
5553.45 2.37232e+007 
4648.19 1.23334e+007 
4765.11 1.45628e+007 
4808.35 1.40142e+007 
4908.81 1.40008e+007 
5129.16 1.46274e+007 
5219.79 1.52119e+007 
5248.27 1.5109e+007 
5586.78 1.59757e+007 
6016.59 1.91612e+007 
5083.86 1.12862e+007 
5307.91 1.33866e+007 
5449.08 1.30191e+007 
5596.68 1.19647e+007 
5924.73 1.32873e+007 
5994.78 1.31186e+007 
5939.72 1.29115e+007 
6102.04 1.33349e+007 
6213.56 1.49049e+007 
5259.41 1.0612e+007 
5448.56 1.11056e+007 
5703.55 1.2097e+007 
5972.43 1.32623e+007 
6379.99 1.36648e+007 
6481.8 1.27401e+007 
6310.16 1.32853e+007 
6444.44 1.33074e+007 
6419.53 1.44063e+007 
