39204.5 641758 
37456.1 7.65005e+006 
58358.3 1.28754e+007 
74930.5 7.27651e+006 
63446.4 1.69943e+007 
43746.9 2.01537e+006 
44925.1 6.06474e+006 
44284.2 1.36313e+006 
39481 2.33101e+006 
42536.6 1.70916e+006 
34870.8 2.48834e+006 
37870 2.09104e+007 
45221 2.71555e+007 
40295.8 2.70935e+007 
42255.4 3.40724e+007 
55284.3 1.97272e+006 
47940.8 5.42783e+006 
42943.8 7.29753e+006 
46418.2 1.18076e+007 
34553.4 2.2963e+006 
29906.3 3.68057e+006 
33088.9 3.37168e+006 
29625.2 1.31885e+007 
38220 3.033e+007 
55420.4 4.85145e+006 
50497.5 8.56395e+006 
45663.4 7.31771e+006 
47614.7 3.47383e+006 
39287.5 2.85238e+006 
48230.9 2.23153e+006 
47318.6 1.86969e+007 
33934.8 9.02659e+006 
38443.7 1.63004e+007 
50889.1 8.5188e+006 
49740.8 5.72083e+006 
37185.2 1.17897e+006 
92.8362 3.55708 
93.0654 3.59395 
85.3139 6.55179 
85.8198 3.96354 
88.6871 4.47987 
92.6837 12.0874 
90.8709 5.71297 
76.8558 3.89165 
76.7571 13.1509 
89.2879 3.19545 
82.1608 6.34886 
73.4966 0.585844 
77.012 3.18149 
76.4636 3.37541 
77.0531 10.4888 
80.8337 2.18627 
71.6351 10.0175 
67.1823 13.6068 
79.2466 0.534863 
78.5618 1.9048 
75.2105 1.6318 
74.5219 3.61279 
73.1336 6.88759 
73.7738 4.46348 
76.5201 1.44664 
72.0375 3.31998 
72.757 9.28441 
82.4152 1.63932 
86.9912 4.63729 
85.7727 4.16471 
87.5834 4.15492 
90.9231 7.34305 
90.2259 6.37681 
81.4898 11.6607 
75.3117 1.82415 
85.9981 16.7936 
168.909 0.193598 
168.385 0.012747 
166.258 1.11739 
160.902 2.99931 
157.062 3.53476 
158.254 4.51758 
166.86 11.3095 
181.02 2.35333 
178.501 2.45701 
169.34 0.0912168 
166.327 1.20829 
157.511 5.4048 
147.632 2.432 
144.485 1.14562 
148.161 5.72589 
161.709 14.9055 
178.425 2.00055 
177.736 3.52321 
169.333 0.270054 
162.943 2.6627 
152.905 4.78747 
146.358 4.71215 
143.707 2.98142 
145.772 3.20961 
163.773 24.1273 
183.404 2.89885 
180.77 7.93575 
167.931 0.731508 
162.309 0.878209 
159.897 1.94363 
158.849 3.593 
155.243 4.46184 
154.095 2.16628 
173.571 38.2895 
192.199 1.26751 
182.765 20.8927 
195.675 0.493516 
196.956 0.191681 
196.198 0.202534 
192.252 0.675234 
191.087 0.762078 
192.404 0.137685 
191.059 0.086201 
189.696 0.334841 
192.207 0.363406 
195.428 0.150934 
194.079 0.404549 
192.398 0.208228 
188.015 1.06835 
188.28 0.528326 
191.293 0.151457 
189.92 0.0486131 
190.375 0.691043 
192.898 0.751109 
197.751 0.319477 
191.12 1.48101 
189.79 0.231072 
192.254 0.222869 
194.261 0.274689 
194.233 0.569186 
191.4 0.123213 
190.64 0.134742 
191.484 0.40435 
196.835 0.332177 
191.929 0.725975 
192.539 0.262396 
195.93 0.405235 
196.853 0.0274104 
195.556 0.223373 
193.03 0.308614 
191.84 0.0308629 
192.639 0.1433 
267.207 28662.7 
3306.79 1.29556e+006 
14727.6 4.83545e+006 
24521.4 5.74013e+006 
23982.7 3.43265e+006 
16263.5 3.10456e+006 
9082.67 6.69612e+006 
5959.18 557889 
6251.47 160261 
1727.78 318760 
3033.08 102130 
8165.15 2.43491e+006 
10753 6.01705e+006 
12944.8 1.76342e+007 
12114.9 9.82832e+006 
9151.1 1.81404e+006 
8616.52 406174 
6921.58 140607 
4120.79 681410 
3795.46 1.01512e+006 
8034.65 2.57166e+006 
14060.4 2.52583e+006 
12849.7 1.45952e+007 
8518.34 2.35443e+007 
8996.61 5.71219e+006 
8966.34 344764 
9468.09 164288 
4965.72 1.14634e+006 
6308.39 572392 
11247.9 1.4106e+006 
16912.7 1.1231e+006 
18210.6 498094 
15337.9 308986 
10587.8 2.59404e+006 
6182.38 1.16991e+006 
7396.89 380259 
2547.3 823912 
11205.8 7.73404e+006 
27300.2 8.83306e+006 
28971.9 4.83352e+006 
15461.2 8.53705e+006 
7641.67 71512.5 
8927.82 556998 
8629.81 745679 
5191.07 66033 
4400.97 843070 
9068.49 4.08017e+006 
14791.6 1.50928e+007 
12576.9 9.15292e+006 
6922.8 1.24566e+006 
6561.93 2.01411e+006 
11530.2 878390 
11943.3 2.26316e+006 
5655.47 69108.7 
5750.49 546145 
5055.76 409778 
4908.46 128005 
4443.5 187144 
3239.84 90757.5 
5183.5 3.20615e+006 
11221.6 584455 
11151.1 3.0035e+006 
5924.12 54941.8 
5908.49 550853 
6737.04 210864 
6710.42 166097 
4502.55 173735 
2663.31 176776 
5728.95 2.95653e+006 
10083.3 3.38443e+006 
7760.09 3.50744e+006 
4323.54 75723.9 
11225.1 827681 
11033 1.25853e+006 
7819.36 2.15692e+006 
4669.5 547219 
4255.18 223815 
3513.71 313307 
6815.7 1.02136e+006 
10249.1 353601 
6136.23 469398 
14203.7 390877 
12850.5 151714 
6245.95 781596 
3996.01 592018 
2657.71 36341.9 
5589.67 1.70656e+006 
10047.6 454375 
7735.68 1.21957e+006 
4497.37 410164 
11352.5 686945 
9748.78 1.13652e+006 
4577.78 236259 
2221.66 153525 
1981.85 66569.1 
6627.85 1.95165e+006 
9772.2 102414 
8535.11 1.90229e+006 
7187.58 1.37405e+006 
8503.56 669364 
5639.19 59693.5 
3552.99 279662 
1334.36 51109.9 
1095.57 7843.39 
2793.12 384083 
6091.87 290819 
8715.72 200248 
6517.75 186408 
20091.4 3.40804e+006 
7968.5 2.18023e+006 
3885.7 381019 
5343 536499 
5921.19 333107 
2368.47 41748 
6392.99 1.89849e+006 
10367.7 807282 
7445.78 1.13313e+006 
14780.2 3.86502e+006 
4504.83 214792 
2634.78 148617 
6509.32 152814 
6184.75 185479 
5758.74 907609 
10023.4 573710 
7432.21 901042 
5873.6 3.63347e+006 
13183.3 2.80036e+006 
5975.29 198034 
3336.56 367076 
2480.79 310612 
2274.72 643509 
9369.41 3.26683e+006 
14767.6 434442 
9676.94 4.2668e+006 
6421.62 2.16517e+006 
14385.9 6.56184e+006 
6267.78 811462 
3980.62 647833 
1702.4 110723 
557.235 28130.8 
5638.44 2.62296e+006 
15674.6 1.06891e+006 
19001.5 7.38111e+006 
9934.46 1.22346e+006 
4521.89 108024 
2763 84285.3 
2328.16 136357 
5435.49 421260 
6016.68 226536 
6153.9 696211 
7415.76 169711 
4774.34 978151 
7065.47 545464 
5141.99 123137 
2800.48 93905.6 
2923.38 257211 
6762.44 68511.3 
6344.69 335257 
6367.11 497886 
8576.75 89811.9 
6021.8 651085 
9943.29 448372 
7178.26 258744 
4489.37 440326 
4407.59 913513 
3994.93 283159 
2961.53 308614 
4168.39 591145 
6137.94 432693 
5327.49 341834 
6572.52 448364 
8793.63 344837 
7258.21 475400 
11989.3 720000 
10258.7 1.8627e+006 
2209.44 2.0386e+006 
2709.96 365218 
4204.85 213913 
3727.05 57595.1 
2740.49 89873.4 
551.612 16154.3 
1179 44203.2 
2297.25 59906.5 
5989.08 1.02992e+006 
7809.49 455794 
7805.7 314255 
6290.21 239742 
4304.03 305908 
7390.94 407109 
2282.06 182172 
2613.4 320670 
3109.07 136867 
4623.3 60569.8 
5241.12 211357 
5863.02 759070 
5955.2 276990 
6191.29 769185 
10052.5 160667 
4832.86 302510 
5488.74 564291 
4641.23 52009.1 
5887.55 165194 
6317.49 1.05677e+006 
4352.52 1.29825e+006 
4524.51 47106.4 
6840.51 2.02097e+006 
10089.5 517810 
5057.37 426363 
7076.85 1.68367e+006 
10749.6 1.30722e+006 
12607.9 6.21015e+006 
9198.63 1.67652e+006 
6235.37 91009.9 
4246.74 167461 
4354.13 524339 
6272.08 581487 
