39401.9 39682 39588.3 40185.4 39870.6 38308.3 39758.7 37862.5 38182.4  
35231 39046.1 43215.9 35075.7 35650 39204.1 34455.3 35721.6 39505.2  
56755.8 56243.6 64417 53579.7 58361.8 61744.3 53486.6 58527.2 62109.1  
75978.8 68164.5 74330.3 74406.3 76217.5 76281.4 73986.3 77924 77084.9  
66788.8 56499.1 56482.9 66997.2 65698 61560.2 66465.7 67271.9 63254.1  
44103.2 43378.7 41518.8 45322.8 43499 41711.1 45903.2 44936.1 43349.5  
44635.6 49304.2 42261.7 47591.4 43180.6 41229.3 46579.3 45676 43868.3  
43776.2 47293.2 43551.9 45065.5 44173.8 43251 43628.5 44002.7 43814.8  
37555.9 41964.2 40769.6 39478.2 38140.6 40184.7 41144.4 37680.6 38410.4  
43058.5 42955.1 40212.3 44117.1 43570.6 41769.2 44058.4 42282.9 40805.7  
35089.8 32838.8 36170.4 33039.1 35507.1 37048 32585.3 35019.5 36539.2  
40616.4 28444.4 39538.7 33607.6 41103.9 42129.9 33258.2 40535 41595.7  
49997.4 33591.5 43151.9 42364.6 49852 48180.7 41682.2 49897.3 48271.2  
44526.2 29101.6 38593.7 36604.7 44841.8 44371.5 36245.6 44437 43940.4  
44216 36154.9 48391.7 36520.7 45795.5 48406.1 30907.7 44127.4 45778.6  
56548.3 54276.2 54952.5 57617.2 54492.6 52687.9 55943.7 56435 54605.1  
47085.7 46745.5 45625.5 50422.3 47684.9 46378.9 53502.8 46991.4 47030  
41568.7 41513.1 46824.5 39852.1 44755.4 47375.3 39529.7 41485.4 43590.2  
45007.9 48589.7 41508.9 51627.5 47374.1 45653.9 51170.4 45179 41652.8  
33489.7 35726.1 32721.8 37058.8 34837.6 34229.3 36616.7 33422.6 32878.2  
27390.2 33600.5 30633.2 31307.2 29775 30790.1 30197.1 27335.3 28127.8  
31089 35337.3 32633.3 34972.1 34641.6 33884.9 34146.3 31026.7 30068.8  
26027.8 33135.4 27922.8 34138.1 31035.8 29502.2 34677.8 25975.6 24210.8  
30391.8 46242.5 43843.1 40944.8 39423.9 42972.1 35213.6 30330.9 34617.6  
53006.4 58853.7 55705.2 58960.9 54356.1 54504.2 56837.6 52900.2 53659.8  
50173.9 49525.2 47263.9 54155.9 49731.3 48064.1 56951.7 50073.4 48538  
44907.7 41938.7 49505.3 42150.8 47802.8 48828.8 43393.1 44817.8 47625.8  
48667.7 48846.4 43798.7 49357.5 48661.1 46655.6 48522 48944.6 45078.5  
39094.5 38465.8 42765.9 37056.7 38717.5 40430.7 37283 39016.2 40757  
47412.6 51834.5 49682.6 47477.5 47729.3 48262.1 46700.7 47317.6 47660.7  
45460.3 55093.3 42841.5 52250.1 45969.1 43709.5 52126.8 45369.3 43047.2  
32660.2 36710.5 31281.4 38380.3 31978.7 30964.8 39043.7 32594.8 31798.7  
38714.5 33692.9 43351.6 33186.4 40347.7 43299 32753.8 38636.9 42010.4  
54036.3 44429 51404.9 47819.3 51434.2 52026.5 50072.9 53928.1 52851  
52171.4 47977.2 46208.1 52064.1 49333 46466.7 52491.9 52066.9 48888.4  
37781.3 35416.5 37215.7 36189.7 38368.3 36310.2 36647.8 37705.7 39031.8  
93.2982 93.3138 93.8474 88.5123 93.2982 94.1 90.4837 94.2761 94.3966  
94.6062 88.8307 90.5696 94.222 94.6062 93.721 93.8274 94.108 93.0972  
87.6464 79.0005 84.8896 84.965 87.6296 87.2257 83.8197 86.5161 86.1323  
87.9736 81.8425 85.973 84.5303 87.7261 87.5215 83.4749 86.8408 86.4959  
90.1905 85.4576 89.6162 86.3025 90.5099 91.2305 85.6369 89.2701 89.9693  
94.2206 87.8881 95.1021 88.9335 95.5571 96.6399 87.0325 93.4279 95.3512  
94.21 87.5163 87.2596 92.233 91.4735 88.6491 92.3009 93.4693 90.726  
78.2972 75.9451 74.0565 78.7709 76.1805 74.5116 80.3651 77.8688 75.7061  
75.3932 73.6303 81.1359 73.7216 79.3423 82.9706 71.4435 75.0473 78.1295  
90.8432 85.5115 88.4585 87.6587 90.8432 90.2317 88.4966 91.2132 90.334  
83.7203 78.961 77.3501 84.8435 83.7203 81.1439 84.8435 83.7203 81.1439  
73.9874 71.5373 73.0109 73.6055 74.1932 73.8315 73.4928 73.9874 73.8229  
78.0887 73.3893 77.5957 75.2573 78.0427 78.6413 75.2625 78.0887 78.7422  
78.1844 72.6884 75.3188 74.9937 77.9502 77.6951 75.3582 78.1844 77.7996  
77.3987 74.3598 79.8067 72.9959 79.5264 81.1102 71.2522 77.3987 79.629  
82.7256 77.6993 80.0142 79.9555 81.3661 80.5092 80.7492 82.7256 81.7582  
74.3108 68.5125 66.8133 73.8882 70.943 68.2948 76.6992 74.3108 70.943  
66.6509 63.4658 70.4266 63.4258 70.0673 73.4718 61.4972 66.6509 68.9838  
79.9117 78.5221 78.1965 80.1379 79.9767 78.657 79.8528 79.5125 78.4523  
78.4048 79.7194 76.0813 80.6534 78.7947 77.6709 80.1397 78.4048 77.1875  
74.0223 78.0486 75.0991 76.2008 74.8478 74.7666 76.0262 74.0223 73.8612  
72.5899 78.3218 74.1474 76.681 73.9452 73.9629 75.8095 72.5899 72.6495  
71.2047 77.8078 71.1211 76.8782 72.092 71.5642 75.5181 71.2047 70.8113  
71.7771 78.5095 74.8104 74.6856 73.4707 74.5724 71.166 71.7771 73.1956  
76.2829 78.0943 75.465 78.2199 75.5033 74.9684 78.082 76.2829 75.7817  
72.2242 71.9807 70.0458 74.4421 71.1063 70.0435 75.6656 72.2242 70.6049  
69.3734 75.6739 76.4614 72.2385 73.8202 77.3412 68.9236 69.3734 71.6075  
81.2591 85.0214 83.6062 83.0349 82.0255 81.6577 83.0033 80.8402 81.2882  
85.4927 92.1902 85.4588 88.6521 86.5431 86.1827 87.8103 85.4927 85.0984  
83.448 90.4016 86.9088 86.8857 84.7148 85.6949 85.9315 83.448 84.5211  
85.2978 91.8176 89.0522 89.0732 86.3033 86.9783 88.3027 85.2978 86.1279  
89.0196 96.6211 89.7703 93.7685 89.708 89.0099 93.1152 89.0196 88.276  
88.1418 95.9539 89.5791 92.8805 89.1632 88.9908 91.1674 88.1418 88.0151  
81.5275 83.9524 76.8939 85.4173 79.8621 77.5418 87.6574 81.5275 79.0289  
74.2593 78.3172 75.1505 76.2792 74.4769 74.5026 76.4745 74.2593 74.0855  
81.79 91.7077 91.2045 84.7643 86.6438 90.5042 80.2221 81.79 85.3559  
168.658 169.105 168.833 169.883 168.658 168.632 169.385 168.452 168.575  
168.376 168.45 168.145 168.53 168.376 168.331 168.547 168.372 168.339  
167.028 164.254 164.529 166.951 166.845 166.066 167.206 167.089 166.356  
162.339 156.54 159.565 161.193 162.203 161.472 161.204 162.19 161.413  
158.764 152.467 156.966 156.333 158.555 158.268 155.95 158.329 157.922  
159.263 154.781 159.799 156.304 159.937 160.683 155.028 158.874 159.62  
166.089 164.893 171.635 163.13 168.446 171.576 161.261 165.94 168.773  
181.624 179.567 181.989 179.826 182.267 182.615 177.724 181.463 182.105  
180.261 177.542 176.025 179.277 178.283 176.246 180.464 180.038 178.373  
169.289 169.365 168.859 169.928 169.289 169.216 169.754 169.182 169.176  
167.029 164.691 164.171 167.332 167.029 166.163 167.332 167.029 166.163  
159.297 153.772 153.467 159.362 158.763 156.56 159.938 159.297 157.139  
148.907 144.256 145.595 148.49 148.689 147.493 148.733 148.907 147.619  
145.206 142.119 144.614 143.531 145.213 145.464 143.714 145.206 145.3  
148.237 145.773 150.718 145.352 149.705 151.31 144.173 148.237 149.946  
160.328 161.706 167.415 157.364 163.076 166.631 154.747 160.328 163.79  
177.745 180.367 179.964 177.819 178.724 179.391 175.349 177.745 178.724  
177.985 179.483 175.676 179.544 176.459 174.887 180.923 177.985 176.679  
169.647 168.606 168.297 169.85 169.529 169.228 169.894 169.643 169.298  
163.793 161.603 159.705 164.878 163.716 161.998 164.979 163.793 162.018  
152.832 154.15 149.442 156.249 152.869 150.923 156.06 152.832 150.79  
144.899 149.965 144.749 149.55 145.574 144.859 148.545 144.899 144.186  
142.399 146.915 142.575 146.026 142.875 142.689 145.28 142.399 142.205  
143.827 147.605 148.342 145.141 145.994 147.965 143.308 143.827 145.942  
160.768 166.693 171.316 159.336 164.758 169.738 155.135 160.768 165.448  
182.055 187.062 184.585 183.685 183.391 184.056 180.758 182.055 182.992  
181.407 182.501 177.243 183.69 179.078 176.53 185.663 181.407 179.406  
168.247 167.951 166.072 169.022 168.156 167.486 168.959 168.227 167.264  
162.152 162.784 161.141 163.806 162.184 161.416 163.814 162.152 161.336  
158.915 162.629 159.391 161.437 159.221 158.831 161.257 158.915 158.472  
157.534 162.659 157.884 160.931 157.956 157.45 160.628 157.534 157.066  
153.953 158.788 153.833 157.939 154.202 153.483 157.829 153.953 153.21  
152.049 156.774 155.373 154.915 153.7 154.805 154.086 152.049 153.104  
169.627 176.94 183.047 168.253 175.331 180.83 162.504 169.627 175.981  
191.352 193.348 193.71 191.808 192.562 193.274 189.987 191.352 192.398  
185.372 181.41 176.767 186.535 180.339 176.614 191.462 185.372 181.016  
195.101 195.549 196.968 194.906 195.101 196.099 195.145 195.521 196.684  
197.278 196.091 197.13 196.496 197.278 197.214 196.497 197.334 197.283  
196.485 195.418 195.511 196.522 196.329 195.988 196.781 196.589 196.163  
192.626 190.356 191.41 192.99 192.647 192.213 193.117 192.681 192.231  
191.55 189.249 191.778 190.62 191.641 191.726 189.965 191.553 191.703  
192.889 191.638 192.069 192.633 192.515 192.217 192.389 192.855 192.43  
191.277 190.444 190.663 191.103 191.354 191.014 191.321 191.234 191.118  
189.639 188.757 190.403 189.034 189.963 190.703 189.474 189.487 189.804  
192.544 191.026 192.626 191.856 192.738 193.047 191.521 192.229 192.275  
195.006 196.355 195.334 195.256 195.006 195.327 195.578 195.317 195.671  
194.385 192.448 193.573 194.52 194.385 194.247 194.52 194.385 194.247  
192.909 191.41 191.907 192.269 192.654 192.489 192.434 192.909 192.604  
187.903 189.3 186.685 189.262 187.797 186.925 189.471 187.903 186.892  
187.6 189.76 189.335 188.064 187.908 188.382 187.717 187.6 188.156  
191.373 191.471 190.93 191.704 190.906 190.743 192.024 191.373 191.116  
189.741 190.291 189.687 190.234 189.93 189.803 190.111 189.741 189.739  
189.431 191.172 191.923 189.899 190.278 191.237 189.728 189.431 190.278  
192.454 193.316 192.75 193.847 192.162 192.248 194.795 192.454 192.058  
197.907 197.239 196.564 197.922 197.818 197.514 198.627 198.31 197.856  
191.407 190.483 189.193 192.973 191.285 190.089 193.04 191.407 190.205  
189.73 189.979 190.397 189.281 189.658 190.219 188.816 189.73 190.298  
192.229 193.319 192.578 191.786 192.029 192.228 191.556 192.229 192.331  
193.897 195.494 194.851 194.039 193.987 194.241 193.818 193.897 194.127  
194.128 194.397 193.539 194.958 193.807 193.479 195.973 194.128 193.693  
191.37 191.5 190.897 191.826 191.339 191.1 192.094 191.37 191.107  
190.347 191.379 190.982 190.39 190.625 190.915 190.15 190.347 190.629  
191.65 192.095 190.553 191.971 190.94 190.85 192.591 191.65 191.055  
197.219 195.884 195.829 197.266 196.982 196.702 197.427 197.425 196.779  
191.842 191.873 191.242 193.379 191.875 191.016 193.374 191.842 190.92  
192.039 193.784 192.869 192.682 192.322 192.553 192.32 192.039 192.243  
195.591 197.3 196.36 195.421 195.833 196.289 194.956 195.591 196.025  
196.698 197.121 197.039 196.797 196.788 196.967 196.608 196.698 196.964  
195.529 195.411 195.07 195.974 195.391 195.14 196.693 195.529 195.265  
192.945 192.504 192.919 193.612 192.63 192.868 194.329 192.945 192.518  
191.937 191.49 191.665 191.917 191.833 191.851 192.151 191.937 191.781  
192.928 193.054 192.296 192.553 192.881 192.434 191.817 192.928 192.857  
135.67 240.923 699.402 241.588 137.283 312.377 147.204 149.726 340.689  
3195.99 3591.91 5431.38 1508.07 3234 3856.32 1569.99 3366.79 4006.68  
14046.4 13994.9 17672.7 11451.7 14867.7 16932 11427.2 14719 17437.1  
25203.8 20258.7 25600.4 22148.6 26013.4 26919.8 21528.1 25678.5 27341.5  
25612.5 20068 24297.5 22963.2 25437.5 25309.1 21829.2 25649.1 24678.1  
17204.6 15416 14127.4 17671.2 15183.8 14124.3 19670.2 17569.8 15403.8  
8968.05 9570.73 5682.4 12179.4 8035.85 6010.55 14204.2 9419.1 7673.76  
5002.98 7610.38 6535 6176.31 5590.74 6222.82 5428.05 5258.21 5808.15  
6397.87 7162.61 6011.33 5808.43 6133.22 6049.59 5802.93 6488.12 6409.12  
1159.67 2268.45 2701.51 2148.29 1173.47 1314.85 2219.68 1205.57 1358.54  
2865.13 2358.06 3451.08 3099.35 2899.2 3377.57 3056.78 2859.39 3331.18  
9119.73 6249.51 8649.7 6076.75 9199.27 9645.57 5696.46 9101.46 9747.85  
12138.8 6374.52 12008.7 7858.83 12425.6 13104.6 7861.53 12114.4 12890.1  
15254.1 4964.3 15072.4 8464.44 15912.7 17239.1 8217.95 15223.6 16154.3  
14954 5532.89 12425.5 9056.77 14335.6 14173.7 9537.52 14924.1 14094.3  
10014.2 7779.07 7517.34 10542.8 9126.48 7484.58 11421.4 9994.11 8480.03  
7938.92 9712.61 8942.83 9451.18 8649.68 8621.19 7778.38 7923.02 8530.89  
7481.56 6614.57 6632.04 6393.33 7024.6 6750.11 6688.37 7466.57 7243.05  
2941.59 5123.88 4501.42 4771.98 4163.48 4208.31 5165.93 3068.6 3141.94  
2796.45 3700.16 4307.6 5405.56 3305.02 3477.08 5532.57 2790.85 2843.87  
6373.09 9425.66 11141.4 6806.48 8158.59 9626.75 6673.7 6360.32 7745.87  
12025.2 16778.6 15421.5 13929 14865.2 15044.7 14270.5 12001.1 12208.2  
8891.81 17899.7 11983.1 17194.4 13148.5 12083.1 17986 8874 7586.96  
2602.31 14512.5 8703.35 14596.6 7364.44 8774.34 14563.1 2597.1 2951.27  
6888.04 11251 7536.14 12975.4 8199.36 7879.73 12562.7 6874.24 6802.86  
9229.31 8305.65 8487.65 8920.99 9907.72 8828.08 8068.84 9210.82 9737.97  
10056.7 9338.83 9520.2 9254.75 9162.86 8907.19 9057.82 10036.6 9877.8  
5242.34 4134.87 5945.6 3192.72 5101.22 5889.85 3398.34 5447.84 6338.69  
6328.75 5227.66 8149.87 5737.17 6094.88 6428.09 5931.75 6316.07 6561.31  
10960.3 11407.6 13587.8 9502.95 11173.3 12094.1 9596.43 10938.3 11970.7  
16872.1 19647.2 16547.3 15883.4 16664.3 16758 15792.2 16838.3 17211.2  
18039.8 20092.6 18268.9 18141 17500.5 17677.2 18228.9 18003.6 17942.9  
15306.2 14539 15793.5 15324.2 14642.3 15415.9 16531.4 15275.5 15212.8  
12174.8 8657.88 8141.8 11545.2 10561.2 8811.08 12732.4 12150.4 10515.4  
7326.11 3653.74 6107.56 5850.16 6753.71 6088.12 5539.14 7311.44 7011.4  
8153.6 6232.64 7680.6 7080.96 7353.87 7237.77 6741.96 8137.27 7953.37  
1953.62 3284.66 4291.79 1503.19 1976.86 3028.87 1468.39 2156.03 3262.27  
9844.97 11886.5 16889.3 7562.94 9962.07 12966 7871.01 10371.1 13498.4  
26409.8 26654.8 31452.1 22682.7 27424.2 30001.7 22701.6 27748.4 30626.9  
30622.3 24660.3 25485.3 29475.6 30451.1 28864.5 29989.9 31388.5 29810.1  
17206.1 12073.3 10857.6 19059 15994 12911 19529.5 17286 14234.3  
7350.89 7799.91 7670.15 7514.29 7492.3 7760.95 8229.26 7681.11 7276.12  
8800.26 9678.21 7911.05 9593.34 8371.06 7919.44 10140.2 9248.5 8688.31  
8512.34 10211 7262.44 8969.5 8740.23 7248.94 8721.28 8935.37 9067.22  
5367.11 5639.15 4904.64 4769.76 5156.68 4984.43 5173.66 5373.85 5350.4  
3675.11 4835.32 6526 3675.98 3718.82 4794.56 3651.8 3796.92 4934.23  
9377.55 5258.62 11885.9 7247.56 9489.09 11001 7148.02 9358.77 10849.9  
17643.8 6973.97 14277.8 11218.1 17980.6 18078.5 11163.7 17608.5 18179.8  
15514.3 6732.23 10236.3 10429.3 15477.3 14441 10303.2 15483.2 14575.3  
7994.25 4132.06 6195.26 7122.26 7621.15 6993.38 7203.13 7978.24 7065.51  
5827.34 5633.48 9338.9 4903.84 6711.18 8682.44 5476.76 5815.67 6667.79  
11167.5 11662.9 11939.3 13149.2 10730.3 10363 12961.3 11145.1 10653.3  
12143.9 12088.1 9928.3 14767 11958.6 9407.75 13281.8 12119.6 11794.4  
5742.72 5614.94 5444.68 5656.84 5535.5 5240.82 6268.79 5731.22 5663.68  
4606.48 6604.19 6082.23 6310.29 5662.5 5928.66 6735.28 4770.69 5054.06  
4483.64 5526.93 4461.85 6058.2 4963.07 4830.19 6129.09 4474.66 4574.23  
4461.47 5530.9 5113.85 5100.21 5029.65 4990.82 5068.68 4452.54 4427.98  
4018.71 5029.96 4105.72 4910.31 4580.13 4365.42 5038.62 4010.66 3932.02  
3132.94 3079.91 3097.16 3618.5 3031.87 2969.35 3933.9 3126.66 3168.27  
2896.79 5743.95 8303.3 4629.99 5393.37 7798.83 4188.15 2890.99 4806.15  
10346.4 12267.1 11602 12135.6 11038.6 10940.6 12035.3 10325.7 10303.1  
12704.6 11526.6 8394.15 13025.3 10770.2 8186.77 12485 12679.2 10588.1  
5942.3 6325.67 5914.9 6047.53 5669.64 5488.12 6159.56 5930.4 5838.92  
5922.17 5259 6745.13 4732.2 5856.68 6578.06 5029.77 6044.77 7008.62  
7340.54 6598.78 6221.78 6070.19 7064.78 6785.02 6214.98 7325.84 7011.45  
7361.04 6473.38 6153.55 6354.66 6974.48 6501.59 6468.48 7346.3 6760.29  
4819.39 3886.94 3892.41 4836.11 4599.28 4168.15 5114.1 4809.74 4396.8  
2817.56 1901.08 2227.83 3023 2746.06 2397.06 3415.78 2811.92 2629.49  
4820.05 4026.95 8599.22 4167.98 6252.8 8381.15 3909.07 4810.39 6592.96  
11704.2 6268.55 10791.8 8139.07 11006.1 10931.7 8552.9 11680.8 11674.8  
10507.8 4826.32 5761.89 7288.39 8429.74 6250.13 7538.37 10486.7 8751.54  
4571.72 3800.24 4539.25 4077.74 4345.12 4284.44 4068.35 4562.56 4662.48  
10245.1 13432.3 11625.4 11360.2 10366.9 10782.7 11532 10599.4 11081.9  
9669.26 13132 11285.2 11905.7 9784.26 10626.2 12138.7 9914.18 10841.4  
7481.65 7853.07 5926.96 10175.7 7451.35 6476.02 10507.5 7670.19 6831.83  
4598.59 4449.29 4470.67 5765.3 4491.82 3900.1 6020.71 4744.1 3584.95  
4164.92 4169.86 3792.29 4816.8 4010.67 3768.97 5284.52 4355.12 3933.46  
2883.31 4927.79 3208.66 3330 3570.15 3675.63 3391.31 3022.34 3614.21  
6723.51 8472.78 7223.51 6151.22 6951.89 7223.7 4478.51 6877.84 7238.32  
11040.7 9658.23 9464.84 10321.7 10655.5 9966.98 9517.02 11108.4 10508.5  
6181.74 5597.16 5632.06 5988.97 5923.37 6077.41 8007.98 5897.41 5919.93  
14697.8 13822.4 12867.7 13944.2 14872.6 14634.4 13712.3 14739.9 14541.7  
12886.2 12964.3 12578.7 12366.7 13039.4 13473.6 12196.8 12860.3 13288.6  
6086.51 5497.2 5387.89 7783.47 6091.01 5636.51 7887.78 6074.32 5768.88  
4345.24 3308.55 3004.34 5153.13 4223.39 3217.74 5072.03 4336.53 3303.13  
2736.14 2608.94 2514.06 2937.69 2575.5 2490.56 2962.48 2730.66 2363.4  
5394.14 6595.76 6948.67 4513.35 6028.3 6713.15 2520.27 5383.33 6210.07  
10628.7 9794.96 10110.4 9165.16 10385.7 10431.8 8647.87 10607.5 10656.3  
8439.37 6337.98 5990.32 8013.52 7785.46 7093.26 9860.24 8422.47 7678.54  
4009.47 4563.31 5145.41 3759.87 5095.8 5469.39 3592.21 4001.44 4839.45  
11835.2 10158.4 10057 12298.5 12009.4 11033.7 12335.6 11679 10765.8  
10797.7 7767.82 9252.23 8715.72 10461.1 10425 8804.88 10776 10738.5  
4866.68 3926.12 3465.2 4780.08 4775.79 4763.78 4912.14 4856.93 4853.32  
2390.36 1510.55 1680.24 2722.35 2399.18 2132.64 2689.32 2385.57 2084.75  
2243.75 1474.47 1930.13 1753.57 2123.18 2155.6 1733.86 2239.26 2182.84  
7262.67 6517.26 7779.02 5314.05 7280.63 7303.66 3218.56 7248.12 7726.73  
9757.85 9824.93 10451.6 9377.27 9701.17 9750.43 9303.15 9738.3 10045.1  
7781.27 8867.41 7799.74 9828.56 7865.06 7796.87 11853.4 7765.69 7258.01  
5947.58 6922.15 8964.27 6254.45 8282.34 8794 6060.83 5935.67 7526.9  
8873.03 8817.51 7260.54 9639.91 8979.41 7879.6 9217.12 8699.13 7165.79  
5732.07 5657.17 4974.19 5799.36 5839.62 5683.38 5741.56 5720.59 5604.79  
3569.34 3372.67 2471.78 4258.32 3464.66 3380.86 4431.88 3562.19 3465.19  
1285.37 960.499 1308.98 1672.47 1259.43 1247.59 1755.64 1282.8 1236.5  
1191.91 910.551 1009.37 1103.94 1159.19 1037.28 1106.3 1189.52 1152.05  
2887.99 2422.89 3266.31 1922.37 3222.13 3471.9 1654.05 2882.21 3408.22  
6264.78 5665.54 6417.06 5199.16 6273.95 6832.08 5304.49 6252.24 6617.51  
8964.26 9082.15 7873.98 9184.23 8406.11 8269.76 9238.22 8946.31 8476.44  
6039.77 6732.39 6954.82 5946.82 7000.42 6745 6190.71 6027.67 7022.13  
22211.4 16974.2 18058.5 21748.3 22475.5 19392.8 21230.3 20093.5 18637.6  
8458.46 6519.95 5620.14 10657.5 8559.06 7427.05 9616.77 7975.17 6882.45  
4326.66 3042.12 3472.57 4818.93 4200.49 3302.69 4602.58 4031.73 3173.48  
4718.17 6250.84 5571.12 6436.07 4566.71 4550.93 6197.53 4970.32 4825.33  
5504.35 6531.18 5069.64 6723.7 5556.52 5536.85 6796.12 5798.51 5773.82  
2043.6 2644.94 2576.6 2615.08 2197.58 2273.1 2437.51 2152.81 2375.02  
7040.12 7174.54 7242.11 5161.58 7054.49 7220.47 2899.49 6742.4 7001.66  
11228.7 9307.98 10501.4 9915.83 11299.4 11290.6 8541.04 10650.6 10573.9  
6599.41 6093.67 8590.59 7692.43 7136.08 8952.9 8916.2 6411.86 6618.86  
16578.8 13199.1 10953 16517.1 16776 13996.3 16505.4 15521.8 12974.2  
4901.39 5084.98 3624.8 4153.18 4959.69 4446.4 4096.14 4891.57 4385.34  
2428.77 2514.73 3612.57 2773.87 2372.87 2361.77 2853.8 2423.9 2370.76  
6569.87 6320.15 6180.93 7424.44 6405.12 6069.92 6831.42 6556.71 6225.29  
6305.78 6419.44 4975.54 6425.89 6358.04 6317.38 6295.46 6293.15 6272.1  
5445.75 7831.67 6466.71 6087.24 5412.49 5501.87 4073.63 5434.84 5574.42  
9775.49 11864.5 10431.8 10402.8 9511.82 9529.21 9145.23 9755.91 9793.72  
7311.94 6345.26 6857.34 7099.8 7362.87 7387.94 9965.68 7297.29 7261.76  
4477.64 4463.79 8669.54 4083.74 6968.75 9474.24 4630.8 4468.67 5625.2  
14531.1 13343.1 9385.81 14880 14021.1 12872.3 13917.1 14350.1 11349.5  
6508.9 5925.72 5454.11 5544.74 6381.52 6067.34 5229.75 6495.86 6169.68  
3307.38 3015.18 2597.45 4547.53 3214.84 2919.39 4231.82 3300.76 2894.73  
2993.89 1165.16 1995.27 2692.88 2835.66 2626.8 2276.15 2987.9 2753.45  
3005.44 804.907 1873.52 1535.42 2894.03 2845.49 1497.32 2999.42 3016.94  
10118 9636.14 10710.7 7510.67 10156.5 10106.7 4990.84 10097.7 10997.5  
15073 15638.5 15315.8 14648.8 14246.5 14417.7 13323.5 15042.8 15201.7  
8740.71 10623.8 8385.44 12220.4 8117.94 8238.42 14141.2 8723.21 7901.43  
4930.85 5353.33 8543.88 5313.48 7613.7 8962.47 5964.34 4920.97 6191.56  
14408.1 17257.5 10815.8 18134.7 14551.7 12293.7 17041.5 14117.4 10852.9  
5575.01 7060.07 5752.05 7864.53 5795.18 5720.99 7591.48 5563.85 5486.82  
3923.72 3673.06 2890.96 5395.83 3733.39 3386.24 5368.98 3915.86 3537.55  
1651.72 1649.65 1374.67 2210.76 1567.63 1402.05 2371.6 1648.41 1445.1  
476.134 499.423 479.534 780.734 474.678 430.431 941.535 475.18 457.465  
6292.53 4453.68 6741.12 3497.84 6689.67 7082.16 2493.68 6279.92 7215.33  
14978.3 16538.7 17574.3 14871.3 15110.2 17130.3 14687.6 14948.3 15232.1  
17102.4 23369 17736.1 22457.3 17474.4 17119.1 22533.8 17068.2 16153  
8981.93 11936.1 8975.21 10938.2 10272.3 8777.22 11157.8 8963.94 9407.48  
4417.02 5057.17 4110.95 4835.07 4469.56 4183.5 4971.02 4404.74 4247.94  
3048.2 2409.3 2599.94 2502.96 3084.46 2963.16 2302.53 3048.31 2908.18  
2228.11 2184.87 3337.86 2378.95 2159.77 2263.08 2211.18 2193.39 1996.26  
4780.45 6208.18 6056.1 6051.58 4680.58 4999.35 6285.75 4972.11 4885.28  
5934.81 6191.05 4876.95 6754.1 6002.07 5783.12 6199.59 6190.43 6218.01  
6110.89 5834.38 6813.82 6233.46 6623.77 6384.39 3990.35 6400.98 6993.07  
6961.72 8138.61 7986.03 7661.42 6948.49 7072.25 7471.09 7152.21 7350  
4343.86 5435.1 4437.83 5363.84 3893.79 4092.36 7127.27 4395.15 3879.82  
6185.38 8555.31 7830.1 7465.2 6712.52 7265.3 6310.97 6457.07 6807.36  
5130.16 5718.44 4410.41 5373.48 5191.17 4964.59 5458.06 5119.13 4912.47  
2769.49 3603.92 2491.51 2829.43 2802.43 2594.35 2790.57 2763.94 2558.72  
2571.42 3325.79 4209.3 2686.29 2652.83 2938.24 2680.53 2566.27 2679.76  
6787.42 6560.51 6650.75 7157.55 6683.9 6485.07 7265.56 6773.82 6497.38  
6590.69 6281.25 4869.05 6924.89 6526.26 6111.8 6889.7 6577.49 6331.09  
6076.35 6245.08 7348.32 6763.02 6658.32 6696.58 4688.03 6064.18 6764.11  
8572.24 8430.43 9135.92 8854.77 8430.78 8546.68 7975.46 8555.07 8689.34  
5778.43 4876.58 6697.7 5710.67 5527.43 6666.77 7720.25 5766.85 5451.52  
9616.59 9314 11110.3 9809.24 10203.1 10819.2 8868.56 9597.33 10151.3  
7084.33 7674.19 6292.22 8125.52 6947.63 6858.58 7582.17 7126.69 6913.01  
3827.81 6095.2 4260.85 4964.73 4176.8 4501.39 4600.28 3820.14 4157.12  
3871.49 6491.44 3510.15 5586.01 4183.25 3900.58 4697.08 3863.74 3564.53  
4334.39 4476.1 2967.55 4733.89 4170.54 3481.09 3903 4325.7 3562.06  
3585.52 1867.54 2755.99 2594.66 3339.01 3132.59 2423.21 3578.34 3376.88  
4495.17 3809.25 4344.3 3252.75 4786.02 4699.22 2554.42 4486.16 5088.22  
6689.69 5579.72 6191 5300.89 6450.3 6617.3 4916.3 6676.29 6819.97  
5113.82 4318.69 6175.13 5300.55 4977.11 6217.16 5774.28 5103.58 4967.06  
6901.85 5005.42 6746.22 5960.15 6921.51 6882.57 6422.42 6888.02 7424.49  
8734.89 9331.35 7831.46 9591 8846.35 8485.25 9432.62 8944.81 7944.9  
6766.45 7601.06 8145.27 6498.8 6732.63 8088.16 6559.83 6752.9 8178.82  
12077.1 13826.8 12302.3 11506.9 12125.2 11827.4 10348.2 12052.9 11837  
10017.2 11308.1 9203.2 12084.6 10045.4 8676.32 12550.5 9997.09 8445.8  
1570.35 1713.04 1363.5 4080.8 1448.83 1303.76 5509.06 1567.21 1328.39  
2874.73 2111.48 3195.95 2016.78 3207.21 3234.93 1576.42 2868.98 3303.16  
4481.58 3461.97 4621.83 3604.95 4375 4511.6 3626.16 4472.6 4687.98  
3870.05 3623.94 3506.91 3904.25 3449.26 3550.36 4226.41 3862.3 3549.93  
2863.79 2123.1 2898.77 2406.33 2954.04 2971.91 2513.99 2858.05 3074.39  
439.157 692.811 802.182 496.979 444.38 608.123 409.725 459.098 612.053  
1014.11 1506.44 1389.98 938.548 1026.17 1365.31 956.276 1046.08 1368.09  
2263.11 2513.77 2554.78 2071.71 2258.34 2768.92 2036.57 2164.53 2043.54  
6055.48 6337.15 7146.67 4529.24 6013.88 7046.79 3964.34 6170.47 6637.73  
8366.05 7465.69 7589.04 6680.46 8697.21 8251.07 6826.7 7992.74 8416.44  
8509.87 6755.64 7122.13 7958.83 8431.41 7492.65 8184.61 8108.98 7687.18  
6141.9 6269.32 6216.59 6844.44 5818.79 5782.85 7385.76 6235.9 5916.29  
3647.69 5070.54 5350.34 4318.3 3994.16 4429.22 4293.84 3654.99 3977.19  
6824.4 8916.32 7800.86 7753.46 7078.68 6855.1 6932.62 7052.34 7304.71  
1816.93 3111.47 2753.75 2458.12 1838.54 2064.43 2511.11 1899.64 2084.54  
2290.07 3568.94 2138.44 3342.9 2317.31 2155.04 3296.99 2285.48 2125.45  
2766.13 3883.24 3401.44 3069.11 2807.32 3469.26 2975.9 2760.59 2848.67  
4641.81 4295.56 5070.91 4341.39 4636.71 4862.39 4348.43 4632.51 4780.01  
5645.23 4695.66 4967.32 4729.58 5848.16 5219.25 4676.87 5633.93 5754.04  
6518.34 4316.02 5863.61 5196.45 6649.67 6638.31 4611.5 6505.28 6467.97  
6390.11 4744.29 5817.68 5502.45 6307.55 6332.6 5792.39 6377.31 6332.42  
5473.1 7384.96 7209.01 5380.18 6400.83 7201.99 4896.5 5462.14 6312.92  
10240.7 10942.5 9822.53 10149.1 9927.7 9621.57 9480.95 10220.2 10067.5  
4009.13 5685.94 5190.15 5241.25 4570.02 4752.39 5434.35 4183.98 4428.53  
5075.2 6710.29 4985.15 6369.83 5550.03 4928.25 6320.1 5065.03 4394.72  
4510.03 5211.22 4805.13 4486.92 4412.93 4588.78 4613.67 4501 4641.4  
5326.5 6376.94 6463.03 5983.63 5790.89 6234.22 5968.67 5315.83 5528.25  
5168.3 8008.89 6282.94 7441.5 6499.25 6316.11 7103.52 5157.94 4878.95  
3016.88 6023.39 4002.42 5640.75 4442.85 4289.33 5698.5 3010.84 3047.74  
4251.41 4292.5 4608.56 4522.9 4720.14 4898.5 4696.64 4242.89 4487.03  
6604.21 5883.1 8021.81 4860.13 8093.19 8796.82 4629.02 6590.98 8085.34  
11128.4 8993.34 9815.78 9320.44 10152.7 9794.48 9728.15 11106.1 10766.1  
5487.16 4046.19 5200.17 4066.98 5325.77 5529.18 4402.62 5690.73 5767.52  
7351.65 6321.06 9522.79 5086.65 7190.4 7725.03 5243.36 7336.93 7913.76  
9521.15 13080.9 12276.2 10458.9 10258.3 11072 10486.7 9502.08 10090  
10814.6 17640.8 10514.9 15562.8 11833.1 11457.5 14542.7 10793 10311.8  
8564.46 11593.8 7932.21 11250.8 8649.52 8118.96 9842.17 8547.3 8288.39  
6533.01 6138.93 5755.53 6257.21 6333.6 5713 6589.17 6519.93 6277.9  
4432.61 3836.42 3858.19 4459.56 4107.84 3809.78 5169.33 4423.73 4123.18  
4400.77 3422.04 5221.65 3379.76 4819.8 5189.2 3416 4391.95 4946.05  
7170.53 4591.95 6167.01 5739.65 6442.56 6293.84 5975.05 7156.16 6911.96  
