0 0 22 24
0 12 22 24
0 24 22 24
0 36 22 24
0 48 22 24
0 60 22 24
0 72 22 24
0 84 22 24
11 0 22 24
11 12 22 24
11 24 22 24
11 36 22 24
11 48 22 24
11 60 22 24
11 72 22 24
11 84 22 24
22 0 22 24
22 12 22 24
22 24 22 24
22 36 22 24
22 48 22 24
22 60 22 24
22 72 22 24
22 84 22 24
33 0 22 24
33 12 22 24
33 24 22 24
33 36 22 24
33 48 22 24
33 60 22 24
33 72 22 24
33 84 22 24
44 0 22 24
44 12 22 24
44 24 22 24
44 36 22 24
44 48 22 24
44 60 22 24
44 72 22 24
44 84 22 24
55 0 22 24
55 12 22 24
55 24 22 24
55 36 22 24
55 48 22 24
55 60 22 24
55 72 22 24
55 84 22 24
66 0 22 24
66 12 22 24
66 24 22 24
66 36 22 24
66 48 22 24
66 60 22 24
66 72 22 24
66 84 22 24
77 0 22 24
77 12 22 24
77 24 22 24
77 36 22 24
77 48 22 24
77 60 22 24
77 72 22 24
77 84 22 24
88 0 22 24
88 12 22 24
88 24 22 24
88 36 22 24
88 48 22 24
88 60 22 24
88 72 22 24
88 84 22 24
0 0 22 24
0 12 22 24
0 24 22 24
0 36 22 24
0 48 22 24
0 60 22 24
0 72 22 24
0 84 22 24
11 0 22 24
11 12 22 24
11 24 22 24
11 36 22 24
11 48 22 24
11 60 22 24
11 72 22 24
11 84 22 24
22 0 22 24
22 12 22 24
22 24 22 24
22 36 22 24
22 48 22 24
22 60 22 24
22 72 22 24
22 84 22 24
33 0 22 24
33 12 22 24
33 24 22 24
33 36 22 24
33 48 22 24
33 60 22 24
33 72 22 24
33 84 22 24
44 0 22 24
44 12 22 24
44 24 22 24
44 36 22 24
44 48 22 24
44 60 22 24
44 72 22 24
44 84 22 24
55 0 22 24
55 12 22 24
55 24 22 24
55 36 22 24
55 48 22 24
55 60 22 24
55 72 22 24
55 84 22 24
66 0 22 24
66 12 22 24
66 24 22 24
66 36 22 24
66 48 22 24
66 60 22 24
66 72 22 24
66 84 22 24
77 0 22 24
77 12 22 24
77 24 22 24
77 36 22 24
77 48 22 24
77 60 22 24
77 72 22 24
77 84 22 24
88 0 22 24
88 12 22 24
88 24 22 24
88 36 22 24
88 48 22 24
88 60 22 24
88 72 22 24
88 84 22 24
0 0 22 24
0 12 22 24
0 24 22 24
0 36 22 24
0 48 22 24
0 60 22 24
0 72 22 24
0 84 22 24
11 0 22 24
11 12 22 24
11 24 22 24
11 36 22 24
11 48 22 24
11 60 22 24
11 72 22 24
11 84 22 24
22 0 22 24
22 12 22 24
22 24 22 24
22 36 22 24
22 48 22 24
22 60 22 24
22 72 22 24
22 84 22 24
33 0 22 24
33 12 22 24
33 24 22 24
33 36 22 24
33 48 22 24
33 60 22 24
33 72 22 24
33 84 22 24
44 0 22 24
44 12 22 24
44 24 22 24
44 36 22 24
44 48 22 24
44 60 22 24
44 72 22 24
44 84 22 24
55 0 22 24
55 12 22 24
55 24 22 24
55 36 22 24
55 48 22 24
55 60 22 24
55 72 22 24
55 84 22 24
66 0 22 24
66 12 22 24
66 24 22 24
66 36 22 24
66 48 22 24
66 60 22 24
66 72 22 24
66 84 22 24
77 0 22 24
77 12 22 24
77 24 22 24
77 36 22 24
77 48 22 24
77 60 22 24
77 72 22 24
77 84 22 24
88 0 22 24
88 12 22 24
88 24 22 24
88 36 22 24
88 48 22 24
88 60 22 24
88 72 22 24
88 84 22 24
0 0 22 24
0 12 22 24
0 24 22 24
0 36 22 24
0 48 22 24
0 60 22 24
0 72 22 24
0 84 22 24
11 0 22 24
11 12 22 24
11 24 22 24
11 36 22 24
11 48 22 24
11 60 22 24
11 72 22 24
11 84 22 24
22 0 22 24
22 12 22 24
22 24 22 24
22 36 22 24
22 48 22 24
22 60 22 24
22 72 22 24
22 84 22 24
33 0 22 24
33 12 22 24
33 24 22 24
33 36 22 24
33 48 22 24
33 60 22 24
33 72 22 24
33 84 22 24
44 0 22 24
44 12 22 24
44 24 22 24
44 36 22 24
44 48 22 24
44 60 22 24
44 72 22 24
44 84 22 24
55 0 22 24
55 12 22 24
55 24 22 24
55 36 22 24
55 48 22 24
55 60 22 24
55 72 22 24
55 84 22 24
66 0 22 24
66 12 22 24
66 24 22 24
66 36 22 24
66 48 22 24
66 60 22 24
66 72 22 24
66 84 22 24
77 0 22 24
77 12 22 24
77 24 22 24
77 36 22 24
77 48 22 24
77 60 22 24
77 72 22 24
77 84 22 24
88 0 22 24
88 12 22 24
88 24 22 24
88 36 22 24
88 48 22 24
88 60 22 24
88 72 22 24
88 84 22 24
0 0 22 24
0 12 22 24
0 24 22 24
0 36 22 24
0 48 22 24
0 60 22 24
0 72 22 24
0 84 22 24
11 0 22 24
11 12 22 24
11 24 22 24
11 36 22 24
11 48 22 24
11 60 22 24
11 72 22 24
11 84 22 24
22 0 22 24
22 12 22 24
22 24 22 24
22 36 22 24
22 48 22 24
22 60 22 24
22 72 22 24
22 84 22 24
33 0 22 24
33 12 22 24
33 24 22 24
33 36 22 24
33 48 22 24
33 60 22 24
33 72 22 24
33 84 22 24
44 0 22 24
44 12 22 24
44 24 22 24
44 36 22 24
44 48 22 24
44 60 22 24
44 72 22 24
44 84 22 24
55 0 22 24
55 12 22 24
55 24 22 24
55 36 22 24
55 48 22 24
55 60 22 24
55 72 22 24
55 84 22 24
66 0 22 24
66 12 22 24
66 24 22 24
66 36 22 24
66 48 22 24
66 60 22 24
66 72 22 24
66 84 22 24
77 0 22 24
77 12 22 24
77 24 22 24
77 36 22 24
77 48 22 24
77 60 22 24
77 72 22 24
77 84 22 24
88 0 22 24
88 12 22 24
88 24 22 24
88 36 22 24
88 48 22 24
88 60 22 24
88 72 22 24
88 84 22 24
0 0 22 24
0 12 22 24
0 24 22 24
0 36 22 24
0 48 22 24
0 60 22 24
0 72 22 24
0 84 22 24
11 0 22 24
11 12 22 24
11 24 22 24
11 36 22 24
11 48 22 24
11 60 22 24
11 72 22 24
11 84 22 24
22 0 22 24
22 12 22 24
22 24 22 24
22 36 22 24
22 48 22 24
22 60 22 24
22 72 22 24
22 84 22 24
33 0 22 24
33 12 22 24
33 24 22 24
33 36 22 24
33 48 22 24
33 60 22 24
33 72 22 24
33 84 22 24
44 0 22 24
44 12 22 24
44 24 22 24
44 36 22 24
44 48 22 24
44 60 22 24
44 72 22 24
44 84 22 24
55 0 22 24
55 12 22 24
55 24 22 24
55 36 22 24
55 48 22 24
55 60 22 24
55 72 22 24
55 84 22 24
66 0 22 24
66 12 22 24
66 24 22 24
66 36 22 24
66 48 22 24
66 60 22 24
66 72 22 24
66 84 22 24
77 0 22 24
77 12 22 24
77 24 22 24
77 36 22 24
77 48 22 24
77 60 22 24
77 72 22 24
77 84 22 24
88 0 22 24
88 12 22 24
88 24 22 24
88 36 22 24
88 48 22 24
88 60 22 24
88 72 22 24
88 84 22 24
0 0 22 24
0 12 22 24
0 24 22 24
0 36 22 24
0 48 22 24
0 60 22 24
0 72 22 24
0 84 22 24
11 0 22 24
11 12 22 24
11 24 22 24
11 36 22 24
11 48 22 24
11 60 22 24
11 72 22 24
11 84 22 24
22 0 22 24
22 12 22 24
22 24 22 24
22 36 22 24
22 48 22 24
22 60 22 24
22 72 22 24
22 84 22 24
33 0 22 24
33 12 22 24
33 24 22 24
33 36 22 24
33 48 22 24
33 60 22 24
33 72 22 24
33 84 22 24
44 0 22 24
44 12 22 24
44 24 22 24
44 36 22 24
44 48 22 24
44 60 22 24
44 72 22 24
44 84 22 24
55 0 22 24
55 12 22 24
55 24 22 24
55 36 22 24
55 48 22 24
55 60 22 24
55 72 22 24
55 84 22 24
66 0 22 24
66 12 22 24
66 24 22 24
66 36 22 24
66 48 22 24
66 60 22 24
66 72 22 24
66 84 22 24
77 0 22 24
77 12 22 24
77 24 22 24
77 36 22 24
77 48 22 24
77 60 22 24
77 72 22 24
77 84 22 24
88 0 22 24
88 12 22 24
88 24 22 24
88 36 22 24
88 48 22 24
88 60 22 24
88 72 22 24
88 84 22 24
0 0 22 24
0 12 22 24
0 24 22 24
0 36 22 24
0 48 22 24
0 60 22 24
0 72 22 24
0 84 22 24
11 0 22 24
11 12 22 24
11 24 22 24
11 36 22 24
11 48 22 24
11 60 22 24
11 72 22 24
11 84 22 24
22 0 22 24
22 12 22 24
22 24 22 24
22 36 22 24
22 48 22 24
22 60 22 24
22 72 22 24
22 84 22 24
33 0 22 24
33 12 22 24
33 24 22 24
33 36 22 24
33 48 22 24
33 60 22 24
33 72 22 24
33 84 22 24
44 0 22 24
44 12 22 24
44 24 22 24
44 36 22 24
44 48 22 24
44 60 22 24
44 72 22 24
44 84 22 24
55 0 22 24
55 12 22 24
55 24 22 24
55 36 22 24
55 48 22 24
55 60 22 24
55 72 22 24
55 84 22 24
66 0 22 24
66 12 22 24
66 24 22 24
66 36 22 24
66 48 22 24
66 60 22 24
66 72 22 24
66 84 22 24
77 0 22 24
77 12 22 24
77 24 22 24
77 36 22 24
77 48 22 24
77 60 22 24
77 72 22 24
77 84 22 24
88 0 22 24
88 12 22 24
88 24 22 24
88 36 22 24
88 48 22 24
88 60 22 24
88 72 22 24
88 84 22 24
0 0 22 24
0 12 22 24
0 24 22 24
0 36 22 24
0 48 22 24
0 60 22 24
0 72 22 24
0 84 22 24
11 0 22 24
11 12 22 24
11 24 22 24
11 36 22 24
11 48 22 24
11 60 22 24
11 72 22 24
11 84 22 24
22 0 22 24
22 12 22 24
22 24 22 24
22 36 22 24
22 48 22 24
22 60 22 24
22 72 22 24
22 84 22 24
33 0 22 24
33 12 22 24
33 24 22 24
33 36 22 24
33 48 22 24
33 60 22 24
33 72 22 24
33 84 22 24
44 0 22 24
44 12 22 24
44 24 22 24
44 36 22 24
44 48 22 24
44 60 22 24
44 72 22 24
44 84 22 24
55 0 22 24
55 12 22 24
55 24 22 24
55 36 22 24
55 48 22 24
55 60 22 24
55 72 22 24
55 84 22 24
66 0 22 24
66 12 22 24
66 24 22 24
66 36 22 24
66 48 22 24
66 60 22 24
66 72 22 24
66 84 22 24
77 0 22 24
77 12 22 24
77 24 22 24
77 36 22 24
77 48 22 24
77 60 22 24
77 72 22 24
77 84 22 24
88 0 22 24
88 12 22 24
88 24 22 24
88 36 22 24
88 48 22 24
88 60 22 24
88 72 22 24
88 84 22 24
0 0 22 24
0 12 22 24
0 24 22 24
0 36 22 24
0 48 22 24
0 60 22 24
0 72 22 24
0 84 22 24
11 0 22 24
11 12 22 24
11 24 22 24
11 36 22 24
11 48 22 24
11 60 22 24
11 72 22 24
11 84 22 24
22 0 22 24
22 12 22 24
22 24 22 24
22 36 22 24
22 48 22 24
22 60 22 24
22 72 22 24
22 84 22 24
33 0 22 24
33 12 22 24
33 24 22 24
33 36 22 24
33 48 22 24
33 60 22 24
33 72 22 24
33 84 22 24
44 0 22 24
44 12 22 24
44 24 22 24
44 36 22 24
44 48 22 24
44 60 22 24
44 72 22 24
44 84 22 24
55 0 22 24
55 12 22 24
55 24 22 24
55 36 22 24
55 48 22 24
55 60 22 24
55 72 22 24
55 84 22 24
66 0 22 24
66 12 22 24
66 24 22 24
66 36 22 24
66 48 22 24
66 60 22 24
66 72 22 24
66 84 22 24
77 0 22 24
77 12 22 24
77 24 22 24
77 36 22 24
77 48 22 24
77 60 22 24
77 72 22 24
77 84 22 24
88 0 22 24
88 12 22 24
88 24 22 24
88 36 22 24
88 48 22 24
88 60 22 24
88 72 22 24
88 84 22 24
