28978.7 2.17359e+008 
29564 2.26904e+008 
30775 2.40899e+008 
32055.8 2.75538e+008 
33199.1 3.33664e+008 
33730.6 3.63868e+008 
34694.1 3.8475e+008 
35872.5 4.15831e+008 
36667.3 4.62768e+008 
31859.5 2.27224e+008 
32384.5 2.31661e+008 
33529.6 2.28904e+008 
35161.3 2.67854e+008 
36518.3 3.01092e+008 
37080.3 3.27129e+008 
37703.9 3.45433e+008 
38643.8 3.82695e+008 
39947.1 4.17894e+008 
34517 1.97073e+008 
35377.3 2.03936e+008 
36576.3 2.02829e+008 
38220.9 2.53316e+008 
39921.2 2.78615e+008 
40865.2 2.80861e+008 
41106 2.79178e+008 
41533.3 3.30761e+008 
42992.8 3.71075e+008 
35679 1.66384e+008 
36964.6 1.68575e+008 
38529.8 1.61914e+008 
40097.8 2.19054e+008 
41637.2 2.42104e+008 
42506.2 2.39327e+008 
43118.7 2.44168e+008 
43688.4 2.96807e+008 
44630.6 3.38172e+008 
77.296 669.286 
80.0589 636.696 
83.1356 570.852 
85.786 507.216 
87.6844 441.535 
89.8961 353.52 
92.0514 266.119 
93.2124 204.535 
94.1315 155.331 
76.8932 619.376 
79.564 585.562 
82.517 514.725 
84.9837 455.476 
86.781 385.593 
88.9674 299.705 
91.0302 216.63 
92.0126 171.47 
92.4825 143.143 
77.5888 557.712 
80.2108 517.218 
82.7419 456.562 
84.7829 402.396 
86.4994 325.457 
88.3095 246.697 
89.9463 180.378 
90.7757 154.638 
91.1249 130.666 
78.7802 526.572 
81.2406 475.379 
83.6729 408.293 
85.7018 354.618 
87.3375 283.521 
88.6608 221.042 
89.5679 171.267 
89.93 154.953 
90.3019 125.967 
166.026 87.8104 
167.127 87.4856 
168.538 90.3021 
169.907 93.2715 
171.052 88.2542 
171.376 71.5038 
171.635 61.0152 
172.092 59.5674 
172.333 58.8137 
166.288 90.9786 
167.399 90.6939 
168.732 86.9708 
169.787 83.8488 
170.535 78.2071 
170.765 69.172 
170.863 60.7315 
171.069 58.082 
171.349 57.7021 
166.395 84.8666 
167.514 84.4985 
168.824 80.9549 
169.601 76.7041 
170.024 73.986 
170.256 70.6367 
170.256 68.4229 
170.162 65.2022 
170.263 60.8351 
166.403 72.4169 
167.492 70.5852 
168.711 70.529 
169.265 66.7085 
169.493 67.08 
169.622 67.5648 
169.678 70.802 
169.709 69.2782 
169.835 63.2664 
185.789 80.4475 
186.602 74.9467 
187.364 65.462 
187.894 60.2872 
188.012 68.3729 
188.15 74.3006 
188.616 74.1365 
188.974 73.461 
188.986 78.3485 
184.541 79.0722 
185.216 75.8077 
185.899 69.8905 
186.391 66.3382 
186.537 70.7798 
186.683 75.0642 
187.007 77.3473 
187.224 80.0872 
187.178 85.2982 
183.227 76.4376 
183.727 74.6359 
184.313 71.5724 
184.782 69.3623 
184.85 74.5882 
185.078 77.9433 
185.43 81.3983 
185.485 83.2481 
185.411 86.9094 
182.434 71.8464 
182.999 72.522 
183.481 70.7329 
183.643 71.3593 
183.54 80.9913 
183.835 81.3253 
184.313 82.3244 
184.473 83.8537 
184.62 82.3339 
4236.63 2.1125e+007 
4429.6 2.38203e+007 
4564.94 2.67354e+007 
4693.5 2.83209e+007 
4829.34 2.87921e+007 
4803.28 2.80002e+007 
4801.31 3.029e+007 
4910.15 3.33237e+007 
4958.01 3.65107e+007 
5221.78 2.57254e+007 
5412.7 2.69569e+007 
5546.98 2.73164e+007 
5689.57 2.84441e+007 
6021.81 3.02575e+007 
6076.27 3.1532e+007 
5850.98 3.09396e+007 
5845.42 3.12063e+007 
5916.21 3.34075e+007 
5993.91 2.42662e+007 
6250.32 2.81187e+007 
6399.44 2.77141e+007 
6582.22 2.774e+007 
6917.62 3.07097e+007 
7052.31 3.29307e+007 
6805.95 2.86218e+007 
6757.1 2.90033e+007 
6745.33 3.36199e+007 
5924.27 1.99224e+007 
6199.81 2.37979e+007 
6398.06 2.5267e+007 
6726.83 2.80162e+007 
6885.36 2.62118e+007 
6948.99 2.8393e+007 
7120.7 3.03193e+007 
7271.96 3.01936e+007 
7094.44 3.00118e+007 
3531.86 6.89838e+006 
3519.29 7.03047e+006 
3472.33 6.98629e+006 
3497.27 7.15007e+006 
3620.08 8.25703e+006 
3708.78 9.27855e+006 
3759.76 1.01746e+007 
3781.82 1.07749e+007 
3815.3 1.2309e+007 
4131.54 7.87821e+006 
4175.66 7.84994e+006 
4199.57 7.55765e+006 
4300.06 8.17942e+006 
4441.32 8.87278e+006 
4441.17 8.50368e+006 
4470.17 9.65751e+006 
4554.12 1.04512e+007 
4651.38 1.19678e+007 
4678.48 7.90132e+006 
4799.86 8.16083e+006 
4867.61 8.46859e+006 
5017.26 8.73444e+006 
5208.94 8.78148e+006 
5173.2 8.59826e+006 
5187.25 9.16488e+006 
5287.8 1.00435e+007 
5418.5 1.16651e+007 
4971.89 7.63928e+006 
5182.34 8.05027e+006 
5211.61 8.15463e+006 
5382.49 8.51981e+006 
5565.95 9.04896e+006 
5531.73 8.95451e+006 
5699.95 9.71995e+006 
5937.53 1.11768e+007 
5987.57 1.22516e+007 
5148.94 1.0597e+007 
5230.31 1.11781e+007 
5404.84 1.1744e+007 
5562.52 1.26228e+007 
5817.68 1.43723e+007 
5962.58 1.60533e+007 
5903.89 1.58956e+007 
5745.03 1.67374e+007 
5625.88 1.68424e+007 
5371.46 1.10561e+007 
5542.4 1.17232e+007 
5748.2 1.22868e+007 
5929.07 1.42233e+007 
6021.24 1.31088e+007 
6086.49 1.35078e+007 
6178.24 1.40332e+007 
6077.46 1.38794e+007 
5984.38 1.3854e+007 
5699.3 1.12814e+007 
5886.86 1.18137e+007 
6121.56 1.23253e+007 
6304.28 1.32928e+007 
6458.55 1.20655e+007 
6552.43 1.28419e+007 
6599.32 1.32807e+007 
6517.24 1.35397e+007 
6551.79 1.29611e+007 
6075.14 1.09108e+007 
6256.37 1.19647e+007 
6475.59 1.22678e+007 
6685.34 1.30535e+007 
6922.84 1.28528e+007 
7026.41 1.32732e+007 
7032.05 1.18663e+007 
7020.86 1.25662e+007 
7121.35 1.29645e+007 
7859.87 4.25963e+007 
8108.14 4.4629e+007 
8824.38 5.5537e+007 
9651.57 7.1235e+007 
10186.5 8.54178e+007 
10153.9 8.0028e+007 
10387 9.02616e+007 
10594 1.03675e+008 
10674.9 1.04313e+008 
7617.3 3.66782e+007 
7760.42 3.67347e+007 
8318.24 4.51686e+007 
9074.55 6.11595e+007 
9549.09 6.9471e+007 
9809.3 7.9037e+007 
10398.4 9.02718e+007 
10624.2 1.09022e+008 
10848.5 1.12217e+008 
7577.45 3.1809e+007 
7671.67 3.20119e+007 
8158.05 3.83152e+007 
8776.56 5.66856e+007 
9319.12 6.78061e+007 
9861.11 8.48259e+007 
10439.1 9.35508e+007 
10629.5 1.10963e+008 
11097.5 1.16464e+008 
7722.55 2.57247e+007 
7921.64 2.8973e+007 
8537.41 4.0254e+007 
9059.86 6.62817e+007 
9608.65 7.49939e+007 
10140.4 8.54767e+007 
10471.9 9.4037e+007 
10585 1.0139e+008 
11180.4 1.06873e+008 
4391.48 8.36388e+006 
4312.78 7.80749e+006 
4450.57 9.07552e+006 
4563.48 9.79212e+006 
4590.2 1.01042e+007 
4776.56 1.15619e+007 
5207 1.65235e+007 
5784.82 2.38556e+007 
6238.05 2.90836e+007 
5028.48 1.36771e+007 
4883.03 1.14316e+007 
4956.15 1.05501e+007 
5235.26 1.24457e+007 
5331.99 1.23233e+007 
5408.86 1.27121e+007 
5569.75 1.3107e+007 
6027.64 1.84668e+007 
6653.41 2.54692e+007 
5513.05 1.57355e+007 
5558.96 1.64889e+007 
5650.36 1.37657e+007 
5894.14 1.46258e+007 
6035 1.5146e+007 
6118.3 1.44377e+007 
6100.07 1.37636e+007 
6272.48 1.47593e+007 
6894.24 2.15448e+007 
5782.83 1.43643e+007 
6012.39 1.71343e+007 
6283.54 1.79791e+007 
6358.81 1.6058e+007 
6497.09 1.6253e+007 
6586.78 1.55211e+007 
6488.45 1.47631e+007 
6440.21 1.3629e+007 
6781.82 1.61591e+007 
3809.89 1.07281e+007 
3963.9 1.24508e+007 
4057.98 1.35214e+007 
4087.46 1.35994e+007 
4155.27 1.42993e+007 
4325.47 1.5187e+007 
4635.12 1.78119e+007 
5056.6 2.0799e+007 
5355.09 2.22443e+007 
4488.97 1.17482e+007 
4610.32 1.25787e+007 
4760.45 1.37281e+007 
4932.8 1.40133e+007 
5152.85 1.40469e+007 
5258.21 1.38792e+007 
5236.43 1.49455e+007 
5514.98 1.72205e+007 
5893.22 1.80231e+007 
5054.78 1.12931e+007 
5209.67 1.23114e+007 
5379.31 1.21683e+007 
5646.47 1.32292e+007 
5981.99 1.39464e+007 
6107.9 1.39898e+007 
5974.31 1.37591e+007 
6069.18 1.41706e+007 
6285.45 1.62528e+007 
5202.37 1.06076e+007 
5392.1 1.1563e+007 
5623.62 1.17731e+007 
5884.51 1.26854e+007 
6157.37 1.24156e+007 
6271.87 1.25375e+007 
6305.63 1.33252e+007 
6432.85 1.40133e+007 
6465.08 1.58601e+007 
