39037.4 626391 
37095.8 7.56834e+006 
54817.3 6.032e+006 
70666.9 7.8701e+006 
61483.6 2.45526e+007 
44105.7 780101 
48430.6 8.70848e+006 
46100.4 1.94596e+006 
41237.8 2.02373e+006 
42633.6 2.01333e+006 
34064.3 1.90565e+006 
34169.4 1.95432e+007 
41607.6 3.06859e+007 
35426.8 3.31763e+007 
36318.9 2.56415e+007 
54617.7 5.1737e+006 
49922.9 2.64845e+006 
44123.7 2.78443e+006 
46418.8 7.79488e+006 
34730.4 1.63005e+006 
30993.8 5.88953e+006 
34582.9 3.52673e+006 
32556.3 1.12086e+007 
38842.7 4.04796e+007 
54423.7 5.02257e+006 
50911.2 3.12366e+006 
46945.6 2.57907e+006 
45658.7 3.4902e+006 
38692.8 1.35974e+006 
49451.3 7.93743e+006 
53103.3 1.93743e+007 
38141.4 1.01428e+007 
34215.6 6.70904e+006 
46668.1 1.4229e+007 
48832.9 4.20859e+006 
37333.5 2.30431e+006 
93.2656 1.6401 
91.1654 6.91419 
82.3379 12.5512 
83.3116 7.00777 
85.1597 4.64533 
88.485 8.23168 
90.4463 7.43058 
77.891 3.05831 
74.7801 5.872 
88.2534 4.85008 
80.6656 6.45811 
72.0455 0.563147 
75.5715 2.11181 
74.6837 4.39056 
74.6659 6.63672 
81.8495 2.18331 
76.4592 5.35369 
71.8983 5.75016 
79.2341 0.481927 
78.6246 0.893449 
76.1124 3.13325 
76.2457 4.93183 
75.3884 6.2395 
75.4233 8.9664 
79.6457 1.19343 
75.8766 2.51218 
75.5181 6.47259 
83.7955 4.51436 
88.1553 6.50932 
86.864 7.44259 
88.1998 5.54512 
92.8029 7.88765 
92.3142 10.3595 
84.3349 8.00772 
75.9537 0.77637 
83.4226 20.9854 
168.97 0.0944913 
169.13 0.046639 
167.095 1.2813 
160.843 4.88575 
156.333 6.04992 
156.725 3.44224 
166.336 7.85674 
184.185 2.66681 
183.878 3.95153 
169.314 0.052134 
166.652 1.27597 
158.368 7.65824 
148.163 5.28707 
144.431 1.95991 
146.918 2.93334 
161.234 12.3003 
181.3 2.92642 
182.81 3.37862 
168.975 0.427088 
163.1 2.23918 
153.805 2.30383 
147.486 2.773 
145.176 2.75687 
145.851 2.81084 
161.886 21.0688 
183.544 4.05014 
183.132 4.32295 
167.546 0.569236 
162.722 0.418131 
160.419 1.98809 
159.621 4.28543 
156.971 4.24147 
155.16 3.56816 
171.205 37.9272 
191.874 3.11942 
184.704 17.9513 
195.816 0.632978 
197.184 0.135839 
196.737 0.171767 
192.21 0.844801 
191.172 0.764186 
192.335 0.530873 
189.482 0.34861 
188.656 0.333002 
193.904 0.724965 
196.489 0.40026 
194.339 0.838389 
192.819 0.869267 
188.646 0.418989 
188.822 0.697433 
191.257 0.194024 
188.198 0.179664 
188.069 0.639671 
191.822 0.433674 
198.315 0.450337 
191.148 1.05407 
189.429 0.175807 
191.936 0.285097 
193.927 0.526534 
193.568 0.555777 
190.054 0.263151 
188.814 0.333068 
189.576 0.337673 
196.53 0.819817 
191.492 0.32984 
192.17 0.448731 
195.943 0.820542 
196.474 0.0967045 
195.05 0.217443 
192.426 0.24597 
191.222 0.0889987 
192.257 0.261958 
266.757 23054 
3742.76 899276 
14489.1 1.92751e+006 
22433.9 4.89128e+006 
20234.9 6.78482e+006 
13770.4 2.37128e+006 
9276.75 2.5226e+006 
6150.97 439036 
7866.64 277439 
1551.04 215841 
2956.41 101984 
7166.77 2.33944e+006 
7922.5 5.39579e+006 
7065.89 1.40106e+007 
6783.41 1.1019e+007 
7307.03 1.05161e+006 
6714.82 472836 
6380.74 595936 
5078.49 1.05842e+006 
4510.15 568862 
7432.93 1.7685e+006 
13071.2 4.58284e+006 
14485.7 1.41985e+007 
11020.9 2.19604e+007 
9198.53 5.84367e+006 
7324.32 362241 
9761.35 968864 
5422.93 558809 
6116.68 254267 
10671.1 410846 
17049.2 2.05043e+006 
18440.4 1.25585e+006 
15063.5 891322 
10423.6 4.40234e+006 
5673.96 1.21019e+006 
7535.35 672820 
2678.35 965878 
11325 5.06957e+006 
25380.1 4.86106e+006 
25443.5 6.68497e+006 
15094.6 8.86451e+006 
9527.35 344952 
10449.7 482093 
9300.98 263613 
5323.34 56999.9 
5054.28 726692 
8497.19 2.30528e+006 
12479.3 1.15853e+007 
10536.1 7.3848e+006 
6344.63 3.02216e+006 
6206.88 1.13856e+006 
9921.36 674097 
10513 759369 
7301.07 271633 
6939.32 672590 
5714.47 361361 
5327.42 547389 
5631.99 365912 
4028.54 410670 
4948.6 1.35051e+006 
9564.85 482029 
10179.8 1.16377e+006 
8111.82 433360 
5868.55 733844 
7192.48 327115 
7346.07 72084.8 
5355.44 273894 
3153.81 770199 
4627.87 734071 
7475.49 2.84373e+006 
6097.11 3.61958e+006 
4658.85 615810 
11800.5 1.62681e+006 
10865.5 1.89761e+006 
7026.69 1.28217e+006 
4037.4 363159 
4237.03 98783.1 
5121.92 2.29846e+006 
8075.59 2.49184e+006 
10095.3 334563 
6294.38 534465 
14615 758817 
12508.5 59168.5 
6007.54 652769 
4113.99 356213 
2894.29 28220.5 
5115.88 1.16504e+006 
9620.16 273729 
9213.57 467187 
6221.18 403666 
10667.7 2.28524e+006 
9024.92 1.36301e+006 
4353.19 284196 
2434.41 127919 
1957.81 78300.3 
4966.52 1.11346e+006 
8863.06 691357 
9958.66 794743 
7695.58 638178 
7295.27 804663 
5825.37 126304 
3622.74 336257 
1301.51 54090.7 
1034.65 71278.4 
2583.23 240826 
5930.13 207860 
9224.03 90192.6 
6781.77 108742 
19160.9 5.75957e+006 
7241.38 2.08287e+006 
3441.25 345331 
6181.32 768134 
6789.72 658587 
2604.41 106503 
6888.2 2.85409e+006 
10976 464013 
7062.18 1.53789e+006 
13759.5 2.8961e+006 
4264.63 133543 
2439.3 66359.2 
7098.63 104425 
6904.8 77242.8 
5520.08 868252 
11950.6 2.6483e+006 
12109.6 1.54468e+006 
6764.93 2.44178e+006 
11253.5 2.34318e+006 
5407.73 77861.5 
3701.46 112590 
2514.26 1.08734e+006 
2156.9 1.10503e+006 
6873.28 2.35169e+006 
13747.1 1.85615e+006 
12293.3 2.71011e+006 
6124.5 1.39167e+006 
13103.4 3.68443e+006 
6273.8 470225 
3805.01 256936 
1356.58 93421.1 
659.374 21384.8 
3349.88 1.50883e+006 
14058.4 1.10272e+006 
19913.6 5.78861e+006 
9753.51 1.53672e+006 
4385.9 241683 
2517.64 25142.4 
2190.43 90979.5 
7101.39 712636 
7906.25 300902 
5627.15 373154 
6909.72 199965 
4815.22 304970 
5154.15 444246 
5288.1 106510 
2946.24 51088.3 
2855.15 133714 
8132.65 121316 
7862.7 240487 
7206.44 621457 
9757.96 210610 
6092.2 804183 
6582.4 768011 
7175.05 258026 
4810.59 268253 
4382.12 451710 
3750.23 235106 
2543.34 676116 
5486.74 1.09745e+006 
8281.07 408127 
5810.04 895712 
5154.59 230287 
8891.02 306276 
7235.67 523932 
9907.96 2.10215e+006 
9387.36 993677 
2942.71 2.93004e+006 
2072.88 517190 
4214.56 650277 
3805.88 437662 
2367 286179 
744.963 18233.2 
1403.6 107551 
2289.72 28279.6 
5469.37 873489 
7221.13 529767 
7454.52 968230 
6830.69 104047 
4761.93 674358 
9537.12 900392 
2365.69 260520 
2891.33 192104 
3221.41 84716.6 
3803.76 149096 
4354.46 281622 
5486.22 292312 
6060.62 126771 
5279.71 561480 
10873.4 508999 
5304.79 458751 
5262.58 295600 
5796.71 413816 
7180.77 978876 
7383.91 2.29055e+006 
5546.61 2.17873e+006 
4769.03 596047 
5345.11 752725 
10097.8 655166 
5077.55 438258 
6048.8 929236 
14098.4 5.5204e+006 
18653.2 1.30096e+007 
11910.4 2.68567e+006 
6518.22 161057 
4565.96 286322 
4118.38 224780 
6237.03 975067 
