38627 38222.2 38655.5 40118.4 40336.7 38766.8 39668.3 38002.8 38562.4  
34244.8 38513.8 41254.6 33713.9 35953.1 39717.7 33974.3 35600.7 40079  
53732.3 53613.1 57903.1 51066 53349.4 55479.9 51757.2 54081.4 54405.9  
73213.9 67170.7 68527.4 70841.8 71198.9 66700.7 69578.1 73418 65759.9  
67985.8 56623.2 55600 67314.3 61687.5 55130.1 63176.2 66140.2 55278.3  
45537.2 43853.3 43828.9 45292.2 43520.2 44023.8 43927.4 44177.5 43598  
45632.9 52938.1 50165.8 46373.1 50472 51117.9 46855.8 46265.1 53942.2  
43810.1 47255.6 47632.3 46025.9 47466.3 47931.5 45742.4 45128.1 47997.9  
40404.6 41204.6 42725.4 42524 40331.7 42293.5 44399.1 40266.2 40944.2  
43044.4 42592.5 40007.7 44474.7 44270.4 42260.7 44190.4 42137.4 40942.1  
35804.5 32946.2 33495.2 34028.9 33105.8 33221.7 32821.5 36584.4 32755.9  
40175.9 28839.3 31781.3 35378.3 31768.4 29069.5 32656 40526.4 29003.8  
50063.5 35991 37814.2 43923.4 40587 34409.8 39562.2 49204.1 34783  
44094.7 29449.4 30498 37853.3 32462.7 28474.6 33243.6 43283.2 28525.9  
40932.2 31652.7 36984.4 33192.9 33803.7 35840.7 25891.7 42075.7 33138.9  
56420 53530.5 54775.7 54052.2 55033.9 54750.9 48380.5 57646 55469.6  
48980.9 49674 49859.3 52156.8 50959.6 50476.1 52839.7 48627.6 50191.8  
43352.4 44110.9 45846.5 43049.5 43830.7 46710.7 45722.7 43222.1 43922.7  
45544 46752.7 42540.8 49748.4 49108 46173.7 50148.1 43818.1 43936.9  
33811.8 34692.8 33668.6 37004.1 35533.7 34360.4 36488.2 33534 33878.7  
27219.6 33440.3 32916.9 29781.9 31660.8 34371.7 30536.8 27539.8 33923.8  
32114.2 36772.9 35569.8 34604.9 36097.7 36915.6 34299.9 31669.4 36562.8  
27805.4 34863 34323.9 35398.9 35420.7 34912.4 35389.9 26937.8 34549.3  
27884.5 42655.6 45599.5 35590 42656.3 46561.4 35954.2 29715.5 44367.9  
49889.1 55929.1 54871.1 53411 56247.9 55581.6 52884.8 51685.8 57069.7  
49806.8 51040.8 49754.6 52744.6 51724.1 50819.9 53470.4 49331.8 50438.6  
47092.3 46549.9 49115.6 45790.2 47054.6 49346 46861.8 47293 46292.5  
47168.7 44396.6 41246.8 46701.1 47066.8 44605.6 46418.6 44956.9 43966.9  
38190.2 37479 40421.5 37713.2 37487.6 38957.3 37862.7 39309.3 39476.4  
46024.7 51406.4 53046.4 46931.9 50969.9 53073.4 46729.1 46183.6 53442  
48154.3 58828.7 54498.3 54231.8 56899.4 57647.5 56542.6 46310.1 57832.2  
35731 40143.4 35779 42244.7 40204.3 38551.8 45207.3 35674.5 39201.4  
34841.9 30968.8 33722.8 32528.6 32154.9 32424.1 31792 37258.3 32735.4  
50342.8 41492.9 43019.8 48266.4 44448.9 41126.5 46277.9 52594.3 42946.4  
50993 47452.4 46658.1 50444.7 48426.9 45886.3 50047.2 51035.9 46509.1  
39577.1 36271.6 37874.1 36302.3 36575.6 37006.7 35475.7 40660.8 36591.3  
94.2673 94.0713 93.6824 90.7643 93.4642 93.4658 92.4834 94.4976 93.6602  
94.3498 88.1899 87.7883 93.6407 90.9907 88.1368 91.904 93.9829 87.2301  
87.0471 77.4817 78.8248 85.0219 81.5833 78.643 81.6465 86.8593 77.2378  
87.2046 79.9508 81.0382 84.7676 82.3209 80.4756 81.5327 86.8964 79.9737  
87.5548 82.7298 84.4335 84.3876 83.6182 83.3271 81.8695 87.822 82.7577  
90.6607 84.8558 88.5141 86.5707 87.0671 87.9918 83.4888 91.7397 86.0294  
94.1656 88.0597 86.8963 93.108 90.084 86.9905 91.2721 94.2005 88.2843  
79.292 77.7263 75.6703 80.3098 78.4317 76.2679 80.7972 78.1594 76.694  
71.9747 73.5745 76.3045 73.2994 75.4803 78.3474 72.5879 72.6831 74.3207  
91.8121 85.9173 86.7756 88.9061 87.9959 85.31 88.4705 91.3688 85.397  
83.6502 78.658 76.9251 83.3017 80.2225 77.6072 82.1468 82.5075 77.6072  
72.7183 71.0884 71.088 72.3534 71.5738 70.9455 71.9411 72.418 71.0185  
77.3239 73.8931 75.1171 75.5029 74.8068 73.8618 74.8994 77.5484 73.949  
78.0743 72.6207 73.1003 74.6866 73.098 72.3825 73.8978 77.8542 72.4343  
76.1338 72.7876 75.9901 71.4617 73.2439 75.4521 69.9016 77.4584 74.193  
84.1749 80.928 80.8585 82.9853 81.6152 80.1677 81.9863 84.696 81.5189  
79.0077 77.5447 75.4171 79.9061 77.9208 75.0379 79.6553 78.0945 76.4028  
72.333 72.1785 75.1261 71.7263 73.8246 75.9357 70.7558 72.9498 72.8661  
79.5947 78.6044 78.8346 80.2456 79.5938 78.3671 80.2831 79.0129 78.5424  
77.8467 79.3804 77.4892 79.2297 79.1634 78.8045 79.6529 77.3912 78.8045  
73.1535 77.8396 77.4527 75.8517 76.7138 78.2297 76.6493 73.099 78.0517  
72.8563 78.625 77.6627 76.0643 77.1798 78.8731 77.2207 72.7179 78.89  
72.0071 78.569 75.7107 75.2044 76.6605 77.8933 77.3729 71.8365 78.3148  
71.329 78.4243 78.2501 72.2836 76.5312 79.9596 73.6011 72.8117 79.3303  
80.025 80.7047 79.285 80.6402 80.1851 79.5626 81.7834 80.5855 81.0727  
77.9048 76.4101 75.3125 78.5127 76.9493 75.2644 78.3279 77.1282 75.7172  
73.8327 76.5635 78.9953 74.3062 77.4084 80.1417 73.2106 74.2788 77.1376  
80.7241 85.9508 86.4021 83.5866 84.2696 85.9991 84.0528 79.9639 86.316  
84.7563 91.4576 89.2217 87.3366 89.6264 91.3431 88.2295 83.5851 90.4599  
82.7241 90.0472 88.948 85.9588 87.9396 90.3435 87.089 82.0292 89.1521  
84.5188 90.4175 89.9624 87.4196 89.1233 91.0518 88.041 84.1387 90.512  
89.3186 96.0897 94.5413 92.1733 94.5036 96.013 92.8242 88.0365 95.9551  
87.5653 96.2963 94.2815 91.5459 94.3549 96.1897 92.7206 86.9349 95.637  
84.251 85.9096 81.5695 87.1986 84.7805 82.4965 90.7162 83.4721 85.0216  
75.9341 76.4208 75.1658 76.9104 76.2458 77.0866 76.4933 74.8519 75.9189  
77.4824 85.8817 87.1688 79.46 84.5049 90.1274 77.3133 77.2537 85.816  
168.553 168.916 169.184 169.457 168.876 169.083 169.086 168.626 169.089  
169.07 169.465 169.33 169.293 169.505 169.271 169.466 169.116 169.33  
168.52 166.412 165.968 168.453 167.519 165.846 168.462 168.422 166.136  
164.142 158.566 158.979 162.996 160.707 158.362 162.067 163.678 157.956  
160.022 153.25 154.32 158.289 156.003 153.794 156.633 159.868 153.175  
159.059 154.253 156.457 156.727 156.198 155.909 154.391 159.318 154.771  
166.146 165.653 170.176 163.824 166.315 169.851 160.954 166.599 166.323  
184.93 184.948 186.811 183.551 185.003 186.167 181.695 185.861 185.816  
187.138 185.556 183.346 185.984 184.418 182.148 186.96 186.487 184.962  
169.101 169.386 168.954 169.666 169.296 169.397 169.509 169.136 169.324  
168.095 166.085 165.169 167.906 166.873 165.456 167.739 167.822 165.456  
162.211 156.396 155.05 161.365 158.412 155.234 160.998 161.81 155.766  
152.147 146.247 146.097 150.48 147.647 145.551 149.496 151.303 145.692  
146.88 143.039 143.606 145.141 143.833 142.959 144.427 146.847 143.021  
148.186 145.472 147.79 145.452 146.134 147.184 144.014 148.923 146.309  
160.837 160.965 165.972 157.541 161.223 165.781 154.35 161.536 161.838  
181.917 181.991 183.901 180.108 181.97 183.773 178.594 182.922 182.989  
185.562 184.47 182.357 184.815 183.501 181.518 185.469 185.03 183.989  
169.703 168.468 167.891 169.662 168.925 168.272 169.329 169.605 168.113  
164.844 162.229 161.092 165.042 163.202 161.6 164.547 164.097 161.6  
154.205 153.902 151.757 155.789 154.115 153.215 156.295 153.578 153.414  
145.479 149.256 147.374 147.855 148.13 148.899 148.964 144.956 148.997  
142.87 147.266 145.502 145.005 145.984 146.897 146.406 142.825 147.132  
143.623 146.952 147.41 144.074 145.95 148.291 144.563 144.409 147.564  
158.538 162.956 167.194 156.749 161.999 168.274 153.846 159.331 163.844  
181.473 184.897 185.703 181.222 183.828 186.255 180.49 182.54 185.802  
184.712 184.383 181.325 184.898 182.963 180.582 186.621 184.218 183.796  
168.008 167.225 166.114 168.364 167.801 167.029 168.249 167.65 166.605  
162.476 162.858 162.347 163.652 163.017 162.695 163.726 161.984 162.667  
158.38 161.791 160.821 160.65 161.079 161.769 161.244 157.674 161.543  
156.571 161.953 160.332 159.512 160.628 161.726 160.467 155.698 161.442  
154.311 159.512 157.445 157.356 158.25 158.982 158.509 153.454 158.803  
152.345 157.241 156.604 154.667 156.124 157.605 155.399 151.91 156.936  
165.817 173.306 178.662 165.216 172.324 179.695 160.794 165.965 173.741  
189.352 193.248 194.265 189.882 192.24 193.526 189.837 189.983 193.802  
187.843 184.375 180.049 188.445 183.845 178.493 192.665 187.133 183.847  
195.418 196.289 197.103 194.452 195.183 196.253 195.083 196.115 196.762  
197.814 197.004 197.321 197 197.22 196.954 196.958 197.878 197.016  
197.304 196.519 196.61 197.235 196.786 196.304 197.34 197.229 196.517  
193.127 191.273 191.325 193.349 192.367 191.358 193.313 192.83 190.856  
192.356 189.884 190.736 191.95 191.487 190.736 191.202 192.365 190.026  
193.391 191.585 191.595 193.27 192.53 191.427 192.598 193.132 191.336  
189.853 188.589 188.79 189.418 189.037 188.568 189.43 189.725 188.379  
188.648 187.92 188.907 188.15 188.384 189.042 187.359 188.905 188.251  
195.388 193.871 194.435 194.567 194.313 194.353 192.698 195.512 193.82  
195.922 197.643 196.839 195.893 196.626 197.322 196.699 196.249 197.592  
195.486 193.423 193.81 195.486 194.49 193.153 195.236 195.403 193.153  
194.471 191.869 192.368 193.698 192.544 191.861 193.062 194.51 191.931  
188.749 189.057 187.934 189.389 188.742 188.828 189.529 188.18 188.83  
187.585 189.67 189.554 188.349 189.257 189.985 188.564 187.818 189.839  
191.027 191.454 190.759 191.855 191.434 190.747 192.05 190.811 191.096  
187.746 187.887 187.707 187.685 187.76 187.873 188.118 187.51 187.626  
186.944 187.578 188.24 186.858 187.513 188.345 186.85 187.212 187.894  
192.278 191.49 191.014 192.275 191.195 190.851 191.465 192.214 191.192  
199.303 198.462 197.026 198.797 198.377 197.987 199.056 199.134 197.963  
191.804 190.555 189.971 192.792 191.062 190.254 192.58 191.125 190.254  
189.803 189.369 189.476 188.832 189.087 189.44 188.668 189.939 189.433  
191.464 192.274 192.271 191.028 191.891 192.57 191.114 191.642 192.452  
192.763 194.523 194.619 193.165 193.958 194.784 193.378 192.865 194.537  
193.402 193.574 192.455 194.374 193.252 192.8 194.831 192.819 193.107  
189.166 190.16 189.513 189.83 189.817 189.833 190.308 188.888 189.938  
187.703 188.883 188.448 187.96 188.33 188.698 188.518 187.81 188.862  
189.112 189.456 188.521 189.441 188.778 188.872 189.338 189.055 189.321  
197.85 195.863 195.028 197.085 196.38 195.678 196.901 197.833 195.461  
191.294 191.253 191.029 192.34 191.336 191.211 192.078 190.873 191.025  
191.424 192.778 192.666 191.504 192.332 192.904 191.238 191.123 192.73  
194.828 196.878 196.891 194.997 196.172 197.168 194.94 194.865 196.772  
195.85 196.822 196.546 196.384 196.363 196.719 196.581 195.852 196.299  
195.219 194.868 194.388 195.526 194.758 194.527 195.755 194.731 194.541  
192.009 192.299 191.882 192.774 192.266 191.9 193.301 191.833 192.212  
190.709 191.252 191.002 191.147 191.234 190.891 191.632 190.66 191.074  
191.749 192.384 192.808 192 192.587 192.799 191.146 191.672 192.311  
182.424 208.382 660.493 183.866 180.703 306.037 168.116 213.131 296.652  
3831.31 4272.04 5032.37 2296.5 3727.8 4415.45 2378.26 4141.12 4570.89  
14502.7 14131.8 16356.1 12840.2 13884.4 15498.2 12862 15131.1 14658.4  
24856.5 18965 22190 22589.7 22038 20847.8 21118.5 25439.1 19164.1  
23765.6 16582.9 18141.4 20702.7 19408.9 17242.3 17991.9 23338.8 16506.8  
15078.5 12530 11647.6 14550.6 12346.9 11264.4 14354.7 14321.8 12229.2  
9709.45 9329.76 7732.69 10446.8 9001.53 7525.41 11753.8 9417.76 9010.17  
5378.6 6276.86 7045.29 5398.86 6334.33 7158.86 5608.46 5893.88 6695.17  
8769.89 8668.25 8761.43 7859.36 7871.7 7913.38 7857.71 8354.13 8378.01  
717.252 1696.78 2018.09 1578.2 1649.77 1731.02 1677.74 730.714 1762.12  
3406.78 2701.05 2660.35 2854.26 2683.03 2872.2 2811.17 3614.42 2831.93  
9335.39 5490.12 6585.19 7297.61 6503.95 5608.03 6060.72 9728.56 5645.07  
10924 5139.89 6623.26 8056.35 6658.23 5137.65 6330.07 10929.8 5134.51  
11342.7 2901.41 3879.55 6999.83 3953.4 2921.16 4075.43 11408 2884  
10901.2 2865.64 4058.5 6674.03 3529.76 3500.61 3569.03 10872.7 3083.31  
8410.73 6425.74 6008.36 6456.43 6316.74 6319.97 6922.47 8161.54 6592.1  
5500.92 6985.18 5906.96 5575.43 6596.34 6661.95 6198.93 5928.85 6800.04  
7763.19 6324.61 6082.65 5787.71 5706.96 6004.64 4878.38 7453.48 6208.16  
3367.95 6001.8 6056.07 5575.41 5747.98 5937.13 5829.51 3385.4 5959.93  
3619.07 4653.76 4726.66 5493.71 4757.69 4980.63 5488.44 3568.59 4910.81  
5290.76 8165.64 8664.07 6360.06 7796.94 8513.66 6866.88 5490.59 8393.85  
8976.05 14636 14354.9 12068.3 13856.6 15243.9 12002.5 9329.36 14947.5  
8245.4 17374.6 17252.8 15447.2 16605.7 18156.5 15629.7 7918.69 17422.1  
3408.37 14967.2 13362.3 11195.8 13710.9 14926.4 15254.4 3233.27 14760.4  
5207.96 11408.3 8865.86 8514.35 10322.4 9886.69 12643.6 5377.56 11014.4  
6185.08 7260.54 6813.03 6690.2 7623.84 7260.48 6662.6 6428.89 7299.62  
9703.58 10080 11080.8 9101.08 10333.4 10759.3 7204.25 9877.64 10372  
6265.34 5372.16 5653.82 4691.31 5095.06 5418.4 4958.24 6863.1 5517.64  
6564.19 5370.66 6414.23 6015.19 5652.77 5852.19 5960.59 6750.21 6038.77  
10032.2 10320.4 11082.9 9944.31 10542.3 10784.3 10444 10564.5 11027.3  
14929.6 18536.5 17911.8 15424.8 17435.8 18986.6 15623.6 16002.6 18899.1  
16658.7 19584.6 19489.5 17353.5 18619.5 20091.2 17517.7 17444.5 19721.6  
14927.2 14455.3 13909.9 15852.9 14866.8 13608.8 17209.7 15399.9 14723.5  
12234.1 8623.4 8324.24 12780 10110.5 7025.24 13197.8 12551.6 8596.07  
6905.68 3932.61 5373.07 6499.77 5685.83 4495.04 5279.51 7295.28 4454.91  
7435.89 7258.96 8547.15 7252.01 7950.08 8054.21 5437.48 8255.44 7938.47  
1954.03 3073.77 4285.5 1499.03 2084.91 3651.12 1427.59 2531.95 3892.16  
10001.7 11770.2 15217.3 8465.87 10082.8 13003.3 8979.12 11229.5 13442.9  
25350.4 25476.5 27579.1 21398.8 24739.6 26059.4 21802.8 25921.3 25773.1  
28180.2 22425.3 21997.9 26380.2 25135.5 21998.8 26257.7 27494.1 21182.9  
17655.4 12350.7 11370.9 19260.9 15027.7 11537.6 18199.4 17336.7 12286.9  
9490.93 10438.1 10229.8 9973.1 9941.18 10199.7 9770.4 9225.35 10720.4  
10108 11452 10547.7 10937.1 10763.4 10511.3 11700.8 10024.7 11426.3  
9652.75 9790.85 9284.86 9440.85 9316.94 9060.33 10209.7 9157.97 9304.75  
5067.44 5504.6 5713.04 5311.53 5506.96 5121.23 5431.01 5000.56 5551.34  
4234.69 5562.34 6713.57 4467.3 4893 5879.63 4324.81 4845.14 6037.99  
10313.8 6925.85 8944.68 8527.32 7194.97 7568.37 7342.3 10909.7 7462.27  
17559.7 9166.94 10352.6 12578.2 11211 9100.61 10470.4 17609.7 9061.52  
14479.7 7871.58 8293.53 11246 9628.86 7401.02 9722.62 14174.9 7414.29  
8979.74 4277.24 5045.09 7754.47 5482.41 4245.17 6741.51 8963.72 4311.42  
7474.18 4817.28 6635.23 5797.51 5578.77 6202.61 5079.38 7777.48 5700.59  
10647.5 8803.52 9215.47 9748.74 9439.13 8844.28 9315.61 10702.5 8955.63  
10403.6 9937.45 10646 10029.5 11069.2 10222.8 9243.69 10202.3 9644.15  
7174.94 7831.51 8271.91 7437.4 8002.92 8210.91 7483.33 7175.99 7823.27  
5730.36 7594.87 7759.68 7661.59 7781.37 7533.5 7694.91 5822.89 7549.53  
5245 5811.61 5616.69 6873.06 6204.86 5598.07 6756.82 5286.61 5519.59  
4402.84 5816.16 6712.06 4777.95 5353.03 6463.41 5116.31 4369.31 5878.4  
5017 6450.32 5807.19 6133.51 6523.51 5978.01 6448.47 4889.47 6114.48  
4128.38 3994.55 3216.51 5175.49 4705.75 3429.09 5294.53 4109.48 3977.65  
3356.5 4974.61 6245.96 4586.04 5296.48 6049.81 4403.09 3632.41 5464.03  
8108.67 9242.27 9591.89 9428.1 9664.74 9442.07 9104.16 8292.18 9481.89  
9150.76 10082 10549.6 9290.74 10518.4 10978.1 8292.73 10241.9 10328.5  
8420.92 8509.76 8910.04 8191.9 8645.17 9900.41 8526.61 8508.11 8315.82  
6737.35 5291.72 6284.85 4816.13 5189.25 5851.16 4897.03 7664.75 5994.9  
8239.72 6878.33 6768.85 7378.21 7320.98 6632.52 7341 8345.08 6852.41  
7572.85 7405.88 7475.3 7468.7 7484.11 7545.07 7868.17 7459.06 7265.65  
6119.98 5273.96 4933.35 5948.82 5607.17 4848.36 6199.12 6053.63 5133.6  
4005.57 2600.47 1894.44 4314.42 3595.18 1906.17 4368.65 4091.55 2711.46  
4527.91 4102.23 4859.51 4133.33 4322.1 4309.47 3787.04 4802.6 4329.19  
8791.12 5008.71 6508.76 7899.21 6555.61 5094.18 6659.79 9479.83 5414.57  
7841.36 3658.68 5191.37 6771.32 5615.55 3642.86 5032.38 9379.63 3999.14  
6069.74 3605.91 4508.05 4888.12 4411.16 4718.84 4396.7 6298.65 3786.93  
9680.45 13446.6 12615.2 10866.6 12221.8 13044.5 12060.8 10063.1 13499.8  
8332.97 12097.2 11859.2 10234.1 10742.4 12139.3 11136.3 8548.95 12322.2  
6016.14 6783.36 6005.92 8159.44 7082.07 6460.62 8848.8 5495.62 6604.76  
3859.64 4120.52 3120.17 4352.64 4323.59 3324.12 4852.3 3497.46 3463.97  
4171.73 4317.39 4046.25 4547.5 4212.89 3906.84 4766.8 3982.98 4140.03  
3434.77 6885.2 7008.62 3928.85 5701.96 7742.44 4081.57 3779.26 7153.03  
6481.61 9751.75 9721.07 6643.81 8914.68 10585.8 6482.79 6766.92 10166.6  
10397.3 9736.37 9475.12 10837.1 10343.5 9028.56 10685.1 10357.4 9651.23  
6232.35 5663.59 5783.59 7202.38 6082.22 5955.59 8013.44 6368.49 5703.6  
15995.9 14388 13015.2 15318 15075.6 14222.3 14809.1 15857.2 13779.5  
12313.1 12394 12709.2 12381.1 12274.5 12592.1 12135.5 12592.1 12415.5  
6058.51 5379.29 5271.76 7336.18 5848.17 5293.01 7330.9 5721.7 5291.86  
4587.72 3920.98 3430.5 4882.12 4505.18 3475.13 4791.48 4162.15 3536.06  
2915.31 2933.82 2832.81 3181.53 3108.52 2786.39 3176.43 2814.83 2831.29  
4499.92 5156.97 6184.11 3875.13 5116.44 6356.49 3039.61 5040.99 5707.25  
9568.25 9393.24 9748.05 9418.51 9555.32 9884.48 8305.82 9963.85 9782.11  
9855.43 9144.37 9323.23 10241.1 9811.44 9047.76 9922.36 9567.61 9334.03  
5813.01 6556.1 7075.53 6357.29 6951.83 7129.86 7234.16 6094.89 6656.52  
12676.7 9113.76 8601.66 12026.2 11221.1 8909.5 11475.8 12112.3 8330.84  
10779.7 7870.73 8262.18 9443.4 8489.13 7770.9 8416.36 10901.2 7661.95  
5010.2 3933.94 3575.8 4873.6 3795.57 3990.93 4347.92 5140.35 4005.05  
3086.13 2194.87 2141.19 2774.99 2415.1 2129.24 2557.38 2916.61 2172.82  
2469.36 1711.12 1746.69 1964.64 1902.68 1661.06 2041.72 2390.88 1678.08  
5570.8 3771.07 5226.87 4309.66 4648.24 4425.59 2957.34 5863.43 4187.71  
9631.09 7923.87 9014.16 8972.04 8709.44 8344.14 6864.73 10028.6 8233.85  
9190.97 10477.3 10711.4 10402.3 10562.4 11005.8 10466 9196.25 10818.5  
6826.24 7990.3 7916.39 7733.1 7835.16 8186.38 9218.6 6915.95 7781.1  
6606.35 7147.86 6587.68 7587.41 8283.97 7111.24 7485.19 4972.03 7157.03  
5544.2 5956.58 5761.86 6296.37 6131.48 5872.78 6383.54 5079.08 5821.31  
3567.77 3300.87 2885.72 4524.1 3610.91 3263.75 4823.37 3478.74 3306.32  
1580.86 1064.57 1107.77 1439.46 1188.84 1056.1 1377.05 1728.34 1096.66  
1433.62 740.816 743.45 1248.63 978.176 642.628 1131.29 1463.12 793.101  
2511.52 2480.58 2966.25 2166.47 2509.7 3003.28 1495.63 2698.02 2945.35  
6101.81 5794.52 6027.53 5462.77 5630.6 6357.15 5052.73 6521.69 6058.47  
9365.6 9597.91 9096.92 9162.11 9160.89 9148.52 9662.05 9638.9 9327.07  
7110.69 6978.5 6595.19 6488.73 6605.27 6527.44 7321.37 7164.02 6838.77  
22336.8 16227.6 16247.8 21523.9 20605.6 16637.2 20261.7 20812.7 15701.2  
8451.85 6176.3 4963.76 9273.03 7446.1 5850.34 8053.96 7945.06 5376.02  
3805.24 2709.05 2683.9 4368.11 3337.62 2935.17 3854.08 3530.51 2747.58  
4971.77 7489.94 6920.43 6293.18 6617.62 6798.94 6121.1 4902.95 7402.14  
5669.49 7809.18 7655.06 6810.45 7250.42 7562.77 7464.57 5400.71 7438.97  
2213.3 2605.48 3046.62 2219.35 2769.27 3111.03 3117.34 2376.75 2511.37  
6140.52 8288.65 8196.62 4966.54 8221.29 8705.32 3503.78 6419.76 8665.58  
10665.4 11475.3 11102.7 11566.1 11644.7 11335.7 9650.39 11168.1 11544.4  
6991.39 5722.85 6027.28 8489.44 6156.58 6847.91 9768.28 6908.21 5784.64  
15364.8 12784.3 10758.3 15260.7 14344.1 12408.5 14969.5 14187.1 11461.3  
4486.57 4349.67 3426.64 4519.64 4122.57 4067.27 4336.38 4522.2 4010.25  
2033.22 2535.74 2458.67 2417.73 2178.85 2557.58 2617.39 2122.7 2592.05  
7484.9 7440.22 7279.69 7433.97 7462.29 7033.9 6604 7248.68 7225.98  
7280.34 7212.87 7088.85 7209.83 7157.52 6951.19 7046.06 6945.7 6870.92  
4423 6289.8 6159.56 4436.21 5998.82 6601.73 4078.54 4921.54 6234.58  
11679.3 13464.1 13242.7 12093.5 13217.6 13813.5 8104.65 12199.4 14076.4  
13444.5 13342.7 12850.1 14539.5 12750 12610.5 13833.9 12827.4 13311.7  
5990.04 6461.72 6656.55 6681.52 6358.71 7312.6 10939.4 5969.73 6519.6  
12718.7 10395.2 8200.35 11825 11236.1 10188.2 11752.8 11789.7 8833.59  
5370.46 5292.4 4927.27 5301.12 5169.72 5220.09 5517.27 5447.37 5146.9  
3737.06 3668.5 3566.11 4049.74 3806.17 3629.12 4229.24 3762.63 3685.58  
4658.7 1674.28 1862.38 2830.76 2255.71 1445.45 2189.33 4325.65 1461.39  
4172.39 1230.52 1525.05 2368.07 1705.21 1158.55 1829.99 3985.09 1172.19  
6583.36 6185.28 7357.52 5026.01 6359.34 7347.93 3107.89 7354.93 6920.97  
14747.5 13420 13484.5 13332.6 13579.4 13639.3 9787.35 15407.2 14030.3  
14678 12558.3 11434.7 14198.4 12157.5 11070.8 14906.4 13757.5 11764.5  
6207.65 5376.06 5781.85 5846.07 5438.49 5469.69 8994.18 6155.41 5182.57  
12091.2 13003.9 10613.9 15324.7 14458.8 12696.7 14634.1 10054 12168  
5289.06 6498.59 6192.38 6947.27 6310.46 6497.77 7200.88 5238.44 6302.92  
3628.4 3430.38 3388.64 4281.15 3868.38 3399.92 4595 3688.92 3569.18  
1437.06 1117.79 885.883 1661.15 1295.36 967.964 1746.85 1299.69 1019.33  
745.995 673.222 419.93 898.944 604.06 614.748 855.033 750.177 602.071  
3524.45 2240.3 3411.01 2048.64 2404.49 3350.89 825.55 4199.58 2994.76  
12785.9 14482.8 14023.9 12674.9 13851.3 15056.8 12208.5 12960.3 14844.7  
17139.6 23092 20416.2 19440.8 20697.1 21428.3 21898.1 15431.3 21731  
7947.6 11191.1 10222.4 9252.77 9792.49 10516.3 10807.6 7193.1 10451.1  
3855.25 4396.23 3853.85 5221.56 4593.61 4239.14 5122.9 3617.21 4267.42  
2404.3 2453.73 2437.39 2510.82 2657.79 2444.52 2379.78 2375.5 2442.82  
1754.53 2124.46 2733.36 2195.14 2099.32 2240.55 2318.08 1742.74 2195.84  
6240.84 8452.81 8053.11 7105.01 7558.41 7826.33 7783.64 6247.74 8392.94  
8259.38 8762.13 7953.1 8632.89 8857.77 8346.24 8333.29 7902.13 8360.81  
6184.54 4801.85 5561.5 6052.14 5723.82 5417.98 4909.56 6031.23 4776.59  
6271.42 7095.18 7223.27 6448.65 6893.65 7108.24 6084.74 6520.67 7403.09  
4193.56 5308.4 4784.81 4660.43 4864.01 4933.52 4989.37 4334.26 5360.63  
4111.21 4807.1 4992.35 4280.22 4631.74 5640.33 4450.28 4337.88 4835.78  
5273.64 5407.07 4692.86 5553.11 5642.72 5296.37 5830.93 5105.08 5119.88  
2937.07 3311.25 2751.3 2861.52 3253.91 3029.88 3036.57 2675.21 2987.4  
2449.96 2924.43 3535.94 2612.96 2684.03 3076.53 2789.43 2486.93 2982.64  
8526.29 8425.1 8488.9 8562.52 8616.78 8200.04 8622.84 8510.32 8324.06  
8613.67 8421.54 7686.54 8408.56 8430.43 7991.35 8342.92 8242.29 8042.57  
7587.69 7422.43 8347.52 7029.82 8090.63 7845.16 5475.76 7568.62 7378.81  
9790.07 9789.65 10623.4 9945.26 10527.2 10133.8 9259.8 10196.6 10213.6  
5756.88 5782.54 5524.54 6995.26 5665.68 5468.59 8398.28 5562.6 5833.84  
5338.05 5253.18 5990.29 5955.12 5793.35 6442.46 6036.69 5431.83 5438.67  
6877.54 7816.31 6255.65 6951.93 7342.78 7832.28 7545.85 6621.85 7324.03  
4268.87 5510.34 4889.73 4499.82 5184.23 5365.66 4875.85 4133.12 5290.43  
3525.07 5083 4179.21 4163.98 4556.69 4910.2 4539.75 3399.64 5024.27  
4548.89 3586.34 3025.13 3780.29 3363.12 3365.2 3782.31 4368.13 3382.11  
3988.62 1709.84 1751.64 2855.61 2081.09 1649.54 2455.52 3804.54 1652.73  
6001.66 6002.83 6704.8 4695.15 6123.06 6738.9 3303.04 6442.55 6334.95  
8794.68 8729.92 9054.55 8228.82 8920.36 9083.05 8249.04 9189.37 9101.83  
6429.2 5480.58 5132.19 7162.21 5521.69 4757.88 8001.19 5813.67 5077.55  
4924.99 4278.52 4937.63 4984.07 4838.38 4867.9 4929.15 4913.95 4526.39  
9230.16 8921.53 7562.05 9306.84 9259.75 8896.41 9465.7 9053.96 8541.87  
6367.43 7378.99 8170.64 6336.98 6853.91 8039.95 6445.47 7266.32 8210.57  
9283.22 10345.1 10621 7205.36 9858.03 10327.6 6393.83 9554.98 10899.4  
9118.73 9288.21 8267.17 10102.5 9570.25 8340.19 10864.6 8166.05 8808.07  
2636.62 2229.81 1348.1 5553.59 2909.99 2085.68 7005.86 2264.04 2100.52  
2855.55 1288.2 2273.4 1413.33 1667.24 1964.93 928.47 3302.32 1529.06  
5496.04 3418.62 4049.3 4323.69 3941.69 3601.17 3443.56 5999.88 3678.95  
4959.84 3552.73 2911.41 4380.58 3425.07 2931.84 4224.85 4760.26 3283.67  
3239.65 1680.27 2090.56 2098.79 2129.24 1883.5 2126.88 3372.65 1841.13  
618.017 869.592 992.592 823.467 650.091 888.857 627.196 764.676 905.22  
1222.6 1744.3 1744.62 933.582 1296.22 1864.81 1046.85 1360.53 1924.25  
2303.33 2388.01 2544.75 2104.29 2206.41 2285.92 2071.46 2260.16 2426.16  
5105.02 5717.1 6245.84 4121.13 5525.72 5904.76 3444.9 5836.71 6153.83  
8464.23 6800.84 6433.25 7359.9 6929.83 6534.38 6420.28 8178.81 6544.82  
9135.17 6592.72 6334.88 8568.21 7037 6288.19 7693.79 8443.11 6207.47  
6921.83 7020.8 6744.45 6930.24 6677.48 6681.75 7329.91 7115.25 7270.52  
3522.51 4667.88 5939.6 4122.52 4962.9 6414.5 4599.46 4216.47 5441.77  
9232.28 10838.2 11447.7 9381.03 10082.5 10815 8878.44 9296.97 10690.8  
1458.13 2754.07 2809.79 2297.41 2665.18 2722.95 2578.36 1412.14 2781.33  
2347.26 3264.35 3003.07 2885.03 3576.84 3091.91 3159.56 2270.72 3048.56  
2739.08 3342.8 3577.1 3135.63 3342.38 3433.71 3387.19 2856.87 3430.63  
4060.83 3193.28 3698.32 3742.37 3715.61 3162.02 3491.18 4178.19 3148.12  
4962.93 3702.49 3965.15 4299.1 4330.42 3579.34 3861.29 4908.7 3585.7  
6046.3 5100.6 5599.48 5380.21 5489.34 5334.06 4649.41 5894.36 5034.38  
6324.24 5654.19 5937.77 6389.8 5977.87 5754.86 6472.1 6422.16 5849.79  
4019.46 4481.74 5608.46 4775.97 5066.87 6464.41 5242.5 4538.87 5268.06  
11273.2 11683.8 11769.6 10830.5 11017 11610.2 9150.73 11096.1 11276.5  
4172.74 5830.71 5667.37 5708.28 5778.68 5773.06 5849.2 4085.97 5938.96  
4528.62 5554 5246.07 5393.04 5728.06 5425.05 5433.44 4197.12 5348.99  
5253.66 6773.02 6219.64 5556.53 6352.38 6864.43 5436.66 5377.26 6936.63  
5827.45 8231.13 8379 7017.04 7683.57 8753.79 7319.92 5840.21 8484.5  
4801.23 8842.36 8831.21 7587.89 8420.25 8857.61 8138.41 4729.12 8646.59  
2963.81 6754.58 6702.04 5777.41 6518.27 7072.76 6928.46 3188.95 6699.88  
3399.2 5204.75 4860.17 4935.1 5051.64 5186.34 6235.97 3390.88 5207.38  
4172.71 5182.06 5113.62 5000.69 5340.22 5746.84 5141.51 3893.65 5149.99  
11008.9 10315.3 10488.9 9933.97 9963.98 10162.4 7989.04 10921.9 10114.6  
6238.29 4659.43 4544.53 4974.71 4779.91 4631.64 4978.37 6349.07 4587.41  
6185.64 5395.85 7113.52 4739.19 5218.02 6062.06 4531.27 6630.15 6250.42  
11940.2 16603.8 17592.8 13508.3 15606.2 17752.7 12604.7 11437.5 17374.1  
14968.1 23547.7 21392.4 19655.1 21802 23448.2 20731.4 13059.7 22875.5  
10250.5 14314.5 11883.6 12875.7 13497.3 13211.4 14328.8 9661.11 13272.6  
6495.23 6402.23 6302.75 6913.9 6384.5 6186.74 7545.62 6855.88 6213.56  
4933.89 4164.85 4085.98 5125.8 4359.13 3991.89 5715.56 5081.03 4353.71  
4780.99 3618.46 3669.13 4190.05 3842.41 4239.72 3950.32 4530.54 3713.32  
7773.52 5556.86 5910.76 6321.9 5687.4 5306.39 5385.71 8376.9 5734.94  
