0 0 18 21
0 10 18 21
0 21 18 21
0 32 18 21
0 43 18 21
0 53 18 21
0 64 18 21
0 75 18 21
0 86 18 21
8 0 18 21
8 10 18 21
8 21 18 21
8 32 18 21
8 43 18 21
8 53 18 21
8 64 18 21
8 75 18 21
8 86 18 21
17 0 18 21
17 10 18 21
17 21 18 21
17 32 18 21
17 43 18 21
17 53 18 21
17 64 18 21
17 75 18 21
17 86 18 21
26 0 18 21
26 10 18 21
26 21 18 21
26 32 18 21
26 43 18 21
26 53 18 21
26 64 18 21
26 75 18 21
26 86 18 21
0 0 18 21
0 10 18 21
0 21 18 21
0 32 18 21
0 43 18 21
0 53 18 21
0 64 18 21
0 75 18 21
0 86 18 21
8 0 18 21
8 10 18 21
8 21 18 21
8 32 18 21
8 43 18 21
8 53 18 21
8 64 18 21
8 75 18 21
8 86 18 21
17 0 18 21
17 10 18 21
17 21 18 21
17 32 18 21
17 43 18 21
17 53 18 21
17 64 18 21
17 75 18 21
17 86 18 21
26 0 18 21
26 10 18 21
26 21 18 21
26 32 18 21
26 43 18 21
26 53 18 21
26 64 18 21
26 75 18 21
26 86 18 21
0 0 18 21
0 10 18 21
0 21 18 21
0 32 18 21
0 43 18 21
0 53 18 21
0 64 18 21
0 75 18 21
0 86 18 21
8 0 18 21
8 10 18 21
8 21 18 21
8 32 18 21
8 43 18 21
8 53 18 21
8 64 18 21
8 75 18 21
8 86 18 21
17 0 18 21
17 10 18 21
17 21 18 21
17 32 18 21
17 43 18 21
17 53 18 21
17 64 18 21
17 75 18 21
17 86 18 21
26 0 18 21
26 10 18 21
26 21 18 21
26 32 18 21
26 43 18 21
26 53 18 21
26 64 18 21
26 75 18 21
26 86 18 21
0 0 18 21
0 10 18 21
0 21 18 21
0 32 18 21
0 43 18 21
0 53 18 21
0 64 18 21
0 75 18 21
0 86 18 21
8 0 18 21
8 10 18 21
8 21 18 21
8 32 18 21
8 43 18 21
8 53 18 21
8 64 18 21
8 75 18 21
8 86 18 21
17 0 18 21
17 10 18 21
17 21 18 21
17 32 18 21
17 43 18 21
17 53 18 21
17 64 18 21
17 75 18 21
17 86 18 21
26 0 18 21
26 10 18 21
26 21 18 21
26 32 18 21
26 43 18 21
26 53 18 21
26 64 18 21
26 75 18 21
26 86 18 21
0 0 18 21
0 10 18 21
0 21 18 21
0 32 18 21
0 43 18 21
0 53 18 21
0 64 18 21
0 75 18 21
0 86 18 21
8 0 18 21
8 10 18 21
8 21 18 21
8 32 18 21
8 43 18 21
8 53 18 21
8 64 18 21
8 75 18 21
8 86 18 21
17 0 18 21
17 10 18 21
17 21 18 21
17 32 18 21
17 43 18 21
17 53 18 21
17 64 18 21
17 75 18 21
17 86 18 21
26 0 18 21
26 10 18 21
26 21 18 21
26 32 18 21
26 43 18 21
26 53 18 21
26 64 18 21
26 75 18 21
26 86 18 21
0 0 18 21
0 10 18 21
0 21 18 21
0 32 18 21
0 43 18 21
0 53 18 21
0 64 18 21
0 75 18 21
0 86 18 21
8 0 18 21
8 10 18 21
8 21 18 21
8 32 18 21
8 43 18 21
8 53 18 21
8 64 18 21
8 75 18 21
8 86 18 21
17 0 18 21
17 10 18 21
17 21 18 21
17 32 18 21
17 43 18 21
17 53 18 21
17 64 18 21
17 75 18 21
17 86 18 21
26 0 18 21
26 10 18 21
26 21 18 21
26 32 18 21
26 43 18 21
26 53 18 21
26 64 18 21
26 75 18 21
26 86 18 21
0 0 18 21
0 10 18 21
0 21 18 21
0 32 18 21
0 43 18 21
0 53 18 21
0 64 18 21
0 75 18 21
0 86 18 21
8 0 18 21
8 10 18 21
8 21 18 21
8 32 18 21
8 43 18 21
8 53 18 21
8 64 18 21
8 75 18 21
8 86 18 21
17 0 18 21
17 10 18 21
17 21 18 21
17 32 18 21
17 43 18 21
17 53 18 21
17 64 18 21
17 75 18 21
17 86 18 21
26 0 18 21
26 10 18 21
26 21 18 21
26 32 18 21
26 43 18 21
26 53 18 21
26 64 18 21
26 75 18 21
26 86 18 21
0 0 18 21
0 10 18 21
0 21 18 21
0 32 18 21
0 43 18 21
0 53 18 21
0 64 18 21
0 75 18 21
0 86 18 21
8 0 18 21
8 10 18 21
8 21 18 21
8 32 18 21
8 43 18 21
8 53 18 21
8 64 18 21
8 75 18 21
8 86 18 21
17 0 18 21
17 10 18 21
17 21 18 21
17 32 18 21
17 43 18 21
17 53 18 21
17 64 18 21
17 75 18 21
17 86 18 21
26 0 18 21
26 10 18 21
26 21 18 21
26 32 18 21
26 43 18 21
26 53 18 21
26 64 18 21
26 75 18 21
26 86 18 21
0 0 18 21
0 10 18 21
0 21 18 21
0 32 18 21
0 43 18 21
0 53 18 21
0 64 18 21
0 75 18 21
0 86 18 21
8 0 18 21
8 10 18 21
8 21 18 21
8 32 18 21
8 43 18 21
8 53 18 21
8 64 18 21
8 75 18 21
8 86 18 21
17 0 18 21
17 10 18 21
17 21 18 21
17 32 18 21
17 43 18 21
17 53 18 21
17 64 18 21
17 75 18 21
17 86 18 21
26 0 18 21
26 10 18 21
26 21 18 21
26 32 18 21
26 43 18 21
26 53 18 21
26 64 18 21
26 75 18 21
26 86 18 21
0 0 18 21
0 10 18 21
0 21 18 21
0 32 18 21
0 43 18 21
0 53 18 21
0 64 18 21
0 75 18 21
0 86 18 21
8 0 18 21
8 10 18 21
8 21 18 21
8 32 18 21
8 43 18 21
8 53 18 21
8 64 18 21
8 75 18 21
8 86 18 21
17 0 18 21
17 10 18 21
17 21 18 21
17 32 18 21
17 43 18 21
17 53 18 21
17 64 18 21
17 75 18 21
17 86 18 21
26 0 18 21
26 10 18 21
26 21 18 21
26 32 18 21
26 43 18 21
26 53 18 21
26 64 18 21
26 75 18 21
26 86 18 21
